1912
107
1684
3437
348
0
3035
2915
686
376
896
2786
3397
606
3938
917
26
563
3360
828
2925
1951
3501
504
2937
975
3036
694
1396
2236
55
3002
277
1687
363
3830
1261
1355
2645
1672
3758
2918
747
400
1085
170
2778
3740
3672
3593
239
1561
557
92
1629
3842
1241
430
1703
2097
705
2810
2802
3493
1035
2534
3835
285
3029
630
366
903
697
3140
3296
3162
3554
2
564
1897
1957
1051
698
280
1014
2665
1062
3865
736
1129
2297
1150
1248
3157
2934
3066
3331
412
3378
3248
346
3931
2663
718
936
203
3640
3449
1432
3187
2784
427
3171
4037
790
1911
2126
1171
1187
2260
1896
284
3573
3461
1012
3529
1884
3107
204
818
3198
2999
712
3980
3784
1648
654
132
413
2869
830
1661
3013
350
404
3739
3556
3975
3958
3647
1481
2027
28
130
399
3180
661
156
1002
2219
3988
3580
1743
1802
1168
1251
667
1121
3721
3476
3841
545
3584
142
3824
3629
1246
1114
853
940
990
87
3080
787
3188
729
782
2648
1311
943
1354
2854
2910
227
223
3693
3563
3398
2714
582
2528
1956
2105
1197
788
811
725
2146
974
3175
672
1044
1258
3079
140
3568
1616
246
2284
3722
361
1673
307
3313
939
1866
1990
1787
3924
370
883
791
228
1118
2844
3343
39
60
819
1820
3233
845
3259
224
3302
1232
973
3834
3678
804
1818
1758
587
3356
80
3232
3965
3912
3847
3329
3561
764
3092
2819
3273
2848
2868
13
396
3770
183
76
145
3415
306
994
2889
3266
572
1253
2541
2255
1788
1050
2466
1978
2120
2452
4009
4038
871
742
167
2141
1411
1518
1562
1697
1719
385
2238
2424
1708
1233
2961
2980
619
2941
2977
2860
1350
1284
22
1704
3838
3750
614
1625
422
495
439
3659
1021
842
1770
232
3799
3064
3293
290
2789
1747
3652
3679
651
1259
800
3825
104
2107
263
702
3960
3843
3774
93
3069
2884
611
3574
2832
375
695
2640
797
3041
3949
3878
3548
3466
813
772
111
1401
1428
629
1213
355
2812
3887
3781
3566
201
1968
1654
2772
2809
3872
3813
3638
301
193
3755
2435
905
3285
300
3532
608
112
152
14
581
351
150
3413
2952
2732
2879
317
3003
635
3227
2569
459
1206
1252
1224
2483
1368
534
2094
1701
2450
2650
1934
1440
42
4013
4030
3445
890
877
691
267
1939
2438
2305
2186
2540
1585
1988
2401
2041
2769
146
3063
3190
3121
3338
3485
2987
3223
3196
100
3862
2795
175
3569
3761
3870
2675
378
3177
597
992
2796
1223
3458
3730
3160
2820
1531
779
3759
609
1806
579
948
3702
3591
298
945
2406
809
137
3222
4004
4031
3849
888
922
1930
1042
1756
673
433
3099
2700
2801
295
2668
547
236
1304
3710
669
3860
2662
1321
3919
3490
852
95
2035
1698
2403
1555
1410
3404
5
565
2000
3804
2859
460
3365
3936
3494
321
1508
1487
1310
3892
3691
279
77
2821
2702
2538
3668
241
47
541
3857
340
469
3286
16
2917
2972
3318
3134
2774
3408
3425
918
2957
1065
2596
1713
1386
1430
1854
1394
2167
1200
1043
928
1760
2375
1443
2114
2296
891
3682
3984
4003
4026
4018
3954
3920
3814
3467
867
864
859
767
2476
2221
2496
2425
2443
1846
1670
1093
2170
1088
1521
1090
2441
985
1890
2898
3375
3305
454
659
2971
3314
455
196
1392
3667
3498
105
3796
2766
971
117
3600
3767
3964
1103
3477
570
3534
1602
1870
1658
230
337
3969
249
66
2803
41
1682
3831
2979
473
1635
949
10
20
3535
354
3450
477
1000
1433
2523
1847
2231
832
3727
3893
3905
3734
3072
3932
3027
3850
2317
3564
3181
2983
3941
3700
3619
3530
802
704
316
245
240
147
1453
2453
2082
1378
1174
584
3245
656
679
429
3292
3334
3370
663
2767
341
281
84
65
3547
3503
2974
1095
1139
3258
303
115
2759
1779
976
1742
3897
3885
