1691
694
3980
184
3763
111
2857
399
1896
3271
2776
3863
3727
581
870
4004
3180
2421
799
3865
91
832
206
195
235
89
2281
2926
448
802
3990
97
594
3789
3977
3476
3477
749
639
874
3283
1974
3799
852
498
4026
1240
3932
918
4
4001
3083
3536
587
679
3987
3216
501
4035
549
351
151
218
3217
1466
263
225
314
390
112
699
509
371
1856
73
311
270
114
2722
3856
3688
174
1194
806
1031
1840
2893
1270
2998
1486
1157
3489
1890
3071
1145
775
725
2747
3424
255
1698
2486
801
3960
3970
3939
3925
3890
3868
106
3660
3589
3507
3502
3548
3691
1342
3418
491
3644
207
3128
858
2952
3447
3121
2105
4007
2481
2373
3910
3816
904
1996
1087
3413
3751
3935
2824
3354
3235
534
656
744
2483
2595
3436
3183
2884
2979
336
2535
4010
750
3665
262
2632
3978
3457
1253
2014
228
386
910
287
608
875
4025
3126
2515
2320
1627
1383
1474
3125
3161
50
177
68
3882
674
328
364
3974
3546
4008
3515
3566
3095
3245
586
987
3997
996
3995
1822
411
855
3647
3844
1748
3010
867
155
100
1865
877
4011
3427
2301
219
3942
152
790
241
2565
2017
2204
120
462
2437
309
3181
1564
3729
4013
4031
157
3991
3985
3127
418
429
2903
10
2935
1403
979
1218
393
441
564
495
192
333
307
93
181
320
32
137
196
358
3103
3487
442
189
330
340
290
75
3695
79
167
194
2878
1852
246
375
240
197
573
301
284
143
110
96
46
5
55
396
209
812
3839
1544
2962
124
2650
312
29
1633
3700
446
179
125
1784
52
294
1202
191
2933
3045
3532
3792
3720
160
3754
3622
3907
1430
3349
3601
3770
3614
3774
35
3875
746
3911
3876
3821
629
3711
3630
2975
1802
3591
919
3494
250
1762
3445
1937
1295
3959
3936
222
3848
3689
3093
3999
3619
3560
1387
2700
3453
3451
3673
3898
3523
3681
3503
3872
3788
3592
3646
883
1386
3983
1141
3544
3582
1731
1664
1043
1461
3744
1034
3031
691
1058
2036
1395
1372
2403
3946
2016
700
704
2842
4034
2106
2996
3044
3401
3323
2934
51
3893
1708
1353
2158
638
365
3192
2166
761
2891
660
3915
3760
3467
3373
3122
3481
518
11
841
1615
1133
1650
1046
3914
690
1901
2695
2917
671
377
1694
1855
4020
740
3583
2816
3652
1552
1982
27
464
4036
3408
945
717
2080
1176
407
1674
2848
816
1362
575
1400
1760
3621
61
2527
1096
1161
380
2971
1119
4009
2922
3984
512
998
2424
1055
2214
2580
3765
1924
1930
3955
1676
759
42
77
3409
3901
1969
873
1651
1950
3805
2251
892
278
317
1654
216
1084
2704
854
1244
3766
3543
3432
3504
406
3407
3134
3597
3846
2838
2182
2771
2651
935
876
2262
2709
3199
138
590
571
779
1498
661
2798
1641
673
3522
3781
3885
672
2162
1276
3197
3290
2175
2678
1581
1769
3155
1646
1797
1077
929
2859
3151
3230
1546
3808
627
220
3879
3928
3343
2227
955
2557
384
1002
4022
2837
2079
652
4018
543
2260
2099
383
3318
3606
2882
624
621
2439
532
349
3361
3650
900
1892
1073
129
2621
90
1065
1203
786
1711
2382
886
2195
3732
593
1701
3807
922
435
2541
2230
2760
951
1442
2265
3575
3466
3464
3671
782
3899
3555
3653
3059
2997
490
190
264
139
2751
243
337
302
439
3723
101
92
289
71
2817
3055
3074
3147
1050
281
135
49
319
356
3993
4019
3994
3222
3958
3814
3662
3446
476
102
175
227
296
3066
1657
912
401
283
2487
2799
3218
3749
2766
1224
3694
3701
2277
4016
2238
3624
3679
3806
881
3336
3747
3776
58
3173
3864
3813
3669
3920
2076
2622
2490
2426
2513
1825
767
712
822
839
771
689
1105
1640
1134
985
1000
796
788
732
850
714
293
76
19
99
86
23
306
454
198
3053
3200
2861
4012
646
3857
3657
3595
3739
3441
3538
3585
3531
3549
3490
3580
3682
3905
3894
3963
273
1394
3982
4021
4023
3988
4017
3992
4000
3716
3513
3952
3638
3439
2505
2699
3311
2834
2972
3325
2959
3382
3423
2879
2670
3314
3008
2703
2982
3309
887
885
776
872
682
631
3498
3705
3757
3675
3579
3519
3571
3923
3989
182
3425
3338
3376
147
78
260
8
2168
2034
2041
3372
3131
2930
2902
2732
4038
879
3922
3949
3812
3141
1016
1177
1889
1053
115
20
149
28
226
14
326
144
238
204
343
162
171
341
212
65
254
133
280
324
342
63
345
66
180
24
321
116
269
163
56
1
211
199
231
60
339
346
334
62
158
178
87
297
128
261
313
16
224
252
185
17
275
67
45
38
239
40
266
121
36
272
251
236
82
140
257
161
119
331
325
288
271
103
72
329
291
223
94
7
300
242
130
53
308
188
142
113
322
169
122
268
172
265
170
148
59
13
104
26
310
303
292
267
258
248
232
213
187
165
154
132
131
127
117
108
105
84
70
41
39
186
25
332
315
141
69
299
126
88
285
277
134
21
118
98
0
323
3
304
48
276
203
200
85
30
9
2
214
3458
3771
3459
3728
3632
3900
3917
3473
3767
3965
3718
3587
3500
3696
3783
3867
3713
3715
3558
3524
3752
3956
3761
3561
3945
3931
3511
3829
3564
3740
3615
3590
3508
3768
3896
3855
3706
3969
3924
3861
3833
3743
3874
3869
3803
3777
3584
3463
3937
3710
3620
3964
3478
3698
3862
3815
3735
3599
3636
3455
3835
3628
3725
3810
3758
3483
3738
3510
3906
3634
3554
3468
3972
3499
3802
3608
3840
3598
3883
3482
3472
3593
3509
3486
3506
3823
3551
3794
3535
3975
3643
3569
3849
3826
3912
3892
3819
3617
3866
3976
3534
3529
3470
3957
3837
3708
3465
3870
3967
3933
3493
3637
3921
3769
3753
3663
3629
3442
3567
3541
3782
3786
3602
3443
3881
3764
3726
3474
3832
3530
3722
3685
3659
3576
3772
3581
3697
3521
3951
3822
3880
3605
3639
3961
3947
3927
3918
3909
3908
3904
3836
3834
3818
3793
3773
3759
3717
3686
3668
3655
3648
3610
3607
3572
3565
3559
3553
3516
3623
3460
3635
3469
3533
3661
3518
3497
3707
3775
3934
3891
3731
3488
3450
3505
3642
3640
3574
3779
3930
3831
3736
3680
3670
3577
3562
3479
3804
3730
3683
3693
3437
3886
1085
3737
3527
3658
3795
3780
3512
3438
3568
3755
3604
3517
3491
3841
3913
3703
3654
3578
3948
3824
3721
3609
3926
3603
3454
3944
3940
3902
3611
3573
3528
3514
3462
3452
3741
3547
3496
3492
3943
3667
3852
3845
3692
3677
3461
3860
3790
3756
3557
3938
3830
3702
3542
3656
3556
3525
3672
3966
3884
3817
3750
3929
3501
3484
3440
3962
3851
3618
3545
3877
3674
3596
3586
3838
3684
3495
3475
3797
3626
3968
3873
3828
3800
3796
3687
3625
3550
3971
3842
3734
3651
3449
3448
857
3633
3456
862
3690
3666
3878
3612
3888
3724
868
865
3641
3563
3719
3979
3785
3871
3825
3480
3552
3631
3594
3889
3762
3627
3847
3916
3903
3778
3613
3540
3645
3850
3471
3895
3858
3954
3953
3950
3919
3801
3791
3745
3714
3588
3485
3742
3444
3787
3784
3843
3539
3973
3827
3649
3941
3520
3616
3712
3600
3526
871
3853
3811
3537
150
57
173
64
80
176
237
31
298
327
217
33
22
146
249
159
109
123
344
221
316
274
338
286
318
230
295
81
205
2740
156
208
168
15
166
347
202
335
282
245
233
95
83
229
244
54
253
193
74
4002
4027
4015
3986
4014
4005
4037
4030
3998
3981
4029
4006
4003
4033
4032
4028
3996
811
783
764
869
769
723
687
741
803
851
831
716
709
792
758
703
696
774
838
777
730
728
770
755
820
721
711
840
800
847
748
837
793
754
817
797
772
763
722
720
707
702
698
765
735
706
697
807
739
836
809
805
715
695
784
773
829
780
710
688
846
835
727
787
781
724
708
824
766
701
848
737
844
778
752
751
819
762
760
830
747
686
856
834
823
705
813
794
733
745
845
828
814
726
719
693
842
827
815
810
795
738
731
713
853
742
808
768
729
849
743
736
888
890
753
804
833
718
734
756
891
866
785
692
826
821
818
843
889
861
878
863
894
789
860
864
798
882
880
791
893
757
884
825
3678
1088
3859
1193
3733
895
859
1988
2444
2316
2321
305
2207
2401
2170
2015
2082
2562
1965
2314
2228
2160
1949
2012
2639
2357
3664
3313
2899
3190
2466
1992
2019
2584
2634
2452
2152
2186
2035
2156
1978
2092
2626
2255
2412
2049
2107
2126
2397
2558
2129
1933
2286
2120
2405
2146
2050
1995
2225
2006
2627
2656
2612
2303
2392
2648
1968
2312
2503
2440
2435
2337
1976
6
234
1368
1111
3809
3210
3229
2685
2954
3189
2677
3221
2667
2663
3139
2270
2583
2413
1927
2349
2063
2613
2383
2021
2060
2561
1925
2574
2164
2625
1942
2559
2409
2354
2418
2067
2407
2043
2098
2329
2554
2300
2257
2216
2564
2495
2275
2654
2526
2244
2212
2532
2484
2352
2213
2179
2147
2140
2478
2045
2040
1971
2220
2078
1979
2208
2540
2085
2469
2560
2361
2406
2256
2089
2009
2635
2296
2288
2025
2488
2248
2181
2202
1991
1980
2614
2051
1935
2192
2022
2476
2404
2391
2234
2136
2088
2056
1943
2290
2206
2112
1966
2655
2556
2124
2115
2659
2335
2453
2563
2353
2201
2121
2570
1921
2553
2142
2139
2118
2520
2359
2253
2545
2455
1922
2371
2366
2628
2411
2091
2528
2402
2342
2231
2130
2119
1975
2094
2375
2638
1989
1931
2370
2278
2154
2454
2037
2550
2577
2236
2197
1960
2011
1951
2578
2393
2069
2593
2485
2477
2339
2326
2271
2218
2150
2122
2055
2575
2552
2521
2467
2408
2395
2374
2308
2307
2108
2083
2030
1984
1962
1917
2173
1990
2226
2624
2615
2604
2602
2539
2507
2500
2499
2414
2387
2309
2103
2095
1929
2636
2538
2378
2027
2001
1999
2657
2004
1998
1957
2647
2297
2284
2024
1928
2145
2601
2579
2464
2449
2386
2376
2311
2299
2237
2190
2165
2093
2074
2046
2020
2605
2048
2222
2506
2163
2640
2097
2018
2652
2646
2400
2287
2497
2429
2240
2211
2086
2058
2494
1913
2346
2171
2159
1914
259
183
34
654
603
424
379
572
468
1045
469
552
357
3798
3699
3676
3570
974
2767
2983
2820
2805
2762
3300
2726
3144
3278
3273
2957
3357
3099
2702
2821
2806
3124
2841
3242
3186
3130
2697
2746
3114
3238
3414
2522
2496
2581
2566
2542
2205
2460
2123
2077
2057
2514
2141
1923
2272
2459
2116
2443
2291
2479
2525
2304
2185
2096
2630
2619
2590
2492
2482
2423
2324
2104
2065
2005
1985
2501
2189
2531
2606
2600
2591
2546
2536
2410
2381
2369
2348
2340
2331
2323
2276
2261
2258
2229
2188
2109
2090
2084
2064
2059
1997
1986
1918
2355
2519
2502
2551
2468
2416
2631
2623
2611
2607
2586
2489
2446
2433
2428
2356
2306
2295
2266
2184
2172
2033
1993
1983
1938
2432
2390
2462
2385
2480
2610
2609
2529
2210
2592
2438
2368
2239
2512
2448
2242
2618
2445
2148
2420
2417
2232
2379
2259
2235
2653
2544
2071
2264
2054
2491
2029
2176
2072
1994
2318
1964
1944
2658
2644
2637
2633
2620
2599
2585
2576
2573
2549
2534
2533
2523
2504
2474
2470
2447
2442
2430
2422
2363
2362
2350
2341
2322
2317
2313
2298
2269
2217
2200
2157
2143
2135
2073
2044
2026
2023
2000
1963
1958
1955
1953
1952
1946
1936
2110
2518
2415
2274
2198
2101
2075
1981
2292
1959
2325
2243
2394
2138
2028
1940
1916
2315
2419
2472
2293
2629
2616
2537
2347
2151
2365
2364
1973
2327
2473
2224
2215
2131
2594
2516
2475
2425
2273
2209
2155
2010
2002
2177
2458
2344
2336
2267
2221
2183
2161
2137
2111
1948
2645
2530
2511
2463
2372
2128
2127
2087
2047
2007
1987
1465
2660
2389
2061
1905
625
622
592
458
636
623
617
579
470
3157
2955
589
633
611
467
453
3068
2990
2779
3334
2672
1197
403
486
369
1249
554
2883
2735
3346
3107
3281
3148
2965
3110
2964
3088
3352
2720
3194
2889
3225
2796
3215
2795
2875
2721
2744
2668
3385
3370
3246
3244
2774
2949
3087
3058
2680
3256
3017
2831
3421
3028
2711
3255
2947
2900
2692
3289
3138
3048
2987
2773
3430
3163
3036
2705
3137
2931
3231
2981
2854
3146
3145
3328
3205
3295
2681
3142
2946
2908
3395
3393
3375
2772
2836
2690
3211
2941
2723
3158
3014
2741
3202
2967
2862
2835
2761
2916
2874
2810
3143
2717
2731
2819
3335
2995
2846
3326
3276
3005
2781
2812
2791
3241
3371
3307
3412
3356
2737
2674
3016
2712
2932
3260
2833
2868
2684
3021
2980
3160
2845
2759
2706
2978
3387
2907
3056
2689
3348
3433
2953
2940
2911
2906
2960
3394
3135
2679
3275
3009
3092
2754
3096
2943
3339
3054
3042
2969
2919
2864
3303
3237
2887
3284
2872
2763
3029
2866
2567
2367
