136
820
3656
161
4023
226
177
2861
1270
885
289
3131
818
3585
1988
205
347
3423
181
3985
3579
3843
996
2968
179
3216
393
453
159
225
2842
2106
3413
1788
2105
3854
4019
3784
4033
1499
319
356
878
174
182
198
316
3991
1762
3613
628
1094
3074
377
1119
124
64
3358
3668
3700
1546
3541
4005
4029
102
74
2798
1353
799
2972
1486
2535
3309
18
3582
2857
702
859
877
3398
3619
668
3208
2799
499
76
3563
3647
2792
46
1218
682
44
2975
1208
3183
2964
1262
93
2422
3383
3773
1890
660
1566
4002
634
4038
4015
234
3777
1558
3660
875
2814
3727
2066
4034
247
623
1755
3821
2734
153
3487
2548
873
801
380
1200
2808
532
3489
273
3626
61
501
3859
1977
279
262
103
206
3446
155
894
3955
1394
2941
1197
70
35
1581
480
287
1417
237
2632
71
1206
1133
3935
3507
2971
163
3428
1008
2527
3071
836
260
3444
3936
3268
881
785
34
1455
3254
3892
358
3861
1585
1154
3925
652
3868
3754
3950
2621
2760
3622
1105
32
657
679
3932
3053
3305
1817
2858
554
1005
3481
189
2817
895
1949
1430
911
1640
843
3334
2714
3848
1234
838
1027
3919
3883
3516
667
2514
761
1264
3190
564
228
888
876
2595
89
327
2667
6
1713
2651
3997
3990
2080
2120
3255
1043
955
789
1384
3282
2692
3689
1450
3975
3988
4012
1134
275
3632
864
3045
2670
1474
3088
1896
3380
1150
2450
2089
477
1711
385
3352
340
2401
1992
1901
704
3970
3032
3092
1046
768
3624
3745
3536
371
2691
2413
3606
3863
3949
690
689
796
3408
1731
2868
791
822
381
2732
3180
2899
3095
4036
872
1044
867
539
2820
3534
49
1775
1233
639
227
143
2186
2219
2569
3030
3654
41
3230
144
2
3769
2360
2995
1386
333
151
3923
3699
3421
1602
1441
3882
4020
593
4004
4032
1418
900
1395
2227
4026
3666
357
3992
3133
3983
1501
1038
740
3704
3370
1836
1403
354
194
249
1408
1749
672
331
2017
540
101
301
10
75
648
328
300
3333
229
222
208
3723
2980
258
84
1928
72
3783
38
1
1088
334
263
3409
3126
2634
883
998
3879
3661
130
2721
485
2686
502
2878
2256
638
5
1776
1678
2358
1999
11
50
3732
912
2541
341
629
854
1461
3109
407
209
914
2700
1510
146
1141
1937
311
1588
269
3887
245
3248
215
193
3614
1607
673
3694
749
3346
204
3374
3202
2788
3839
2270
2801
2245
1498
3673
2825
3772
3266
2217
3331
3003
2821
1147
1856
3451
2726
2917
3410
3460
2310
1096
216
861
2168
3494
416
1792
1328
3430
2903
3271
871
2248
552
813
156
3597
990
217
3853
886
2813
336
3801
534
721
3989
1031
1248
4022
3788
2942
2130
3432
3031
3484
2886
1676
1560
757
2981
3928
69
241
1562
283
866
1414
3006
880
939
642
3744
794
281
587
3685
2790
2963
572
3864
1696
335
256
233
793
3588
3159
2722
3906
2907
1033
2883
2618
759
733
2900
771
2824
865
264
255
2079
935
3746
1527
4008
1268
406
2922
742
1034
2998
3512
3290
464
2885
709
775
164
91
3292
337
611
2178
282
2656
3872
581
37
1297
207
154
2067
110
2767
42
710
879
2230
624
259
2678
114
1342
486
585
3429
860
795
1162
3439
2291
2177
654
3755
1855
2949
2456
3269
3969
3492
386
1506
1007
3688
3815
3770
550
3500
3505
3942
3940
3787
3888
3946
3554
3483
3531
2195
3832
3686
3503
3776
3828
3122
3922
3809
3904
3895
3447
3766
1073
3751
631
437
2685
3608
4028
3648
607
3780
3566
2565
3569
3543
458
3630
3478
3655
3771
3634
3867
3941
3762
3461
3930
3575
703
748
3598
928
3322
1174
3515
3464
3454
3779
2641
1203
1575
1852
1657
2671
3897
3336
133
1090
24
187
3792
3080
3317
2837
429
3042
3181
2930
435
551
3812
3679
3963
3905
3806
3490
767
2466
1865
1062
1053
856
893
4
152
712
2918
2523
219
399
3562
1627
1443
2682
858
3127
100
3354
3141
3218
3200
3105
3799
167
3719
3057
3567
1295
1905
1055
1822
1050
1266
1138
1057
857
3621
3874
3739
3343
3005
821
2483
1442
449
230
1544
909
3662
3738
476
3504
3916
218
3676
457
424
874
2113
3961
3881
3878
677
120
3829
646
4031
4027
3553
3728
2441
305
312
584
956
1889
3037
3616
3716
2795
3307
3279
3048
3138
2727
776
839
2725
2923
2889
3382
3314
3311
2167
2699
2703
2834
296
175
3999
4018
3998
4021
3819
3912
3538
3657
3917
3628
3473
3911
3761
157
3147
2774
3055
1356
632
658
643
600
627
675
635
615
661
578
640
670
650
577
582
576
681
665
662
659
599
583
647
595
3523
3695
3639
3594
3581
3898
4006
364
441
863
804
729
472
95
1552
979
1177
3947
4009
4007
4030
4025
3982
3980
2236
1368
1030
1045
1111
68
99
54
284
27
329
309
197
139
184
36
320
443
2882
3652
3825
3893
3957
3571
3759
3708
3701
3465
3675
3774
3476
4035
4024
4013
3995
306
78
195
3008
2982
3325
3283
2959
3318
2879
7
65
339
22
129
192
2490
1982
2650
2255
2426
2513
2486
2076
2444
2349
2170
2622
2207
2515
3546
3549
3894
3580
802
732
725
714
691
2902
3372
243
137
111
220
20
17
115
19
2776
3251
131
278
14
214
116
149
343
326
140
52
28
310
162
3994
4017
3986
4037
3987
4011
3984
4014
4003
3981
4001
4016
299
266
254
346
196
285
242
94
180
47
338
290
2740
119
117
330
128
172
59
150
325
231
67
31
113
239
121
342
141
345
186
39
199
232
30
132
344
223
171
165
160
125
90
79
77
294
211
16
178
298
55
92
280
170
82
123
324
106
25
200
315
297
45
169
13
265
203
98
308
21
212
9
303
257
213
105
168
188
3
0
314
277
118
224
126
88
85
56
87
60
276
272
268
261
238
185
148
104
40
134
122
332
313
304
295
236
158
142
109
66
322
291
271
250
248
29
26
252
321
80
57
23
202
73
96
318
307
251
240
63
302
246
317
62
53
176
127
323
48
274
51
108
221
183
253
173
12
235
147
83
270
210
86
81
58
292
267
201
138
293
190
288
97
145
43
135
112
33
191
8
1549
904
286
3649
3479
3636
3862
3835
3498
3556
3960
3599
3740
3445
3703
3742
3600
3707
3480
3475
3540
3456
3765
3527
3979
3750
3943
862
3470
3933
3967
3964
3791
3901
3715
3590
3907
3526
3968
3795
3741
3438
3841
3491
3731
3640
3578
3858
3514
3830
3702
3670
3902
3528
3971
3672
3627
3797
3736
3693
3684
3548
3926
3559
3790
3677
3823
3532
3972
3937
3778
3705
3631
3555
3618
3561
3468
3466
3629
3747
3482
3472
3921
3827
3710
3962
3929
3889
3603
3692
3938
3633
3449
3948
3586
3944
3635
3785
3730
3687
3450
3852
3877
3873
3831
3658
3913
3860
3845
3605
3573
3604
3737
3596
3851
3842
3674
3501
3547
3934
3804
3448
3834
3956
3469
3915
3752
3850
3722
3903
3786
3782
3493
3781
3617
3620
3542
3530
3511
3651
3609
3945
3474
3753
3712
3857
3572
3669
3641
3587
3644
3521
3756
3721
3667
3577
3495
3891
3800
3545
3497
3824
3642
3611
3518
3488
3525
3496
3900
3838
3485
3726
3443
3735
3678
3508
3623
3601
3973
3763
3764
3758
3931
3568
3558
3833
3506
3690
3499
3977
3966
3939
3886
3884
3855
3816
3813
3802
3734
3725
3709
3706
3696
3680
3671
3625
3576
3557
3551
3517
3510
3486
3471
3455
3442
3909
3591
3818
3711
3793
3593
3646
3714
3463
3458
3822
3869
3767
3564
3535
3437
3924
3896
3768
3643
3951
3794
3509
3927
3810
3539
3870
3826
3584
3718
3519
3459
3524
3899
3645
3743
3595
3866
3757
3865
3808
3574
3529
3837
3876
3840
3698
3544
3847
3589
3663
3880
3612
3713
3457
3452
3836
3615
3592
3522
3683
3978
3520
3954
3908
3803
3681
3552
3462
3697
3440
3682
3849
3583
3775
3760
3607
3602
3871
3610
3811
3441
3749
3653
3477
3550
3796
3789
3846
3844
3513
3918
3965
3958
3720
3717
3691
3637
3953
3805
3502
3533
3724
3659
3875
3798
3665
3565
3664
3560
3817
3952
3920
1421
1719
1705
1494
3914
868
1187
1136
3976
1806
3537
1085
3959
3638
3814
3807
3467
3856
3890
3733
