107
1912
1684
2607
2059
2370
2188
1888
1768
2428
2030
2543
2586
1267
1613
2354
483
2187
2043
2199
2592
1107
2464
925
0
1966
2384
1431
3437
1390
1603
2598
2308
2506
3426
1554
2125
917
747
1399
1827
2216
348
1076
2446
1528
2546
719
2326
2630
1985
1255
2052
3054
3119
1752
2406
3104
1271
2778
1245
837
2478
2133
1322
2165
2289
1126
1796
1958
2549
2307
1275
1284
548
3889
2674
1406
370
1946
1191
2328
1334
3073
3012
2103
1810
2786
912
1017
2347
2299
3947
397
3115
2575
2622
1782
2623
2075
932
1783
1211
76
1647
3950
828
2717
851
3797
1737
650
1826
2533
930
3972
3586
1852
1911
2512
2436
777
1192
1227
2516
1671
1048
1059
1770
2491
2840
357
615
3537
482
2267
3263
922
492
1536
1929
1437
3184
2873
252
2888
2333
271
614
2553
1583
1963
419
2102
959
439
2147
748
2164
1565
1978
1364
2023
2955
1181
2972
559
1841
25
3137
1939
2309
422
3145
1714
3035
2166
2071
995
3332
1787
477
728
1560
2156
2657
1471
3052
3813
1868
3097
2074
685
3969
1925
412
3299
2186
3684
1945
3116
2244
1393
1001
2144
1786
898
2381
3612
3170
1376
2228
3557
2297
3201
1893
2302
727
1108
1175
3118
2956
198
904
2803
886
1100
1799
1970
3284
1383
3302
353
2761
1824
2268
1839
1179
1620
2127
3041
1408
2730
975
2676
787
1183
3490
527
1028
815
599
2974
236
3381
3019
3563
497
2959
3231
321
1374
1721
903
718
3554
3029
3260
2950
1579
3370
2112
3927
3942
3920
2645
3565
3734
653
2421
3458
1626
1011
3761
506
204
2150
986
4032
3395
2992
717
1029
1785
3838
2637
941
2565
808
1054
576
178
3402
1897
3393
2773
1790
2694
1543
400
2226
1127
3238
1173
824
1645
1497
2768
2996
3024
2806
1615
4018
2848
510
3773
1382
2351
2461
2937
3858
2264
1046
1345
1259
3692
4007
3138
2574
1197
3045
2483
3928
627
387
3916
2910
224
85
1762
1043
834
1157
950
752
4003
1281
1842
40
3607
724
331
2254
1944
1960
626
1432
151
1083
634
3853
2210
2621
936
3876
2593
512
3785
3938
3267
2010
985
2689
343
1803
2653
3702
1600
1530
1598
1722
104
1702
2014
3754
2139
3443
1773
2934
3084
1570
1092
840
3400
3325
503
2146
3207
141
105
3348
662
2595
3390
1914
3488
1629
1060
2641
641
1449
1754
795
2465
3788
657
651
3440
3956
3778
3192
1973
325
1938
2081
806
1552
2171
285
3652
3699
1419
1922
3345
1223
3840
1587
2403
358
1556
3515
2151
3569
1311
990
1461
2957
3422
2158
1650
1836
3649
3676
2898
2610
90
934
2879
3099
327
1697
686
1659
489
1445
3429
822
3625
73
2251
636
3253
1097
1535
2096
633
1628
95
3793
3705
64
3046
3820
3971
3902
1719
172
1120
1845
2678
1363
2394
1371
3329
872
2576
2495
521
2488
1208
3847
146
778
3047
2562
2487
363
3998
1734
3206
1927
2437
2372
3417
2739
2168
415
2953
1909
953
3988
1446
92
797
490
3093
2660
957
689
1288
3936
1769
951
3747
550
281
1504
788
3983
3258
1013
3110
2680
96
1822
3114
3798
1428
3072
3452
1365
3535
3409
2357
3894
382
1703
3331
1172
1622
3696
3483
1672
2256
2198
4002
2159
427
3139
1634
1791
3639
1009
3087
1934
318
3777
187
1443
3628
2232
2219
1155
3850
3317
1861
2584
607
4024
1545
2257
3531
682
3918
1095
3442
1926
3898
1747
2407
2970
82
1417
152
1562
1916
2058
2462
2895
1246
1052
670
1292
2658
330
520
707
2738
308
4019
3994
1425
2281
713
374
956
3746
437
3997
1533
3577
452
2690
3546
1538
2272
3473
2719
3637
3826
2149
1229
1820
304
121
56
2202
2215
2652
1312
135
265
2626
2841
102
1367
2679
3913
661
3719
3355
3250
3912
1112
416
2942
3575
1657
1106
3486
3539
3859
1908
1950
176
3083
753
286
1494
137
3413
114
1081
2336
3172
1503
3241
2776
259
1308
466
3769
2361
710
2987
1193
1014
340
2424
1368
75
3212
3544
1698
839
1196
3755
1189
1486
3669
3857
306
2218
2227
418
3514
846
5
3147
3255
3341
2923
3204
746
3560
1159
3044
556
542
3217
3174
3504
4013
1654
462
867
1515
2331
3056
2348
1389
1870
3919
964
962
3194
799
1779
4029
736
2080
3723
2670
2718
2814
1992
3421
3978
147
1582
1523
245
3015
534
781
278
2971
2928
3352
3901
3445
481
2766
3016
546
3642
1323
2471
1134
2897
596
1479
683
3420
1481
3291
3506
309
2812
2887
2866
495
410
208
2958
2535
266
2157
1874
991
3190
2408
2472
1794
3801
2393
1124
2366
1358
3505
3621
2989
1021
1901
1977
960
1243
1047
1006
2914
811
1329
2296
3665
3305
2886
2701
2021
3964
2736
1864
3219
3153
4031
196
3240
28
3887
3582
3717
1185
2656
2790
2698
2107
2119
2686
944
538
2600
638
302
59
433
889
3572
3617
3706
1129
1519
1880
2181
684
3990
1692
622
3357
3893
3745
1119
570
3618
177
3629
33
3682
3782
2774
3166
217
665
390
2276
21
3529
3771
1673
3361
3407
3441
3011
3945
1427
3800
3507
3576
1951
1854
1656
189
2569
3233
3177
2975
2581
819
97
1974
1220
1031
1198
3295
820
1514
3694
826
1488
1421
1889
1561
878
270
2015
3989
3094
257
579
3262
1924
2426
1433
644
2162
328
854
413
611
2534
2908
1018
3574
1476
667
2113
1906
1089
494
294
307
476
1118
2008
424
2234
507
871
935
3398
350
1266
845
3278
2109
3816
2967
2763
1696
691
1412
582
2454
154
3208
144
3541
468
2334
2076
1694
890
3366
709
3460
99
2702
2672
2270
750
1362
3049
3124
1341
3436
1501
1201
3954
53
396
2882
847
3106
2827
2224
1168
3214
417
2927
3314
567
1513
1923
2499
3996
1892
3520
341
1918
754
456
3304
479
1258
3499
4010
231
3122
211
3545
23
1131
2116
274
942
1387
3149
543
3553
1850
1894
581
3856
2474
3634
564
3646
937
1003
1143
1293
3725
119
49
2682
1661
2105
3497
2835
3142
2344
2890
199
1920
74
3647
168
3787
575
1478
2339
2819
3733
3261
2732
6
513
355
220
3841
3604
1733
2443
3257
879
762
1630
1885
1646
963
111
1218
116
2885
3818
1955
3109
335
449
3753
3069
619
2277
3197
1058
2571
2200
3018
1336
735
3758
2714
3311
3439
1643
1876
276
22
3312
1717
3457
1474
3491
1745
3062
3306
595
305
3167
996
1709
3389
2809
3673
1710
3178
1713
919
1857
2640
3459
3833
3322
3246
968
218
2903
1133
1116
4014
2263
4008
2321
1350
1990
2521
1115
502
392
2017
741
699
2854
2762
3527
3740
3921
2417
855
625
19
1740
3550
732
702
361
825
3349
1693
1410
1455
2545
2857
1683
1510
1569
1529
2995
2498
1061
2999
1715
850
1674
2400
3397
3367
256
1122
3502
126
2019
3526
3865
3923
2522
478
2692
3269
333
2066
3627
1792
3508
3374
2401
3040
3960
2193
1039
430
404
739
2824
1171
471
605
3963
3244
3157
4035
3362
2387
1577
3498
2647
1809
2631
380
451
2184
2079
2665
1307
1972
2669
200
1991
314
3310
3860
352
2306
2212
2555
273
3670
386
472
3155
2463
2568
254
1256
3169
3152
3937
3874
226
2611
3324
3057
426
469
2194
1346
1396
411
2286
664
1511
1283
337
1069
813
774
3524
1103
2431
698
2751
3356
895
159
2605
1290
1343
3829
2045
234
3467
72
3698
143
3832
3438
3579
1956
3915
1036
2728
2057
1287
587
368
1748
2548
1200
2998
2712
207
3340
3677
3605
3510
3126
3888
344
1460
429
1441
961
2688
1280
853
1331
3567
1123
3721
1677
2036
2884
1942
441
3540
1000
3354
2341
2744
2301
2845
3313
910
3275
3512
3895
3273
3879
660
1475
3428
1044
1591
796
2916
3283
3848
721
715
720
2926
1373
205
1774
1500
3301
1776
852
3371
2539
669
3866
3626
2757
671
1532
3651
816
2740
893
1484
244
