0
3981
1262
875
3846
377
686
894
4035
3987
3996
3709
911
1581
3071
210
1119
3570
1206
215
668
447
2457
90
2788
3408
2857
2382
3875
3006
70
648
279
3732
81
904
1253
124
384
262
3143
3686
673
2422
3795
2167
3175
3700
2893
2487
880
832
790
785
757
744
179
775
145
891
892
692
4015
4012
4028
883
801
749
841
699
859
750
743
854
852
717
855
893
884
877
788
851
866
864
858
704
802
735
721
879
873
798
825
887
895
846
691
870
881
874
872
796
791
871
867
740
776
882
869
890
733
885
812
710
702
700
761
725
689
888
886
821
786
767
707
811
816
746
690
861
850
813
878
863
808
782
751
715
889
844
836
826
762
759
756
742
716
876
856
853
849
848
847
845
843
842
840
839
838
837
835
834
833
831
830
829
828
827
824
823
822
820
819
818
817
815
814
810
809
807
806
805
804
803
800
799
797
795
794
793
792
789
787
784
783
781
780
779
778
777
774
773
772
771
770
769
768
766
765
764
763
760
758
755
754
753
752
748
747
745
741
739
738
737
736
734
732
731
730
729
728
727
726
724
723
722
720
719
718
714
713
712
711
709
708
706
705
703
701
698
697
696
695
694
693
688
687
4024
4010
594
4033
4007
3984
4008
4011
3990
4025
4029
4022
3986
3989
3991
4016
4032
4034
3983
4006
3980
3982
3997
3998
4021
4023
4030
3994
4014
4038
4009
4004
4026
4031
3995
4017
4000
4019
4020
4002
4018
3988
4013
3985
3993
4027
4003
4037
3999
3992
4005
4036
4001
3230
1145
674
3451
11
2079
209
550
292
918
607
3183
602
18
3853
1560
1096
43
287
114
1834
3748
2842
585
335
2470
3453
638
2596
2569
358
1466
3856
2195
1386
3935
37
624
613
3798
3820
3974
3650
3729
74
608
2269
3031
15
12
3268
3407
42
642
282
3746
244
233
33
581
256
47
401
1224
3885
241
255
286
52
468
443
3808
205
3807
3282
154
3959
1326
2792
2704
2740
1558
2541
1854
1276
1270
316
305
3942
234
