107
834
3838
13
3980
2515
3157
3806
3874
786
301
255
3981
3932
3759
2470
2975
1588
2316
2703
2113
3105
3310
3125
3183
3624
198
3751
4034
95
76
3653
3588
121
281
3766
156
3482
3967
712
3880
3825
3230
2441
498
3128
595
1802
611
609
2746
900
2968
3164
2826
3425
2517
2227
2886
2805
2621
2714
2861
152
904
351
259
33
799
850
3857
270
3536
3952
4009
3148
2737
3343
3088
3318
34
3045
3699
256
43
3708
3988
2723
2942
2771
2804
3015
3848
3006
328
91
3746
3650
3984
126
3694
190
321
4032
63
3637
44
240
20
300
3839
3882
3676
3717
3652
93
16
28
23
151
3585
194
3530
3887
22
3859
868
127
3919
3754
3696
3834
30
3898
3770
3520
3655
3763
3587
729
3940
3895
3937
3907
891
3780
3491
3761
855
858
872
807
743
867
879
864
791
550
3807
1119
3407
668
1466
581
1224
1586
2483
386
174
2595
3074
1276
2808
2565
1776
1838
532
2380
1111
2824
2041
3376
1168
3338
2358
621
655
3217
586
435
574
1213
1679
2004
2209
2519
2318
2406
2236
2544
1360
1928
2173
2581
3221
2443
1494
1747
1642
2605
2577
2570
2314
2012
2523
2883
2979
1860
2990
2503
3245
599
2847
2252
2769
665
2175
2182
3099
663
3323
1949
1008
2752
1387
1552
1053
2899
1043
2439
2535
1969
3432
2301
2671
2263
2722
2798
3375
3053
564
1194
278
102
218
2740
192
2541
179
292
3974
725
736
3564
707
3791
3964
3581
3843
5
4013
3939
3716
3720
219
3439
166
3789
3531
3993
4021
273
275
4
147
3311
2972
3066
2776
3905
3401
4029
4024
4010
2908
2701
3080
3215
2948
3421
2918
1615
3404
1171
3392
2766
2747
3374
2349
2791
2558
3405
1908
3428
3044
2982
2893
125
19
269
3560
307
3131
220
3733
193
157
3453
90
74
205
3729
15
3935
3628
3476
3571
3995
4018
3999
3987
3204
2675
2907
2977
2783
2892
3237
3420
3289
3110
3173
3144
2697
3229
2895
117
68
263
234
305
279
216
3451
18
3819
3725
4025
4012
4006
196
309
100
51
3894
3745
183
3589
241
3853
140
3502
162
167
3897
3854
3942
327
3922
3798
84
295
260
14
135
3632
3647
3812
202
3689
289
871
3992
96
288
3477
3805
3575
3744
168
208
106
3504
3864
3781
3875
176
318
29
284
60
338
3606
3704
38
3813
3467
254
3671
3893
3678
3946
79
73
3936
3977
3686
3910
212
341
165
3941
55
75
3755
3548
331
3454
3492
3598
3724
134
3533
3888
3783
825
345
3950
3592
223
148
204
3556
3681
3532
3515
3979
3664
3524
3472
3914
692
3777
3621
846
3866
3493
3511
3817
3461
3631
3835
3728
3788
3773
3785
3852
3762
3768
875
3623
3484
3735
3503
3926
3989
749
812
717
710
801
759
775
715
885
763
716
884
844
831
750
778
693
691
783
758
856
814
724
798
12
2569
47
145
911
1096
585
358
182
2195
447
3268
674
2457
468
2269
3031
1560
1270
2691
1326
1208
443
2168
2106
1854
572
3055
1430
1546
1252
2732
3134
552
476
393
501
1353
3282
660
1760
1657
406
1890
1254
1200
1486
2487
571
1240
3322
2015
1762
3126
2505
349
2375
3227
1016
3059
1476
1510
1202
1031
1022
1711
3429
1455
593
987
2632
1759
2980
1301
1924
2651
671
909
3270
549
1731
1498
3333
1562
480
1640
923
2725
2580
390
1203
1045
365
1905
672
529
1061
631
1103
429
2066
2688
1384
622
505
1631
449
2105
477
2238
2357
1749
1934
943
986
405
1000
1527
1244
588
2852
1887
2177
442
1901
1005
3048
1234
508
603
516
440
470
1328
1566
2312
2291
965
677
362
462
403
1212
926
1294
1400
352
1847
1815
1121
2383
962
1436
1821
512
1304
570
1012
1350
1790
1001
360
1051
1201
136
1465
1577
1718
1912
1917
1918
1920
1925
1926
1929
1938
1941
1943
1945
1946
1947
1948
1953
1954
1959
1962
1966
1971
1979
1983
1984
1985
1986
1989
1993
1997
2005
2007
2020
2028
2030
2032
2033
2037
2038
2040
2042
2043
2045
2046
2047
2052
2053
2054
2059
2063
2064
2068
2069
2071
2072
2073
2074
2077
2078
2081
2083
2084
2086
2087
2088
2090
2093
2095
2098
2102
2103
2104
2108
2109
2111
2112
2115
2117
2118
2121
2122
2123
2124
2125
2127
2131
2138
2139
2140
2142
2143
2148
2149
2150
2153
2154
2165
2169
2172
2174
2183
2184
2187
2188
2189
2190
2194
2196
2199
2200
2201
2203
2206
2212
2213
2216
2218
2220
2223
2224
2229
2233
2237
2240
2241
2244
2247
2253
2257
2261
2266
2268
2271
2273
2275
2276
2278
2279
2282
2283
2289
2290
2292
2294
2299
2300
2302
2306
2307
2308
2309
2323
2324
2326
2327
2328
2329
2331
2332
2333
2334
2336
2338
2339
2340
2344
2347
2348
2352
2354
2356
2359
2363
2369
2370
2374
2376
2381
2384
2386
2394
2395
2398
2404
2408
2409
2410
2414
2418
2419
2423
2428
2430
2433
2446
2451
2458
2460
2461
2462
2463
2464
2467
2468
2469
2471
2477
2478
2482
2484
2485
2491
2492
2495
