0
746
4030
3820
1834
441
3055
871
899
358
3570
3589
447
1071
3765
4022
2421
3181
18
256
1581
552
3282
2776
234
499
883
336
95
2470
145
240
3688
282
638
293
1586
3923
2321
3935
1466
138
3536
656
2034
1253
42
1474
97
2975
2565
613
1657
3502
1224
3748
74
1937
3985
667
3990
4038
4034
4029
4027
70
918
3992
3801
1401
860
1362
1838
2195
2857
301
909
164
1784
206
269
4037
801
3676
2814
3453
2079
4001
891
2269
215
288
1498
1218
1065
498
3413
1297
585
1233
4008
3999
47
904
581
11
365
2898
3879
4024
201
607
3699
1270
3792
3984
2457
884
859
785
887
757
52
852
1346
160
2808
3946
2632
2752
3745
873
3853
832
3370
3709
3746
3846
2971
1276
3560
3566
3807
3451
1476
286
190
3914
624
3784
287
43
255
3006
383
71
2382
3854
1038
401
3091
2041
1105
3407
220
3865
1145
702
571
3885
294
3037
15
454
3863
1206
1034
3952
12
443
3871
3973
855
205
192
749
3439
3665
1087
4007
4025
2015
3813
910
1776
1996
3727
3549
2178
1046
244
90
179
327
319
147
6
89
379
532
3216
384
464
3180
2732
2106
2437
2204
1442
1133
866
858
895
894
881
870
879
2817
3074
2774
3147
476
364
399
393
501
3997
4020
3995
3993
4019
4009
4004
3989
3994
594
4016
4000
4003
3986
4013
3981
3996
4036
4035
4032
4031
4028
4011
4006
4005
3982
4026
4023
4014
4018
4002
3980
3998
4021
3988
4012
4033
4017
4015
3987
3991
4010
3983
841
872
825
818
767
888
876
863
725
691
890
740
778
775
886
882
874
864
861
743
813
753
791
850
822
796
831
693
761
854
715
893
889
878
804
729
690
730
723
771
816
846
844
838
706
869
769
797
758
880
763
772
711
783
748
814
734
821
810
741
697
842
718
698
768
837
782
843
792
780
719
716
827
826
786
731
708
793
790
806
789
732
736
707
840
835
805
845
834
829
824
820
809
807
773
770
759
713
703
795
794
848
847
823
815
812
800
784
738
727
695
856
774
752
739
726
696
687
853
851
849
839
836
833
830
828
819
817
811
808
803
802
799
787
781
779
777
766
765
764
762
760
756
755
754
747
745
744
742
737
735
733
728
724
722
720
714
712
709
705
704
701
700
699
694
692
688
798
686
877
751
717
885
721
776
750
710
689
788
867
865
892
875
868
857
245
289
110
8
58
328
151
93
191
137
32
195
91
189
86
266
330
254
180
178
257
340
57
16
260
129
117
78
305
162
44
41
326
17
14
3894
3322
3218
2251
572
69
221
207
38
53
121
276
59
84
310
111
222
100
300
132
54
248
181
101
92
290
120
264
36
49
77
143
20
238
29
229
331
139
135
131
296
46
112
342
82
55
333
116
134
66
62
214
28
169
309
159
261
274
235
324
208
64
148
45
7
263
278
346
204
194
242
130
126
249
187
48
24
299
1
329
212
3
344
303
297
239
203
196
146
307
224
213
172
200
230
155
144
61
339
223
199
118
65
280
258
185
113
85
79
75
30
25
275
218
343
312
115
3580
3848
3689
3588
3808
2885
217
150
3336
3126
3141
3372
3251
411
564
351
427
202
166
639
2094
2076
2375
2450
2439
2422
2252
2360
2168
2017
2255
2545
2388
2357
2644
2303
467
437
2166
246
56
26
272
5
322
291
161
345
332
308
284
271
236
165
109
108
98
31
347
341
338
337
334
325
323
320
318
317
316
314
313
311
306
304
302
298
295
285
281
277
267
265
259
253
252
251
250
241
237
233
232
231
228
227
226
225
219
211
197
188
186
184
182
177
176
175
174
170
168
163
158
152
149
142
141
140
133
128
127
124
123
122
119
106
105
104
103
102
99
96
94
88
80
76
73
72
68
67
63
60
50
40
39
34
33
23
22
19
13
10
9
4
2
3872
3530
3844
3494
3447
3585
3572
3444
3754
3939
3507
3669
3799
3513
3811
3812
3880
3678
3441
3832
3777
3573
3958
3770
3724
3621
3445
3823
3890
3979
3953
3660
3582
3840
3827
3809
3753
3936
3472
3941
3470
3544
3668
3620
3937
3786
3761
3459
3893
3631
3816
3646
3869
3714
3888
3925
3723
171
2926
2998
3208
3388
3392
2899
3134
2961
3424
2799
3128
2886
2767
3423
3431
3122
3333
3030
3112
2876
2771
3131
3249
3175
3143
2766
3080
2884
3309
3105
2852
3326
2745
2349
2207
2503
2314
2262
1999
2013
2651
2505
2048
2580
2120
1961
2182
2383
1952
2288
2965
2811
2677
3429
1264
509
356
173
386
198
535
622
657
611
605
349
3270
2452
2263
2483
2444
2622
1988
2167
2067
2490
2019
1942
2092
2606
2234
2650
2486
2466
2170
2130
1915
2217
2051
2291
2558
2562
2405
2105
2411
2158
2358
1977
2097
2430
1919
2455
2424
2181
2162
2587
1933
1922
2412
2070
2008
2311
2418
2016
2012
2361
2322
2160
2100
1934
2576
2177
2614
2300
2299
2646
2395
2179
2103
2460
2253
2063
2638
2546
2290
2154
2140
2136
2033
2352
1946
2216
1943
2494
2082
2625
2495
2566
2488
1975
1936
2156
2517
2573
2552
2477
2326
2237
2213
2206
2150
2124
2122
1986
1938
2577
2371
2197
2633
1914
2484
2428
2550
2414
2348
2056
1917
2435
2011
2337
2157
2024
2320
2630
2574
2556
2539
2532
2393
2392
2391
2369
2308
2307
2287
2147
2112
2088
2077
2037
1989
1958
2403
2601
2579
2553
2504
2499
2478
2454
2387
2359
2324
2306
2278
2058
2628
2570
2474
2373
2228
2152
2089
2648
2006
2001
2631
2624
2586
2564
2464
2446
2407
2370
2190
2184
2172
2118
2045
1993
2659
2284
2225
2004
1921
2658
2636
2620
2583
2297
2061
2025
2397
2260
2654
2578
2561
2554
2526
2485
2467
2409
2376
2374
2356
2354
2339
2331
2323
2309
2271
2261
2244
2212
2084
2069
2043
2005
1979
1971
1963
1962
1929
562
530
652
396
429
406
2846
3246
2829
2820
2882
2688
3371
3067
2990
3099
3217
3050
3066
3254
3375
2797
3209
3144
3389
3151
2520
2410
2044
1982
2480
2107
2453
1965
2365
1972
1931
1927
2647
2640
2447
2171
1991
1976
315
156
87
21
2858
2779
3485
3457
3950
3551
3533
3772
3552
3467
3970
3683
3670
3559
3642
3785
3755
3796
3609
3833
3766
3899
3476
3558
3887
3641
3587
3757
3638
3616
3858
3539
3711
3690
3892
3679
3446
3509
3486
3482
3904
3742
3817
3703
3843
3726
3510
3617
3902
3654
3557
3452
3909
3794
3793
3706
3705
3569
3463
3671
3743
3636
3906
3896
3768
3506
3963
3555
3944
3780
3862
3713
3658
3707
3640
3578
3518
3488
3769
3702
3647
3965
3774
3864
3712
3949
3662
3969
3924
3870
3591
3564
3493
3466
3571
3465
3940
3891
3527
3450
3960
3696
3908
3737
3791
3776
3500
3828
3930
3790
3574
3514
3928
3787
3567
3538
3528
3916
3625
3534
3836
3464
3478
3838
3921
3715
3663
3926
3889
3686
3576
3497
3440
3912
3739
3725
3657
3473
3907
3615
3526
3649
3975
3837
3759
3708
3519
3515
3511
3905
3531
3454
3859
3605
3542
3471
3868
3624
3606
3782
3694
3645
3623
3601
3524
3927
3803
3610
3947
3752
3602
3876
3778
3773
3735
3710
3629
3608
3598
3553
3498
3455
3562
3800
3517
3933
3747
3722
3698
3685
3644
3505
3442
3839
3677
3804
3779
3834
3719
3483
3775
3814
3771
3546
3831
3568
3475
3919
3883
3594
3523
3481
3956
3738
3604
3554
3915
3634
3630
3561
3460
3443
3945
3900
3866
3826
3758
3718
3622
3584
3762
3934
3903
3648
3643
3593
3522
3592
3586
3456
3961
3861
3487
590
1486
1693
1394
1558
3153
3376
3427
3401
3338
3013
2959
3063
3334
2900
3157
3359
2895
3358
3311
3398
3081
3229
2715
2834
3088
2855
2785
2788
3227
3010
3191
2713
2851
2837
2726
3161
3383
3190
2801
2954
2702
2667
2668
3286
3048
3380
2836
3123
2675
3170
2784
3379
3343
3323
2871
3243
3354
2861
3024
3299
3381
3235
2991
2950
2809
2789
3146
2770
3083
2997
2805
2838
3435
3257
2953
2743
3377
3329
2988
2960
2994
2928
3119
3114
3025
3130
3045
2888
2973
3318
3314
2879
2670
3092
3390
3303
3301
2824
3373
3344
2983
2933
2993
3296
3399
3384
3226
2877
2786
3374
3159
3073
3052
3029
2807
2794
2756
3199
3133
3117
3108
3200
3430
3394
3228
2790
3378
3367
3111
2727
3346
3280
3148
2904
2735
3163
2907
3419
2880
2700
3049
2747
2723
3422
3185
3152
3028
3433
3158
2940
2755
3168
2995
3127
3349
3192
3414
3220
2891
2750
2706
2679
2841
3387
3315
3237
3234
3195
3129
2945
2917
2911
3093
2878
2818
2687
2931
2925
3327
3347
2902
3084
2821
3403
3395
3214
3138
3097
3062
3043
2996
2843
2816
3405
3285
3100
3018
3001
2728
2682
3352
3260
3110
3058
3015
2901
3357
3224
3188
3095
2769
3434
3320
3304
3085
2874
2680
2669
2982
2703
3400
3098
2974
2915
2873
2827
3244
2696
3213
3417
3078
2948
2946
2944
2927
2920
2910
2908
2896
2738
2717
3310
3069
2949
3275
2803
2759
3337
3198
3060
2875
2737
3293
3056
3054
2956
2924
2862
2835
2773
2741
2689
3363
3348
3250
3142
3036
2969
2909
2905
2897
2867
2683
3324
3193
3004
2943
2919
2890
2806
2754
2664
2781
3096
3033
3022
2913
2906
2866
2839
2815
2782
2749
3426
3139
3137
2778
2725
2350
2522
2426
2635
2330
2626
2346
1968
2210
2536
2581
2099
1913
2568
2222
2128
2096
2497
2248
2193
2186
2173
2145
2085
1990
2137
2572
2110
2547
3289
2707
1531
1792
2540
2416
2362
2270
2066
2551
2316
2040
2619
2615
2604
2602
2600
2563
2559
2506
2500
2489
2433
2334
2266
2220
2218
2165
2139
2131
2109
2104
2095
2093
2083
2059
1997
1984
1983
1925
2560
2521
2208
2065
1974
2468
2427
2304
2274
2221
2603
2473
2608
2557
2475
2425
2318
2296
2155
2141
2036
2026
1944
1916
2582
2310
1981
2660
2645
2538
2459
2406
2018
1973
1928
2345
2305
2434
2599
2571
2315
2241
1948
2279
2267
1964
2319
1926
1941
2641
2610
2544
2543
2367
2317
2273
2242
2211
2028
1923
2533
2509
2463
2413
2285
2351
2347
2133
2057
2052
2007
1970
2617
2592
2438
2420
2398
2280
2243
2235
2226
2161
2101
2039
2498
2472
2465
2445
2419
2377
2246
2189
2144
3386
3212
3150
2870
2793
2753
2719
3171
3186
3162
2947
2739
3420
3298
3154
3340
3302
2980
2939
2863
2828
2812
2796
2661
410
986
1443
937
1022
381
357
1755
1055
1759
945
1510
1526
1602
539
409
472
462
549
1281
1506
1246
1057
587
540
375
352
502
491
359
550
536
533
529
522
519
505
487
486
477
466
459
446
435
382
371
368
362
361
679
684
653
623
603
597
576
583
577
662
650
647
627
672
663
655
626
619
618
598
573
600
616
574
636
579
633
617
682
681
670
658
635
599
675
615
595
612
592
589
673
445
404
555
482
403
593
478
586
609
512
666
3277
3267
3082
2970
2853
2674
2657
2656
2655
2652
2643
2639
2637
2629
2627
2623
2621
2618
2613
2612
2611
2609
2607
2594
2593
2591
2590
2589
2585
2584
2575
2569
2549
2537
2534
2531
2527
2525
2523
2518
2516
2515
2514
2513
2507
2502
2501
2493
2492
2487
2482
2479
2476
2471
2469
2462
2456
2449
2448
2443
2442
2441
2440
2436
2432
2429
2423
2415
2408
2404
2402
2401
2400
2399
2396
2394
2390
2386
2384
2381
2379
2378
2366
2364
2363
2355
2353
2342
2341
2340
2335
2329
2313
2312
2295
2294
2286
2277
2276
2275
2272
2265
2259
2258
2257
2249
2240
2238
2236
2233
2232
2231
2230
2229
2227
2215
2214
2209
2205
2202
2201
2200
2196
2192
2188
2187
2175
2174
2164
2163
2159
2153
2151
2146
2143
2142
2129
2126
2123
2121
2119
2116
2115
2114
2113
2111
2108
2098
2091
2090
2086
2081
2080
2078
2075
2074
2073
2064
2060
2055
2050
2049
2046
2038
2035
2031
2030
2029
2027
2023
2022
2021
2020
2014
2009
2003
2000
1998
1995
1992
1987
1985
1980
1978
1966
1960
1957
1955
1953
1951
1950
1940
1939
1935
1932
1930
1918
669
521
568
489
474
470
444
405
372
438
436
418
551
380
369
488
542
440
547
452
448
413
554
518
424
455
451
360
559
503
456
398
374
520
395
557
495
421
528
490
433
350
570
546
510
504
481
469
458
419
354
680
645
634
565
548
515
506
473
465
463
461
450
439
417
387
378
355
3345
3194
3109
2849
2780
2729
3412
3410
3356
3295
3223
3177
3125
3103
2934
2868
3079
2958
2894
2823
2764
2733
3391
3241
3219
3207
3176
3120
3086
2955
2830
2665
2662
3256
2685
2856
3242
3118
3034
2921
2918
3355
3353
3201
3182
3106
3038
2984
2859
3396
3369
3253
2932
2832
3365
3335
3264
3255
3252
3236
3145
3101
3087
3072
3002
2795
2758
2744
3222
2822
3411
3360
3332
3274
3262
3179
3076
2937
2833
2742
2701
2914
2760
1008
929
3328
3248
3136
3005
2653
2529
2512
2461
2336
2333
2325
2283
2264
2254
2185
2176
2169
2132
2127
2042
2010
1954
1947
136
3075
3027
2989
2844
2711
1314
3971
3966
3938
3873
3852
3656
3550
3520
3491
3480
3847
3760
3525
3501
3851
3611
3968
3962
3830
3734
3693
3667
3563
3448
3948
3884
3877
3860
3797
3750
3697
3687
3577
