0
3984
3974
3748
2457
215
160
37
674
918
796
841
732
887
882
690
831
809
779
848
820
765
694
855
854
853
852
851
850
849
847
846
845
844
843
842
839
838
837
836
835
834
833
832
829
827
826
824
822
821
818
817
816
815
814
813
812
808
807
806
802
799
797
795
794
793
792
791
790
789
788
787
786
785
784
783
782
781
780
778
777
776
775
773
771
770
768
767
766
764
763
762
761
760
759
758
757
756
755
754
752
751
750
749
748
746
744
743
742
741
740
739
738
737
736
735
734
733
731
730
728
727
726
725
724
723
722
721
720
718
717
716
715
714
712
711
710
709
707
706
705
704
702
701
700
699
696
695
693
692
691
689
688
687
895
894
893
892
891
890
889
888
886
885
884
883
881
880
879
878
877
876
875
874
873
872
870
869
867
866
864
863
861
860
859
858
856
840
830
828
825
823
819
811
810
805
804
803
800
798
774
772
769
753
747
745
729
719
713
708
703
697
686
3992
3999
4018
4033
3982
3732
3899
3811
3666
3855
3511
3554
3671
3870
3754
3724
3960
3595
3567
3927
3535
3869
3714
3474
3466
3464
3443
3643
3506
3624
3585
3538
3784
871
868
865
698
4020
4002
4038
4037
4036
4035
4034
4032
4030
4029
4028
4027
4026
4025
4024
4023
4022
4021
4019
4017
4016
4015
4014
4013
4012
4011
4009
4008
4007
4006
4005
4004
4003
4001
4000
3998
3997
3996
3995
3994
3993
3991
3990
3988
3987
3986
3985
3983
3981
2528
1949
2439
2130
2632
2402
2017
2360
2388
2577
2493
2016
2435
63
282
216
288
206
344
10
320
55
227
28
30
245
2061
3268
3235
3271
3181
3213
2695
3008
3202
3158
3025
2756
3036
2911
3093
2827
3064
2988
2897
2755
2698
3300
3104
2712
3192
3329
3063
2935
2316
2524
2237
2448
2583
1976
2655
2631
2630
2553
2500
2392
2374
2112
2109
2077
2045
2313
2400
2610
2497
2085
2414
2593
2551
2526
2430
2428
2423
2334
2229
2095
2970
3374
3138
3312
3261
3393
3434
3307
3353
2866
3240
3244
3288
3049
3021
2828
2661
3176
3051
2934
2728
3574
3502
3603
3589
3552
3563
3475
3860
3831
3968
3805
3979
3978
3977
3976
3975
3973
3972
3971
3970
3969
3967
3966
3965
3964
3963
3959
3958
3957
3956
3955
3954
3953
3952
3951
3950
3949
3947
3946
3945
3944
3942
3941
3940
3939
3938
3937
3936
3935
3934
3933
3932
3931
3930
3929
3928
3926
3925
3924
3923
3922
3921
3920
3919
3918
3917
3916
3915
3914
3913
3912
3911
3910
3909
3908
3907
3906
3905
3904
3903
3902
3901
3900
3898
3897
3896
3895
3894
3893
3892
3891
3890
3889
3888
3887
3885
3884
3883
3882
3881
3880
3879
3878
3876
3875
3874
3873
3871
3868
3867
3866
3865
3864
3863
3862
3859
3858
3857
3856
3854
3853
3852
3850
3849
3848
3847
3846
3845
3844
3843
3842
3841
3840
3839
3838
3837
3836
3835
3834
3833
3832
3829
3828
3827
3826
3825
3824
3823
3822
3821
3820
3819
3818
3817
3816
3815
3814
3813
3812
3810
3809
3808
3807
3806
3804
3803
3802
3801
3800
3799
3798
3796
3795
3794
3793
3792
3791
3790
3789
3788
3787
3786
3785
3783
3782
3781
3780
3779
3778
3777
3776
3775
3774
3773
3772
3771
3770
3769
3768
3767
3766
3765
3764
3763
3762
3761
3760
3759
3758
3757
3755
3753
3752
3751
3749
3747
3746
3745
3744
3743
3742
3740
3739
3738
3737
3736
3735
3734
3733
3731
3730
3729
3728
3727
3726
3725
3722
3720
3719
3718
3717
3716
3715
3713
3712
3711
3710
3709
3708
3707
3706
3705
3704
3703
3702
3701
3700
3699
3698
3697
3696
3695
3694
3693
3691
3690
3689
3688
3687
3686
3685
3683
3682
3681
3680
3679
3678
3676
3675
3673
3672
3670
3669
3668
3667
3665
3664
3663
3662
3661
3660
3659
3658
3657
3656
3655
3654
3653
3652
3650
3649
3648
3647
3646
3645
3644
3642
3641
3640
3639
3638
3637
3636
3635
3634
3632
3631
3630
3629
3628
3627
3626
3625
3623
3622
3621
3620
3619
3618
3617
3616
3615
3614
3613
3612
3611
3610
3608
3607
3606
3605
3604
3602
3601
3600
3599
3598
3597
3596
3594
3593
3591
3590
3588
3587
3586
3584
3583
3582
3581
3580
3579
3578
3576
3575
3573
3572
3571
3570
3569
3568
3566
3565
3564
3562
3561
3560
3559
3558
3557
3555
3553
3551
3549
3548
3547
3546
3545
3544
3543
3542
3541
3539
3537
3536
3534
3533
3532
3531
3530
3529
3528
3527
3526
3524
3523
3522
3521
3520
3519
3518
3517
3516
3515
3514
3513
3512
3510
3509
3508
3507
3505
3504
3503
3500
3499
3498
3497
3496
3494
3493
3492
3491
3490
3489
3488
3486
3485
3484
3483
3482
3481
3480
3479
3478
3477
3476
3473
3472
3471
3470
3469
3468
3467
3465
3463
3462
3461
3460
3459
3458
3457
3455
3453
3452
3450
3449
3448
3447
3446
3445
3444
3442
3441
3439
3438
862
857
3298
3017
2984
2685
3389
3419
3340
2932
2758
2665
3027
2730
3258
4031
3989
3980
598
665
582
640
573
3961
3861
3723
3487
3454
572
467
619
533
401
470
382
476
280
170
163
79
56
25
3335
2660
2659
2658
2657
2656
2654
2652
2651
2650
2648
2647
2646
2645
2644
2641
2640
2639
2638
2637
2636
2635
2634
2633
2628
2627
2626
2625
2624
2623
2622
2621
2620
2619
2618
2615
2614
2613
2612
2611
2607
2606
2604
2603
2602
2601
2600
2599
2596
2595
2591
2590
2587
2586
2585
2584
2581
2580
2579
2578
2576
2575
2574
2573
2572
2571
2570
2569
2568
2567
2566
2565
2564
2563
2562
2561
2560
2559
2558
2557
2556
2554
2552
2550
2549
2548
2546
2545
2541
2540
2539
2538
2537
2536
2535
2534
2532
2531
2527
2525
2523
2522
2521
2520
2518
2517
2515
2514
2513
2507
2506
2505
2504
2503
2499
2495
2494
2492
2490
2489
2488
2487
2486
2485
2484
2483
2482
2481
2480
2479
2478
2477
2476
2474
2473
2470
2469
2467
2466
2464
2462
2460
2459
2456
2455
2454
2453
2452
2450
2449
2447
2446
2444
2443
2442
2441
2440
2438
2437
2434
2433
2432
2431
2429
2427
2426
2425
2424
2422
2421
2418
2416
2415
2412
2411
2410
2409
2408
2407
2406
2405
2404
2403
2401
2397
2396
2395
2393
2391
2390
2387
2386
2383
2382
2381
2380
2379
2378
2376
2375
2373
2371
2370
2369
2367
2366
2365
2364
2363
2362
2361
2359
2358
2357
2356
2354
2353
2352
2350
2349
2348
2346
2345
2342
2341
2340
2339
2337
2335
2331
2329
2326
2324
2323
2322
2321
2320
2318
2317
2314
2312
2311
2310
2309
2308
2307
2306
2305
2304
2303
2301
2300
2299
2297
2296
2291
2290
2288
2287
2286
2284
2281
2280
2278
2277
2276
2275
2274
2272
2271
2270
2269
2267
2265
2263
2262
2261
2260
2259
2258
2257
2256
2255
2253
2252
2251
2249
2248
2245
2244
2243
2242
2240
2238
2236
2235
2234
2233
2232
2231
2230
2228
2227
2226
2225
2222
2221
2220
2219
2218
2217
2216
2214
2213
2212
2211
2210
2209
2208
2207
2206
2205
2204
2202
2201
2200
2197
2195
2193
2192
2190
2188
2186
2184
2182
2181
2179
2178
2177
2175
2173
2172
2171
2170
2168
2167
2166
2165
2164
2162
2161
2160
2159
2158
2157
2156
2154
2152
2150
2147
2146
2145
2142
2141
2140
2139
2136
2131
2129
2126
2124
2123
2122
2121
2120
2119
2118
2116
2115
2114
2113
2110
2108
2107
2106
2105
2104
2103
2100
2099
2098
2097
2096
2094
2093
2092
2091
2090
2089
2088
2086
2084
2083
2082
2080
2079
2078
2076
2075
2074
2073
2070
2069
2067
2066
2064
2063
2060
2059
2058
2057
2056
2055
2051
2050
2049
2048
2046
2044
2043
2041
2040
2037
2036
2035
2034
2033
2030
2029
2027
2025
2024
2023
2022
2021
2020
2019
2018
2015
2014
2013
2012
2011
2009
2008
2006
2005
2004
2001
2000
1999
1998
1997
1996
1995
1993
1992
1991
1990
1989
1988
1987
1986
1985
1984
1983
1982
1981
1980
1979
1978
1977
1975
1974
1973
1972
1971
1970
1969
1968
1966
1965
1964
1963
1962
1961
1960
1958
1957
1956
1953
1952
1951
1950
1946
1944
1943
1942
1939
1938
1937
1936
1935
1934
1933
1931
1930
1929
1928
1927
1925
1924
1923
1922
1921
1919
1918
1917
1915
1914
347
346
345
343
342
341
340
339
338
337
336
334
333
332
331
330
329
328
327
326
325
324
323
322
321
319
318
317
316
315
314
313
312
311
310
309
308
307
306
305
304
303
302
301
300
299
298
297
296
295
294
293
292
291
290
289
287
286
285
284
283
281
279
278
277
276
275
274
273
272
271
270
268
267
266
265
264
263
262
261
260
259
258
257
256
255
254
253
252
251
250
249
248
247
246
244
243
242
241
240
239
238
237
236
235
234
233
232
231
230
229
228
226
225
224
223
222
221
220
219
218
214
213
212
211
209
208
207
205
204
203
202
201
200
199
197
196
195
194
193
192
191
190
188
187
186
185
184
183
182
181
180
179
178
177
176
175
174
172
169
168
167
166
165
164
162
161
159
158
157
156
155
154
153
152
151
149
148
147
146
145
144
143
142
141
140
139
138
137
135
134
133
132
131
130
129
128
127
126
125
124
123
122
121
120
118
117
116
115
114
113
112
111
110
109
108
106
105
104
103
102
101
100
99
98
97
96
95
94
93
92
91
90
89
88
87
86
85
84
83
82
81
80
78
77
76
75
74
73
72
71
70
69
68
67
66
65
62
61
60
59
57
54
53
52
51
50
49
48
47
46
45
44
42
41
40
39
38
36
35
33
32
31
29
27
26
24
23
22
21
20
19
18
17
16
15
14
13
12
11
9
8
7
6
5
4
3
2
1
2653
2471
2436
2330
2325
2254
2185
2155
2143
2111
2031
2003
1955
1926
136
1162
3436
3435
3433
3432
3431
3430
3429
3428
3427
3426
3425
3424
3423
3422
3421
3418
3417
3416
3415
3414
3413
