0
4002
851
841
1276
183
301
3375
145
874
750
885
3999
884
377
2721
287
3467
668
468
3709
234
27
3552
253
1834
2808
2740
1967
3820
2041
3037
1386
3544
3619
1581
3570
911
3942
3846
3935
3765
2860
3885
356
2760
868
891
3879
401
2382
3922
3704
3031
1057
4028
3853
1755
2269
2195
918
613
209
2596
904
3691
642
1506
744
3965
215
2842
3453
11
699
3183
1157
358
316
43
2704
3733
270
1713
1253
1233
2857
1295
4010
1034
4029
4006
3268
244
3451
3071
228
3457
1224
1607
411
3746
2691
2792
182
97
4036
859
47
894
870
767
866
858
798
802
791
712
839
768
822
789
725
714
689
826
776
895
879
877
873
778
833
691
813
790
854
786
795
850
746
742
852
818
816
806
796
788
771
743
736
732
707
702
692
709
704
690
711
710
808
832
821
740
756
733
844
799
722
794
734
846
759
751
723
761
829
777
737
696
693
845
772
770
764
716
836
793
762
760
715
784
738
814
787
720
893
890
887
881
875
872
871
867
865
864
817
847
812
766
752
706
700
695
782
843
779
842
835
834
805
745
731
727
724
721
694
688
853
820
754
741
728
726
713
703
687
735
686
880
848
837
831
810
809
807
803
792
783
780
773
763
758
748
739
719
718
705
701
869
849
830
828
827
824
811
800
797
781
774
755
730
698
840
838
825
819
815
804
765
697
823
769
747
708
889
863
888
882
876
861
856
753
878
729
886
717
785
855
757
892
860
801
749
883
775
3992
3983
4009
3989
4013
4011
4017
4037
4019
4018
4005
3997
3981
4004
3995
3985
4033
4000
4023
3994
4038
4035
4034
4031
4030
4027
4026
4024
4022
4021
4020
4014
4003
3998
3996
3993
3991
3988
3986
3982
3980
4016
4007
4008
4001
3990
3987
3984
594
4025
4015
4012
4032
3127
3074
3819
3445
3875
3770
3447
3494
3946
3781
3483
3515
3811
3849
3854
3603
3607
3928
3370
3147
3349
2980
2802
2722
216
3566
3685
3671
3745
3622
3801
3595
3594
3662
3446
3767
3899
3751
3892
3473
3871
3857
3878
3822
3499
3571
3489
3548
3919
3763
3932
3477
3720
3815
3666
3848
3699
3893
3837
3845
3867
3773
3753
3590
3786
3706
3623
3555
3463
3862
3976
3821
3768
3643
3524
3679
3585
3758
3912
3874
3743
3825
3934
3573
3866
3810
3681
3859
3868
3657
3538
3887
3812
3682
3606
3617
3564
3535
3947
3468
3498
3883
3581
3562
3627
3855
3833
3690
3664
3615
3508
3969
3792
3719
3646
3458
3863
3624
3549
3531
3794
3714
3572
3569
3506
3901
3832
3598
3836
3579
3967
3698
3940
3526
3668
3583
3975
3708
3519
3945
3895
3823
3777
3761
3602
3510
3782
3937
3915
3752
3738
3645
3582
3460
3876
3850
3835
3802
3740
3722
3715
3678
3553
3470
3455
3546
3600
3799
3647
3513
3444
3610
3658
3542
3497
3452
3950
3762
3484
3670
3902
3889
3731
3640
3557
3635
3488
3485
3461
3918
3913
3795
3755
3703
3613
3560
3523
3518
3481
3479
3828
3605
3462
3611
3788
3933
3791
3776
3766
3478
3323
3175
3308
3334
3270
3628
3852
3831
3860
3702
3966
3492
3943
3929
3842
3633
3618
3480
3841
3683
3674
3563
3501
3944
3796
2995
1792
3208
2898
3283
2788
2934
2697
3359
3317
3328
3408
3315
2733
3144
2811
3229
3094
2769
3393
2975
3329
3067
2816
3333
2774
3141
3388
2667
2952
3235
3368
3155
3063
2900
2870
2868
2949
2987
2997
2933
2805
2879
2670
2699
3092
2775
3314
3015
2998
3429
3427
3425
3338
3194
3013
2766
3251
2930
3042
2663
3128
3083
3227
3133
2684
2953
3014
3354
3218
2799
2765
3090
3402
3016
3367
3112
3238
3163
3158
2746
3117
2715
3272
3209
2787
3413
2992
2882
3148
2848
3300
2846
3275
3099
3383
3374
3366
2711
3399
2850
2744
3294
3095
2820
3307
2918
2865
3135
3025
2981
2969
2710
3312
3243
3220
3119
3352
3041
2973
2712
3068
2951
2702
3372
3219
3138
3062
2947
2801
2716
3273
2829
3139
2978
2690
3422
3353
3351
3297
3280
3277
3170
2796
2701
3224
3103
2797
2938
2778
3193
2924
3318
2834
3430
3234
3026
2729
2666
3303
3213
2943
3417
3202
2988
2940
2928
2827
2806
2706
2682
3217
3107
3075
2950
3433
3237
3137
3123
3000
2977
2887
2874
2854
2810
2809
2794
2773
2738
2731
3054
3029
2956
2945
2786
2782
2741
2689
2679
3339
3228
2944
2927
2925
2917
3390
3387
3348
3085
3040
3036
3022
3010
2966
2916
2913
2754
2669
3296
3267
3204
3116
3049
3324
2864
3357
3276
3140
3110
3093
3048
2832
2751
2727
3426
3149
3096
3033
2986
2931
2920
2915
2910
2908
2906
2877
2815
2800
2757
2755
2717
3415
3316
3206
3191
2830
3347
3320
3265
3261
3154
3146
3060
3021
2937
2863
2793
2770
2687
147
167
35
262
289
205
52
293
174
146
245
310
243
93
311
124
70
149
140
63
298
344
106
2358
1977
2422
2580
2402
2265
2442
2316
2013
303
208
164
3673
3511
3817
3550
3505
3979
3977
3972
3964
3963
3961
3960
3959
3958
3957
3956
3954
3953
3952
3951
3949
3936
3931
3927
3926
3925
3924
3923
3921
3920
3917
3916
3914
3911
3909
3908
3907
3906
3905
3903
3900
3898
3897
3896
3894
3891
3888
3884
3882
3881
3877
3873
3870
3869
3865
3864
3858
3856
3844
3843
3840
3838
3834
3829
3827
3826
3824
3818
3814
3813
3809
3808
3807
3806
3805
3804
3803
3797
3793
3790
3789
3787
3785
3784
3783
3780
3778
3775
3774
3771
3769
3764
3759
3757
3754
3749
3744
3739
3737
3736
3735
3730
3729
3728
3727
3726
3725
3724
3718
3717
3716
3713
3711
3710
3707
3705
3701
3700
3696
3695
3694
3689
3688
3687
3686
3680
3676
3675
3672
3669
3667
3665
3663
3661
3660
3655
3654
3652
3649
3648
3644
3641
3639
3638
3637
3636
3634
3632
3631
3630
3629
3626
3625
3620
3616
3614
3612
3608
3604
3601
3599
3593
3591
3588
3587
3584
3580
3578
3576
3575
3574
3568
3567
3565
3561
3559
3558
3556
3554
3545
3543
3541
3539
3537
3536
3534
3533
3532
3529
3528
3527
3521
3520
3517
3516
3514
3512
3509
3507
3503
3502
3500
3493
3490
3486
3482
3476
3475
3474
3472
3471
3469
3466
3465
3464
3459
3450
3443
3442
3441
3440
3439
3970
3904
3742
3621
3941
3772
3750
3659
3642
3968
3847
3800
3712
3656
3596
3592
3522
3456
3448
3971
3948
3938
3930
3839
3830
3760
3756
3734
3697
3692
3651
3491
3449
3438
857
3747
3693
3397
3350
3345
3291
2989
2753
2748
3038
2672
3405
3398
3266
2984
2957
2845
2768
2724
2818
3069
2903
1854
3358
3252
3236
3156
3032
2955
2932
2819
3403
3161
2714
3150
2923
2688
2599
1546
3412
3304
3001
2892
2869
3432
2677
3410
3034
2971
985
3962
3886
3872
3851
3741
3721
3684
3609
3577
3540
3525
3495
862
1138
955
1002
1697
3389
3360
3313
3190
3072
2954
2858
2762
2700
2696
2665
3419
3341
3340
3282
3256
3086
3076
2781
2685
2675
3214
3172
3118
3017
2965
2734
3186
3100
3164
2964
3278
3011
3168
3079
1477
1301
1552
2885
3221
2894
2735
2718
3436
3435
3434
3431
3428
3424
3423
3421
3420
3418
3416
3414
3411
3409
3407
3406
3404
3401
3400
3396
3395
3394
3392
3391
3386
3384
3382
3381
3380
3379
3378
3377
3376
3373
3371
3369
3365
3364
3363
3362
3361
3356
3346
3344
3343
3342
3337
3335
3332
3331
3330
3327
3326
3325
3322
3321
3311
3310
3309
3306
3305
3302
3301
3299
3298
3295
3293
3292
3289
3288
3287
3286
3285
3284
3281
3279
3274
3271
3269
3264
3262
3260
3259
3258
3257
3255
3254
3253
3250
3249
3247
3246
3244
3242
3241
3240
3239
3233
3232
3231
3230
3226
3225
3223
3216
3215
3212
3211
3210
3207
3205
3203
3201
3200
3199
3198
3197
3196
3195
3192
3189
3188
3187
3185
3184
3182
3181
3180
3179
3178
3177
3176
3174
3171
3169
3167
3166
3165
3162
3160
3159
3157
3153
3152
3151
3145
3143
3142
3134
3132
3131
3130
3129
3126
3124
3122
3121
3120
3115
3114
3113
3111
3109
3108
3106
3105
3104
3102
3101
3098
3097
3091
3089
3088
3087
3084
3082
3081
3080
3078
3077
3073
3070
3066
3065
3064
3061
3059
3058
3056
3055
3053
3052
3051
3050
3047
3046
3045
3044
3043
3039
3035
3030
3028
3027
3024
3023
3020
3019
3018
3012
3009
3008
3007
3004
3002
2999
2996
2994
2993
2991
2990
2985
2983
2982
2976
2974
2972
2970
2968
2967
2962
2961
2960
2959
2958
2948
2946
2942
2941
2939
2936
2935
2929
2926
2922
2921
2919
2914
2912
2911
2909
2907
2905
2904
2902
2901
2899
2897
2896
2895
2893
2891
2890
2889
2888
2886
2884
2881
2880
2878
2876
2875
2873
2872
2871
2867
2866
2862
2861
2859
2856
2855
2853
2852
2851
2849
2847
2844
2843
2841
2840
2839
2837
2836
2835
2833
2831
2828
2825
2824
2823
2821
2817
2813
2812
2807
2804
2803
2798
2795
2791
2790
2789
2785
2784
2783
2780
2779
2777
2776
2772
2771
2763
2761
2759
2758
2756
2752
2750
2749
2747
2745
2743
2742
2739
2737
2736
2732
2730
2728
2726
2723
2720
2719
2713
2709
2708
2707
2705
2703
2698
2695
2694
2692
2686
2683
2681
2680
2676
2674
2673
2671
2668
2664
2662
2661
246
32
229
111
95
137
17
60
251
143
195
96
338
250
238
161
283
296
131
144
2
89
324
8
85
75
341
223
62
204
102
99
68
129
22
333
345
157
14
258
309
197
36
260
329
189
220
214
192
28
20
19
158
66
184
64
148
320
254
346
302
187
101
24
259
110
177
231
222
211
16
294
117
130
314
255
241
330
30
132
41
224
29
165
121
178
325
257
142
133
79
72
3
323
277
276
221
203
185
176
170
105
56
9
267
240
230
116
61
313
265
239
236
172
118
109
67
59
21
169
31
235
87
328
218
322
280
53
979
1262
1874
1168
1510
467
441
399
213
88
57
2424
2621
2012
2167
1961
2632
2100
2558
2204
2342
2119
2427
2178
2515
2486
2076
2443
2375
2230
2051
2252
2262
2431
2227
2534
2535
2029
2474
2411
2371
2158
2493
2605
2613
2219
2444
1992
2566
2452
2562
2373
2146
2426
2255
1988
2106
2455
2412
2388
2360
1987
2637
2256
2185
2175
1923
2298
2287
2577
2034
1933
2641
2525
2310
2205
1930
2413
2548
2217
2571
2522
2383
2350
1982
2317
2173
1934
2496
2415
2177
2656
2652
2110
2524
2260
2572
2517
2616
2396
2144
2390
2243
2235
2215
2057
1981
2544
2425
2359
2495
2628
2618
2614
2488
2361
2228
2197
2089
2406
2362
1997
2315
2391
2056
1918
2476
2649
2379
2351
2249
2067
1921
2346
2011
2633
2583
2503
2405
2233
2055
2418
2404
1986
2000
2552
2526
2423
2253
2088
2086
1963
1941
1925
2602
2429
2409
2386
2348
2240
2218
2164
2139
2090
2037
1993
1942
2557
2322
2448
2166
2162
2105
2639
2585
2284
2564
2489
2414
2395
2363
2275
2108
2077
2416
2657
2378
2050
1914
2014
2277
2236
2152
2603
2518
2479
2222
2002
2624
2623
2601
2554
2539
2520
2499
2484
2482
2462
2446
2387
2369
2353
2324
2271
2261
2210
2200
2184
2142
2131
2103
2083
2074
2033
1983
1962
1938
2491
2367
2344
2332
1939
2540
2325
2141
1964
2630
2619
2615
2606
2600
2593
2578
2561
2553
2550
2549
2477
2464
2460
2408
2381
2376
2356
2340
2323
2303
2290
2278
2276
2237
2201
2122
2121
2104
2093
2078
2069
2063
2060
2046
2005
1985
1979
1929
1917
2335
2049
2023
1978
1975
2372
2336
2302
1994
2627
2025
1968
1935
2659
2435
2365
2364
2006
1980
1928
1919
2642
2473
2461
2419
2366
2345
2327
2296
2291
2211
2209
2191
2161
2087
2082
2036
1970
2401
2259
2587
2160
2129
2107
1915
2531
2582
2471
2333
2330
2247
2155
2153
2071
2052
2003
1916
2617
2597
2594
2588
2567
2519
2512
2511
2468
2338
2282
2267
2246
2241
2174
2163
2151
2149
2137
2127
2062
2039
2038
2026
1954
1940
2653
2647
2636
2598
2529
2475
2472
2459
2451
2445
2417
2337
2187
2024
2018
1995
1973
1972
1955
315
308
285
156
122
120
1562
1776
3551
3530
3504
3496
3437
3880
3861
3779
3677
3586
3547
166
1521
1414
929
1779
1481
1239
1599
1162
1760
1852
1726
1141
3355
3319
3263
2725
2693
1527
1177
1090
1797
1263
1905
1093
1187
1579
1055
3385
3245
2979
2883
2764
1498
1847
1372
1196
2608
2592
2542
2516
2508
2384
2319
2293
2292
2283
2266
2198
2196
2148
2135
2132
2128
2047
2042
2032
1959
1948
1920
899
1197
970
1434
1088
1499
1116
1389
1154
1728
1566
1094
1064
1865
1161
1220
1405
1061
937
1723
1394
1889
1016
1103
1443
1702
1105
1588
1202
1586
2826
1883
1866
1758
1419
1077
1039
959
1228
1538
1174
1784
1127
1010
974
1439
1719
1593
1085
1398
1107
1091
997
1668
1491
1359
1335
1485
1198
1271
1007
1069
1896
1266
1513
1360
1111
1043
1890
1627
1789
1652
1571
1501
1806
1073
1849
1821
1816
1752
1741
1336
1181
1153
952
1592
1044
1759
1640
1087
1561
1283
3248
3222
3136
3057
3005
2822
2678
1666
1656
1450
1909
1440
1205
1117
1873
1872
902
1505
1150
951
1124
1868
1832
1707
1559
1351
1101
1664
1278
1555
1424
1898
1843
1775
1517
1488
1370
939
1494
1722
1151
1056
960
1614
1572
1539
1214
1209
1180
999
1317
961
1839
1458
1449
1757
1291
1272
1195
1369
1879
1809
1736
1643
1623
1617
1610
1524
1509
1305
1288
1287
1230
1182
1040
1006
983
982
946
1891
1861
1811
1653
1547
1250
1003
1615
1136
908
1842
1805
1799
1765
1639
1612
1470
1323
1058
1029
927
1486
1387
1297
1193
3290
3173
3003
2838
1684
347
343
342
340
339
337
336
334
332
331
326
319
318
317
312
307
306
305
304
300
299
297
295
292
291
290
288
284
281
279
278
275
274
273
272
271
269
268
266
264
263
261
252
249
248
242
237
232
227
226
225
219
217
212
210
207
202
201
200
199
196
194
193
191
190
188
186
181
180
175
168
163
162
159
155
154
153
152
151
150
141
139
