0
888
4018
4029
12
244
2792
692
4035
287
215
1386
2195
585
1224
241
3879
1430
81
2860
3055
3494
910
2671
4008
4001
749
4022
841
883
4025
891
3983
854
892
721
785
852
884
872
796
874
690
691
704
737
1119
3230
114
447
3650
2596
292
3853
1206
624
2842
11
18
3746
581
642
47
255
377
179
205
468
443
1394
3922
2483
2595
2382
3732
1690
3704
3006
3408
316
2740
153
234
648
386
2168
3717
1760
71
454
1252
2922
3413
1353
2380
660
2722
3955
1546
572
120
3121
193
3781
3588
406
3653
996
3953
289
2971
3765
3865
1969
1295
152
283
3925
3805
91
3678
89
2421
3305
3477
2621
3044
3864
655
3859
3724
2375
393
3552
2799
93
1053
1414
3322
1731
106
3197
2861
2790
3425
1641
3361
3075
3502
3813
2017
8
269
1657
2774
3127
3074
2817
3147
2527
49
3037
282
3846
4028
864
2691
4006
667
860
3991
4036
3987
868
865
3999
4024
4005
801
875
4012
3984
4015
4010
757
4032
594
4007
717
3993
744
4011
4027
859
3996
4034
894
743
4017
4002
750
3985
4037
4033
3992
4016
3990
788
4031
3989
3981
3988
4013
4003
775
879
893
855
3982
3994
4026
3986
4038
4019
4000
858
877
3980
4030
4023
3998
4014
3997
4004
4021
4009
3995
4020
699
871
867
887
895
832
866
870
873
851
790
869
791
885
802
881
821
861
746
808
702
725
700
740
776
846
798
825
789
732
799
707
759
811
761
710
767
890
735
686
687
688
694
695
696
697
698
703
705
708
713
718
719
724
726
727
728
731
738
739
745
747
752
754
755
760
764
766
773
774
780
781
784
787
800
805
810
814
815
817
819
820
823
824
827
828
829
830
834
838
840
842
845
847
849
853
856
701
711
734
770
772
779
792
797
835
706
748
758
807
741
793
803
848
795
804
709
720
783
809
777
778
818
693
730
722
831
736
769
806
822
714
762
765
794
768
839
844
763
837
833
753
771
843
836
751
729
712
742
889
716
723
826
782
756
863
813
876
850
715
878
786
816
733
812
689
880
886
882
209
3451
550
3071
2470
911
1834
1145
3183
3570
74
3453
37
613
602
3798
918
2079
358
1466
674
1096
3709
3856
1581
607
43
3820
2457
15
2569
210
3031
1560
668
608
2269
638
3974
3729
335
3748
3935
42
256
33
233
3407
3268
145
90
286
3885
401
52
154
2788
3875
1326
3808
1854
1046
1270
182
70
2541
379
1208
3807
1586
305
2814
1262
3282
2857
1627
3959
1276
216
279
35
3688
2704
1027
3589
157
183
138
1176
267
160
3942
3134
1967
1395
3125
1755
1558
3854
1065
1233
1693
411
253
97
904
301
3801
356
1105
3560
383
1253
1002
155
1071
3744
899
3691
112
293
3733
76
2808
61
1194
499
247
3816
3699
2178
294
656
2106
2481
228
207
321
174
3375
240
3575
192
2798
3811
1034
2998
2442
448
191
3689
3467
2204
571
384
1362
2975
336
2952
164
3597
3954
3582
201
2714
327
3928
124
467
552
453
307
1890
3897
220
2565
3537
3003
270
1996
3952
166
3565
3619
202
2838
2885
2441
3271
1937
3742
3939
262
