0
707
3982
858
12
287
335
3006
4024
3031
4005
3765
864
3271
3974
3489
209
1176
2857
883
1581
4015
293
801
2470
3801
3704
3875
74
891
668
1071
859
3619
3676
3999
383
652
1353
4006
4027
4012
3993
305
3037
3183
3055
3589
3879
1657
2483
2569
3507
3531
552
33
674
1579
443
264
1527
613
4037
1558
4022
3401
220
1362
76
3990
3987
1690
1949
3451
3607
550
3910
230
351
1560
1276
2922
3839
865
3444
593
71
192
1996
3227
2041
1096
1961
2178
3847
3660
894
776
717
1474
3853
750
699
191
1224
112
35
3310
2808
282
179
1395
167
327
638
3807
2971
3389
3936
247
210
46
485
2079
2015
3669
216
1297
478
1030
1521
2596
3856
498
1206
240
215
2168
3732
448
2167
311
6
3429
1586
2541
585
1023
183
602
2704
610
234
642
1854
2219
3436
279
3978
2842
1208
2855
219
89
95
145
244
3121
855
798
2281
2565
52
307
97
110
3754
910
3074
3147
2774
2817
2792
2691
3970
3887
2788
893
895
870
866
871
879
881
4032
4020
3985
4004
3981
4038
4033
4031
4019
4014
4013
4011
4010
4003
3998
3991
3984
4023
3994
4026
4000
3980
4017
3997
4018
3986
4021
4030
3988
3995
3983
4002
594
4001
4007
4029
4028
4025
4016
4009
3996
3992
3989
4036
4035
4034
4008
667
877
878
691
796
885
889
767
832
690
836
833
806
702
742
736
822
791
874
873
803
715
837
716
763
790
723
809
861
799
808
813
711
761
839
816
712
785
846
817
795
786
782
757
748
733
732
730
714
704
700
689
792
693
812
850
797
783
758
755
720
831
687
741
778
853
849
752
789
725
851
842
735
779
890
844
762
751
746
724
721
845
829
821
722
710
771
770
740
701
695
867
888
876
863
840
825
765
826
820
781
777
766
708
880
847
827
756
738
737
727
718
705
852
843
811
807
773
745
739
728
696
804
828
819
814
810
794
787
784
772
768
760
759
734
731
706
686
838
823
815
793
764
747
709
848
835
834
824
818
800
780
754
753
726
713
694
688
887
886
884
882
869
868
856
830
805
774
769
729
719
703
697
698
788
744
841
802
749
743
872
860
854
775
892
875
692
3131
2732
344
273
2930
3127
3269
3432
2245
61
160
296
263
147
31
347
222
164
131
126
258
16
275
181
306
218
4
208
165
156
268
250
124
283
103
274
190
341
108
36
2
152
319
227
3376
3338
3153
3372
3180
3358
3141
3333
3317
3305
3045
2736
3151
3130
2981
3139
3030
2798
3202
3058
2837
3217
2982
2794
3067
3409
2760
10
121
257
295
212
3
189
2094
2360
2487
2450
340
14
63
32
231
176
285
133
245
201
299
312
132
23
262
333
260
338
270
65
59
298
172
141
118
72
80
24
309
159
135
57
187
175
304
168
226
308
236
109
40
197
7
211
272
235
232
186
5
174
91
88
45
21
150
143
337
1
161
9
325
252
169
29
328
195
117
324
315
297
280
265
223
188
170
123
98
79
75
69
66
55
25
130
96
239
56
346
317
302
94
241
320
343
20
73
144
140
116
41
339
277
115
19
3282
3380
3240
2737
3244
3043
3246
2682
3402
3306
2790
3421
2921
3186
2900
3334
3103
3042
3268
3308
3266
3081
3229
2899
2726
2893
3241
3312
2831
2728
3262
3307
3015
3388
3095
2948
2745
3110
2697
3199
3112
2976
2811
2701
3346
2775
2980
2802
3316
2722
3393
2812
3144
3181
3285
3200
3211
3242
2876
3032
2816
3208
3093
3016
2731
3264
3066
2819
3137
3053
2861
3295
3288
3354
2975
2799
2776
3345
3275
3236
3075
2858
2967
3138
3326
3313
2772
3340
3328
3299
3204
2870
3206
2991
2804
3430
3231
3041
2989
2768
3382
2703
3021
3423
2699
3279
2771
3357
2791
2996
2952
3435
3023
2917
3135
3399
2867
2748
2758
3047
2741
3427
2928
2852
2843
3237
3193
3128
3126
3124
3309
3008
2889
2751
3107
2984
2868
3080
3360
3352
3109
3377
3111
2727
3325
3406
3239
2797
3250
3098
3040
3394
3025
3010
3286
3234
3114
3004
2890
2673
2997
3167
2709
2668
3084
3059
2888
2769
3327
3214
2825
2747
3022
3431
3272
3212
2696
3434
2849
3364
3166
3119
3104
3014
2988
2987
3252
2929
2924
2821
2810
3416
3351
3277
3116
2793
3315
3294
3052
3383
3064
2820
3073
3000
2993
3387
3238
3174
2897
2729
3150
3120
2965
2742
2662
2994
2908
2839
3085
2931
2907
2887
2874
3191
2830
2962
2671
3342
2937
3226
3142
2864
2827
2676
2666
3259
3050
2863
2832
3007
2990
3300
3090
2851
2809
2663
3172
2845
2828
2684
2938
3426
3303
2960
2880
2750
2695
3195
3117
3026
2911
2873
2872
2866
2754
2803
2723
2667
3321
3209
3046
3038
2716
3257
3184
2862
2763
2757
2738
2683
2679
3228
3129
3078
3054
2905
2835
2800
2694
3395
3189
3087
2914
2702
2686
3396
3261
3179
3318
3314
3390
3384
3339
3301
3284
3232
3096
3065
2985
2969
2966
2956
2913
2912
2909
2906
2877
2777
2689
3403
3225
3170
3132
2661
3196
3083
3012
2935
2865
2856
3353
2955
2934
2783
2735
3018
2898
2841
2836
2700
2665
3373
3332
3169
3089
3035
3034
2844
2719
2712
3263
3381
3347
3330
3247
3198
3145
3082
3060
3049
2939
2904
2901
2869
2853
2796
2778
2674
3397
3319
2949
3398
2958
2894
2733
3297
2826
2714
3813
2688
2813
329
323
229
200
185
148
113
50
39
27
26
13
217
1264
660
2548
2301
2580
2255
2570
1933
2260
2437
2514
2256
2584
2017
2248
1977
2535
2035
2008
2265
1978
2114
2342
1952
246
213
146
2522
2400
1969
2251
2080
2411
2238
2162
2435
2177
2452
2297
2182
2493
2295
2291
621
541
405
345
342
334
332
331
330
326
322
321
318
316
314
313
310
303
301
300
291
290
289
284
281
278
276
271
267
266
261
259
254
253
249
248
243
242
238
237
224
221
214
207
206
204
203
199
196
194
184
182
180
178
177
162
158
154
149
142
139
138
137
134
129
128
127
125
122
120
114
111
106
105
104
102
101
100
99
93
92
87
86
85
84
83
82
78
77
68
67
62
60
54
53
51
49
48
44
42
38
30
28
22
17
11
1194
655
3369
2762
3136
3057
1670
3355
3344
3291
3260
3182
3160
3106
3079
3070
3379
3176
3159
3069
3051
3219
3100
3019
2947
2730
3320
3072
3039
2875
3161
3374
3331
3157
3001
2957
2718
3287
3254
2848
2752
2818
3289
3420
3177
2829
2779
3253
3296
3036
3033
2961
2919
2916
2915
2896
2782
2746
2705
2664
3415
3366
3359
3210
3207
3203
3133
3086
3077
3002
2942
2780
2724
2711
3178
3162
3154
2995
2951
3433
3425
3422
3419
3418
3417
3414
3411
3410
3407
3405
3400
3392
3391
3378
3371
3370
3368
3367
3365
3363
3362
3361
3356
3350
3349
3348
3343
3341
3337
3336
3335
3329
3324
3323
3322
3302
3298
3293
3292
3283
3281
3280
3276
3274
3273
3270
3267
3265
3258
3256
3255
3251
3249
3243
3235
3230
3224
3223
3222
3221
3220
3218
3215
3213
3205
3197
3194
3192
3190
3188
3187
3175
3173
3171
3165
3164
3163
3158
3156
3155
3152
3149
3148
3146
3143
3140
3134
3125
3123
3122
3118
3115
3113
3108
3105
3102
3099
3097
3094
3092
3091
3088
3076
3071
3068
3063
3061
3056
3048
3044
3029
3028
3027
3024
3017
3013
3009
3003
2999
2992
2986
2983
2978
2977
2974
2973
2972
2970
2959
2954
2953
2950
2946
2945
2944
2943
2941
2940
2936
2933
2932
2927
2926
2925
2920
2918
2910
2902
2891
2886
2884
2882
2881
2879
2878
2871
2860
2859
2854
2850
2847
2846
2840
2834
2833
2823
2815
2814
2807
2806
2805
2801
2795
2789
2787
2786
2785
2784
2781
2773
2770
2767
2766
2765
2761
2759
2756
2755
2753
2749
2743
2739
2721
2720
2717
2715
2713
2710
2708
2707
2706
2698
2690
2687
2685
2681
2680
2675
2672
2670
2669
1038
1552
1546
1889
58
3185
3020
2923
3385
3248
3101
2822
1701
3201
2903
2693
3011
1792
1140
1890
1749
1476
909
1442
1133
1069
2979
2764
1419
1087
929
2885
2838
904
119
64
1817
1248
1154
937
1640
1090
584
605
1759
986
1776
1262
2016
2089
2208
2321
2474
2160
2632
2439
2422
2375
2113
2100
2051
2197
2658
2480
2096
2650
2486
2023
1956
2231
2528
2270
2141
2258
2036
2156
2456
2447
2397
2236
2070
1990
1937
2076
2277
2158
2444
2426
2355
2214
1944
2503
2314
2173
1936
2312
2242
2288
2345
2358
2263
2652
2415
2226
2572
2465
2252
2228
2134
2234
2656
2497
2316
1992
2106
2405
2107
2502
2599
2443
2350
2262
2455
2371
2193
1915
2293
2081
2608
2322
1965
1955
2432
2373
2317
1960
1922
2387
2628
2587
2412
2105
2082
2034
2618
2413
2479
2393
2019
2606
2603
2451
2243
2075
2031
1964
2556
2469
2607
2407
2383
2576
2476
2067
1986
2544
2296
2155
2644
2641
2637
2612
2610
2566
2557
2403
2310
2305
2254
2211
2205
2186
2145
2126
2085
2049
1975
2449
2543
2086
2555
2315
2102
2068
2057
2359
2484
2477
2306
2303
2271
1966
2362
2420
2298
2638
2579
2499
2391
1953
2648
2157
2025
1921
2446
2430
2408
2229
1941
2351
2283
2279
2198
2194
2128
2485
2423
2354
2331
2324
2276
2136
2095
2378
1968
2624
2623
2427
2278
2212
2131
2121
1983
2647
2633
2593
2542
2376
2216
2122
2115
2077
2055
2513
2207
1982
1924
2510
2372
2332
2042
2038
2563
2539
2520
2506
2489
2428
2418
2369
2340
2215
2213
2074
2065
2062
2060
2021
1984
1946
2511
2438
2390
2280
2274
2110
2053
2007
1959
2099
1928
2657
2640
2531
2337
2012
2006
1935
136
2050
2627
2159
2097
2018
2001
2620
2377
2338
2024
1947
1980
2635
2512
2508
2473
2445
2398
2327
2268
2259
2203
2183
2161
2151
2144
2127
2111
1994
1923
2646
2631
2619
2601
2600
2573
2559
2546
2492
2478
2404
2370
2347
2300
2253
2237
2190
2165
2150
2103
2093
2059
2040
