107
2754
3437
2575
705
0
696
3466
3521
2035
3924
1452
118
800
226
654
3714
204
3797
3739
20
3508
3826
1792
3465
4023
3470
184
266
788
3784
643
661
481
3756
140
3782
3447
1307
3953
457
815
631
3464
2082
3857
3814
160
3491
866
3333
905
3109
3999
1631
1141
3986
1733
3197
681
1421
1177
3672
2954
3967
3988
1936
3186
530
1030
848
127
876
280
172
1397
2847
4026
3288
129
120
1770
111
2715
562
1526
3917
3773
1178
1463
3764
2089
3540
97
130
2535
61
807
1719
684
2884
3130
1364
1650
1500
3817
3843
3311
1560
3222
644
3368
163
887
759
933
2941
3001
3546
986
1658
1748
632
3847
857
3512
805
3412
3370
1356
1419
3236
2942
1007
1860
1276
2879
3266
3482
3454
244
1896
304
2709
2051
211
660
318
3709
3644
126
435
3376
1478
1249
1109
3045
592
1698
47
153
769
1788
1965
3290
1328
928
3574
1085
3687
1505
3632
2974
3853
761
3910
39
1875
1880
3571
1905
974
2612
1422
260
3624
3905
3682
71
3628
1933
3479
2744
1105
3141
3829
3937
3983
3524
3828
3781
628
233
679
301
845
2774
853
781
806
2295
899
3881
3901
286
2938
2106
1355
1027
116
3606
3831
3563
3780
3902
3626
3695
3560
406
1151
3804
335
976
600
670
3701
398
3825
521
3157
3959
564
1425
813
1977
3960
309
135
196
1008
4033
1429
1934
854
278
157
937
4003
207
3372
332
4038
663
3310
3193
2528
1382
532
2658
3168
3922
44
41
633
1544
2881
3846
3647
1301
2983
3061
3916
3500
3041
3438
893
2779
3656
3974
390
3445
57
3200
3749
1120
732
2838
3700
973
3262
2704
3671
32
3161
3043
673
3451
556
1372
2857
639
454
1087
1693
3636
14
355
2882
3532
2827
51
2277
1697
287
259
3513
707
798
77
216
909
3970
65
1387
3777
4004
3848
3928
1537
2621
1140
812
139
1162
2832
1585
486
750
851
867
935
818
3987
804
202
1618
2732
753
1077
786
1053
2737
225
1119
624
3621
3613
2515
451
191
3912
2673
345
2599
234
401
2622
3977
1797
2402
269
445
2902
2580
3409
908
4015
2015
715
1642
1270
3588
2740
2817
1787
2080
2565
586
1091
2249
3686
3055
3964
3405
3665
1411
3053
2236
1336
1498
174
2099
152
674
803
1239
2899
2980
3678
714
757
585
295
2437
74
3890
54
1295
480
114
4007
3747
593
2848
78
3408
1607
911
2211
2023
2008
289
541
3336
1363
1802
1314
2914
58
1924
48
3649
3562
733
2263
1220
308
294
736
344
3735
1212
494
137
539
450
3066
1829
24
3982
4009
1337
3907
2256
1251
1481
3803
3617
3707
3543
794
787
695
690
3616
716
3127
799
3603
3786
4013
3582
3630
3874
3806
1266
938
772
923
3518
1588
1866
2360
1975
3862
612
1296
1010
1013
3807
3229
1306
1428
164
1094
596
3753
386
3599
2682
3042
2772
3099
2868
3658
274
1018
2834
3420
1865
1440
1883
1774
2852
1566
3207
3241
485
792
2195
2454
3533
658
583
1915
1651
1131
3246
1145
2764
2929
3334
617
1300
3245
2501
3361
3176
2822
3325
2036
3723
2670
3904
3861
3775
1299
959
1681
1830
1667
1672
1311
1262
2978
3300
4002
956
1098
3282
3946
2916
773
3854
193
95
1836
3661
471
3660
3870
3620
3931
1803
3037
3871
3595
214
3313
949
339
2697
4019
4014
3997
3536
3192
2856
3081
1764
29
128
250
961
186
1485
285
85
3772
1923
764
779
838
748
703
868
36
1043
3998
449
2927
2804
3985
3450
3131
2836
996
1494
1148
2794
1889
1016
1395
2627
1641
1088
1023
565
1837
3489
423
1026
3414
3952
2947
2846
2826
1657
1808
2965
1280
3842
3653
3580
1288
1579
914
1058
2644
2706
3474
2909
3529
3668
1093
4027
3260
636
3294
1226
680
615
918
529
2998
1386
613
1063
835
1089
850
2878
354
1745
3338
3147
1055
1967
900
988
2806
2841
3689
1492
3190
1274
1200
3460
3900
3614
1476
3459
3272
416
3726
162
3428
343
3003
3517
1519
3796
3674
1316
3575
3845
3407
3440
2314
3485
931
2389
1743
3785
3503
889
3403
3957
3744
3565
2403
3156
3016
943
1972
650
3492
3475
3495
873
944
2425
468
3265
1502
659
627
656
1627
3680
3955
546
2519
3896
870
3942
904
552
846
2858
1550
3121
299
3885
2825
94
2791
919
1365
251
3771
379
1469
3598
3732
2531
4000
3322
3836
1046
1048
871
3676
2534
3794
2431
93
3158
115
985
3137
2688
3323
2350
380
3592
1647
2671
442
3209
645
490
3683
3522
1922
2699
3415
3696
3919
983
3573
570
3835
1374
2067
1953
518
1870
3713
558
2107
3036
3600
1343
2173
3281
1801
300
80
3627
3789
2548
2048
1323
3269
1385
2808
2349
2767
3398
3572
2805
2141
3631
1193
1776
1165
3593
427
1988
3191
1575
575
422
1781
619
364
2908
1992
2961
151
2219
2
701
491
420
2013
778
1082
3095
2310
3808
2595
407
1168
2217
814
608
1182
3949
2634
669
2085
950
458
229
1558
962
1615
1950
219
3399
2487
1832
571
3421
3813
3008
3223
409
706
2792
2297
79
3029
2821
3287
855
3389
1038
2130
324
288
2442
3377
648
604
1252
3251
1490
3597
2569
1394
1760
60
3530
1869
890
2186
2788
3477
1629
3220
992
1152
2780
1726
1327
1568
1468
1660
907
1233
1444
1147
2204
351
3268
2066
210
4024
3424
2632
2895
1127
2776
3752
3400
2422
3973
86
2483
2232
3010
1443
3221
941
2091
1000
2618
2114
2158
2411
3170
2388
2100
3990
2741
3175
2231
1326
147
888
2818
2248
190
1961
1706
3882
2911
1517
1044
858
884
1531
3074
3936
3673
3666
2739
3865
3553
2545
3769
1096
2686
1878
3834
3180
2269
2424
198
1762
1084
554
1268
3927
3094
1174
1034
1170
3694
1710
327
3637
3787
746
453
762
700
989
1521
2861
704
837
2851
3100
2105
998
869
393
3699
821
405
3888
1874
2636
3256
2382
2450
3897
863
3730
3410
3860
349
2320
2752
2479
2291
3271
3326
699
3798
2701
782
3681
1928
1189
882
2843
2734
1696
3215
87
1510
1982
2285
3494
3048
2814
3418
1142
3925
165
910
2695
1164
462
237
328
145
2572
212
3641
2934
3788
246
340
336
2769
103
42
3352
1506
290
221
1218
3815
303
296
257
1899
91
3958
3811
133
83
248
217
3586
3365
110
1856
3856
138
3716
3340
3343
3476
3729
1497
1503
3933
96
2684
3992
358
3662
76
22
2524
1061
1241
3189
124
2736
2635
3446
591
3068
1
3210
307
279
263
929
1362
1100
3935
316
16
177
220
201
89
464
3622
255
3551
3213
1634
3879
2514
1368
3839
3063
1455
2177
602
3659
3067
73
4032
533
1913
81
2992
883
241
2441
275
1224
3102
3006
3691
1022
102
253
230
1655
3717
2207
218
362
1602
183
3650
43
195
3863
23
1625
2373
2119
1680
3317
2898
2034
2748
2448
426
2272
2525
2925
601
1885
2662
3706
1294
1606
3550
2129
19
1393
3837
2413
1815
1068
242
254
330
3878
3909
3486
3908
3721
3449
861
2304
3913
3488
3926
3596
3501
1527
312
2811
474
3346
640
3046
2687
2871
3299
1601
2645
1136
3052
3981
758
2641
2270
313
185
113
1229
4037
3327
3869
3583
3040
1499
979
2888
972
3849
2982
2222
1952
3011
1534
1744
2945
2900
1671
2705
2815
3096
3163
1594
3285
2703
3876
1872
389
1035
1640
3710
1847
1511
1648
840
3471
1321
1702
1234
1064
2949
310
939
161
795
839
789
3523
3883
3173
2885
3188
3128
551
455
369
469
2440
2209
3698
3776
3655
725
3270
2335
2238
2197
3354
1876
1378
1533
3455
2357
2665
3151
535
100
2650
2490
2426
258
213
88
75
322
3743
3868
2076
3581
3639
143
1217
913
1183
768
849
791
776
505
516
1666
1822
1441
1050
3357
3093
3171
1731
1450
1656
2439
7
