0
624
1834
891
4029
4012
11
3984
3134
3071
3031
2842
3801
3798
3570
2269
2079
668
613
1386
918
279
114
15
358
3709
4001
859
790
802
691
750
704
796
782
690
783
854
732
831
712
821
866
885
888
846
812
778
761
715
763
734
710
842
855
877
701
687
882
840
820
768
766
745
824
755
713
843
835
807
787
764
758
709
694
856
853
852
851
850
849
848
847
845
844
841
839
838
837
836
834
833
832
829
827
826
823
822
818
817
816
815
814
813
809
808
806
804
801
799
797
795
794
793
792
791
789
788
786
785
784
781
780
779
777
775
773
771
770
767
765
762
760
759
757
756
754
752
751
749
748
747
746
744
743
742
741
740
739
738
737
736
735
733
731
730
728
727
726
725
724
723
722
721
720
718
717
716
714
711
707
706
705
702
700
699
697
696
695
693
689
688
3999
3699
3811
895
894
893
890
889
887
886
884
883
881
880
879
878
876
875
874
873
872
870
869
867
864
863
861
858
830
828
825
819
811
810
805
803
800
798
776
774
772
769
753
729
719
708
703
686
2527
4037
4003
4016
3996
4038
4026
4014
3982
4017
4019
3998
3125
2442
3376
3175
3408
2692
3028
3427
3066
3429
3094
3006
3389
3127
3421
3317
2805
2723
3148
3213
2852
2715
3153
3315
3181
2902
2821
3312
3231
3229
3139
3114
2712
3300
2978
2663
2695
3314
2879
2811
2670
3080
2807
3243
3238
3073
2977
2953
2887
3375
3391
3206
3436
3023
3301
3237
3026
3000
2994
2960
2944
2911
2874
2761
2751
3349
3050
3364
2956
3107
3387
3149
3104
3096
3040
3004
2988
2929
2925
2906
2890
2773
2749
3744
3717
3885
3923
3749
3663
3781
3882
3911
3502
3676
3916
3806
3970
3638
3953
3976
3973
3965
3818
3897
3755
3439
3555
3776
3632
3896
3869
3833
3507
3933
3843
3713
3585
3531
3446
3627
3594
3695
3639
3562
3783
3607
3759
3698
3773
3769
3927
3758
3535
3532
3510
3708
3519
3764
3724
3486
3931
3630
3602
3515
3951
3718
3493
3891
3640
3819
3628
3538
3956
3909
3829
3921
3907
3778
3753
3705
3629
3599
3553
3949
3546
871
868
865
698
2595
2541
2632
2388
2227
2431
2051
2113
2070
2562
2402
2089
1996
2515
2426
2076
2156
2119
2651
2505
2219
2197
1974
1960
2613
2301
2452
2499
2015
2160
2120
2532
2056
2455
1922
4036
4035
4034
4033
4032
4030
4028
4027
4025
4024
4023
4022
4021
4020
4018
4015
4013
4010
4009
4008
4007
4006
4005
4004
4002
4000
3997
3995
3994
3993
3992
3991
3990
3989
3988
3987
3986
3985
3983
3981
2162
2342
3378
2584
3255
3236
3032
3190
2954
2771
2762
2736
3277
2661
2831
2992
3083
3012
2997
2856
2690
3306
3326
2941
2688
2576
2170
2506
2655
2646
2630
2615
2550
2418
2410
2356
2262
2220
2206
2200
2073
2060
1982
2580
2497
2453
2286
1936
1930
3341
3279
2720
3434
3332
3262
3188
3150
3115
3049
2914
2797
2742
3172
3160
2783
2753
2748
2882
3241
2713
3110
2780
2709
3365
2818
2790
3007
2955
2858
2686
3353
3140
3136
3174
2969
2942
2920
2896
2782
2705
2676
3159
2738
2727
2719
3162
3373
3302
2824
2995
2881
3359
3346
3266
3253
3077
3061
2957
2921
2829
2779
2737
2728
2682
3563
3736
3455
3527
3590
3852
3492
3592
3477
3779
3554
3469
3573
3966
3693
3978
3930
3929
3860
3667
3618
3525
3884
3841
3514
3461
3438
3877
3805
3734
3355
2903
2611
2546
2489
2381
2370
2363
2323
2300
2276
2257
2216
2172
2123
2118
2098
2088
2064
2037
1997
1993
1971
1946
1938
1917
2334
2490
2462
2641
2014
2252
2517
2210
2175
2637
2628
1952
2531
2652
2029
2525
2242
1987
2416
1958
2449
2434
2409
2249
2218
2092
2067
2058
2019
2012
2365
2222
2659
2284
2202
2159
2097
2000
1999
1923
2566
2396
2322
2273
2235
2232
2226
2214
2211
3418
3221
3435
3433
3432
3431
3430
3428
3426
3425
3424
3423
3422
3419
3417
3416
3415
3414
3413
3411
3407
3406
3405
3403
3402
3401
3400
3399
3398
3397
3396
3395
3394
3393
3392
3390
3388
3384
3383
3382
3381
3380
3379
3377
3374
3372
3371
3370
3369
3368
3367
3366
3363
3362
3360
3358
3357
3356
3354
3352
3351
3350
3348
3347
3345
3344
3343
3342
3340
3339
3338
3337
3336
3335
3334
3333
3330
3329
3328
3327
3325
3324
3323
3322
3321
3320
3319
3318
3316
3313
3311
3310
3309
3308
3307
3305
3303
3299
3298
3297
3296
3294
3293
3292
3291
3288
3287
3286
3285
3284
3283
3282
3281
3280
3276
3275
3274
3273
3272
3271
3270
3269
3267
3264
3261
3260
3259
3257
3256
3254
3252
3251
3250
3249
3247
3246
3244
3242
3240
3239
3235
3234
3233
3232
3228
3227
3226
3225
3224
3223
3220
3219
3218
3217
3216
3215
3214
3212
3211
3210
3209
3208
3207
3204
3203
3202
3201
3200
3199
3198
3197
3196
3195
3194
3193
3192
3191
3189
3187
3186
3185
3184
3183
3182
3180
3177
3176
3171
3170
3169
3167
3166
3165
3163
3161
3158
3157
3156
3155
3154
3152
3151
3147
3146
3145
3144
3143
3142
3141
3138
3137
3135
3133
3132
3131
3130
3129
3128
3126
3124
3123
3122
3121
3120
3119
3118
3117
3116
3113
3112
3109
3108
3106
3105
3103
3102
3099
3098
3095
3093
3092
3091
3090
3089
3088
3087
3086
3085
3084
3082
3081
3078
3076
3075
3074
3072
3070
3069
3068
3067
3065
3064
3063
3060
3059
3058
3056
3055
3054
3053
3052
3051
3048
3047
3046
3045
3044
3043
3042
3041
3039
3038
3037
3036
3035
3033
3030
3029
3027
3025
3024
3022
3021
3018
3017
3016
3015
3014
3013
3010
3009
3008
3002
2999
2998
2996
2993
2991
2990
2989
2987
2986
2985
2984
2983
2982
2981
2980
2975
2974
2973
2972
2970
2967
2966
2965
2963
2961
2959
2958
2952
2951
2950
2949
2948
2947
2946
2945
2943
2940
2939
2938
2937
2936
2935
2934
2933
2932
2931
2930
2928
2927
2926
2924
2923
2919
2918
2917
2916
2915
2913
2912
2910
2909
2908
2907
2905
2904
2901
2900
2899
2898
2897
2895
2894
2893
2891
2889
2888
2886
2884
2880
2878
2877
2876
2875
2873
2872
2871
2870
2868
2867
2866
2865
2864
2863
2862
2861
2860
2859
2857
2855
2854
2853
2851
2850
2849
2848
2847
2846
2845
2844
2843
2841
2840
2839
2837
2836
2835
2834
2833
2832
2830
2828
2827
2823
2820
2819
2817
2816
2815
2812
2810
2809
2808
2806
2804
2803
2802
2801
2800
2799
2798
2796
2795
2794
2793
2792
2791
2789
2788
2787
2786
2785
2784
2781
2778
2777
2776
2774
2772
2770
2769
2768
2767
2766
2765
2763
2759
2758
2757
2756
2755
2754
2750
2747
2746
2745
2743
2741
2739
2735
2733
2732
2731
2730
2729
2726
2722
2721
2718
2717
2716
2714
2711
2710
2708
2706
2703
2702
2701
2700
2699
2698
2697
2696
2694
2691
2689
2687
2685
2684
2683
2681
2680
2679
2677
2675
2674
2673
2672
2671
2669
2668
2667
2666
2665
2664
2662
860
216
164
3742
3444
3566
3551
3496
3880
3775
3673
3979
3977
3975
3974
3972
3971
3969
3968
3967
3964
3963
3960
3959
3958
3957
3955
3954
3952
3950
3947
3946
3945
3944
3942
3941
3940
3939
3938
3937
3936
3935
3934
3932
3928
3926
3925
3924
3922
3920
3919
3918
3917
3915
3914
3913
3912
3910
3908
3906
3905
3904
3903
3902
3901
3900
3899
3898
3895
3894
3893
3892
3890
3889
3888
3887
3883
3881
3879
3878
3876
3874
3873
3871
3870
3868
3867
3866
3865
3864
3863
3862
3859
3858
3857
3855
3854
3850
3849
3848
3847
3846
3845
3844
3842
3840
3839
3838
3837
3836
3835
3834
3832
3831
3830
3828
3827
3826
3825
3824
3823
3822
3821
3820
3817
3816
3815
3814
3813
3812
3810
3809
3808
3807
3804
3803
3802
3800
3799
3796
3795
3794
3793
3792
3791
3790
3789
3788
3787
3786
3785
3784
3782
3780
3777
3774
3772
3771
3770
3768
3767
3766
3765
3763
3762
3761
3760
3757
3754
3752
3751
3748
3747
3746
3745
3743
3741
3740
3739
3738
3737
3735
3733
3732
3731
3730
3729
3728
3727
3726
3725
3722
3720
3719
3716
3715
3714
3712
3711
3710
3707
3706
3704
3703
3702
3701
3700
3697
3696
3694
3690
3689
3688
3687
3686
3685
3683
3682
3681
3680
3679
3678
3675
3672
3671
3670
3669
3668
3666
3665
3664
3662
3661
3660
3659
3658
3657
3656
3655
3654
3653
3652
3649
3648
3647
3646
3645
3644
3643
3642
3641
3637
3636
3635
3634
3631
3626
3625
3624
3623
3622
3621
3620
3619
3617
3616
3615
3614
3613
3612
3611
3610
3608
3606
3605
3604
3603
3601
3600
3598
3597
3596
3595
3593
3591
3589
3588
3587
3586
3584
3583
3582
3581
3580
3579
3578
3576
3575
3574
3572
3571
3569
3568
3567
3565
3564
3560
3559
3558
3557
3552
3549
3548
3547
3545
3544
3543
3542
3541
3539
3537
3536
3534
3533
3530
3529
3528
3526
3524
3523
3522
3521
3520
3518
3517
3516
3513
3512
3511
3509
3508
3506
3505
3504
3503
3500
3499
3498
3497
3494
3491
3490
3489
3488
3485
3484
3483
3482
3481
3480
3479
3478
3476
3475
3474
3473
3472
3471
3470
3468
3467
3466
3465
3464
3463
3462
3460
3459
3458
3457
3453
3452
3450
3449
3448
3447
3445
3443
3442
3441
862
857
2658
2657
2656
2654
2650
2648
2645
2644
2639
2638
2636
2634
2633
2631
2627
2626
2625
2624
2623
2622
2621
2620
2619
2618
2616
2614
2612
2610
2609
2607
2606
2605
2604
2603
2602
2601
2600
2599
2596
2594
2593
2591
2590
2587
2586
2585
2581
2579
2578
2577
2575
2574
2573
2572
2570
2569
2568
2565
2564
2563
2561
2560
2559
2558
2557
2556
2554
2553
2552
2551
2549
2548
2545
2542
2540
2539
2537
2536
2535
2534
2528
2526
2524
2523
2522
2521
2520
2519
2518
2514
2513
2507
2504
2503
2500
2496
2495
2494
2493
2492
2488
2487
2486
2485
2484
2483
2482
2481
2480
2479
2478
2477
2476
2474
2473
2470
2469
2468
2467
2466
2465
2464
2461
2460
2457
2456
2454
2450
2448
2446
2444
2443
2441
2440
2439
2438
2437
2435
2433
2432
2430
2429
2428
2427
2425
2424
2423
2422
2421
2415
2414
2412
2411
2408
2407
2406
2405
2404
2403
2401
2400
2397
2395
2393
2392
2391
2390
2387
2386
2383
2382
2380
2379
2378
2376
2375
2374
2373
2371
2369
2367
2366
2362
2361
2360
2359
2358
2357
2354
2353
2352
2350
2349
2348
2346
2345
2341
2340
2339
2335
2331
2330
2329
2326
2324
2321
2320
2318
2317
2316
2314
2313
2312
2311
2310
2309
2308
2307
2306
2305
2304
2303
2299
2297
2296
2291
2290
2288
2287
2285
2281
2280
2278
2277
2275
2274
2272
2271
2270
2265
2263
2261
2260
2259
2258
2256
2255
2253
2251
2248
2245
2244
2243
2240
2238
2237
2236
2234
2233
2231
2230
2229
2228
2221
2217
2213
2212
2209
2208
2207
2205
2204
2201
2195
2193
2192
2190
2188
2186
2184
2182
2181
2179
2178
2177
2173
2168
2167
2166
2165
2164
2161
2158
2154
2152
2150
2147
2146
2145
2142
2141
2140
2139
2136
2131
2130
2129
2126
2124
2122
2121
2115
2114
2112
2110
2109
2108
2107
2106
2105
2104
2103
2101
2100
2099
2096
2095
2094
2093
2091
2090
2086
2085
2084
2083
2082
2080
2078
2077
2075
2074
2069
2066
2063
2061
2059
2057
2055
2050
2049
2048
2046
2045
2044
2043
2041
2040
2036
2035
2034
2033
2030
2025
2023
2022
2021
2020
2017
2016
2013
2011
2008
2006
2005
1992
1990
1989
1988
1986
1985
1984
1983
1981
1980
1979
1978
1977
1975
1970
1969
1968
1966
1965
1964
1963
1962
1961
1957
1956
1953
1950
1949
1944
1943
1942
1939
1937
1935
1934
1933
1931
1929
1928
1927
1925
1924
1921
1919
1918
1915
1914
468
581
625
4031
4011
3980
576
675
659
599
583
605
684
682
631
647
598
575
1395
1276
1162
1693
2825
2744
2436
2325
2283
2185
2155
2143
2071
2031
2003
1954
3258
3111
2869
2707
1607
3164
3097
3057
2642
2617
2588
2582
2567
2544
2529
2509
2502
2419
2413
2394
2389
2377
2355
2344
2343
2298
2295
2294
2246
2241
2215
2196
2189
2176
2169
2163
2153
2151
2149
2144
2137
2127
2087
2072
2062
2052
2039
2026
2010
2002
1994
1959
1947
1941
1940
1916
1913
1690
3385
3361
3265
3248
3222
3101
2979
2822
2693
3409
3386
3205
3079
3062
3020
3019
3011
3005
2964
2883
2764
2760
2734
2725
2678
1552
1599
2608
2597
2592
2555
2547
2530
2516
2512
2501
2420
2399
2385
2372
2368
2351
2347
2338
2333
2332
2328
2327
2315
2293
2282
2266
2239
2198
2194
2191
2183
2148
2134
2132
2125
