0
742
4000
4007
1353
145
4029
3959
4028
667
3650
71
1394
4032
97
1387
3560
885
871
47
2732
293
581
3407
2541
3143
215
910
292
3271
3504
441
877
3729
1253
3987
4037
4003
3946
3805
4033
1788
2903
401
3727
377
3990
253
386
3820
3854
2714
247
585
216
3006
3127
1342
1627
1855
4035
2998
3746
1510
911
3798
3925
2634
1607
3923
594
498
358
3709
1326
2860
3745
1558
4010
2437
3816
4012
540
3310
4006
1834
209
3045
3134
743
790
2814
860
1208
2808
791
572
3682
721
832
788
2900
717
692
3801
3678
1430
2704
3570
437
699
2569
775
1383
3513
138
3935
750
987
183
3875
371
1969
894
3588
256
1096
1854
411
3445
384
2269
1466
3059
1762
46
891
234
657
2691
1065
2470
1386
160
233
154
1560
18
1455
27
892
2740
379
3928
1133
244
608
1346
3489
607
602
562
287
240
282
164
2100
241
3910
2736
1240
42
3037
1654
356
3887
467
499
532
3694
3787
2178
2321
2245
2041
1956
1890
1071
454
564
501
399
393
476
198
364
1657
1776
912
642
174
2930
3251
3180
3372
895
870
881
879
858
866
859
872
887
776
867
1486
307
4001
4025
4016
3992
4011
3989
4017
4036
4031
4027
4026
4022
4015
4013
4008
3996
3988
3983
4038
4034
4014
4002
3998
4020
3993
4019
4018
3980
4023
4021
4004
3997
3986
3982
4030
3994
3981
4009
3995
3985
4024
4005
3999
3991
3984
888
863
889
729
785
886
875
873
865
821
861
846
722
710
798
767
725
701
884
864
796
850
771
851
811
786
833
712
714
782
746
789
893
878
876
869
734
774
700
844
812
795
890
840
751
706
761
727
698
810
847
794
762
711
763
836
784
778
773
741
715
693
880
835
760
753
764
704
843
828
720
853
849
780
772
855
854
852
845
841
839
838
837
834
826
825
822
818
816
813
806
804
802
800
799
769
768
759
757
737
736
733
732
723
709
707
702
696
691
690
689
856
848
824
792
735
728
713
708
808
842
830
829
815
814
807
766
756
754
752
738
731
726
724
719
697
695
694
820
827
793
787
755
831
770
803
781
748
747
745
730
716
705
703
823
797
779
777
765
739
688
686
819
809
805
783
758
740
718
687
817
874
882
883
801
749
744
868
857
3638
3922
3864
3700
147
167
3749
3720
3901
3811
3716
3977
3865
3724
3976
3890
3606
3441
3536
3580
3652
3579
3546
3774
3911
3666
3742
140
32
202
95
243
190
3874
3802
3715
3878
3494
3955
3643
3812
3789
3444
3725
3859
3602
3524
3499
3473
3615
3896
3468
3963
3679
3947
3914
3909
3458
3751
3951
3855
3768
3535
3975
3483
3835
3809
3478
3949
3538
3728
3714
3572
3569
3509
3822
3498
3486
3957
3840
3960
3836
3571
3476
3862
3921
3907
3867
3713
3599
3443
3593
3932
3844
3541
3740
3608
3776
3973
3818
3645
3601
3558
3821
3442
3584
3881
3793
3770
3617
3614
3931
3777
3549
3759
3900
3671
3903
3826
3718
3711
3591
3515
3463
3783
3924
3719
3648
3646
3894
3662
3624
3585
3676
3508
3937
3784
3668
3583
3837
3863
3953
3619
3543
3562
3722
3708
3632
3695
3613
3669
3876
3767
3710
3629
3775
3681
3941
3603
3940
3847
3861
3621
2017
2422
2227
2358
2158
2166
2545
2357
2238
2105
1950
316
131
2
6
343
57
310
28
93
173
296
180
92
299
327
89
220
151
44
41
17
184
69
129
338
295
30
909
108
153
197
159
127
96
152
38
55
229
344
75
10
146
2424
2262
2454
2651
1974
3917
3912
3868
3739
3567
3852
3464
3850
3769
3685
3598
3455
3492
3707
3559
3565
3967
3920
3655
3786
3761
3738
3612
3843
3825
3764
3690
3622
3915
3680
3529
3507
3510
3474
3460
3459
3640
3972
3969
3965
3958
3956
3952
3936
3933
3908
3906
3904
3899
3897
3895
3893
3892
3891
3883
3871
3870
3869
3866
3857
3853
3848
3846
3834
3833
3829
3827
3823
3819
3815
3814
3813
3810
3806
3803
3799
3794
3792
3791
3785
3782
3778
3773
3771
3763
3758
3757
3754
3753
3752
3747
3743
3735
3733
3726
3706
3705
3704
3701
3699
3698
3696
3689
3675
3665
3664
3663
3661
3660
3659
3658
3657
3654
3653
3647
3644
3641
3637
3636
3634
3631
3630
3623
3620
3616
3607
3595
3590
3587
3582
3581
3578
3576
3575
3568
3564
3555
3553
3539
3537
3534
3532
3531
3530
3519
3511
3506
3505
3500
3493
3490
3487
3482
3481
3472
3466
3465
3450
3447
3446
3439
3845
3888
3839
3522
3574
3452
3484
3730
3518
3462
3610
3544
3627
3542
3514
3503
3902
3795
3970
3526
3461
3919
3918
3913
3898
3832
3790
3744
3717
3649
3639
3533
3523
3516
3502
3488
3479
3467
3731
3497
3470
3547
3702
3762
3670
3557
3528
3477
3858
3788
3737
3485
3438
3966
3873
3930
3884
3860
3838
3804
3527
3916
3926
3703
3667
3780
3736
3563
3475
3471
3683
3635
3605
3779
3979
3626
3589
3889
3765
3712
3545
3517
3480
3454
3552
3520
3496
574
632
628
3566
3551
485
529
349
2024
2383
2263
1921
2320
2019
2182
2614
2558
2444
1924
1925
2456
2051
2534
2089
2487
2159
2013
2256
2014
1961
2618
2540
2448
2439
2375
2613
2656
2562
2225
2025
1928
2251
2130
2015
2080
2077
2628
2570
2402
2373
2455
2405
2162
2070
1960
1922
2548
2230
2160
2341
2211
2197
2228
2650
2591
2514
2234
2060
2497
2403
2205
2186
2175
2442
2265
2590
2480
2371
2236
2231
2412
2114
2192
2640
2447
2337
1957
2645
2633
2378
2009
2311
2299
1946
2622
2207
2647
2018
2644
2314
2248
2515
2477
2393
2339
1979
2499
2478
2387
2376
2147
2131
2112
2058
2513
2443
2349
2503
1936
2193
2119
2035
2636
2494
2097
2061
2022
2016
1976
1951
1935
2576
2549
2449
2353
2164
2084
2044
1962
1942
2639
2626
2538
2050
2000
1998
2173
2146
2096
2523
2388
2577
2488
2360
2397
2335
2049
2593
2574
2539
2482
2261
1929
2638
2602
2553
2504
2253
2200
1993
1953
1943
2435
2027
2011
2006
1995
1980
178
45
5
281
306
195
268
16
126
85
49
135
51
314
23
274
302
254
227
29
39
116
20
317
242
132
60
219
226
144
115
14
303
104
346
257
204
191
88
342
123
62
3
334
199
66
337
326
214
137
163
278
263
102
182
300
187
101
48
273
4
117
308
83
332
285
271
212
188
161
118
325
283
277
232
221
186
103
94
73
40
266
249
53
185
319
312
239
238
109
59
21
323
304
297
291
203
156
141
134
105
110
347
340
246
213
168
65
466
534
365
1368
955
655
320
284
280
272
231
72
331
224
339
248
176
170
148
79
67
56
50
1
2774
2379
2170
2413
2277
2362
2270
2453
928
2316
2521
2469
2433
2414
2410
2240
2115
2578
2404
2288
2220
2218
2109
2098
2069
2005
1989
1984
1938
2531
2312
2655
2604
2563
2559
2522
2500
2492
2489
2485
2423
2408
2370
2363
2244
2201
2188
2179
2139
2093
2074
2020
2110
2252
2309
2303
2092
2067
2209
2627
2416
2305
2107
2652
2572
2459
2554
2150
2659
2658
2585
2202
1968
1931
1927
1919
1952
2631
2630
2623
2615
2607
2564
2546
2536
2532
2506
2446
2409
2407
2392
2386
2374
2354
2329
2290
2287
2276
2275
2258
2212
2172
2124
2123
2122
2108
2104
2103
2088
2083
2045
2043
1963
1913
2637
2520
2142
2571
2155
2348
2210
2366
2266
2259
2274
2221
2594
2529
2432
2427
2222
2062
2581
2429
1964
2612
2557
2367
2310
2214
1944
1923
2232
2641
2273
2635
2345
136
2643
2589
2502
2343
2268
2582
2400
2233
2116
1972
2518
2368
2304
2295
2243
2176
2161
2537
2436
2241
2177
2075
1970
2567
2154
2501
2451
2420
2285
2599
2372
2254
2235
2138
2063
1955
2524
2471
2377
2351
2315
2282
2194
1947
2611
2573
2495
2472
2464
2462
2458
2395
2381
2340
2324
2323
2300
2280
2271
2257
2148
2090
2087
2078
2072
2007
2002
1985
1971
1945
1154
939
1579
3628
3604
3521
3697
3672
3573
3491
3828
3756
3741
3656
3642
3609
3964
3945
3927
3554
3469
3817
3693
3688
3611
3540
3437
3950
3851
3677
3512
3943
3877
3842
3841
3800
3760
3692
3674
3625
3596
3978
3944
3934
3929
3880
3831
3830
3824
3796
3750
3721
3687
3651
3618
3548
3456
3449
3448
3971
3968
3938
3886
3755
3734
3684
3633
3600
923
1193
3948
3872
3592
3586
3550
1764
1474
1403
1057
986
1749
1967
592
621
616
658
595
620
611
640
599
625
612
661
582
684
664
636
644
618
617
670
662
647
635
583
578
627
680
672
666
626
623
622
603
598
575
3961
3723
685
682
631
579
949
551
541
351
372
518
418
508
435
440
449
533
448
543
522
382
390
421
652
478
425
407
535
609
549
481
442
521
489
457
369
495
548
415
568
470
554
505
2660
2657
2654
2648
2646
2642
2632
2625
2624
2621
2620
2619
2610
2608
2606
2603
2601
2600
2592
2587
2586
2584
2583
2579
2575
2568
2566
2565
2561
2560
2556
2552
2551
2550
2535
2528
2526
2525
2519
2517
2507
2505
2493
2490
2486
2484
2481
2479
2476
2474
2473
2467
2466
2465
2463
2461
2460
2452
2450
2445
2441
2440
2438
2434
2430
2428
2426
2425
2419
2418
2417
2415
2411
2406
2401
2398
2396
2391
2390
2384
2382
2369
2365
2364
2361
2359
2356
2355
2352
2350
2346
2342
2334
2331
2327
2326
2325
2322
2318
2317
2313
2308
2307
2306
2301
2297
2296
2291
2286
2284
2281
2279
2278
2272
2264
2260
2255
2250
2249
2242
2237
2229
2226
2219
2217
2216
2213
2208
2206
2190
2184
2181
2171
2167
2165
2157
2156
2152
2145
2141
2140
2137
2136
2135
2133
2129
2126
2121
2120
2118
2113
2101
2099
2095
2094
2091
2086
2085
2082
2076
2073
2068
2066
2064
2059
2057
2056
2055
2054
2048
2047
2046
2042
2040
2039
2037
2036
2033
2030
2029
2023
2021
2012
2010
2008
2004
2001
1999
1997
1996
1994
1992
1991
1990
1988
1987
1986
1983
1982
1981
1978
1975
1973
1966
1965
1958
1949
1939
1937
1934
1933
1930
1926
1918
1917
1915
1914
345
341
333
330
328
322
321
315
313
311
309
301
298
288
286
279
276
275
265
261
260
258
255
252
251
250
237
236
230
228
225
223
222
218
211
208
207
206
205
200
196
194
193
192
179
177
175
172
169
165
162
158
149
143
142
133
130
128
125
124
122
121
114
113
111
106
100
99
98
91
87
86
84
82
81
80
78
77
76
70
68
63
52
34
31
26
25
24
22
19
13
12
9
8
7
586
504
439
387
398
391
669
570
451
360
673
646
634
610
553
545
523
511
502
490
488
367
359
355
354
587
558
456
362
408
404
463
402
385
1896
1223
1053
1853
1442
899
679
614
1631
525
507
461
444
392
520
479
1043
1063
1856
1870
1095
1400
630
217
329
324
119
3074
2834
2902
998
950
1697
1865
1286
1027
1094
1144
1599
1268
1648
1378
1226
1808
2653
2598
2555
2511
2509
2399
2330
2319
2283
2246
2239
2224
2203
2185
2149
2132
2038
2031
2003
1920
1705
1251
1061
1022
1884
1719
1676
2617
2616
2609
2605
2597
2588
2547
2544
2543
2533
2498
2475
2468
2394
2389
2347
2344
2298
2294
2293
2292
2215
2199
2198
2196
2189
2187
2183
2174
2163
2151
2144
2143
2134
2127
2117
2111
2102
2071
2052
2032
2028
2026
1954
1940
1932
1916
1744
931
1837
1371
1333
1183
1018
1815
1005
1489
1016
1166
1895
1880
1568
938
1887
1381
1355
1889
1664
2649
2629
2542
2530
2516
2512
2510
2508
2496
2491
2385
2338
2336
2333
2332
2328
2302
2289
2267
2247
2223
2191
2180
2169
2153
2128
2125
2081
2065
2053
1959
1948
1941
1829
1713
1436
1905
1585
1258
994
1247
1494
1328
1830
1143
1602
1248
1220
1747
1186
1755
961
1733
901
1284
1141
1500
1310
1873
1671
915
1438
1309
941
1295
1672
1188
1202
1127
1452
904
1649
1158
1739
1356
1002
1555
1360
908
1492
1482
977
1790
1464
1892
1784
1629
1468
958
1857
1715
1573
1462
1082
1550
936
1773
1785
937
1859
1812
1728
1635
1413
1345
1292
1279
988
1634
1667
3962
3797
3577
3561
3556
