0
4015
4010
3183
1386
2470
4034
4008
292
2269
3856
2079
3709
18
638
3729
3935
2569
624
801
11
43
2842
282
3003
2838
594
3980
3981
3982
3986
3988
3989
3993
3994
3995
3997
3998
4002
4004
4009
4013
4014
4017
4018
4019
4020
4021
4023
4026
4027
4030
4031
4038
3985
4000
4003
4025
4037
4011
3996
3999
4016
4007
3990
4005
4033
3992
3991
3983
4032
4006
4036
4028
4029
4012
244
3987
4001
4024
4022
4035
210
3798
3974
674
3071
2195
15
1096
1119
1145
607
3451
1560
585
358
891
1581
215
1466
602
1206
911
209
12
3984
2596
3453
883
892
668
692
613
875
287
3230
3820
3031
3570
550
3650
918
447
608
1834
2457
335
37
3748
74
114
3853
233
256
642
3407
581
3268
42
33
3746
3846
90
749
145
401
47
286
1224
377
1270
3134
744
2704
1558
3942
1394
841
775
1430
216
3808
1276
3807
1854
443
52
1233
3704
2740
234
3885
2541
183
3408
255
3688
1967
859
379
241
160
3959
138
154
3879
1690
316
70
3125
2814
1326
1065
1176
1755
3922
3732
1395
750
305
267
3875
2788
279
35
153
2857
2382
648
3282
699
468
3854
3589
3006
205
860
1262
179
301
2792
904
3037
2691
2483
81
3801
386
383
182
3691
1208
2595
411
667
61
1627
899
253
1586
3816
321
2975
2722
3560
499
76
1046
454
293
247
157
2714
1693
1353
1071
785
656
356
155
97
3955
2860
854
448
294
3744
3717
1362
112
3733
3582
1760
164
3597
743
660
207
2998
2808
2442
2168
3699
3689
3467
2178
1027
228
3575
2798
191
2380
1546
1253
1252
3413
3375
2952
571
2922
3928
757
71
49
3811
336
240
2481
1034
2527
717
1194
855
3897
1105
206
3965
3954
852
174
3765
851
652
406
201
2963
2106
1002
877
788
552
384
1996
166
3952
3910
3686
3588
3121
2971
1510
996
270
262
220
3673
1651
894
893
572
530
327
288
190
3882
3494
2204
1856
1762
1383
865
453
124
120
3978
3939
3781
3653
3537
1797
1022
884
802
467
3953
3619
2855
2441
1937
1713
1031
945
832
673
289
202
3544
3143
2885
1969
790
3946
3565
1474
721
192
46
2565
2437
929
868
866
307
250
125
3865
3844
3795
3742
3660
3147
3059
2431
2219
1711
1607
1417
1295
1200
864
858
193
3694
3676
3637
3310
3290
3227
2980
2736
2580
2015
1657
1486
1346
1264
879
735
704
671
283
3925
3890
3887
3859
3839
3724
3632
3489
3305
3217
3161
2774
2634
2505
1890
1777
1776
1579
1476
1455
1263
1147
890
880
873
825
740
649
593
562
498
485
472
464
371
365
245
147
110
34
27
3963
3936
3849
3848
3806
3805
3787
3751
3745
3700
3678
3665
3606
3513
3477
3447
3444
3441
3429
3370
3270
3197
3165
3127
2902
2884
2817
2725
2721
2493
2422
2167
1961
1838
1521
1442
1354
1240
1168
1057
1038
910
895
889
888
887
886
885
882
881
878
876
874
872
871
870
869
867
863
861
856
853
850
849
848
847
846
845
844
843
842
840
839
838
837
836
835
834
833
831
830
829
828
827
826
824
823
822
821
820
819
818
817
816
815
814
813
812
811
810
809
808
807
806
805
804
803
800
799
798
797
796
795
794
793
792
791
789
787
786
784
783
782
781
780
779
778
777
776
774
773
772
771
770
769
768
767
766
765
764
763
762
761
760
759
758
756
755
754
753
752
751
748
747
746
745
742
741
739
738
737
736
734
733
732
731
730
729
728
727
726
725
724
723
722
720
719
718
716
715
714
713
712
711
710
709
708
707
706
705
703
702
701
700
698
697
696
695
694
693
691
690
689
688
687
686
655
351
349
264
235
163
152
126
77
63
32
6
3979
3977
3976
3975
3973
3972
3971
3970
3969
3968
3967
3966
3964
3962
3961
3960
3958
3957
3956
3951
3950
3949
3948
3947
3945
3944
3943
3941
3940
3938
3937
3934
3933
3932
3931
3930
3929
3927
3926
3924
3923
3921
3920
3919
3918
3917
3916
3915
3914
3913
3912
3911
3909
3908
3907
3906
3905
3904
3903
3902
3901
3900
3899
3898
3896
3895
3894
3893
3892
3891
3889
3888
3886
3884
3883
3881
3880
3878
3877
3876
3874
3873
3872
3871
3870
3869
3868
3867
3866
3864
3863
3862
3861
3860
3858
3857
3855
3852
3851
3850
3847
3845
3843
3842
3841
3840
3838
3837
3836
3835
3834
3833
3832
3831
3830
3829
3828
3827
3826
3825
3824
3823
3822
3821
3819
3818
3817
3815
3814
3813
3812
3810
3809
3804
3803
3802
3800
3799
3797
3796
3794
3793
3792
3791
3790
3789
3788
3786
3785
3784
3783
3782
3780
3779
3778
3777
3776
3775
3774
3773
3772
3771
3770
3769
3768
3767
3766
3764
3763
3762
3761
3760
3759
3758
3757
3756
3755
3754
3753
3752
3750
3749
3747
3743
3741
3740
3739
3738
3737
3736
3735
3734
3731
3730
3728
3727
3726
3725
3723
