0
836
3981
2595
852
3183
893
4008
15
287
2483
3983
4001
89
4028
256
190
411
3143
3031
2774
3978
4015
894
1208
3650
441
90
43
3890
1105
3305
146
2671
2204
691
1466
286
3935
244
183
401
1253
247
241
3959
447
3688
42
2437
638
356
3820
181
3689
3451
717
3669
4025
3251
3996
3991
899
3974
3682
3928
3733
3808
182
2167
1276
3444
3071
3787
129
4022
2565
2968
2441
585
1383
3552
743
3770
4018
316
1353
51
1057
581
114
3432
3560
3489
1627
2013
1096
3999
2788
390
2051
883
349
4033
468
1586
1326
220
4024
3853
3134
1560
164
858
3922
785
2798
867
859
798
3175
775
311
235
153
443
245
18
3282
3413
205
891
193
3806
2358
371
3807
744
3844
945
174
65
655
3653
76
282
1797
379
3125
1498
293
283
1967
3699
1908
3453
386
1301
3333
607
2902
228
671
237
3407
3389
1346
1206
358
61
1865
912
3053
240
3268
3121
317
3899
3717
2382
608
3946
562
1755
192
301
550
3952
3570
3736
1581
2527
3006
2178
209
918
613
3744
2971
3597
71
660
485
3939
1270
335
3965
624
47
52
1776
3749
3720
3789
871
262
642
1157
3161
2481
1956
2487
2245
2301
2281
2094
3544
3954
4007
3990
3864
3911
49
120
81
2721
1890
1027
1002
476
501
399
364
564
198
879
3127
3074
3055
2817
498
233
219
6
147
319
95
864
884
855
4037
4017
4032
4029
4021
4009
4038
4003
3998
3982
4014
4027
4016
4011
4006
3997
3989
4020
4013
4002
4023
4019
3994
3986
4026
3980
4031
4030
3995
3993
4004
3988
3985
4034
4012
594
3992
4000
4005
4036
4010
3987
3984
4035
667
873
863
786
854
756
890
895
881
874
872
885
877
869
846
720
886
861
804
723
779
709
782
735
813
727
820
730
733
753
892
887
875
870
866
776
856
765
696
693
701
706
797
832
710
811
769
741
734
807
739
728
810
845
809
793
758
849
787
841
889
888
878
876
834
794
766
754
711
770
763
718
830
827
824
795
752
705
880
847
814
772
738
737
715
695
687
746
736
767
745
703
838
835
828
853
848
844
842
831
829
819
784
781
774
773
760
747
731
722
719
708
698
697
688
788
702
843
840
837
826
825
823
821
815
812
808
803
800
799
791
790
783
780
778
777
764
762
761
759
755
751
748
740
729
726
725
724
721
716
700
694
690
805
796
707
742
714
817
816
792
713
822
768
732
686
818
833
712
689
850
839
802
789
771
806
882
704
851
750
699
692
801
757
749
860
865
868
857
139
85
157
3271
168
294
229
3
195
328
4
295
298
251
208
327
126
162
54
50
225
39
258
340
72
212
313
318
63
55
268
124
300
191
143
221
88
276
141
134
222
13
60
243
289
151
2008
269
2388
2263
2227
2431
2621
2548
2422
2152
2238
1930
1937
2634
2314
2113
1933
1922
2861
3147
2650
2626
2158
338
344
280
128
2456
2105
2360
2405
2286
2050
194
231
77
265
109
73
16
238
98
59
105
132
334
113
69
227
259
110
91
187
180
92
342
104
284
103
79
26
9
309
135
108
306
152
78
271
322
291
257
239
40
5
310
260
320
277
172
127
28
232
224
1
226
312
17
2
44
20
53
24
119
278
263
102
68
314
246
161
175
25
148
123
121
299
94
274
188
323
272
248
213
200
199
196
31
10
21
297
261
223
186
170
130
177
345
142
337
93
303
236
178
56
48
252
211
118
267
155
158
41
326
214
144
3244
2114
2346
1950
351
329
1657
2316
2129
2119
2070
2618
1936
2587
2193
2337
2012
2000
1957
1934
2486
2622
2558
2528
2439
2375
2217
2100
2089
2535
1961
2373
2335
1949
2357
1990
2255
2412
2251
2015
2160
2181
2424
2260
2540
2656
2614
2488
2448
2231
2421
2011
2321
2041
2444
2503
2049
2648
2389
2097
2658
1998
2341
2645
2636
2435
2004
3354
3216
3122
2799
3307
3393
3126
3128
2851
2983
3044
3428
2899
2888
2710
2961
3045
3030
2807
2731
2884
3315
3138
2980
2821
2804
2766
3294
3156
3424
3289
3390
3135
2981
3095
3382
2834
2767
3423
3392
2769
3375
3249
2791
2824
3066
2933
2797
2978
2952
2700
3341
2941
2182
2515
2513
2426
2207
2076
2443
2262
2213
2591
2536
2467
2554
2469
2454
1946
2546
2350
2124
2060
1989
2579
2552
2549
2164
2115
1979
2551
2507
1962
2584
2391
2524
2504
2258
2545
2553
2147
2123
1925
2025
2006
2585
2202
2001
1958
1935
1931
1927
2657
1980
1968
2620
1919
2523
2317
1975
2085
2023
2440
2166
2048
2453
2568
2490
2287
2647
2284
2157
1991
339
308
156
122
7
2342
2126
2236
2197
2091
1977
1965
1960
1913
2496
2580
2497
2403
2371
2248
1984
2561
2556
2532
2484
2477
2409
2374
2363
2323
2212
2140
2118
2109
2098
2083
2043
1986
1963
1929
2619
2606
2593
2521
2500
2395
2331
2276
2261
2184
2179
2108
2095
2059
2040
2492
2430
2423
2414
2407
2271
2257
2229
2055
2021
2586
2464
2359
2311
2308
2253
2206
2104
2033
2005
2205
2639
2655
2092
2044
1985
2459
2447
2171
2018
1995
1928
2208
1976
2326
2288
2112
2291
2339
2218
2432
2228
1973
2625
2578
2564
2485
2418
2404
2329
2278
2237
2093
2090
2045
1953
1917
2067
2599
2393
2088
2084
2566
2186
2003
2611
2478
2427
2452
2557
2142
1982
2266
1224
324
64
347
346
343
332
331
330
325
321
315
307
304
302
296
290
285
281
270
266
264
253
249
242
206
204
203
197
189
185
184
176
169
167
163
160
159
154
150
149
145
140
138
137
133
117
116
115
112
111
101
100
99
96
87
86
84
82
80
75
67
66
62
57
46
45
38
35
32
30
29
27
23
22
19
14
12
11
3091
2697
2635
2324
1974
2221
2065
2211
2209
2145
2597
2390
2583
2027
2116
2525
2517
2514
2406
2362
2322
2270
2242
2185
2659
2627
2538
2024
2571
202
910
1147
2660
2654
2651
2644
2640
2638
2633
2632
2630
2628
2615
2613
2612
2607
2602
2581
2577
2576
2574
2573
2570
2562
2559
2534
2531
2526
2520
2506
2499
2495
2494
2493
2480
2466
2462
2455
2450
2446
2442
2428
2416
2411
2410
2408
2402
2401
2397
2386
2380
2378
2369
2367
2364
2361
2354
2353
2352
2349
2348
2320
2313
2309
2307
2306
2304
2300
2297
2296
2290
2277
2275
2265
2252
2230
2226
2225
2216
2195
2192
2177
2175
2173
2170
2168
2165
2162
2156
2146
2141
2136
2130
2122
2120
2110
2107
2106
2103
2099
2082
2080
2078
2077
2073
2066
2064
2037
2036
2035
2034
2022
2020
2017
2016
2014
1999
1997
1996
1992
1978
1972
1969
1952
1951
1944
1938
1918
1915
1914
3235
3246
3068
2692
3349
2737
3368
3063
3067
3292
2818
3346
2858
2843
2955
3394
2809
3124
3112
2918
3075
2718
2672
3427
2972
2819
2879
3058
2811
3337
2735
3092
2995
2942
2726
2984
2709
2790
3184
3383
3221
3331
2783
2708
2889
3255
2878
2876
3218
3200
3105
3024
3316
3145
3018
2727
2690
3301
3260
2846
3187
3130
3191
2713
3367
3300
3123
3158
3139
3010
2789
3352
3398
2685
3241
3243
3014
3419
3344
3242
3276
3336
3322
3083
3108
3170
2936
2701
2870
3137
3042
3372
2997
3054
3073
2850
2993
2891
3353
3306
3206
2855
2844
3288
3114
2743
3310
2871
3400
3232
3029
2988
2929
2756
2663
3416
3199
3215
3430
3399
3250
3149
2757
2676
3324
2985
2746
3228
2953
2759
3220
3195
3142
3004
2974
2928
2924
2761
2683
2681
2680
2679
3317
3269
3257
3231
3080
2738
3208
3016
3015
2795
3412
2992
2662
2973
3417
3284
2777
3065
2987
2925
2872
2800
2705
2666
3041
3293
3163
3056
3025
2986
2794
2689
3234
2909
2805
2763
2741
3391
3214
3198
3007
2787
2780
2753
2674
3267
2991
2665
3162
2711
3435
3238
3166
2994
2862
2782
2729
3328
2895
2803
3252
3102
3327
3279
2667
3113
3093
3043
2841
3119
3104
2915
2908
2890
2880
2786
2698
3364
2896
2754
3173
3387
2669
2825
2771
3339
3085
3033
2956
2912
2755
2694
3264
3171
3146
2901
2723
3035
2853
2938
3362
3000
2966
2960
2945
2944
2927
2920
2910
2877
3325
3283
3008
2670
3318
3311
2982
2959
3275
3248
3213
3023
2967
3426
3414
2943
2664
3374
3177
3110
3332
3291
3274
3261
3247
3132
3038
3021
2989
2687
3003
2838
1197
3169
3115
2722
3335
3277
3225
3150
2939
2849
2796
2770
2742
3345
3239
3120
2996
2748
3347
3148
3017
3051
3405
3425
3401
3219
3050
3032
2926
2921
2816
2675
3295
3154
3136
3077
2829
2688
3192
3152
3097
2935
2785
3365
2831
2801
2724
3140
2720
2716
2856
3002
3342
3151
3090
2739
3356
3273
3062
2820
3081
3061
2946
3385
3253
3236
3196
2951
2932
2784
2730
1038
1372
1354
2298
2029
2425
2058
1988
2560
2210
2530
2413
2312
2438
2392
2652
2544
2071
2641
2637
2272
1923
2646
2631
2624
2601
2590
2575
2563
2550
2542
2539
2482
2460
2433
2429
2387
2381
2376
2370
2356
2340
2299
2247
2244
2240
2220
2201
2200
2190
2188
2172
2154
2150
2139
2131
2121
2086
2074
2046
2030
1993
1971
1966
1943
2235
2445
2355
2062
2468
2155
2396
2519
2502
2295
2501
2292
2038
2163
2002
1994
2609
2233
1941
2476
2334
2234
2144
2069
2056
1983
2365
2159
2061
2009
1921
2608
2398
2057
2610
2592
2474
2366
2318
2310
2289
2256
2214
2603
2511
2222
2096
2075
1939
2471
2400
2344
2305
2259
2180
2148
2054
1916
2415
2327
2137
2032
1932
2582
2572
2385
2294
2176
2135
2087
2026
136
2629
2522
2508
2434
2338
2336
2315
2283
2194
2153
2117
2111
1987
1964
2643
2616
2598
2516
2420
2279
2149
2081
2053
2047
2010
1940
1920
2623
2604
2600
2543
2533
2510
2489
2473
2472
2449
2417
2394
2384
2383
2379
2345
2330
2303
2302
2285
2249
2241
2232
2199
2187
2183
2161
2127
2063
2039
2019
1981
1959
1942
1926
2642
2537
2518
2512
2498
2479
2451
2377
2328
2280
2274
2243
2174
2151
2128
2101
1970
1955
1486
1387
2740
904
217
1762
1455
3297
3296
3201
3188
3168
3076
3049
2894
2778
2733
1792
3420
3410
3178
3034
1308
2962
933
1248
1759
974
1527
1607
1442
1055
979
1063
1883
2653
2649
2617
2555
2491
2463
2461
2399
2368
2343
2333
2325
2282
2268
2254
2250
2246
2239
2224
2203
2169
2125
2052
2031
1954
1948
1945
1244
1168
1169
1713
935
466
453
437
464
166
1247
605
621
625
647
681
582
1143
682
1850
1414
939
1808
1106
575
684
1912
551
505
552
532
522
685
652
1855
1482
1481
1686
1634
516
509
381
380
1023
2914
2768
2883
2863
2719
3434
3351
3262
2833
2823
3377
3366
3285
3207
3186
2836
2728
2682
3386
3360
3298
3280
3118
3111
2840
2684
2813
3319
3020
3157
3027
3005
2923
2848
2752
3436
3433
3431
3422
3421
3415
3411
3404
3402
3397
3396
3395
3388
3384
3381
3380
3379
3378
3376
3373
3371
3370
3369
3363
3359
3358
3357
3355
3350
3348
3340
3338
3334
3330
3329
3321
3320
3314
3313
3312
3309
3304
3303
3302
3299
3286
3281
3272
3259
3254
3240
3237
3233
3229
3227
3226
3224
3223
3217
3212
3211
3210
3209
3204
3203
3202
3197
3194
3193
3190
3189
3182
3181
3180
3176
3174
3172
3167
3160
3159
3155
3144
3141
3131
3129
3117
3116
3109
3107
3106
3103
3101
3100
3099
3098
3096
3094
3089
3088
3087
3084
3082
3078
3070
3064
3060
3059
3052
3048
3047
3046
3040
3039
3036
3028
3026
3022
3013
3011
3009
2999
2990
2977
2970
2969
2965
2963
2958
2954
2950
2949
2948
2947
2940
2937
2934
2931
2930
2922
2919
2917
2916
2913
2911
2907
