0
918
883
42
1394
33
209
1096
2842
550
3974
3183
1834
3935
358
4015
3820
607
18
2569
674
215
210
1119
585
3230
11
1386
602
447
287
43
3071
3031
4024
292
3709
2269
668
608
3451
3570
3453
1206
74
3856
801
2195
892
4008
4022
3748
3729
2457
624
1560
613
37
3853
2596
2079
114
3798
2470
891
335
12
3650
1145
4035
911
638
875
692
1581
15
4010
1466
3984
3746
4001
3987
3846
3407
244
4012
282
3268
4029
581
256
233
279
642
2382
90
1065
4036
749
286
234
35
2857
4028
4006
1690
1276
648
468
241
145
3808
1270
1233
379
3688
3408
316
4034
3885
1395
47
4032
3854
3807
744
305
138
3282
1558
860
859
401
216
3589
160
2788
2740
841
3704
3134
750
699
1967
1755
1326
255
154
70
3983
3922
443
205
52
3942
3732
2814
1224
775
377
3959
3875
2704
2541
1262
153
3879
1430
1176
267
3125
1854
183
3006
2792
179
2691
3037
3801
3413
1253
448
240
81
2595
1034
571
499
383
356
191
3597
2952
2798
2714
1760
1362
1208
904
785
660
656
411
3928
3733
3717
3691
2722
1693
1027
743
667
293
182
155
3992
3699
3560
2860
2442
1586
1546
1046
336
294
228
157
4033
3991
3955
3816
3811
3689
2998
2975
2483
2380
2168
1627
1252
1071
854
454
386
301
112
97
76
61
4005
3882
3744
3582
3575
3467
3375
2808
1353
288
253
247
164
71
49
3990
3897
3686
2963
2922
2885
2481
2441
530
327
321
207
4025
4016
4007
3999
3954
3953
3952
3910
3865
3742
3673
3653
3565
3537
3143
3059
2855
2838
2204
2178
1713
1105
1022
945
899
884
832
790
788
757
673
652
472
453
262
250
245
202
193
190
166
124
120
4038
4037
4031
4030
4027
4026
4023
4021
4020
4019
4018
4017
4014
4013
4011
4009
4004
4003
4002
4000
3998
3997
3996
3995
3994
3993
3989
3988
3986
3985
3982
3981
3980
3979
3978
3977
3976
3975
3973
3972
3971
3970
3969
3968
3967
3966
3965
3964
3963
3962
3961
3960
3958
3957
3956
3951
3950
3949
3948
3947
3946
3945
3944
3943
3941
3940
3939
3938
3937
3936
3934
3933
3932
3931
3930
3929
3927
3926
3925
3924
3923
3921
3920
3919
3918
3917
3916
3915
3914
3913
3912
3911
3909
3908
3907
3906
3905
3904
3903
3902
3901
3900
3899
3898
3896
3895
3894
3893
3892
3891
3890
3889
3888
3887
3886
3884
3883
3881
3880
3878
3877
3876
3874
3873
3872
3871
3870
3869
3868
3867
3866
3864
3863
3862
3861
3860
3859
3858
3857
3855
3852
3851
3850
3849
3848
3847
3845
3844
3843
3842
3841
3840
3839
3838
3837
3836
3835
3834
3833
3832
3831
3830
3829
3828
3827
3826
3825
3824
3823
3822
3821
3819
3818
3817
3815
3814
3813
3812
3810
3809
3806
3805
3804
3803
3802
3800
3799
3797
3796
3795
3794
3793
3792
3791
3790
3789
3788
3787
3786
3785
3784
3783
3782
3781
3780
3779
3778
3777
3776
3775
3774
3773
3772
3771
3770
3769
3768
3767
3766
3765
3764
3763
3762
3761
3760
3759
3758
3757
3756
3755
3754
3753
3752
3751
3750
3749
3747
3745
3743
3741
3740
3739
3738
3737
3736
3735
3734
3731
3730
3728
3727
3726
3725
3724
3723
3722
3721
3720
3719
3718
3716
3715
3714
3713
3712
3711
3710
3708
3707
3706
3705
3703
3702
3701
3700
3698
3697
3696
3695
3694
3693
3692
3690
3687
3685
3684
3683
3682
3681
3680
3679
3678
3677
3676
3675
3674
3672
3671
3670
3669
3668
3667
3666
3665
3664
3663
3662
3661
3660
3659
3658
3657
3656
3655
3654
3652
3651
3649
3648
3647
3646
3645
3644
3643
3642
3641
3640
3639
3638
3637
3636
3635
3634
3633
3632
3631
3630
3629
3628
3627
3626
3625
3624
3623
3622
3621
3620
3619
3618
3617
3616
3615
3614
3613
3612
3611
3610
3609
3608
3607
3606
3605
3604
3603
3602
3601
3600
3599
3598
3596
3595
3594
3593
3592
3591
3590
3588
3587
3586
3585
3584
