0
3071
3031
209
3856
801
608
1581
585
43
15
602
607
3987
42
581
1967
279
153
749
1326
234
33
4012
4024
2195
4022
4008
215
3451
1466
4035
892
3984
3183
918
4010
1386
114
1119
550
1145
4015
2269
1834
2079
3974
12
358
447
292
2596
3820
1096
74
2569
2457
287
883
3748
3853
3453
624
2842
668
638
1206
891
3709
37
3935
3570
911
210
613
3729
3230
3650
674
11
692
335
875
1560
2470
18
3798
4029
4001
233
256
642
3268
3407
3846
282
244
3746
145
4028
90
4032
47
3885
3983
1224
286
377
3125
4034
3704
3854
255
468
4006
4036
3732
205
183
3688
401
3922
3408
3134
2814
860
648
750
2857
1065
859
1854
3959
1690
1262
216
2788
1276
1755
841
3808
241
1176
3879
52
2740
179
3942
1395
379
1270
3589
744
1394
154
70
1430
443
316
3875
775
267
35
2382
1558
138
2704
2541
3807
305
699
160
1233
3006
3282
2792
3037
4005
2691
81
301
3991
182
3992
904
383
4025
4033
386
4007
1760
3560
1046
356
1586
1208
3990
3801
411
4016
3996
3811
2595
3816
76
1253
1027
3999
157
2714
2442
454
2483
1362
3689
3733
1693
336
112
3744
1627
743
3691
3717
1071
499
155
61
2808
2481
1252
247
2798
1546
293
253
3582
3467
2722
571
97
2922
1353
448
240
191
4037
3597
660
321
3955
3928
3575
2178
667
1034
899
207
164
71
2975
2860
2168
854
785
294
228
3375
2998
1194
3699
4011
2952
656
49
4003
3989
2380
4013
3993
4027
4019
4000
3985
4038
4031
4030
4026
4023
4021
4020
4018
4017
4014
4009
4004
4002
3998
3997
3995
3994
3988
3986
3982
3981
3980
757
3413
2527
307
120
1022
3954
3537
1105
852
1383
1651
1002
893
202
174
855
3897
3765
2838
877
594
2971
166
125
868
717
327
289
288
124
3965
2441
894
788
3619
2885
1996
1969
1713
552
220
3946
2963
1856
1510
1474
1200
832
790
270
190
3588
3494
3003
2565
1762
1031
851
572
530
467
262
3978
3882
3781
3653
2106
1937
652
406
206
3910
3673
3565
3121
884
673
384
3939
3686
2855
2204
996
945
3952
3865
3544
453
201
3143
192
3953
3271
