0
4027
864
210
4010
11
3709
3268
179
3808
3704
386
95
4035
775
4024
875
4029
858
759
700
4034
4008
4007
4005
15
3183
3856
12
3230
3798
2470
608
1834
585
607
292
3729
3974
1581
2269
42
581
3746
241
47
3885
255
443
3037
154
2792
3589
1270
2740
379
1394
3922
2704
3854
183
35
2382
160
3134
216
305
2483
1395
2814
1027
157
1071
3717
1253
3733
1002
2527
3597
207
2481
3375
2380
1546
336
3653
3565
125
3588
289
1442
3925
1417
3370
1974
2094
1961
1654
317
3899
923
2373
2281
1133
1890
453
667
3744
155
1627
468
90
145
4016
4025
757
749
744
801
891
884
860
892
692
4001
3984
851
855
699
4022
735
594
790
852
785
750
841
859
4032
883
821
811
808
725
689
702
691
846
798
887
825
802
877
893
717
743
854
4036
3987
4015
686
687
688
694
695
696
697
698
701
703
705
706
708
711
713
718
719
724
726
727
728
731
734
738
739
741
745
747
748
752
754
755
758
760
764
766
770
772
773
774
777
780
781
783
784
787
792
793
795
797
800
803
804
805
807
809
810
814
815
817
818
819
820
822
823
824
827
828
829
830
834
835
838
839
840
842
845
847
848
849
853
856
709
720
730
737
753
762
765
778
779
833
693
732
763
768
769
789
794
831
843
844
889
712
714
722
723
742
771
836
729
736
751
806
837
782
799
716
826
707
861
863
876
715
756
813
850
878
690
816
786
746
888
710
880
767
733
882
740
761
812
886
776
791
796
890
869
867
885
872
874
871
870
881
873
704
721
895
879
788
866
832
894
4006
3983
3990
4012
3991
3992
3989
3985
4003
4011
4033
4028
4002
4037
3996
3999
3980
4023
4030
3982
3998
4014
3997
4031
3994
4021
4004
4009
3995
4038
4026
4000
3986
4017
4019
3981
4020
3988
4018
4013
3993
215
624
2569
674
911
335
74
2842
358
638
602
1560
1206
1145
3820
3935
2079
668
37
209
2457
447
2596
3853
3453
3071
1386
918
1466
3451
3031
1096
1119
3570
550
43
3748
3650
613
114
2195
18
287
33
233
256
244
282
642
3846
3407
377
286
401
52
1224
205
2788
2691
3875
1326
1854
70
153
3807
1430
316
3006
1967
3408
279
1233
234
648
2857
3688
1065
3125
1176
1690
2541
1586
1558
3942
267
1262
138
3732
1276
1755
3879
2595
3282
182
1046
3959
1208
81
49
383
3801
356
301
904
253
97
411
3560
1693
3691
2168
71
1760
247
76
293
1105
454
899
1194
112
2808
1353
3816
3811
228
61
2952
3699
2178
1362
294
1252
3928
2442
2798
448
2714
571
3689
499
2922
3955
2975
3413
2998
660
321
191
1034
3575
2722
240
656
164
3582
3467
2860
174
192
2106
307
384
3954
552
124
270
262
220
868
120
3003
572
166
2204
2817
3121
3537
2565
865
3147
1996
2838
202
467
201
3781
530
3494
327
3946
3897
1383
190
1937
3910
3619
3939
1651
3882
406
1474
1969
3965
1022
3952
2441
3143
1200
3127
3865
1031
3074
2885
2963
3887
1713
1510
2774
1856
3055
206
673
996
3673
3686
1762
3765
652
3978
2971
945
472
2855
288
193
3953
3271
264
110
1797
2437
464
3544
3742
3489
3637
1776
283
3694
3676
219
1711
3849
351
3787
2634
245
2015
1657
3890
3444
1264
2422
910
46
593
1607
1157
152
3227
1354
349
1777
1147
671
2167
610
3290
6
2980
2692
2219
1579
34
3839
2431
3678
1295
2505
3606
562
1057
3305
498
1476
3429
3059
1486
485
929
235
3844
1455
147
2736
3795
2230
3310
1346
371
3805
649
250
27
1038
1240
3477
77
3665
3963
2671
269
3751
3661
3727
2824
2884
44
476
3749
2776
1301
1254
3970
3217
