107
817
3997
227
3541
3665
4024
550
145
3127
648
3787
220
2802
93
152
89
8
3074
3688
3990
4004
3996
3624
3987
4032
895
750
3798
2457
668
1386
3974
1581
3268
49
3807
81
1002
183
904
3879
247
2922
2885
3375
393
3588
3251
1240
3910
125
1168
1792
3401
3607
2834
2238
31
254
45
84
10
69
38
3755
3659
338
3552
100
3487
129
126
260
3548
83
3585
3894
198
3771
235
3961
131
3447
3686
501
3513
3673
594
3619
190
3467
3537
219
228
234
3732
3875
114
12
4006
4012
4037
3441
3985
4000
319
3466
3656
3803
3646
3587
3759
3735
3937
3898
3523
3639
3621
3543
3457
3724
3932
3716
3676
4011
4016
3999
4001
865
891
860
3993
858
872
790
874
802
886
882
761
808
833
707
742
812
831
2842
2569
585
3853
2079
3856
1096
613
3820
911
1560
608
638
358
233
11
244
581
468
642
2792
1027
1394
379
182
2857
1627
1586
1046
2541
1326
3922
356
157
2814
454
71
1693
1071
3704
1176
316
899
499
3006
327
3733
1276
3801
1252
2204
1395
305
3125
3691
61
3560
2437
1353
321
3689
1546
660
552
3271
3003
3413
124
3121
2722
2998
1362
1607
2421
1474
1057
1442
3290
3216
472
1022
652
1651
2017
3091
1838
1254
2799
2721
2281
2621
1147
1777
2736
163
371
117
3432
2358
1301
1087
1263
480
365
143
1521
1016
3045
2752
621
1372
3323
1368
2886
162
1248
979
1896
1788
1008
1499
3308
2514
1814
2545
3164
1490
2452
1908
3418
2941
1463
2177
2791
1696
442
1178
1853
3061
3314
3095
3245
1901
1710
1869
521
664
599
2948
2795
2337
1085
3455
0
21
25
26
56
67
98
119
170
199
239
252
271
277
304
315
322
9
113
122
142
172
188
200
203
261
285
332
40
272
280
313
186
213
236
169
323
291
325
342
109
118
3750
82
13
53
104
224
265
128
141
211
223
185
62
334
161
232
3956
297
346
308
324
72
242
3573
158
339
3927
238
204
249
80
248
3554
48
92
94
303
148
331
666
180
299
231
320
302
134
59
276
194
266
123
101
133
257
212
7
55
30
88
312
616
103
3517
3760
345
2693
24
1
187
3
66
57
3960
3726
3703
258
39
3757
130
132
127
176
75
343
197
281
105
116
284
85
159
274
246
196
3512
214
3562
20
3872
3675
341
144
3817
226
3783
314
14
108
251
298
79
3516
3784
65
149
318
29
156
178
268
5
1384
121
1177
28
17
222
639
22
3631
3155
168
3520
3681
3777
36
3934
3770
3028
1138
73
140
295
3767
1073
2
16
23
309
135
344
3664
139
3507
1043
3880
3522
310
1218
96
1023
221
106
3843
3671
60
3539
956
3863
2903
3871
3427
3338
3566
333
311
3899
3901
3949
1403
300
347
317
3376
3941
3936
177
151
337
3977
3682
243
2805
1701
340
51
3638
68
3551
64
3859
1961
2528
3723
250
3795
167
2034
3502
3530
3904
230
3812
1133
3890
34
263
3477
269
3669
2671
181
102
32
306
78
3789
3978
564
3745
3749
3882
3637
3965
46
3180
270
3544
2930
3844
3131
3946
3781
262
120
3606
3953
3925
3372
3939
464
164
3849
3597
3653
336
3582
384
307
3952
3816
245
6
147
174
667
2774
264
193
453
112
3055
2817
279
216
267
253
160
1208
154
42
1224
3746
286
3453
292
4010
4035
3984
887
881
871
894
866
870
4003
4018
3998
3982
4023
868
3988
3981
4019
3994
4002
3986
4038
4015
4005
4036
3983
4033
4026
3989
4034
3991
3963
3616
3446
3827
3799
3546
3888
3592
3610
3763
3708
3510
3679
52
3897
399
3437
3448
3456
3495
3501
3521
3545
3576
3577
3584
3593
3596
3604
3611
3633
3672
3684
3705
3756
3800
3824
3830
3838
3877
3938
