0
1386
608
15
3798
891
3230
4015
2541
383
336
875
3650
215
3974
4035
801
3453
1096
4024
3570
1119
3748
2596
4008
3709
3183
18
3856
287
3935
3451
1466
3853
292
210
209
4022
638
1145
585
3031
883
674
1834
607
3984
3071
602
550
2457
358
3820
12
892
3729
1581
447
624
37
11
2269
1560
692
1206
2569
114
4010
911
2079
2470
918
668
74
335
2195
43
613
2842
3746
3407
581
282
3846
642
244
3268
33
4029
42
233
4001
256
3987
4012
90
3983
2788
52
2814
443
138
279
401
145
3408
234
2740
841
286
255
160
3808
1854
1276
3589
859
3704
1176
379
377
3125
2857
1430
1065
305
3942
3879
3854
3807
2704
860
3922
1233
775
4028
4006
3959
3688
1755
1394
1262
1967
70
2382
1690
1270
216
4036
744
205
153
4034
1558
1395
4032
3885
1224
749
750
699
3006
468
241
1326
47
3134
267
3732
648
154
183
35
316
3875
3282
179
3691
3037
3992
2792
157
356
2691
1627
301
182
61
4033
2860
1208
81
253
3801
3744
3597
3375
904
3582
2952
2483
2168
1362
1046
386
3717
3560
1353
1034
571
499
3699
3467
2922
2722
454
247
164
3689
3413
2798
2380
1546
1071
656
76
3991
2714
1760
1693
1586
1252
1027
854
743
667
660
321
155
112
97
4007
3955
3733
2808
2595
785
448
411
293
207
191
4025
4016
4005
3816
3575
2481
2442
1253
228
71
2998
2975
899
294
240
3928
2178
1856
1194
3999
3996
3990
3811
3781
3003
2838
757
174
4013
4003
3978
2963
1762
790
652
49
4038
4037
4031
4030
4027
4026
4023
4021
4020
4019
4018
4017
4014
4011
4009
4004
4002
4000
3998
3997
3995
3994
3993
3989
3988
3986
3985
3982
3981
3980
3954
3619
3565
3121
2971
2565
1651
1383
996
852
594
406
288
270
190
166
124
3953
3952
3946
3897
3765
3678
3673
3537
3143
2527
2441
2437
1969
1937
1510
1031
1002
945
893
877
868
865
788
673
530
467
453
384
307
283
220
125
120
3965
3961
3910
3882
3865
3848
3787
3686
3676
3588
3494
3290
3271
3074
2885
2855
2817
2358
2219
1996
1711
1657
1486
1354
1346
1295
1105
1057
910
884
858
855
851
832
572
552
351
289
202
201
95
63
34
3979
3977
3976
3975
3973
3972
3971
3970
3969
3968
3967
3966
3964
3963
3962
3960
3958
3957
3956
3951
3950
3949
3948
3947
3945
3944
3943
3941
3940
3939
3938
3937
3936
3934
3933
3932
3931
3930
3929
3927
3926
3925
3924
3923
3921
3920
3919
3918
3917
3916
3915
3914
3913
3912
3911
3909
3908
3907
3906
3905
3904
3903
3902
3901
3900
3899
3898
3896
3895
3894
3893
3892
3891
3890
3889
3888
3887
3886
3884
3883
3881
3880
3878
3877
3876
3874
3873
3872
3871
3870
3869
3868
3867
3866
3864
3863
3862
3861
3860
3859
3858
3857
3855
3852
3851
3850
3849
3847
3845
3844
3843
3842
3841
3840
3839
3838
3837
3836
3835
3834
3833
3832
3831
3830
3829
3828
3827
3826
3825
3824
3823
3822
3821
3819
3818
3817
3815
3814
3813
3812
3810
3809
3806
3805
3804
3803
3802
3800
3799
3797
3796
3795
3794
3793
3792
3791
3790
3789
3788
3786
3785
3784
3783
3782
3780
3779
3778
3777
3776
3775
3774
3773
3772
3771
3770
3769
3768
3767
3766
3764
3763
3762
3761
3760
3759
3758
3757
3756
3755
3754
3753
3752
3751
3750
3749
3747
3745
3743
3742
3741
3740
3739
3738
3737
3736
3735
3734
3731
3730
3728
3727
3726
3725
3724
3723
3722
3721
3720
3719
3718
3716
3715
3714
3713
3712
3711
3710
3708
3707
3706
3705
3703
3702
3701
3700
3698
3697
3696
3695
3694
3693
3692
3690
3687
3685
3684
3683
3682
3681
3680
3679
3677
3675
3674
3672
3671
3670
3669
3668
3667
3666
3665
3664
3663
3662
3661
3660
3659
3658
3657
3656
3655
3654
3653
3652
3651
3649
3648
3647
3646
3645
3644
3643
3642
3641
3640
3639
3638
3637
