1912
107
2347
1888
1684
1768
2543
3437
1584
2384
483
1746
2839
2283
0
2054
916
3082
3363
348
2072
3291
1235
2793
1662
3078
2944
376
686
1104
2592
1879
1783
2218
2268
2661
3378
412
414
21
2598
1456
1515
3280
2877
2862
395
2327
3076
3545
3351
1059
2966
475
896
1298
2905
3360
2282
277
1972
713
2730
1376
3224
1473
2659
1954
517
3026
3090
2247
3633
1260
370
705
1655
3154
1391
2849
3830
2038
1625
3107
1597
1786
2994
2537
3397
439
353
606
3877
389
2203
1482
1238
1338
3172
334
265
1533
3772
3096
1282
3106
2225
1085
3758
3263
3033
1447
2657
3734
3321
1192
1195
1375
2059
681
2385
1724
67
2985
2896
3214
556
1496
719
1349
3641
1866
3005
3346
2273
637
1998
1772
3921
2633
2432
1036
3476
828
1410
3564
3593
1244
1196
2211
2690
1897
1373
1826
3201
436
1500
2613
3104
176
1026
3584
2843
141
1964
546
2411
3469
3521
3900
1831
3052
3138
2662
1635
1015
493
3870
1833
618
89
3025
1882
1904
3697
3604
3060
3223
3885
3747
3685
2297
1098
2708
1725
3115
2259
1318
774
2648
2679
2480
995
3123
329
1678
1035
1756
3162
1661
2333
3857
837
636
379
3041
1135
1742
3204
539
976
510
3420
3143
301
131
1493
285
1709
1159
787
1835
3836
3776
831
1798
936
98
2974
3822
3460
742
1975
2335
3390
2062
3736
1179
1596
3495
3392
729
867
3879
3662
623
23
2316
3233
3347
3316
2378
3750
3395
1712
465
2310
2772
2472
3478
3898
2954
856
3902
2904
1279
1643
1846
186
2782
3293
3209
679
633
53
3892
3443
212
1780
3381
3525
3289
1820
3948
1698
1050
1411
3155
3539
3530
878
733
551
468
1960
2197
2181
914
1443
2715
3231
2338
2557
703
2835
1300
688
1180
1068
1310
2488
2766
3842
2996
1507
3712
782
2614
1541
2794
1747
2880
2850
3862
3535
3533
3008
1803
2713
3353
1813
1852
3764
3762
2036
479
3670
784
2917
2752
1840
1933
4031
3657
3510
892
767
689
621
49
1781
1739
1629
142
2883
2413
248
304
2313
1540
1337
680
745
2721
3506
3795
2318
770
1413
3257
1732
3594
298
292
5
1151
948
557
2605
3018
1609
1680
2599
3310
137
15
482
3769
341
320
1550
430
1116
3210
224
2136
2574
342
2572
1301
2515
2596
2535
4027
3789
3686
3589
791
552
1441
1961
1670
7
1103
3966
434
1722
2192
3710
3788
3330
3438
3718
1070
2351
396
3365
2672
580
3448
1355
3511
3244
714
380
208
128
2759
2765
2612
3605
3919
2001
3256
1286
3818
977
3519
3074
1532
3340
2707
2312
3136
2019
2845
1232
1383
2162
2452
472
613
802
871
4030
3716
3655
3499
457
377
135
2534
2650
1860
2152
2301
1814
2908
3015
3043
2092
2459
1343
185
722
2693
2942
1699
2449
249
