0
4000
824
1145
42
1270
883
2441
3227
2527
1206
1276
674
209
3846
1560
1200
918
358
3959
335
610
1353
2457
2195
1224
247
1071
3807
786
884
832
717
192
3974
642
327
6
1065
501
1442
692
216
1890
384
269
2975
3282
2860
2541
160
3952
4008
3983
2382
97
910
228
3570
270
668
2569
776
4022
2922
3688
2178
2963
2269
183
2899
215
1194
71
2971
1087
3745
613
90
157
3451
3781
193
1096
3659
3467
289
3856
43
1657
875
316
305
3901
3183
3159
11
3689
1252
1777
3504
1262
1713
3875
3544
3650
74
3560
244
3820
207
2886
1466
2714
233
3653
1627
235
349
602
1253
401
2079
608
1486
1119
114
1233
3600
3839
3854
3936
256
155
1776
100
1027
1105
1002
1208
441
393
364
476
351
399
198
564
454
154
219
581
205
52
49
255
855
790
904
1202
3746
2483
2595
2884
1711
33
873
895
887
874
872
699
743
894
871
858
885
880
723
710
854
833
816
756
812
759
733
821
738
722
846
826
878
782
763
704
808
793
691
720
775
773
748
837
791
788
827
888
886
863
806
789
768
767
707
777
795
734
702
852
815
807
766
893
889
882
881
877
876
870
867
864
861
825
755
727
716
853
751
835
735
800
718
695
803
770
754
739
730
728
703
696
688
851
850
847
845
817
814
810
794
787
784
778
762
746
745
742
736
694
848
820
805
780
760
726
719
709
705
687
844
843
842
839
838
836
834
831
829
828
822
818
813
809
804
799
797
796
792
785
783
779
774
772
771
765
764
758
757
752
741
740
737
732
731
729
725
724
715
714
712
711
706
701
700
693
690
689
798
856
823
698
849
840
830
819
781
747
713
697
686
869
811
769
753
708
890
866
761
879
868
865
721
802
744
750
860
749
892
859
891
841
801
4018
4038
4007
4009
3981
4023
4004
3989
3999
4021
3993
3985
4033
4030
4026
4017
3997
3998
4036
4035
4034
4032
4031
4028
4025
4019
4016
4014
4013
4011
4005
4003
3996
3995
3994
3992
3991
3990
3988
3986
3982
4002
3980
4037
4027
4020
4024
4012
3984
4015
3987
4006
594
667
4010
4001
4029
3904
3743
3637
3539
3732
3704
3585
3939
3678
3541
3669
3949
3775
3789
3567
3874
3868
3699
3879
3749
3759
3606
3441
3536
3546
3876
3827
3588
3641
3767
3958
3515
3809
3834
3724
3976
3890
3719
3652
3847
3589
857
3686
3940
3485
3736
3772
3565
3477
3610
3888
3903
3675
3915
3513
3654
3522
3891
3595
3502
3863
3679
3580
3657
3564
3725
3473
3638
3910
3893
3476
3973
3784
3591
3864
3813
3700
3691
3656
3624
3916
3803
3923
3658
3587
3837
3727
3612
3574
3474
3533
3701
3571
3465
3483
3510
3512
3769
3715
3615
3572
3457
3644
3898
3581
3867
3927
3768
3514
3490
3447
3843
3463
3712
3480
3497
3676
3977
3590
3442
3870
3960
3620
3524
3895
3558
3707
3670
3635
3603
3503
3720
3602
3912
3857
3819
3538
3799
3439
3914
3913
3852
3627
3578
3535
3631
3975
3918
3708
3519
3944
3542
3634
3722
3681
3887
3662
3549
3446
3909
3869
3614
3862
3599
3543
3840
3815
3802
3778
3740
3666
3608
3470
3455
3557
3639
3613
3866
3555
3530
3507
3607
3626
3920
3766
3947
3829
3821
3617
3907
3636
3629
3492
3929
3908
3842
3697
3667
3548
3723
3566
3951
3924
3714
3711
3706
3569
3509
3506
3831
3562
3919
3883
3594
3523
3933
3791
3747
3696
3845
3642
3598
3553
3505
3482
3972
3881
3668
3464
3460
3826
3758
3622
3568
3534
3532
3825
3782
3770
3763
3900
3810
3648
3584
3493
3902
3576
3488
3937
3906
3859
3752
3466
3779
3592
3726
3838
3828
3824
3804
3790
3731
3611
3528
3450
3938
3800
3693
3456
3438
648
2094
464
1607
3540
3501
3449
3948
3618
3596
3527
3491
3471
3966
3780
3577
3877
3860
3817
3971
3968
3950
3797
3684
3633
3625
3889
3756
3692
3683
3674
3651
3563
3551
3979
3978
3970
3969
3967
3964
3957
3956
3955
3954
3953
3946
3945
3942
3935
3934
3932
3931
3930
3926
3922
3921
3917
3911
3905
3899
3896
3894
3892
3886
3884
3882
3880
3878
3873
3871
3865
3858
3855
3850
3849
3848
3844
3841
3836
3835
3833
3832
3830
3823
3822
3818
3816
3814
3812
3808
3806
3805
3796
3795
3794
3793
3792
3788
3787
3786
3785
3783
3777
3776
3774
3773
3771
3765
3764
3762
3761
3760
3757
3755
3754
3753
3750
3748
3744
3742
3739
3738
3737
3735
3734
3733
3730
3729
3728
3718
3717
3716
3713
3710
3705
3703
3702
3698
3695
3694
3690
3687
3685
3682
3680
3677
3672
3671
3665
3664
3663
3661
3660
3655
3649
3647
3646
3645
3643
3640
3632
3630
3628
3623
3619
3616
3609
3604
3601
3597
3593
3583
3582
3579
3573
3559
3554
3547
3545
3537
3531
3529
3526
3521
3520
3518
3517
3516
3511
3508
3500
3499
3498
3496
3495
3487
3486
3484
3481
3479
3478
3475
3472
3469
3468
3462
3461
3459
3458
3452
3448
3445
3444
3443
3440
862
1474
657
672
598
3861
3673
3621
3605
3586
533
3055
3251
2930
530
664
576
659
618
681
599
626
625
670
661
647
635
627
595
578
662
658
650
615
605
592
589
568
684
644
611
617
448
2481
2281
2245
2204
562
486
552
1297
1854
1057
1840
3962
3943
3872
3851
3741
3721
3561
3556
3550
3525
3437
1326
1562
1507
1134
1354
1892
1748
1061
1708
1676
622
612
574
677
616
654
636
597
593
579
630
3961
3454
666
407
653
421
2767
3127
3074
2817
3322
3153
3310
2732
3372
3181
3323
3311
2926
3429
2736
3244
3281
2882
3091
2721
2670
3308
2952
3044
3190
3388
2701
3039
3315
2954
3050
3241
1468
2859
1838
929
3370
1342
2580
2105
2388
2015
2193
2548
2113
2380
1974
1933
2227
2119
1477
1058
931
1008
1445
1152
955
1045
1422
502
455
429
386
466
426
485
453
446
535
372
440
572
499
652
537
509
381
369
685
682
679
675
671
665
663
660
656
655
643
640
633
632
631
628
623
621
620
619
609
603
600
588
585
583
582
577
575
573
427
676
558
529
382
512
445
409
408
404
547
474
361
551
505
435
380
377
521
506
418
680
590
587
362
683
646
515
469
413
1631
548
394
395
365
555
528
536
494
462
375
368
1956
2456
2487
2301
2490
2076
2442
2528
2320
2217
1937
2515
2238
2070
2360
1961
2403
1990
2147
2421
2558
2570
2082
2255
2207
2021
2563
2356
2373
2286
1975
2181
2173
2260
645
634
554
545
544
510
504
477
459
457
439
438
433
431
425
350
939
979
1602
1552
1203
970
900
1311
1646
1510
1651
1654
1731
1531
1349
1309
1450
1387
1433
1251
1174
1144
1640
1169
1033
1875
1566
629
1511
1694
1532
1814
1696
1162
1797
1383
1524
956
905
1710
1780
1527
3165
996
940
1157
1869
1670
1133
1142
1100
1880
1648
1319
899
1865
1055
1884
1313
1246
1093
1733
1629
1906
1745
1686
1306
1139
1878
928
1310
985
1315
1700
1421
1873
1417
1414
975
1489
1484
1439
1905
1564
1138
1229
1167
1771
1401
1649
1723
1497
1451
1763
1064
1498
1738
1658
1493
1333
903
1425
1372
1446
1724
1242
932
1574
1268
1472
949
1644
952
1866
1499
1403
1218
1786
1296
924
1515
898
1254
1481
1241
1221
1543
1356
1295
1094
1106
1556
1418
1215
1019
1575
906
1759
1000
999
976
1682
1115
1263
1841
1576
1432
1350
1190
1351
1278
1747
1568
1424
1314
1137
992
963
938
1131
1719
1098
1085
1907
1660
1344
1298
1156
1832
1207
1180
1565
1867
1491
1288
1219
982
959
1407
1393
1023
1815
1681
1624
1427
1412
1259
1258
1051
944
1655
1404
1257
1081
994
1876
1226
1572
1075
1634
1529
1453
1121
1042
1586
1896
909
1359
1856
1470
1028
1324
1113
1650
1638
1102
1099
1848
1820
1495
1286
1036
1020
954
942
1400
1223
1541
1348
1249
1109
1785
1709
1667
1525
1496
1275
1141
1037
1035
974
1903
1636
1592
1583
1423
1148
1015
989
1021
935
1900
1789
1542
1437
1388
1091
1063
1017
1672
1415
1810
1796
1554
1538
1198
1737
1339
1722
1605
1571
1517
1701
2941
1236
977
1596
1475
1322
1279
1192
1060
1044
988
902
1429
1704
1108
1364
913
1891
1772
1570
1365
1272
1299
1188
1904
1725
1469
1089
1041
1844
1671
1487
1235
1898
1712
1652
1480
1285
1130
1069
1068
1024
972
1895
1787
1533
1232
1186
1118
901
1857
1715
1611
1591
1550
1459
1379
1345
1231
1227
1082
1736
1620
1619
1553
1488
1370
1238
1494
1410
941
1308
1225
1358
1001
1707
1456
1267
1794
1661
1103
917
1831
1530
1513
1460
1193
1757
1685
1059
1868
1861
1754
1662
1580
1431
1409
1330
1302
1294
1293
1287
1222
1211
1172
1125
983
966
1885
915
1588
1567
1555
1325
1307
1274
1187
1136
1830
1808
1647
1595
1479
1436
1318
1204
1179
896
678
639
601
584
513
1850
1828
1824
1812
1773
1751
1729
1706
1695
1677
1582
1545
1508
1490
1473
1455
1408
1392
1373
1300
1282
1158
1155
1114
1066
1032
984
948
919
669
614
606
596
580
525
503
493
422
416
392
385
378
367
353
1767
1549
1514
1320
930
641
604
566
565
514
500
492
491
481
463
450
403
363
359
1692
569
567
484
471
432
400
1897
1616
1357
673
651
591
586
570
561
559
553
546
542
538
526
519
511
507
497
490
489
482
473
461
458
442
434
423
402
397
391
388
387
354
267
3376
2898
2829
3338
3317
2697
3357
3225
2713
3151
3314
3341
3235
3088
2876
2809
3292
3161
3099
3359
3202
3178
3048
3354
3334
3203
3368
3063
3298
3254
2774
3211
3110
2803
2795
3229
2685
3083
3218
3135
2743
3171
2769
3103
3130
3398
3061
3067
2995
2947
2938
3182
2828
2964
2760
2845
3428
3217
1419
2837
2727
3367
2895
2783
2990
3403
3395
3356
3329
2934
2949
3223
3118
3392
3139
3045
2807
3129
3105
3286
2759
2981
2998
2868
2983
3028
2999
3010
3304
2667
3294
3163
2763
3065
3046
2855
3180
3131
3113
2848
2832
2747
3173
2672
3374
3052
3325
3423
2982
2959
3411
3261
3170
2976
2823
2684
3111
3043
3169
2980
2737
2913
3236
3167
3020
3365
3201
3094
2796
3053
2799
3095
3415
3335
2770
3255
2965
2856
3109
3058
3402
3156
3176
3239
3132
2973
2661
3366
2739
3431
3075
2744
2671
2831
3313
3289
2996
2791
3273
2920
3121
3012
3396
3378
3332
2708
3247
3089
2992
3380
3347
3101
2892
3435
3303
3301
3213
2891
2835
2773
2689
3425
3252
2849
2707
3256
3152
3041
2785
2765
3285
3207
3069
3216
2858
2841
3409
3072
2918
2730
3327
3279
3277
3275
3369
3032
2813
2801
2718
3339
3228
3117
2994
2987
3399
3234
2850
2810
2683
2681
2962
3406
3188
3175
3106
3076
2751
3391
3319
3280
3185
3172
3115
2719
2712
2687
3184
2986
2953
2945
2931
2910
3243
3231
3220
3029
2956
2888
2756
3418
2844
2709
2690
3343
3287
3005
2840
2790
3434
3320
3262
3011
2958
3257
3114
3073
3036
3025
2993
2929
2907
2794
2766
2731
3383
2836
2715
3386
3355
3240
3087
3038
2937
3077
3009
2881
3300
3056
2815
3382
3283
3008
