0
4034
775
750
2457
2195
209
233
286
2691
3801
735
704
256
689
852
4010
4028
3987
3071
2079
585
2596
608
11
3974
2470
15
3451
3856
47
1854
3807
3134
3704
1967
279
1690
1027
386
3560
228
3597
499
448
660
321
174
327
3839
259
937
2041
1414
1896
1073
3626
3789
890
858
866
865
868
832
855
2792
3037
859
3885
875
801
4012
686
687
688
694
695
696
697
698
701
703
705
706
708
709
711
712
713
714
718
719
720
722
724
726
727
728
731
734
737
738
739
741
745
747
748
752
754
755
758
760
763
764
765
766
768
769
770
771
772
773
774
777
778
779
780
781
783
784
787
789
792
793
794
795
797
800
803
804
805
806
807
809
810
814
815
817
818
819
820
822
823
824
827
828
829
830
831
833
834
835
837
838
840
842
844
845
847
848
849
853
856
889
693
723
729
730
736
742
753
759
782
799
843
863
716
732
751
762
839
850
876
756
813
826
836
715
861
811
878
786
808
707
821
690
888
816
886
710
761
812
746
702
733
767
725
776
882
880
740
791
885
869
867
700
796
872
874
691
870
871
873
798
881
846
825
887
879
802
895
721
864
877
790
788
894
851
893
717
884
743
785
854
81
744
699
841
749
883
892
4008
594
757
4015
4036
4022
4024
4035
3984
3989
4011
3996
4006
4032
4029
4001
4033
3992
3999
3991
4005
4025
4007
3983
3980
3994
4023
4030
3982
3998
4009
4031
4014
4004
3997
4021
4026
3986
3981
3995
4019
4038
4020
4017
4000
3988
4002
4018
4013
3985
3993
4027
4003
4037
4016
3990
1386
1466
891
43
358
3853
911
3709
692
1834
1145
918
668
624
2842
550
3798
1560
3453
2569
602
335
215
1206
3570
114
638
3230
3031
37
2269
447
3748
613
3183
1096
674
292
74
1581
607
1119
210
12
3650
18
3820
3729
287
3935
3407
3846
642
3746
3268
282
33
42
581
244
145
90
377
401
255
1224
241
179
443
3808
205
2788
468
267
52
2814
3922
1430
1276
216
3875
1270
1395
153
2382
1326
316
1394
154
1262
648
160
2541
1176
860
3006
2857
2740
1233
3688
183
3282
2704
3959
3942
35
3854
3732
1065
305
1755
379
138
3125
70
3589
3408
3879
1558
1046
234
2595
2483
182
1586
383
301
1208
157
253
49
904
1071
356
97
1253
3717
1627
1760
1693
155
71
411
293
3691
112
2168
3744
76
667
454
2808
656
3733
2527
899
247
61
1353
1002
1105
3816
294
3955
2380
3467
1194
3413
3375
2952
3575
2922
2442
207
2722
571
191
2178
336
1546
2998
3928
3811
