939
3473
3720
1324
2096
3982
1576
2266
2881
271
543
592
895
1165
1226
1552
3131
3163
3489
3578
3633
3986
4009
0
55
287
461
675
694
766
794
803
814
936
1123
1175
1186
1292
1391
1418
1496
1558
1963
1990
2064
2097
2131
2181
2241
2282
2290
2314
2563
2698
3028
3067
3074
3187
3207
3276
3432
3506
3655
3793
3919
3933
3940
3964
7
174
185
192
266
285
297
443
492
506
539
556
612
672
685
702
772
818
900
926
955
967
981
987
1021
1044
1059
1061
1063
1094
1106
1114
1149
1152
1166
1236
1407
1420
1432
1514
1521
1577
1638
1640
1683
1706
1734
1761
1794
1811
1830
1832
1862
2091
2122
2176
2212
2229
2281
2301
2309
2310
2397
2435
2454
2476
2480
2629
2643
2646
2738
2748
2751
2779
2838
2865
2904
2922
2940
2953
2971
3010
3014
3076
3079
3100
3102
3162
3195
3279
3318
3353
3411
3618
3652
3653
3657
3680
3718
3761
3775
3842
3854
3885
3923
3960
26
31
40
52
70
73
81
95
111
131
138
170
176
212
224
238
270
334
335
357
385
396
438
490
498
502
547
575
595
629
639
653
656
670
671
683
684
708
711
726
733
751
762
770
787
797
801
816
838
862
905
922
927
949
953
960
964
988
1005
1010
1025
1035
1068
1086
1107
1122
1169
1172
1182
1213
1218
1245
1252
1270
1313
1338
1377
1383
1408
1412
1416
1419
1434
1488
1506
1507
1519
1539
1553
1570
1578
1579
1608
1619
1652
1653
1672
1684
1685
1702
1711
1714
1727
1735
1743
1752
1764
1773
1801
1818
1863
1871
1909
1910
1949
1952
1960
1984
2016
2059
2101
2126
2173
2182
2252
2257
2265
2278
2286
2289
2293
2304
2312
2326
2346
2392
2447
2459
2468
2475
2492
2494
2495
2517
2533
2540
2590
2602
2604
2608
2676
2691
2707
2729
2766
2778
2783
2832
2847
2877
2898
2942
2951
2958
2962
2986
2990
3094
3101
3116
3124
3132
3141
3161
3196
3226
3239
3264
3280
3295
3373
3380
3390
3418
3462
3470
3477
3498
3521
3529
3569
3573
3583
3590
3604
3621
3634
3643
3649
3663
3689
3727
3734
3756
3795
3803
3818
3820
3833
3837
3863
3872
3886
3897
3925
3926
3934
3967
3968
3980
3989
4002
17
27
29
62
69
85
88
119
133
142
156
158
171
198
211
233
242
247
267
284
288
291
295
303
345
347
374
376
382
387
399
406
423
430
433
450
463
469
484
503
513
521
522
523
537
568
581
582
585
591
600
647
659
660
663
669
673
713
724
727
728
765
779
785
802
815
839
852
877
881
887
920
932
934
935
940
942
945
975
979
1008
1011
1012
1015
1022
1030
1040
1046
1069
1080
1081
1089
1095
1097
1163
1187
1190
1198
1224
1233
1239
1241
1261
1264
1273
1284
1318
1322
1340
1346
1355
1359
1382
1385
1386
1395
1396
1404
1405
1406
1427
1446
1479
1487
1491
1494
1497
1500
1502
1525
1538
1556
1564
1574
1583
1589
1611
1615
1623
1632
1633
1645
1663
1688
1718
1723
1758
1769
1789
1803
1809
1813
1819
1825
1826
1876
1885
1886
1887
1889
1891
1927
1929
1942
1945
1953
1983
1989
1994
1998
2017
2021
2028
2041
2047
2054
2058
2066
2073
2083
2084
2095
2102
2107
2110
2115
2140
2145
2150
2155
2156
2164
2171
2186
2193
2211
2249
2275
2276
2298
2313
2316
2318
2323
2331
2337
2364
2370
2380
2386
2388
2415
2420
2441
2443
2457
2483
2487
2488
2489
2499
2502
2535
2558
2579
2586
2587
2588
2592
2594
2601
2610
2617
2618
2620
2632
2651
2653
2655
2668
2673
2702
2711
2717
2718
2724
2734
2776
2784
2789
2793
2796
2857
2863
2874
2880
2882
2884
2891
2914
2921
2923
2927
2932
2939
2941
2943
2956
2957
2963
2966
2967
2974
2985
2989
2992
3004
3034
3038
3055
3057
3060
3072
3073
3103
3105
3109
3125
3127
3137
3156
3157
3164
3171
3181
3192
3225
3228
3229
3230
3234
3235
3251
3271
3283
3287
3293
3301
3309
3313
3319
3326
3333
3337
3346
3352
3369
3393
3401
3403
3408
3410
3443
3448
3471
3474
3481
3487
3510
3513
3523
3525
3541
3550
3581
3582
3596
3606
3612
3623
3636
3654
3661
3662
3665
3670
3681
3684
3692
3698
3700
3712
3723
3724
3731
3738
3755
3763
3783
3784
3787
3794
3806
3809
3815
3822
3823
3838
3843
3846
3849
3855
3861
3879
3913
3917
3938
3944
3949
3950
3974
3999
4010
4012
4021
8
9
15
22
37
39
47
49
68
71
76
77
83
89
101
105
110
113
117
128
132
135
136
141
153
154
166
177
179
188
190
191
195
220
223
229
232
244
249
251
253
255
258
273
282
292
306
309
310
317
322
324
333
342
343
352
363
370
377
381
383
389
401
408
414
425
427
431
432
434
453
455
457
459
471
472
485
487
493
527
533
534
538
545
554
561
571
593
594
596
599
601
606
608
614
624
630
640
650
655
667
678
680
689
693
696
697
703
738
739
754
756
763
767
771
776
777
786
798
823
825
828
829
834
840
842
843
859
868
875
878
896
915
933
937
944
946
952
954
961
968
974
982
984
990
1000
1018
1031
1037
1039
1043
1055
1071
1073
1093
1099
1100
1103
1112
1113
1128
1134
1136
1141
1151
1160
1161
1171
1174
1177
1181
1191
1195
1197
1199
1203
1205
1215
1231
1243
1248
1257
1259
1271
1278
1281
1283
1286
1308
1309
1320
1335
1344
1345
1347
1354
1356
1357
1368
1372
1374
1378
1387
1397
1409
1410
1421
1438
1439
1452
1461
1465
1466
1499
1504
1510
1517
1518
1523
1529
1533
1536
1547
1550
1554
1559
1561
1581
1582
1585
1591
1592
1609
1614
1617
1620
1622
1624
1627
1634
1639
1643
1646
1647
1656
1666
1667
1669
1679
1693
1698
1716
1731
1733
1736
1738
1750
1756
1757
1765
1766
1774
1791
1793
1802
1806
1810
1812
1815
1816
1821
1822
1838
1839
1849
1852
1855
1856
1860
1861
1867
1873
1878
1880
1881
1892
1899
1901
1903
1917
1918
1920
1921
1924
1925
1930
1933
1935
1936
1951
1958
1961
1964
1965
1969
1973
2001
2011
2013
2022
2024
2029
2032
2035
2036
2040
2053
2069
2075
2077
2078
2086
2089
2099
2104
2125
2136
2148
2151
2154
2162
2167
2168
2187
2194
2203
2205
2207
2213
2221
2239
2246
2250
2272
2288
2302
2319
2322
2328
2330
2335
2339
2340
2342
2343
2345
2349
2350
2357
2363
2371
2373
2376
2381
2383
2385
2389
2391
2396
2405
2407
2416
2421
2422
2425
2434
2438
2439
2448
2451
2466
2470
2471
2496
2507
2509
2519
2526
2530
2531
2532
2549
2555
2559
2570
2574
2578
2582
2583
2589
2596
2597
2599
2612
2615
2619
2622
2642
2644
2654
2658
2670
2685
2689
2692
2710
2713
2727
2744
2749
2759
2770
2781
2786
2797
2799
2801
2817
2827
2839
2842
2860
2869
2876
2885
2895
2906
2909
2912
2913
2917
2926
2936
2949
2965
2968
2978
2995
2999
3002
3029
3035
3039
3046
3051
3052
3058
3061
3066
3082
3083
3120
3126
3136
3138
3144
3145
3146
3170
3178
3182
3189
3214
3218
3222
3223
3237
3243
3244
3245
3258
3259
3266
3281
3284
3289
3296
3302
3303
3304
3305
3308
3312
3315
3320
3339
3340
3356
3360
3363
3365
3367
3371
3374
3382
3384
3385
3388
3396
3397
3399
3407
3412
3415
3429
3431
3439
3441
3452
3455
3467
3483
3499
3503
3514
3524
3538
3546
3548
3564
3570
3571
3574
3585
3588
3591
3598
3600
3601
3607
3609
3620
3642
3645
3646
3650
3656
3667
3673
3707
3710
3711
3715
3733
3740
3741
3746
3747
3753
3760
3762
3776
3797
3798
3825
3831
3834
3844
3848
3850
3862
3870
3871
3876
3878
3881
3890
3896
3899
3910
3911
3918
3937
3957
3963
3966
3976
3977
3978
3991
3992
3993
3994
4001
4006
4008
4014
4015
4019
4020
4022
4025
4026
4031
4032
4037
3
6
16
19
20
21
23
30
33
41
48
50
54
59
61
63
64
66
67
72
74
79
80
82
91
96
98
99
121
127
129
130
134
144
145
147
155
167
175
182
183
186
193
206
213
214
221
222
226
231
234
235
236
248
256
261
277
279
283
300
304
305
311
313
314
318
319
320
326
329
337
341
344
351
353
355
369
386
391
392
394
395
402
403
409
411
412
415
416
418
421
422
435
439
441
458
460
464
476
486
491
495
505
509
512
515
520
532
540
541
548
550
552
559
564
565
566
567
576
578
584
586
597
598
605
610
611
616
617
628
636
637
649
651
654
661
662
677
681
686
700
704
705
706
709
714
718
721
725
737
742
743
745
748
749
753
759
789
795
796
806
817
820
822
826
827
832
845
850
860
861
863
864
867
871
885
886
889
894
901
906
912
916
918
921
924
929
943
957
958
959
962
965
972
991
996
1006
1009
1023
1028
1049
1050
1056
1057
1066
1067
1070
1072
1074
1076
1077
1078
1085
1091
1096
1098
1111
1115
1119
1131
1135
1143
1144
1148
1150
1157
1158
1164
1168
1176
1179
1180
1183
1201
1209
1211
1217
1228
1229
1232
1234
1237
1253
1254
1255
1267
1274
1277
1282
1288
1289
1290
1293
1294
1296
1298
1315
1316
1321
1328
1343
1348
1349
1360
1361
1362
1367
1376
1389
1393
1400
1402
1403
1411
1413
1423
1425
1426
1428
1430
1431
1435
1440
1443
1447
1448
1451
1458
1471
1472
1474
1481
1485
1486
1498
1511
1516
1526
1527
1535
1544
1548
1557
1560
1562
1566
1571
1572
1573
1588
1596
1597
1598
1599
1603
1604
1610
1613
1616
1636
1641
1644
1651
1659
1665
1692
1694
1701
1705
1707
1712
1721
1737
1739
1746
1747
1762
1767
1770
1783
1792
1796
1804
1805
1808
1823
1834
1850
1864
1865
1866
1874
1875
1882
1893
1894
1895
1898
1904
1905
1914
1923
1931
1954
1955
1962
1968
1970
1979
1980
1982
1986
1999
2000
2018
2025
2026
2030
2031
2042
2050
2051
2063
2067
2070
2081
2087
2088
2103
2105
2114
2120
2121
2127
2132
2139
2143
2166
2169
2177
2178
2184
2185
2190
2191
2195
2197
2199
2200
2201
2204
2208
2216
2219
2222
2223
2224
2225
2232
2233
2236
2242
2254
2255
2259
2261
2263
2268
2269
2274
2277
2287
2295
2296
2307
2336
2344
2348
2352
2353
2355
2358
2359
2361
2377
2384
2393
2395
2399
2403
2404
2406
2408
2409
2410
2412
2414
2423
2426
2432
2433
2436
2450
2452
2453
2458
2462
2467
2477
2490
2506
2511
2521
2522
2523
2528
2534
2537
2541
2542
2547
2561
2568
2569
2572
2580
2585
2591
2600
2603
2606
2611
2613
2616
2625
2630
2635
2636
2638
2640
2645
2650
2667
2669
2671
2672
2675
2679
2682
2683
2687
2693
2701
2719
2730
2731
2733
2739
2740
2741
2742
2752
2756
2758
2764
2767
2768
2771
2773
2777
2792
2806
2811
2813
2814
2815
2825
2829
2833
2834
2837
2855
2858
2867
2870
2872
2873
2879
2888
2899
2901
2903
2911
2915
2918
2931
2935
2944
2950
2952
2954
2955
2960
2961
2964
2970
2972
2973
2976
2982
2987
2993
2994
2998
3001
3003
3008
3009
3012
3013
3016
3020
3022
3024
3026
3036
3037
3043
3069
3075
3078
3080
3084
3085
3091
3107
3114
3115
3117
3121
3123
3128
3129
3133
3143
3149
3150
3151
3159
3165
3168
3169
3173
