107
1684
3437
2117
0
805
686
3559
41
242
252
3510
3292
3918
612
1837
3980
2450
3536
202
3775
3695
3561
660
3615
564
1362
578
631
4029
592
1708
3968
826
200
1847
2580
156
214
2557
3855
3229
3792
2805
3382
3305
3389
1141
1785
895
619
923
928
3495
2094
3448
3866
3735
3644
3705
838
842
4004
883
782
2245
723
771
729
2316
127
73
3709
2474
42
273
79
3566
3594
3868
3061
2700
624
3205
2704
3254
3359
2979
3200
3870
2715
657
985
2983
1372
470
884
4028
4014
1895
1552
1264
3529
2834
2934
3927
3479
3630
3656
19
291
3809
2342
3788
2107
16
1593
330
196
1228
789
1892
623
3847
3465
325
308
3454
763
45
180
963
1421
712
786
2431
150
1961
2357
314
2119
29
3632
3932
160
327
316
286
3490
3444
3894
2049
193
1988
3801
183
3911
166
3843
3183
2727
1666
2816
3130
1206
2163
3197
613
3354
1046
1581
1560
464
648
3621
3393
3307
532
2836
3401
1262
3379
576
1138
3428
615
3425
1731
3288
626
3044
357
518
516
634
425
1296
1025
471
3994
3997
4034
3995
3981
692
1699
1501
1906
1453
543
1615
1749
685
1905
3361
2997
3159
1053
1297
1203
3264
3929
1031
3703
3290
3728
2870
3236
441
3950
3218
3466
3803
3648
3702
3499
3862
3972
3156
2957
1085
3770
3795
3598
3937
3973
3452
2962
3583
280
3749
3869
2361
328
3541
3641
3912
3892
265
3865
2397
75
290
2193
281
2656
716
178
2632
2080
700
736
806
229
793
761
336
1384
1588
791
850
249
3837
72
3919
835
3964
3568
1866
872
2217
3593
3667
3581
4016
3988
879
744
680
639
575
3328
399
3715
3773
3836
3588
92
2114
797
774
799
3635
1527
616
270
3557
3578
346
765
2017
691
1967
2527
189
310
825
227
2301
715
1140
2230
65
168
1924
2650
1992
241
2219
1974
2466
133
3974
3570
1930
3806
12
3808
37
282
11
157
74
2265
3846
2277
176
33
233
2534
3760
3781
244
71
6
3678
259
179
116
2618
3637
3597
2036
2453
243
2099
3882
3686
32
3917
3222
68
2842
3967
3515
2
602
3268
3840
3418
918
2942
2801
2296
3631
3246
2837
638
1976
2350
2961
3048
2774
585
3410
1466
2337
3125
2767
899
2697
3825
3181
1394
1145
1002
3251
2382
2106
1270
3888
3408
2814
1693
453
1981
2178
3723
3210
2596
3151
411
3555
3134
3068
3322
2795
3712
2971
3357
1657
2707
3059
3189
3861
3786
1233
2965
3643
1890
2959
2687
3128
2981
2690
1034
1499
2967
3020
530
3045
2711
1200
2722
3148
628
1510
2889
3424
1792
594
1157
2823
1038
2826
1442
1162
3217
3129
2725
2765
2780
1640
3064
371
673
1840
1711
2771
1777
522
1651
935
549
1342
486
986
1696
974
1234
