0
4027
877
335
4015
550
3071
233
279
1326
2722
860
692
785
775
4022
4010
4036
4003
3992
3983
638
1581
3230
2596
11
3709
1560
624
2195
1145
215
15
608
3183
602
2269
42
145
401
47
2788
443
205
3282
1854
3125
3942
2382
2792
3408
2857
49
76
2922
3121
1031
2838
1022
1579
1498
3336
270
667
743
301
179
256
33
883
867
874
871
879
858
865
868
832
854
757
841
749
801
875
4024
686
687
688
693
694
695
696
697
698
701
703
705
706
708
709
711
712
713
714
718
719
720
722
723
724
726
727
728
730
731
732
734
736
737
738
739
741
742
745
747
748
752
754
755
758
760
763
764
765
766
768
769
770
771
772
773
774
777
779
780
781
782
783
784
787
792
793
794
795
797
800
803
804
805
806
807
809
810
814
815
817
818
819
820
822
823
824
827
828
829
830
831
833
834
835
837
838
839
840
842
845
847
848
849
853
856
863
876
889
716
729
753
756
759
762
778
789
799
813
826
836
844
861
751
843
888
808
821
690
707
715
878
850
746
689
710
725
761
811
882
812
816
880
702
767
776
886
733
786
885
869
872
791
700
796
890
740
870
846
881
691
873
887
798
825
895
721
704
735
802
864
866
851
788
894
790
594
884
893
852
717
855
750
699
744
859
4035
4007
3984
4008
4011
4033
3990
4025
4034
4001
3989
3991
4016
4005
4006
4028
4029
3987
4012
3980
3982
3994
3998
4014
4023
4030
3997
4021
4031
4009
4004
3995
4019
3986
3981
4026
4038
4017
4000
4020
3988
3985
4018
4013
3993
4037
3996
3999
4002
4032
3451
892
114
1206
209
37
3748
891
607
613
2079
2470
287
447
3798
1834
674
3856
3650
1119
3935
2457
74
2569
12
585
3570
1386
43
918
911
210
3031
3853
358
3974
668
1466
3820
3453
18
2842
1096
3729
292
244
3846
282
3407
3268
581
3746
642
90
286
3885
1224
255
377
468
241
52
3875
1270
153
1690
3732
1394
1233
3704
35
160
1755
3006
1558
267
3922
3134
1395
216
648
379
3808
1176
1967
316
1262
3879
3688
234
2541
3959
2814
154
1276
3854
1430
3589
3037
3807
2691
305
2740
138
70
2704
1065
183
3801
1586
1046
2595
2483
81
904
1627
386
182
1208
1027
383
1693
157
1760
253
3560
1253
356
3691
97
1071
411
3744
155
112
3717
2168
247
293
3733
899
3816
71
2808
294
571
2975
454
1252
2998
336
321
207
164
1546
2714
3811
3955
1353
228
61
3582
3413
2380
1194
656
3575
2178
448
1034
3699
3689
3467
3375
1362
191
3597
2527
2481
2952
2442
240
499
660
1105
1002
3928
2860
2798
174
3954
124
120
192
2106
384
552
307
262
1996
220
2565
453
202
3781
467
2204
572
166
3897
3537
3946
3565
1383
125
327
945
190
206
2963
3588
3494
1856
3953
3939
1937
3882
673
530
3965
2441
1762
1474
3619
1200
2855
1510
201
3673
288
289
3952
1713
3003
3143
996
652
406
3765
3653
1969
2885
1651
3910
3865
3978
1797
3147
3686
1442
2971
2817
3544
1890
3271
464
3887
1711
351
3055
3074
3127
193
3694
1486
3742
3444
2692
2437
1776
472
2634
2167
1777
1657
929
3849
2422
2015
3637
3290
2774
910
245
3805
3676
3059
1057
27
3787
3844
3839
2431
1346
283
110
3489
2980
1455
3429
2736
3678
610
593
3227
1354
1264
649
371
2230
485
3890
3606
250
46
562
235
152
1607
219
1157
3310
2505
3795
1417
1038
1476
1295
349
264
2219
3305
1147
671
34
3925
77
3477
1254
3091
1664
1924
1133
6
1838
1168
95
498
3963
32
3661
3632
3441
3175
2824
3848
3745
2100
1855
1240
3665
3432
2358
1263
1151
229
3893
3457
390
340
117
63
3806
3513
269
3751
2721
2671
2388
86
3749
2621
1792
3977
3217
1301
1521
2767
2580
2375
476
147
3044
2776
365
2884
1297
3936
2493
3727
3270
2017
533
3970
2517
2263
1759
987
655
44
3724
3372
3370
3859
2899
2456
2321
3447
3161
2902
935
163
2008
586
3660
2245
259
102
3424
3916
2528
2421
263
167
126
3864
3813
3700
3669
3652
3216
2256
1372
338
311
91
3812
2805
2094
1974
937
621
208
3923
3911
3436
347
189
3165
3131
2227
1087
480
399
296
131
51
3899
3834
