3953
4024
3935
2470
2269
3031
2842
286
1466
1386
1096
447
744
808
822
895
826
864
756
877
872
863
752
845
759
718
848
842
834
748
705
696
855
854
853
852
851
850
849
847
846
844
843
841
839
838
837
836
835
833
832
831
829
827
824
821
820
819
818
817
816
815
814
813
812
809
807
806
802
801
799
798
797
796
795
794
793
792
791
790
789
788
787
786
785
784
783
782
781
780
779
778
777
775
773
771
770
768
767
766
765
764
763
762
761
760
758
757
755
754
751
750
749
746
745
743
742
741
740
739
738
737
736
735
734
733
732
731
730
728
727
726
725
724
723
722
721
720
719
717
716
715
714
712
711
710
709
707
706
704
702
701
700
699
695
694
693
692
691
690
689
688
687
4037
4005
3997
3981
3923
3751
3749
3781
3447
3844
3686
3666
3893
3905
3622
3811
3679
3906
3632
3786
3620
3641
3843
3572
3587
3809
3967
3819
3598
3821
3761
3836
3579
3519
3601
3763
3810
3719
3648
3468
3921
3827
3815
3715
3490
3628
3829
3460
3941
3778
3753
3728
3710
3685
3663
3629
3916
3934
3908
871
894
893
892
891
890
889
888
887
886
885
884
883
882
881
880
879
878
876
874
873
870
869
867
866
861
859
858
856
840
830
828
825
823
811
810
805
804
803
800
776
774
772
769
753
747
729
713
708
703
697
686
3991
4038
4036
4035
4034
4033
4032
4030
4029
4028
4027
4026
4025
4023
4022
4021
4020
4019
4018
4017
4016
4014
4013
4012
4010
4009
4008
4007
4006
4004
4003
4002
4001
4000
3999
3998
3996
3995
3994
3993
3992
3990
3989
3988
3987
3986
3985
3984
3983
3982
3925
2130
2182
2263
2651
2375
2076
2444
2373
2105
1949
1933
2120
2632
2034
2017
2650
2405
2360
1960
2050
2014
2412
2013
2455
1922
2435
2097
1951
216
267
52
2584
2799
3095
3139
2721
2805
3088
3422
3216
3141
3250
3163
2852
2746
3399
3315
3092
2981
3281
3170
2712
2723
3311
3309
2699
2670
2792
2846
3400
3417
2929
2924
2681
3195
3080
3091
3390
3362
3228
3129
2969
2960
2874
2867
2864
2757
2664
2832
2868
2690
3387
3348
3339
3284
3142
3098
3078
3014
2827
2749
2689
3137
3130
2978
2731
2984
3270
3204
3215
3075
2192
2493
2346
2202
2517
2256
3192
3156
2934
3021
3260
3224
3242
3275
2878
2947
3051
2213
2298
2426
1988
1974
2098
2448
2640
2364
2004
1972
2553
2546
2469
2446
2386
2350
2308
2005
1984
1966
1953
1917
2480
2317
2531
2415
2029
2557
2497
2361
2209
2186
2145
1944
2473
2414
2383
1981
2537
2232
1970
2604
2600
2590
2561
2559
2556
2521
2464
2348
2306
2271
2103
2046
2040
2021
1964
2434
2315
2161
3296
3115
2939
2778
3378
3160
2989
3371
3261
3118
1854
3880
3832
3717
3695
3457
3852
3736
3930
3610
3477
3491
3563
3873
3884
3804
3703
3618
3979
3978
3977
3976
3975
3974
3973
3972
3971
3970
3969
3968
3966
3965
3964
3963
3962
3960
3959
3958
3957
3956
3955
3954
3952
3951
3950
3949
3947
3946
3945
3944
3942
3940
3939
3938
3937
3936
3933
3932
3931
3929
3928
3927
3926
3924
3922
3920
3919
3918
3917
3915
3914
3913
3912
3911
3910
3909
3907
3904
3903
3902
3901
3900
3899
3898
3897
3896
3895
3894
3892
3891
3890
3889
3888
3887
3886
3885
3883
3882
3881
3879
3878
3876
3875
3874
3871
3870
3869
3868
3867
3866
3865
3864
3863
3862
3860
3859
3858
3857
3856
3855
3854
3850
3849
3848
3847
3846
3845
3842
3841
3840
3839
3838
3837
3835
3834
3833
3831
3828
3826
3825
3824
3823
3822
3820
3818
3817
3816
3814
3813
3812
3808
3807
3806
3805
3803
3802
3801
3800
3799
3798
3796
3795
3794
3793
3792
3791
3790
3789
3788
3787
3785
3784
3783
3782
3780
3779
3777
3776
3775
3774
3773
3772
3771
3770
3769
3768
3767
3766
3765
3764
3762
3760
3759
3758
3757
3755
3754
3752
3748
3747
3746
3745
3744
3743
3742
3740
3739
3738
3737
3735
3734
3733
3732
3731
3730
3729
3727
3726
3725
3724
3722
3720
3718
3716
3714
3713
3712
3711
3709
3708
3707
3706
3705
3704
3702
3701
3700
3699
3698
3697
3696
3694
3693
3691
3690
3689
3688
3687
3683
3682
3681
3680
3678
3676
3675
3673
3672
3671
3670
3669
3668
3667
3665
3664
3662
3661
3660
3659
3658
3657
3656
3655
3654
3653
3652
3650
3649
3647
3646
3645
3644
3643
3642
3640
3639
3638
3637
3636
3635
3634
3631
3630
3627
3626
3625
3624
3623
3621
3619
3617
3616
3615
3614
3613
3612
3611
3608
3607
3606
3605
3604
3603
3602
3600
3599
3597
3596
3595
3594
3593
3591
3590
3589
3588
3585
3584
3583
3582
3581
3580
3578
3576
3575
3574
3573
3571
3570
3569
3568
3567
3566
3565
3564
3562
3561
3560
3559
3558
3557
3555
3554
3553
3552
3551
3549
3548
3547
3546
3545
3544
3543
3542
3541
3539
3538
3537
3536
3535
3534
3533
3532
3531
3530
3529
3528
3527
3526
3524
3523
3522
3521
3520
3518
3516
3515
3514
3513
3512
3511
3510
3509
3508
3507
3506
3505
3504
3503
3502
3500
3499
3498
3497
3496
3494
3493
3492
3489
3488
3486
3485
3484
3483
3482
3481
3480
3479
3478
3476
3475
3474
3473
3472
3471
3470
3469
3467
3466
3465
3464
3463
3462
3461
3459
3458
3455
3453
3452
3450
3449
3448
3446
3445
3444
3443
3442
3441
3439
3438
3797
3592
3586
3517
3495
868
865
857
698
3355
3346
3157
2819
2688
2951
2845
3424
3389
2700
3379
3253
3171
3086
2793
2686
3411
3320
3111
3039
2965
2781
3043
4031
4011
3980
632
600
605
575
3961
3861
3723
3487
3454
372
590
562
530
407
464
3210
2718
2660
2659
2658
2657
2656
2655
2654
2652
2648
2647
2646
2645
2644
2641
2639
2638
2637
2636
2635
2634
2633
2631
2630
2628
2627
2626
2625
2624
2623
2622
2621
2620
2619
2618
2615
2614
2613
2612
2611
2610
2607
2606
2605
2603
2602
2601
2599
2596
2595
2593
2591
2587
2586
2585
2583
2581
2580
2579
2578
2577
2576
2575
2574
2573
2572
2571
2570
2569
2568
2566
2565
2564
2563
2562
2560
2558
2554
2552
2551
2550
2549
2548
2545
2541
2540
2539
2538
2536
2535
2534
2532
2528
2527
2526
2525
2524
2523
2522
2520
2518
2515
2514
2513
2507
2506
2505
2504
2503
2502
2500
2499
2495
2494
2492
2490
2489
2488
2487
2486
2485
2484
2483
2482
2481
2479
2478
2477
2476
2474
2467
2466
2462
2460
2459
2457
2456
2454
2453
2452
2450
2449
2447
2443
2442
2441
2440
2439
2438
2437
2433
2432
2431
2430
2429
2428
2427
2425
2424
2423
2422
2421
2418
2416
2411
2410
2409
2408
2407
2406
2404
2403
2402
2401
2400
2397
2396
2395
2393
2392
2391
2390
2388
2387
2382
2381
2380
