0
4020
838
292
904
202
2442
891
3268
183
2596
1224
775
892
883
3807
884
2195
638
192
3271
910
209
3820
1206
2740
4028
210
1854
145
61
3744
3691
855
1755
2457
4008
3071
3987
190
443
3853
1967
4032
1145
3282
613
2079
785
1002
3942
652
3689
499
286
1430
2952
37
377
3031
18
4015
49
3749
1455
1065
12
2842
1476
1386
1996
244
1176
3006
4033
1581
3183
4001
1270
3846
1208
453
717
179
1797
3996
2776
3407
841
788
743
699
786
790
740
802
725
852
689
704
691
822
771
732
702
782
742
833
832
890
710
869
768
733
850
736
755
723
778
844
817
737
709
718
836
829
701
780
748
739
720
831
809
770
716
842
827
821
795
738
731
706
697
695
690
854
847
846
845
843
839
837
826
818
813
812
808
806
801
799
798
797
794
791
789
783
777
773
767
762
758
757
756
754
752
751
750
746
734
730
726
724
722
721
715
714
712
711
707
700
881
859
879
858
887
825
848
803
824
807
792
787
765
728
708
696
693
687
849
763
853
851
834
830
814
811
810
784
774
766
761
760
745
735
727
872
719
713
705
688
769
888
882
861
835
828
820
819
815
805
793
781
779
764
759
747
741
694
686
895
894
889
886
885
880
878
877
876
874
873
871
870
867
866
863
856
840
823
804
800
776
772
753
729
703
698
796
893
816
875
864
749
744
692
860
4002
4036
4031
3999
3985
4025
4038
4013
4011
4003
4037
4014
4009
3997
4035
4034
4029
4027
4024
4023
4019
4018
4016
4010
4005
4004
3998
3995
3994
3993
3990
3989
3988
3981
4030
3982
4000
4021
3980
4026
3992
3986
3983
4017
4006
3991
4007
4022
3984
4012
594
667
3970
3626
3887
3879
3854
3908
3812
3811
3823
3901
3953
3682
3619
3880
3839
3786
3513
3801
3776
3960
3641
3613
3588
3476
3834
3882
3631
3632
3623
3660
3454
3964
3751
3727
3661
3622
3498
3816
3608
3955
3843
3894
3813
3700
3502
3789
3720
3924
3716
3638
3439
3634
3474
3681
3870
3803
3848
3844
3941
3888
3914
3788
3561
3555
3527
3450
3510
3468
3815
3802
3649
3581
3481
3636
3973
3947
3903
3818
3768
3711
3539
3524
3931
3494
3905
3585
3447
3774
3757
3675
3731
3965
3957
3918
3836
3759
3519
3465
3639
3529
3827
3778
3663
3598
3897
3547
3628
3874
3868
3473
3917
3819
3743
3445
3906
3810
3758
3614
3459
3949
3863
3771
3549
3490
3497
3695
3523
3479
3566
3832
3670
3557
3505
3770
3507
3482
3951
3754
3690
3646
3558
3509
3463
3809
3791
3783
3747
3664
3655
3478
3764
3671
3564
3535
3532
3775
3492
3676
3665
3640
3452
3855
3826
3822
3966
3817
3790
3528
3568
3937
3724
3799
3850
3840
3526
3881
3652
3956
3761
3934
3900
3793
3718
3569
3493
3624
3546
3849
3829
3752
3645
3593
3469
3460
3936
3876
3835
3773
3753
3740
3728
3710
3629
3615
3662
3784
3804
3589
865
857
2439
2541
2382
2422
2487
1956
2167
2621
2380
2113
2100
3925
3551
3487
3311
2982
2703
3141
3322
2788
3008
3376
3338
2980
2998
3134
2886
3044
3436
2961
3130
2358
182
296
3159
2878
3091
2824
2721
2671
3944
3635
3552
3455
3575
3522
3943
3929
3828
3637
3605
3576
3565
3462
3683
3477
3577
3573
3521
3842
3760
3674
3491
3471
3962
3841
3800
3677
3938
3873
3860
3830
3824
3667
3621
3596
3586
3545
3456
3448
3968
3805
3755
3684
3600
3979
3977
3976
3975
3974
3972
3971
3969
3967
3963
3959
3958
3954
3952
3950
3946
3945
3940
3939
3933
3932
3930
3927
3926
3923
3922
3921
3920
3919
3916
3915
3913
3912
3911
3909
3907
3904
3902
3899
3898
3896
3895
3893
3892
3891
3890
3889
3884
3883
3878
3871
3869
3867
3866
3864
3862
3861
3859
3858
3857
3852
3851
3847
3845
3838
3837
3833
3831
3825
3821
3814
3808
3806
3798
3796
3795
3794
3792
3787
3785
3782
3781
3780
3779
3777
3772
3769
3767
3766
3763
3762
3750
3746
3745
3742
3741
3739
3738
3737
3736
3735
3734
3733
3732
3730
3726
3725
3722
3719
3717
3715
3714
3713
3712
3709
3708
3707
3706
3705
3704
3703
3702
3701
3699
3698
3697
3696
3694
3693
3692
3687
3686
3685
3680
3679
3678
3672
3669
3668
3666
3659
3658
3657
3656
3654
3653
3650
3648
3647
3644
3643
3642
3630
3627
3625
3620
3618
3617
3616
3612
3611
3610
3607
3606
3604
3603
3602
3601
3599
3597
3595
3594
3591
3590
3587
3584
3583
3582
3580
3579
3578
3574
3572
3571
3567
3563
3562
3560
3559
3554
3553
3548
3544
3543
3542
3541
3538
3537
3536
3534
3533
3531
3525
3520
3518
3516
3515
3514
3512
3511
3508
3506
3503
3500
3499
3496
3489
3488
3486
3485
3484
3483
3480
3475
3472
3470
3467
3466
3464
3461
3458
3457
3453
3449
3446
3444
3443
3442
3441
3438
3797
3633
3592
3517
868
3375
2860
2452
2251
2483
2349
2493
2219
2545
2217
2227
2455
2051
2456
2178
2528
2558
2182
2105
2635
2316
2277
2403
2650
2207
2238
2383
1915
2443
2425
2517
2656
1930
1949
2405
2412
2418
2301
2281
2262
2048
2572
2570
2305
2576
2019
2613
2096
2212
2523
2440
2158
2080
2066
1990
2563
2546
2063
2634
2258
2234
2103
2614
2197
2421
2357
2114
1952
2466
2515
2490
2444
2401
2076
1982
2408
2393
2374
2213
2136
2090
2428
2386
1953
2534
2314
2248
2256
2651
2453
2214
2554
2482
2414
2261
2220
2005
2624
2581
2454
2404
2363
2353
2326
2154
2115
2060
2058
2044
2033
1997
1989
1929
2646
2638
2590
2460
2446
2308
2190
2123
2121
2074
