0
3820
3183
674
668
448
2195
750
786
854
806
808
732
821
771
717
887
867
770
715
889
863
794
737
778
773
762
751
746
690
845
809
797
787
731
726
724
694
856
855
853
852
851
850
849
848
847
846
844
843
842
841
839
838
837
836
835
834
833
832
831
829
827
826
824
822
820
818
817
816
815
814
813
812
807
804
802
801
799
796
795
793
792
791
790
789
788
785
784
783
782
781
780
779
777
775
772
768
767
766
765
764
763
761
760
759
758
757
756
755
754
752
749
748
744
743
742
741
740
739
738
736
735
734
733
730
728
727
725
723
722
721
720
718
716
714
712
711
710
709
707
706
705
704
702
701
700
699
696
695
693
692
691
689
688
687
870
895
894
893
892
891
890
888
886
885
884
883
882
881
880
879
878
877
876
875
874
873
872
869
866
864
861
859
858
840
830
828
825
823
819
811
810
805
803
800
798
776
774
769
753
747
745
729
719
713
708
703
697
686
4032
3987
4026
3997
3801
3660
3955
3977
3806
3893
3445
3622
3866
3555
3959
3669
3766
3478
3671
3535
3527
3924
3711
3463
3465
3917
3892
3874
3871
3743
3541
3598
3652
3668
3931
3881
3568
3645
3534
3969
3468
3815
3802
3891
3906
3936
3850
3728
3715
3705
3678
3663
3505
3647
871
868
865
3408
3125
3401
3336
3317
3354
3053
2861
3143
2801
2766
3095
2891
3433
3394
3123
2681
3080
3414
2948
3423
3008
2982
2889
3390
2680
2868
3026
2909
3142
3029
2988
2974
2777
2750
3229
2978
698
2876
3176
2900
3159
2824
2721
3359
2711
3919
3911
3864
3832
3744
3717
3477
3839
3788
3654
3888
3589
3927
3950
3656
3908
3667
3800
3557
3968
3755
2772
3189
2697
3199
3118
2720
3424
2736
2765
2714
2802
581
4023
4004
4038
4037
4036
4035
4034
4033
4030
4028
4027
4025
4024
4022
4021
4020
4019
4018
4017
4016
4015
4014
4013
4012
4010
4009
4008
4007
4006
4005
4003
4002
4000
3999
3998
3996
3995
3994
3993
3992
3991
3990
3989
3988
3986
3985
3984
3983
3982
3981
3861
3979
3978
3976
3975
3974
3973
3972
3971
3970
3967
3966
3965
3964
3963
3960
3958
3957
3956
3954
3953
3952
3951
3949
3948
3947
3946
3945
3944
3942
3941
3940
3939
3938
3937
3935
3934
3933
3932
3930
3929
3928
3926
3925
3923
3922
3921
3920
3918
3916
3915
3914
3913
3912
3910
3909
3907
3905
3904
3903
3902
3901
3900
3899
3898
3897
3896
3895
3894
3890
3889
3887
3885
3884
3883
3882
3880
3879
3878
3876
3875
3873
3870
3869
3868
3867
3865
3863
3862
3860
3859
3858
3857
3856
3855
3854
3853
3852
3849
3848
3847
3846
3845
3844
3843
3842
3841
3840
3838
3837
3836
3835
3834
3833
3831
3829
3828
3827
3826
3825
3824
3823
3822
3821
3819
3818
3817
3816
3814
3813
3812
3811
3810
3809
3808
3807
3805
3804
3803
3799
3798
3796
3795
3794
3793
3792
3791
3790
3789
3787
3786
3785
3784
3783
3782
3781
3780
3779
3778
3777
3776
3775
3774
3773
3772
3771
3770
3769
3768
3767
3765
3764
3763
3762
3761
3760
3759
3758
3757
3754
3753
3752
3751
3749
3748
3747
3746
3745
3742
3740
3739
3738
3737
3736
3735
3734
3733
3732
3731
3730
3729
3727
3726
3725
3724
3722
3720
3719
3718
3716
3714
3713
3712
3710
3709
3708
3707
3706
3704
3703
3702
3701
3700
3699
3698
3697
3696
3695
3694
3693
3691
3690
3689
3688
3687
3686
3685
3683
3682
3681
3680
3679
3676
3675
3674
3673
3672
3670
3666
3665
3664
3662
3661
3659
3658
3657
3655
3653
3651
3650
3649
3648
3646
3644
3643
3642
3641
3640
3639
3638
3637
3636
3635
3634
3632
3631
3630
3629
3628
3627
3626
3625
3624
3623
3621
3620
3619
3618
3617
3616
3615
3614
3613
3612
3611
3610
3608
3607
3606
3605
3604
3603
3602
3601
3600
3599
3597
3596
3595
3594
3593
3591
3590
3588
3587
3586
3585
3584
3583
3582
3581
3580
3579
3578
3576
3575
3574
3573
3572
3571
3570
3569
3567
3566
3565
3564
3563
3562
3560
3559
3558
3556
3554
3553
3552
3551
3549
3548
3547
3546
3545
3544
3543
3542
3539
3538
3537
3536
3533
3532
3531
3530
3529
3528
3526
3524
3523
3522
3521
3520
3519
3518
3517
3516
3515
3514
3513
3512
3511
3510
3509
3508
3507
3506
3504
3503
3502
3500
3499
3498
3497
3496
3494
3493
3492
3491
3490
3489
3488
3486
3485
3484
3483
3482
3481
3480
3479
3476
3475
3474
3473
3472
3471
3470
3469
3467
3466
3464
3462
3461
3460
3459
3458
3457
3455
3453
3452
3451
3450
3449
3448
3447
3446
3444
3443
3442
3441
3439
3438
862
857
659
684
379
467
636
356
382
3329
3208
3298
3146
2877
3033
2897
2864
2679
2668
3434
3344
3299
3224
3082
2992
2793
3145
3111
2991
2719
2672
3365
3050
2787
3140
3402
3369
3236
3087
3436
3435
3432
3430
3429
3428
3427
3426
3425
3422
3421
3419
3417
3416
3415
3413
3411
3409
3407
3406
3405
3403
3400
3399
3398
3397
3396
3395
3393
3392
3391
3389
3388
3387
3384
3383
3382
3380
3379
3378
3377
3376
3375
3374
3373
3372
3371
3370
3368
3367
3364
3363
3362
3360
3358
3357
3356
3353
3352
3351
3350
3349
3348
3347
3346
3345
3343
3342
3341
3340
3339
3338
3337
3334
3333
3332
3330
3327
3326
3325
3324
3323
3322
3321
3320
3319
3318
3316
3315
3314
3313
3312
3311
3310
3309
3308
3307
3306
3305
3304
3303
3302
3301
3300
3297
3296
3294
3293
3292
3291
3288
3287
3286
3285
3284
3283
3282
3281
3280
3279
3277
3276
3275
3274
3273
3272
3271
3270
3269
3268
3267
3266
3265
3264
3262
3261
3260
3259
3257
3256
3255
3254
3253
3252
3251
3250
3249
3247
3246
3244
3243
3242
3241
3240
3239
3238
3237
3235
3234
3232
3231
3230
3228
3227
3226
3225
3223
3221
3220
3219
3218
3217
3216
3215
3214
3213
3212
3211
3209
3207
3206
3204
3203
3202
3200
3198
3197
3196
3195
3194
3193
3192
3191
3190
3188
3187
3185
3184
3182
3181
3180
3177
3175
3174
3172
3171
3170
3169
3168
3167
3166
3163
3161
3160
3158
3157
3156
3155
3154
3153
3152
3151
3150
3149
3148
3147
3144
3141
3139
3138
3137
3135
3134
3133
3132
3131
3130
3129
3128
3127
3126
3122
3121
3120
3119
3116
3115
3114
3113
3112
3110
3109
3108
3107
3106
3105
3104
3103
3102
3099
3098
3096
3094
3093
3092
3091
3090
3089
3088
3086
3085
3084
3083
3081
3078
3077
3076
3075
3074
3073
3072
3071
3070
3069
3068
3067
3066
3065
3064
3063
3061
3060
3059
3058
3056
3055
3054
3052
3051
3049
3048
3047
3046
3045
3044
3043
3042
3041
3040
3039
3038
3037
3036
3035
3032
3030
3028
3027
3025
3024
3023
3022
3021
3018
3017
3016
3015
3014
3013
3012
3010
3009
3007
3006
3004
3002
3000
2999
2998
2997
2996
2995
2994
2993
2990
2989
2987
2986
2985
2984
2983
2981
2980
2977
2975
2973
2972
2970
2969
2967
2966
2965
2963
2961
2960
2959
2958
2957
2956
2955
2954
2953
2952
2951
2950
2949
2947
2945
2944
2943
2942
2940
2939
2937
2936
2935
2934
2933
2932
2931
2930
2929
2928
2927
2926
2925
2924
2923
2922
2921
2920
2919
2917
2916
2915
2914
2913
2912
2911
2910
2908
2907
2906
2905
2904
2902
2899
2898
2896
2895
2893
2892
2890
2888
2887
2886
2884
2882
2881
2880
2879
2878
2875
2874
2873
2872
2871
2870
2867
2866
2865
2863
2862
2860
2859
2858
2857
2856
2855
2854
2853
2852
2851
2850
2849
2848
2846
2845
2844
2843
2842
2841
2840
2839
2837
2836
2835
2834
2833
2832
2831
2830
2829
2828
2827
2825
2823
2821
2820
2819
2818
2817
2816
2815
2812
2811
2810
2809
2808
2807
2806
2805
2804
2803
2800
2799
2798
2797
2796
2795
2794
2792
2791
2790
2789
2788
2786
2785
2784
2783
2782
2781
2780
2779
2778
2776
2774
2773
2771
2770
2769
2768
2767
2763
2762
2761
2759
2758
2757
2756
2755
2754
2753
2751
2749
2748
2746
2745
2744
2743
2742
2741
2739
2738
2737
2733
2732
2731
2730
2729
2728
2727
2726
2723
2722
2717
2716
2715
2713
2712
2710
2709
2708
2706
2705
2703
2702
2701
2700
2699
2698
2696
2695
2694
2692
2691
2690
2689
2688
2687
2686
2685
2684
2683
2682
2676
2675
2674
2673
2671
2670
2669
2667
2666
2665
2664
2663
2662
2661
860
3097
3057
3355
3201
2938
2903
1046
3386
3258
3205
3165
3079
3062
2964
2734
2725
929
1194
3179
3011
2976
1147
3420
3410
3178
3034
2971
2813
3412
3404
3366
3331
3295
3233
3162
3019
3001
2962
2775
2752
2724
1498
3962
3943
3886
3877
3872
3851
3830
3797
3756
3750
3741
3721
3692
3684
3677
3633
3609
3592
3577
3561
3550
3540
3525
3501
3495
3456
3440
1253
1443
1728
1607
1627
1034
3328
3164
3136
3005
2941
2760
2678
956
1274
1005
1670
1424
1264
1649
974
1739
1798
1378
1568
1493
1452
1363
971
1873
1841
1732
1587
1379
1009
1650
1215
1019
663
618
399
139
36
147
286
92
4
263
268
191
24
337
167
312
20
3289
3186
