107
765
3980
2195
286
2168
282
891
866
869
18
443
3954
2776
564
3552
3814
3893
3789
3637
700
4006
801
3999
4009
4013
4000
704
4008
1119
15
3031
42
205
1586
411
1105
356
3127
112
2714
2798
3963
3839
275
2580
2301
1111
1901
3008
329
88
3759
103
3620
3929
3685
87
3898
121
165
150
3876
3755
3607
117
3122
3439
230
181
3447
283
3864
3588
2634
89
120
336
3939
3467
76
6
2975
174
3897
247
3816
183
3942
3922
179
3875
215
4010
4035
701
723
890
735
873
870
717
3200
865
4037
4028
4015
3989
4022
3984
883
3996
3994
875
884
859
691
3709
3748
668
43
3453
1560
37
2842
292
1386
3974
114
3650
335
1466
608
358
3798
3451
581
154
1394
3808
1046
1854
2483
1027
2814
454
157
279
1071
2704
1430
155
3959
1690
61
3704
234
2204
1760
110
572
2922
2178
228
351
321
384
552
307
1996
190
3787
2998
2380
124
3781
3946
2930
1776
3887
3965
3910
1264
1762
2855
2971
3290
532
673
2431
3477
1254
1133
2671
1157
2230
1297
437
2692
2375
2100
3432
3270
3905
2358
3401
347
3175
679
3600
2493
3901
99
1896
3323
58
3197
2926
3428
1865
2175
1220
2013
2251
3334
3418
3063
3133
2252
405
974
2801
2265
1915
2424
1933
3358
1887
2699
3281
3067
3112
3352
3343
3361
3708
413
1830
2650
647
676
2577
1062
1400
1648
3203
1378
1085
3437
3448
3456
3495
3501
3521
3545
3577
3593
3596
3604
3611
3633
3680
3684
3756
3804
3830
3838
3851
3877
3902
3938
3948
3966
3442
3449
3488
3514
3584
3586
3672
3677
3702
3734
3793
3797
3800
3824
3842
3906
3924
3930
3968
3506
3576
3625
3640
3731
3737
3758
3790
3926
3971
3528
3529
3687
3692
3860
3873
3455
3525
3884
3945
3962
0
9
21
25
26
56
67
122
170
186
188
199
200
239
252
261
271
277
285
304
315
322
3568
3794
3829
40
113
118
119
172
203
272
3518
3557
3605
3705
3810
3900
98
109
142
213
280
325
332
3629
3674
3826
3841
236
323
3651
3711
3951
342
3475
3542
3558
3728
3750
3886
3947
82
3540
3693
3722
3782
3833
3858
104
169
291
3486
3599
3713
3828
3464
3617
3764
3869
313
3553
13
3468
3721
3730
3740
3822
3969
211
3460
224
3469
3559
265
3635
3921
3831
141
3718
3526
3835
128
334
3590
3867
223
3440
3738
3943
53
324
3480
3609
161
297
3438
3466
62
72
3643
3821
3463
3471
3527
3569
3636
3825
185
346
3753
3870
3956
3578
3706
3497
3707
3710
308
3907
3505
3714
3852
232
238
3667
3573
3656
3509
3642
3909
158
3719
3768
3891
3915
339
3534
3927
3491
3786
94
3508
249
3918
3761
204
331
3634
31
80
242
3690
3845
248
3931
3462
