0
801
891
3853
550
3268
2842
1386
292
2382
2204
215
3798
585
692
775
744
743
757
855
767
836
822
714
779
881
871
807
709
877
783
754
878
845
728
718
850
833
813
778
762
751
746
742
738
706
890
814
848
842
834
828
815
854
853
852
851
849
847
846
844
843
841
840
839
838
837
835
832
831
829
827
826
824
821
820
818
817
816
812
809
808
806
803
802
799
798
797
796
795
794
793
792
791
790
789
788
787
786
785
784
782
781
780
777
774
773
771
770
768
766
765
764
763
761
760
759
758
756
755
752
750
749
748
741
740
739
737
736
735
734
733
732
731
730
727
726
725
724
723
722
721
720
717
716
715
712
711
710
707
705
704
703
702
701
700
699
696
695
694
693
691
690
689
688
687
3678
895
894
893
892
889
888
887
886
885
884
883
882
880
879
876
875
874
873
872
870
869
867
866
864
863
861
859
858
856
830
825
823
819
811
810
805
804
800
776
772
769
753
747
745
729
719
713
708
697
686
4027
4005
4026
3982
4018
3994
3955
3854
3704
3875
3537
3885
3848
3910
3676
3489
3637
3787
3666
3973
3447
3571
3897
3912
3657
3459
3646
3631
3607
3664
3615
3843
3564
3707
3690
3463
3901
3776
3587
3967
3874
3652
3975
3764
3668
3583
3510
3768
3568
3900
3793
3718
3493
3827
3685
3588
3658
3462
3528
3624
3490
3819
3904
3915
3859
3921
3850
3791
3778
3710
3608
3472
3546
3647
3638
3772
698
868
255
3511
4038
4037
4036
4034
4033
4032
4030
4029
4028
4025
4024
4023
4022
4021
4020
4019
4017
4016
4015
4014
4013
4012
4010
4009
4008
4007
4006
4004
4003
4002
4001
4000
3999
3998
3997
3996
3995
3993
3992
3991
3990
3988
3987
3986
3985
3984
3983
3981
1027
3635
3559
3957
3813
3700
3695
3680
3605
3560
3502
3852
3526
3520
3491
3477
3927
3469
3683
3656
3533
3484
3934
3930
3461
3687
3557
3851
3780
3600
3596
3576
3545
3540
3979
3978
3977
3976
3974
3972
3971
3970
3969
3968
3966
3965
3964
3963
3960
3959
3958
3956
3954
3953
3952
3951
3950
3949
3947
3946
3945
3944
3943
3942
3941
3940
3939
3938
3937
3936
3935
3933
3932
3931
3929
3928
3926
3924
3923
3922
3920
3919
3918
3917
3916
3914
3913
3911
3909
3908
3907
3906
3905
3903
3902
3899
3898
3896
3895
3894
3893
3892
3891
3890
3889
3888
3887
3884
3883
3882
3881
3879
3878
3876
3873
3871
3870
3869
3868
3867
3866
3865
3864
3863
3862
3861
3860
3858
3857
3856
3855
3849
3847
3846
3845
3844
3842
3841
3840
3839
3838
3837
3836
3835
3834
3833
3832
3831
3829
3828
3826
3825
3824
3823
3822
3821
3820
3818
3817
3816
3815
3814
3812
3811
3810
3809
3808
3807
3806
3805
3804
3803
3802
3801
3800
3799
3796
3795
3794
3792
3790
3789
3788
3786
3785
3784
3783
3782
3781
3777
3774
3773
3771
3770
3769
3767
3766
3765
3763
3762
3761
3760
3759
3758
3757
3756
3755
3754
3753
3752
3751
3749
3748
3747
3746
3745
3744
3743
3742
3741
3740
3739
3738
3737
3736
3735
3734
3733
3732
3731
3730
3728
3727
3726
3725
3724
3722
3720
3719
3717
3716
3715
3714
3713
3712
3711
3708
3706
3705
3703
3702
3701
3699
3698
3697
3696
3694
3691
3689
3688
3686
3682
3681
3679
3675
3672
3671
3670
3669
3667
3665
3663
3662
3661
3660
3659
3655
3654
3653
3650
3649
3648
3645
3644
3643
3641
3640
3639
3636
3634
3632
3630
3629
3628
3627
3626
3625
3623
3622
3620
3619
3618
3617
3616
3614
3613
3612
3611
3610
3606
3604
3603
3602
3601
3599
3598
3597
3595
3594
3593
3591
3590
3589
3585
3584
3582
3581
3580
3579
3578
3575
3574
3573
3572
3570
3569
3567
3565
3563
3562
3558
3555
3554
3553
3552
3549
3548
3544
3543
3542
3541
3539
3538
3536
3535
3534
3532
3531
3529
3527
3524
3523
3522
3521
3519
3518
3516
3515
3514
3513
3512
3509
3508
3507
3506
3505
3503
3500
3499
3498
3497
3494
3492
3488
3486
3485
3483
3482
3481
3480
3479
3478
3476
3475
3474
3473
3471
3470
3468
3467
3466
3465
3464
3460
3458
3457
3455
3453
3452
3451
3450
3449
3448
3446
3445
3444
3443
3442
3441
3439
3438
3872
3797
3779
3621
3517
865
857
49
3925
3723
3566
3551
3530
3504
3496
3880
3775
3693
3677
3673
3642
3586
3547
660
4031
4011
3989
3980
577
681
661
625
622
575
612
636
356
572
499
467
453
448
532
2788
2811
3125
3305
3217
3323
3326
2699
3088
3251
3358
2767
3044
3382
2670
3334
3118
2759
2696
3028
3012
3122
2691
3379
3306
2850
3216
2817
3342
3192
2751
2668
3151
3163
3105
3392
3199
3254
3372
2930
3359
3210
2819
2739
2821
3273
3241
2662
3383
3215
3009
3116
3043
3109
3089
3041
3013
2830
2753
2748
2720
2687
3365
3050
2990
3415
3335
3299
2859
3138
3298
2701
3133
3311
3309
3388
3156
3117
3405
2957
3332
3051
2672
3025
3295
3018
2743
2756
3020
2923
2688
3080
3036
3010
2913
3264
3196
2781
2702
2665
2763
3054
2943
2911
2800
3353
3313
3211
2868
2784
2711
2690
3364
3047
2866
3174
3149
3064
3040
2920
2915
2908
2815
3428
3130
2873
2786
2726
3411
3280
3272
3247
3198
3169
3152
3150
3076
2950
2876
2875
2853
2833
2828
2793
2778
2674
1627
2744
1430
1510
1762
3304
3233
3168
2962
2752
2724
929
985
1394
1414
1838
1506
899
1556
3962
3948
3886
3877
3830
3750
3721
3692
3684
3674
3651
3633
3609
3592
3577
3561
3556
3550
3525
3501
3495
3456
3440
3437
862
1443
1586
1896
1788
1508
1134
1105
1087
1034
3248
2941
1009
1239
1426
1640
983
1005
1068
1040
1655
1550
1889
1499
1218
1138
909
1756
1169
1131
1478
931
1333
1232
1704
1258
1141
1127
1000
1792
1042
903
1294
1093
1462
1438
1298
1227
1787
1319
1216
1186
969
1715
1432
1413
1257
1231
1120
1044
1647
1143
1060
1444
644
1859
1345
584
667
47
233
70
393
145
1297
46
296
273
192
126
243
42
337
338
16
336
267
124
293
175
17
310
151
264
245
201
91
347
95
195
181
326
92
1477
1457
1585
1364
1062
1411
1301
1384
1088
1380
1886
1344
1265
1242
1132
1092
1827
1734
1683
934
3245
1900
1639
1389
1608
1765
1124
1879
1723
1598
1471
1335
1271
1220
1201
997
1891
1741
1707
1644
1603
1256
1172
1101
1861
1409
1191
1107
995
897
1136
947
1864
1816
1811
1791
1724
1675
1604
1553
1519
1222
1112
1004
961
1825
1806
1656
1615
1588
1567
1511
1494
970
900
1677
1531
1469
1260
1225
1213
1188
1170
1159
1110
1052
1051
1041
1037
1007
3961
3487
3454
1128
560
1878
1828
1824
1786
1744
1661
1654
1631
1606
1454
1396
1284
1192
1113
1108
1018
1001
984
1514
1425
641
568
571
534
1311
936
503
404
685
684
682
679
678
677
675
674
672
671
670
668
665
664
663
662
659
658
657
656
655
654
653
650
648
647
643
642
640
639
638
635
633
632
631
630
628
627
626
623
621
620
619
618
617
616
615
613
611
609
608
607
605
603
602
600
599
598
597
595
594
593
592
589
588
583
582
581
579
578
576
574
573
570
458
676
673
652
646
610
586
489
396
354
510
451
444
680
634
614
604
591
590
587
580
548
517
491
434
400
387
367
362
683
669
666
565
559
542
461
527
407
564
562
561
558
557
555
553
552
551
547
540
539
537
536
535
533
530
529
524
522
521
520
519
515
514
513
512
511
509
505
502
501
498
497
496
495
494
493
492
490
488
487
486
484
482
481
480
479
478
476
474
473
472
470
468
466
465
464
463
462
460
457
456
454
452
450
446
445
443
441
440
437
435
429
424
423
422
421
419
418
417
413
412
411
410
409
408
406
405
403
401
399
398
395
394
392
391
390
388
386
385
384
383
382
381
380
379
378
377
375
372
371
368
365
364
361
360
359
358
357
355
352
351
349
22
84
208
164
117
231
53
5
324
224
158
75
10
332
290
141
128
82
325
323
297
251
236
212
134
104
66
31
3436
3435
3434
3433
3432
3431
3430
3429
3427
3426
3425
3424
3423
3422
3421
3420
3419
3418
3417
3416
3414
3413
3412
3410
3409
3408
3407
3406
3404
3403
3402
3401
3400
3399
3398
3397
3396
3395
3394
3393
3391
3390
3389
3387
3386
3385
3384
3381
3380
3378
3377
3376
3375
3374
3373
3371
3370
3369
3368
3367
3366
3363
3362
3361
3360
3357
3356
3355
3354
3352
3351
3350
3349
3348
3347
3346
3345
3344
3343
3341
3340
3339
3338
3337
3336
3333
3331
3330
3329
3328
3327
3325
3324
3322
3321
3320
3319
3318
3317
3316
3315
3314
3312
3310
3308
3307
3303
3302
3301
3300
3297
3296
3294
3293
3292
3291
3289
3288
3287
3286
3285
3284
3283
3282
3281
3279
3278
3277
3276
3275
3274
3271
3270
3269
3267
3266
3265
3263
3262
3261
3260
3259
3258
3257
3256
3255
3253
3252
3250
3249
3246
3244
3243
3242
3240
3239
3238
3237
3236
3235
3234
3232
3231
3230
3229
3228
3227
3226
3225
3224
3223
3222
3221
3220
3219
3218
3214
3213
3212
3209
3208
3207
3206
3205
3204
3203
3202
3201
3200
3197
3195
3194
3193
3191
3190
3189
3188
3187
3186
3185
3184
3183
3182
3181
3180
3179
3178
3177
3176
3175
3172
3171
3170
3167
3166
3165
3164
3162
3161
3160
3159
3158
3157
3155
3154
3153
3148
3147
3146
3145
3144
3143
3142
3141
3140
3139
3137
3136
3135
3134
3132
3131
3129
3128
3127
3126
3124
3123
3121
3120
3119
3115
3114
3113
3112
3111
3110
3108
3107
3106
3104
3103
3102
3101
3100
3099
3098
3097
3096
3095
3094
3093
3092
3091
3090
3087
3086
3085
3084
3083
3082
3081
3079
3078
3077
3075
3074
3073
3072
3071
3070
3069
3068
3067
3066
3065
3063
3062
3061
3060
3059
3058
3057
3056
3055
3053
3052
3049
3048
3046
3045
3042
3039
3038
3037
3035
3034
3033
3032
3031
3030
3029
3027
3026
3024
3023
3022
3021
3019
3017
3016
3015
3014
3011
3008
3007
3006
3005
3004
3002
3001
3000
2999
2998
2997
2996
2995
2994
2993
2992
2991
2989
2988
2987
2986
2985
2984
2983
2982
2981
2980
2979
2978
2977
2976
2975
2974
2973
2972
2971
2970
2969
2968
2967
2966
2965
2964
2963
2961
2960
2959
2958
2956
2955
2954
2953
2952
2951
2949
2948
2947
2946
2945
2944
2942
2940
2939
2938
2937
2936
2935
2934
2933
2932
2931
2929
2928
2927
2926
2925
2924
2922
2921
2919
2918
2917
2916
2914
2912
2910
2909
2907
2906
2905
2904
2903
2902
2901
2900
2899
2898
2897
2896
2895
2894
2893
2892
2891
2890
2889
2888
2887
2886
2884
2883
2882
2881
2880
2879
2878
2877
2874
2872
2871
2870
2869
2867
2865
2864
2863
2862
2861
2860
2858
2857
2856
2855
2854
2852
2851
2849
2848
2847
2846
2845
2844
2843
2841
2840
2839
2837
2836
2835
2834
2832
2831
2829
2827
2826
2825
2824
2823
2822
2820
2818
2816
2813
2812
2810
2809
2808
2807
2806
2805
2804
2803
2802
2801
2799
2798
2797
2796
2795
2794
2792
2791
2790
2789
2787
2785
2783
2782
2780
2779
2777
2776
2775
2774
2773
2772
2771
2770
2769
2768
2766
2765
2764
2762
2761
2760
2758
2757
2755
2754
2750
2749
2747
2746
2745
2742
2741
2738
2737
2736
2735
2734
2733
2732
2731
2730
2729
2728
2727
2725
2723
2722
2721
2719
2718
2717
2716
2715
2714
2713
2712
2710
2709
2708
2707
2706
2705
2704
2703
2700
2698
2697
2695
2694
2693
2692
2689
2686
2685
2684
2683
2682
2681
2680
2679
2678
2677
2676
2675
2673
2671
2669
2667
2666
2664
2663
2661
1666
860
1911
1910
1908
1907
1906
1905
1904
1903
1902
1901
1899
1898
1897
1895
1894
1893
1892
1890
1888
1887
1885
1884
1882
1881
1880
1877
1876
1875
1874
1873
1872
1871
1870
1869
1868
1867
1866
1865
1862
1860
1858
1857
1856
1855
1854
1853
1851
1850
1849
1848
1847
1845
1844
1843
1842
1841
1840
1839
1837
1833
1832
1831
1830
1829
1826
1823
1822
1821
1820
1819
1818
1815
1814
1813
1812
1810
1809
1807
1805
1804
1803
1802
1801
1800
1799
1798
1797
1796
1795
1794
1793
1790
1789
1785
1784
1783
1781
1779
1778
1776
1775
1774
1773
1772
1771
1770
1768
1767
1766
1764
1763
1761
1760
1759
1758
1757
1755
1754
1753
1752
1751
1750
1749
1748
1747
1746
1743
1742
1740
1739
1738
1737
1736
1735
1733
1732
1731
1730
1729
1728
1727
1726
1725
1722
1721
1720
1719
1717
1716
1714
1713
1712
1711
1710
1709
1708
1706
1705
1703
1701
1700
1699
1698
1697
1696
1695
1694
1693
1692
1691
1690
1689
1686
1685
1682
1681
1680
1679
1678
1676
1674
1673
1672
1671
1670
1669
1668
1667
1665
1664
1663
1662
1660
1659
1658
1657
1653
1652
1651
1650
1649
1648
1646
1645
1643
1642
1641
1638
1637
1636
1635
1634
1633
1632
1630
1629
1628
1625
1624
1623
1622
1620
1619
1616
1614
1613
1612
1611
1610
1609
1607
1605
1602
1601
1600
1599
1597
1596
1595
1594
1593
1592
1591
1589
1587
1584
1583
1582
1580
1579
1578
1576
1575
1573
1572
1571
1570
1569
1568
1566
1565
1564
1563
1562
1561
1560
1559
1558
1557
1555
1554
1552
1551
1549
1548
1547
1546
1545
1544
1543
1542
1541
1539
1538
1537
1536
1535
1533
1532
1530
1529
1528
1527
1526
1525
1524
1521
1520
1518
1517
1516
1515
1513
1512
1507
1505
1504
1503
1502
1501
1500
1498
1497
1496
1495
1493
1492
1491
1490
1489
1488
1487
1486
1484
1482
1481
1480
1479
1476
1475
1474
1473
1472
1470
1468
1467
1466
1464
1463
1461
1460
1459
1456
1455
1453
1452
1451
1450
1449
1448
1447
1446
1445
1442
1441
1439
1437
1436
1435
1434
1433
1431
1429
1428
1427
1424
1423
1422
1421
1420
1419
1418
1417
1416
1415
1412
1410
1408
1407
1406
1405
1404
1403
1402
1401
1400
1399
1398
1397
1395
1393
1392
1391
1390
1388
1387
1385
1383
1382
1381
1379
1378
1377
1375
1374
1373
1372
1371
1370
1368
1367
1366
1365
1363
1362
1360
1359
1358
1357
1356
1355
1354
1353
1352
1351
1350
1349
1348
1347
1346
1343
1342
1341
1340
1339
1338
1337
1336
1334
1332
1331
1330
1329
1328
1326
1325
1324
1323
1322
1321
1320
1318
1317
1316
1315
1314
1313
1310
1309
1308
1307
1306
1305
1304
1303
1302
1300
1299
1296
1295
1293
1292
1291
1290
1289
1288
1287
1286
1285
1283
1282
1281
1280
1279
1278
1277
1276
1275
1274
1273
1272
1270
1269
1268
1267
1266
1264
1263
1262
1261
1259
1255
1254
1253
1252
1251
1250
1249
1248
1247
1246
1245
1244
1243
1241
1240
1238
1237
1236
1235
1234
1233
1230
1229
1228
1226
1224
1223
1221
1219
1217
1215
1214
1212
1211
1210
1209
1208
1207
1206
1205
1204
1203
1202
1200
1199
1198
1197
1195
1194
1193
1190
1189
1187
1185
1184
1183
1181
1180
1179
1178
1177
1176
1175
1174
1168
1167
1166
1164
1163
1162
1161
1160
1158
1157
1156
1155
1154
1153
1152
1151
1150
1149
1148
1147
1146
1144
1142
1140
1139
1137
1135
1133
1130
1129
1125
1123
1122
1121
1119
1118
1117
1116
1115
1114
1111
1109
1106
1104
1103
1102
1100
1099
1098
1097
1096
1095
1094
1091
1090
1089
1086
1085
1084
1083
1082
1081
1080
1079
1078
1076
1075
1073
1072
1071
1069
1067
1066
1065
1064
1063
1061
1059
1058
1057
1056
1055
1054
1053
1050
1049
1048
1047
1046
1045
1043
1039
1038
1036
1035
1033
1032
1031
1030
1026
1025
1024
1023
1022
1021
1020
1019
1017
1016
1015
1014
1012
1011
1010
1008
1006
1003
1002
999
998
996
994
993
992
991
990
989
988
987
986
982
981
980
979
978
977
976
975
974
973
972
971
968
967
966
965
964
963
962
960
959
958
957
956
955
954
953
952
950
949
948
946
945
944
943
942
941
940
939
938
937
935
933
932
930
928
927
926
924
923
922
920
919
918
917
916
915
914
913
912
911
910
907
906
905
904
902
901
898
896
651
649
637
629
606
601
596
538
526
428
389
366
363
353
346
345
344
343
342
341
340
334
333
331
330
329
328
327
322
321
320
319
318
317
