0
4022
3984
3959
3709
638
624
608
2195
1581
1270
1096
301
43
47
744
750
806
793
707
839
783
3676
858
879
759
864
710
761
790
715
703
784
781
773
752
742
844
840
835
819
766
748
695
856
855
854
853
852
851
850
849
848
847
846
845
843
842
841
838
837
836
834
833
832
831
829
827
826
824
822
821
820
818
817
816
815
814
813
812
811
810
809
808
807
802
799
797
796
795
794
792
791
789
788
787
786
785
782
780
779
778
777
776
775
771
770
768
767
765
764
763
762
760
758
757
756
755
754
751
749
747
746
743
741
740
739
738
737
736
735
734
733
732
731
730
728
727
726
725
724
723
722
721
720
718
717
716
714
712
711
709
706
705
704
702
701
700
699
696
694
693
692
691
690
689
688
687
4001
4032
3992
4036
4005
4028
4007
4003
3665
3619
3745
3955
3899
3901
3537
3787
3652
3686
3595
3473
3812
3606
3441
3459
3622
3771
3843
3662
3446
3976
3809
3776
3766
3747
3607
3482
3767
3927
3623
3975
3519
3956
3529
3474
3460
3443
3714
3555
3969
3900
3711
3593
3584
3728
3713
3636
3588
3730
3743
3865
3802
3773
3608
895
894
893
892
891
890
889
888
887
886
885
884
883
882
881
880
878
877
876
875
874
873
872
871
870
869
868
867
866
863
861
859
830
828
825
823
805
804
803
800
798
774
772
769
753
745
729
719
713
708
697
686
4038
3991
4037
4035
4034
4033
4030
4029
4027
4026
4025
4023
4021
4020
4019
4018
4017
4016
4015
4014
4013
4012
4009
4008
4006
4004
4002
4000
3999
3998
3997
3996
3995
3994
3993
3990
3988
3987
3986
3985
3983
3982
3981
3444
3913
3832
3744
3691
3680
3635
3512
3479
3457
3707
3522
3656
3573
3552
3796
3804
3734
3971
3755
3979
3978
3977
3974
3973
3972
3970
3968
3967
3966
3965
3964
3963
3961
3960
3958
3957
3954
3953
3952
3951
3950
3949
3947
3946
3945
3944
3942
3941
3940
3939
3938
3937
3936
3935
3934
3933
3932
3931
3930
3929
3928
3926
3925
3924
3923
3922
3921
3920
3919
3918
3917
3916
3915
3914
3912
3911
3910
3909
3908
3907
3906
3905
3904
3903
3902
3898
3897
3896
3895
3894
3893
3892
3891
3890
3889
3888
3887
3885
3884
3883
3882
3881
3880
3879
3878
3877
3876
3875
3874
3873
3871
3870
3869
3868
3867
3866
3864
3863
3862
3860
3859
3858
3857
3855
3854
3853
3852
3850
3849
3848
3847
3846
3845
3844
3842
3841
3840
3839
3838
3837
3836
3835
3834
3833
3831
3829
3828
3827
3826
3825
3824
3823
3822
3821
3820
3819
3818
3817
3816
3815
3814
3813
3811
3810
3808
3807
3806
3805
3803
3801
3800
3799
3798
3795
3794
3793
3792
3791
3790
3789
3788
3786
3785
3784
3783
3782
3781
3780
3778
3777
3775
3774
3772
3770
3769
3768
3765
3764
3763
3762
3761
3760
3759
3758
3757
3754
3753
3752
3751
3749
3748
3746
3742
3740
3739
3738
3737
3736
3735
3733
3732
3731
3727
3726
3725
3724
3722
3720
3719
3718
3717
3716
3715
3712
3710
3708
3706
3705
3704
3703
3702
3701
3700
3699
3698
3697
3696
3695
3694
3693
3690
3689
3688
3687
3685
3683
3682
3681
3679
3678
3675
3674
3673
3672
3671
3670
3669
3668
3667
3666
3664
3663
3661
3660
3659
3658
3657
3655
3654
3653
3650
3649
3648
3647
3646
3645
3644
3643
3642
3641
3640
3639
3638
3637
3634
3632
3631
3630
3629
3628
3627
3626
3625
3624
3620
3618
3617
3616
3615
3614
3613
3612
3611
3610
3605
3604
3603
3602
3601
3600
3599
3598
3597
3596
3594
3591
3590
3589
3587
3585
3583
3582
3581
3580
3579
3578
3576
3575
3574
3572
3571
3570
3569
3568
3567
3566
3565
3564
3563
3562
3560
3559
3558
3557
3556
3554
3553
3551
3549
3548
3547
3546
3545
3544
3543
3542
3541
3539
3538
3536
3535
3534
3533
3532
3531
3530
3528
3527
3526
3525
3524
3523
3521
3520
3518
3516
3515
3514
3513
3511
3510
3509
3508
3507
3506
3505
3504
3503
3502
3500
3499
3498
3497
3496
3494
3493
3492
3491
3490
3489
3488
3486
3485
3484
3483
3481
3480
3478
3477
3476
3475
3472
3471
3470
3469
3468
3467
3466
3465
3464
3463
3462
3461
3458
3455
3454
3453
3452
3451
3450
3449
3448
3447
3445
3442
3439
3438
857
3779
3621
3586
3517
3495
865
698
4031
4011
3989
3980
667
642
603
662
600
605
3861
3723
3487
654
357
532
429
495
365
565
138
2380
1969
2375
1933
2358
2249
2034
2442
2402
2082
1944
2316
1978
2650
2170
2522
2158
2452
2505
2453
2322
2628
2618
2448
2197
2091
2089
2599
2634
2481
2301
2281
2181
2637
2273
2161
1923
2303
2234
2092
2060
2015
2403
2193
2173
1999
2361
2335
2446
2112
2622
2207
2160
2033
2625
2601
2586
2556
2495
2492
2469
2430
2370
2369
2352
2307
2218
2206
2165
2142
2140
2098
2083
2045
2040
1997
1983
1962
1939
2146
2114
2647
1919
910
1264
2151
2597
2555
2530
2338
1364
1002
1887
937
3962
3948
3943
3886
3872
3851
3830
3797
3756
3750
3741
3721
3692
3684
3677
3651
3633
3609
3592
3577
3561
3550
3540
3501
3456
3440
3437
862
1213
1896
1884
1529
1672
1089
1009
1856
1862
1016
1368
1254
907
1634
1306
945
1139
1212
1064
939
1482
1355
1120
1051
1686
1541
1531
1507
1503
1299
964
1776
1030
1422
1591
1082
975
1316
1709
1231
1526
1423
896
1671
653
1967
485
449
415
440
1894
1732
1660
1654
1595
1455
1373
1108
1099
933
671
535
385
521
442
685
684
682
681
680
679
678
677
676
675
674
672
670
668
666
665
664
663
661
660
659
658
657
656
655
650
647
644
643
640
639
636
635
633
632
631
630
628
627
626
625
623
622
621
620
619
618
617
616
615
613
612
611
609
607
602
599
598
597
595
594
593
592
591
590
589
588
587
585
584
583
582
581
579
578
577
576
575
574
573
558
556
1275
1041
949
369
1487
1343
683
673
669
652
646
645
634
614
610
604
586
553
547
500
491
489
473
461
456
370
1514
936
446
402
395
391
374
373
572
571
570
569
568
567
562
561
560
559
557
555
554
552
551
550
548
546
545
544
543
542
541
540
539
537
536
534
533
531
530
529
528
527
525
524
523
522
520
519
518
516
515
514
513
512
511
510
509
508
507
506
505
504
503
502
499
498
497
496
494
493
492
490
488
487
486
484
482
481
480
479
478
477
474
472
471
470
469
468
467
466
465
463
462
460
459
458
457
455
454
453
452
451
450
448
447
445
444
443
439
438
437
436
435
434
433
432
431
430
427
426
425
424
423
422
421
419
418
417
416
413
412
411
410
409
408
407
406
405
404
403
401
400
398
397
396
394
393
392
390
388
387
386
384
383
382
381
380
379
378
377
375
372
371
368
367
363
362
361
360
359
358
356
355
354
353
352
350
349
264
340
564
501
476
441
399
364
351
49
97
145
46
549
464
2284
2199
2171
2024
2018
1998
1976
1926
120
139
206
318
38
2
300
8
327
207
63
60
254
23
281
42
83
7
331
178
106
16
62
288
276
79
80
347
308
248
212
104
41
19
115
325
261
239
223
211
118
82
59
169
181
9
48
1262
1892
1648
1493
1895
1548
1874
1821
1138
1518
928
1240
2642
2629
2616
2608
2544
2543
2512
2509
2475
2463
2461
2420
2394
2385
2294
2289
2279
2189
2180
2128
2068
2062
2032
2028
2010
2007
1932
1719
1328
1218
1187
1710
950
1043
1641
1395
1521
1537
1080
1553
1239
1180
1558
1342
1458
1017
1754
1101
932
1864
1902
1823
1746
1712
1662
1580
1516
1488
1375
1339
1250
1196
1112
1059
1006
968
1791
1730
1669
1639
1613
1609
1570
1175
1153
1124
947
1126
1626
1695
1113
1037
1077
1058
2660
2659
2658
2657
2656
2655
2654
2653
2652
2651
2649
2648
2646
2645
2644
2643
2641
2640
2639
2638
2636
2635
2633
2632
2631
2630
2627
2626
2624
2623
2621
2620
2619
2617
2615
2614
2613
2612
2611
2610
2609
2607
2606
2605
2604
2603
2602
2600
2598
2595
2594
2593
2592
2591
2590
2589
2588
2587
2585
2584
2583
2582
2581
2580
2579
2578
2577
2576
2575
2574
2573
2572
2571
2570
2569
2568
2567
2566
2565
2564
2563
2562
2561
2560
2559
2558
2557
2554
2553
2552
2551
2550
2549
2548
2547
2546
2545
2542
2541
2540
2539
2538
2537
2536
2535
2534
2533
2532
2531
2529
2528
2527
2526
2525
2524
2523
2521
2520
2519
2518
2517
2516
2515
2514
2513
2511
2510
2508
2507
2506
2504
2503
2502
2501
2500
2499
2498
2497
2496
2494
2493
2491
2490
2489
2488
2487
2486
2485
2484
2483
2482
2480
2479
2478
2477
2476
2474
2473
