136
726
3918
3982
312
4007
3181
3398
1546
3516
3216
3490
273
615
1651
534
3074
3935
871
3999
712
3813
3912
3723
4020
138
292
3742
2204
111
251
3441
393
987
1664
1206
33
910
3513
812
8
102
3716
499
791
1240
2982
955
562
3551
707
3986
2817
3704
147
3717
3305
2263
3959
2884
3701
3010
985
945
3314
253
1908
571
3091
2245
2634
356
3854
1430
3809
3679
652
549
3429
192
1218
733
3588
4013
2079
3691
3445
81
2217
572
1896
1697
386
711
27
3425
886
2769
4017
382
892
2714
2252
358
3875
379
85
100
250
38
4006
3890
2860
283
3477
508
1145
61
2842
757
2656
3317
240
35
42
3795
904
3807
642
1558
120
798
167
3037
2565
1043
3661
3675
443
3282
1119
4015
2678
2422
626
3382
3652
476
3939
411
2972
3030
806
3699
3952
3439
3071
99
2569
2305
1657
2580
448
2834
1748
1268
2437
2106
3732
3230
4023
3628
1498
825
321
3389
875
2316
1776
4033
3370
4029
4009
3998
4036
895
881
3379
3648
2774
3408
860
2442
671
2816
722
586
498
1411
861
405
704
1071
2766
1564
3031
2967
2470
3451
3504
2541
468
893
602
3885
1463
78
2691
2722
3580
3662
3821
854
3141
2776
3623
3594
3649
2251
474
1924
1297
1053
3928
3844
2952
837
2515
560
1177
3157
891
667
2732
894
3372
3251
3827
2902
907
2725
3993
3985
3561
4011
3984
209
4025
655
3994
1415
407
3987
790
3671
4032
3069
929
3041
501
648
73
24
3749
344
222
151
276
317
31
3006
235
303
28
23
141
335
318
3736
1802
3050
231
208
173
153
139
384
106
1443
77
76
660
811
2792
569
4016
3323
166
2900
97
2503
18
996
316
1354
3059
2380
833
2971
3133
1278
788
702
2227
1961
822
383
1254
1698
1150
3457
1777
3690
869
3698
616
2066
11
3112
3401
2466
472
336
3859
2514
3270
256
3494
210
1034
3603
3843
1157
3983
846
3121
1176
624
668
346
1386
2885
3530
3607
3083
852
2790
3266
593
3942
3974
3923
3709
2382
1671
890
1027
3565
3183
859
1131
2535
610
1476
3489
689
2483
621
911
2682
2740
1788
585
3903
1711
206
3227
3796
4035
2917
2362
1234
2886
716
177
550
3222
2709
3632
2998
32
43
196
690
3409
1510
2505
91
121
882
1856
701
3583
362
3746
2100
851
3290
776
2824
1023
3444
608
3688
3848
3407
1834
3374
1326
679
2848
279
3641
607
174
2802
15
796
1581
2341
162
2798
3686
715
2015
1599
3820
1681
3626
816
3375
4034
1693
666
3144
1387
1544
3045
1854
47
1646
2650
29
756
693
3681
179
3333
1252
112
1414
1394
37
485
3673
269
3597
429
2859
3937
2922
3712
865
691
2013
2431
164
3954
244
267
970
3667
1168
3753
1780
1002
1445
2980
3787
2178
413
3666
1030
3748
1937
2321
2130
371
193
3334
2808
2926
3678
3539
818
2281
699
2789
1087
1978
584
270
159
464
3751
3770
832
528
594
3988
3180
3067
445
3799
3647
3479
2861
3814
3905
3606
3549
884
587
3511
3724
866
879
858
912
4014
3311
2703
2070
2570
2474
850
3825
3008
453
3571
3908
3897
909
1384
310
1860
775
3803
163
156
3
2979
4030
4026
3992
2710
878
876
729
738
1138
1607
2558
2375
286
4004
4031
789
839
1016
956
1499
441
364
198
3806
3963
3894
3587
3766
3964
2094
2167
2487
2671
2962
1073
182
3423
2959
3465
3837
95
742
1353
771
3616
3932
3638
296
259
264
245
564
399
284
309
36
281
108
93
44
137
337
2034
3904
3849
19
17
4027
4002
3487
3874
3473
3538
3917
3567
3857
3725
3739
3743
3657
3541
3868
3911
3700
3502
3669
4021
4000
3997
4003
3980
870
3147
3127
425
647
628
659
583
650
681
670
599
665
658
627
635
578
662
577
661
643
600
595
675
640
582
632
576
195
218
181
4
275
306
328
152
3771
3727
3812
3863
3682
3624
3536
3197
3053
3523
3639
3695
3613
3481
3919
3883
3562
3898
3581
1057
979
1403
1562
1889
3308
2957
3131
2930
4038
3995
4012
4010
4008
3989
3981
3990
4037
4001
262
64
115
168
57
260
88
217
333
2
54
5
299
254
87
30
133
10
268
128
323
55
165
291
216
101
302
92
53
150
50
158
226
230
116
127
232
66
146
105
308
297
75
274
258
69
1
176
285
280
213
169
142
290
224
185
194
94
315
178
9
188
98
67
314
211
212
82
26
129
7
161
103
266
204
340
301
123
342
265
63
60
243
80
197
135
242
187
329
119
322
223
170
21
14
320
304
118
113
56
331
203
148
252
294
272
40
25
261
236
122
332
271
180
345
221
132
104
200
239
199
172
65
59
347
339
330
325
324
313
311
300
293
287
277
263
257
255
249
241
220
215
190
186
149
144
134
109
79
72
62
49
48
45
39
20
16
13
0
140
305
214
41
326
70
83
51
96
334
22
46
131
130
278
225
338
341
238
295
343
248
228
191
184
171
126
114
86
227
319
68
219
84
246
307
282
189
155
145
229
237
89
183
143
90
2704
117
234
175
298
247
289
288
6
124
110
74
4019
4005
4018
3991
4024
4022
3941
3645
3470
3554
3777
3726
3443
3909
3896
3792
3738
3592
3783
3776
3564
3866
3602
3944
3778
3892
3507
3956
3829
3900
3646
3515
3496
3711
3458
3752
3529
3972
3761
3979
3503
3791
3960
3947
3915
3472
3951
3784
3763
3534
3826
3601
3535
3630
3901
3876
3590
3867
3862
3735
3728
3921
3769
3663
3498
3871
3631
3620
3493
3643
3714
3870
3718
3833
3506
3869
3585
3531
3847
3970
3556
3584
3818
3474
3469
3468
3945
3634
3802
3553
3442
3705
3505
868
3779
3933
3655
3899
3579
3622
3532
3500
3794
3927
3568
3499
3508
3720
3810
3793
3558
3460
3969
3924
3555
3459
3977
3865
3629
3615
3861
3835
3815
3907
3773
3722
3713
3710
3636
3455
3706
3855
3822
3680
3906
3486
3463
3665
3913
3452
3642
3730
3527
3697
3574
3772
3659
3693
3557
3525
3492
3707
3785
3762
3737
3524
3764
3510
3466
3461
3832
3635
3521
3966
3831
857
3522
3858
3842
3967
3957
3931
3920
3914
3895
3881
3840
3819
3801
3789
3788
3786
3782
3768
3767
3765
3758
3757
3740
3733
3715
3608
3599
3595
3593
3591
3569
3546
3543
3483
3471
3916
3611
3658
3640
3578
3528
3930
3687
3824
3627
3683
3533
3877
862
3610
3721
3491
3672
3654
3596
3440
3448
3845
3804
3962
3756
3731
3605
3902
3889
3860
3576
3518
3464
3559
3656
3514
3734
3526
3485
3573
3563
3497
3750
3926
3797
3677
3621
3547
3838
3790
3577
3462
3619
3586
3437
3891
3828
3542
3488
3692
3456
3438
3943
3886
3609
3872
1193
3888
3968
3938
3817
3540
3517
3702
3674
3670
3625
3604
3884
3703
3633
3480
3475
3852
3651
3684
3800
3760
3545
3449
3948
3741
3550
1088
3950
3851
3830
3971
3873
3618
3501
1085
3841
3512
3495
3929
3664
3476
3519
3774
3708
3544
3775
3805
3566
3520
3953
3450
3880
3548
3940
3836
3850
3834
3484
3617
3975
3910
3447
3936
3685
3755
3946
3922
3882
3839
3811
3668
3653
3612
3598
3570
3482
3446
3955
3973
3509
3689
3478
3759
3644
3976
3537
3747
3754
3676
3719
3978
3454
3965
3887
3798
3780
3696
3637
3614
3552
3660
3934
3572
3600
3878
3846
3949
3961
3893
3864
3958
3879
3823
3589
3575
3925
3745
3808
3650
3467
3694
3453
3582
3560
3781
3744
783
748
817
845
769
836
844
762
750
710
797
745
728
856
687
831
827
807
803
709
751
848
838
778
736
718
835
847
772
765
734
885
867
795
763
740
741
774
773
824
760
808
814
700
792
829
770
805
784
720
787
826
688
703
695
830
828
849
819
781
755
706
793
840
810
779
705
697
696
842
698
694
880
820
739
815
752
727
724
843
841
834
809
799
794
780
777
766
764
758
754
743
737
731
708
853
823
800
747
719
686
713
746
782
767
804
863
813
786
855
821
744
723
759
888
768
753
735
721
887
883
877
889
761
730
864
717
874
873
732
872
714
785
725
692
802
749
801
3816
3856
3729
