0
2079
883
4024
4022
3856
3853
3570
3453
607
358
210
33
12
1394
3798
775
699
757
788
852
707
763
771
783
867
723
761
853
810
755
715
889
861
851
774
762
752
831
827
815
797
779
848
844
719
708
856
855
854
850
849
847
846
845
843
842
841
839
838
837
836
835
834
833
832
829
826
824
823
822
821
820
818
817
816
814
813
812
809
808
807
806
803
802
799
798
796
795
794
793
792
791
790
789
787
786
785
784
782
781
780
778
777
773
770
768
767
766
765
764
760
759
758
756
754
751
750
749
748
747
746
744
743
742
741
740
739
738
737
736
735
734
733
732
731
730
728
727
726
725
724
722
721
720
718
717
716
714
712
711
710
709
706
705
704
702
701
700
696
695
694
693
692
691
690
689
688
687
4032
3995
3988
4019
3653
3537
3746
3694
3923
3963
3502
3587
3787
3660
3478
3893
3808
3803
3557
3931
3507
3827
3920
3696
3486
3878
3472
3836
3809
3967
3541
3759
3701
3668
3617
3601
3564
3822
3643
3921
3730
3528
3743
3725
3956
3645
3977
3850
3710
3705
3636
3608
3597
3546
3616
3513
895
894
893
892
891
890
888
887
886
885
884
882
881
880
879
878
877
876
875
874
873
872
871
870
869
866
864
863
859
858
840
830
828
825
819
811
805
804
800
776
772
769
753
745
729
713
703
697
686
3628
3452
3919
3613
3574
3658
3603
3736
3702
3526
3477
3828
3578
3484
3589
3889
3930
3667
3697
3755
3576
868
865
4027
4004
4038
4037
4036
4035
4034
4033
4030
4029
4028
4026
4025
4023
4021
4020
4018
4017
4016
4014
4013
4012
4010
4009
4008
4007
4006
4005
4003
4002
4001
4000
3999
3998
3997
3996
3994
3993
3992
3991
3990
3987
3986
3985
3983
3982
3981
3463
3925
3530
3496
3979
3978
3976
3975
3974
3973
3972
3971
3970
3969
3968
3966
3965
3964
3960
3959
3958
3957
3955
3954
3953
3952
3951
3950
3949
3947
3946
3945
3944
3942
3941
3940
3939
3938
3937
3936
3935
3934
3933
3932
3929
3928
3927
3926
3924
3922
3918
3917
3916
3915
3914
3913
3912
3911
3910
3909
3908
3907
3906
3905
3904
3903
3902
3901
3900
3899
3898
3897
3896
3895
3894
3892
3891
3890
3888
3887
3886
3885
3884
3883
3882
3881
3880
3879
3876
3875
3874
3873
3872
3871
3870
3869
3868
3867
3866
3865
3864
3863
3862
3860
3859
3858
3857
3855
3854
3852
3849
3848
3847
3846
3845
3844
3843
3842
3841
3840
3839
3838
3837
3835
3834
3833
3832
3831
3829
3826
3825
3824
3823
3821
3820
3819
3818
3817
3816
3815
3814
3813
3812
3811
3810
3807
3806
3805
3804
3802
3801
3800
3799
3796
3795
3794
3793
3792
3791
3790
3789
3788
3786
3785
3784
3783
3782
3781
3780
3779
3778
3777
3776
3775
3774
3773
3772
3771
3770
3769
3768
3767
3766
3765
3764
3763
3762
3761
3760
3758
3757
3754
3753
3752
3751
3749
3748
3747
3745
3744
3742
3740
3739
3738
3737
3735
3734
3733
3732
3731
3728
3727
3726
3724
3722
3720
3719
3718
3717
3716
3715
3714
3713
3712
3711
3709
3708
3707
3706
3704
3703
3700
3699
3698
3695
3693
3691
3690
3689
3688
3687
3686
3685
3683
3682
3681
3680
3679
3678
3676
3675
3673
3672
3671
3670
3669
3666
3665
3664
3663
3662
3661
3659
3657
3656
3655
3654
3652
3650
3649
3648
3647
3646
3644
3642
3641
3640
3639
3638
3637
3635
3634
3632
3631
3630
3629
3627
3626
3625
3624
3623
3622
3621
3620
3619
3618
3615
3614
3612
3611
3610
3607
3606
3605
3604
3602
3600
3599
3598
3596
3595
3594
3593
3591
3590
3588
3586
3585
3584
3583
3582
3581
3580
3579
3575
3573
3572
3571
3569
3568
3567
3566
3565
3563
3562
3560
3559
3558
3555
3554
3553
3552
3551
3550
3549
3548
3547
3545
3544
3543
3542
3539
3538
3536
3535
3534
3533
3532
3531
3529
3527
3524
3523
3522
3521
3520
3519
3518
3517
3516
3515
3514
3512
3511
3510
3509
3508
3506
3505
3504
3503
3500
3499
3498
3497
3494
3493
3492
3491
3490
3489
3488
3485
3483
3482
3481
3480
3479
3476
3475
3474
3473
3471
3470
3469
3468
3467
3466
3465
3464
3462
3461
3460
3459
3458
3457
3455
3451
3450
3449
3448
3447
3446
3445
3444
3443
3442
3441
3439
3438
857
640
2178
1961
2375
1924
2548
2535
2656
2204
2357
1937
2320
2158
2651
2405
2634
2424
2455
2156
2012
2633
2626
1980
1958
70
2517
3268
2952
3094
2884
3144
3218
2997
3044
3037
2975
3028
2893
2961
3251
3180
2930
2801
3123
2981
3392
3109
3015
3194
3435
3119
2977
3080
3056
3023
3255
3390
3228
3054
2944
2850
2683
3047
2913
3339
3184
3040
2940
2931
2908
2877
3231
3139
2978
2888
698
3236
3215
2882
3066
2983
2514
2011
2490
1988
2202
1999
2762
2700
3316
3155
3297
3242
3083
2949
3411
3326
3157
2808
2021
2426
2485
2237
1929
2358
2342
2406
1995
2638
2619
2578
2520
2504
2500
2499
2477
2454
2433
2213
2122
2115
2109
2098
2093
2077
2069
2020
1962
2432
2479
2603
2222
2534
2371
2296
2272
2242
2226
2209
2049
1930
2449
2303
2218
2604
2602
2601
2600
2561
2482
2410
2395
2367
2271
2233
2103
2030
1946
2434
3405
3254
3196
2957
3434
2684
3208
2784
3371
2990
3345
3344
3291
3260
3224
3106
3046
2904
3187
3171
2686
3334
3113
3069
3189
2895
3174
2915
2782
2870
3370
2739
3162
3077
2787
3416
3204
3116
3035
2937
2863
3051
3002
2818
3185
3962
3948
3943
3877
3851
3830
3797
3756
3750
3741
3721
3692
3684
3677
3674
3651
3633
3609
3592
3577
3561
3556
3540
3525
3501
3495
3456
3440
862
677
575
4031
4011
3989
3980
616
3961
3861
3723
3487
3454
3437
654
572
499
571
464
579
685
684
682
681
680
679
675
674
672
670
668
667
666
665
664
662
661
660
659
658
657
650
648
647
643
642
638
636
635
633
632
631
628
627
626
625
624
623
622
621
619
617
615
613
612
611
605
603
602
600
599
598
597
595
592
588
586
583
582
581
578
577
576
573
593
498
574
532
495
590
390
558
380
399
354
3418
2901
2847
2659
2658
2657
2655
2654
2652
2650
2648
2646
2645
2644
2641
2640
2639
2637
2632
2631
2630
2628
2627
2625
2624
2623
2622
2621
2620
2618
2615
2614
2613
2612
2611
2610
2607
2606
2599
2595
2593
2591
2590
2587
2586
2585
2584
2581
2580
2579
2577
2576
2575
2574
2573
2572
2570
2569
2568
2566
2565
2564
2563
2562
2560
2559
2558
2557
2556
2554
2553
2552
2551
2550
2549
2546
2545
2541
2540
2539
2538
2537
2536
2532
2531
2528
2527
2526
2525
2524
2523
2522
2521
2518
2515
2513
2507
2506
2505
2503
2501
2497
2495
2493
2492
2489
2488
2487
2486
2484
2483
2481
2480
2478
2476
2474
2473
2470
2469
2467
2466
2464
2462
2460
2457
2456
2453
2452
2450
2448
2446
2444
2443
2442
2441
2440
2439
2438
2437
2435
2431
2430
2429
2428
2427
2425
2423
2422
2421
2418
2416
2415
2414
2412
2411
2409
2408
2407
2404
2403
2402
2401
2400
2397
2396
2393
2392
2391
2390
2388
2387
2386
2385
2383
2382
2381
2380
2379
2376
2374
2373
2370
2369
2366
2365
2363
2362
2361
2360
2359
2356
2354
2353
2352
2350
2349
2348
2346
2345
2341
2340
2339
2335
2334
2331
2329
2326
2324
2323
2322
2321
2318
2317
2316
2314
2313
2312
2311
2310
2309
2308
2307
2306
2305
2304
2301
2300
2299
2298
2297
2291
2290
2288
2287
2286
2281
2280
2278
2277
2276
2275
2274
2270
2269
2265
2263
2262
2261
2260
2259
2258
2257
2256
2255
2253
2252
2251
2249
2248
2245
2244
2243
2240
2238
2236
2235
2234
2232
2231
2230
2229
2228
2227
2225
2221
2220
2219
2217
2216
2214
2212
2211
2210
2208
2207
2206
2205
2201
2200
2197
2195
2193
2192
2190
2188
2186
2184
2182
2181
2179
2177
2175
2173
2172
2170
2168
2167
2166
2165
2164
2162
2161
2160
2159
2155
2154
2152
2150
2147
2146
2145
2142
2141
2140
2139
2136
2131
2130
2129
2126
2124
2123
2121
2120
2119
2118
2114
2113
2112
2110
2108
2107
2106
2105
2104
2101
2100
2099
2097
2096
2095
2094
2092
2091
2090
2089
2088
2086
2085
2084
2083
2082
2080
2078
2076
2075
2074
2073
2070
2067
2066
2064
2063
2061
2060
2059
2058
2057
2056
2055
2051
2050
2048
2046
2045
2044
2043
2041
2040
2037
2036
2035
2034
2033
2029
2025
2023
2022
2019
2017
2016
2015
2014
2013
2008
2006
2005
2002
2000
1997
1996
1993
1992
1990
1989
1987
1986
1985
1984
1983
1982
1981
1979
1978
1977
1975
1974
1971
1970
1969
1968
1966
1965
1964
1963
1960
1957
1956
1953
1952
1950
1949
1944
1943
1942
1938
1936
1935
1934
1933
1931
1928
1927
1925
1923
1922
1921
1919
1918
1917
1915
1914
1913
71
164
256
253
321
202
198
2660
2647
2636
2635
2583
2571
2494
2459
2447
2417
2378
2364
2337
2284
2254
2171
2157
2133
2116
2027
2024
2018
2009
2004
2001
1998
1991
1976
1973
1972
1951
1939
344
5
125
102
8
268
296
318
193
250
290
60
192
330
317
309
42
93
257
302
101
80
230
83
51
345
281
214
239
238
341
185
134
113
168
103
87
22
95
72
67
25
333
326
115
346
322
88
3432
2825
3385
3179
2616
2589
2509
2491
2330
2325
2241
2185
2151
2132
2081
2031
2003
1955
1947
1926
1162
1760
3436
3433
3431
3430
3429
3428
3427
3426
3425
3424
3423
3422
3421
3420
3419
3417
3415
3414
3413
3408
3407
3403
3402
3401
3400
3399
