0
4037
798
3746
81
1119
155
157
885
3589
279
262
648
2857
1834
447
3732
608
3282
282
3717
3183
3853
18
11
205
3408
1581
883
335
642
401
859
861
699
3125
3987
4006
4015
1654
1466
3709
571
4024
743
4016
1890
593
4010
6
3856
114
287
2527
2975
1233
43
937
3565
3767
904
2714
530
3451
3660
1264
3882
267
235
3816
3865
918
1362
1002
74
3467
3673
292
286
293
3992
294
1856
390
1558
1206
2483
467
3031
2041
2971
3134
256
3457
775
90
168
454
1442
3688
875
3570
3848
247
1486
865
655
209
3928
1262
1755
1690
2457
2569
1430
3925
1760
233
250
1974
1838
3290
1924
3885
3616
572
49
192
3744
220
873
872
867
874
879
871
877
852
881
887
894
717
882
841
816
866
776
870
782
855
893
886
756
740
749
802
767
768
702
712
880
750
839
689
707
850
790
895
892
891
890
888
884
878
876
868
860
858
804
716
889
864
863
729
741
793
826
854
846
832
825
822
817
791
788
757
755
735
733
692
813
786
746
691
748
835
807
806
796
789
732
725
714
700
803
779
770
704
771
723
783
763
758
742
736
869
811
821
769
753
721
709
744
849
797
764
715
837
812
792
762
751
693
820
840
772
727
720
698
795
752
836
808
799
761
728
856
843
838
828
809
765
759
754
730
687
823
739
829
781
745
718
842
738
734
710
688
847
774
686
851
844
833
831
830
819
818
815
814
794
787
780
778
777
773
766
747
724
708
701
697
848
845
834
827
824
810
805
800
784
760
737
726
722
719
711
706
705
703
696
695
853
731
713
694
690
785
801
4032
4027
3991
4028
4018
4034
4030
3989
3999
4031
4004
4019
3998
3996
3981
3993
3985
4014
4023
4021
4038
4033
4029
4026
4022
4020
4017
4013
4009
4005
4002
4001
4000
3997
3995
3994
3988
3986
3983
3982
3980
4003
4025
3990
3984
4036
4007
4035
4011
4008
594
4012
667
3338
3427
3401
3413
2167
2886
3376
3271
3216
3155
3126
2899
3121
2808
2855
2811
3235
3044
2789
3333
2821
1956
2301
2375
2431
2100
2528
2548
2113
2094
2424
2227
1915
1949
2565
2545
2442
2262
2493
2008
2025
2016
3270
2980
3305
3340
3326
2878
3157
2790
3175
2682
1693
2779
3310
3083
2898
2771
3428
2967
2861
2968
3099
3128
3024
3088
2723
2879
3133
2739
3254
2995
3425
3402
3358
3050
2884
2819
2801
3053
3194
2990
3048
2834
2847
2747
3151
2688
3260
3374
3307
2727
3372
3180
2930
3312
2832
2841
3141
2776
3225
3281
2674
3069
3209
3202
2891
3093
3137
3352
3309
2959
3385
2856
2831
2993
3191
3066
3012
3297
2784
3059
3045
2888
2769
3423
3382
3314
2889
3294
2947
3215
3211
3158
2998
3063
3028
2949
3016
2918
2783
3362
3414
2756
3238
2805
3249
2969
2695
3303
3042
2755
2749
2673
3431
3110
3217
3389
3233
3199
2869
2715
2810
3144
3415
3348
3229
2710
3299
2687
2734
3148
2987
2666
3127
2774
2848
2795
3041
2759
2733
2709
2700
3200
3122
3280
3103
3027
3257
3213
2994
2862
2663
3378
3112
3109
3039
2904
2833
3192
2803
2785
3152
3116
3049
3007
2849
2780
3390
3315
3286
3135
2912
3234
3026
3023
3004
2750
2746
2717
3357
3353
3038
3035
2868
2668
3153
3143
2864
3220
3085
3394
3166
3123
3114
2907
2794
2766
3319
3241
3171
3086
2713
2890
2837
3422
3381
3261
3170
3296
3187
3167
2955
3288
3240
3132
2716
2758
2667
3304
3193
3054
2916
2896
2689
2680
3341
3330
3034
2859
3318
3142
2988
2940
2911
2867
2800
2782
3275
2934
3426
3388
3384
3056
3022
2919
2910
2908
2905
2877
2863
2806
2787
2777
2763
2706
2664
3242
2844
3337
3107
2871
2675
3051
3435
3400
3364
3324
3119
3104
3096
3090
3000
2977
2956
2953
2915
2906
2887
2874
2854
2809
2807
2773
2743
2738
2731
2681
2679
3301
3232
3226
3184
3174
3108
3064
3033
2986
2966
2960
2913
2873
2872
2866
2839
2815
2669
3351
3262
2796
2781
3325
2982
2703
2099
2476
1952
3327
2954
2858
2736
2665
3432
110
1950
2248
1990
2245
1961
2651
2505
2439
1978
2584
2303
2082
1934
2316
2105
2152
1982
2288
2091
2534
2314
2076
2580
2474
2456
2412
2558
2263
2217
2130
2119
2035
1930
2252
2175
2014
2535
2256
2092
2358
2383
2497
2613
2311
1935
1928
2207
2106
2455
2341
2114
2107
2633
1968
2411
1975
2251
2197
2015
1922
2146
2061
2402
2181
2070
2523
2260
1933
2658
2657
1957
2277
2236
2393
2019
2353
2632
2447
2628
2562
2403
2231
2173
1936
2085
2495
2421
2321
2021
2645
2364
1927
2004
2648
2365
2192
2627
2017
2622
2444
2647
1980
1976
1914
2515
2490
2466
2426
2401
2485
2352
1963
2359
1986
2166
2023
2448
2126
2089
2626
2006
2000
2585
2202
1931
1921
1919
2477
2469
2118
1979
2654
2578
2539
2083
2619
2418
2374
2154
2563
2500
2112
2452
160
174
152
2392
2479
2229
2060
2638
2575
2354
2348
2326
2240
2124
2086
2077
2058
1997
1972
1969
2655
2625
2600
2579
2550
2532
2520
2499
2492
2478
2409
2404
2391
2386
2306
2220
2206
2190
2184
2164
2147
2121
2115
2056
2044
2037
1984
1942
2544
2536
1985
2623
2602
2586
2556
2526
2507
2482
2410
2334
2309
2308
2188
2150
2131
2104
2088
2040
1918
2641
2182
2514
2631
2630
2593
2572
2564
2561
2560
2551
2521
2506
2489
2468
2462
2446
2433
2428
2414
2408
2369
2363
2356
2340
2331
2324
2323
2300
2275
2271
2261
2244
2210
2136
2108
2098
2095
2069
2064
2045
2033
2020
1993
1962
1943
1917
2400
2449
2084
1983
2522
2396
2002
2637
2438
2542
2531
2390
2222
2221
2142
2137
2110
2096
2075
2205
2177
2660
2022
2018
2249
1939
2519
2280
2571
2379
2377
2518
2480
2425
2362
2310
2612
2581
2233
2246
2242
2214
2274
2259
2003
1994
1981
2413
2283
2116
2057
2429
2427
2394
2338
2305
2293
2101
2525
2419
2318
2232
2198
2047
1944
2557
2406
2291
2211
2141
2609
2465
2333
2273
2144
2128
2039
1959
1920
2368
2351
2289
2028
1916
2649
2610
2327
2169
2149
2134
2026
1970
2640
2636
2617
2475
2471
2463
2459
2417
2180
2157
2072
2027
2007
1998
1995
1973
1955
1951
125
3267
3252
3247
3188
3169
3102
3021
2939
3405
3398
3081
3072
2941
2865
2720
3653
3502
3812
3716
3978
3664
3548
3461
3668
3477
3659
3603
3959
3657
3795
3694
3960
3447
3552
3527
3910
3899
3602
3893
3588
3652
3862
3666
3498
3832
3796
1008
3178
3061
2882
2825
2762
3396
3279
3224
3017
2957
2938
3136
3082
2914
3276
2826
3258
3380
3359
3346
3210
3160
2900
2737
3350
3287
3079
2937
2685
3342
3214
3113
3060
3010
2836
3182
2950
2875
2735
3201
3289
2903
2693
3434
3397
3395
3386
3345
3320
3239
3203
3140
3120
3089
3009
2753
2748
2742
2661
3259
3253
3087
2942
3077
2820
2775
2724
3379
3366
3331
3177
3154
3118
3100
3068
2860
2830
2829
2730
2662
3356
3162
2958
2892
2697
2818
3097
2964
1240
3420
2999
2923
3433
3430
3429
3424
3421
3419
3418
3417
3416
3412
3411
3410
3403
3399
3393
3392
3391
3387
3383
3377
3375
3373
3371
3370
3369
3368
3367
3365
3363
3360
3355
3354
3349
3347
3344
3343
3339
3336
3335
3334
3332
3329
3328
3323
3322
3321
3317
3316
3313
3311
3308
3306
3302
3300
3298
3293
3292
3291
3285
3284
3283
3277
3274
3273
3272
3269
3268
3266
3264
3256
3255
3251
3250
3246
3244
3243
3237
3236
3231
3230
3228
3227
3223
3221
3219
3218
3212
3208
3207
3206
3204
3198
3197
3196
3195
3190
3189
3186
3185
3181
3179
3176
3173
3172
3163
3161
3159
3156
3150
3149
3147
3146
3145
3139
3138
3131
3130
3129
3124
3117
3115
3106
3105
3101
3098
3095
3092
3091
3084
3080
3078
3076
3075
3074
3073
3071
3070
3067
3065
3062
3058
3055
3052
3047
3046
3043
3040
3037
3036
3032
3030
3029
3025
3018
3015
3014
3013
3008
3002
2997
2996
2992
2991
2989
2985
2984
2983
2981
2979
2978
2974
2973
2972
2970
2965
2963
2962
2961
2951
2948
2946
2945
2944
2943
2936
2935
2933
2932
2931
2929
2928
2927
2926
2925
2924
2922
2921
2920
2917
2909
2901
2897
2895
2894
2893
2881
2880
2876
2870
2853
2852
2851
2850
2846
2845
2843
2842
2840
2835
2828
2827
2823
2817
2816
2813
2812
2804
2802
2799
2797
2793
2791
2786
2778
2772
2770
2768
2765
2761
2757
2754
2751
2745
2741
2729
2728
2726
2725
2722
2719
2718
2712
2711
2708
2705
2702
2701
2699
2698
2696
2694
2692
2691
2690
2686
2684
2683
2676
2672
2670
2605
2594
2516
2510
2502
2472
2461
2445
2355
2298
2294
2292
2247
2215
2203
2194
2189
2151
2138
2132
2081
2062
2054
1947
1940
1111
1788
3361
3248
3245
3164
2760
1368
38
147
255
46
301
278
8
87
2659
2656
2652
2650
2646
2644
2639
2635
2634
2629
2624
2621
2620
2618
2615
2614
2611
2607
2606
2604
2603
2601
2599
2595
2591
2590
2589
2587
2583
2582
2577
2576
2574
2573
2570
2568
2566
2559
2554
2553
2552
2549
2546
2540
2538
2537
2524
2517
2513
2511
2508
2504
2503
2494
2491
2488
2487
2486
2484
2481
2473
2467
2464
2460
2454
2453
2450
2443
2441
2440
2435
2434
2432
2430
2423
2422
2416
2415
2407
2405
2398
2397
2395
2389
2387
2385
2384
2381
2380
2378
2376
2373
2371
2370
2367
2366
2361
2360
2357
2350
2349
2346
2345
2343
2342
2339
2337
2335
2332
2330
2329
2322
2320
2317
2315
2313
2312
2307
2304
2299
2297
2296
2295
2290
2287
2286
2284
2282
2281
2278
2276
2272
2270
2269
2265
2258
2257
2255
2254
2253
2243
2239
2238
2237
2235
2234
2230
2228
2226
2225
2219
2218
2216
2213
2212
2209
2208
2201
2200
2199
2193
2186
2183
2179
2172
2171
2170
2168
2165
2163
2162
2161
2160
2159
2158
2156
2155
2145
2143
2140
2139
2129
2123
2122
2120
2109
2103
2097
2093
2090
2087
2080
2078
2074
2073
2067
2066
2063
2059
2055
2053
2051
2050
2049
2048
2046
2043
2042
2036
2034
2030
2029
2024
2013
2012
2011
2010
2009
2005
2001
1999
1996
1992
1991
1989
1988
1987
1971
1966
1965
1964
1960
1958
1954
1953
1946
1938
1937
1929
1925
1923
1913
330
237
71
338
221
260
120
31
336
178
73
112
89
7
208
213
181
2643
2608
2598
2597
2592
2567
2555
2533
2530
2509
2501
2496
2458
2420
2372
2347
2336
2319
2302
2285
2279
2267
2266
2264
2196
2191
2135
2125
2117
2065
2032
1945
1941
1905
1200
996
2653
2642
2616
2588
2547
2543
2529
2512
2498
2451
2436
2399
2344
2328
2325
2268
2250
2241
2224
2223
2187
2185
2176
2174
2153
2148
2133
2127
2111
2102
2071
2068
2052
2038
2031
1948
1932
1926
136
899
1383
1157
1651
3265
3263
2822
1140
1270
3896
3515
3888
3745
3727
3441
3944
3661
3923
3854
3789
3749
3720
3647
3632
3626
3700
3715
3973
3704
3559
3908
3476
3765
3560
3740
3662
3513
3967
3783
3776
3696
3483
3750
3478
3934
3614
3468
3510
3787
3956
3651
3966
3884
3642
3972
3917
3819
3860
3495
3646
3571
3785
3518
3615
3590
3965
3613
3547
3831
3736
3563
3550
3484
3489
3864
3813
3667
3804
3697
3792
3976
3529
3786
3681
3818
3760
3834
3945
3937
3836
3534
3847
3914
3913
3852
3845
3770
3561
3557
3514
3855
