107
830
3797
9
3980
3317
2195
3856
3836
2983
3725
4018
1521
3890
2817
3126
162
89
3610
1499
681
3905
110
92
3283
3655
227
215
146
3814
1105
639
2452
2457
1276
424
3227
2017
1690
3961
2979
306
3338
3789
3519
2227
3652
3717
979
550
151
61
3946
679
616
2671
3523
255
3846
4009
127
4033
889
2170
3996
1657
4013
499
2
35
1834
1992
1854
237
894
860
90
1034
629
328
1558
1990
2158
1200
2641
1952
1930
1937
2316
2217
2357
1693
3907
86
68
877
129
704
816
3318
2699
586
1043
3537
767
1518
138
576
319
3746
343
243
69
3875
3310
406
3878
164
3601
986
1362
2106
714
691
3083
1386
2858
2898
2167
476
2707
3374
2942
3246
1713
2798
3241
3522
3270
3193
1546
3048
4005
3703
3816
721
3899
3669
3700
3978
2678
3709
1817
3122
1656
1760
744
42
3407
790
71
633
4007
1808
3704
2808
46
316
572
2541
1777
1253
349
2963
58
1874
401
3742
182
379
584
1544
2421
699
314
1395
3864
1248
15
1394
2998
205
2952
3447
3916
295
626
858
3372
3839
3752
594
1481
3031
929
1837
3134
668
1814
3451
652
1411
3988
3729
1151
955
2801
102
812
2980
16
228
3183
871
51
126
3716
309
3507
152
2238
1651
3690
112
1387
1731
3972
3131
873
165
212
1266
910
1165
672
1162
3771
3244
1700
1797
364
771
336
2886
1863
3673
615
1383
909
3382
91
833
865
3095
2130
2548
2439
2178
62
28
3156
281
3582
4002
3685
4023
331
912
4030
3489
3853
266
103
1424
729
3467
3626
75
3516
3481
3883
2824
457
4015
446
1141
3781
4006
318
3676
3774
3614
206
3653
3425
883
2804
195
273
218
2876
2688
2922
3686
3269
435
2373
1978
836
3455
2562
390
27
2488
2644
3003
2614
2792
469
2522
2450
276
2214
3454
2070
121
4020
1428
2568
2530
920
2355
2067
2403
2113
2016
2449
1103
1297
574
1002
3894
3446
3820
2971
1749
1633
270
893
3901
459
3776
3478
3970
2834
3919
2080
3983
3008
2580
249
3897
372
101
3679
3806
775
887
1676
1194
811
1699
2514
3955
667
1138
52
3953
95
327
1560
1254
4036
4003
2269
3632
700
3697
31
3147
294
3074
3322
12
1251
1353
345
3912
3567
3777
477
235
3874
854
22
720
120
77
835
1865
2860
851
3368
33
454
125
803
2723
3088
3175
2999
1464
2481
2923
3009
3024
472
63
2819
3365
3371
3393
3159
11
2847
3204
1087
229
3043
3242
1830
3059
2726
2663
1534
3032
3408
3223
3334
3929
2751
3151
3144
1695
945
2728
2930
3273
32
1258
3813
2741
1206
3281
3827
3328
690
3289
1232
1678
2854
3638
3303
3536
3383
3343
3865
3998
3099
1498
2882
3459
3472
3755
2667
3414
2745
1466
3112
766
377
23
613
1208
869
3698
1317
1133
2878
3550
1174
1701
292
10
792
2972
1775
3230
173
1096
117
3990
549
383
427
480
3071
166
2885
987
2722
3600
899
663
1319
150
1224
3093
3902
1892
3513
3532
2811
1922
951
3551
3914
485
1042
202
846
410
83
1779
3801
2883
3216
908
3792
1044
2776
201
3441
54
1013
1081
1883
515
2470
3688
3448
674
3012
312
1581
3525
371
2558
1262
1631
3531
2691
3308
904
1455
1443
692
3375
562
3940
3788
161
1070
1310
3787
725
602
3661
3515
232
502
3773
693
324
421
1058
3867
3761
3880
81
3068
1030
3572
3559
3249
937
3641
3666
2182
3871
2838
1858
754
818
3621
241
1506
3493
1478
436
552
1901
1193
841
1093
2401
992
2861
4029
1698
303
287
3053
1430
208
1434
808
879
732
3067
2079
3775
1053
3848
1890
3879
433
1031
985
3592
73
3733
3323
3935
2788
1792
3514
1233
3869
3631
3855
207
76
716
1776
124
3564
3606
3805
791
1950
867
3548
1856
3306
1025
2204
3754
388
2964
837
1354
533
284
537
1762
50
3715
1118
551
1658
217
448
1252
154
2565
607
1996
3547
1016
839
3958
411
307
3305
1239
2957
209
2442
557
450
3271
1825
384
1694
3689
802
3528
3722
965
144
3556
1203
785
621
593
1410
1144
190
3598
3932
3251
3171
1870
3259
2841
1140
1450
2744
780
2933
347
3473
178
1687
956
204
180
3562
3695
3920
3863
2393
1369
2065
1244
3642
84
2632
2230
2358
2411
3588
3778
3553
730
763
2397
2193
2725
1476
1642
2903
2764
2926
3476
3975
1785
369
2962
3594
4034
3840
2162
2156
2388
2160
2152
2146
2405
3392
2710
3428
2851
2789
2769
3300
868
3309
3325
628
599
3764
3821
3866
3671
3530
3511
3763
351
1441
2732
289
19
3494
3539
4
3468
3823
139
197
3799
895
99
296
3087
2758
1111
4004
3985
3995
556
4011
3504
866
881
620
685
644
592
666
609
630
39
257
3950
3573
3891
3045
3911
2634
1905
1055
1564
1585
97
1484
171
189
2814
534
1202
1071
532
437
143
278
131
177
3121
623
677
636
618
573
653
611
832
848
2826
3340
3354
3200
2799
3222
2760
2803
2848
3315
2735
2820
3110
3279
3138
399
564
393
3424
3097
782
2168
3623
3881
88
3534
3829
3617
3510
3738
3887
137
93
111
337
115
41
20
226
6
665
627
675
595
658
600
670
661
632
578
577
643
583
1537
1301
712
1368
1788
1384
587
423
646
2703
2959
2982
743
813
736
707
776
3498
2422
2618
2621
2402
2015
2525
1860
181
78
991
179
870
2426
2444
2207
2486
2076
1924
2622
2320
14
214
333
149
3991
4031
3989
4000
3981
4021
3994
2255
2349
2650
882
888
753
735
886
856
861
878
885
698
804
320
4014
3982
3997
3091
3077
660
597
684
1607
1896
1403
1177
3665
3825
3910
3701
3837
3465
3708
3579
3918
3376
275
2677
3020
3925
2251
1915
2570
2119
2009
2455
1933
2157
2620
2412
2025
2248
2424
2181
1936
2286
2456
2342
2231
2260
2583
1958
2050
2012
1928
2312
2085
1951
2571
2129
2440
2023
2636
2660
1991
1919
2159
2097
1931
2173
2335
2317
1975
2628
2091
2626
2082
2605
2337
2022
2365
2000
2004
2538
1980
2171
2435
2049
2277
2656
2378
2192
2635
2557
2141
2008
2637
2366
2209
2066
2400
2107
2242
2406
2205
1969
2024
1921
2519
2640
2531
2155
1976
1994
2322
2116
2380
2041
2035
2432
2221
2474
2145
1944
2447
2346
2633
2284
1968
2120
1934
2272
2280
2249
2648
2647
2297
1927
2341
2166
2443
2367
2096
2310
2256
2031
2126
2448
2371
2659
2540
2496
2029
2459
1998
2657
2006
2639
1995
1957
2089
2389
2202
2061
1973
1914
2268
2001
87
2545
2264
2262
2044
2383
2610
2305
2135
2161
2497
2318
2186
2327
2211
2036
2018
2101
2259
2028
1964
2149
1987
2117
2110
2547
2475
2473
2445
2232
1947
2510
2420
2362
2296
2185
2642
2589
2518
2399
2224
2508
2143
2509
2174
2529
2413
2325
2239
1940
2629
2588
2434
2127
1955
1923
1913
2292
2176
1465
2385
2057
2471
2254
2243
2003
1981
1954
2368
2267
2222
2643
2417
2081
1718
2609
2247
2203
1916
2649
2491
2396
2384
2294
2187
1970
2451
2038
2458
2285
2199
2616
2598
2582
2377
2246
2194
2002
2333
2584
2189
2513
2311
2303
2427
2128
2544
2019
2313
2537
2134
2068
2418
2133
2652
2645
2627
2617
2587
2585
2581
2523
2515
2505
2503
2453
2437
2425
2419
2415
2390
2372
2364
2361
2350
2345
2328
2304
2293
2291
2274
2263
2236
2228
2208
2197
2169
2138
2114
2062
2027
2014
1972
1960
1949
1935
1932
136
2479
2344
2215
2132
2591
2478
2631
2476
2563
2391
2606
2147
2302
2576
2603
2533
2512
2463
2338
2235
2075
2072
2092
2058
2489
2407
2597
2516
2498
2241
2191
2180
2087
2042
2026
2572
2282
2198
2047
1926
2288
2560
2477
2594
2472
2461
2394
2332
2279
2223
2144
2032
2010
1939
2502
2343
2295
2111
2007
2592
2555
2315
2289
2283
2273
2250
2153
2102
1945
2438
2319
2071
2054
2053
1959
1948
2573
2083
2151
2137
2063
2559
2429
2613
2504
2348
2020
2240
2654
2586
2387
2226
2060
2551
2500
2188
1925
2374
2465
2340
2276
2275
2196
1577
2623
2608
2436
2398
2148
2136
2052
2234
2552
2216
2630
2578
2526
2299
2213
2356
1985
2624
1946
2253
2165
1986
1942
2536
2521
2446
2244
2212
2069
2043
1938
2430
2579
2352
2124
2095
2469
2121
2646
2485
2206
2112
2462
2363
2339
2324
2520
2139
2073
1983
2625
2532
2369
2329
2306
2266
2074
2056
2045
1971
2611
2549
2542
2460
2307
2220
2200
2086
2064
2564
2428
2237
1984
2604
2392
2326
2290
2287
2554
2376
2278
2184
2150
2140
2539
2499
2433
2409
2154
2059
2046
1918
2495
2331
2055
2033
2638
2567
2423
2404
2370
2258
2210
2118
2109
2104
2090
1929
1912
2501
2123
2037
1966
2615
2593
2482
2467
2386
2354
2229
2218
2172
2122
2108
2103
2093
1963
1953
1943
2653
2590
2546
2511
2507
2414
2410
2351
2336
2309
2271
2261
2183
2125
2039
1920
1917
2655
2619
2561
2468
2464
2408
2359
2353
2300
2233
2201
2190
2179
2142
1993
1979
1941
2574
2543
2506
2308
2115
2088
2005
2556
2484
2164
1997
1962
2602
2601
2600
2553
2550
2492
2395
2381
2334
2323
2257
2078
2077
2040
1989
2607
2347
2131
2098
2084
2030
2575
622
612
678
3727
3949
3549
3812
3662
3490
3624
53
130
321
225
175
263
3587
3967
3791
3678
2670
2879
163
1
194
191
196
346
187
299
24
317
3963
3546
3745
3580
3585
635
650
1218
3659
3927
116
310
167
326
2949
3128
2774
3127
3055
3826
3803
3524
3628
3595
3892
3538
3917
3743
3819
3739
3541
3657
3868
3857
3063
3028
2997
3155
3072
3319
3041
2696
3066
2736
2690
3276
3046
3275
3352
2727
3262
2836
2787
2871
2958
3299
2832
2771
3345
2855
3272
3188
3160
3170
2708
3326
3361
3369
2697
3117
2702
2822
3146
2894
2734
2914
3236
2747
3192
3189
2856
2770
3335
3224
3421
2713
3285
2844
3049
3330
3013
3038
2853
3124
2668
2921
3214
3409
3288
3254
3209
3148
3081
2684
3260
3307
3006
2904
2970
3292
3360
3120
2785
2984
3298
3247
2991
2737
3386
3267
2823
2781
3235
2947
3167
3062
2870
3133
3366
2995
2662
3118
3349
3296
2996
2831
3312
2859
3198
3231
2968
3266
3404
3264
2783
2950
2881
2833
3182
3057
3039
2687
2865
2816
3350
3253
2778
3274
3136
3115
3434
3419
3252
3075
2901
3422
3406
3145
2765
3415
3176
2965
2711
3344
3191
2951
3412
3391
2973
2720
2992
3351
2780
3206
3070
2793
3178
3240
3197
3106
3280
3211
2718
2716
3069
2934
2779
3416
3378
3102
3132
3082
2989
3035
3005
2828
3011
2936
3341
3196
2863
3353
2937
2875
2845
3239
3201
3152
3021
3297
3027
2791
2753
2661
3316
3179
2796
3291
3261
2976
2939
2797
2700
3431
2675
3397
3359
3346
3177
3100
2730
3379
3295
3233
3168
2868
2772
2715
3385
3329
3237
2731
2891
2888
2794
2756
2806
3286
3137
3030
2953
3390
3220
3294
2961
3090
2978
2681
3388
3257
2866
3228
3029
3213
2948
3163
2773
3400
3114
2821
2887
3258
3263
2955
3190
3331
3015
3320
2840
3396
3212
3187
2924
3332
3225
3111
3076
3051
3017
2812
3101
2712
3181
3356
3162
3154
3086
2900
2830
2829
3321
3140
3089
3381
3265
2674
3153
3313
3395
3342
3215
2932
2665
2938
2724
3347
3113
2742
2733
3185
3079
2768
2695
3423
3314
3255
3302
3172
3169
3116
2849
2748
2719
3248
3208
2784
3019
3018
3001
3420
3050
3002
3256
2762
2873
2706
2800
3084
2896
3238
3301
3436
2807
2683
3000
2944
3014
2945
2777
3065
3243
2763
2757
2987
3143
3080
3174
3085
3056
2940
2698
3417
3064
3052
2874
3433
2925
2880
2761
3234
2749
2680
2676
2907
2862
2743
2988
2946
2746
3123
2960
2927
3362
2994
2738
2928
2755
3040
2974
2867
2754
2705
2689
3435
3119
3036
3364
3324
3158
3135
3025
3004
2810
2909
2906
3411
3403
3384
3377
3373
3367
3355
3337
3304
3287
3277
3219
3218
3210
3207
3203
3202
3194
3150
3139
3130
3107
3094
3061
3060
3034
3023
3007
2993
2918
2897
2890
2869
2813
2775
2739
2692
2686
3394
3232
2920
2908
2759
3399
2967
3098
3348
3250
2956
2919
2850
3387
3195
3129
2835
2694
2673
3284
3149
2985
2917
2910
2864
2782
3142
3104
3073
3047
2969
2943
2877
2827
2815
3339
3010
2966
2912
2664
2915
2872
2839
2750
2669
3293
3166
3054
3026
2986
2931
2929
2916
2913
2729
2679
2666
1684
3426
3363
3096
2911
3226
3184
3108
3078
3033
2905
2786
2717
3022
3923
3749
3664
3759
3675
3757
3957
3782
3571
2809
3245
2892
1461
2709
3157
1505
990
2935
2693
2795
2685
2802
3278
2977
2990
2941
3380
2701
3217
2790
3199
3109
3016
2846
2682
3327
2843
2766
3430
3429
3427
3413
2975
2672
3333
2981
3042
3229
2852
4037
4010
3999
4025
4019
3986
4017
4032
4016
4038
4026
4022
3984
4035
4001
3992
4008
4027
242
158
239
223
109
123
297
302
94
142
199
113
203
344
119
265
261
82
280
252
169
30
322
186
65
57
308
248
200
72
60
238
172
148
118
59
141
133
29
26
277
185
342
268
341
304
291
236
79
224
315
3
135
25
184
21
36
38
122
56
55
285
13
40
290
211
67
188
272
338
335
330
323
254
253
251
247
219
108
96
47
18
7
170
332
313
298
176
128
104
85
0
334
271
132
245
134
48
66
258
234
213
283
98
140
246
325
174
168
339
274
210
192
153
105
100
44
267
300
45
222
311
159
340
80
17
329
262
230
49
305
231
5
156
106
264
233
260
221
293
256
74
34
250
147
8
288
240
269
157
114
220
216
279
244
155
2577
2704
2314
259
2528
2100
2375
2051
2105
2524
2021
2566
2252
1982
2658
2225
2480
2612
2416
2298
2270
1965
2599
2281
2163
2330
2177
1999
2048
2379
2011
2494
301
282
37
64
160
70
43
3173
145
183
193
286
2219
2265
1977
2493
2431
2175
2034
2454
1974
3463
3705
3794
3900
3896
3833
3718
3499
3645
3767
3719
3713
1274
3509
3973
3768
3793
3924
3786
3569
3969
3584
3802
3850
3607
1588
3555
3947
3593
3590
3496
857
3772
3944
3976
3706
3458
3815
3615
3977
3921
3644
3503
3937
3552
3557
3488
3769
3482
1719
3643
3486
3535
3903
3558
3852
3693
3603
3512
3462
3962
3483
3460
3931
3822
3714
3728
3740
3505
3442
3779
3475
3625
3495
3466
3886
3674
3702
3521
1187
1098
3922
3951
3506
3909
3526
3721
3440
3577
3930
3858
3872
3497
3449
3828
3800
3471
3906
3862
3608
3629
3943
3540
3517
3824
3734
3443
3966
3618
3948
3563
3968
3971
3956
3926
3877
3750
3684
3605
3737
3456
3609
1705
3915
3758
3680
3831
3795
3741
3574
3480
3731
3640
3635
3913
3672
3578
3841
3838
3756
3658
3668
3602
3529
3710
3599
3851
3485
3677
3651
3586
3501
3898
3804
3469
3873
3683
3667
3438
3474
3783
3747
3660
3964
3576
3712
3860
3596
3545
3518
3654
1085
862
3634
3568
3830
3730
3670
3611
3604
3542
3554
3464
3817
3938
3936
3934
3884
3854
3842
3811
3809
3780
3766
3744
3707
3692
3687
3633
3630
3508
3484
3437
3945
3753
3818
3870
3470
3636
3895
3561
3527
3533
3450
3908
3933
3893
3790
3627
3889
3696
3810
3648
3613
3581
3845
3882
3760
3726
3720
3711
3656
3649
3639
3520
3500
3479
3859
3861
3979
3888
3663
3543
3492
3491
3832
3724
3461
3565
3834
3784
3843
3681
3622
3762
3785
3736
3682
3960
3620
3904
3835
3765
3650
3560
3457
3452
3544
3477
3941
3612
3646
3796
3974
3616
3591
3732
1421
3694
3959
3647
3735
3954
3583
859
3942
3876
3965
3847
3637
3770
3691
3619
3597
3885
3952
3589
3748
3575
3566
3445
3844
3439
3807
3502
3723
3751
3928
3808
1136
3939
3699
3570
3444
3453
3487
1178
3798
3849
1494
1328
1593
1307
1866
1803
748
795
727
746
