107
805
3998
177
3476
32
2168
275
3890
4020
3181
749
1368
18
1690
4003
3897
253
3879
1253
2634
47
1854
263
15
895
1430
3074
1581
3723
3676
33
733
3733
2736
3673
702
885
4034
1969
453
135
1579
219
214
1053
3613
786
1252
3200
985
2930
2182
209
3413
3871
1317
260
3606
3143
581
3268
3898
358
2671
1760
1151
3271
1096
2847
1386
816
564
2262
648
3864
979
3551
2219
550
3885
234
205
201
467
145
2487
3589
3952
674
725
2814
3839
660
3660
3857
3597
3865
3580
1417
3560
3944
860
3813
385
798
3759
3854
3781
282
3548
3709
1276
12
11
998
3987
2980
210
6
3657
2964
1676
1002
1022
638
3357
4010
1240
3816
3465
4029
2535
562
3700
2545
198
255
171
3479
289
14
220
883
44
184
2437
1670
3981
872
877
3044
1140
3954
707
888
2885
3665
1071
3652
3922
2817
3147
3679
2837
870
1442
143
301
2106
534
182
3908
2998
309
2466
138
2855
7
884
3878
3166
3266
529
3661
406
120
294
215
191
164
163
83
150
148
96
16
75
268
60
298
344
235
331
593
241
699
3853
2066
588
757
1731
2879
179
4037
1134
893
4018
4011
3963
1883
437
78
3290
3197
61
42
365
3436
3848
2245
2696
1727
672
1825
3244
734
110
2570
1855
2692
3910
2820
2707
3544
1008
4035
4016
1295
269
225
838
1967
1934
3160
1922
1354
2721
43
1224
2178
3961
3329
4012
608
1143
793
2889
502
2051
3315
2804
3911
1780
530
2402
491
2818
3333
3729
3923
316
202
86
3820
364
616
3031
2714
305
2860
377
1996
910
2382
3996
2975
52
174
327
349
1058
362
3159
613
3875
911
987
2678
1775
802
247
3059
4019
2952
612
3634
3531
3376
3356
4008
151
1092
3905
190
3141
679
217
498
1157
3322
2388
259
2444
3565
64
673
51
3807
3088
2130
3787
27
3063
859
1697
3392
2528
3451
3375
2695
3575
3689
1383
863
70
1521
3942
3281
3472
1034
3789
533
2483
1223
2788
1711
91
690
237
1546
871
868
1094
3477
3965
3487
3636
3620
166
3739
1905
3757
1657
3977
3736
928
3484
2961
3969
3768
3669
1701
1777
2541
3827
3773
2685
3832
411
3457
3683
3946
3973
3509
3866
3767
3532
1213
2842
740
3975
3238
3526
3556
3949
3447
1005
3986
2565
3978
3960
3904
3859
3806
3780
3779
3771
3686
3681
3668
3653
3566
2922
750
1552
837
3678
882
1208
447
157
3983
386
485
3819
3770
4005
2207
1586
2811
2876
2621
2505
3503
2230
2722
3218
2883
1027
426
974
3130
3278
3368
1713
522
2320
790
359
2080
1834
3053
2175
1439
3099
1193
1013
2454
1759
1162
1203
3340
639
3407
470
511
1145
3984
3992
3068
1387
3716
3095
894
1055
1474
3522
1168
2100
2632
1264
1961
1154
1486
1262
657
154
287
1042
256
2821
2954
933
1088
886
804
3842
4021
4017
845
770
3735
2263
3122
2926
3429
682
677
603
3164
3887
2791
2017
3720
3751
3749
2813
446
739
3925
2455
100
2082
8
785
778
693
2697
3246
4031
480
23
864
38
858
3269
2710
3080
2769
2807
3428
3939
887
776
2204
159
2838
3003
2740
2704
476
3694
2677
1642
1693
3093
3157
3057
3374
3538
3445
3892
3725
3743
3628
147
3547
244
3823
3612
3579
3519
3836
855
852
3691
3595
3473
58
3844
3799
3592
3847
2281
572
1889
1218
1138
3502
393
712
3516
3481
3919
160
1838
923
1477
1641
951
3251
3131
3216
1254
3695
3581
1062
1607
230
137
115
279
111
312
343
108
284
320
197
127
443
3994
4030
4013
4009
4023
873
714
3530
2771
3424
792
850
736
782
768
806
839
789
771
732
689
3825
3504
3127
2774
3055
296
175
102
68
99
227
278
131
2421
2041
2034
1202
330
302
299
36
254
293
314
94
194
346
187
333
19
232
50
80
57
178
30
129
22
317
45
196
10
212
20
17
273
281
251
180
92
243
85
105
72
324
113
242
204
24
208
130
339
329
246
231
123
258
104
224
168
59
29
79
248
87
334
249
132
40
1
67
328
319
300
295
276
233
228
183
181
139
126
101
90
41
37
31
308
3
156
133
199
9
318
141
122
98
48
252
165
106
66
303
53
336
285
277
257
65
39
280
203
322
221
213
186
26
55
304
172
185
128
291
142
109
315
236
69
311
118
0
323
188
119
62
342
332
169
161
134
88
25
345
297
223
56
200
325
271
170
158
121
265
239
21
261
103
82
13
211
1788
1030
1896
955
1043
1111
1197
3180
2732
3372
2902
4004
4002
3982
3997
4027
306
4
195
218
337
116
290
222
167
140
338
238
245
384
341
206
347
144
274
117
63
54
464
427
34
35
189
176
310
226
28
272
207
335
326
313
288
173
93
49
46
266
5
340
2
216
162
3666
3953
3916
3603
3921
3862
3647
3533
3561
3507
3587
3557
3701
3550
3640
3585
3821
3783
3615
3599
3815
3713
3520
3741
3940
3654
3646
3763
3616
3889
3929
3590
3845
3817
3667
3884
862
3909
3927
3610
3886
3791
3809
3777
3766
3655
3776
3707
3627
3555
3674
3454
3957
3941
3527
3608
3822
3572
3852
3475
3462
3730
3784
3540
3517
3785
3684
3586
3452
3811
3731
3543
3602
3850
3933
3926
3877
3677
3788
3656
3658
3574
3843
3858
3578
3936
3835
3705
3663
3482
3541
3728
3442
3867
3722
3710
3496
3721
3625
3488
3528
3497
3824
3573
3485
3714
3951
3671
3459
3803
3622
3968
3480
3918
3756
3651
3512
3902
3831
3797
3795
3760
3633
3576
3563
3523
3950
3962
3851
3712
3618
3838
3737
3642
3501
3631
3792
3506
3568
3524
3583
3558
3752
3466
3931
3463
3976
3870
3826
3591
3896
3458
3900
3754
3495
3525
3664
3500
3478
3468
3747
3696
3450
3672
3559
3912
3726
3600
3894
3577
3750
3659
3708
3490
3930
3855
3782
3440
3907
3455
3569
3515
3486
3966
3790
3491
3438
3860
3596
3542
3635
3605
3529
3546
3698
3508
3505
3943
3841
3828
3734
3645
3545
3456
3553
3874
3876
3769
3685
3629
3938
3804
3611
3514
3794
3738
3648
3793
3690
3971
3837
3675
3948
3873
3830
3805
3800
3692
3609
3448
3924
3718
3593
3493
3786
3623
3869
3956
3630
3554
3775
3680
3539
3464
3947
3906
3833
3643
3584
3829
3617
3970
3945
3937
3920
3917
3913
3891
3868
3861
3808
3778
3774
3762
3758
3755
3753
3732
3719
3706
3704
3702
3697
3693
3687
3682
3670
3639
3624
3614
3607
3604
3598
3588
3521
3518
3511
3489
3483
3474
3471
3461
3449
3444
3711
3601
3535
3510
3469
3895
3893
3810
3534
3437
3881
3564
3834
3499
3764
3901
3742
857
3979
3934
3802
3567
3621
3849
3703
3699
3796
3872
3549
3441
3840
3914
3972
3443
3724
3470
3571
3439
3967
3536
3446
3644
3740
3498
3964
3915
3958
3460
3882
3880
3772
3765
3761
3637
3552
3467
3903
3818
3494
3888
3582
3641
3883
3562
3649
3715
3594
3632
3959
3935
3638
3492
3812
3863
3932
3745
3513
3662
3899
1085
3626
3727
3974
3846
84
95
153
89
262
149
267
229
146
114
73
193
71
125
97
74
124
3995
4022
3988
3980
4033
4025
3990
4001
4014
4000
3993
3985
4032
4006
4038
3999
4007
4026
4028
4024
594
3989
822
791
842
876
861
891
879
878
730
735
813
726
844
794
772
854
836
761
729
722
721
717
701
889
753
737
698
817
784
715
777
723
696
848
787
709
718
810
760
706
713
800
835
819
783
763
799
812
751
695
824
711
705
755
686
856
853
694
821
815
769
745
807
797
780
688
843
823
747
847
834
773
766
756
752
731
708
880
849
840
830
829
827
820
781
779
774
727
724
697
687
765
764
759
754
719
716
703
828
728
741
846
869
700
808
890
795
831
803
788
762
758
851
833
874
825
814
811
738
826
691
818
748
866
720
746
809
744
767
865
710
704
743
742
892
801
3537
3814
3717
796
875
881
841
832
692
867
775
1537
3928
3619
3801
3856
3453
3955
1178
3688
3798
3746
250
2277
2316
2170
2486
2114
112
77
3398
2548
2450
2439
2015
1990
1949
2577
1933
2321
2639
2076
2234
1975
1919
1999
2025
2972
2982
3283
3308
2702
3175
2422
2411
2380
2375
2251
2113
2312
2513
2197
1958
2181
2146
2644
2342
2260
2490
1992
2362
2160
2152
2126
2443
2618
2387
2035
2156
2341
2019
2383
2202
1976
1991
2022
2012
2284
2027
2013
2157
2538
2658
2255
2524
2426
2393
2584
2350
2562
2173
1936
1930
1927
2147
2476
2435
2037
2300
2084
2576
2376
2308
1963
2600
2093
2532
2462
2427
2423
2044
2361
2287
1979
2449
2210
2646
2485
2064
2489
2430
2392
2370
2307
1913
2552
2404
2624
2607
2020
2005
2453
2291
1960
2337
2050
2353
2165
2131
2626
2171
2278
2657
2097
2061
2459
2159
1931
3311
2703
2878
3309
3314
3008
2670
2752
3020
3041
3317
2762
3418
3144
3153
3236
3081
3206
2984
2766
3203
2709
3178
3380
3086
3371
3241
2739
2734
3328
3319
3009
3388
3289
3194
3210
2717
2908
2851
3276
649
2682
2581
2177
2452
2296
2313
2008
2400
2389
2514
2009
2221
2599
2474
2048
1987
2366
2288
2214
1982
2637
2085
2364
2225
2014
2006
1957
2578
2306
2136
1980
1935
2412
2495
2105
2339
2311
2190
2063
2016
2371
2119
2091
2550
2352
2109
2095
2615
2574
2551
2549
2469
2359
2329
2290
2172
2164
2623
2611
2354
2217
2120
2641
1944
2405
2612
2484
2374
2334
2323
2275
2237
2140
2088
2326
2045
1917
2440
2406
2231
2107
2534
2360
2317
2619
2586
2179
2154
2142
2058
1989
1943
2158
2504
2407
2299
2201
2139
2077
2324
2065
2631
2593
2575
2559
2554
2546
2536
2258
2069
2614
2023
2625
2602
2500
2408
2340
2043
1997
2591
2539
2499
2446
2428
2261
2257
2244
2229
2090
2083
2056
2040
1983
1918
2478
2200
2092
2265
2103
2647
2346
2659
2645
2378
2192
2116
2024
1950
1921
1995
1951
2585
2365
2349
2526
2506
2433
2391
2309
2213
2188
2124
2118
2115
2112
2060
2049
2613
2606
2492
2482
2477
2369
2276
2212
2121
2059
2055
2033
1993
1953
1946
2620
2297
2655
2654
2590
2564
2553
2520
2507
2467
2418
2410
2206
2123
2108
2104
2073
1984
1938
1915
2583
2001
631
633
625
622
620
2414
2249
2240
1942
2438
2604
2573
2556
2409
2395
2386
2356
2271
2253
2220
2218
2184
2122
2098
1971
1966
1925
2547
2429
2266
2566
2503
2141
1985
1978
2209
2367
2101
2531
2630
2601
2594
2563
2561
2542
2521
2381
2363
2355
2078
2046
2030
1964
2447
1928
2293
1994
2270
2610
2480
2099
1939
2530
2215
2518
2096
2640
2543
1973
1972
1940
2533
2274
2010
2509
2377
2603
2432
2057
2537
2501
2394
1981
2540
2242
2194
2003
2502
2011
1968
2479
2243
2075
2029
2344
2250
2241
2653
2304
2305
2294
2319
2187
2149
1948
1916
2285
2062
576
658
647
2881
2846
3249
3032
2959
3231
2834
3133
2737
2962
3331
3373
3048
2746
3120
2968
2990
2868
2830
2938
2672
3167
2801
3123
2854
3045
2675
3007
3402
2932
2981
2978
2888
3077
3061
2965
3170
3240
3067
3139
2745
3010
3158
3358
2744
3161
3039
3260
2901
3312
3383
3272
3201
2844
2761
3042
3173
3245
3431
2831
3253
3286
2684
3102
2848
3303
3073
2873
2715
3369
3292
2895
2858
2790
3196
2770
3416
3228
3220
2806
2749
2758
2662
2828
3215
2720
2718
3262
2995
2845
3229
2809
2943
2925
3364
2681
2897
2974
3433
2794
3422
2783
3321
3353
3049
2936
2779
3191
2775
3307
3148
3110
3360
3391
3275
3146
3038
2668
3103
3393
3412
3410
3359
3005
3313
2819
3089
2904
2896
2694
3129
3085
2874
3070
2976
2823
3274
3182
3024
2914
2781
3255
3140
2832
2765
3265
3258
3411
3351
3316
3021
2939
2849
2953
3250
3096
2985
2945
2940
2852
2812
2810
2777
3195
2986
3022
2927
3163
2913
2862
3394
3047
2977
2866
2750
3399
2910
2891
2706
3400
3108
3056
2907
2815
2803
3259
2856
1321
1023
3288
3370
3101
2900
2649
2516
2399
2351
2026
1959
2282
2246
2226
2529
2525
2436
2333
2155
2052
1952
2445
2268
2198
1945
2325
2254
2232
2280
2039
2544
2512
2338
2292
2128
2038
1923
2617
2616
2471
2327
2133
2635
2629
2571
2398
2295
2498
2434
2420
2396
2390
2132
2189
2176
2144
2137
2588
2419
2318
2145
2289
2589
2475
2473
2451
2345
2211
2127
2125
1955
2660
2652
2648
2638
2636
2633
2628
2608
2605
2587
2579
2572
2560
2496
2494
2491
2488
2468
2465
2464
2460
2458
2448
2425
2416
2415
2403
2401
2379
2347
2331
2330
2322
2314
2298
2286
2259
2239
2236
2233
2228
2216
2208
2191
2150
2143
2089
2086
2081
2079
2074
2067
2036
2021
2018
2004
2002
2000
1998
1988
1986
1965
1962
1954
1929
1914
961
1856
1220
584
653
601
597
589
2007
2384
2348
2302
2279
2223
2138
2047
1577
2174
2161
2102
1941
2511
2417
2332
2068
2042
2609
2592
2582
2557
2555
2508
2461
2343
2247
2205
2199
2153
2072
136
2643
2597
2283
2235
2222
2183
2163
2151
2110
2053
1970
1947
2642
2519
2472
2372
2328
2315
2273
2196
2180
2134
2087
2032
1920
685
615
675
665
628
640
595
681
659
599
583
577
1649
2840
3297
3172
3113
2937
3034
3109
3362
3065
2905
3423
3187
2686
2867
3066
3325
2699
2789
3346
3334
3176
3019
2892
3355
3011
3378
3138
3136
2958
3046
3043
2700
2735
2759
2741
3273
2780
3390
3174
3000
2920
2664
3001
3301
2676
2836
3051
2947
2802
2753
3381
3247
3188
3152
3116
3097
2716
3396
2778
2730
3350
2661
3430
2743
3421
3323
2921
3339
3036
2960
2956
2835
2757
2726
3179
3142
3064
3040
3213
3256
3002
2955
2918
2865
3257
3030
3029
2994
2872
2756
2983
3306
3162
2724
3298
3132
3112
3079
2875
2793
2785
3294
3202
2948
2887
3214
3417
3137
3033
2966
2731
2669
2988
2987
2944
2924
3403
3385
3225
3224
3277
3171
2841
3320
3252
3239
3204
2992
2833
3023
2763
3335
3219
3189
2712
3363
3304
3263
3117
2996
2665
3184
2969
2911
2782
2755
3332
3280
2797
2733
3435
3426
3243
3119
3078
2928
2919
2827
2773
2729
2679
3365
3341
3302
3419
3330
3267
3169
3106
3293
2906
2880
2864
3264
3156
2816
3177
2989
2748
3377
3261
3199
3076
3035
2719
2708
3384
3284
3090
3054
3014
2931
2929
2800
2738
2683
3192
3075
3027
2751
3409
3299
3151
2973
3420
3379
3168
2795
3406
3291
3285
3207
3198
2951
2923
2829
3342
2871
2723
3345
3212
3348
2916
2705
3434
3397
3347
3344
3296
3185
3145
3082
2970
2863
2742
2912
2839
2754
3232
3149
3004
2993
2915
2877
2698
2689
1328
3211
1561
990
2784
1700
1144
1708
1073
1498
1558
1038
1248
1865
1615
3386
1674
1534
3366
1822
1564
1283
1672
1314
2598
2510
2463
2368
2336
2267
2224
2203
2185
2169
2148
2111
2071
2031
1932
1926
1912
618
678
664
609
1311
1756
1090
2567
2385
2264
2135
2117
2054
2028
575
573
600
662
643
578
661
650
939
1503
1443
931
1749
1266
1395
3222
3111
2869
1434
1892
1781
908
1726
3327
3128
2886
2764
3425
3415
3414
3405
3387
3382
3352
3337
3324
3318
3300
3295
3287
3279
3254
3248
3242
3237
3234
3233
3226
3223
3221
3209
3205
3193
3190
3186
3165
3154
3150
3118
3115
3114
3107
3104
3100
3098
3092
3087
3084
3072
3062
3060
3058
3052
3050
3026
3025
3018
3017
3016
3015
3013
3006
2991
2967
2957
2950
2946
2942
2909
2894
2890
2870
2859
2853
2850
2843
2825
2796
2786
2772
2768
2747
2728
2727
2713
2711
2690
2687
2680
2674
2673
2666
1419
1901
1836
1265
906
1518
1187
1698
1618
2826
1450
1806
1137
1911
902
2979
938
901
1333
1805
973
1691
1550
1532
1424
1507
1033
1592
1494
1325
1342
1478
1680
1035
1389
1571
1860
1440
1585
1441
1161
1401
1626
1818
1519
1047
1407
1501
1517
953
1160
1524
1289
3748
970
1866
1505
1850
1885
1239
1900
1594
1393
1091
1405
1327
1737
1415
1093
1575
1648
1453
1063
1388
1029
972
1895
1787
1819
1600
1287
1771
1112
1632
1449
1255
1056
1195
1075
1795
1796
1242
1028
1116
997
1821
1191
1201
897
1772
1621
1523
1334
1361
1323
1765
1291
1718
995
1563
1209
1059
926
1129
1794
1720
1872
1438
410
1843
1617
