0
735
4019
3268
607
42
4015
699
877
74
613
668
18
114
2569
3183
1224
205
1270
1027
384
110
1777
1239
3999
3987
4010
4008
3990
4035
868
4011
3983
4028
883
852
832
858
335
3820
1119
447
11
3974
2269
209
2842
3451
550
358
2079
2457
3709
3230
3570
1206
2470
2596
3453
256
642
3846
581
282
377
255
443
2788
1394
182
316
279
1208
1586
3922
2541
3942
1065
2814
3125
3408
1690
3688
157
253
301
71
112
76
899
448
3816
1353
2952
3689
1034
3575
656
2817
3582
336
1362
3413
327
193
2437
220
2838
1937
3653
3742
3953
1651
3939
2441
3494
3765
1022
289
464
673
3444
910
1442
283
6
1264
3890
34
250
3727
1038
2721
3848
2621
3217
987
340
3175
3652
3716
1087
2799
195
1203
1731
1193
3368
309
2130
2177
3857
1384
19
3151
3720
3439
3923
3789
319
2015
147
3787
3271
3003
594
1890
3127
2774
3055
3074
3147
174
1194
904
1627
1046
3746
867
717
4007
4016
4025
4005
3407
4036
4006
4032
3984
4024
4022
865
692
3991
4034
4001
4029
3993
3996
3992
4033
4012
4002
4003
4037
875
4031
4009
4004
4000
4038
4017
4018
4020
3989
3985
4013
4027
801
3980
4030
4023
3982
3998
4014
4021
3997
3994
4026
3995
3986
3981
3988
891
860
892
749
743
841
775
757
750
859
854
785
866
855
744
802
873
851
790
893
704
887
895
884
725
885
874
870
788
879
864
890
776
825
881
878
813
710
812
863
707
821
702
882
761
767
740
700
869
691
846
721
798
872
894
783
693
804
822
712
889
782
799
759
876
850
811
733
886
791
796
871
686
687
688
694
695
696
697
698
703
705
708
713
718
719
724
726
728
731
738
739
745
747
752
754
758
760
764
766
770
773
774
780
781
784
797
800
805
810
814
815
817
819
820
823
824
827
828
829
830
834
840
842
847
848
849
853
856
727
734
787
793
803
835
838
845
701
711
772
807
741
792
709
755
809
706
720
777
748
779
795
844
778
818
737
722
730
769
806
831
839
794
843
833
771
762
732
736
763
765
768
837
789
753
723
742
714
716
729
836
751
826
715
861
756
746
690
816
786
808
888
880
689
3650
1466
3856
3031
602
674
1096
608
210
3729
1386
1834
3071
911
3935
1581
3853
287
624
12
215
918
3748
638
1560
3798
43
292
585
1145
15
2195
37
244
233
33
145
90
47
241
3885
401
3037
286
52
179
2691
3808
468
2792
3875
154
1854
2382
70
160
3807
379
2483
2704
3134
3732
1326
1967
216
3282
1276
2740
2595
3959
35
648
305
3589
1430
2857
1176
3704
3006
1395
267
138
1262
153
1755
1558
356
3879
1233
3854
49
234
183
386
411
81
1071
97
383
3801
1693
1253
1002
3691
2168
1105
155
3733
454
247
1760
3744
3560
3717
293
228
61
667
2808
2527
2106
1252
499
294
2178
2922
3811
3699
2481
1546
2975
2442
2798
571
192
2722
240
207
321
2380
164
3467
191
3928
453
3597
2998
3955
3375
2860
660
2714
2204
552
572
3954
201
467
307
124
1996
3565
120
2565
3121
166
3781
202
406
264
3897
3946
270
262
2885
3537
1383
3952
3887
190
3619
3910
3673
206
1200
996
3143
3978
2963
1762
351
1474
530
1031
3965
3588
288
472
945
2971
1856
125
3865
219
1776
1510
3676
1713
3686
1969
245
3882
3544
2855
1711
1657
652
1797
95
3489
3849
1607
2167
3637
1057
2634
1486
3606
3290
2422
1157
929
2431
3844
1295
349
152
8
3694
498
259
2230
1240
3925
91
2505
593
3429
1455
3751
3839
27
2776
3227
3513
3059
3805
476
2980
485
235
3310
562
1346
649
2219
1579
1476
3305
3749
3665
3372
2421
371
269
77
2692
3795
46
1354
671
3745
2671
1133
1147
2736
1417
2902
3678
1254
3477
3091
1664
610
89
32
2930
3180
3661
3963
2017
3181
3131
2824
1297
533
2732
3806
3632
3270
2884
3970
3859
1838
393
3893
2321
2358
1521
3447
1759
163
86
1792
229
117
2899
2100
2375
3724
3864
1855
230
1498
3977
1301
3441
3044
102
655
3911
3432
1168
3908
2493
3700
3161
390
3813
3370
2517
365
2767
1924
3936
501
1263
532
441
44
2094
1151
2580
3669
3660
3216
3251
2034
2528
3457
2388
1654
167
399
63
3904
2245
3336
2263
2651
1202
564
189
1961
2456
263
1701
937
3916
1956
83
621
3961
1974
480
296
51
260
679
300
126
3812
3159
657
3932
549
364
3771
64
237
347
2632
328
935
3424
2041
218
3723
78
3094
1058
2008
273
3530
3502
3045
2752
2805
129
3323
3436
3165
151
131
2227
243
3389
3317
586
985
338
3834
3941
3647
3504
311
3600
1552
306
3333
2256
2811
317
1372
437
3445
4
3552
208
3899
3814
3626
3905
3827
54
3548
3398
912
93
275
3585
217
181
