107
3232
3437
2283
0
719
824
3841
3758
329
3722
3705
958
45
3951
3464
3791
723
661
3654
1363
3628
908
3455
603
3510
28
3656
843
2821
1105
612
1410
3774
3462
700
3890
2829
262
738
3909
2934
2851
582
323
895
2818
7
990
3128
2599
3695
2017
3823
869
2107
2900
638
607
4007
1678
17
3676
3010
57
3091
821
1430
3763
37
4008
1418
3949
2440
2160
2634
3373
118
340
433
2342
305
79
1998
2892
1937
1401
379
1552
2439
779
3483
3996
1395
1321
3410
2930
3318
3821
1249
270
413
3807
1174
682
3573
3123
3473
1880
282
1646
3889
1010
868
1905
1030
1474
813
2837
587
3126
2314
1928
2596
3986
3112
2141
284
3543
784
864
369
2894
3983
3922
2795
3801
1103
4024
2013
3901
1660
4004
572
2263
899
950
3897
2167
335
581
3623
3382
1792
3438
2967
267
3615
1969
2843
3814
3605
3551
420
126
2158
3333
660
138
3641
242
3125
3933
2422
81
3244
180
450
2825
3837
3952
155
307
365
2671
3208
154
1154
3083
602
3080
2726
1759
1822
1830
1650
3449
359
1831
2834
3180
2366
887
3846
878
3704
1141
2895
1304
870
2146
1949
3281
1226
3745
592
194
261
105
3828
54
2769
825
1852
3352
5
2082
44
2656
1477
3213
708
3617
3529
3956
3376
3883
1463
1381
357
1651
3537
309
3813
202
3015
3222
881
556
3209
188
1212
3934
3560
308
440
61
3997
1856
615
3392
1676
3045
78
3275
2670
3899
3895
540
3506
2044
3870
3103
3886
1364
672
724
835
50
3241
3854
629
875
3074
476
1484
3580
2756
1593
99
617
288
3954
3979
1434
3191
854
317
146
758
421
3775
464
3939
691
3864
3699
4012
3517
41
3030
3248
1090
3645
3904
416
3602
1442
3768
1171
594
3153
597
663
3709
3815
3862
218
2884
1262
1421
437
3429
1553
1043
60
3938
3700
162
3461
1008
851
3910
920
3698
3131
1808
360
2534
3122
1403
1901
873
3436
567
174
3888
2027
3190
647
3552
97
1904
3853
548
1506
3309
798
3765
3581
89
652
1565
3612
521
923
1023
3403
569
2544
164
3998
43
2162
3028
707
3688
837
935
2182
152
3655
3678
2401
3492
1913
3463
2515
3240
52
3866
177
4037
3139
2826
448
909
3792
2942
2065
3447
900
1701
2685
2747
1755
2693
1773
3816
3963
358
149
1422
1433
929
2358
3970
4009
2175
1558
3108
3848
2541
3457
1013
3129
874
1038
1224
3865
3013
175
3425
3647
3161
2714
1257
3990
549
2076
3295
1183
349
2672
3035
2012
788
3505
657
3183
3735
2450
3748
1270
3396
539
94
3716
344
449
1073
2650
964
87
2029
141
1301
2804
3661
1069
501
3935
3292
3694
3361
411
260
2963
3941
2452
3893
333
846
3328
2034
3806
1045
1197
2871
3211
2513
2458
3783
4014
3994
915
219
2977
2171
3454
3861
3141
3579
2
140
328
3666
4027
2677
2735
14
151
2720
619
654
225
931
2883
2964
616
1874
782
855
692
1319
1601
3096
938
3968
3826
3878
1056
3711
3221
1144
1061
1713
1694
1234
3340
2918
2955
3402
490
1385
316
48
231
325
3422
1451
1071
3863
2393
385
1847
1260
1858
3404
3075
1633
1167
1306
2277
1342
949
3471
3940
3693
3905
3902
3762
1544
70
230
3519
1924
3334
3144
1657
2185
453
2448
2375
3500
2099
3496
2751
2715
2938
3032
3664
3753
1634
3498
571
2695
1845
3881
3427
3593
2094
2245
2310
1133
1507
2692
499
4018
2297
3885
3636
3599
3374
3048
3377
2802
2708
551
469
839
722
737
830
829
800
1450
842
834
774
3004
787
120
2291
2811
709
769
197
109
2270
1999
2008
2403
3798
3066
2949
1978
3042
3368
3400
3269
397
1050
926
1585
1500
3683
608
3525
2807
3868
3857
3832
1977
1571
498
3852
3707
500
3488
3440
3805
584
1268
609
474
444
531
1825
402
445
1411
203
1524
3386
1169
3984
1229
3087
2703
3181
558
696
287
1264
1324
527
852
1053
796
720
702
671
994
3168
2137
757
2548
2113
1834
3109
2847
1775
2571
2304
2627
2192
2365
2364
1930
3412
1958
458
185
1512
502
42
324
301
1860
67
2946
3650
2181
519
945
2152
523
1193
1161
1965
2231
1235
3546
3585
2293
3375
3714
2156
211
2130
902
121
467
1728
137
56
128
1478
159
320
300
3130
904
244
2022
2712
2948
2614
962
863
1704
4013
3532
3468
2848
2421
3594
1282
3961
1322
2718
3624
3217
3278
3565
2941
2764
2466
3671
65
2831
178
3107
2734
894
866
55
1466
3991
2075
2406
1166
66
2312
172
2975
595
640
627
659
1697
658
1982
124
2697
283
555
1476
2982
3746
3325
2249
3973
2242
3706
3171
1520
1138
836
189
933
403
1063
2999
3100
427
235
2819
1796
3435
3742
371
1127
3088
1251
1561
2876
575
2036
890
240
2952
795
3663
1206
2919
2684
808
535
859
3502
860
512
47
115
443
3981
3259
2360
3163
3182
3474
3582
4015
2269
3099
2230
600
623
3740
1446
1740
675
3772
1317
509
489
1719
2474
3105
4038
1705
1265
1140
1201
401
3441
364
3743
491
3595
533
3354
611
3008
2707
2079
1550
3043
3406
1762
2653
495
2357
646
2527
1316
3736
2922
3289
2980
354
2915
1408
3271
618
4028
1278
3603
2252
924
3452
2019
1900
547
3520
3235
3044
1241
2177
292
227
3575
1275
3659
3306
2493
3872
3184
268
4036
898
1521
2933
2481
3012
2382
3751
3050
486
2577
505
396
773
2861
3665
1276
731
3808
434
2569
694
715
3308
1841
1016
710
604
532
2678
3031
3467
3409
4010
4021
3773
1046
585
3260
1498
3964
3478
546
3766
1288
3570
2355
3408
3466
1254
2580
2723
1168
3370
3908
2722
3614
3039
1779
163
1041
516
1664
2080
3282
2651
3055
303
2609
1659
1186
1114
2896
1787
429
228
3254
2902
1314
1353
1702
3290
3977
181
1162
3871
216
1357
907
1606
210
939
3482
3350
3530
1065
3632
1093
2700
127
4019
2766
1871
96
1486
2025
2648
3127
1679
311
3018
3323
2483
4011
88
2204
3696
543
1
334
2383
1508
129
186
3597
3849
130
1417
3561
872
3413
3601
2119
3690
2170
3336
2389
2698
442
3770
3515
3093
2168
3393
454
3444
3839
528
1696
1346
49
1527
2568
3817
3797
1233
1113
3942
1297
639
3827
3760
936
3919
3225
1150
910
3723
125
1829
1805
1292
3415
341
2540
1052
3583
2878
3880
337
3875
1034
2903
593
1151
832
1407
90
1677
790
3343
1387
2846
2960
841
1760
95
286
3943
294
2566
3874
628
850
279
3980
2870
2917
2838
882
867
1386
735
1178
3477
3197
1921
3799
383
1194
729
1084
804
706
971
2790
1295
1967
1887
245
806
921
3936
880
3892
1179
2667
2316
3451
3156
1263
3795
63
2251
801
775
699
233
717
3974
3445
689
3489
877
714
1096
655
2788
674
885
3550
3216
1540
468
883
643
1485
2455
314
1814
269
1654
1414
74
34
208
3976
76
1518
3950
2442
4029
1348
85
2424
4
3989
2345
3307
3230
2704
3367
3965
3673
338
250
10
217
306
3914
166
110
11
3727
372
16
1751
293
3237
289
3250
3911
3729
410
459
237
2759
234
18
83
3988
1481
3063
1731
3253
29
251
3755
472
3544
209
2855
3481
82
100
91
241
351
1950
912
243
1597
2760
1726
1911
3234
3062
296
2924
2976
2595
386
635
1673
1147
1878
1332
1142
3764
3011
2066
2031
3385
1896
1607
3443
3738
3511
2209
382
665
681
331
879
2808
3121
1642
3205
1286
1021
1454
3831
3523
3830
3639
3479
3214
3777
886
2632
2016
1682
1647
1915
1309
1655
1392
507
496
3173
285
2662
2100
2502
3405
730
350
497
430
3372
3251
563
466
423
560
565
3697
614
676
394
683
3725
3300
3563
1785
426
2997
1976
838
763
783
2968
849
827
752
701
4030
1109
3341
3759
3708
214
1531
1743
1425
977
1203
3682
3549
3446
3662
3353
158
1443
1356
1325
3643
3896
3677
992
3057
3001
1343
278
226
3600
2097
2658
2647
2337
2024
1972
2490
2041
2965
53
196
2739
564
399
1739
2255
2349
480
3616
346
266
24
522
446
2797
3298
508
2775
3366
3356
1988
173
1680
1060
1899
1104
981
3439
86
3526
3284
4023
1511
1360
1494
1136
1420
1766
930
1616
1318
1838
3679
3620
1368
1384
1111
1788
2731
2663
3095
131
3187
2444
2413
2622
2207
3776
3920
746
4005
3287
2812
3937
1636
1602
948
1801
6
3649
2879
2889
3155
482
940
1815
1089
1070
1624
3383
2004
2447
2159
2225
3547
610
590
1218
979
2857
3200
2286
2503
2497
3701
3836
3675
1708
1674
312
3948
3741
1274
1085
1098
3256
3713
3590
3728
666
653
4006
4031
667
3020
3460
985
3279
2954
2696
3231
20
3512
771
831
748
3223
3420
626
605
573
664
620
143
1232
1505
3894
1116
2774
2817
3207
817
776
725
721
712
686
809
781
703
687
734
1895
1452
1733
1837
1747
1629
1548
1533
1097
1435
3651
3756
3842
2713
3859
3793
3718
3458
3903
2387
2454
3646
3311
3283
259
193
1671
398
503
673
3401
2932
2816
2744
2832
3761
3825
3459
3833
3719
3810
3555
3568
3754
753
2974
2211
2176
156
204
3514
3790
280
200
39
276
236
199
13
113
313
677
685
3606
1630
1525
1703
1482
1217
1541
905
1681
1121
1709
1745
2193
2373
1258
2783
3320
2984
3157
2686
3192
3097
3005
3072
2859
3302
3331
1355
1310
1366
861
2367
2145
3423
1748
1756
1497
1428
3609
3491
3556
3845
3456
3574
1412
3137
3322
1094
3431
157
3513
3957
3465
3476
3162
2711
3345
2901
390
388
254
3024
3233
2558
2562
2313
3967
3960
3587
299
187
2228
1692
3504
3487
3531
3490
3196
2868
3608
3508
3907
3867
3784
3640
3734
3667
2972
3782
3931
3924
2301
1956
2487
2281
2535
2431
2227
3629
3921
3178
4017
3172
2733
3381
3272
457
856
884
789
768
711
745
805
693
815
728
828
760
819
697
3527
3497
36
184
224
122
2639
2640
1951
2405
2129
2126
1922
2412
1975
2322
2335
2248
2886
3114
3036
3257
2809
1840
955
1266
1337
1564
1441
1022
1228
3586
963
1648
3739
3912
3538
3541
3166
3670
3528
3930
3559
3800
3596
3926
3611
3891
3884
3971
3702
3674
3737
3475
3851
3838
3730
3877
3604
3625
422
1567
1698
1803
451
353
1338
1072
3314
3995
4002
820
754
739
848
688
823
845
807
764
747
2528
2015
2660
2346
2494
1919
2157
2000
1914
2636
1957
1991
2378
1995
2659
2583
1980
295
258
232
9
220
144
2411
3
290
315
322
104
318
62
40
1933
2341
2587
2570
2618
2317
2628
2091
2089
3811
3536
3771
3869
3680
