107
2839
3437
2369
686
0
3793
719
285
3501
3867
985
3629
2231
615
1
3680
856
3595
620
1378
4002
3598
2488
3869
265
41
3783
3562
612
588
1371
891
720
3563
1325
187
92
2545
3616
3805
3415
3325
3161
631
1417
3460
3571
3478
162
3877
3988
577
3845
2341
800
3455
3529
297
1174
884
1518
1077
2486
3647
3662
2205
2942
2027
642
3043
2795
2949
4034
3997
3993
616
633
2797
2829
1838
3194
3535
3074
3131
3868
3675
243
2049
3658
758
197
854
83
194
3865
116
3607
3825
863
4027
1319
582
3697
894
1858
776
1967
1266
1705
1328
132
220
3939
256
3787
282
182
3531
3775
3061
3659
3361
3613
1466
2858
2079
3372
918
2831
399
3209
2671
3008
2860
1499
437
987
939
1000
405
1739
1904
368
4015
3990
605
1301
1889
594
3177
3010
2668
2699
3032
2938
904
3095
3523
3840
2962
2774
3610
3205
3941
2335
3652
3549
3863
3597
174
3745
2070
302
2450
2316
712
771
908
766
3458
716
807
3668
742
2405
3810
584
623
1708
3621
3622
3827
3832
2152
3900
118
53
859
1458
325
227
725
229
740
164
2505
1561
2358
2513
3650
3856
3808
1930
171
215
114
3447
2452
3688
3904
155
97
6
33
42
167
91
195
2012
225
218
2048
3565
3819
3504
294
3502
2096
3183
3235
2814
3970
3522
3847
3037
607
3300
2204
2569
1071
3126
3354
3069
3872
2952
3289
3305
448
1759
1050
1022
1455
549
1892
424
509
935
365
1234
1089
1808
508
539
905
1646
481
421
4026
4014
4008
1052
1709
924
355
1633
1830
1127
407
457
1073
2826
682
3164
649
3066
2996
3023
1138
2758
3086
2899
2844
3211
2784
2948
3186
2762
3520
2696
3950
3024
3127
3548
581
3795
3765
3770
3883
3388
3977
2968
2954
143
3600
2531
202
2
3673
3899
3665
3503
62
2270
3704
779
2656
29
1934
284
1098
2281
3989
871
99
140
330
3886
632
687
3517
3728
1445
832
963
346
787
3736
213
3715
1193
3685
3969
326
842
2562
3776
3631
3561
2670
597
3915
180
698
45
622
4019
875
1836
1232
2984
2431
3109
1957
3743
1450
3893
3654
85
2412
2173
7
729
882
323
3870
761
25
647
4004
