107
754
4002
581
3126
97
4006
3997
945
179
863
3159
42
749
286
1967
3375
3055
638
3922
1996
195
910
3143
4016
816
235
3939
70
160
1654
91
386
894
3570
4022
191
37
124
3030
190
1206
3996
3949
854
301
3121
884
871
2321
262
2975
147
154
1233
2752
1027
2204
371
877
3807
358
1777
1442
3880
1403
3650
613
602
1065
3853
81
3952
1240
859
3661
6
895
3823
3580
879
1455
71
615
3990
152
275
2565
33
90
2656
3551
1949
3989
3981
4005
16
411
1401
338
298
3999
168
3587
610
1445
3995
974
530
143
380
2454
3322
2453
349
2272
135
1031
1362
3459
189
263
1607
453
4035
2570
4015
3743
2527
3987
2452
2517
904
950
4029
1788
3571
2066
1140
1521
1853
3929
4036
3766
907
3901
3928
956
3560
874
3871
587
1892
642
893
652
710
775
750
735
723
2725
3709
2930
2857
572
1208
441
1034
2699
3311
3376
3955
660
216
3744
76
3682
852
1224
3893
1119
1838
880
309
1410
3727
3746
1466
1252
51
2269
3413
3854
2814
2842
3093
221
3028
1430
3963
3134
49
2048
743
3801
1586
3541
1249
1264
522
3071
4010
1046
746
2175
3805
2722
351
1443
3735
2513
3398
1797
126
3144
3849
673
1974
929
501
174
205
607
3519
3271
3748
1854
2855
477
282
3588
1200
3216
3537
234
1544
3887
209
3532
255
1701
52
406
612
3606
11
841
267
2942
3477
3678
657
3582
1560
2736
3729
3585
699
624
3043
256
166
2798
1071
43
2822
3688
2678
3806
1558
390
3230
1664
379
3844
1834
785
3959
3418
2852
911
3357
3658
2195
3044
2441
571
3408
875
3268
3424
157
3457
633
648
245
3676
14
1276
985
73
3057
3859
499
3813
937
3787
2704
3483
18
3953
867
3732
476
3911
3700
3222
202
233
485
3235
192
241
3155
3063
3846
3180
3251
3372
3131
2732
2902
3181
2903
586
887
1016
1218
1138
3664
3795
1111
1045
4001
2595
2483
468
3336
3310
3128
2886
1134
3920
78
681
628
658
599
675
632
643
600
640
662
582
670
627
665
578
576
635
577
661
647
583
659
650
595
230
3490
3946
95
3970
1133
3653
3789
873
885
1105
1890
319
220
2178
858
870
881
864
2808
47
3546
4028
3317
2837
201
110
259
1762
4025
4007
1657
1808
1776
912
328
306
181
4
3074
3147
757
3389
2893
888
878
861
886
4011
4017
4014
4000
4038
4037
4033
4008
4004
3998
3991
3986
3983
4009
4027
4020
594
4030
3980
4019
4031
4003
3982
4023
3994
4018
3985
4021
3988
253
182
4034
4013
4026
3993
4032
3984
3992
4024
4012
667
804
729
872
740
876
869
825
751
833
813
733
704
777
755
794
892
882
866
776
822
767
689
732
712
702
843
850
826
846
756
851
807
821
768
760
739
708
762
758
856
738
837
840
709
731
695
701
795
786
848
745
737
697
792
778
713
700
814
784
773
706
787
796
769
720
698
839
818
802
789
725
714
711
803
793
765
836
703
721
842
734
797
748
730
849
800
781
770
764
722
715
844
834
830
780
696
828
827
823
727
726
694
835
809
805
783
779
719
716
838
853
847
845
831
829
824
820
819
817
815
812
810
808
799
791
788
774
772
771
766
763
753
747
741
736
724
718
707
705
693
688
752
728
687
686
759
806
691
717
782
857
855
811
890
798
742
744
692
690
832
790
889
860
801
868
865
761
883
891
3839
3626
3916
3771
3847
3923
3749
3652
3561
3868
3504
3443
3956
3630
3976
3894
3659
3673
1915
1956
424
3548
3720
3912
3827
3631
3909
3643
3569
3665
3600
3489
3607
3967
3964
3768
3621
3668
3972
3476
3695
3848
3819
3567
3523
3553
3754
3623
3903
3878
3622
3855
3723
3487
3892
3739
3535
3493
3500
3834
3937
3634
3945
3469
3761
3602
3466
3821
3881
3896
3758
3969
3927
3904
3866
3620
3863
3954
3832
3610
3615
3977
3769
3713
3888
3895
3724
3719
3645
3454
3979
3773
2587
2281
2170
2256
269
64
257
19
1368
1384
382
516
3897
3670
3784
3850
3722
3867
3865
3802
3472
3785
3601
3474
3627
3836
3781
3870
3639
3516
3917
3473
3572
3463
3498
3815
3753
3455
3833
3794
3711
3714
3706
3931
3825
3782
3593
3933
3776
3696
3655
3701
3524
3810
3965
3837
3757
3465
3907
3536
3861
3829
3752
3529
3675
3579
3840
3747
3644
3598
3507
3531
3883
3581
3479
3792
3646
3799
3874
3725
3657
3445
3918
3562
3728
3705
3555
3486
3973
3947
3906
3818
3558
3468
3549
3515
3511
3925
3530
3538
3777
3767
3499
3924
3718
3506
3791
3876
3629
3599
3764
3738
3680
3612
3554
3510
3915
3564
3534
3951
3584
3679
3742
3932
3845
3592
3730
3574
3940
3687
3603
3557
3640
3660
3542
3452
3921
3715
3710
3663
3636
3950
3573
3966
3860
3755
3691
3617
3594
3512
3481
3913
3944
3605
3576
3712
3651
3779
3497
3736
3526
568
361
2522
2388
2263
2166
2577
2181
2493
2405
2245
2094
2236
2421
1977
2515
2490
2466
2255
2265
206
8
347
214
100
96
258
333
326
17
63
2618
381
505
1043
551
672
653
644
666
664
621
588
679
426
518
1566
625
603
685
626
630
618
575
548
481
433
372
617
410
446
574
442
405
558
533
498
450
508
490
655
636
631
597
547
523
540
357
365
470
458
401
457
491
489
474
3667
3517
3702
3586
3491
3790
3731
3578
3559
3528
3448
3438
3938
3936
3685
3508
3505
3496
3482
3442
3707
3604
3520
3514
3488
3962
3804
3760
3611
3533
3484
3440
3975
3960
3957
3942
3919
3905
3900
3899
3898
3869
3862
3857
3843
3835
3828
3826
3822
3820
3817
3814
3812
3809
3808
3803
3793
3786
3783
3778
3774
3770
3765
3763
3759
3751
3740
3726
3716
3708
3703
3699
3698
3694
3690
3689
3686
3681
3671
3666
3662
3654
3649
3648
3647
3638
3628
3624
3619
3616
3614
3613
3608
3591
3568
3566
3543
3522
3518
3509
3503
3478
3475
3470
3467
3464
3461
3460
3458
3447
3444
3441
3439
3926
3609
3934
3891
3762
3737
3642
3635
3492
3485
3471
3450
3971
3902
3838
3852
3734
3889
3842
3780
3527
3772
3683
3590
3480
3449
3841
3577
3540
3525
3886
3858
3830
3824
3800
3677
3618
3596
3797
3684
469
463
536
396
546
354
539
415
2360
1990
2349
2207
2076
1988
2580
2402
2397
2535
2503
2248
2534
1982
2455
2114
2634
2277
2219
2193
1934
2016
2141
2186
2080
2514
2621
2548
2528
2358
2230
1965
2632
2558
2424
2231
2641
2312
1944
87
2146
2614
2301
2089
2335
2581
2177
2584
2049
2017
2013
2566
2173
2523
2435
2650
2444
1992
2067
2442
2019
2110
2099
2362
2651
2085
2303
1922
2050
2012
2364
2192
2270
2029
2612
2296
2633
2297
2298
2096
2400
2626
35
295
260
251
346
248
129
213
50
176
311
270
29
7
131
116
127
323
283
303
130
75
314
344
141
231
212
66
162
115
111
305
2
226
140
31
79
261
133
123
330
57
80
65
1908
1792
939
1053
1306
1412
2427
2305
2252
2518
2228
2635
2472
2599
2379
2280
2637
2221
943
909
1829
1268
1202
1094
1749
949
1244
1747
1798
1733
1127
554
509
486
1889
979
1670
1167
1314
1764
663
589
1650
1418
940
986
541
534
459
435
350
1681
1756
1259
1696
1464
646
992
1784
987
1533
1097
1310
388
1489
1350
989
969
1316
1241
1229
1279
1139
1903
1715
1438
1044
1716
1506
1635
1432
1102
616
1680
1286
1009
1704
684
682
678
677
668
656
622
620
605
598
592
584
1137
903
1631
471
359
510
407
397
514
502
1154
948
556
445
520
394
676
421
418
528
355
416
521
444
1478
680
654
623
619
579
573
604
423
645
565
504
488
570
373
402
557
460
455
451
432
400
376
527
413
590
507
439
385
360
669
634
525
478
370
555
515
417
395
569
560
543
537
535
531
519
503
495
472
452
449
440
434
431
425
422
419
408
403
387
369
367
362
1801
1325
1719
3948
3831
3656
3547
3877
3788
3545
3501
3693
3521
3672
3633
3552
3437
3968
3943
3930
3908
3884
3873
3851
3756
3697
3692
3625
3456
3721
1150
1088
1062
1856
2315
1531
494
430
398
374
1422
511
500
497
493
420
404
375
352
1727
1646
1342
1847
1397
1063
926
1304
1385
1640
1141
340
1501
1068
1023
1572
1814
1575
1659
1340
1734
1484
1022
2097
1935
2557
2226
2613
2473
2355
2494
2357
2238
2597
2343
2420
2285
2432
2304
2425
2247
2158
1978
1975
2644
2458
2232
2387
1952
2217
2205
2147
2486
2426
2320
2439
2092
2021
2491
2399
2546
2237
2478
2244
2609
2456
2411
2361
1961
2545
2406
2036
2383
2345
2214
2044
2497
2403
2314
2660
1972
2293
2652
2396
2072
2344
1954
1939
2589
2544
2039
2429
2262
2258
2234
1942
2341
2160
2053
2540
2239
2588
2519
2367
2250
2101
2215
2607
2385
2246
2065
2509
2283
2563
2649
2475
2368
2249
2038
1987
1964
2373
2107
2627
2137
1919
2555
2417
2264
2191
2057
2653
2419
2372
2330
2209
2185
2169
2145
2031
1955
2313
2172
2108
2098
2640
2616
2571
2351
2061
2018
2004
2552
2495
2418
2033
2051
2126
2299
1986
2610
2529
2471
2267
2149
2054
2007
136
2654
2440
2162
2156
2129
2070
2576
2462
1962
2488
2536
2161
2559
2433
2213
2083
2058
2611
2150
2617
2598
2390
2243
2222
2002
2331
2233
2200
2046
2602
2600
2561
2560
2324
2323
2190
2154
2077
1953
2601
2575
2467
2408
2290
2112
2088
1929
2333
2342
2646
2623
2564
2504
2476
2414
2356
2326
2229
2095
2069
2055
2628
2371
1936
1930
2629
2302
2295
2289
2052
1994
1948
1940
1916
2398
2394
2384
2338
2327
1959
2647
2000
1976
2412
2366
2047
1960
2624
2549
2506
2306
2278
2218
2142
2109
1946
2645
2459
2022
2006
1973
2657
2648
2447
2378
2159
1999
1998
2415
2377
2282
2235
2622
2604
2526
2520
2469
2468
2464
2353
2287
2165
2121
2118
2103
2086
2084
2056
2040
1963
1943
1925
2631
2625
2615
2591
2579
2578
2574
2573
2542
2499
2477
2451
2449
2428
2407
2393
2386
2352
2340
2329
2319
2308
2307
2275
2210
2206
2189
2139
2087
2081
2064
1997
2619
2593
2590
2553
2521
2507
2492
2423
2409
2395
2392
2391
2374
2369
2309
2276
2271
2257
2253
2240
2220
2164
2140
2005
1941
1917
2603
2537
2531
2479
2461
2325
2318
2163
2132
1981
1926
2658
1957
2639
2171
2655
2556
2550
2539
2489
2460
2446
2430
2376
2370
2354
2212
2188
2124
2123
2074
2059
2030
1989
1984
1983
1971
1966
1918
2120
2620
1995
1951
2585
2538
2365
2346
2225
2202
2157
1991
1931
1914
2259
2525
2480
2328
2310
2211
1945
2636
2533
2027
2025
2001
1980
2608
2567
2543
2511
2508
2463
2434
2292
2196
2194
2138
2135
2128
2125
2117
2111
2032
2010
1932
2582
2530
2413
2389
45
308
48
10
69
109
186
185
170
196
92
187
101
30
5
291
268
172
103
98
223
281
159
108
180
53
342
285
85
273
293
112
128
122
200
271
232
272
146
9
142
132
247
331
325
208
125
1
222
203
67
315
39
296
225
177
102
23
89
320
300
249
242
204
25
40
3
322
313
238
82
239
56
343
93
20
184
312
144
280
252
113
104
62
21
13
302
299
339
1553
1524
1054
1477
941
1802
1629
1319
1186
1870
1695
1179
1872
1759
1474
1000
1091
1356
977
1051
1697
1648
1568
1452
1424
938
1296
1508
1215
1183
1740
1510
1311
1625
1769
1338
1035
1210
1246
1862
2643
2547
2512
2436
2336
2294
2241
2199
2198
2187
2176
2155
2153
2151
2148
2144
2127
2071
2068
1947
1485
1299
1042
965
1057
1591
1281
1143
1706
1592
1462
1036
1308
1439
1884
1859
1292
988
1383
1157
1655
1197
1624
1569
1343
1151
1116
1556
1398
1855
1169
1093
1121
1355
1228
1188
1910
1731
1064
928
1871
1347
1284
1190
1887
1413
1379
1227
957
1725
1109
1037
1178
1876
1159
1822
1174
1906
1667
1496
1189
1041
1005
1287
1729
984
1207
1880
1601
1363
1333
1232
1118
1599
1786
1366
1152
964
1463
1313
1660
1089
1365
1767
1545
1565
1611
1322
1015
1899
1728
1423
1095
983
972
1709
1633
1260
1236
389
1406
1396
1309
1081
933
1030
1644
1209
1428
944
1502
914
1526
905
1453
1641
1499
1436
1280
1828
1824
1503
1472
1258
1104
917
1408
1349
1894
1332
1106
1212
1748
1735
1440
1841
1682
1583
1576
1345
1235
1231
596
1796
1700
1451
1904
1897
1869
1815
1781
1672
1504
1482
1446
1225
1213
563
1048
1495
1426
1699
1400
483
1348
1072
1052
1429
1844
1217
651
1073
1837
1493
1468
1216
1371
901
1830
1595
1515
924
1047
1638
1324
1303
1066
1032
1014
971
1878
1773
1671
1514
976
353
1732
1245
1771
1407
1691
1459
1448
1192
1148
1100
1082
1019
975
1820
1751
1742
1454
1099
1020
1812
1578
1573
1417
1404
1392
1282
1273
1257
1221
1170
1158
1129
1115
1108
1067
994
981
1628
1616
1574
1512
1277
1204
1060
1018
639
601
524
1893
1850
1679
414
1766
1606
1548
1490
1743
1694
1673
1122
936
641
567
559
544
475
1630
513
496
492
438
391
378
1677
1543
1226
1114
517
487
479
465
462
456
412
409
368
363
1692
1536
1425
1300
962
915
683
614
609
591
561
553
545
542
512
506
482
473
461
436
392
366
348
1395
1865
1351
1080
3354
1564
1040
1593
1061
1077
900
1705
1866
1676
1187
1825
1803
1421
1251
3872
3750
3741
3674
3556
3550
3495
1328
862
1337
1165
1623
1242
1049
1712
1112
1028
1789
1547
1532
1457
1125
999
1577
1411
1860
1668
1449
1293
1181
1128
1858
1911
1626
1297
1193
1886
1810
1757
1736
1491
1420
1214
1198
1079
916
1877
1849
1750
1724
1222
1039
1632
1597
1435
1132
1652
1059
1619
1370
1083
1851
927
1537
1180
998
1465
1393
526
1402
1891
1754
1741
1714
1622
1416
1388
1289
1278
1267
1239
1110
1004
978
967
1835
1522
1519
1367
1344
1230
1084
484
1805
932
1836
1737
1480
1390
1185
1184
960
1863
1817
1905
1867
1845
1823
1717
1643
1557
1530
1182
1026
1006
966
947
1898
1885
1868
1689
1685
1683
1612
1376
1330
1265
1156
993
913
1794
1782
1361
1164
1025
968
934
920
1768
1637
1609
980
1698
1615
1033
951
1900
1879
1816
1598
1539
1517
1487
1117
1793
1535
1409
1389
1271
1201
1153
1146
1101
1842
1809
1391
1359
1336
1256
1199
1191
