0
4037
743
2195
3650
852
335
3709
3268
3230
775
1176
210
2722
3820
3453
4008
3134
3407
1145
124
279
3589
2798
2842
43
911
3055
3037
443
2113
215
1969
2975
3846
3854
1627
4024
15
1034
581
12
648
241
3875
183
638
228
3974
674
145
3125
1202
1586
4006
3859
192
216
642
3401
174
97
3984
875
3990
1711
293
1353
3928
3879
3942
1466
2596
2569
4036
1362
607
3765
4034
4016
182
52
1046
3127
157
871
879
858
876
886
895
894
893
892
891
881
870
767
785
882
869
861
811
721
704
690
786
884
864
735
756
889
863
717
700
799
826
843
835
716
802
888
844
725
689
839
890
769
753
709
727
845
842
754
738
837
821
751
715
880
820
698
850
808
830
815
762
755
724
779
740
705
823
797
792
703
832
745
828
827
810
800
784
768
752
747
737
708
853
834
833
824
782
774
746
734
731
695
856
855
854
851
849
848
847
846
841
840
838
831
829
825
822
819
818
816
813
812
809
807
806
805
804
798
796
795
794
791
790
789
788
783
780
778
777
773
772
771
770
766
765
764
763
761
760
759
750
744
742
741
736
733
732
730
729
728
726
723
722
718
714
712
711
710
707
706
702
701
699
697
696
694
693
691
688
687
836
817
814
803
793
781
758
748
739
720
719
713
686
787
877
885
776
878
757
887
883
874
873
872
867
866
859
801
749
692
4003
3991
4009
4038
4004
3994
4023
4019
3981
3993
3985
3982
4012
3983
4021
3995
4035
4033
4031
4030
4028
4027
4026
4020
4018
4014
4013
4005
4002
3999
3998
3997
3996
3988
3987
3986
4017
4000
3980
3992
4007
3989
4029
4025
4022
4015
4011
4010
4001
4032
667
594
3700
3716
3742
3901
3641
3653
3688
3583
3965
2692
2826
3099
2980
2852
3202
319
220
2168
2100
2167
2256
2015
2130
3897
3643
3444
3953
3910
3890
3911
3502
3745
3638
3513
3671
3807
3751
3809
3776
3579
3567
3954
3892
3778
3476
3465
3946
3494
3580
3447
3933
3816
3607
3503
3720
3815
3802
3663
3498
3960
3478
3976
3539
3458
3701
3973
3914
3905
3546
3871
3868
3664
3441
3949
3866
3786
3768
3623
3975
3837
3774
3675
3904
3915
3896
3555
3515
3507
3920
3696
3903
3719
3646
3863
3682
3624
3585
3446
3652
3855
3572
3463
3581
3917
3743
3541
3840
3598
3782
3602
3770
3876
3827
3715
3918
3865
3728
3698
3678
3647
3616
572
501
3375
2565
2422
2493
3936
3907
3850
3769
3508
3626
3940
3695
3955
3924
3833
3711
3468
3919
3883
3523
3516
3931
3724
3499
3483
3543
3867
3740
3713
3666
3615
3762
3556
3916
3548
868
865
3712
3927
3660
3659
3635
3601
3891
3559
3450
3839
3934
3461
3512
3893
3764
3758
3676
3614
3767
3706
3509
3829
3972
3956
3754
3668
3558
3474
3469
3466
3895
3810
3759
3628
3784
3578
3491
3471
3457
3817
3621
3618
3526
3913
3902
3557
3452
3950
3737
2990
3427
3402
3338
2926
3241
2779
3165
2736
2889
2811
3088
3197
3431
2668
2886
2808
3246
2713
3410
2728
3153
3143
3192
3147
3024
3269
3428
2963
3235
2801
2832
3208
3223
2947
3336
2997
2820
3368
3066
3390
2705
2805
2667
2735
2831
2747
3356
3389
3233
3204
2737
2807
3244
2697
2696
2898
3145
3260
3188
3367
2881
2727
3394
3317
2844
2671
3170
2845
3178
3177
2971
3393
3030
2995
3307
3211
3138
3110
3048
2970
3203
3380
3312
2723
2715
2981
3306
3123
3221
2752
3271
3141
2817
2751
3424
3383
2841
3300
3139
2978
2789
2710
2959
2741
3094
3021
2828
3414
3228
3023
2854
3329
2734
3129
3075
2919
2810
2925
3243
3085
3054
3000
3347
3316
3297
3277
3212
3102
3041
3050
3372
3251
3181
3158
3137
3084
3036
3010
2994
2907
2874
3392
3231
3229
3114
2663
3370
3359
3346
3285
3086
2829
2682
2662
3215
3191
3255
3087
3043
3065
3047
2916
2905
2897
2777
3353
3352
3267
3206
3109
3058
3015
3007
2989
2868
2863
2783
3357
3288
2944
2800
2695
3311
2879
3373
3067
2709
3382
3318
3309
3008
2982
2670
3400
3119
2988
2911
2866
2754
3078
2974
2927
2920
2896
2867
2827
2680
2748
3404
3256
3189
3056
2756
2683
2679
2904
2702
3193
3052
2890
2761
3339
3250
3108
3004
2985
2966
2956
2917
2913
2851
2839
2815
2676
2669
3337
2843
2711
3387
3384
3362
3348
3284
3232
3195
3184
3142
3040
3033
2986
2940
2931
2915
2912
2877
2835
2750
2745
2694
327
147
309
10
131
340
146
262
162
2421
2450
2051
2070
2535
2382
2548
2375
2217
2106
2558
2357
1992
1933
2094
1961
1965
2621
2487
2281
2342
2158
1977
2321
2426
2360
2251
2373
1960
1922
2570
2424
2105
1982
2089
2656
2650
2515
2486
2444
2262
2562
2534
2523
2291
2236
2156
2120
2577
2361
2300
2016
2041
2027
2152
1950
2574
2639
2012
2505
2453
2378
2499
2495
2307
2136
2074
2631
2179
1963
2467
2418
2210
2139
2063
2644
2497
1934
2006
1957
2411
2335
1975
2615
2339
2200
2122
2077
2046
2657
2640
2159
2157
2097
2000
1999
1995
1914
2625
2590
2554
2500
2409
2374
2278
2206
2140
2123
2084
1917
2401
2659
2645
2627
2585
2171
1921
2587
2455
2341
2114
1105
660
3925
3629
3505
3908
3730
3926
3838
3687
3978
3977
3969
3967
3964
3963
3959
3958
3957
3952
3951
3947
3945
3941
3939
3937
3935
3932
3923
3922
3921
3912
3909
3906
3900
3899
3894
3887
3885
3884
3882
3881
3878
3874
3870
3869
3864
3862
3861
3857
3856
3849
3848
3847
3845
3844
3843
3836
3835
3834
3832
3831
3826
3823
3822
3821
3819
3818
3814
3813
3812
3811
3806
3804
3801
3799
3798
3795
3794
3793
3792
3791
3789
3787
3785
3783
3781
3779
3777
3775
3773
3771
3766
3763
3761
3757
3755
3753
3749
3748
3747
3746
3739
3735
3733
3732
3731
3727
3726
3725
3722
3718
3717
3714
3710
3708
3705
3702
3699
3694
3690
3686
3685
3681
3679
3670
3665
3662
3657
3655
3654
3648
3645
3644
3640
3639
3637
3636
3634
3632
3631
3630
3627
3622
3620
3619
3613
3611
3608
3606
3600
3599
3597
3595
3594
3593
3591
3588
3587
3584
3582
3573
3571
3569
3568
3565
3564
3562
3554
3553
3552
3551
3549
3542
3538
3537
3536
3535
3534
3532
3531
3529
3528
3527
3524
3522
3520
3519
3518
3511
3510
3506
3504
3500
3497
3493
3490
3489
3486
3485
3484
3482
3481
3479
3477
3473
3472
3470
3467
3464
3462
3460
3459
3455
3451
3445
3443
3442
3439
857
1240
622
628
578
582
662
635
577
621
681
670
647
643
659
615
467
476
399
1973
2410
2290
2244
2237
2165
2098
2069
2064
1953
2162
2618
2184
2067
2277
2362
2406
2296
2636
2583
1998
1991
1951
3274
2976
2708
3345
3247
3082
2936
2661
3419
3416
3296
3252
3152
3115
2996
2991
2869
2796
2778
2770
2674
3341
3069
2744
3124
3415
3273
3207
3162
3154
3068
2860
2738
2730
3396
3351
3350
3160
2937
2833
3275
3117
3012
2935
2690
2677
3386
3179
3061
3326
3062
3038
3340
3319
2540
2209
2141
2655
2654
2646
2600
2593
2586
2579
2532
2484
2443
2407
2395
2391
2376
2356
2352
2334
2275
2258
2253
2213
2112
2060
1986
2298
2427
1983
2096
2466
1988
2055
2312
2479
1987
2226
2396
2221
2003
2603
2400
2287
1972
2310
2652
2415
2252
2243
2177
2110
1970
2572
2249
2075
1985
1981
2610
2581
2503
2468
2403
2371
2322
2313
2272
2248
2242
2175
2057
1990
1978
2372
1964
2599
2537
2518
2127
2567
2295
2176
2138
2465
1939
2589
2445
2434
2417
2289
2232
1954
2609
2601
2575
2563
2561
2550
2472
2460
2458
2429
2423
2408
2381
2379
2369
2348
2340
2338
2323
2308
2306
2266
2240
2208
2196
2150
2121
2104
2043
2026
1993
1979
1947
1918
2594
2592
2529
2511
2419
2355
2351
2327
2315
2194
2174
2163
2144
2134
1959
1913
987
3034
2883
1270
1087
3971
3944
3877
3667
3661
3521
3475
3979
3672
3575
3550
3970
3966
3898
3873
3842
3790
3744
3736
3697
3691
3683
3680
3669
3649
3617
3576
3574
3560
3533
3514
3488
3968
3889
3824
3772
3707
3658
3603
3590
3492
3852
3860
3858
3796
3930
3800
3788
3625
3592
3547
3517
862
3888
3750
3734
3692
3610
3604
3545
3544
3929
3841
3828
3633
3586
3495
3456
3449
3577
3825
3803
3752
3738
3612
3797
3760
3656
3563
3480
3448
3438
3938
3886
3851
3805
3780
3703
3684
3596
3525
3501
1053
1838
3369
3157
3144
2965
2688
3398
3308
3266
3081
3077
3002
2984
2951
2865
3161
3330
3264
3253
3198
3196
3187
3097
2999
2955
2784
2780
2758
2685
3320
3292
3185
3150
3118
3113
3057
3039
3027
2923
2836
2719
3265
3101
2968
1896
3019
2775
1151
1558
996
2946
2918
3003
3436
3435
3434
3433
3432
3430
3429
3426
3425
3423
3422
3421
3420
3418
3417
3413
3412
3411
3409
3406
3405
3403
3399
3397
3395
3391
3388
3385
3381
3379
3378
3377
3376
3374
3371
3366
3365
3364
3363
3360
3358
3354
3349
3344
3343
3342
3335
3334
3333
3332
3331
3327
3325
3324
3323
3322
3321
3315
3314
3313
3305
3304
3303
3302
3301
3299
3298
3295
3294
3293
3291
3289
3287
3286
3283
3282
3281
3280
3279
3276
3272
3270
3262
3261
3259
3257
3254
3249
3248
3242
3240
3239
3238
3237
3236
3234
3227
3226
3225
3224
3220
3219
3218
3217
3216
3214
3213
3210
3209
3200
3199
3194
3190
3186
3182
3180
3176
3175
3174
3172
3171
3169
3167
3166
3163
3159
3156
3155
3151
3149
3148
3146
3140
3135
3133
3132
3131
3130
3128
3126
3122
3121
3120
3116
3112
3111
3107
3106
3105
3104
3103
3100
3098
3096
3095
3093
3092
3091
3090
3089
3083
3080
3076
3074
3073
3072
3070
3064
3063
3060
3059
3053
3051
3049
3046
3045
3044
3042
3035
3032
3031
3029
3028
3026
3025
3022
3018
3017
3016
3014
3013
3009
3006
3001
2998
2993
2992
2987
2983
2979
2977
2973
2972
2969
2967
2962
2961
2960
2958
2957
2954
2953
2952
2950
2949
2948
2945
2943
2942
2939
2934
2933
2932
2930
2929
2928
2924
2922
2921
2914
2910
2909
2908
2906
2902
2901
2900
2899
2895
2894
2893
2892
2891
2888
2887
2884
2882
2880
2878
2876
2875
2873
2872
2871
2870
2864
2862
2861
2859
2858
2857
2856
2855
2853
2850
2849
2848
2847
2846
2840
2837
2834
2830
2825
2824
2823
2821
2819
2818
2816
2813
2812
2809
2806
2804
2803
2802
2799
2797
2795
2794
2793
2792
2791
2790
2788
2787
2786
2785
2782
2781
2776
2774
2773
2772
2771
2769
2768
2767
2766
2765
2763
2762
2760
2759
2757
2755
2753
2749
2746
2743
2742
2739
2733
2732
2731
2729
2726
2724
2721
2720
2718
2717
2716
2714
2712
2706
2703
2701
2700
2699
2698
2691
2689
2687
2686
2684
2681
2678
2675
2673
2672
2666
2665
2664
860
165
250
60
102
120
76
81
257
13
253
154
89
333
121
57
308
50
4
181
2
179
28
116
326
115
93
311
197
345
344
284
123
79
44
324
285
98
281
184
36
29
39
217
163
190
6
249
130
272
176
51
31
328
218
232
263
99
82
318
186
133
193
23
341
291
223
213
212
142
75
40
261
252
104
313
27
346
260
254
248
194
191
332
299
80
1
301
278
221
7
143
329
242
187
339
310
41
343
312
226
20
258
188
169
148
141
134
69
67
26
21
264
245
91
180
158
156
87
323
283
200
170
25
1065
2660
2658
2651
2648
2647
2641
2638
2637
2635
2634
2633
2632
2630
2629
2628
2626
2624
2623
2622
2620
2619
2614
2613
2612
2611
2607
2606
2605
2604
2602
2597
2595
2591
2584
2580
2578
2576
2573
2571
2568
2566
2564
2560
2559
2557
2556
2553
2552
2551
2549
2546
2545
2544
2541
2539
2538
2536
2533
2531
2530
2528
2527
2526
2525
2524
2522
2521
2520
2519
2517
2514
2513
2510
2507
2506
2504
2502
2501
2494
2492
2490
2489
2488
2485
2482
2481
2480
2478
2477
2476
2474
2473
2469
2464
2462
2459
2456
2454
2452
2449
2448
2447
2446
2441
2440
2439
2438
2437
2435
2433
2432
2431
2430
2428
2425
2420
2416
2414
2413
2412
2405
2404
2402
2397
2394
2393
2392
2390
2389
2388
2387
2386
2384
2383
2380
2377
2370
2367
2366
2365
2364
2363
2359
2358
2354
2353
2350
2349
2347
2346
2345
2337
2333
2331
2330
2329
2328
2326
2324
2320
2318
2317
2316
2314
2311
2309
2305
2304
2303
2301
2299
2297
2288
2286
2284
2280
2276
2274
2273
2271
2270
2268
2265
2263
2261
2260
2259
2257
2255
2254
2246
2245
2241
2239
2238
2235
2234
2233
2231
2230
2229
2228
2227
2225
2222
2220
2219
2218
2216
2215
2214
2212
2211
2207
2205
2204
2202
2201
2197
2193
2192
2191
2190
2188
2186
2183
2182
2181
2180
2178
2173
2172
2170
2166
2164
2161
2160
2154
2147
2146
2145
2143
2142
2137
2135
2133
2131
2129
2126
2124
2119
2118
2116
2115
2109
2108
2107
2103
2101
2099
2095
2093
2092
2091
2090
2088
2087
2086
2085
2083
2082
2080
2078
2076
2073
2072
2071
2066
2065
2062
2061
2059
2058
2056
2052
2050
2049
2048
2045
2044
2040
2039
2037
2036
2035
2034
2033
2030
2029
2025
2024
2023
2022
2021
2020
2019
2018
2017
2014
2013
2011
2009
2008
2007
2005
2004
2002
2001
1997
1996
1994
1989
1984
1980
1976
1974
1971
1968
1966
1962
1958
1956
1955
1952
1949
1946
1944
1943
1942
1938
1937
1936
1935
1932
1931
1930
1929
1928
1927
1925
1924
1923
1919
1916
1915
985
1890
1693
672
575
1713
2704
1297
64
682
616
1295
3961
3723
3566
3530
3496
3880
3693
3642
3605
3437
633
684
625
588
480
552
407
384
617
589
612
611
605
603
573
365
499
429
522
477
464
586
663
655
653
597
579
685
678
677
675
673
671
666
665
664
661
658
657
656
650
640
639
636
632
631
627
626
623
619
618
602
600
599
598
595
592
583
576
437
574
401
433
410
382
361
364
441
166
1177
1401
1220
1657
1697
1854
1247
1264
1248
2653
2649
2643
2617
2616
2588
2582
2543
2508
2498
2475
2471
2463
2461
2451
2436
2344
2343
2325
2319
2294
2292
2283
2267
2224
2189
2185
2169
2155
2151
2111
2054
2038
2031
2010
1940
1926
1920
136
929
3258
2707
1031
3355
3201
2941
2938
2903
2822
2693
1908
1244
1027
1726
1579
1411
3278
3205
3168
3079
3020
3011
2964
2764
2725
1477
958
1498
2642
2608
2598
2555
2547
2542
2516
2512
2509
2496
2491
2399
2398
2385
2368
2336
2332
2302
2293
2285
2282
2279
2264
2250
2247
2223
2203
2199
2198
2187
2153
2149
2148
2132
2128
2125
2117
2102
2081
2068
2053
2047
2042
2032
2028
1948
1945
1941
1883
1421
1365
1314
1803
1187
1316
1157
1771
1451
1787
1784
1216
1045
1043
1880
1150
1698
1203
970
1069
1582
1039
1188
1005
1481
1682
1364
1089
1071
1369
923
1251
1577
998
1758
1419
1283
989
1090
1656
956
1874
1278
1805
1437
1245
984
1900
1895
1892
1733
1168
1193
961
3962
3948
3943
3872
3830
3756
3741
3721
3677
3674
3651
3609
3561
3540
3440
1719
1537
1098
1894
942
1337
1152
1632
1552
1664
1607
1293
1564
1544
1317
1112
1811
1194
1518
1872
1592
1381
1772
1442
1073
1748
1911
1708
1741
1651
1517
1239
1171
1074
1492
1639
3361
3328
3263
3245
3222
3164
3136
3005
1534
1450
972
1391
1562
1499
1707
1810
1230
1219
1130
1712
1527
959
1197
1111
1809
1800
1665
1613
1389
1330
1289
1040
1617
1612
1572
1149
1017
921
1327
973
1849
1826
1757
1700
1603
1559
1539
1480
1405
1402
1339
1287
1272
1181
1163
1048
1028
1026
991
926
916
1406
1404
1215
1754
1722
1685
1447
1329
1269
1205
1056
997
1676
1494
1328
1144
1891
1819
1793
1734
1714
1653
1644
1597
1589
1551
1523
1471
1456
1302
1198
1196
1146
1125
1092
1004
999
