0
4024
3748
3729
668
2842
358
1834
911
743
785
854
808
767
821
859
874
826
838
793
783
763
878
752
737
816
706
690
844
777
724
721
705
694
855
853
852
851
850
849
848
847
846
845
843
842
841
839
837
836
835
834
833
832
831
829
827
824
823
822
820
818
817
815
814
813
812
809
807
806
802
801
799
797
796
795
794
792
791
790
789
788
787
786
784
782
781
780
779
778
775
773
771
770
768
766
765
764
762
761
760
759
758
757
756
755
754
751
750
749
748
746
744
742
741
740
739
738
736
735
734
733
732
731
730
728
727
726
725
723
722
720
718
717
716
715
714
712
711
710
709
707
704
703
702
701
700
699
696
695
693
692
691
689
688
687
3999
3995
3993
3746
3882
3787
3447
3899
3914
3808
3441
3855
3671
3646
3814
3585
3446
3878
3776
3809
3967
3701
3764
3724
3768
3782
3569
3468
3498
3915
3645
3713
3553
3505
3659
895
894
893
892
891
890
889
888
887
886
885
884
883
882
881
880
879
877
876
875
873
872
871
870
869
867
866
864
863
861
858
856
840
830
828
825
819
811
810
805
804
803
800
798
776
774
772
769
753
747
745
729
719
713
708
697
686
2380
2094
2113
2193
2197
1950
2388
2120
2013
2016
4002
4038
4037
4036
4035
4034
4033
4032
4030
4029
4027
4026
4025
4023
4022
4021
4020
4019
4018
4017
4016
4015
4014
4013
4012
4009
4008
4007
4006
4005
4004
4003
4001
4000
3998
3997
3996
3994
3992
3991
3990
3988
3987
3986
3985
3984
3983
3982
3981
3726
3566
642
216
2284
3408
3235
3322
3333
3354
3271
3413
3131
3208
3234
3213
3202
3135
2887
3318
3311
2982
3237
2880
3305
3134
2993
3348
3054
2912
2897
2862
3430
3300
3084
2731
2804
2225
2024
2009
2785
3329
3083
2983
2933
2270
2260
2618
2631
2484
2443
2356
2353
2326
2311
2288
2140
2030
2480
1952
2116
2610
2453
2085
2036
2414
2572
1923
2630
2607
2564
2482
2354
2323
2280
2165
2121
2099
2021
3260
3009
3296
2705
3182
3159
2870
3416
2939
2863
2661
3273
3574
3695
3680
3635
3467
3785
3926
3522
3964
3825
3803
3554
3480
3760
3934
3618
3780
3703
3697
3979
3978
3977
3976
3975
3974
3973
3972
3971
3970
3969
3968
3966
3965
3963
3961
3960
3959
3958
3957
3956
3955
3954
3953
3952
3951
3950
3949
3947
3946
3945
3944
3942
3941
3940
3939
3938
3937
3936
3935
3933
3932
3931
3930
3929
3928
3927
3925
3924
3923
3922
3921
3920
3919
3918
3917
3916
3913
3912
3911
3910
3909
3908
3907
3906
3905
3904
3903
3902
3901
3900
3898
3897
3896
3895
3894
3893
3892
3891
3890
3889
3888
3887
3885
3884
3883
3881
3880
3879
3876
3875
3874
3873
3871
3870
3869
3868
3867
3866
3865
3864
3863
3862
3860
3859
3858
3857
3856
3854
3853
3852
3850
3849
3848
3847
3846
3845
3844
3843
3842
3841
3840
3839
3838
3837
3836
3835
3834
3833
3832
3831
3829
3828
3827
3826
3824
3823
3822
3821
3819
3818
3817
3816
3815
3813
3812
3811
3810
3807
3806
3805
3804
3802
3801
3800
3799
3798
3796
3795
3794
3793
3792
3791
3790
3789
3788
3786
3784
3783
3781
3778
3777
3775
3774
3773
3772
3771
3770
3769
3767
3766
3765
3763
3762
3761
3759
3758
3757
3755
3754
3753
3752
3751
3749
3747
3745
3744
3743
3742
3740
3739
3738
3737
3736
3735
3734
3733
3732
3731
3730
3728
3727
3725
3722
3720
3719
3718
3717
3716
3715
3714
3712
3711
3710
3709
3708
3707
3706
3705
3704
3702
3700
3699
3698
3696
3694
3693
3692
3691
3690
3689
3688
3687
3686
3685
3683
3682
3681
3679
3678
3676
3675
3673
3672
3670
3669
3668
3667
3666
3665
3664
3663
3662
3661
3660
3658
3657
3656
3655
3654
3653
3652
3650
3649
3648
3647
3644
3643
3642
3641
3640
3639
3638
3637
3636
3634
3632
3631
3630
3629
3628
3627
3626
3625
3624
3623
3622
3620
3619
3617
3616
3615
3614
3613
3612
3611
3610
3608
3607
3606
3605
3604
3603
3602
3601
3600
3599
3598
3597
3596
3595
3594
3593
3591
3590
3589
3588
3587
3584
3583
3582
3581
3580
3579
3578
3576
3575
3573
3572
3571
3570
3568
3567
3565
3564
3563
3562
3560
3559
3558
3557
3555
3552
3551
3549
3548
3547
3546
3545
3544
3543
3542
3541
3539
3538
3537
3536
3535
3534
3533
3532
3531
3530
3529
3528
3527
3526
3524
3523
3521
3520
3519
3518
3516
3515
3514
3513
3512
3511
3510
3509
3508
3507
3506
3504
3503
3502
3500
3499
3497
3496
3494
3493
3492
3491
3490
3489
3488
3486
3485
3484
3483
3482
3481
3479
3478
3477
3476
3475
3474
3473
3472
3471
3470
3469
3466
3465
3464
3463
3462
3461
3460
3459
3458
3457
3455
3453
3452
3451
3450
3449
3448
3445
3444
3443
3442
3439
3438
3779
3621
3586
3517
868
865
857
698
3398
3002
3383
3264
3256
3253
3087
2675
2955
3432
2660
2659
2658
2657
2656
2655
2654
2652
2651
2650
2648
2647
2646
2645
2644
2641
2640
2639
2638
2637
2636
2635
2634
2633
2632
2628
2627
2626
2625
2624
2623
2622
2621
2620
2619
2615
2614
2613
2612
2611
2606
2604
2603
2602
2601
2600
2599
2596
2595
2593
2591
2590
2587
2586
2585
2584
2583
2581
2580
2579
2578
2577
2576
2575
2574
2573
2571
2570
2569
2568
2566
2565
2563
2562
2561
2560
2559
2558
2557
2556
2554
2553
2552
2551
2550
2549
2548
2546
2545
2544
2541
2540
2539
2538
2537
2536
2535
2534
2532
2531
2528
2527
2526
2525
2524
2523
2522
2521
2520
2518
2517
2515
2514
2513
2507
2506
2505
2504
2503
2500
2499
2497
2495
2494
2493
2492
2490
2489
2488
2487
2486
2485
2483
2481
2479
2478
2477
2476
2474
2473
2470
2469
2467
2466
2464
2462
2460
2459
2457
2456
2455
2454
2452
2450
2449
2448
2447
2446
2444
2442
2441
2440
2439
2438
2437
2435
2434
2433
2432
2431
2430
2429
2428
2427
2426
2425
2424
2423
2422
2421
2418
2416
2415
2412
2411
2410
2409
2408
2407
2406
2405
2404
2403
2402
2401
2400
2397
2396
2395
2393
2392
2391
2390
2387
2386
2383
2382
2381
2379
2378
2376
2375
2374
2373
2371
2370
2369
2367
2366
2365
2364
2363
2362
2361
2360
2359
2358
2357
2355
2352
2350
2349
2348
2346
2345
2342
2341
2340
2339
2337
2335
2334
2331
2329
2325
2324
2322
2321
2320
2318
2317
2316
2314
2313
2312
2310
2309
2308
2307
2306
2305
2304
2303
2301
2300
2299
2297
2296
2291
2290
2287
2286
2281
2278
2277
2276
2275
2274
2272
2271
2269
2265
2263
2262
2261
2259
2258
2257
2256
2255
2253
2252
2251
2249
2248
2245
2244
2243
2242
2240
2238
2237
2236
2235
2234
2233
2232
2231
2230
2229
2228
2227
2226
2222
2221
2220
2219
2218
2217
2216
2214
2213
2212
2211
2210
2209
2208
2207
2206
2205
2204
2202
2201
2200
2195
2192
2190
2188
2186
2184
2182
2181
2179
2178
2177
2175
2173
2172
2171
2170
2168
2167
2166
2164
2162
2161
2160
2159
2158
2157
2156
2154
2152
2150
2147
2146
2145
2142
2141
2139
2137
2136
2131
2130
2129
2126
2124
2123
2122
2119
2118
2115
2114
2112
2110
2109
2108
2107
2106
2105
2104
2103
2100
2098
2097
2096
2095
2093
2092
2091
2090
2089
2088
2086
2084
2083
2082
2080
2079
2078
2077
2076
2075
2074
2073
2070
2069
2067
2066
2064
2063
2061
2060
2059
2058
2057
2056
2055
2051
2050
2049
2048
2046
2045
2044
2043
2041
2040
2037
2035
2034
2033
2029
2027
2025
2023
2022
2020
2019
2018
2017
2015
2014
2012
2011
2008
2006
2005
2004
2001
2000
1999
1998
1997
1996
1995
1993
1992
1991
1990
1989
1988
1987
1986
1985
1984
1983
1982
1981
1980
1979
1978
1977
1976
1975
1974
1973
1972
1971
1970
1969
1968
1966
1965
1964
1963
1962
1961
1960
1958
1957
1956
1953
1951
1949
1946
1944
1943
1942
1939
1938
1937
1936
1935
1934
1933
1931
1930
1929
1928
1927
1925
1924
1922
1921
1919
1918
1917
1915
1914
4031
4011
3989
3980
3861
3723
3487
3454
579
685
684
682
681
680
675
674
672
671
670
665
664
662
661
660
659
658
657
654
650
648
647
643
640
638
636
635
633
632
631
628
627
626
625
623
622
621
619
617
615
613
612
611
608
605
603
602
600
599
598
597
595
592
590
588
585
583
582
581
578
577
576
575
573
666
470
2894
233
441
399
52
195
208
220
36
102
4
189
318
243
178
283
130
302
230
281
14
313
211
172
342
186
75
3
304
136
65
88
2617
2330
2282
2254
2185
2155
2031
2003
1955
1926
3436
3435
3434
3433
3431
3429
3428
3427
3426
3425
3424
3423
3422
3421
3419
3418
3417
3415
3414
3411
3407
3405
3403
3402
3401
3400
3399
3397
3396
3395
3394
3393
3392
3391
3390
3389
3388
3387
3384
3382
3381
3380
3379
3378
3377
3376
3375
3374
3373
3372
3371
3370
3369
3368
3367
3365
3364
3363
3362
3360
3359
3358
3357
3356
3353
3352
3351
3350
3349
3347
3346
3345
3344
3343
3342
3341
3340
3339
3338
3337
3336
3335
3334
3332
3330
3327
3326
3325
3324
3323
3321
3320
3317
3316
3315
3314
3313
3312
3310
3309
3308
3307
3306
3303
3302
3301
3299
3298
3297
3294
3293
3292
3291
3288
3287
3286
3285
3284
3283
3282
3281
3280
3279
3277
3276
3275
3274
3272
3270
3269
3268
3267
3266
3262
3261
3259
3257
3255
3254
3252
3251
3250
3249
3247
3246
3244
3243
3242
3241
3240
3239
3238
3236
3233
3232
3231
3230
3229
3228
3227
3226
3225
3224
3223
3221
3220
3219
3218
3217
3216
3215
3214
3212
3211
3210
3209
3207
3206
3204
3203
3200
3199
3198
3197
3196
3195
3194
3193
3192
3191
3190
3189
3188
3187
3185
3184
3183
3181
3180
3178
3177
3176
3175
3174
3172
3171
3170
3169
3167
3166
3163
3161
3160
3158
3157
3156
3155
3154
3153
3152
3151
3150
3149
3148
3147
3146
3145
3144
3143
3142
3141
3140
3139
3138
3137
3133
3132
3130
3129
3128
3127
3126
3125
3124
3123
3122
3121
3120
3119
3118
3117
3116
3115
3114
3113
3112
3110
3109
3108
3107
3106
3105
3104
3103
3102
3099
3098
3096
3095
3094
3093
3092
3091
3090
3089
3088
3086
3085
3082
3081
3080
3078
3077
3076
3075
3074
3073
3072
3071
3070
3069
3068
3067
3066
3065
3064
3063
3061
3060
3059
3058
3056
3055
3053
3052
3051
3050
3049
3048
3047
3046
3045
3044
3043
3042
3041
3040
3039
3038
3037
3036
3035
3033
3032
3031
3030
3029
3028
3027
3026
3025
3024
3023
3022
3021
3018
3017
3016
3015
3014
3013
3012
3010
3008
3007
3006
3004
3000
2998
2997
2996
2995
2994
2992
2991
2990
2989
2988
2987
2986
2985
2984
2981
2980
2978
2977
2975
2974
2973
2972
2970
2969
2967
2966
2965
2963
2961
2960
2959
2958
2957
2956
2954
2953
2952
2951
2950
2949
2948
2947
2946
2945
2944
2943
2942
2940
2937
2936
2935
2934
2932
2931
2930
2929
2928
2927
2926
2925
2924
2923
2922
2921
2920
2919
2918
2917
2916
2915
2914
2913
2911
2910
2909
2908
2907
2906
2905
2904
2902
2901
2900
2899
2898
2896
2895
2893
2891
2890
2889
2888
2886
2884
2882
2881
2879
2878
2877
2876
2875
2874
2873
2872
2871
2868
2867
2866
2865
2864
2861
2860
2859
2858
2857
2856
2855
2854
2853
2852
2851
2850
2849
2848
2847
2846
2845
2844
2843
2841
2840
2839
2837
2836
2835
2834
2833
2832
2831
2830
2829
2828
2827
2825
2824
2823
2821
2820
2819
2818
2817
2816
2815
2812
2811
2810
2809
2808
2807
2806
2805
2803
2802
2801
2800
2799
2798
2797
2796
2795
2794
2793
2792
2791
2790
2789
2788
2787
2786
2784
2783
2782
2781
2780
2779
2778
2777
2776
2774
2773
2772
2771
2770
2769
2768
2767
2766
2765
2763
2762
2761
2759
2758
2757
2756
2755
2754
2753
2751
2750
2749
2748
2747
2746
2745
2744
2743
2742
2741
2740
2739
2738
2737
2736
2735
2733
2732
2730
2729
2728
2727
2726
2723
2722
2721
2720
2719
2718
2717
2716
2715
2714
2713
2712
2711
2710
2709
2708
2706
2704
2703
2702
2701
2700
2699
2698
2697
2696
2695
2694
2692
2691
2690
2689
2688
2687
2686
2685
2684
2683
2682
2681
2680
2679
2676
2674
2673
2672
2671
2670
2669
2668
2667
2666
2665
2664
2663
2662
860
3186
3111
2707
3097
3355
3319
3201
2999
2938
2903
2653
2616
2609
2605
2594
2589
2588
2582
2555
2529
2519
2511
2502
2498
2475
2472
2471
2468
2465
2463
2461
2451
2445
2436
2419
2417
2413
2394
2389
2377
2344
2343
2333
2298
2295
2294
2273
2246
2241
2224
2215
2189
2183
2176
2174
2163
2151
2144
2143
2133
2127
2101
2072
2071
2062
2052
2039
2038
2026
2010
2002
1994
1954
1947
1940
1932
1916
1913
3385
3265
3101
2979
2693
3409
3386
3258
3205
3165
3079
3062
3020
3011
2964
2764
2734
2725
2649
2643
2642
2629
2608
2598
2597
2592
2567
2547
2543
2542
2533
2530
2516
2512
2510
2509
2508
2501
2496
2491
2458
2420
2399
2398
2385
2384
2372
2368
2351
2347
2338
2336
2332
2328
2327
2319
2315
2302
2293
2292
2289
2285
2283
2279
2268
2267
2266
2264
2250
2247
2239
2223
2203
2199
2198
2196
2194
2191
2187
2180
2169
2153
2149
2148
2138
2135
2134
2132
2128
2125
2117
2111
2102
2087
2081
2068
2065
2054
2053
2047
2042
2032
2028
2007
1959
1948
1945
1941
1920
3289
3179
2976
3420
3410
3034
2971
2813
3412
3406
3404
3366
3331
3304
3295
3168
3162
3100
3019
3001
2962
2892
2869
2775
2752
2724
1008
1521
1326
2826
2677
1865
1147
3962
3948
3943
3886
3877
3872
3851
3830
3797
3756
3750
3741
3721
3684
3677
3674
3651
3633
3609
3592
3577
3561
3556
3550
3540
3525
3501
3495
3456
3440
3437
862
1053
970
1073
1884
3361
3328
3278
3263
3248
3245
3222
3164
3136
3057
3005
2968
2941
2883
2822
2760
2678
1134
1489
1306
977
1478
1749
1792
1225
1167
1093
1776
1889
1368
955
1866
1378
1137
1698
1227
1011
1716
1067
679
678
644
1576
677
663
655
653
630
620
618
616
609
589
584
574
1743
593
1967
1338
504
1706
948
639
418
1912
683
676
667
594
427
1311
1189
551
457
381
673
652
