1912
107
2340
1888
1684
1746
1941
3437
1663
2289
0
2081
1613
2283
2944
348
3101
3280
2839
1361
483
1459
2138
1632
686
2951
2676
2607
1330
1277
3026
2793
1479
2282
3076
2738
917
475
1352
1487
408
3154
3284
2588
3060
1391
1636
1472
1973
1573
3330
3321
2966
1216
2463
2863
3528
2344
2191
252
3363
2674
1661
3394
525
1211
1791
834
2049
2890
960
2512
1709
277
1083
1334
896
1728
1931
1648
724
731
3019
3140
1972
3291
2111
2092
376
3000
3545
3309
3247
2894
740
1999
412
1729
3833
1927
1464
497
2598
1761
2909
705
3971
3825
3183
118
2780
1948
2767
1549
2281
709
3947
382
2497
211
2813
1289
1935
1465
849
862
774
708
2928
1275
1235
1828
1052
1798
3148
2821
573
1339
1902
1864
2887
2806
2647
2396
2508
1844
3529
3403
373
726
3433
489
580
2724
3642
2702
1328
1642
2568
776
3781
3722
3517
21
1067
3255
506
3150
1456
1409
3750
2782
272
3943
3204
2751
3190
2448
3716
3829
3794
3538
3468
2091
1531
2211
2867
1794
3051
2868
3316
3345
2159
484
417
1337
1591
3625
1519
662
991
1862
2946
3331
2955
1569
1408
3411
992
3246
415
2345
3030
2681
2992
1340
1064
1213
1461
1808
4000
3920
3837
3768
3730
657
644
280
254
20
1641
964
2897
2719
1144
1583
2135
3501
3238
3027
647
3023
563
504
3823
2637
2709
558
3207
2498
1763
265
3930
2728
2846
3495
2642
2794
2171
3687
56
1675
805
2652
1282
1892
1360
2181
1992
879
3575
3982
3762
3605
3560
3222
783
695
372
293
2474
1220
1320
1212
1555
2249
2850
3231
3243
3275
3680
1482
3303
3448
3108
3168
1300
1201
1872
2924
579
3854
3747
2923
635
2371
1738
1106
1644
2475
2061
3663
3656
410
1315
231
31
2930
2686
2245
1533
2390
1452
2548
937
1022
130
3496
4031
4035
3503
3383
2838
825
661
624
603
309
137
951
2089
1754
511
969
1158
614
3326
3304
828
2659
523
3332
1056
463
2790
3048
1080
1221
2810
1444
1068
323
510
3292
2672
1198
3491
2940
1358
1811
3295
1964
1910
3820
3778
3743
3546
3126
361
318
144
2335
2320
1803
2149
3297
3244
3166
3064
1626
2664
3705
3130
427
43
1411
1010
1367
3202
1119
2027
1900
2775
2734
1138
1102
1850
1540
2421
1564
1252
1274
2023
80
305
4019
3955
3892
3310
3128
3067
2740
244
163
68
2412
2286
2170
2614
1037
1419
1656
1286
2391
1050
1846
3406
2502
1336
935
3263
1004
1015
2222
2163
2739
1668
559
1733
1882
2494
2531
3831
3670
770
842
3886
239
1261
458
3859
3738
3530
3485
3473
809
799
673
263
91
1982
2177
1504
2070
2586
2496
3129
1351
683
3209
2989
2932
2999
169
3092
161
423
404
1835
3782
3556
3526
3524
3218
616
586
14
2397
2991
3328
3122
2744
126
156
2378
1542
2997
1854
1506
1460
3259
1792
1567
3039
1627
1147
1150
950
1510
2051
1183
2321
81
160
234
251
258
267
333
377
696
3580
3657
3941
4004
4030
3989
3895
3853
3742
3678
3649
2834
895
803
771
753
743
670
583
306
52
17
2099
2256
2063
1967
2295
1654
2833
2904
1069
987
2937
2965
2285
2243
450
1865
1122
1541
222
3532
3869
1182
1405
1365
141
226
797
3459
3898
3925
574
1742
2698
2759
2945
1813
1259
1082
584
2976
2075
3550
815
617
522
266
168
6
1594
2301
2037
974
2908
1897
2296
3163
186
492
1237
2872
329
2675
3131
3907
3463
3447
3413
3338
857
592
472
2416
103
515
1256
2741
3518
3702
814
495
440
2262
3065
2875
1693
3162
1698
1200
1034
986
3158
1301
1915
2563
2217
165
233
613
714
721
3681
3952
3978
4002
4012
3939
3932
3855
3847
3791
3784
3630
3547
3512
3382
2961
2774
804
685
652
612
585
518
183
155
146
2160
1830
2632
905
1503
2265
1425
1762
1602
2234
2524
2964
1332
2389
531
2784
2585
2048
3194
3340
1734
3080
3356
3351
1234
1687
115
128
3061
3792
2110
596
1677
2267
1517
1751
994
41
295
587
659
794
2509
920
3226
2132
1246
4037
3875
3809
3776
3774
3720
3579
3555
3251
3071
2878
2688
716
663
45
2584
2349
1304
1699
1905
949
3010
2663
1169
3921
3234
2477
3410
751
3734
1789
1496
1871
3796
3714
3318
3200
3112
2857
554
533
2035
1557
1112
3450
2858
2832
2907
452
3877
2747
3334
1560
1386
352
1414
1719
1168
2113
955
2565
2481
1140
18
50
401
453
699
858
877
884
3544
3594
3641
