0
3748
4035
4022
3991
1262
674
668
624
2541
2079
316
70
37
2808
3885
3134
2788
3974
3935
3846
859
801
1096
3183
1560
3987
4019
3981
4000
4030
3996
4037
4036
4034
4033
4032
4029
4028
4026
4025
4024
4021
4018
4017
4016
4015
4012
4009
4008
4007
4006
4005
4003
4001
3999
3998
3997
3995
3994
3993
3992
3990
3988
3986
3985
3984
3983
3982
4027
4014
4023
4020
4004
4002
3980
4038
4013
153
1027
4031
4011
3989
605
665
577
675
643
640
627
615
603
598
588
1353
647
386
349
529
654
636
356
568
441
530
393
2182
1996
2483
2017
2230
2178
2439
2227
2041
1961
2535
2360
2051
2008
2113
2105
2070
2252
2099
2107
2204
2480
1944
2293
1942
2320
2622
2513
2444
2401
1982
1924
2305
2393
2454
2092
2474
2012
2403
1930
2452
2612
2453
2362
2242
2197
2066
1965
1960
2056
2652
2385
2281
2522
2606
2575
1923
2415
2222
2096
2075
2062
1981
2489
2103
2020
2412
2357
2388
2314
2023
1990
2540
2523
2373
2488
2129
2369
2287
1966
2473
2406
2366
2235
2232
2186
2134
2626
2365
2346
2097
2016
2604
2573
2392
2323
2244
2088
2083
1984
2654
2638
2623
2602
2600
2590
2563
2561
2556
2500
2464
2462
2433
2429
2410
2391
2354
2353
2309
2300
2299
2278
2229
2218
2201
2190
2188
2165
2131
2078
2030
2005
1979
1953
1943
1925
2434
2221
2003
1947
2587
1922
2657
2585
2011
167
32
282
256
71
159
328
205
218
78
86
275
4
179
35
2635
2502
2494
2284
2018
1995
1991
1973
1972
36
347
260
5
229
263
102
68
182
254
164
294
10
204
75
320
278
243
140
93
132
178
42
213
338
298
69
290
288
257
246
224
79
101
237
124
87
7
345
184
169
127
123
108
104
55
31
293
175
214
137
111
151
149
265
252
188
172
245
283
9
346
53
623
671
448
362
385
547
533
495
445
666
2629
2267
2185
2155
2151
3121
323
285
280
277
208
200
163
128
105
98
27
1276
1510
2609
2598
2592
2498
2461
2419
2413
2398
2377
2368
2292
2224
2199
2163
2127
2047
2010
1200
1690
1762
2608
2510
2458
2384
2338
2327
2198
2194
2183
2138
2132
2054
2007
1941
1920
1654
1248
1797
1439
1602
1892
1802
1186
901
1890
1202
1008
1372
1055
1194
1896
1306
1249
1252
1501
1682
1035
1748
1482
977
935
1213
974
1389
907
1441
1556
986
1039
1137
1432
1315
1499
1161
1402
1650
1236
1139
924
1880
1493
1378
1363
1232
1118
1749
1898
1831
1566
1056
1836
1811
1721
1618
1539
1538
1340
1181
1130
1876
1246
1241
1167
992
944
933
903
1900
1799
1610
1605
1293
1163
1092
999
960
1763
948
1818
1807
1709
1575
1497
1453
1247
1093
1068
1657
1788
1877
1867
1827
1804
1263
1438
1257
1309
1102
971
1530
1460
1123
1084
1083
927
1903
1857
1850
1742
1728
1680
1596
1587
1515
1462
1303
1284
1190
1108
1014
1273
962
1901
1871
1830
1716
1647
1595
1573
1526
1052
963
644
1859
1720
1148
1019
616
589
1744
1743
1318
528
1393
1278
1078
1870
352
1885
1506
1223
1217
1160
519
489
474
361
1778
1226
508
425
685
684
682
681
680
679
678
677
676
672
670
667
664
663
662
661
660
659
658
657
656
655
653
650
648
642
639
638
635
633
632
631
630
628
626
625
622
621
620
619
618
617
612
611
609
608
607
602
600
599
597
595
594
593
592
586
585
584
583
582
579
578
576
575
574
573
558
1630
1545
1469
1415
1259
1010
551
381
369
1897
1357
673
669
652
634
614
587
557
556
555
507
502
458
450
413
410
367
360
1692
1631
1408
436
434
1882
1855
1790
1694
1645
1616
1606
1529
1487
1475
1320
1012
976
930
544
515
430
417
572
571
570
569
565
564
562
560
554
552
550
549
548
546
545
543
541
540
539
537
536
535
534
532
531
523
522
521
518
516
514
512
511
510
509
506
505
504
503
501
500
499
498
496
494
493
492
491
490
488
487
486
485
482
481
480
479
478
477
476
473
470
469
468
467
466
464
463
462
459
457
455
454
453
452
449
447
446
444
443
442
440
438
437
435
433
432
431
429
427
426
424
422
421
418
415
411
409
408
407
406
405
404
403
401
400
399
398
397
396
395
394
390
387
384
383
382
380
379
378
377
375
372
371
368
365
364
363
359
358
357
355
354
351
350
198
34
2660
2659
2658
2656
2655
2653
2651
2650
2649
2648
2647
2646
2645
2644
2643
2642
2641
2640
2639
2637
2636
2634
2633
2632
2631
2630
2628
2627
2625
2624
2621
2620
2619
2618
2617
2616
2615
2614
2613
2611
2610
2607
2605
2603
2601
2599
2597
2596
2595
2594
2593
2591
2589
2588
2586
2584
2583
2582
2581
2580
2579
2578
2577
2576
2574
2572
2571
2570
2569
2568
2567
2566
2565
2564
2562
2560
2559
2558
2557
2555
2554
2553
2552
2551
2550
2549
2548
2547
2546
2545
2544
2543
2542
2539
2538
2537
2536
2534
2533
2532
2531
2530
2529
2528
2527
2526
2525
2524
2521
2520
2519
2518
2517
2516
2515
2514
2512
2511
2509
2508
2507
2506
2505
2504
2503
2501
2499
2497
2496
2495
2493
2492
2491
2490
2487
2486
2485
2484
2482
2481
2479
2478
2477
2476
2475
2472
2471
2469
2468
2467
2466
2465
2463
2460
2459
2457
2456
2455
2451
2450
2449
2448
2447
2446
2445
2443
2442
2441
2440
2438
2437
2436
2435
2432
2431
2430
2428
2427
2426
2425
2424
2423
2422
2421
2420
2418
2417
2416
2414
2411
2409
2408
2407
2405
2404
2402
2400
2399
2397
2396
2395
2394
2390
2389
2387
2386
2383
2382
2381
2380
2379
2378
2376
2375
2374
2372
2371
2370
2367
2364
2363
2361
2359
2358
2356
2355
2352
2351
2350
2349
2348
2347
2345
2344
2343
2342
2341
2340
2339
2337
2336
2335
2334
2333
2332
2331
2330
2329
2328
2326
2325
2324
2322
2321
2319
2318
2317
2316
2315
2313
2312
2311
2310
2308
2307
2306
2304
2303
2302
2301
2298
2297
2296
2295
2294
2291
2290
2289
2288
2286
2285
2283
2282
2280
2279
2277
2276
2275
2274
2273
2272
2271
2270
2269
2268
2266
2265
2264
2263
2262
2261
2260
2259
2258
2257
2256
2255
2254
2253
2251
2250
2249
2248
2247
2246
2245
2243
2241
2240
2239
2238
2237
2236
2234
2233
2231
2228
2226
2225
2223
2220
2219
2217
2216
2215
2214
2213
2212
2211
2210
2209
2208
2207
2206
2205
2203
2202
2200
2196
2195
2193
2192
2191
2189
2187
2184
2181
2180
2179
2177
2176
2175
2174
2173
2172
2171
2170
2169
2168
2167
2166
2164
2162
2161
2160
2159
2158
2157
2156
2154
2153
2152
2150
2149
2148
2147
2146
2145
2144
2143
2142
2141
2140
2139
2137
2136
2135
2133
2130
2128
2126
2125
2124
2123
2122
2121
2120
2119
2118
2117
2116
2115
2114
2112
2111
2110
2109
2108
2106
2104
2102
2101
2100
2098
2095
2094
2093
2091
2090
2089
2087
2086
2085
2084
2082
2081
2080
2077
2076
2074
2073
2072
2071
2069
2068
2067
2065
2064
2063
2061
2060
2059
2058
2057
2055
2053
2052
2050
2049
2048
2046
2045
2044
2043
2042
2040
2039
2038
2037
2036
2035
2034
2033
2032
2031
2029
2028
2027
2026
2025
2024
2022
2021
2019
2015
2014
2013
2009
2006
2004
2002
2001
2000
1999
1998
1997
1994
1993
1992
1989
1988
1987
1986
1985
1983
1980
1978
1977
1976
1975
1974
1971
1970
1969
1968
1964
1963
1962
1959
1958
1957
1956
1955
1954
1952
1951
1950
1949
1948
1946
1945
1940
1939
1938
1937
1936
1935
1934
1933
1932
1931
1929
1928
1927
1926
1921
1919
1918
1917
1916
1915
1914
1913
344
343
342
341
340
339
337
336
335
334
333
332
331
330
329
327
326
325
324
322
321
319
318
317
315
314
313
312
311
310
309
308
307
306
305
304
303
302
301
300
299
297
296
295
291
289
287
286
284
281
279
276
274
273
272
271
270
268
267
266
264
262
261
259
258
255
253
251
250
249
248
247
244
242
241
240
239
238
236
235
234
233
232
231
230
228
227
226
225
223
222
221
220
219
216
212
211
210
209
207
206
203
202
201
199
197
196
195
194
193
192
191
190
187
186
185
183
181
180
177
176
174
173
170
168
166
165
162
161
160
158
157
156
155
154
152
148
147
146
145
144
143
142
141
139
138
136
135
134
133
131
130
129
126
125
122
121
120
118
117
116
115
114
113
112
110
109
106
103
100
99
97
96
95
94
92
91
90
89
88
85
84
83
82
81
80
77
76
74
73
72
67
66
65
64
63
62
61
60
59
57
56
54
52
51
50
49
48
47
46
45
44
43
41
40
39
38
33
30
29
28
26
25
24
23
22
21
20
19
18
17
16
15
14
13
12
11
8
6
3
2
1
3959
683
651
646
645
610
604
591
590
561
559
553
542
527
525
524
520
513
497
483
472
471
465
461
460
456
451
439
423
420
419
416
412
402
392
391
388
374
373
370
1507
1023
1203
1774
1902
1795
1750
1659
1571
1554
1551
1522
1491
1483
1431
1391
1380
1334
1331
1269
1243
1126
1101
1047
1028
928
1445
978
908
1718
1433
1251
3407
3105
3408
3282
3322
3266
2952
3368
3030
2834
3161
3338
3331
3128
3216
3203
3421
3388
3012
2882
3053
3425
3016
2884
3271
3074
2817
3075
2895
3327
2961
3260
3021
2904
3180
2713
3048
3024
3273
3223
3221
2934
2892
2737
2824
3393
2831
2747
3415
3101
2859
2779
3294
2931
3323
3189
2686
2675
3067
2818
2811
3234
3246
3303
2967
2682
3275
3196
3100
2723
3194
3089
3046
2785
3405
3257
3123
3036
2945
2837
2741
3228
3129
3435
3433
3293
2986
2929
2906
2862
2810
2681
3052
3396
3258
2797
2708
2684
3283
2703
3301
3232
3056
2974
2920
2913
2908
2880
2800
2754
2745
2694
2664
3117
2946
3384
3096
3004
2956
2851
2839
2750
2717
2676
3342
3214
2955
2730
3430
3114
2890
2738
3177
3118
3027
2984
2804
2753
2716
3351
3350
3330
3280
3182
3116
3102
3070
3060
3038
2853
2828
2674
3432
1305
3355
1670
1519
1317
3278
1561
1140
3034
2971
1858
1440
3168
2962
2869
1467
1272
2677
1883
995
3248
3222
3057
1678
1666
1505
2704
1387
217
189
150
119
1911
1910
1909
1908
1907
1906
1905
1904
1899
1895
1894
1893
1891
1889
1888
1887
1886
1884
1881
1879
1878
1875
1874
1873
1872
1869
1868
1866
1865
1864
1863
1862
1861
1860
1856
1854
1853
1852
1851
1849
1848
1846
1845
1844
1843
1842
1841
1840
1839
1838
1837
1835
1833
1832
1829
1828
1826
1824
1823
1822
1821
1820
1819
1817
1816
1815
1814
1813
1812
1810
1809
1808
1805
1801
1800
1798
1796
1794
1793
1792
1791
1789
1787
1786
1785
1784
1783
1782
1781
1780
1779
1777
1776
1775
1773
1772
1771
1770
1769
1768
1767
1766
1765
1764
1761
1760
1759
1757
1756
1755
1754
1753
1752
1751
1747
1746
1745
1741
1740
1739
1738
1737
1736
1735
1734
1733
1732
1731
1730
1729
1727
1726
1725
1724
1723
1722
1717
1715
1714
1713
1712
1711
1710
1708
1707
1706
1705
1704
1703
1702
1701
1700
1699
1698
1697
1696
1695
1693
1691
1689
1688
1686
1685
1683
1681
1679
1677
1676
1675
1674
1673
1672
1671
1669
1668
1667
1665
1664
1663
1662
1661
1660
1658
1655
1653
1652
1651
1649
1648
1646
1644
1643
1641
1640
1639
1638
1637
1636
1635
1634
1633
1632
1629
1628
1627
1626
1625
1624
1623
1622
1621
1620
1619
1617
1615
1614
1613
1612
1611
1609
1608
1607
1604
1603
1601
1600
1599
1598
1597
1594
1592
1591
1590
1589
1586
1585
1584
1583
1582
1581
1580
1579
1578
1577
1576
1574
1572
1570
1569
1568
1565
1564
1563
1562
1559
1558
1557
1552
1550
1549
1548
1547
1546
1544
1543
1542
1541
1540
1536
1535
1533
1532
1531
1528
1527
1525
1524
1523
1521
1520
1517
1516
1514
1513
1512
1511
1509
1508
1504
1503
1502
1500
1498
1496
1495
1492
1490
1489
1488
1486
1485
1484
1481
1480
1479
1478
1477
1476
1474
1473
1472
1471
1470
1468
1466
1465
1464
1463
1461
1459
1458
1457
1456
1455
1454
1452
1451
1449
1448
1447
1446
1444
1443
1442
1437
1436
1435
1434
1430
1429
1428
1427
1426
1425
1424
1423
1422
1418
1417
1416
1414
1413
1412
1411
1410
1409
1407
1406
1404
1403
1401
1400
1399
1398
1397
1396
1395
1394
1392
1390
1388
1386
1385
1384
1383
1382
1381
1379
1377
1376
1375
1374
1373
1371
1370
1369
1368
1367
1366
1365
1364
1362
1361
1360
1359
1358
1356
1355
1354
1352
1351
1350
1349
1348
1347
1346
1345
1344
1343
1342
1341
1339
1338
1337
1336
1335
1333
1332
1330
1329
1327
1326
1325
1324
1323
1322
1321
1319
1316
1314
1313
1312
1311
1310
1308
1304
1302
1301
1300
1299
1298
1297
1296
1295
1294
1292
1291
1290
1289
1288
1287
1286
1285
1283
1282
1281
1280
1279
1277
1275
1271
1270
1268
1267
1266
1265
1264
1261
1260
1258
1256
1255
1254
1253
1250
1245
1244
1242
1240
1239
1238
1237
1235
1234
1233
1231
1230
1229
1228
1227
1225
1224
1222
1221
1220
1219
1218
1216
1215
1214
1212
1211
1210
1209
1208
1207
1205
1204
1201
1199
1198
1197
1196
1195
1192
1191
1189
1188
1185
1184
1183
1182
1180
1179
1178
1177
1176
1175
1174
1173
1172
1170
1169
1168
1166
1164
1162
1159
1158
1157
1156
1155
1154
1153
1152
1151
1150
1149
1147
1146
1145
1144
1143
1142
1141
1138
1135
1134
1133
1132
1131
1129
1128
1127
1125
1124
1122
1121
1120
1119
1117
1116
1115
1114
1113
1112
1111
1110
1109
1107
1106
1105
1104
1103
1100
1099
1097
1095
1094
1091
1090
1089
1087
1086
1082
1081
1080
1079
1077
1076
1075
1074
1073
1072
1071
1070
1069
1067
1066
1065
1064
1063
1062
1061
1060
1059
1058
1057
1054
1053
1051
1050
1049
1048
1046
1045
1044
1043
1042
1041
1040
1038
1037
1036
1034
1033
1032
1031
1030
1029
1026
1025
1024
1022
1021
1020
1018
1017
1016
1015
1013
1011
1009
1007
1006
1005
1004
1003
1002
1001
1000
998
997
996
994
993
991
989
988
987
985
984
983
982
981
980
979
975
973
972
970
969
968
967
966
965
964
961
959
958
957
956
955
954
953
952
951
950
949
947
946
945
943
942
941
940
939
938
937
936
934
932
931
929
926
925
923
922
921
920
919
917
916
915
914
913
912
911
910
909
906
905
904
902
900
899
898
897
896
649
641
637
629
606
601
596
580
566
563
538
526
517
484
475
428
414
389
376
366
353
348
2814
1912
269
3781
3744
3795
3749
3653
3560
3665
3489
3848
3770
3503
3818
3683
3643
3670
3905
3808
3859
3541
3445
3887
3664
3694
3608
3579
3511
3936
3472
3700
3671
3711
3771
3790
3462
3870
3591
3901
3832
3562
3649
3639
3516
3791
3747
3696
3655
3500
3565
3868
3485
3561
3927
3866
3758
3534
3532
3652
3837
3759
3708
3777
3554
3510
3924
3680
3972
3915
3900
3829
3443
3782
3903
3822
3506
3773
3588
567
3528
3527
3624
3531
3849
3742
3918
3876
3850
3778
3685
3678
3597
3536
3780
3755
3716
3610
3828
3656
3654
3514
3520
3484
1847
1825
1806
1803
1719
1687
1593
1588
1567
1555
1553
1537
1518
1494
1421
1420
1328
1307
1274
1193
1187
1165
1136
1098
1088
3436
3434
3431
3429
3428
3427
3426
3424
3423
3422
3420
3419
3418
3417
3416
3414
3413
3412
3411
3410
3409
3406
3404
3403
3402
3401
3400
3399
3398
3397
3395
3394
3392
3391
3390
3389
3387
3386
3385
3383
3382
3381
3380
3379
3378
3377
3376
3374
3373
3372
3371
3370
3369
3367
3366
3365
3364
3363
3362
3361
3360
3359
3358
3357
3356
3354
3353
3352
3349
3348
3347
3346
3345
3344
3343
3341
3340
3339
3337
3336
3335
3334
3333
3332
3329
3328
3326
3325
3324
3321
3320
3319
3318
3317
3316
3315
3314
3313
3312
3311
3310
3309
3308
3307
3306
3305
3304
3302
3300
3299
3298
3297
3296
3295
3292
3291
3290
3289
3288
3287
3286
3285
3284
3281
3279
3277
3276
3274
3272
3270
3269
3268
3267
3265
3264
