0
4035
1145
801
692
15
335
209
1206
3031
2596
668
3453
608
892
749
4036
4034
3992
3999
4017
4031
4037
4033
4032
4030
4029
4028
4027
4026
4025
4024
4023
4021
4020
4019
4018
4016
4015
4014
4013
4012
4011
4010
4009
4007
4006
4005
4004
4003
4002
4001
4000
3998
3997
3996
3995
3994
3993
3991
3990
3988
3987
3986
3985
3984
3983
3982
3981
4038
3980
3989
750
785
832
775
841
826
821
866
874
710
880
803
770
763
720
853
784
722
820
807
792
781
730
705
694
855
854
852
851
850
849
848
847
846
845
844
843
842
840
839
838
837
836
835
834
833
831
829
827
824
822
819
818
817
816
815
814
813
812
809
808
806
802
799
797
796
795
794
793
791
790
789
788
787
786
783
782
780
779
778
777
776
773
772
771
768
767
766
765
764
762
761
760
759
758
757
756
755
754
753
752
751
748
746
744
743
742
741
740
739
738
737
736
735
734
733
732
731
728
727
726
725
724
723
721
718
717
716
715
714
712
711
709
707
706
704
702
701
700
699
697
696
695
693
691
690
689
688
687
3854
894
893
891
890
889
888
887
886
885
884
883
882
881
879
878
877
876
875
873
872
870
869
867
864
863
861
860
859
858
856
830
828
825
823
811
810
805
804
800
798
774
769
747
745
729
719
713
708
703
686
895
3619
3694
3910
3637
3565
3787
3749
3477
3816
3806
3689
3953
3659
3603
3567
3818
3979
3589
3522
3815
3523
3890
3739
3541
3473
3922
3439
3631
3558
3834
3671
3573
3562
3852
3598
3902
3702
3520
3825
3927
3534
3532
3583
3836
3708
3675
3714
3934
3452
3881
3786
3602
3568
3945
3763
3564
3810
3719
3493
3831
3750
3461
3827
3769
3731
3497
3948
3930
3889
3800
3527
3814
3490
3725
3956
3464
3918
3865
3850
3791
3698
3526
3662
3971
3760
3734
3517
698
871
868
865
3943
3721
3684
3561
3550
3525
1176
1276
468
4022
4008
3551
3880
3605
3978
3977
3976
3975
3974
3973
3972
3970
3969
3968
3967
3966
3965
3964
3963
3962
3960
3959
3958
3957
3955
3954
3952
3951
3950
3949
3947
3946
3944
3942
3941
3940
3939
3938
3937
3936
3935
3933
3932
3931
3929
3928
3926
3925
3924
3923
3921
3920
3919
3917
3916
3915
3914
3913
3912
3911
3909
3908
3907
3906
3905
3904
3903
3901
3900
3899
3898
3897
3896
3895
3894
3893
3892
3891
3888
3887
3886
3885
3884
3883
3882
3879
3878
3877
3876
3875
3874
3873
3872
3871
3870
3869
3868
3867
3866
3864
3863
3862
3860
3859
3858
3857
3856
3855
3851
3849
3848
3847
3846
3845
3844
3843
3842
3841
3840
3839
3838
3837
3835
3833
3832
3830
3829
3828
3826
3824
3823
3822
3821
3820
3819
3817
3813
3812
3811
3809
3808
3807
3805
3804
3803
3802
3801
3799
3798
3797
3796
3795
3794
3793
3792
3790
3789
3788
3785
3784
3783
3782
3781
3780
3779
3778
3777
3776
3775
3774
3773
3772
3771
3770
3768
3767
3766
3765
3764
3762
3761
3759
3758
3757
3756
3755
3754
3753
3752
3751
3748
3747
3746
3745
3744
3743
3742
3741
3740
3738
3737
3736
3735
3733
3732
3730
3729
3728
3727
3726
3724
3722
3720
3718
3717
3716
3715
3713
3712
3711
3710
3709
3707
3706
3705
3704
3703
3701
3700
3699
3697
3696
3695
3693
3692
3691
3690
3688
3687
3686
3685
3683
3682
3681
3680
3679
3678
3677
3676
3674
3673
3672
3670
3669
3668
3667
3666
3665
3664
3663
3661
3660
3658
3657
3656
3655
3654
3653
3652
3651
3650
3649
3648
3647
3646
3645
3644
3643
3642
3641
3640
3639
3638
3636
3635
3634
3633
3632
3630
3629
3628
3627
3626
3625
3624
3623
3622
3621
3620
3618
3617
3616
3615
3614
3613
3612
3611
3610
3609
3608
3607
3606
3604
3601
3600
3599
3597
3596
3595
3594
3593
3592
3591
3590
3588
3587
3586
3585
3584
3582
3581
3580
3579
3578
3577
3576
3575
3574
3572
3571
3570
3569
3566
3563
3560
3559
3557
3556
3555
3554
3553
3552
3549
3548
3547
3546
3545
3544
3543
3542
3540
3539
3538
3537
3536
3535
3533
3531
3530
3529
3528
3524
3521
3519
3518
3516
3515
3514
3513
3512
3511
3510
3509
3508
3507
3506
3505
3504
3503
3502
3501
3500
3499
3498
3496
3495
3494
3492
3491
3489
3488
3486
3485
3484
3483
3482
3481
3480
3479
3478
3476
3475
3474
3472
3471
3470
3469
3468
3467
3466
3465
3463
3462
3460
3459
3458
3457
3456
3455
3451
3450
3449
3448
3447
3446
3445
3444
3443
3442
3441
3440
3438
862
857
1558
1065
1270
1776
1599
1411
1295
1693
1394
1489
1105
1002
1586
1046
1057
1039
1579
1085
1443
1328
1360
970
1903
1784
1424
1591
1346
1244
1907
1764
1704
971
1838
1061
1093
1068
910
1111
1771
1568
1378
1118
1097
958
938
969
1635
1502
1459
1417
1315
1286
1282
1257
988
1204
1060
672
1859
1229
1129
655
595
681
650
643
627
611
603
636
2442
2595
2382
1937
2441
2621
1933
2217
2402
2558
2450
2113
2634
1996
2622
2513
2262
2497
2265
2503
2360
2248
2651
2505
2535
2577
2089
2245
2469
2060
2523
2388
2373
2361
1936
2335
2164
2129
2553
2276
2213
2607
2556
2485
2484
2404
2359
2258
2201
1962
2146
2114
2162
2604
2524
1321
1088
1336
1083
1891
1877
1717
1618
1340
1339
1198
1845
1714
1389
1230
1791
1621
1605
1370
1302
1288
1149
1047
1028
1006
1004
983
972
960
1710
1644
1209
1899
1894
1875
1850
1751
1732
1406
1324
1284
1261
429
572
453
386
380
377
656
509
1281
1032
1901
964
1306
1213
1904
1531
1785
1745
1159
1127
954
1825
1866
1888
1685
1222
1898
1856
1774
1772
1553
1078
1056
959
1768
1570
1540
1517
1470
1331
1280
1274
1084
3407
2722
3376
2926
3408
3282
2799
2963
2860
3388
3159
2886
3368
3063
2930
3227
2685
3405
2876
3144
3109
3208
3317
2858
2771
2736
2997
2983
3059
2888
3072
2817
2852
3143
3416
3315
3294
3254
3251
3346
2801
2768
3166
2766
3379
3266
3224
3367
3281
3035
3402
3287
3260
3393
3312
3223
3285
2663
2795
2780
3133
3062
2954
2859
3067
2820
3303
3213
2928
3275
2723
3360
3217
2854
2807
2794
2775
3417
3073
3046
2929
2924
2887
2756
2994
3253
3189
3150
2999
2932
2871
3296
3288
3204
3132
3051
2863
2849
2661
3436
2763
3411
3182
3113
3076
2937
2881
2778
3311
3309
2972
2959
2703
2761
3341
3307
3276
3043
3349
2868
2784
3047
3033
3026
2689
3342
3249
3107
3017
2844
2843
3387
3363
3339
3142
3108
2986
2940
2910
2908
2872
2835
2698
3192
2830
2728
2825
1858
3385
1441
1317
1150
2764
1552
3386
1477
1087
1008
991
923
2971
1843
1437
3404
3304
2962
1639
1255
3248
3057
1200
1727
1690
1634
1444
1225
1166
1042
917
1343
939
1106
1248
1743
1453
1636
1602
1573
1235
1086
592
587
3961
3861
3723
3487
3454
3437
459
407
382
953
371
403
354
490
534
477
518
505
569
440
409
365
478
418
630
536
369
680
528
463
646
565
420
1767
555
539
1882
1349
471
1911
1910
1906
1905
1902
1900
1897
1896
1895
1893
1892
1890
1889
1887
1886
1885
1884
1881
1880
1879
1878
1876
1874
1873
1872
1871
1870
1869
1868
1867
1865
1864
1863
1862
1861
1860
1857
1855
1854
1853
1851
1849
1848
1847
1846
1842
1841
1840
1839
1837
1835
1834
1833
1832
1831
1830
1829
1828
1827
1826
1824
1823
1822
1821
1820
1819
1818
1816
1815
1814
1813
1812
1811
1810
1809
1808
1807
1806
1805
1804
1803
1802
1801
1800
1799
1798
1797
1796
1795
1794
1793
1792
1790
1789
1788
1787
1786
1783
1781
1780
1779
1775
1770
1766
1765
1763
1762
1761
1760
1759
1757
1756
1755
1754
1753
1752
1750
1749
1748
1747
1746
1744
1742
1741
1739
1738
1737
1736
1735
1734
1733
1731
1730
1729
1728
1725
1724
1723
1722
1721
1720
1719
1716
1715
1713
1712
1711
1709
1708
1707
1706
1705
1702
1701
1700
1699
1698
1697
1696
1695
1691
1689
1688
1687
1686
1683
1682
1681
1680
1679
1678
1677
1676
1675
1674
1673
1672
1670
1669
1668
1667
1665
1664
1662
1661
1660
1659
1658
1657
1655
1654
1653
1652
1651
1650
1649
1648
1647
1646
1645
1643
1641
1640
1638
1637
1633
1632
1631
1630
1629
1628
1627
1623
1622
1620
1619
1616
1615
1614
1613
1612
1611
1610
1609
1608
1607
1606
1604
1603
1601
1600
1598
1597
1596
1595
1594
1593
1592
1590
1589
1588
1587
1585
1584
1583
1582
1581
1580
1578
1576
1575
1572
1571
1569
1567
1566
1564
1563
1562
1561
1560
1559
1557
1556
1555
1554
1551
1550
1548
1547
1546
1544
1543
1542
1541
1539
1538
1537
1535
1533
1532
1530
1529
1528
1527
1526
1524
1523
1522
1521
1520
1519
1518
1516
1515
1514
1513
1511
1510
1508
1507
1506
1504
1503
1501
1500
1499
1498
1497
1496
1495
1494
1493
1492
1491
1490
1488
1487
1484
1483
1482
1481
1480
1479
1478
1476
1475
1474
1473
1472
1471
1469
1468
1467
1466
1464
1463
1462
1461
1460
1457
1456
1455
1454
1452
1451
1449
1448
1447
1445
1442
1439
1438
1436
1435
1434
1433
1432
1431
1430
1429
1428
1426
1423
1422
1421
1420
1418
1416
1415
1414
1413
1410
1409
1407
1404
1403
1402
1401
1400
1399
1398
1397
1396
1395
1393
1392
1391
1390
1388
1386
1385
1384
1383
1382
1381
1380
1379
1377
1375
1374
1373
1372
1371
1368
1367
1366
1365
1364
1363
1362
1359
1357
1356
1355
1354
1353
1351
1350
1348
1347
1345
1344
1342
1341
1337
1335
1333
1330
1329
1327
1325
1323
1322
1319
1318
1316
1314
1310
1309
1308
1307
1305
1304
1303
1301
1299
1298
1296
1293
1292
1291
1290
1289
1287
1285
1283
1279
1278
1277
1275
1273
1272
1271
1269
1268
1267
1266
1265
1264
1263
1262
1260
1259
1258
1256
1254
1253
1252
1251
1250
1249
1247
1246
1245
1243
1242
1241
1240
1239
1238
1236
1234
1233
1232
1231
1227
1223
1221
1220
1219
1218
1217
1216
1215
1214
1212
1211
1208
1207
1205
1203
1202
1201
1199
1197
1195
1194
1193
1192
1191
1190
1189
1188
1187
1186
1185
1184
1183
1181
1180
1178
1177
1175
1174
1173
1172
1170
1169
1168
1167
1164
1163
1162
1161
1160
1158
1157
1156
1155
1154
1153
1152
1148
1147
1146
1144
1143
1141
1140
1139
1138
1137
1136
1135
1134
1133
1132
1131
1130
1128
1125
1124
1123
1122
1121
1120
1119
1117
1116
1115
1112
1110
1109
1108
1107
1104
1103
1102
1101
1100
1099
1098
1096
1095
1094
1092
1091
1090
1089
1082
1081
1080
1079
1076
1075
1073
1072
1071
1069
1067
1066
1064
1063
1062
1059
1055
1054
1052
1051
1050
1049
1048
1045
1044
1043
1041
1040
1038
1036
1034
1033
1031
1030
1027
1026
1024
1022
1021
1020
1019
1018
1017
1016
1015
1014
1012
1011
1009
1007
1005
1003
1001
1000
999
998
997
996
994
993
992
989
987
986
985
984
982
981
980
979
978
977
976
975
974
973
968
967
966
965
963
961
957
956
955
952
951
950
949
947
946
945
944
943
942
941
940
937
936
935
934
933
932
931
930
929
928
927
926
922
920
919
918
914
913
912
909
908
907
906
905
903
902
901
900
899
898
897
896
1694
1023
685
684
682
679
678
677
675
674
673
671
670
666
665
664
663
662
661
660
659
658
657
654
653
652
648
647
645
644
642
640
639
638
637
635
634
633
632
631
629
628
626
625
624
623
622
621
620
619
618
617
616
615
613
612
610
606
605
602
600
599
598
597
596
593
590
589
588
586
585
584
583
582
581
580
579
578
577
576
575
574
573
553
422
376
2443
2654
2602
2600
2521
2507
2506
2462
2433
2428
2414
2381
2370
2369
2218
2188
2140
2112
2046
2040
2020
2005
2295
2584
2395
2303
2184
2056
2480
2231
2646
2400
2355
2641
2557
2310
2496
2252
2429
2427
1981
2293
2221
2057
2637
2145
2050
2346
2192
1928
2522
2659
2116
2011
1959
1940
2652
2096
2003
2351
2612
2473
2318
2214
2101
2036
1964
1941
2658
2657
2656
2655
2650
2648
2645
2644
2642
2640
2639
2638
2633
2632
2631
2630
2628
2627
2626
2625
2624
2623
2620
2619
2618
2615
2614
2613
2611
2610
2609
2608
2606
2605
2603
2601
2599
2597
2594
2593
2592
2591
2590
2587
2586
2585
2581
2580
2579
2578
2576
2575
2574
2573
2572
2570
2569
2568
2567
2566
2565
2564
2563
2562
2561
2560
2559
2554
2552
2551
2550
2549
2548
2546
2545
2544
2542
2541
2540
2539
2537
2536
2534
2533
2532
2531
2530
2528
2527
2526
2525
2520
2519
2518
2517
2516
2515
2514
2504
2501
2500
2499
2495
2493
2492
2490
2489
2488
2487
2486
2483
2482
2481
2479
2478
2477
2476
2474
2472
2468
2467
2466
2465
2464
2460
2456
2455
2454
2453
2452
2451
2449
2448
2446
2444
2440
2439
2438
2437
2435
2434
2432
2431
2430
2426
2425
2424
2423
2422
2421
2420
2418
2416
2415
2413
2412
2411
2410
2409
2408
2407
2406
2405
2403
2401
2398
2397
2396
2393
2392
2391
2390
2389
2387
2386
2385
2383
2380
2379
2377
2376
2375
2374
2372
2371
2367
2366
2365
2363
2362
2358
2357
2356
2354
2353
2352
2350
2349
2348
2347
2345
2342
2341
2340
2339
2338
2334
2333
2332
2331
2329
2327
2326
2324
2323
2322
2321
2320
2317
2316
2315
2314
2313
2312
2311
2309
2308
2307
2306
2305
2304
2302
2301
2300
2299
2298
2297
2296
2291
2290
2288
2287
2286
2285
2281
2280
2278
2277
2275
2274
2273
2272
2271
2270
2266
2263
2261
2260
2259
2257
2256
2255
2253
2251
2249
2244
2243
2242
2240
2238
2237
2236
2235
2234
2233
2232
2230
2229
2228
2227
2226
2222
2220
2219
2216
2215
2212
2211
2210
2209
2208
2207
2206
2205
2204
2202
2200
2197
2195
2194
2193
2191
2190
2186
2182
2181
2179
2178
2177
2176
2175
2173
2172
2170
2168
2167
2166
2165
2163
2161
2160
2159
2158
2156
2154
2152
2150
2147
2142
2141
2139
2138
2137
2136
2134
2131
2130
2126
2124
2123
2122
2121
2120
2119
2118
2115
2110
2109
2108
2107
2106
2105
2104
2103
2100
2099
2098
2097
2095
2094
2093
2092
2091
2090
2088
2086
2085
2084
2083
2082
2080
2078
2077
2076
2075
2074
2073
2070
2069
2067
2066
2065
2064
2063
2062
2061
2059
2058
2055
2053
2051
2049
2048
2047
2045
2044
2043
2041
2039
2037
2035
2034
2033
2030
2029
2026
2025
2023
2022
2021
2019
2017
2016
2015
2014
2013
2012
2009
2008
2006
2002
2000
1999
1997
1994
1993
1992
1990
1989
1988
1987
1986
1985
1984
1983
1982
1980
1979
1978
1977
1976
1975
1974
1973
1971
1970
1969
1968
1967
1966
1965
1963
1961
1960
1958
1957
1956
1953
1952
1950
1949
1946
1944
1943
1942
1938
1935
1934
1931
1930
1929
1927
1925
1924
1923
1922
1921
1919
1918
1917
1916
1915
1914
1913
2616
2588
2582
2555
2512
2509
2508
2419
2399
2394
2368
2344
2343
2336
2330
2328
2325
2294
2282
2246
2241
2239
2198
2196
2187
2185
2180
2169
2155
2151
2149
2148
2144
2143
2132
2125
2087
2068
2052
2031
2028
2010
2007
1954
1948
1947
1920
1909
1852
1836
1817
1782
1769
1663
1626
1617
1577
1509
1485
1465
1458
1440
1376
1369
1361
1352
1334
1312
1196
1182
1165
1126
925
921
