702
874
1936
2400
2986
3171
3355
795
2851
3078
17
112
326
584
603
739
879
1295
1538
2324
2933
3016
3021
3037
3424
3480
3844
3990
4038
50
68
113
175
994
1047
1121
1177
1267
1433
1830
1987
2405
2432
2600
2601
2620
2635
2771
2821
2896
3050
3312
3380
3538
3620
3743
3877
3933
27
92
265
292
348
384
397
439
498
531
635
684
705
712
723
735
801
830
856
880
951
959
969
980
1125
1186
1192
1198
1213
1247
1395
1397
1406
1441
1472
1584
1615
1717
1723
1730
1775
1790
1923
1963
1971
2067
2119
2138
2145
2151
2152
2342
2355
2472
2504
2516
2569
2592
2698
2773
2817
2842
2872
2932
2938
2953
2993
2994
2998
3028
3060
3068
3101
3118
3147
3173
3209
3233
3256
3276
3311
3315
3329
3471
3502
3506
3539
3550
3584
3604
3615
3641
3652
3655
3683
3752
3791
3846
3853
3909
3917
3961
3999
6
24
36
38
45
61
66
140
148
161
169
213
222
228
235
241
252
304
318
320
335
347
365
377
387
409
424
429
454
486
505
562
571
574
607
627
661
680
686
774
789
805
815
816
826
854
894
917
926
938
952
1018
1092
1105
1113
1131
1160
1180
1202
1246
1286
1304
1322
1328
1373
1405
1470
1502
1515
1535
1545
1556
1581
1593
1598
1631
1682
1688
1692
1703
1729
1740
1742
1756
1758
1763
1770
1772
1776
1811
1813
1823
1838
1851
1858
1906
1910
1943
1952
2016
2018
2036
2045
2076
2088
2093
2118
2129
2132
2148
2153
2166
2171
2184
2187
2215
2248
2278
2363
2389
2394
2396
2407
2431
2467
2470
2487
2517
2528
2539
2564
2566
2578
2588
2595
2657
2677
2680
2712
2725
2739
2746
2775
2785
2791
2803
2805
2843
2847
2849
2947
2969
2991
3013
3027
3036
3049
3093
3104
3142
3164
3225
3278
3285
3286
3291
3313
3358
3364
3379
3385
3402
3423
3439
3441
3454
3489
3542
3551
3580
3595
3631
3658
3665
3671
3695
3699
3711
3722
3731
3735
3739
3753
3755
3763
3769
3775
3783
3795
3870
3888
3908
3913
3948
3976
3986
4017
4023
4024
10
16
21
35
51
52
57
67
73
77
84
88
94
96
109
110
115
116
142
168
178
195
198
207
219
225
233
240
261
262
296
310
315
327
360
381
388
389
392
410
422
435
455
471
495
514
540
555
591
596
599
601
615
621
624
628
636
645
676
694
696
715
720
722
726
730
731
736
737
741
749
752
754
762
771
775
778
780
804
806
809
834
859
860
864
876
893
906
910
914
922
927
941
960
971
1006
1023
1028
1036
1049
1061
1067
1096
1112
1118
1149
1152
1153
1170
1176
1179
1187
1191
1214
1226
1228
1230
1253
1275
1276
1277
1291
1306
1315
1317
1323
1326
1331
1350
1351
1354
1383
1393
1410
1413
1416
1423
1431
1443
1445
1449
1453
1476
1477
1498
1501
1510
1513
1517
1521
1524
1525
1531
1541
1546
1550
1571
1573
1578
1580
1588
1601
1604
1607
1611
1616
1618
1619
1626
1630
1635
1637
1654
1655
1665
1707
1709
1737
1741
1745
1764
1774
1780
1793
1796
1800
1810
1828
1837
1842
1844
1845
1862
1871
1885
1890
1905
1924
1935
1968
1974
1979
1986
1991
1992
1997
1998
2003
2006
2007
2017
2022
2033
2034
2035
2040
2051
2052
2055
2058
2063
2073
2075
2078
2079
2084
2095
2130
2162
2205
2216
2218
2219
2220
2223
2227
2258
2260
2264
2283
2315
2361
2382
2399
2408
2419
2422
2430
2437
2451
2459
2463
2469
2473
2478
2512
2515
2525
2536
2538
2556
2565
2574
2598
2599
2604
2621
2626
2630
2631
2636
2643
2648
2656
2683
2737
2738
2751
2752
2755
2757
2767
2778
2779
2789
2794
2808
2864
2871
2892
2895
2902
2913
2918
2937
2940
2974
2980
2983
3012
3029
3032
3033
3044
3057
3076
3094
3107
3119
3120
3136
3156
3158
3190
3191
3192
3198
3207
3222
3228
3234
3235
3238
3240
3245
3288
3334
3350
3361
3378
3392
3400
3418
3420
3429
3430
3440
3445
3448
3456
3463
3464
3466
3497
3520
3525
3529
3544
3571
3575
3599
3603
3605
3621
3622
3627
3630
3647
3672
3676
3677
3687
3696
3748
3750
3762
3765
3782
3788
3801
3809
3831
3841
3848
3858
3863
3881
3886
3904
3916
3919
3928
3951
3954
3956
3959
3966
3972
3979
3984
3988
3995
4005
4035
11
15
18
19
37
47
58
74
76
79
93
102
105
126
131
137
144
150
163
164
171
176
179
182
183
185
186
189
190
199
208
210
215
234
237
245
251
255
259
260
266
270
271
276
285
289
294
300
311
312
321
323
324
325
332
336
351
355
357
373
376
394
395
396
414
416
417
421
430
431
433
443
446
456
464
467
474
476
491
493
501
503
506
509
515
518
523
528
530
536
541
544
545
547
550
559
561
577
580
582
587
589
592
600
616
625
626
631
632
639
667
668
669
670
698
711
717
718
728
732
750
766
767
768
769
792
798
817
824
832
833
848
861
865
871
882
886
897
898
904
905
909
911
916
931
932
936
937
948
954
967
978
981
982
987
998
1000
1016
1019
1020
1034
1041
1042
1050
1065
1068
1069
1070
1085
1099
1104
1110
1111
1115
1135
1136
1138
1148
1151
1158
1163
1164
1193
1200
1201
1211
1219
1220
1221
1227
1250
1254
1256
1262
1268
1280
1281
1284
1289
1293
1305
1329
1340
1353
1360
1363
1367
1371
1376
1386
1390
1394
1396
1404
1411
1412
1414
1415
1425
1426
1427
1440
1447
1457
1484
1492
1496
1511
1518
1527
1530
1547
1548
1552
1554
1555
1557
1561
1577
1579
1590
1603
1605
1636
1640
1643
1652
1653
1658
1659
1668
1669
1672
1673
1674
1680
1690
1700
1706
1708
1712
1719
1726
1733
1734
1739
1747
1749
1754
1784
1787
1795
1797
1807
1826
1834
1843
1847
1848
1854
1855
1861
1865
1866
1868
1873
1876
1879
1882
1889
1896
1897
1899
1900
1903
1907
1908
1911
1913
1922
1929
1931
1939
1945
1948
1949
1953
1958
1960
1965
1969
1972
1975
1977
1996
2009
2010
2019
2062
2074
2089
2101
2103
2105
2117
2121
2134
2139
2142
2155
2160
2176
2178
2180
2188
2193
2198
2200
2202
2209
2212
2224
2232
2241
2251
2253
2261
2267
2271
2284
2286
2300
2309
2312
2321
2350
2368
2372
2373
2378
2393
2410
2412
2414
2417
2418
2420
2421
2433
2435
2443
2452
2454
2458
2461
2468
2476
2481
2494
2509
2522
2523
2534
2535
2537
2543
2552
2557
2567
2572
2579
2581
2591
2594
2596
2602
2605
2607
2608
2609
2612
2619
2623
2624
2644
2650
2652
2655
2663
2673
2693
2696
2701
2703
2707
2713
2723
2726
2727
2729
2770
2793
2796
2798
2804
2807
2809
2824
2826
2827
2833
2834
2841
2845
2853
2858
2866
2870
2878
2879
2883
2898
2906
2908
2912
2915
2919
2923
2935
2936
2942
2950
2951
2956
2962
2978
2996
3005
3014
3024
3040
3041
3051
3055
3073
3074
3077
3082
3092
3103
3112
3132
3165
3166
3167
3170
3179
3182
3187
3189
3206
3213
3215
3220
3221
3223
3237
3247
3248
3249
3253
3267
3273
3274
3293
3295
3296
3299
3300
3302
3314
3331
3338
3340
3342
3345
3346
3349
3352
3353
3360
3376
3382
3384
3387
3388
3389
3391
3394
3397
3409
3410
3416
3421
3434
3444
3465
3467
3468
3482
3487
3495
3501
3510
3516
3518
3519
3524
3532
3534
3541
3548
3555
3558
3560
3561
3567
3576
3577
3583
3614
3636
3640
3645
3646
3662
3668
3675
3688
3692
3706
3713
3717
3721
3726
3728
3732
3734
3747
3758
3766
3767
3768
3780
3789
3792
3798
3802
3813
3816
3817
3819
3834
3835
3837
3839
3861
3869
3874
3882
3884
3885
3889
3894
3900
3901
3902
3912
3915
3920
3921
3922
3924
3938
3944
3965
3970
3981
3998
4003
4004
4012
4025
4026
4027
4032
2
5
14
20
34
44
49
60
63
64
72
80
86
87
89
97
99
106
114
119
121
123
133
136
141
143
145
146
149
154
156
159
173
174
180
187
203
209
217
220
224
226
230
231
232
238
247
250
256
267
278
279
281
283
284
286
299
302
305
307
314
316
319
322
328
329
330
333
337
345
349
363
369
372
374
380
385
390
393
399
400
427
428
436
440
449
453
457
461
468
472
478
480
485
487
492
496
497
500
504
507
511
519
521
522
526
532
534
535
538
539
543
548
549
551
552
556
557
560
578
590
594
602
620
623
630
641
642
643
644
648
649
651
653
657
658
659
663
665
672
673
674
682
685
687
690
692
693
695
701
709
710
714
721
727
733
734
745
746
772
773
779
783
785
787
788
793
797
808
813
818
820
823
825
827
831
844
845
846
862
884
887
890
891
892
903
907
913
915
921
929
933
934
944
945
946
955
958
965
970
972
975
989
992
997
999
1003
1004
1007
1017
1030
1032
1035
1039
1044
1052
1053
1057
1071
1072
1073
1076
1083
1084
1086
1087
1089
1093
1101
1116
1119
1120
1122
1123
1137
1143
1145
1157
1167
1168
1169
1181
1182
1185
1188
1190
1205
1207
1215
1235
1239
1242
1243
1248
1251
1255
1257
1265
1266
1269
1271
1274
1287
1296
1307
1309
1313
1314
1321
1330
1335
1337
1348
1355
1356
1364
1369
1377
1380
1389
1401
1407
1418
1420
1424
1430
1434
1435
1436
1439
1442
1444
1450
1454
1456
1461
1462
1464
1467
1468
1475
1479
1491
1493
1506
1509
1512
1522
1526
1528
1529
1533
1558
1559
1562
1563
1565
1572
1582
1587
1602
1608
1610
1622
1642
1647
1650
1656
1657
1663
1664
1670
1671
1677
1678
1685
1686
1696
1698
1699
1701
1710
1713
1714
1715
1716
1721
1722
1725
1727
1743
1751
1752
1753
1755
1761
1773
1781
1782
1786
1788
1789
1791
1792
1799
1804
1805
1809
1820
1821
1832
1836
1839
1840
1841
1846
1852
1860
1864
1874
1877
1878
1881
1883
1884
1886
1891
1893
1898
1912
1914
1916
1917
1920
1927
1928
1937
1944
1947
1959
1961
1962
1985
1989
1990
1994
2005
2011
2020
2021
2025
2026
2037
2044
2049
2054
2061
2065
2077
2080
2091
2092
2094
2097
2107
2108
2110
2111
2114
2115
2116
2122
2123
2128
2136
2140
2150
2163
2169
2185
2189
2196
2197
2204
2207
2214
2221
2228
2230
2240
2242
2247
2255
2256
2262
2270
2276
2290
2298
2307
2318
2319
2325
2326
2327
2330
2331
2332
2333
2336
2338
2340
2341
2343
2344
2345
2346
2352
2354
2356
2366
2369
2371
2375
2376
2377
2388
2390
2391
2398
2404
2409
2411
2423
2424
2427
2429
2436
2462
2464
2475
2477
2482
2488
2489
2496
2498
2505
2507
2514
2526
2532
2541
2553
2558
2559
2561
2563
2573
2580
