107
1912
1684
2507
2172
2190
1768
2257
2602
2482
1612
1888
3437
2354
1551
2224
2216
1175
2115
2005
1833
414
1431
2555
2334
2601
3150
1827
2509
2276
0
2359
1243
2395
3087
1291
2953
3035
2102
2833
1589
3403
1207
1902
1832
1591
1514
1292
1629
2629
1979
1986
484
3362
4025
1994
2250
1404
211
2074
2420
619
3090
2965
2018
1637
3785
2649
373
1884
1519
270
1675
637
1829
1267
3115
1980
1881
1622
3421
2129
2964
2370
2741
218
1837
142
67
3301
491
738
1001
3052
2445
1823
191
456
2804
3113
1963
1983
2090
3779
2791
3022
1844
461
1717
3491
2338
1882
896
1824
1019
1933
1970
1667
3434
1709
554
3944
3554
3060
1742
3463
2913
3289
1191
2458
133
1086
559
1826
2333
1471
1216
2754
1393
2396
155
3288
3104
2664
641
1047
1809
1746
1132
2897
2787
1688
3375
2268
1219
1418
1945
2309
3968
2928
2898
2140
2915
2397
3228
2080
2049
647
2536
1617
2951
2743
633
973
1277
825
1487
580
510
3037
2310
3720
3085
1295
1344
1126
3422
3316
830
1501
513
2954
2796
3076
3201
1423
2234
3684
1678
3460
895
2815
2683
2154
2553
2125
3624
3772
2662
1964
3625
2452
2705
2139
3077
1334
2759
828
756
1862
3091
3482
549
3128
1951
907
1119
250
1469
545
2306
160
1860
1518
719
3248
62
3855
3208
603
246
569
2363
1076
3513
1448
1413
2627
681
2145
322
1982
1971
3793
193
5
3161
698
1781
454
98
341
138
2319
4037
2632
1935
1426
389
3851
885
1703
2159
3974
770
2540
2505
865
3845
2666
2894
1039
2880
412
369
3620
2501
557
3347
1639
3443
2196
2967
3242
3106
3490
489
3458
683
2427
2283
2916
2560
2751
898
1453
1683
2781
1901
2315
2113
2764
974
3984
1164
2892
3170
2643
2031
947
1250
3479
1531
1309
2255
3002
303
1417
2983
77
3533
2840
3948
824
1362
3353
3999
287
2731
422
399
1924
3145
1300
1522
664
4027
1111
2600
421
2857
2513
2614
2313
2674
2209
3194
1539
588
2011
3704
1472
3804
2726
3473
2130
3879
3298
3810
2514
3530
3884
145
1599
1392
3210
864
3510
1080
1099
2462
2872
2279
747
2111
2949
544
2740
1670
1359
3918
819
1921
1876
3586
435
1715
2708
2746
1890
2381
1938
643
1857
1611
1819
139
2559
223
3221
3464
2780
1152
767
53
2807
1927
1345
711
2069
13
256
2566
2185
3555
2037
238
2422
1437
514
2653
3167
14
687
2920
3972
1874
1440
1728
3267
786
1598
3354
1408
547
887
1297
30
2648
3415
2013
900
3728
7
3010
979
976
1962
3466
2394
3786
3075
1289
1403
2053
2459
1024
423
3821
1597
194
1419
3713
3990
433
3241
415
701
286
1488
179
1910
782
1372
2264
2803
3956
3860
1401
368
2265
728
2813
3645
120
587
788
1502
1958
1400
2041
3439
2391
1044
3869
81
3764
1645
3935
922
3410
3626
3634
1352
1364
1206
92
2782
1784
3823
3689
2383
3452
2273
879
705
3227
3784
3508
1051
934
648
731
51
1960
722
3477
2865
451
235
3140
479
3978
3698
2957
2783
3538
3271
1395
2912
3917
2116
678
1998
1607
1911
3906
2337
2580
1214
3405
2937
1284
2233
3777
12
2112
1350
3200
2484
937
1204
780
1027
804
2042
1153
3030
1565
1162
334
3160
1168
1770
1914
3360
3181
2388
2107
3746
105
1562
3169
3172
3548
874
986
3750
2612
2616
958
2105
1367
1443
2762
1020
1820
3476
104
816
2325
1503
921
616
2226
3225
3387
3284
2181
2828
2657
1236
1444
3796
3107
424
236
4028
3743
808
3264
1507
313
1308
1003
48
3027
3244
3901
2413
1705
1224
374
323
2483
2246
355
3343
3134
201
772
696
2820
1512
2730
3775
855
3547
2896
3914
2695
2236
2425
1016
228
3062
4010
2304
674
3718
2832
2766
2339
3233
528
2287
3701
2738
3829
3600
881
3742
3520
2051
3393
1179
1553
709
2022
1623
185
1604
3872
1567
990
1855
3254
2945
1838
3407
284
1131
1085
2193
806
352
2956
3921
2316
1186
988
2331
790
3483
1061
3813
3951
3871
3609
1022
2067
2772
2122
1892
707
960
2523
1305
1880
2587
3970
3467
3016
739
3503
3054
3749
516
1030
64
3665
2389
1357
2692
2318
151
2515
496
398
2848
1626
55
666
1510
757
996
3611
2790
3275
961
481
3929
3724
3635
4013
347
1749
1169
2034
3697
3102
3179
3147
3830
3681
3049
2262
3384
1068
2538
2971
100
141
3187
1536
3738
3391
3089
1012
2704
1541
1040
2508
1232
2095
3105
315
3432
1158
613
1160
812
493
2417
3756
690
2270
965
3505
3472
3097
845
2576
2977
1842
1351
2342
3679
3602
725
991
137
1318
3429
1122
1303
3904
3568
779
1217
1491
821
1858
1425
3622
1696
558
1130
568
2450
229
384
702
541
3631
1402
3019
166
620
1663
1950
1093
1582
1229
3369
442
2186
2171
2504
2545
478
1167
2819
906
299
627
3358
3258
2466
2864
3341
1120
606
1482
3757
1141
3773
1050
2166
353
1252
827
2127
2918
2806
1057
1434
2314
2522
1566
3873
3504
2890
3542
1037
1293
2402
3516
3034
147
660
1373
2502
612
672
1659
2903
904
366
156
1595
3063
663
474
752
1734
3
1543
4038
1706
942
1449
1244
859
2471
1354
3103
3983
710
1330
2263
1993
1969
2475
2183
2163
3825
116
2400
3911
623
2691
3235
2991
3015
2794
940
3361
716
650
276
3171
2595
3783
3817
1121
727
1957
909
1794
1788
3942
3705
3230
3309
3714
1042
2320
2942
3836
649
183
2421
3176
204
662
2085
1143
665
301
1647
163
3660
3889
3854
956
2907
632
3245
645
3858
3481
2035
2170
849
848
2836
3379
418
2369
3822
3980
851
2008
1965
3859
3511
1038
2685
748
3094
291
933
3494
2290
3769
2565
126
2854
3524
1869
3687
3392
1808
174
2570
31
2628
668
750
1548
1301
3425
2883
3647
935
1643
309
2476
832
3000
3815
253
3614
3155
975
3771
1241
592
945
3120
3239
1952
28
2851
2278
3676
2678
1853
2776
923
2922
2760
3737
3069
150
1223
2195
1878
3072
680
2137
919
3226
542
2717
2985
658
3196
1361
2753
2900
3356
1283
3204
3897
1764
785
1574
1304
2914
1188
2408
2654
2271
2083
2537
2871
949
2846
3883
2955
2816
3680
2644
3797
2774
2712
371
1200
553
1321
1814
3583
488
534
912
486
3243
3078
3114
3619
1614
1083
2063
1918
1720
3521
3644
963
1745
1931
3558
2978
3159
2722
846
2547
1967
2285
3890
652
69
3295
2411
1975
729
3693
1694
3190
1493
856
3259
1841
2893
2256
631
203
1
75
3950
1228
2660
3195
80
1865
3238
2007
566
1398
1245
1786
3849
1789
3900
2160
3183
365
708
498
3936
3185
3333
2812
1247
2583
2875
3406
2995
401
3398
2390
3164
2001
3636
395
3394
3203
1766
3335
3127
3156
2335
778
3960
1733
1205
192
3040
196
3006
1226
3780
1033
1480
169
1677
1174
2291
2002
4
931
405
336
833
463
3401
52
533
1467
3655
2847
586
801
1976
1999
546
2667
2052
3592
1397
170
1270
2435
2528
3768
2494
2917
3162
1690
1930
2167
2849
3143
1805
769
625
2592
2174
225
4021
17
2136
281
794
1588
3925
1602
1929
3954
3048
260
476
1010
3327
624
1478
2382
2526
2572
2147
2118
763
288
3528
3952
2825
198
1738
3265
811
1470
1754
3694
295
1332
1476
452
316
1386
283
2241
1875
269
2198
3809
3337
73
326
2098
1414
71
441
2569
1907
724
1322
3740
3501
4020
1389
46
3924
407
3205
2296
3928
2939
2230
152
2493
3480
2079
882
402
3916
340
60
682
2019
3993
3603
2634
149
3086
579
677
3414
1795
1272
1579
267
41
1660
581
983
1046
3308
1836
3209
3878
3556
2699
1528
1834
2516
3770
3413
736
2401
3484
1526
3364
1708
2222
2029
3848
436
2689
2168
992
565
242
3431
1031
522
1991
1306
509
216
2349
2564
197
2987
3349
3469
1319
3596
870
876
3601
3215
908
3965
158
3966
3661
891
3729
512
3013
3887
3112
2767
715
1492
3908
2524
3595
2009
321
2826
2788
1897
88
101
2272
3173
1987
1610
1584
2500
2187
1601
2248
511
3263
2110
3909
1495
2966
3979
3282
2057
551
3606
1870
1268
3886
540
406
261
2094
3759
3497
2407
3540
962
3385
1369
2351
3093
1778
443
44
3649
3402
792
1422
2213
2184
213
2765
3506
202
2690
761
2089
3163
3278
367
3571
3579
1508
3036
854
3758
3564
3561
2087
775
2028
181
70
3471
3018
1358
446
3798
688
413
526
607
4026
2608
3408
89
3302
3838
447
3324
3286
2148
826
1585
1785
2525
3913
1095
3320
3146
300
1049
2856
3489
1693
3281
2275
3441
2737
464
570
3803
3459
1817
3834
823
1620
639
2694
110
1701
1699
1592
877
1084
1917
1572
103
3442
1928
2162
1066
1193
2099
1161
171
3352
2785
2921
3165
1266
3741
3721
2797
2715
3938
3574
3824
2096
42
2101
2207
3451
905
737
2727
692
487
161
1535
3003
3572
3794
3336
3373
1556
1011
2763
1537
1818
2941
1652
2141
3292
3342
2157
45
3678
2835
3029
2386
2546
1187
2424
3445
3685
3500
279
3947
577
889
3792
1313
880
2938
3812
572
3017
304
325
1355
3868
3699
3977
1713
1815
2792
2656
2877
477
390
679
1312
970
609
3436
3007
3585
1106
2303
1412
691
1212
3959
1112
2457
221
2582
2039
2211
1145
1264
2025
3315
3340
2231
3371
1542
659
4007
1977
2926
1231
1887
3675
3927
47
1021
875
501
3031
3237
3597
3276
2852
3321
539
1974
3457
2640
2639
1172
2769
1346
2716
3664
527
762
3397
4023
3124
2879
2490
841
1577
3008
2281
1739
2232
3531
2605
573
1863
2838
205
3563
2301
457
3866
787
3790
2878
2254
3744
3987
1385
1885
1775
2817
2076
1650
343
3802
1919
2439
3723
839
655
96
3937
781
1353
3269
372
671
1530
2946
2214
2000
3043
1796
2295
1150
3475
2114
2447
3541
2429
1697
23
296
320
2024
1961
134
247
2619
1421
867
744
1262
2888
911
2979
1672
1221
1462
1635
3395
1157
240
97
3807
231
4008
3055
3326
3456
4032
735
1239
3643
3876
2811
1872
1955
2496
3314
2588
331
765
758
2919
598
3896
1394
2217
611
1455
2480
1213
3212
3423
3560
809
2663
438
1847
2621
1679
2474
3627
1896
3118
2239
1545
3453
4029
2818
2870
3493
3722
248
2650
2158
1642
2535
245
164
2021
1940
1547
2959
3567
3589
2868
2668
2943
1792
4018
1856
3582
4015
920
2617
3755
318
2294
234
1640
3095
302
4019
338
2286
1265
3748
3370
1992
29
3537
1227
3294
3184
2992
2123
1101
1447
886
222
585
2478
1988
2734
1234
2086
3116
2058
2609
858
1864
1142
2330
3946
3137
1102
2023
3898
3274
76
2684
1114
2934
3659
2442
1981
1290
994
1375
