0
4015
3729
3992
4034
3798
2596
43
883
613
2079
674
233
286
3854
160
2788
904
1777
3980
3982
3986
3989
3994
3995
3997
3998
4000
4004
4009
4014
4017
4021
4023
4030
4031
4038
3981
4019
4020
4026
4027
3988
4002
4018
3985
4013
3993
4003
4037
4011
3996
3999
4025
4033
3991
4007
3990
4016
4005
4028
4006
3983
4032
4036
4001
4029
4010
4024
4035
4022
3984
4008
1206
3453
875
3071
11
3853
2569
608
74
215
15
3974
335
18
447
37
1581
3709
3935
2195
292
692
602
209
2842
2457
12
668
3183
2269
1386
3451
3650
3748
1119
801
550
114
1834
911
210
287
585
638
3820
624
607
3570
3856
3230
3031
891
1466
2470
1096
1560
918
1145
358
892
3987
4012
581
642
3746
3846
244
3268
3407
42
256
282
33
90
145
401
241
1224
47
377
3885
52
2541
255
775
841
749
468
183
3875
1395
648
859
3408
153
3959
234
2814
1967
179
138
3942
2740
2704
3807
1755
3732
3282
3134
3125
1394
305
1262
860
3879
3006
216
3688
1690
70
1276
750
699
205
3704
2382
1176
1854
1270
3808
443
279
2857
379
1558
154
744
35
1233
3589
1326
1065
316
3922
267
1430
2792
3037
2691
383
2595
81
301
1046
182
3801
157
386
2483
1586
253
155
411
356
1693
854
1253
1627
1546
1071
2860
247
1208
3733
1027
3717
2808
112
3560
71
3691
1760
3689
97
3699
2714
1034
321
49
1353
448
76
3811
2798
2380
294
3413
2975
2168
785
3744
3467
3375
2722
899
743
571
240
3928
3575
2922
454
207
164
3955
667
293
228
2442
3816
3597
1362
1252
336
757
656
61
2952
2178
499
2481
191
2998
1194
3582
2527
660
3494
1105
1002
852
384
125
3954
2838
124
270
3946
877
406
192
2204
851
467
166
2106
790
3003
552
202
174
3865
945
894
865
855
453
190
1937
652
594
3882
3588
2971
2885
1856
1510
717
288
3939
3653
3537
1762
893
289
3952
1713
1651
572
307
3897
2565
673
3910
3781
2855
1031
3978
3965
1969
1383
996
868
832
220
206
201
120
1474
3953
3673
3121
262
1200
884
3686
3619
1996
2963
788
3143
2441
3765
3147
1711
910
530
