0
4000
775
3729
3451
2596
3732
4022
3282
891
860
825
854
841
147
447
1395
377
220
70
215
2442
2595
1394
3746
3925
2704
3959
4035
638
2963
3709
608
4032
2178
18
1119
216
1096
3181
3856
155
2857
3744
3935
3987
3666
3031
262
443
2788
4036
1834
349
2569
2204
1996
3407
1046
2792
1176
12
4028
3897
3453
3798
607
1430
286
3899
267
358
3494
1560
3570
52
2470
386
3996
1586
2565
3717
3846
2483
884
882
866
873
895
894
871
887
776
864
861
889
733
832
816
762
893
892
888
885
881
879
877
874
872
870
869
867
859
717
746
743
691
723
786
782
778
761
735
740
715
876
863
806
704
850
837
780
845
734
856
769
800
836
770
716
818
788
771
725
720
886
878
751
695
822
707
768
767
736
745
840
824
810
808
803
755
737
718
693
880
838
805
797
787
765
758
890
820
777
719
713
708
701
698
789
702
807
747
739
728
688
847
842
834
823
821
795
774
766
756
731
727
696
690
855
853
852
851
849
848
846
844
843
839
835
833
831
830
829
828
827
826
819
817
815
814
813
811
809
804
802
801
799
798
796
794
793
792
791
790
785
784
783
781
779
773
772
764
763
760
759
757
754
753
752
750
749
748
744
742
741
738
732
730
729
726
724
722
721
714
712
711
710
709
706
705
703
700
699
697
692
689
687
694
686
812
858
883
4018
4003
3981
4011
3997
4009
3988
4007
3990
3982
4023
3992
3998
4002
3994
4026
4013
594
4021
4017
3993
4038
4037
4034
4033
4031
4030
4027
4025
4024
4020
4019
4016
4014
4012
4010
4006
4005
4004
3999
3995
3991
3989
3986
3985
3980
4001
4029
3983
4015
4008
3984
667
3887
3787
3537
241
2168
3751
3720
3653
3716
3809
3865
3901
3582
3883
3678
3882
3724
3773
3588
3372
306
273
190
253
49
336
126
129
347
344
132
311
120
183
154
341
221
338
2421
3441
3587
3513
3792
3493
3749
3802
3647
3620
3571
3806
3704
3849
3733
3444
3598
3778
3946
3781
3539
3789
3844
3638
3967
3949
3483
3766
3871
3725
3769
3715
3910
3757
3768
3489
3977
3478
3920
3466
3848
3740
3735
3615
3933
3745
3727
3786
3907
3867
3636
3870
3784
3763
3711
3646
3643
3631
3822
3714
3486
3458
3818
3688
3536
3524
3906
3810
3931
3468
3490
3685
3594
3936
3835
3815
3713
3698
3597
3505
3498
3442
3855
3506
3460
3783
3696
3664
3508
3472
3774
3538
3876
3767
3599
3881
3752
3630
3957
3837
3579
3924
3826
3705
3591
3555
3782
3679
3863
3932
3699
875
3917
3892
3874
3819
3657
3595
3567
3541
3445
3916
3941
3659
3479
3690
3553
3649
3565
3629
3979
3772
3492
3542
3645
3785
3707
3543
3503
3507
3843
3758
3614
3583
3499
3777
3622
3564
3509
3972
3602
3558
3511
3443
3895
3869
3764
3759
3945
3726
3680
3529
3510
3474
3464
3454
3730
3686
3497
3547
3722
3450
3934
3559
3845
3640
3605
3528
3455
3731
3452
3660
3484
3475
3804
868
865
2799
3180
3030
3375
2930
2752
2798
3044
3143
2935
3336
1208
3429
2952
3190
3323
3217
81
317
162
319
95
38
234
60
307
71
19
303
298
222
85
328
218
195
78
131
46
231
260
250
124
275
4
229
50
321
326
320
251
135
281
235
45
206
28
2
36
339
254
102
182
187
302
264
201
8
278
84
51
330
249
57
294
270
105
263
227
225
196
192
130
88
1
167
291
276
185
113
104
299
242
240
175
158
7
304
232
212
184
134
66
40
31
41
343
226
151
149
144
20
277
236
223
211
118
98
65
59
272
224
186
161
133
219
316
180
280
274
142
25
2580
1326
2380
2263
2562
322
308
246
169
2505
2515
1924
2614
2441
2431
2422
2227
2454
2456
1956
2358
2493
2514
2219
2486
2437
2130
2034
2015
2270
2357
2181
2008
2532
2258
2113
2487
2281
2513
2444
2255
2545
1963
2632
2450
2534
2080
2634
2091
2082
2639
2577
2371
2584
2321
2401
2136
2288
2237
2147
2314
2173
2256
2503
2119
1930
2651
2453
2337
2016
2114
2049
2586
2391
2359
2150
2628
2570
2448
2411
2405
2335
2228
2197
2105
2070
1950
2538
2157
2050
1928
2236
2521
2477
2404
2370
1943
2631
2499
2092
2078
2192
1936
2360
2120
2485
2638
2452
2587
2129
1990
2447
2202
2061
2027
2013
2636
2626
2364
2171
1998
1958
1931
2655
2574
2554
2549
2433
2353
2200
1993
2657
2648
2647
2494
2025
2022
2011
2000
1991
1927
3662
3961
3723
3976
3975
3973
3969
3965
3964
3963
3960
3958
3956
3955
3954
3953
3952
3951
3947
3940
3939
3937
3928
3923
3921
3919
3918
3915
3914
3912
3909
3905
3904
3903
3900
3896
3894
3893
3891
3890
3879
3878
3868
3866
3862
3861
3860
3859
3857
3854
3853
3850
3840
3836
3834
3833
3832
3829
3827
3823
3821
3817
3816
3814
3813
3812
3811
3807
3805
3799
3795
3794
3793
3791
3776
3775
3771
3770
3762
3761
3755
3754
3753
3748
3747
3743
3742
3739
3737
3736
3728
3719
3718
3710
3708
3706
3701
3694
3689
3687
3682
3681
3676
3675
3673
3671
3669
3668
3665
3663
3655
3654
3652
3648
3644
3642
3641
3634
3632
3627
3624
3623
3619
3616
3613
3610
3608
3607
3606
3603
3601
3600
3593
3590
3585
3584
3581
3580
3573
3572
3569
3568
3560
3557
3556
3552
3549
3546
3535
3534
3532
3531
3530
3526
3523
3521
3520
3519
3518
3515
3500
3485
3482
3481
3476
3473
3471
3470
3469
3467
3465
3463
3459
3447
3446
3439
454
384
467
3760
3628
3661
3449
3926
3950
3779
3971
3966
3838
3672
3527
3491
3970
3930
3913
3911
3902
3898
3864
3842
3790
3765
3700
3695
3691
3670
3639
3635
3617
3578
3574
3563
3562
3533
3516
3514
3502
3488
3457
3929
3889
3884
3800
3658
3637
3477
3462
3852
3858
3702
3683
3618
3839
3828
3788
3712
3697
3656
3517
3496
3480
3438
3888
3847
3626
3522
3873
3841
3693
3674
3651
3633
3625
3611
3604
3576
3525
3512
3927
3825
3803
3738
3612
3554
3978
3944
3908
3880
3831
3824
3796
3750
3667
3596
3586
3548
3545
3461
3448
3968
3938
3886
3877
3780
3734
3703
3540
3797
3684
3621
3609
3550
3501
3456
857
3266
3427
3358
2933
3401
2926
3059
3045
3215
3173
3141
3105
3197
3053
2861
2776
2998
2744
3139
2789
3322
3074
2817
3200
2851
3063
3088
3367
2774
3312
2747
2860
3281
3155
3028
2805
3333
2837
2809
3153
2767
3436
3236
2961
2914
2855
2663
3432
3389
3126
3227
2953
2794
3242
2917
3296
3390
3095
3080
3274
3144
3402
3424
2954
2746
3325
3208
3015
2970
2831
2697
3213
3023
3124
3048
2848
2872
3422
3097
3271
3352
3041
3275
3425
2991
3399
3150
2918
3316
3102
3042
3383
3187
2816
2888
3117
2910
2897
2815
2750
3132
3380
3357
3035
3364
3085
2680
3252
3247
3175
3070
2853
2712
3315
2945
3326
3220
2873
2726
3121
2790
3185
3251
3131
3400
3231
3114
3036
2987
2683
3435
3257
3123
2766
2743
2713
3371
3171
3210
2824
2671
2978
2769
2823
3417
3414
2891
2810
2786
2673
3423
2889
2879
3328
2818
2812
2709
3318
3311
3309
2982
3303
2943
3319
3013
2846
3075
2702
3029
2956
2862
2835
3384
3243
3073
3000
2988
2940
2931
2928
3387
3301
3195
3184
3096
3078
3056
3040
2969
2966
2944
2827
2717
2698
2689
2666
3382
3314
3283
3008
3363
3348
3324
3232
3228
3149
3142
3084
3026
2986
2985
2916
2913
2909
2906
2905
2896
2782
2761
2757
2754
2745
2705
2694
2664
3321
3178
3138
3110
2795
3353
3099
3330
2791
2716
2675
3310
3066
2955
2856
3396
3276
3288
2894
3306
3177
3083
2997
2983
2949
2923
3398
3262
2797
2672
3360
2973
2840
2783
2735
2701
3374
3201
3420
3434
3397
3307
3299
3224
3106
3038
2901
2772
3133
3024
2779
3148
2950
2662
3415
3285
3086
3068
3002
2847
2829
2730
2711
3346
2951
2727
2690
3244
3077
2947
3154
2934
2787
3351
3320
3289
3170
3169
3116
3051
3021
2992
2849
2778
2742
2737
2674
2661
1708
1474
1627
1105
1027
1002
3256
3107
3089
3081
2957
2946
2865
2845
3395
3313
2898
2771
2762
2736
2696
3340
2760
3067
3379
3337
3335
3327
3279
3264
3259
3253
3196
3189
3087
2942
2871
2780
2718
2685
3061
3411
3254
3165
3118
3113
3039
2875
2836
2719
3343
3161
3410
3034
2971
128
342
313
271
269
163
146
109
82
67
56
39
346
345
340
337
335
334
333
332
331
329
327
325
324
323
318
315
314
312
310
309
305
301
300
297
296
295
293
290
289
288
287
285
284
283
282
279
268
266
265
261
259
258
257
255
252
248
247
245
244
243
239
238
237
230
228
217
214
213
209
207
204
203
200
199
197
194
193
191
188
181
179
178
177
176
174
172
170
168
165
164
159
157
156
153
152
148
145
143
141
140
139
137
127
125
123
122
121
117
116
115
114
111
110
108
106
103
101
100
99
97
96
94
93
92
91
90
89
87
86
83
80
79
77
76
75
74
73
72
69
68
63
62
61
55
54
53
48
47
44
43
42
35
34
33
32
30
29
26
24
23
22
21
17
16
15
14
13
11
10
9
6
5
3
2536
2162
2474
2440
2186
2205
2036
2297
1697
3278
3186
1202
1855
1168
2553
2507
2124
2095
2074
2037
1917
2312
2416
2313
2480
2141
2365
2001
1980
2185
1966
2175
2145
2066
1944
2366
2624
2606
2506
2395
2381
2290
2240
2212
2206
2093
2083
2064
2046
2020
2426
1988
1952
2210
2029
2557
2525
1982
2400
2618
2660
2645
2018
2009
2004
1995
1972
2591
2579
2578
2563
2559
2551
2520
2500
2478
2476
2449
2446
2418
2409
2376
2374
2339
2308
2306
2299
2257
2220
2213
2172
2164
2139
2115
2098
2088
2077
2060
2058
2055
2005
1984
1953
2531
2529
2330
2322
2278
1961
2519
2305
2163
2110
1970
2568
2390
2249
2174
2117
2243
2096
2646
2429
2417
2414
2387
2383
2234
2218
2086
2063
136
2572
2396
2338
2161
2003
1994
1987
1985
1981
2635
2473
2434
2379
2304
2232
2625
2623
2619
2611
2607
2594
2564
2560
2542
2539
2530
2526
2511
2489
2472
2461
2458
2423
2410
2408
2363
2354
2347
2334
2323
2276
2271
2244
2233
2229
2208
2165
2108
2021
1979
1971
1964
1938
1932
2465
2438
2259
2235
2039
2659
2658
2656
2654
2652
2650
2644
2641
2640
2637
2633
2630
2627
2622
2621
2620
2615
2613
2612
2610
2604
2603
2602
2601
2600
2599
2593
2590
2588
2585
2583
2581
2576
2575
2573
2571
2567
2566
2561
2558
2556
2552
2550
2548
2546
2541
2540
2537
2535
2528
2527
2524
2523
2522
2518
2517
2504
2502
2497
2496
2495
2492
2490
2488
2484
2482
2479
2469
2467
2466
2464
2462
2460
2459
2455
2443
2439
2435
2432
2430
2428
2427
2425
2424
2415
2413
2412
2407
2406
2403
2402
2399
2397
2393
2392
2388
2386
2382
2378
2375
2373
2369
2367
2362
2361
2356
2352
2350
2349
2348
2346
2345
2344
2342
2341
2340
2331
2329
2326
2324
2320
2318
2317
2316
2311
2310
2309
2307
2303
2301
2300
2298
2296
2291
2287
2286
2284
2280
2277
2275
2274
2272
2265
2262
2261
2260
2253
2252
2251
2248
2246
2245
2242
2239
2238
2231
2230
2226
2225
2222
2221
2217
2216
2214
2211
2209
2207
2201
2198
2195
2193
2190
2188
2184
2182
2180
2179
2177
2170
2169
2167
2166
2160
2159
2158
2156
2155
2154
2152
2146
2142
2140
2131
2126
2125
2123
2122
2121
2118
2116
2112
2109
2107
2104
2103
2100
2099
2097
2094
2090
2089
2085
2084
2076
2075
2073
2071
2069
2067
2065
2059
2057
2056
2051
2048
2047
2045
2044
2043
2041
2040
2035
2033
2030
2024
2023
2019
2017
2014
2012
2006
2002
1999
1997
1992
1989
1986
1983
1978
1977
1976
1975
1974
1973
1969
1968
1965
1962
1960
1957
1951
1949
1946
1942
1939
1935
1934
1933
1929
1926
1925
1923
1922
1921
1919
1918
1915
1914
485
3566
3551
3504
3437
351
464
202
166
632
599
583
640
662
660
643
582
670
659
615
578
577
642
681
658
627
631
621
622
393
564
476
441
364
633
552
657
605
575
684
625
612
611
603
572
406
499
498
453
639
1854
1140
3962
3948
3943
3872
3851
3830
3756
3741
3721
3692
3677
3592
3577
3561
3495
3440
862
3179
1498
1792
1356
2825
2813
2677
3433
3431
3430
3428
3426
3421
3419
3418
3416
3413
3409
3408
3405
3404
3403
3394
3393
3392
3391
3388
3386
3385
3381
3378
3377
3376
3373
3370
3369
3368
3365
3362
3359
3356
3355
3354
3350
3349
3347
3345
3344
3342
3341
3339
3338
3334
3332
3329
3317
3308
3305
3304
3302
3300
3298
3297
3294
3293
3292
3291
3287
3286
3284
3280
3277
3273
3272
3270
3269
3267
3265
3261
3260
3255
3250
3249
3246
3241
3240
3239
3238
3237
3235
3234
3233
3230
3229
3226
3225
3223
3221
3219
3218
3216
3214
3212
3211
3209
3207
3206
3204
3203
3202
3199
3198
3194
3193
3192
3191
3188
3183
3182
3176
3174
3172
3167
3166
3163
3160
3159
3158
3157
3156
3152
3151
3147
3146
3145
3140
3137
3135
3134
3130
3129
3128
3127
3125
3122
3120
3119
3115
3112
3111
3109
3108
3104
3103
3101
3098
3094
3093
3092
3091
3090
3082
3076
3072
3069
3065
3064
3060
3058
3055
3054
3052
3050
3049
3047
3046
3043
3037
3033
3032
3027
3025
3022
3019
3018
3017
3016
3014
3012
3010
3009
