0
864
4032
674
2842
3037
2792
3999
3987
4001
4010
775
891
757
859
801
832
4015
4024
3984
3935
3230
2269
1206
2569
287
585
1119
12
3650
3798
447
18
1096
3820
2457
3885
47
401
52
3808
1430
1262
3879
316
305
3854
1176
1326
3732
138
1967
356
71
2808
1510
652
1022
2230
1552
3941
868
3980
3982
3998
4021
4023
4030
3994
4009
4031
3997
4014
4019
4000
3986
4004
4026
3995
4020
3981
4017
4038
3988
4018
4002
411
4013
3985
3993
4027
3989
301
4003
386
4011
4037
3996
3992
3991
4016
3990
4007
4025
4005
3983
4034
4006
4028
4012
692
875
892
4008
4022
749
2691
699
860
735
704
877
852
855
750
686
687
688
693
694
695
696
697
698
701
703
705
706
708
709
711
712
713
714
716
718
719
720
722
723
724
726
727
728
729
730
731
732
734
738
739
741
745
747
748
751
752
753
754
755
758
760
763
764
765
766
768
769
770
771
772
773
774
777
778
779
780
781
782
783
784
787
789
792
793
794
797
800
803
804
805
806
807
809
810
814
815
817
818
819
820
822
823
824
826
827
828
829
830
831
833
834
835
836
837
838
839
840
842
843
844
845
847
848
849
853
856
876
889
707
736
737
742
762
795
799
861
863
746
850
759
786
811
813
821
878
880
888
715
756
808
816
882
690
733
710
767
776
885
886
725
761
702
791
812
740
689
796
867
890
869
700
872
874
871
870
881
887
691
798
846
873
895
879
825
721
802
858
866
788
851
790
893
894
884
717
854
743
785
744
841
883
4035
2470
3856
3709
335
3853
550
3031
3729
3183
3748
15
210
3451
638
607
613
114
2079
624
1145
37
215
3071
74
292
358
1466
1386
11
3974
1581
3453
918
2596
668
608
209
602
2195
43
1834
3570
911
1560
4029
282
4036
581
642
244
256
3746
233
3846
3407
42
3268
33
90
145
377
1224
286
241
255
179
205
468
3875
3807
3125
443
279
160
35
1394
1270
267
1690
3704
3282
1854
1233
216
4033
2788
183
3134
2814
1395
234
153
3922
154
2541
2382
2740
3959
3408
1276
3688
3942
1755
2857
1558
648
3589
70
1065
379
2704
3006
2595
1046
2483
81
182
1586
383
1027
904
3801
157
1627
97
253
155
1208
3560
3717
1071
3691
3744
1253
76
1693
1760
49
112
667
3733
293
2168
899
3816
191
2442
228
207
656
2975
2860
1353
247
3375
321
294
3928
61
2922
1546
454
3689
2527
660
336
3467
1362
2178
1194
3699
3811
2722
2380
571
448
3597
2714
1034
164
1252
3413
2798
2481
240
2998
2952
499
3575
3955
3582
1105
174
1002
124
594
2106
220
307
270
192
384
3954
453
1996
552
1969
3946
166
865
3537
3781
190
120
3953
1383
3494
996
673
262
1031
572
202
3619
2565
945
3673
3565
3121
467
3765
3143
3686
3653
3003
1713
1474
2838
2885
2204
206
2971
1856
1200
125
3952
1937
201
289
2963
1762
327
3897
3865
530
406
3939
3910
288
2441
3965
2855
1651
3588
3887
3882
1890
3978
3271
2817
3147
1797
3694
464
1711
1442
2437
3544
2774
3637
472
283
3055
264
193
3849
3290
1776
3678
3127
1657
351
110
3742
2422
3444
3489
3074
1057
2015
1157
1147
3925
3839
2431
2219
235
3844
910
250
3606
2692
1295
929
34
3787
3676
3227
1346
562
3059
1579
485
1607
649
3310
2980
1777
1486
1354
27
1264
671
46
2167
1038
3890
3805
371
349
2634
1476
593
152
1417
3795
610
2505
245
3429
3305
2736
1455
269
498
219
77
3893
1133
3513
1498
3660
2824
117
3175
2721
1924
1254
3091
987
3963
3665
95
2671
2621
2100
1855
6
3370
1664
390
3632
3161
2776
3727
3724
2884
1792
1151
365
44
32
3848
3432
2580
2358
1240
1168
229
3970
3477
2767
2493
1301
340
147
3806
3661
3044
533
476
3751
3457
3441
163
3977
3859
3447
2899
1521
102
3217
655
3936
3812
3749
2017
1838
1759
1263
1297
3923
3745
2375
2517
2388
3911
3270
2456
2528
2321
1372
86
3908
3864
3323
1087
480
347
208
63
2902
2752
1654
3700
3600
2811
1974
311
8
3961
3716
3372
3317
2651
2421
2263
937
3899
3165
2227
1058
935
549
3436
3216
3094
2732
2094
393
296
259
237
162
126
3916
3904
