3476
1591
2770
3778
165
330
426
910
1155
1495
1836
2469
2626
2644
62
223
589
828
1182
1391
1468
1911
1960
1962
1966
2280
2621
2679
2754
2850
3179
3204
3208
3316
3548
3666
3813
167
342
357
483
519
634
793
1056
1099
1226
1280
1440
1612
1736
1834
1883
2100
2102
2259
2370
2439
2678
2774
2851
2878
2980
3080
3096
3199
3249
3288
3338
3394
3587
3721
3962
46
68
73
212
271
283
290
360
414
437
525
530
535
553
611
635
707
737
773
780
865
904
905
922
929
1009
1041
1046
1212
1225
1345
1390
1599
1638
1756
1767
1768
1787
1890
1906
1920
2028
2050
2057
2092
2164
2266
2424
2437
2440
2628
2702
2788
2842
2882
2948
3048
3142
3150
3158
3162
3182
3193
3240
3348
3448
3455
3463
3573
3582
3663
3686
3697
3834
3858
3910
4014
79
137
166
211
253
254
272
313
317
349
365
393
413
421
449
461
513
518
544
616
637
665
675
753
761
791
944
1005
1012
1066
1080
1214
1285
1298
1302
1347
1367
1374
1382
1409
1416
1433
1482
1490
1500
1592
1663
1700
1717
1719
1734
1818
1825
1845
1851
1905
1927
1939
1959
2047
2053
2074
2076
2113
2130
2202
2240
2260
2265
2267
2272
2336
2365
2367
2383
2397
2412
2430
2445
2551
2552
2567
2586
2596
2607
2632
2659
2680
2706
2709
2711
2722
2775
2821
2822
2858
2863
2880
2895
2916
2935
2941
2947
2950
3020
3025
3067
3094
3189
3244
3283
3337
3341
3372
3439
3441
3451
3465
3538
3561
3574
3613
3614
3638
3655
3735
3760
3792
3796
3838
3854
3862
3866
3889
3906
3959
17
38
44
52
75
81
83
90
160
185
210
234
242
245
256
266
292
322
332
339
377
381
428
455
470
492
516
524
556
562
572
576
610
614
711
723
742
746
754
832
838
891
892
932
938
975
983
995
1020
1036
1037
1038
1054
1059
1070
1084
1100
1127
1134
1136
1166
1178
1211
1261
1265
1284
1295
1307
1310
1321
1333
1357
1395
1406
1427
1441
1458
1470
1519
1556
1568
1615
1660
1664
1668
1702
1714
1735
1740
1754
1789
1805
1840
1862
1868
1891
1915
1934
1941
1952
1978
2001
2021
2031
2041
2086
2096
2105
2148
2155
2163
2172
2188
2197
2208
2219
2228
2242
2254
2262
2271
2290
2328
2330
2362
2396
2480
2500
2537
2539
2542
2550
2559
2585
2608
2640
2645
2656
2673
2697
2710
2750
2753
2762
2849
2867
2888
2890
2901
2934
2940
2990
2991
2996
3011
3043
3062
3071
3074
3075
3086
3095
3136
3149
3151
3153
3160
3169
3197
3201
3202
3254
3261
3269
3272
3275
3319
3323
3343
3363
3367
3388
3390
3399
3400
3418
3422
3433
3437
3440
3444
3491
3493
3496
3520
3545
3559
3602
3615
3657
3664
3718
3724
3731
3752
3759
3764
3772
3806
3817
3863
3878
3882
3912
3929
3935
3976
3986
3991
4035
4
36
39
40
48
82
88
93
107
123
124
129
138
139
181
193
200
240
248
278
286
302
331
361
369
370
383
394
410
415
416
420
429
433
465
468
510
517
520
560
581
594
607
609
628
649
658
674
677
681
684
695
698
716
722
724
726
747
751
775
782
805
813
833
837
850
857
861
875
877
878
884
887
890
907
909
924
928
933
953
970
989
1006
1028
1033
1035
1044
1064
1079
1091
1096
1109
1147
1150
1167
1172
1173
1180
1181
1193
1205
1215
1234
1254
1262
1271
1282
1304
1312
1320
1332
1339
1343
1366
1372
1375
1381
1404
1411
1418
1436
1462
1493
1501
1502
1516
1528
1547
1554
1557
1563
1576
1577
1585
1601
1609
1622
1633
1639
1642
1646
1652
1665
1688
1689
1692
1694
1706
1724
1732
1738
1753
1761
1766
1769
1774
1782
1796
1798
1800
1806
1808
1810
1846
1847
1864
1902
1923
1928
1931
1942
1944
1963
1970
1971
1988
2006
2025
2033
2048
2058
2059
2064
2071
2073
2110
2112
2115
2120
2133
2139
2161
2165
2169
2180
2183
2203
2210
2216
2246
2255
2257
2258
2263
2273
2283
2296
2298
2325
2333
2339
2364
2392
2395
2413
2415
2432
2435
2438
2446
2447
2448
2451
2459
2466
2476
2477
2481
2493
2499
2505
2510
2513
2515
2545
2548
2555
2609
2618
2635
2657
2676
2684
2694
2703
2713
2717
2751
2797
2806
2808
2810
2815
2823
2826
2838
2839
2874
2893
2903
2911
2912
2915
2937
2981
3000
3012
3021
3026
3027
3053
3056
3084
3088
3128
3146
3148
3166
3180
3184
3196
3207
3217
3225
3235
3236
3237
3241
3252
3286
3293
3308
3311
3327
3335
3340
3360
3361
3365
3374
3383
3398
3411
3413
3425
3430
3435
3469
3475
3482
3489
3502
3530
3532
3533
3536
3562
3575
3578
3590
3601
3609
3637
3649
3652
3671
3679
3687
3742
3748
3768
3773
3780
3783
3797
3800
3801
3803
3809
3823
3830
3853
3856
3871
3883
3890
3895
3904
3908
3913
3914
3918
3924
3943
3947
3961
3988
4021
4028
4036
1
5
23
30
31
54
87
91
110
117
125
126
141
143
148
153
155
156
157
169
171
172
179
192
194
205
232
239
249
258
263
265
280
282
289
299
301
304
307
320
341
344
363
371
374
380
396
398
399
412
418
423
438
443
464
467
474
478
491
495
496
498
499
504
534
536
538
540
541
549
550
554
574
585
602
603
606
612
618
619
631
633
642
643
644
656
667
672
683
710
725
729
733
755
756
772
774
804
806
810
814
822
825
829
840
843
856
858
873
893
900
917
937
943
962
973
979
988
1007
1008
1014
1016
1019
1024
1045
1050
1095
1105
1107
1113
1116
1122
1137
1143
1153
1156
1157
1158
1199
1206
1231
1263
1268
1270
1288
1300
1316
1338
1358
1371
1376
1393
1400
1407
1410
1420
1435
1437
1439
1443
1444
1447
1448
1449
1451
1453
1454
1455
1471
1477
1479
1488
1496
1498
1505
1507
1517
1520
1521
1530
1532
1533
1537
1543
1551
1562
1564
1565
1570
1580
1590
1596
1608
1619
1621
1626
1636
1658
1662
1674
1683
1696
1727
1743
1752
1772
1775
1777
1781
1814
1859
1861
1871
1877
1880
1885
1886
1893
1908
1916
1932
1933
1967
1975
1983
1993
1996
2008
2009
2010
2016
2020
2040
2044
2046
2078
2081
2095
2131
2134
2137
2140
2141
2156
2159
2166
2167
2178
2192
2218
2230
2251
2269
2276
2313
2316
2318
2319
2326
2331
2334
2357
2369
2375
2376
2384
2390
2399
2416
2418
2419
2442
2443
2460
2467
2491
2503
2504
2519
2525
2538
2584
2600
2601
2615
2623
2648
2666
2671
2672
2685
2686
2693
2695
2701
2718
2721
2731
2736
2746
2747
2755
2760
2761
2776
2781
2786
2789
2792
2843
2852
2881
2896
2899
2900
2902
2909
2914
2930
2949
2966
2969
2976
2986
3003
3005
3010
3022
3038
3044
3045
3046
3079
3091
3103
3113
3129
3143
3144
3157
3170
3172
3203
3206
3214
3219
3223
3233
3242
3247
3255
3265
3270
3282
3295
3300
3314
3328
3336
3350
3357
3381
3412
3438
3442
3446
3449
3450
3456
3467
3490
3492
3495
3500
3513
3514
3515
3523
3531
3542
3543
3570
3581
3588
3591
3592
3596
3597
3608
3621
3640
3642
3653
3660
3667
3673
3681
3689
3705
3706
3712
3737
3746
3749
3767
3770
3779
3790
3818
3822
3831
3839
3844
3845
3867
3869
3880
3885
3887
3892
3928
3931
3932
3942
3955
3957
3958
3967
3969
3974
3990
3993
4003
4006
4012
4029
4033
3
15
18
21
22
29
50
51
53
58
64
74
86
98
99
101
104
105
111
112
127
150
151
154
161
173
186
199
201
202
209
216
220
222
225
230
243
252
285
296
298
300
305
312
319
333
334
335
336
345
348
352
353
355
367
375
378
400
403
405
424
440
444
445
462
466
472
489
497
533
539
546
548
552
561
564
596
597
598
604
605
613
617
629
638
647
660
662
663
664
670
673
678
680
685
687
696
703
708
712
714
728
730
734
739
740
743
748
757
762
763
764
777
795
800
803
811
819
821
826
834
842
860
862
863
867
880
882
883
885
886
889
899
911
914
916
921
926
939
958
961
965
968
969
971
984
999
1015
1017
1027
1031
1032
1065
1093
1104
1121
1123
1124
1144
1149
1160
1179
1184
1185
1194
1241
1242
1246
1274
1276
1287
1289
1292
1294
1306
1328
1329
1330
1349
1353
1359
1370
1377
1378
1396
1399
1402
1417
1422
1430
1442
1445
1446
1452
1459
1461
1472
