0
725
4036
4035
209
47
674
256
1755
43
3729
2457
624
2857
1967
152
301
4010
3999
3987
3983
247
3037
892
2441
3846
2565
467
3748
613
145
12
3268
1430
3537
642
875
383
899
3787
918
3688
3879
4024
2596
4022
282
3749
201
3134
3965
3031
1657
114
530
2975
2470
3183
3853
3942
3597
1693
1466
1270
699
3974
1353
241
692
3798
3691
1560
1233
15
216
1760
910
377
3887
3407
179
90
2691
2792
4
233
4028
3992
4025
3996
4017
3990
4031
4029
3985
4000
4026
4020
4014
4005
4002
3994
4021
4038
4037
4034
4027
4023
4019
4018
4016
4015
4013
4012
4011
4009
4007
4004
4001
3995
3993
3986
3984
3981
4030
4003
3998
3997
3988
3980
3982
4032
3989
667
4033
594
3991
4008
4006
885
879
858
881
889
867
825
852
844
812
709
851
732
838
754
831
735
786
733
779
790
723
789
746
707
740
760
837
728
756
787
886
878
688
832
763
815
736
721
752
727
869
840
797
845
842
836
829
827
810
807
772
770
764
761
758
747
718
694
693
839
714
778
724
795
895
894
893
891
890
888
887
882
880
877
876
874
873
872
871
870
868
866
865
864
863
861
804
776
774
703
849
848
834
819
805
781
765
719
696
695
687
833
822
853
784
771
712
856
855
854
850
847
846
843
841
835
830
828
826
824
823
821
820
818
817
816
814
813
811
809
808
806
803
802
800
799
798
796
794
793
792
791
783
782
780
777
773
769
768
767
766
762
759
755
753
751
750
748
745
743
742
741
739
738
737
734
731
730
729
726
722
720
716
715
713
711
710
708
706
705
704
702
701
700
698
697
691
690
689
686
717
785
884
883
859
801
788
757
775
749
744
860
3808
3922
3751
3582
3936
3890
3910
3767
3699
3789
3970
3865
3704
3544
3925
3859
3444
3655
3775
3669
3849
3463
3819
3813
3531
3725
3771
3844
3899
3612
3634
3510
3885
3638
3591
3923
3632
3783
3500
3478
3619
3587
3727
3871
3752
3508
3646
3823
3955
3499
3536
3963
3939
3806
3958
3882
3489
3720
3850
3870
3960
3920
3696
857
3907
3652
3594
3772
3694
3915
3561
3474
3464
3686
3681
3603
3917
3818
3786
3768
3718
3631
3600
3539
3466
3695
3585
3571
3519
3523
3481
3811
3549
3874
3657
3628
3567
3473
3445
3664
3947
3761
3738
3668
3630
3460
3443
3542
3876
3815
3740
3710
3590
3484
3470
3640
3952
3794
3724
3555
3554
3706
3620
3584
3840
3753
3607
3598
3482
3472
3442
3530
3921
3835
3629
3599
3455
3978
3548
3705
3969
3810
3792
3711
3648
3558
3446
3976
3906
3826
3803
3509
3790
3627
3518
3937
3895
3524
3809
3701
3940
3543
3956
3927
3881
3878
3866
3764
3758
3535
3532
3458
3975
3774
3759
3757
3825
3782
3770
3763
3645
3534
3469
3730
3624
3662
3716
3616
3661
3852
3838
3559
3471
3979
3950
3919
3918
3902
3880
3795
3680
3560
3552
3516
3502
3479
3828
3637
3477
3462
3525
3736
3702
3550
3526
3520
3930
3712
3697
3496
3860
3796
3788
3440
3438
3891
3888
3929
3889
3800
3586
3517
3501
862
3611
3492
3797
3780
3674
3971
3962
3938
3884
3842
3841
3824
3703
3687
3651
3448
3551
3566
3861
3673
3547
3977
3973
3972
3968
3967
3966
3964
3959
3957
3954
3953
3951
3949
3946
3945
3944
3941
3934
3933
3931
3928
3926
3924
3916
3914
3913
3912
3911
3909
3908
3905
3904
3903
3901
3900
3898
3896
3894
3893
3892
3886
3883
3873
3869
3868
3867
3864
3863
3862
3858
3857
3855
3854
3848
3847
3845
3843
3839
3837
3836
3834
3833
3832
3831
3829
3827
3822
3821
3817
3814
3812
3805
3804
3802
3801
3799
3793
3791
3785
3784
3781
3779
3778
3777
3776
3773
3769
3766
3765
3762
3760
3755
3754
3750
3747
3746
3745
3744
3743
3742
3739
3737
3735
3734
3733
3732
3731
3728
3726
3722
3719
3717
3715
3714
3713
3709
3708
3707
3700
3698
3693
3690
3685
3683
3682
3679
3678
3676
3675
3672
3671
3670
3667
3666
3665
3663
3660
3659
3658
3656
3654
3653
3650
3649
3647
3644
3643
3642
3641
3639
3636
3635
3626
3625
3623
3622
3621
3618
3617
3615
3614
3613
3610
3608
3605
3604
3602
3601
3596
3595
3593
3589
3588
3583
3581
3580
3579
3578
3576
3575
3574
3573
3572
3569
3568
3565
3564
3563
3562
3557
3553
3546
3545
3541
3538
3533
3529
3528
3527
3522
3521
3515
3514
3513
3512
3511
3507
3506
3505
3504
3503
3498
3497
3495
3494
3493
3491
3490
3488
3486
3485
3483
3480
3476
3475
3468
3465
3461
3459
3453
3452
3450
3449
3447
3441
3439
466
379
648
665
670
628
575
623
622
662
595
582
675
658
661
659
643
627
615
583
612
279
86
263
267
253
138
237
153
2281
1996
2424
2388
2015
2080
125
206
165
270
3948
3943
3877
3872
3851
3830
3756
3741
3721
3692
3684
3677
3633
3609
3592
3577
3556
3540
3456
1546
1295
1640
1213
663
588
684
685
672
625
573
682
679
660
631
616
1713
603
579
365
568
534
3961
3723
3487
3454
3437
522
458
508
449
382
384
418
560
371
509
505
459
429
468
443
532
646
635
478
407
477
636
617
597
445
372
681
671
666
664
657
656
655
654
652
650
647
644
640
634
633
632
626
621
619
618
611
608
605
600
599
598
592
589
586
581
578
577
576
356
494
518
486
435
380
610
519
491
360
683
680
590
587
565
520
387
362
555
481
470
354
540
479
1087
3121
1518
1151
1822
998
44
95
311
250
221
151
102
258
220
110
29
121
13
275
195
289
111
274
75
10
393
49
328
306
78
131
212
211
59
16
202
139
132
28
229
175
99
35
188
128
182
62
196
336
303
23
227
225
313
260
146
302
243
230
144
19
135
108
167
93
331
298
276
265
118
113
257
199
130
84
72
31
334
277
184
123
66
333
162
14
326
312
137
115
341
297
161
134
85
69
56
245
91
246
168
38
22
319
219
89
116
280
194
133
2025
2312
2167
2094
2076
2426
2170
1937
2513
2349
1992
2466
2019
2455
2255
2178
2562
2380
2358
2013
2252
2528
2431
2534
2535
1952
2641
2422
1974
2205
2066
2141
2373
2584
2234
2635
2106
2067
2350
1934
2514
2175
1965
2656
2357
2544
2310
2048
2341
2301
2181
1922
2587
2405
2156
2034
1933
2008
1915
2524
2450
2480
2177
2572
2568
2260
2249
2558
2570
2503
2497
2454
2456
2321
2017
2425
1923
2291
2295
2628
2577
2371
2660
2645
2258
2393
2520
2407
2200
1925
2591
2229
1989
2443
2092
1988
2161
1990
2639
2389
2012
2377
2155
2365
1921
2581
2552
2476
2074
1942
2366
2242
2219
2197
2495
2210
2115
1953
2317
2618
2474
2146
2091
2089
2501
2479
1919
2159
2027
1999
1935
2014
2236
2152
2603
2594
2434
2304
1916
2606
2601
2546
2469
2392
2261
2212
2122
2118
2112
2063
2060
2005
2452
2416
2272
2176
2623
2423
2370
2271
2099
2058
2057
2021
1979
2537
2518
2438
2432
2415
2274
2243
2110
2646
2630
2619
2559
2556
2536
2532
2489
2468
2428
2395
2354
2348
2339
2331
2324
2308
2253
2240
2233
2172
2108
2090
1971
1943
2627
2143
2022
2016
2335
2047
1975
2658
2225
2157
2006
1958
1957
1928
2612
2406
2325
2322
2280
2226
2174
2101
2085
2082
2068
2207
2616
2597
2372
2351
2247
2151
1994
1987
2638
2578
2575
2573
2564
2553
2551
2549
2539
2485
2418
2410
2381
2356
2352
2307
2299
2237
2216
2190
2184
2179
2142
2124
2123
2088
2084
2069
2059
2056
2055
2046
2037
1983
1929
1918
2659
2633
2620
2585
2364
2284
2061
2011
2001
1980
2413
2400
2116
2647
2583
2571
2491
2451
2445
2224
2171
2153
2102
2009
213
169
156
122
120
103
320
272
231
178
106
54
342
285
261
252
203
185
170
105
98
82
79
39
1865
1817
1627
1027
1775
929
955
1651
1162
2529
2394
2319
2282
2268
2144
2132
2127
2031
2003
1932
907
1354
1874
1814
2605
2589
2547
2519
2502
2465
2436
2384
2355
2344
2298
2293
2289
2285
2267
2264
2246
2203
2199
2196
2169
2163
2137
2052
2042
1945
1414
1762
1801
1418
1035
1646
1442
2643
2642
2629
2592
2555
2385
2315
2279
2198
2149
2138
2134
2125
2117
2087
2053
2032
2007
1948
1708
1463
1008
1296
1901
1763
1164
1033
1118
1602
1840
1759
1034
1672
940
1047
1650
1633
1143
1496
1246
1167
1575
1247
914
1797
1829
1443
1372
930
1105
1002
1071
1268
1244
1232
1216
1789
1062
1053
1403
1464
1308
1648
1629
1452
1615
1821
1439
1271
1625
1565
1771
1592
1578
988
1705
1085
1880
1802
1468
1363
963
958
901
1667
1749
1127
985
1168
1005
1803
1719
1301
1873
1785
948
913
1174
1529
1895
1681
1121
1106
909
943
1869
1739
1624
1169
949
1021
1489
1368
1254
1252
1043
1772
1401
1904
1532
1437
1091
1641
1484
1134
1459
1427
1655
1665
1069
902
1393
1016
1351
1428
1131
1587
1129
1433
1451
1524
1299
1070
986
1425
1234
1207
1039
1857
1636
1591
1475
1438
1322
1298
1170
1889
1499
1138
1830
1245
1618
1511
973
1537
1410
1365
1306
1249
1894
1462
1257
945
1497
1356
1264
1007
1508
1794
1503
1722
1910
1343
1064
1676
1494
1144
1709
1469
1228
1159
1037
1010
1193
1729
1893
1824
1820
1770
1733
1703
1569
1531
1507
1429
1412
1366
1275
1099
1057
992
964
942
938
903
1900
1868
1571
1293
1125
999
982
1572
1407
1375
1263
1133
1871
1848
1751
1454
1282
971
1875
1862
1859
1850
1812
1783
1728
1716
1715
1638
1635
1611
1596
1502
1426
1417
1347
1303
1292
1284
1229
1221
1102
1015
1009
1235
1766
1526
1473
1436
1192
1067
1018
1738
1727
1699
1671
1490
1012
645
630
629
1872
1720
1680
1345
1019
678
677
653
639
620
604
584
574
1743
1616
1294
968
593
591
483
374
1808
556
546
516
510
469
456
433
397
370
369
350
1864
1754
1630
1444
1416
503
493
398
