0
4031
798
801
4032
866
210
1096
602
42
1046
1627
49
71
155
499
207
95
2902
3727
4022
4008
865
891
868
750
749
4028
3990
4025
4036
4005
854
4013
4037
721
878
880
4018
1386
3974
1145
1560
1119
2195
3798
2269
3650
1206
447
2569
358
668
674
3748
585
12
1581
3856
3746
90
145
179
205
3037
2595
70
1326
2704
3879
1208
3922
1755
1690
3959
2740
1176
316
81
253
301
454
247
3717
112
3691
2808
1252
228
3560
294
2922
2714
1362
321
307
1996
3565
3897
270
190
262
193
3271
3952
1762
3494
1510
464
1022
288
3787
147
1607
1295
2505
2980
562
1664
3923
1168
63
3724
1058
480
78
317
478
3723
221
3338
3308
1631
3876
3898
3105
1490
146
857
3141
3053
2861
3122
3354
3218
181
275
2799
4
328
218
195
273
2732
3180
3131
3181
2930
1254
3372
2776
3637
6
351
1890
124
2527
1002
1105
157
2483
255
33
4016
775
757
1027
892
667
860
3984
692
883
4029
3987
4012
4024
699
4001
4010
4015
4007
875
4006
594
858
743
894
785
744
859
841
4034
4035
881
864
884
870
851
893
3985
3992
3991
3999
704
788
895
877
855
3983
735
874
871
879
4003
4011
3996
4033
691
846
825
887
832
852
4004
3993
725
702
890
776
885
867
873
790
717
3989
813
715
850
756
710
882
869
872
802
3981
4019
3988
4027
741
722
822
789
712
799
751
836
716
826
707
808
816
811
767
689
740
791
796
4030
4014
3994
3995
4020
686
688
694
695
696
697
698
701
703
705
713
718
719
724
726
727
728
731
739
745
747
752
754
758
760
764
766
770
773
774
780
781
784
787
792
797
800
805
810
815
819
820
823
824
827
828
829
830
834
835
840
842
845
849
853
856
687
708
738
755
772
783
814
817
838
847
709
734
777
803
807
737
748
793
795
848
706
711
809
720
778
779
804
771
839
730
769
831
693
844
765
714
818
762
794
763
806
837
729
736
753
768
732
843
889
833
742
723
782
863
759
876
861
821
786
690
746
888
886
812
733
761
700
3980
4023
3982
3998
3997
4021
4009
4026
4038
3986
4000
4017
4002
335
3031
607
3230
2079
624
3570
287
3820
43
3853
1466
2457
918
638
3935
3729
215
209
2470
613
2596
18
2842
3451
114
911
3709
11
608
3071
1834
550
37
15
74
3453
292
3183
244
282
581
642
3407
3268
3846
256
233
241
377
3885
286
401
1224
47
52
468
2792
2691
443
1854
154
2788
1270
3875
2382
3808
1394
182
2814
35
379
1586
1262
3134
2541
3807
279
216
138
3854
3688
3125
1065
3732
305
2857
160
3006
3942
1395
1233
153
1558
183
3704
3408
3589
648
234
1967
267
3282
1430
1276
356
411
386
383
1693
97
2168
1253
1071
3801
904
1760
899
3733
293
3744
3816
61
2106
1194
2481
3699
1353
76
240
2178
191
174
3689
2442
2952
3147
660
2722
2817
448
3928
336
571
3597
2998
2798
3413
3575
3811
3582
1546
201
2860
2975
3955
2380
1034
3375
192
3954
656
453
164
2204
3467
384
552
572
3074
3055
2774
3127
3121
327
120
467
2565
166
3537
2838
3781
220
3619
202
264
110
3653
2437
406
2441
3946
3887
1937
1200
2885
3939
3742
3003
3978
2963
652
2855
1383
996
1474
206
1442
125
1969
2971
1031
3588
1713
3143
530
3673
3865
3953
3882
289
3544
219
3965
3686
3444
3849
945
3765
1651
472
245
910
673
3910
1856
3676
1776
1711
3489
2634
3694
1657
1797
3290
3925
283
152
8
2422
498
1264
1157
349
3606
2015
929
2167
1486
1057
3227
3751
1476
259
91
250
3844
34
649
3839
46
1240
1346
2230
3059
1417
27
3890
671
3665
3429
