107
834
236
3719
3980
858
316
1145
3094
1354
3990
296
358
3716
3585
501
333
1043
256
453
3066
850
529
1788
3905
887
3653
888
71
3985
3788
3548
3954
33
190
3325
3428
2926
1394
2685
90
600
3522
219
2595
3246
859
2792
1579
4009
528
3998
876
3789
3490
2949
2493
2805
1061
955
32
11
3816
1905
293
74
399
3946
3619
364
2421
3894
379
2256
3424
259
3844
2301
3932
649
699
923
2431
288
175
59
895
702
125
1581
4013
2412
2695
749
3986
864
2562
2808
3429
3801
3819
3451
1138
1693
135
910
3389
2860
2515
3686
3575
3898
1133
768
3572
3509
3848
3632
3944
3887
1797
1690
2314
3827
918
3879
2014
4032
1510
3832
3333
217
2245
742
638
3754
16
3854
868
541
692
477
2248
581
3200
126
300
1755
3181
2106
746
116
667
3570
629
195
2857
147
530
89
996
1713
1493
671
3712
3984
1562
246
1362
97
2204
3890
1640
1412
1890
3216
2281
3664
3457
3749
3751
3708
722
3911
139
3795
3595
4031
602
725
3251
782
660
881
778
2721
1395
1461
2167
201
3781
393
441
3322
3863
229
324
861
442
407
1687
1856
3127
2527
100
95
658
158
207
10
250
51
196
36
278
269
55
163
2634
184
318
66
264
164
890
276
2879
1297
3807
317
1103
3775
260
2380
2979
307
3853
3901
2799
15
969
776
874
1262
1921
586
466
816
2185
3368
974
1759
3336
1560
443
668
1111
181
1022
214
1840
594
3326
351
3446
3546
2193
3679
143
620
3467
3061
3465
3450
1762
607
3513
1792
2941
1077
2789
227
386
3729
871
603
652
4024
3996
1780
4017
110
4008
44
4019
17
798
3161
785
1490
345
3991
4025
4022
2855
685
1949
3694
3562
3813
3834
1566
3673
621
3614
3690
1817
3826
2162
3006
789
3777
2995
1458
3685
3778
3493
3641
3769
3512
774
3461
3742
1401
3175
3696
3354
3700
3502
3590
3455
3893
3878
3547
3657
2565
3583
3767
2688
3497
3600
3438
2771
3925
3808
3916
1731
3785
1676
1928
3071
243
3654
3606
3588
2760
3074
3683
3658
3717
371
3436
3153
3317
2013
911
3393
3059
3447
1706
691
3663
3936
2079
2885
459
1027
2505
639
2766
1089
2195
2535
486
3031
3746
1656
356
3173
481
2186
3732
2830
2480
1874
2388
2177
331
457
2626
1594
3203
282
86
178
3637
3582
2795
241
1087
467
3459
2481
3603
994
1648
114
1096
690
1306
1403
1154
2856
3197
1264
2614
161
2051
2219
495
831
2524
3413
2269
1008
129
3105
3155
2426
4012
3058
210
3361
2892
3067
2963
247
3048
182
3888
208
155
1474
1342
704
540
1152
335
287
240
3292
193
992
991
478
1424
3477
218
2884
138
1978
1417
2814
2517
533
1046
1270
3993
1518
1058
1838
613
2230
3156
1252
2401
1084
3765
3083
2768
3691
1168
4011
854
2541
3566
220
642
1950
383
3589
365
3183
3875
22
469
49
1383
892
3846
2902
1670
299
3748
1881
470
2704
1992
2663
891
1134
2715
289
682
2788
1586
3472
1748
1251
1233
624
292
377
3650
2450
2584
401
2971
820
2882
2692
267
3544
3268
3689
2263
2227
124
3282
3798
1486
1719
223
3290
673
2358
1162
1650
1034
2572
79
1031
1974
912
1442
1276
3229
3989
1988
2076
3227
1177
2776
3271
1756
2298
472
964
1664
3143
3432
2954
3190
869
3715
3470
3442
3494
663
588
717
3130
1326
1253
1202
1858
1450
2656
2373
2411
2158
3963
3939
3053
3141
3454
232
127
281
177
433
856
301
3745
3624
3949
3771
3126
2824
2930
3131
802
818
3917
3892
3929
284
1961
1627
340
1896
1784
1137
1468
1860
327
1850
140
312
149
1
346
3218
2152
485
432
857
1956
64
1990
3537
3720
3923
3787
3439
3774
3757
3638
3616
3918
3571
3515
3706
733
806
839
732
712
822
786
3594
3695
3649
3581
3613
3479
3919
3516
3481
2545
1808
251
1760
3857
3725
3473
3912
3743
3567
3885
884
893
3994
4023
3995
4026
4030
4014
4020
3982
4037
2424
2008
4027
788
714
689
736
879
866
268
225
99
263
68
3647
3799
2487
8
245
2265
2168
1055
1050
1544
167
137
93
151
144
28
310
909
1030
1307
1567
1433
1511
1360
1325
3121
3128
2983
2997
2886
3682
3549
3812
886
889
882
863
3981
4002
426
4034
3037
2820
2697
2483
6
319
3950
3979
640
647
670
662
681
595
635
661
628
659
650
643
627
615
599
583
582
632
578
665
1240
3425
3376
3311
3314
3382
2982
2699
2670
3318
3309
2703
3008
2889
2972
42
3849
3861
3859
3897
3908
3661
3988
4003
4000
4005
3997
4021
804
3975
3701
3519
3965
3836
3476
3759
885
872
867
1254
1384
833
2693
2933
468
1889
1045
326
111
343
20
14
41
2
19
198
3531
3580
3806
3536
3837
3579
3957
102
4016
1672
5
180
894
883
698
875
4036
4001
3992
4033
4006
3983
4038
4029
3999
4004
4028
4007
3726
3883
3752
3855
3620
3761
3714
3866
3510
3529
3914
3895
3964
3738
3810
3969
3630
3818
3758
3906
3881
3568
3802
3561
3907
3870
3896
3784
3680
3631
3951
3782
3646
3554
3648
3921
3740
3728
3710
3945
3634
3698
3722
3793
3534
3766
3773
3803
3486
3705
3643
3924
3869
3711
3623
3593
3591
3569
3558
3507
3458
3538
3713
3636
3553
3809
3587
3478
3815
3735
3666
3891
3927
3584
3960
3668
3474
3915
3843
3526
3496
3463
3845
3780
3928
3737
3452
3559
3741
3760
3884
3852
3550
3520
3462
3527
3627
3573
3518
3491
3858
3770
3617
3747
3850
3508
3973
3601
3564
3976
3900
3794
3792
3535
3506
3920
3931
3499
3618
3599
3441
3791
3867
3521
3838
3800
3762
3574
3622
3468
3783
3543
3469
3464
3829
3602
3831
3642
3909
3902
3877
3542
3672
3913
3640
3578
3488
3528
3943
3851
3609
3480
3628
3971
3934
3930
3687
3804
3670
3731
3730
3611
3557
3684
3702
3639
3721
3475
3734
3667
3586
3651
3604
3955
3940
3935
3933
3910
3903
3864
3862
3840
3835
3833
3825
3822
3821
3786
3779
3776
3768
3764
3756
3750
3739
3736
3707
3688
3678
3662
3655
3645
3644
3615
3612
3596
3539
3532
3500
3498
3484
3471
3466
3460
3448
3444
3443
3873
3633
3576
3545
3514
3948
3860
3449
3962
3926
3842
3824
3790
3703
3635
3625
3605
3523
3495
3693
3492
3966
3841
3440
3697
3692
3674
3517
3456
3437
3968
3889
3828
3797
3938
3830
3556
3540
3677
3656
3577
3551
3501
1085
3525
3598
3629
3956
3555
3607
3718
3937
3610
3814
3483
3972
3874
3871
3671
3904
3763
3524
3947
3511
3876
3886
865
3880
3669
3533
3772
3839
3977
3974
3958
3953
3941
3872
3847
3823
3709
3659
3563
3445
862
3503
3755
3681
3485
3541
3608
3665
3967
3817
3978
3868
3482
3753
3505
3565
3552
3970
3504
3805
3530
3796
3961
3882
3727
3723
3487
3675
3733
3724
3959
3744
3621
3865
3660
3652
3560
3704
3820
1387
1193
3597
3952
3453
3592
3899
3676
3942
3811
3699
162
226
337
187
24
254
101
115
152
302
303
92
275
94
117
320
330
80
197
108
78
4
266
242
31
142
231
121
334
105
54
148
159
315
109
222
204
88
322
185
306
298
262
244
234
183
153
87
61
50
37
77
257
308
75
248
213
280
38
176
169
