0
801
4029
179
3183
4024
4010
4008
3984
3879
1854
3974
638
335
3650
35
1270
883
2106
2596
358
1208
154
3922
3856
3798
12
3570
571
613
608
401
379
3375
3230
3031
2788
2722
216
18
860
305
1119
255
1002
90
145
4034
4032
3983
3992
4005
3996
4013
594
3985
4014
4023
4018
4038
4037
4036
4035
4033
4031
4030
4028
4027
4026
4025
4022
4021
4020
4019
4017
4016
4015
4012
4011
4009
4007
4006
4004
4003
4002
4000
3999
3998
3997
3995
3994
3993
3991
3990
3989
3988
3987
3986
3982
3981
3980
4001
852
808
717
832
757
841
793
802
771
786
714
3865
887
879
881
893
846
779
727
710
863
851
873
867
827
761
688
890
861
880
807
797
780
770
764
701
687
794
755
720
718
715
711
700
850
833
818
817
816
815
782
766
752
751
742
721
705
690
855
854
853
849
848
847
845
844
843
842
839
838
837
836
835
834
831
829
826
824
822
821
820
814
813
812
809
806
803
799
798
796
795
792
791
790
789
788
787
785
784
783
781
778
777
775
773
768
767
765
763
762
760
759
758
756
754
750
749
748
746
744
743
741
740
739
738
737
736
735
734
733
732
731
730
729
728
726
725
724
723
722
719
716
712
709
708
707
706
704
703
702
699
697
696
695
694
693
692
691
689
3854
3772
3552
3676
3544
3923
3717
3749
3572
3816
3494
3882
3864
3897
3964
3696
3665
3489
3802
3778
3699
3638
3673
3727
3815
3663
3590
3543
3762
3561
3917
3892
3901
3887
3679
3467
3777
3601
3768
3613
3581
3528
3507
3791
3632
3786
3706
3631
3515
3850
3753
3526
3911
3700
3843
3835
3740
3728
3722
3903
3863
3446
3913
3707
3640
3559
3832
3883
3516
3479
3920
3776
3766
3587
3500
3743
3567
3698
3876
3767
3553
3520
3455
3442
3945
3668
3510
3708
3675
3869
3714
3558
3486
3761
3464
3770
3758
3900
3822
3792
3648
3497
3624
3580
3628
3904
3906
3829
3645
3662
3716
3647
3610
3891
3839
3454
895
894
892
891
889
888
886
885
884
882
878
877
876
874
872
871
870
869
868
866
864
859
858
856
840
830
828
825
823
819
811
810
805
804
800
776
774
772
769
753
747
745
713
686
2963
3143
2798
3006
3954
377
3852
3838
3575
3790
3527
3637
3603
3565
3477
3462
3547
3712
3926
3492
3828
3788
3741
3611
3521
3491
3471
3970
3841
3737
3656
3563
3800
3475
3880
3548
3448
3962
3884
3858
3804
3674
3604
3968
3938
3886
3979
3978
3977
3976
3975
3973
3972
3971
3969
3967
3966
3965
3963
3960
3959
3958
3957
3956
3955
3953
3952
3951
3950
3949
3948
3947
3946
3944
3943
3942
3941
3940
3939
3937
3936
3935
3934
3933
3932
3931
3930
3929
3928
3927
3925
3924
3921
3919
3918
3916
3915
3914
3912
3910
3909
3908
3907
3905
3902
3899
3898
3896
3895
3894
3893
3890
3889
3888
3885
3881
3878
3874
3873
3871
3870
3868
3867
3866
3862
3860
3859
3857
3855
3853
3849
3848
3847
3846
3845
3844
3842
3840
3837
3836
3834
3833
3831
3830
3827
3826
3825
3824
3823
3821
3819
3818
3817
3814
3813
3812
3811
3810
3809
3808
3807
3806
3805
3803
3801
3799
3796
3795
3794
3793
3789
3787
3785
3784
3783
3782
3781
3780
3775
3774
3773
3771
3769
3765
3764
3763
3760
3759
3757
3755
3754
3752
3751
3747
3746
3745
3744
3742
3739
3738
3736
3735
3734
3733
3732
3731
3730
3726
3725
3724
3720
3719
3718
3715
3713
3711
3710
3709
3705
3704
3703
3702
3701
3697
3695
3694
3693
3691
3690
3689
3688
3687
3686
3685
3683
3682
3681
3680
3678
3672
3671
3670
3669
3667
3666
3664
3661
3660
3659
3658
3657
3655
3654
3653
3652
3651
3649
3646
3644
3643
3642
3641
3639
3636
3635
3634
3630
3629
3627
3626
3625
3623
3622
3620
3619
3618
3617
3616
3615
3614
3612
3608
3607
3606
3605
3602
3600
3599
3598
3597
3596
3595
3594
3593
3591
3589
3588
3585
3584
3583
3582
3579
3578
3576
3574
3573
3571
3569
3568
3566
3564
3562
3560
3557
3555
3554
3551
3550
3549
3546
3545
3542
3541
3539
3538
3537
3536
3535
3534
3533
3532
3531
3530
3529
3524
3523
3522
3519
3518
3514
3513
3512
3511
3509
3508
3506
3505
3504
3503
3502
3499
3498
3496
3493
3490
3488
3487
3485
3484
3483
3482
3481
3480
3478
3476
3474
3473
3472
3470
3469
3468
3466
3465
3463
3461
3460
3459
3458
3457
3452
3451
3450
3449
3447
3445
3444
3443
3441
3439
3438
3779
3677
3621
3609
3592
3586
3517
865
857
698
665
658
632
578
650
640
600
583
443
572
564
393
3268
3317
3175
3094
3418
3323
3322
3127
3013
2792
2809
2837
3045
2721
2952
3153
2854
3429
3088
3251
2767
3336
3128
3042
3218
3229
3095
2726
2898
3413
2975
2876
3428
3300
2888
2981
2731
2663
3148
3112
2770
3271
3216
3349
2710
3163
3036
2846
3135
2887
3315
2766
3181
3180
3131
2801
3352
3058
2687
2747
2714
3015
3382
2848
3234
3303
2759
2891
2987
2928
2756
2729
3080
2960
3023
2824
3423
3283
2834
2699
2994
2927
2874
2782
2689
2683
3138
3093
2751
3329
3050
2856
3387
3384
3364
3098
3026
2993
2913
2984
3029
3022
2966
2912
2909
2908
2897
2806
2750
2749
3173
2823
3276
3374
1157
3365
2843
3319
3341
3262
2708
2701
3371
3241
2990
3391
3345
3307
3291
3212
3370
3324
2920
2915
2896
2866
2839
2757
2738
3380
3079
3356
3244
3159
3199
2863
2812
2818
3210
3068
2728
1855
3298
3424
2954
2858
3171
3103
2914
2702
3292
3172
3151
3010
672
685
619
588
657
621
579
625
384
612
449
3961
3861
3723
383
562
371
671
429
466
680
498
396
448
510
504
502
3178
3877
3872
3851
3797
3756
3750
3721
3692
3684
3633
3577
3556
3540
3525
3501
3495
3456
3440
3437
862
684
682
681
679
677
675
674
670
666
664
663
662
661
660
659
656
654
648
647
644
643
636
635
633
631
628
627
626
624
623
622
617
615
611
607
605
603
602
599
598
597
595
592
590
586
585
584
582
581
577
576
575
574
573
568
558
552
550
535
533
532
530
529
522
505
501
499
495
491
478
476
472
470
468
467
454
453
447
445
441
437
426
424
411
406
399
382
381
372
365
364
362
360
356
354
351
349
198
2634
3386
3233
3422
3415
3396
3378
3377
3350
3279
3274
3225
3118
2947
2803
3368
3117
2983
2949
2935
3264
3253
3198
3167
2955
2825
2783
2735
3346
2991
2828
3405
3287
3086
3081
3077
3002
2957
2847
2768
3403
3397
3353
3316
3296
3277
3206
3188
3169
3120
3116
3097
3089
3051
3041
3007
2992
2989
2973
2939
2844
2833
2796
2793
2781
2765
2753
2742
2719
2712
2661
2865
2813
3302
2999
2923
3436
3435
3434
3433
3431
3430
3427
3426
3425
3421
3420
3419
3417
3416
3414
3411
3410
3409
3408
3407
3402
3401
3400
3399
3398
3395
3394
3393
3392
3390
3389
3388
3383
3381
3379
3376
3373
3372
3369
3367
3363
3362
3360
3359
3358
3357
3354
3351
3348
3347
3344
3343
3342
3340
3339
3338
3337
3335
3334
3333
3332
3330
3327
3326
3325
3321
3320
3318
3314
3313
3312
3311
3310
3309
3308
3306
3305
3301
3299
3297
3294
3293
3288
3286
3285
3284
3282
3281
3280
3275
3273
3272
3270
3269
3267
3266
3261
3260
3259
3257
3256
3255
3254
3252
3250
3249
3247
3246
3243
3242
3240
3239
3238
3237
3236
3235
3232
3231
3228
3227
3226
3224
3223
3221
3220
3219
3217
3215
3214
3213
3211
3209
3208
3207
3204
3203
3202
3200
3197
3196
3195
3194
3193
3192
3191
3190
3189
3187
3185
3184
3182
3177
3176
3174
3170
3166
3161
3160
3158
3157
3156
3155
3154
3152
3150
3149
3147
3146
3145
3144
3142
3141
3140
3139
3137
3134
3133
3132
3130
3129
3126
3125
3124
3123
3122
3121
3119
3115
3114
3113
3110
3109
3108
3107
3106
3105
3104
3102
3099
3096
3092
3091
3090
3087
3085
3084
3083
3082
3078
3076
3075
3074
3073
3072
3071
3070
3069
3067
3066
3065
3064
3063
3061
3060
3059
3056
3055
3054
3053
3052
3049
3048
3047
3046
3044
3043
3040
3039
3038
3037
3035
3034
3033
3032
3030
3028
3027
3025
3024
3021
3018
3017
3016
3014
3012
3011
3009
3008
3004
3000
2997
2996
2995
2988
2986
2985
2982
2980
2978
2977
2974
2972
2971
2970
2969
2967
2965
2962
2961
2959
2958
2956
2953
2951
2950
2948
2946
2945
2944
2943
2942
2940
2938
2937
2936
2934
2933
2932
2931
2930
2929
2926
2925
2924
2922
2921
2919
2918
2917
2916
2911
2910
2907
2906
2905
2904
2902
2901
2900
2899
2895
2894
2893
2890
2889
2886
2885
2884
2882
2881
2880
2879
2878
2877
2875
2873
2872
2871
2870
2868
2867
2864
2862
2861
2860
2859
2855
2853
2852
2851
2850
2849
2845
2842
2841
2840
2836
2835
2832
2831
2830
2829
2827
2821
2820
2819
2817
2816
2815
2814
2811
2810
2808
2807
2805
2804
2802
2800
2799
2797
2795
2794
2791
2790
2789
2787
2786
2785
2784
2780
2779
2778
2777
2776
2775
2774
2773
2772
2771
2769
2763
2762
2761
2758
2755
2754
2748
2746
2745
2743
2741
2739
2737
2736
2733
2732
2730
2727
2723
2720
2718
2717
2716
2715
2713
2711
2709
2706
2705
2704
2703
2700
2698
2697
2696
2695
2694
2692
2691
2690
2688
2686
2685
2684
2682
2681
2680
2679
2676
2675
2674
2673
2672
2671
2670
2669
2668
2667
2666
2665
2664
2662
58
3258
3205
3165
3062
2976
2964
2734
375
2826
1383
1657
3432
2744
2678
1510
3355
3201
2903
2725
2693
2677
1797
1762
1151
1654
3289
3179
3412
3406
3404
3366
3331
3304
3295
3168
3162
3019
3001
2892
2869
2752
2724
1094
950
1147
1061
1759
1414
1362
1326
1866
1410
1251
1814
1599
1631
1865
1896
1057
1784
1601
1593
1579
996
1008
1253
1760
1372
1738
1586
1045
1869
1213
1131
1908
1489
1627
1350
1115
1437
1815
1756
1249
974
1640
1492
1159
3328
3248
3164
3136
3057
3005
2941
2760
1728
977
1127
1874
1239
1889
1499
1403
956
1682
1587
1292
981
1461
1696
1634
1299
944
1739
1672
1667
1664
1301
1789
972
1859
1716
1715
1655
1583
1432
1392
1315
1286
1231
1030
909
1245
1106
907
1812
1373
1309
1783
1611
1582
1412
1406
1303
1282
984
945
1904
1504
1478
1154
1747
1248
1531
1850
1794
1775
1594
1773
1763
1660
1705
1876
1725
1310
1188
1130
1699
1646
1453
1093
1068
1776
912
1567
1518
1433
1144
1636
1082
1036
896
1837
1733
1568
1378
1097
992
1615
1729
1261
1099
1081
971
919
1526
1766
962
915
629
1578
1479
1448
1423
1204
1148
1067
678
639
630
422
1235
1022
917
655
653
620
618
616
589
593
493
1136
543
541
534
528
518
516
508
485
480
477
433
421
416
407
350
1223
560
536
512
440
1870
905
494
462
456
398
352
676
565
519
489
474
452
418
410
403
390
1210
667
609
570
479
425
415
392
1311
569
507
451
439
1348
1296
1013
554
551
509
486
469
459
457
435
380
369
357
1095
683
673
646
645
634
614
610
604
587
567
557
556
553
547
546
545
531
525
523
511
506
490
488
473
465
458
450
442
423
413
405
397
387
367
361
359
355
1694
1300
555
548
542
539
520
438
436
434
431
430
395
368
1536
669
591
527
521
492
483
482
481
463
461
455
444
409
402
385
378
374
373
1645
1606
1574
1237
580
561
559
544
540
537
524
515
514
513
503
500
497
496
487
471
460
446
432
419
417
412
408
404
400
394
391
388
370
1656
1641
1561
1419
1806
1700
1365
1133
1711
1183
1088
1062
1572
1532
1004
1480
1891
1863
1858
1644
1886
1845
1488
1484
1083
1001
1258
