0
851
4003
384
3882
37
316
668
3709
2671
2382
1657
2079
3846
1326
3006
602
3268
4025
264
307
624
1264
2442
4034
1065
1792
1176
447
3582
785
1854
608
2541
1581
270
3746
1270
358
74
3856
4035
1755
233
1506
1046
2269
3143
61
282
3494
3134
3375
1560
3055
215
468
3885
240
90
1208
4029
3744
2922
1713
3806
2704
3820
1776
3987
638
3121
191
1353
2722
1206
1224
220
893
894
775
699
1119
1996
35
3807
2481
2569
3161
153
42
1855
749
3408
2596
327
3673
15
1455
3879
3071
18
3811
585
674
1022
157
3942
183
3748
3765
114
1194
256
1711
76
3990
3407
2721
3091
2824
464
3985
3996
4033
4011
4009
3995
4014
3986
4038
4037
4002
3994
4026
4000
3998
4019
3982
3981
4004
3988
4013
4031
4030
4027
4023
4022
4021
4020
4018
4017
4016
4010
4008
4007
4005
4001
3999
3997
3993
3992
3991
3989
594
3980
3984
4028
4036
4015
3983
4006
4012
667
4032
4024
895
871
859
888
866
886
776
879
885
874
868
768
822
863
884
861
729
887
882
881
878
877
876
870
867
865
860
858
825
806
789
702
689
746
816
712
855
831
710
730
813
737
852
850
839
833
832
801
796
793
791
790
788
767
757
750
742
740
725
723
721
716
714
707
700
692
691
792
808
783
889
864
804
843
753
698
795
771
732
809
741
779
687
703
854
696
821
734
849
799
759
756
733
720
794
782
780
752
738
736
731
706
690
835
836
803
787
762
722
715
853
751
824
847
846
844
837
829
826
817
812
784
778
773
764
739
728
718
711
845
834
814
772
766
761
694
688
717
840
838
815
810
807
805
770
763
758
745
701
686
869
827
819
797
774
755
890
856
848
842
830
823
820
818
781
777
765
760
754
748
727
726
724
719
713
709
705
695
693
828
811
800
798
747
735
708
697
769
873
704
786
872
802
880
841
744
743
892
883
891
875
152
3653
3513
3676
3565
3147
2980
328
4
3854
3789
3444
3848
3447
3932
3716
3699
3588
3970
3489
3720
3771
3624
3531
3493
3805
3457
3660
3745
3816
3581
3589
3665
3911
3865
3613
3516
3637
3955
3937
3801
3053
3127
2884
2963
3368
3217
2855
3270
3282
3016
3283
2975
2961
3310
2723
2895
3300
2714
3159
3370
3334
2798
3467
3928
3552
3654
3246
1027
660
574
155
273
78
218
195
193
227
267
175
46
293
326
3067
3662
3708
3659
3522
3461
3767
3751
3749
3478
3940
3918
3941
3704
3887
3736
3706
3859
3904
3742
3953
3638
3553
3675
3579
3571
3777
3630
3475
3976
3643
3591
3781
3445
3949
3682
3786
3458
3647
3616
3439
3772
3783
3766
3587
3929
3954
3827
3896
3569
3471
3957
3837
3465
3546
3760
3544
3530
3511
3499
3520
3960
3967
3964
3696
3641
3500
3477
3919
3969
3951
3763
3728
3666
3832
3730
3787
3874
3871
3857
3707
3839
3803
3617
3880
3652
3888
3889
3852
3845
3788
3561
3825
3802
3663
3470
3482
3658
3642
3576
3574
3833
3818
3719
3623
3509
3486
3863
3549
3490
3905
3446
3858
3640
3822
3944
3542
3924
3903
3793
3792
3711
3648
3463
3687
3528
3794
3723
3504
3908
3950
3800
3755
3737
3703
3725
3657
3780
3563
3556
3525
3491
3438
3678
3584
3812
3727
3758
3694
3564
3568
3459
3898
3883
3594
3479
3698
3625
3592
3590
3573
3512
3449
3555
3506
3931
3881
3821
3813
3796
3586
3533
3484
862
3740
3804
3790
3543
3527
3831
3672
3948
3842
3609
857
3697
3838
3817
3681
3518
3514
3448
3878
3690
3524
3695
3639
3562
3756
3677
3774
3757
3519
3917
3743
3595
3567
3629
3508
3945
3866
3782
3680
3534
3956
3784
3764
3761
3724
3668
3583
3762
3611
3488
3452
3768
3602
3601
3474
3921
3886
3876
3867
3773
3769
3710
3608
3526
3731
3972
3909
3906
3738
3634
3469
3907
3850
3791
3753
3715
3705
3644
3505
3538
679
356
588
621
672
1248
2893
2926
3427
2981
3092
2882
2921
3336
3008
2767
3260
3227
3376
3358
2744
3389
2898
2799
3354
2820
2876
2934
3086
3235
2688
3105
2776
3428
3208
3392
3036
3166
3431
3237
3225
3349
3338
2816
2870
3088
3128
3126
2886
2753
3074
2774
3315
3239
3206
2970
3059
3357
3352
3197
3167
3116
3009
2768
3340
3093
3155
3398
3390
3333
3241
3083
2805
3419
3316
2804
2699
3313
3014
3215
2771
2679
3436
2952
2841
2983
2933
2686
3394
3042
2746
3180
3131
3028
2846
3040
3051
2726
3286
3158
3052
3111
3399
3339
2673
3261
3435
2835
2794
3329
3242
2825
2720
3324
3250
2985
2911
3216
3122
2784
3342
3330
3297
2827
2969
2996
3274
3144
3072
2878
3039
3030
3434
3113
3021
2973
2939
2674
3326
3050
3377
3344
2793
2731
3280
3192
2944
2872
3163
3123
2960
2945
2928
2766
2750
3004
3000
2854
2763
2741
3267
3378
3148
2813
2803
3271
3312
3034
2747
2715
3272
2904
2687
3277
3214
3204
2863
2675
3234
3202
3095
3253
3136
2918
3293
3257
3238
2977
2862
2773
3153
2929
2906
3433
3417
3119
3114
3073
2880
2683
2681
3416
3209
3089
2849
2780
2770
2765
2748
2661
3292
3273
2871
2702
3259
3075
2696
3287
3165
2923
2836
2818
2808
2760
2936
2894
3251
3181
2902
3024
3366
3285
3100
2957
2865
3385
3264
3236
2832
2910
2777
2676
2664
3410
3176
3082
2990
3345
3321
3150
3132
2991
2950
2796
2716
2809
2807
2769
2719
2924
2754
3325
3309
3373
2812
2811
2791
2709
3430
3104
2974
2913
2873
2866
2782
2729
2669
3303
3023
2967
2920
2867
2706
3397
2949
2903
2762
2730
2667
3061
3182
2937
2823
2692
3348
3304
3174
3149
3129
3085
3056
3022
2927
2925
2905
2839
2800
2757
2755
2694
2689
3350
3332
3320
3255
3185
3145
2778
2982
2959
2834
3374
3291
3279
3276
2772
2751
3426
3384
3363
3232
3084
3064
2988
2966
2916
2915
2909
2851
2786
2749
3411
3395
3198
3140
3107
3035
2989
2955
2942
2843
3231
3229
3130
2978
2890
2789
3179
3057
1476
3290
3371
3191
3103
2830
2779
2711
2662
3001
3405
3331
3154
3068
3019
2947
2829
2738
2728
3244
2752
2697
3298
3288
3178
2951
2845
2737
1295
2677
987
3420
2971
3205
3062
2968
2678
1193
1087
1838
996
3851
3830
3797
3684
3633
3577
3550
3456
3440
3289
3186
2869
945
1627
1038
622
636
675
599
616
584
647
665
644
573
662
650
625
605
611
579
661
658
635
582
577
642
659
640
627
615
583
578
664
589
3381
3335
3221
3210
73
229
29
300
111
27
305
243
151
140
44
254
306
181
81
196
91
77
253
70
41
343
20
177
131
68
333
17
266
187
23
162
144
116
2
296
99
