0
3570
602
3820
674
42
3846
4036
1270
1854
358
3709
3856
335
624
585
3974
1145
447
550
3984
209
608
4024
3183
2457
2079
15
4022
875
692
1581
2195
607
4035
3071
2842
638
892
1466
1206
891
4010
37
2569
3453
4008
3935
3451
114
2269
1096
12
11
3650
1560
215
43
18
3853
3748
292
883
918
1834
1386
801
4015
3798
3031
74
210
911
613
3729
287
1119
668
2470
2596
3230
4001
4012
3987
33
4029
581
233
282
256
3268
642
3407
3746
244
145
90
401
3983
377
3959
47
3704
1395
4032
316
744
52
1558
1967
775
234
859
468
35
2740
305
3854
3589
2788
1176
279
4028
3688
3006
1224
1065
860
286
205
1690
1276
750
3885
3408
3125
841
749
153
4034
3808
379
3134
1262
216
2814
1233
699
3875
3282
2382
3879
2857
1755
1430
1394
648
160
255
154
3942
2541
3732
70
241
4006
2704
267
3922
443
3807
1326
183
138
179
3037
2691
2792
386
3992
383
904
3991
1760
81
3801
301
182
356
61
3717
2483
191
4005
1627
1071
1027
411
899
571
253
4033
3699
1586
854
293
2714
71
3955
3928
3744
3560
2798
2722
656
294
97
743
667
240
228
3811
2481
2442
2178
1693
1208
454
157
112
3691
3467
3413
2922
2595
1046
336
207
155
76
4011
3733
3689
3575
1546
785
660
247
4025
4016
4007
3999
3816
2168
1252
3990
2998
2860
2808
1362
1353
1034
448
164
4037
3597
3375
1253
3996
3582
2952
2380
499
321
4003
3985
790
4038
4031
4030
4027
4026
4023
4021
4020
4019
4018
4017
4014
4013
4009
4004
4002
4000
3998
3997
3995
3994
3993
3989
3988
3986
3982
3981
3980
2975
1002
884
757
174
3686
3537
2971
1996
1194
852
467
3939
3588
3121
2838
2527
2106
1510
1383
652
307
120
49
3965
3954
3953
3882
3781
2855
2565
1762
1022
996
851
552
125
3946
3795
3003
2441
1937
1713
1579
1354
1264
1105
1038
1031
894
893
877
855
832
673
594
406
384
327
289
288
264
206
192
190
124
3978
3897
3887
3844
3787
3765
3673
3660
3619
3565
3143
2885
1969
1797
1776
1651
1474
873
802
788
721
717
610
453
371
351
262
202
3961
