1912
107
2266
1352
1684
1835
2384
3437
1736
2037
483
2283
1888
0
2328
414
1126
2877
3101
2174
1345
1613
348
3078
2661
1221
2102
1330
2839
376
3201
917
1583
2289
686
2676
428
1148
2778
1893
1509
2782
2117
3090
353
517
1709
2649
122
1117
1192
1920
2939
2864
983
3284
3274
980
2510
3026
199
1857
563
3233
3830
828
2694
2645
2719
3545
1380
3136
2823
2512
1867
2218
1525
2716
694
559
1783
3293
2367
1104
3082
315
940
3295
1213
1691
566
1824
1335
271
1994
2915
2592
1290
2668
304
2639
2833
1008
1138
1960
3463
3000
2989
3104
3486
1995
3705
1170
523
913
1026
2689
1300
67
3035
3448
3077
637
3701
1475
824
3449
1523
1758
995
592
1321
417
1277
3148
3168
1246
2065
1998
3214
3907
1472
412
1846
655
3622
1344
823
1514
2017
332
2203
1329
355
3166
3245
2538
599
2862
2921
3611
3940
1396
2949
1304
2397
3404
1338
3072
1194
1463
461
3100
625
1794
742
1742
3029
2217
3877
346
915
3381
2883
1398
3348
3366
496
3938
1256
1260
2765
4002
1773
752
2928
600
2159
2413
2626
474
3275
1098
3649
381
451
710
3191
203
3299
2677
398
284
397
179
1021
1493
2235
690
3540
2126
224
3207
538
2671
1882
3335
3394
1782
3264
3421
2664
8
1070
1291
1210
1507
2223
2647
2501
836
3145
2304
647
963
3369
3511
2248
3593
3514
1001
2780
2337
3251
2658
1566
550
2092
3793
1640
1313
3316
1091
3004
2417
2717
1639
927
86
2456
3682
885
1747
3600
1796
2156
1728
1423
2401
3928
1257
150
3630
345
3876
1025
2143
3519
211
2698
924
3478
754
3800
1806
1863
3744
2802
1279
3480
2960
3727
326
939
3296
3677
2454
3732
1656
1311
3858
176
2445
2732
1899
966
3683
2341
1135
1501
3995
2067
587
2004
854
1832
1180
764
615
1202
2107
3758
3738
1648
2272
2783
3521
3867
3318
3367
954
1593
3589
190
2239
1169
361
229
20
1788
2832
2476
2481
914
129
851
3248
806
2990
583
263
3393
2826
1354
908
248
781
2688
3055
103
50
1264
1719
1679
2651
971
504
2537
2610
2455
2297
2168
3578
1447
3541
1716
551
1916
3269
2311
3644
238
3861
3564
3745
1044
1379
3229
920
416
3991
782
3747
536
3158
2753
3757
3301
573
2958
2622
90
3714
3058
2807
540
340
1449
1805
3868
85
1054
360
1743
2296
2129
1778
158
3034
3210
2731
372
4030
636
3825
1139
3751
1646
884
3262
233
597
3451
532
1744
3864
2850
3731
3650
328
2186
2496
2722
2463
3927
2644
580
2207
3097
609
2127
606
431
1908
2350
3323
1460
1359
3635
2435
2013
193
1601
2792
2422
830
760
1174
338
894
578
2858
3424
2769
2715
2391
215
3312
804
3984
1711
2660
657
1177
3996
3926
3455
3192
320
3102
3612
3945
4016
2678
3901
809
1285
2141
874
1602
1498
1411
3842
1952
870
3723
2066
516
950
2873
137
445
3144
1505
1348
1956
3633
1154
3040
330
2997
1027
3741
863
3289
875
1618
1965
3282
2781
2800
3616
1372
2158
659
2726
70
3569
2569
2605
1416
1524
3855
3957
3979
207
1892
3490
1161
3955
789
1819
678
1552
3343
3659
3948
959
833
3629
3802
3142
380
57
181
3371
1309
829
737
693
903
938
2388
1949
1497
1323
3438
614
1320
2420
2529
633
3107
857
3276
3544
702
1479
3454
3044
825
3962
745
3193
605
1188
2494
3614
3167
132
3512
1797
2228
2465
2942
1531
290
2379
2252
1939
2881
717
2349
111
154
3380
3960
74
3320
3160
1208
396
3310
383
586
1071
268
316
2851
1013
3597
2301
819
1830
3965
4009
1336
3862
3428
799
280
1240
2412
2226
2377
2589
466
2099
2505
1705
3980
2816
49
1905
728
2835
944
907
3529
2713
1633
1660
2426
3439
115
1850
2202
549
1969
723
1696
771
3022
1807
3281
2703
2219
3583
2692
811
166
3515
759
261
489
437
3172
2914
2775
2075
1297
3811
1459
1680
3196
2263
1102
3384
1808
3442
1402
1037
3579
2577
2322
208
3849
3790
94
2829
394
3527
165
3487
3801
3431
2847
23
1504
3356
1118
1337
861
2900
2318
1040
1307
1350
2449
3561
3121
2961
3827
3932
1140
3024
1769
991
2277
3796
138
227
2574
2739
661
1573
3180
3290
3837
3278
1553
881
149
3627
3574
3524
1631
2606
1440
1511
174
3516
3128
487
905
1512
930
1168
2338
3329
685
977
1315
1121
858
3407
206
1564
3304
3856
2695
855
31
3067
1761
1822
2857
2897
892
775
3170
3749
1676
313
3653
2298
4017
4014
2386
2918
2370
2811
844
374
5
104
1657
3643
841
3458
3053
3266
3546
73
351
2902
3317
2474
1546
3228
3570
350
2697
2580
3091
241
569
1873
3359
1521
3374
3859
491
237
3754
1991
3105
1023
3613
1811
33
2585
2019
1588
2145
2955
2758
1216
3885
362
378
2562
610
1904
1729
1862
2344
3112
2796
467
3831
200
1295
1996
3623
498
209
1872
2838
1780
522
1763
3822
3534
3833
2963
1767
3080
3874
803
808
3338
3987
4018
2972
455
1970
2246
3138
188
3153
3114
387
382
3397
217
2720
2733
3590
2407
2432
3807
761
454
2712
2342
1268
2891
4000
3620
2761
3619
689
864
365
2752
1784
426
177
4028
1632
102
726
479
3505
3559
4
1417
2012
1074
3798
2025
3690
147
3418
2766
684
767
3894
3675
160
3349
2167
163
2286
3327
3135
2166
798
3046
2514
1755
937
46
2502
2837
2008
1230
3999
3081
2431
1466
734
15
3828
3687
1541
1430
1606
3641
3954
3120
388
2977
1654
1642
816
1220
1392
958
2618
3537
3474
3459
3717
3942
1760
1042
1765
2867
180
329
1419
35
3175
3936
3502
3777
3576
4037
3657
485
1439
4004
876
3879
2740
3670
2255
490
3171
1798
3132
3477
849
865
2969
2875
2976
3774
3963
1302
1816
3953
3642
521
484
1627
1038
34
3700
508
221
3508
2709
3994
758
832
1549
429
3601
1785
118
244
1022
1414
1281
617
1739
1314
3236
17
3594
1674
3460
2284
3554
152
3585
3341
3346
822
2360
2861
1228
3181
257
3531
3779
3903
2710
595
488
1651
1239
448
275
4019
146
3556
1555
288
1544
83
3079
1990
3031
3064
2587
469
3805
286
3640
447
608
1012
2885
1578
1574
2737
10
3501
2080
1641
3286
2382
2189
2576
2650
1433
1299
1844
3765
3725
1077
335
807
110
4001
3436
249
893
945
3061
2728
3784
3851
48
2085
2584
389
673
1571
253
676
246
1982
178
457
2762
2831
3247
1924
533
219
371
403
2204
786
1088
1840
3582
3075
3539
3504
1870
262
818
883
1814
1394
1503
2424
240
3469
76
4027
3719
1737
682
562
572
3311
2451
3190
1492
2021
577
1055
1353
1693
2057
581
2666
418
3660
1362
1383
1856
3696
3809
1133
3760
2343
3157
2711
459
3163
3917
3202
3037
2450
2094
3222
157
3395
3156
986
2439
772
2714
2707
696
773
738
476
2487
1388
1630
194
205
196
1142
1703
736
2031
296
931
998
210
339
3781
3835
732
643
3300
3652
1378
2097
1108
109
2808
3178
297
984
3679
3098
3889
3598
2453
3739
1262
3462
3452
3573
2922
1774
16
2804
3177
1821
298
1448
3769
2441
444
537
441
2952
2310
3224
1756
1387
574
3762
706
623
1829
2841
502
3808
2493
2821
424
64
3054
2411
4035
611
1453
