0
4035
668
209
3987
852
4033
4029
875
2470
585
358
550
15
801
3230
3183
613
3650
1386
74
2596
255
183
1690
234
153
1558
3807
3854
138
1586
2595
97
3691
155
2481
3074
3678
3436
1194
1046
3991
4032
4036
4022
3984
4010
4024
4001
594
3980
3982
3994
3997
3998
4009
4014
4023
4030
3986
4004
4021
4031
3995
3981
4000
4038
4020
4019
4026
3988
4017
4018
4002
3985
3989
4027
3993
4013
4003
4011
4037
3996
3999
3992
4007
3990
4016
4025
4005
4034
3983
4006
4028
4012
4015
4008
2269
2457
3853
883
18
638
911
3748
1145
3453
1834
3729
3570
37
1206
3856
2569
3709
3031
210
3974
692
3935
602
918
3820
1581
624
2842
1119
1096
892
3451
607
608
891
11
43
3798
215
2195
287
114
1466
12
1560
674
447
3071
292
2079
335
244
33
3746
642
42
282
3268
3846
256
581
3407
233
145
90
1224
377
286
241
775
401
47
3885
749
52
1854
860
744
3808
179
2788
859
205
699
2541
468
841
443
2704
3875
305
2857
216
2814
2382
1270
3688
1233
70
1326
750
3942
3704
3732
1967
3282
279
1176
379
1430
1395
154
1394
3959
3134
1755
648
3589
1262
3125
1276
316
35
3922
3408
1065
3006
267
3879
3037
2740
160
2691
2792
182
2483
3801
386
904
301
81
383
1208
1693
1627
253
1027
157
1253
3744
49
3560
3717
1760
411
71
3733
899
2168
757
1071
743
854
2808
356
2442
247
112
667
294
3699
2922
76
3816
3689
2380
228
293
321
1353
61
3575
3413
454
3582
2178
191
785
1034
2975
3811
3375
660
2527
499
164
1362
1252
448
2714
2722
3928
2798
2998
240
656
207
2952
571
336
3597
3955
2860
1546
1105
717
1002
3467
855
174
884
893
832
790
2106
894
120
788
192
124
877
3121
3954
851
307
3978
453
865
262
384
2855
166
2204
572
270
220
3946
868
3952
1996
1510
1762
3686
3537
3953
2838
2441
190
3588
2971
2565
288
2963
1474
552
467
3003
3882
1383
3939
1969
289
3765
3565
1651
530
3965
406
3653
1856
945
673
327
201
3910
3673
1713
864
3897
1022
1937
866
652
3494
2885
206
125
3781
3619
3147
3865
202
802
996
1031
3887
858
3143
735
1797
1200
3271
704
1890
879
2015
3742
721
3694
895
2774
2817
825
873
1657
472
2437
798
464
264
3544
110
3637
3055
193
691
485
3676
1442
846
1776
610
3890
3844
1711
351
3227
3127
2736
2634
1476
1455
1346
910
887
870
3310
1157
245
1607
250
2692
1038
881
649
2431
2422
2230
1417
283
34
3849
3444
1057
871
869
349
1264
791
562
152
3787
3606
3489
2505
46
2167
874
3795
3059
2980
1777
872
700
371
890
796
593
1295
671
3925
