0
4026
859
674
4001
581
3570
1834
3230
1027
3853
4036
892
613
1386
114
891
893
757
692
3709
3688
3704
3885
3588
667
3372
3143
4011
2704
4028
3055
241
2595
1268
335
3031
301
43
1270
3432
379
550
648
1838
3686
3983
572
74
4022
18
3816
656
3183
652
377
2857
1395
2470
1586
3653
292
585
1233
37
3846
4015
447
1967
750
918
81
3820
90
1353
2596
3984
3910
167
1690
2691
1176
1046
1194
47
2483
255
192
49
3127
3074
2817
2774
3996
3181
2930
3251
3131
2902
3180
2732
871
858
881
879
867
876
808
895
883
875
873
870
866
864
743
699
884
850
832
852
717
771
704
887
885
877
874
872
706
700
788
786
886
882
878
861
720
795
707
794
782
722
690
742
847
843
799
732
725
689
821
740
869
888
863
804
755
880
837
814
812
711
756
844
779
770
787
774
752
724
738
889
831
809
797
793
792
765
758
739
764
728
703
842
830
815
781
769
766
731
727
726
701
698
696
694
693
687
855
854
853
851
848
846
845
841
840
839
838
836
835
834
833
829
826
825
822
820
819
818
817
816
813
810
807
806
805
803
802
800
798
796
791
790
789
785
784
783
780
778
777
776
775
773
772
768
767
763
762
761
759
754
751
749
748
746
745
741
737
736
735
734
733
729
723
721
719
718
716
715
714
713
712
710
709
705
702
695
691
688
890
856
849
828
827
824
823
811
760
753
747
730
697
686
708
3999
4005
1890
1208
1105
1002
1627
642
4029
744
894
860
801
4037
4017
594
4027
4018
4009
4000
3981
4004
4038
4014
4003
4035
4034
4031
4030
4023
4021
4020
4019
4013
4010
4002
3998
3997
3995
3994
3993
3989
3988
3986
3985
3982
3980
4025
4007
3990
4016
4012
4033
4032
4024
4008
3991
3987
3992
4006
2204
157
2437
2168
97
71
263
138
296
102
264
110
155
61
24
2245
1949
2277
3537
3897
3953
3445
3958
3515
3631
3879
356
2217
2015
2456
2548
2441
2439
2380
2100
1956
1977
2621
2528
2431
2316
2455
2373
1933
2162
2450
2113
2634
2614
2421
2487
454
2515
2014
2025
144
226
182
282
307
143
289
205
52
227
86
68
243
319
179
99
19
89
6
337
328
275
195
4
278
175
312
17
310
137
140
116
333
162
44
14
2
259
201
193
316
235
187
266
194
94
299
180
57
247
23
146
249
38
178
7
281
320
346
108
80
207
298
77
2650
2255
2170
2444
2349
2320
2076
2114
2535
2105
2008
2658
2346
2225
2011
2657
2626
1950
2660
2648
2016
1935
2639
1998
1991
2258
2454
1929
2486
2577
2119
2070
2321
1996
2503
2335
2248
2182
2656
2488
2424
2342
2227
2120
1922
1915
2152
2236
2193
2562
2448
2411
2403
2371
2089
2405
2173
1978
1936
2532
1989
2392
2554
2520
2363
2359
2164
2207
1969
2545
2311
2651
2361
2317
2219
2197
2023
2019
1962
2214
2275
2190
2140
2086
2490
2186
2539
2460
2308
2257
2104
2046
1918
3555
3806
3664
3801
3476
3911
3765
3755
3691
3669
3457
3976
3855
3544
3681
3463
3751
3582
3766
3954
3745
3871
3749
3744
3591
3572
3498
3776
3486
3736
3908
3548
3610
3743
3567
3665
3493
3716
3558
3920
3883
3520
3870
3792
3970
3932
3844
3895
3644
3508
3666
3933
3809
3783
3500
3478
3503
3965
3914
3818
3786
3516
3481
3670
3867
3827
3598
3504
3905
3536
3441
3452
3859
3868
3595
3890
3931
3767
3564
3863
3460
3649
3613
3479
3936
3615
3556
3837
3579
3635
3542
3640
3578
3952
3724
3671
3869
3833
3826
3794
3864
3843
3852
3450
3583
3814
3585
3891
3730
3702
3605
3527
3940
3817
3937
3901
3850
3698
3845
3611
3967
3602
3464
3917
3874
3857
3819
3628
3538
3881
3866
3823
3777
3623
3584
3524
3915
3510
3957
3774
3759
3757
3675
3966
3825
3770
3763
3969
3951
3903
3718
3711
3506
3703
3722
3636
3505
3491
3894
3682
3580
3909
3906
3829
3593
3918
3907
3865
3773
3678
3663
3472
3805
3799
3784
3522
868
865
2270
2452
2494
2378
2284
87
578
3904
3849
3925
3566
3530
3775
468
443
349
472
2647
2636
2633
2632
2625
2622
2613
2600
2591
2587
2585
2584
2583
2574
2570
2565
2558
2556
2549
2540
2527
2524
2523
2517
2514
2513
2505
2497
2481
2459
2457
2442
2440
2435
2426
2422
2412
2402
2397
2391
2388
2383
2376
2375
2364
2360
2357
2352
2341
2337
2331
2313
2301
2299
2287
2281
2278
2265
2263
2262
2260
2251
2238
2231
2216
2201
2200
2181
2178
2167
2166
2160
2159
2158
2156
2146
2130
2129
2124
2122
2106
2097
2094
2091
2082
2077
2061
2059
2058
2051
2050
2045
2044
2041
2037
2035
2034
2030
2027
2024
2022
2017
2013
2012
2006
1997
1992
1986
1975
1961
1960
1958
1957
1951
1934
1927
1924
1914
534
351
2449
2401
2192
2000
2604
2575
2552
2489
2446
2404
2309
2261
2220
2165
2131
2073
2005
1963
1938
2493
1928
1974
2531
2550
2427
2067
2322
2627
2365
2001
1980
1968
1921
2256
2568
2221
2069
2659
2620
2538
2297
2202
1999
1973
1931
1919
2413
2312
329
347
343
340
330
327
326
321
317
311
309
306
305
302
300
293
279
273
262
260
256
254
253
251
245
244
242
240
230
228
225
222
220
219
218
214
209
206
196
191
190
184
183
181
177
174
165
164
160
156
152
151
149
147
145
139
135
131
129
126
120
117
115
111
101
95
93
92
91
78
70
46
45
42
41
36
32
28
27
20
15
11
8
5
106
53
96
85
314
54
153
1
339
294
204
168
161
132
22
10
318
63
16
344
276
234
231
213
123
60
338
268
48
29
30
341
250
124
9
331
304
229
50
258
238
211
186
172
82
59
13
345
342
303
265
224
223
104
75
315
308
295
285
271
248
236
212
133
118
69
62
336
325
322
291
290
288
283
272
257
246
237
221
199
185
176
169
158
141
130
122
113
105
103
84
83
76
73
72
65
51
31
3
334
284
274
252
232
197
188
159
142
134
127
121
88
66
56
55
40
39
1442
1972
2210
2624
2593
2564
2551
2542
2526
2495
2482
2469
2464
2423
2410
2374
2356
2271
2240
2237
2229
2206
2188
2172
2136
2123
2109
2108
2103
2098
2095
2090
2088
2033
2021
2020
1993
1971
1953
1917
2324
2295
2611
2560
2478
2084
2536
1952
2466
1988
2501
2222
2208
2065
2415
2252
2177
2110
2425
2612
2416
2406
2362
2291
2211
1965
2390
2618
2358
2230
2126
2645
2640
2447
2171
2157
2116
2018
2009
2004
1995
1976
2655
2654
2638
2631
2630
2619
2615
2607
2606
2602
2590
2586
2579
2578
2576
2573
2563
2561
2559
2553
2546
2521
2507
2506
2504
2500
2499
2492
2485
2484
2477
2476
2467
2462
2443
2433
2430
2429
2418
2414
2409
2408
2407
2395
2386
2381
2370
2369
2354
2353
2350
2348
2340
2339
2334
2329
2326
2323
2307
2306
2300
2290
2288
2276
2253
2244
2233
2218
2213
2212
2184
2179
2154
2150
2142
2139
2121
2118
2115
2112
2093
2083
2078
2074
2064
2060
2056
2055
2043
2040
1984
1983
1979
1966
1946
1943
1925
2400
2389
2480
2438
2432
2396
2304
2228
2099
2518
2185
2305
2249
2529
2155
2635
2616
2496
1982
2479
2048
2603
2243
2026
2637
2628
2610
2557
2544
2310
2272
2205
2029
1930
2522
2163
2644
2641
2581
2580
2566
2534
2525
2474
2465
2453
2366
2318
2314
2296
2286
2242
2226
2209
2175
2145
2141
2135
2107
2102
2085
2080
2066
2057
2053
2049
2036
1990
1985
1944
2461
2144
2096
2038
2646
2623
2601
2589
2473
2428
2398
2393
2387
2379
2303
2302
2234
2147
2092
2039
2031
2010
2002
1964
1942
2652
2599
2572
2537
2509
2384
2325
2280
2274
2235
2183
2174
2075
2063
2054
2003
1987
1981
1970
1926
2592
2588
2571
2508
2434
2367
2347
2345
2327
2259
2232
2161
2127
2081
2072
1947
1941
1939
1923
1295
3575
3707
3658
3603
3780
3672
3547
3526
3471
3888
3712
3693
3496
3533
3884
3788
3654
3800
3642
3517
3945
3803
3604
3469
3841
3683
3596
3550
3540
3978
3948
3934
3930
3873
3851
3824
3797
3501
3461
3448
3979
3977
3975
3974
3973
3972
3971
3968
3964
3963
3962
3960
3956
3955
3950
3949
3947
3946
3944
3942
3941
3939
3938
3929
3927
3926
3924
3923
3922
3921
3919
3916
3913
3912
3902
3900
3899
3898
3896
3893
3892
3889
3887
3886
3882
3880
3878
3877
3876
3875
3862
3860
3858
3856
3854
3848
3847
3842
3840
3839
3838
3836
3835
3834
3832
3831
3830
3828
3822
3821
3815
3813
3812
3810
3808
3804
3802
3796
3795
3793
3791
3790
3789
3787
3785
3782
3781
3779
3778
3772
3771
3769
3768
3764
3762
3761
3760
3758
3753
3752
3750
3748
3747
3746
3742
3740
3739
3738
3737
3735
3734
3733
3732
3731
3728
3727
3726
3725
3721
3720
3719
3717
3715
3714
3713
3710
3708
3706
3705
3701
3700
3697
3696
3695
3694
3690
3689
3687
3685
3680
3679
3676
3673
3668
3667
3662
3661
3660
3659
3657
3656
3655
3652
3648
3647
3646
3645
3643
3641
3639
3638
3637
3634
3632
3630
3629
3627
3626
3625
3624
3622
3621
3620
3619
3618
3617
3616
3614
3612
3608
3607
3606
3601
3600
3599
3597
3594
3590
3589
3587
3586
3581
3576
3574
3573
3571
3569
3568
3565
3563
3562
3560
3559
3557
3554
3553
3552
3551
3549
3546
3545
3543
3541
3539
3535
3534
3532
3531
3529
3528
3523
3521
3519
3518
3514
3513
3512
3511
3509
3507
3502
3499
3497
3494
3492
3490
3489
3488
3485
3484
3483
3482
3480
3477
3475
3474
3473
3470
3468
3466
3465
3462
3459
3458
3456
3455
3453
3451
3449
3447
3446
3444
3443
3442
3440
3439
3438
862
857
1151
1474
1759
2642
2617
2498
2463
2394
2330
2282
2254
2247
2246
2203
2187
2151
2071
2068
2052
2028
1955
1940
1920
1916
136
1263
1022
665
600
603
589
611
597
592
657
675
670
643
628
627
582
684
619
605
655
633
660
639
647
632
599
595
577
681
661
650
640
617
612
678
579
623
622
405
649
202
448
635
1510
1887
3961
3861
3723
3487
3454
435
571
453
437
403
478
451
466
399
568
529
510
429
470
359
422
501
393
533
528
1912
407
609
418
365
421
409
425
380
532
464
554
509
424
565
523
491
531
570
558
445
371
369
548
489
397
382
361
354
564
364
166
669
1760
929
2653
2643
2609
2605
2598
2594
2582
2533
2519
2511
2502
2475
2472
2471
2468
