0
3985
4008
892
90
1627
3183
3006
3729
2596
608
18
3820
1096
2422
157
1200
3709
3570
3959
3582
70
3733
154
2732
74
3408
76
233
674
3885
2808
613
305
3560
581
3765
262
216
205
125
3704
2195
153
1854
1394
3989
279
3230
448
283
1176
3071
183
447
210
2842
4022
638
292
4010
3699
12
2595
841
3748
468
2971
3928
3846
3121
3801
256
3131
155
1027
179
879
869
796
837
767
725
851
832
836
733
730
793
740
795
785
802
742
826
855
798
714
707
769
711
833
782
746
797
759
870
866
864
859
871
858
873
872
876
779
765
741
739
708
835
890
838
831
807
792
761
754
880
728
887
770
847
755
737
720
715
700
888
863
753
849
845
834
764
747
703
695
694
850
813
781
774
766
736
726
705
688
856
854
853
852
848
846
844
843
842
840
839
830
829
828
827
824
822
821
820
818
817
816
815
814
812
810
809
808
806
800
799
794
791
790
789
788
787
786
784
783
780
778
777
775
773
771
768
763
762
760
758
757
756
752
751
750
749
748
744
738
735
734
732
731
727
724
723
722
721
718
717
716
712
710
709
706
704
702
701
697
696
693
692
691
690
689
687
895
894
893
889
886
885
883
882
881
878
877
875
874
867
861
860
825
823
819
811
805
804
803
776
772
745
729
719
713
686
698
891
4006
4025
4037
4027
3986
4038
4026
3982
4019
4016
4030
4012
3993
4018
4014
3981
4036
4034
4033
4024
4021
4020
4017
4015
4009
4007
4005
4004
4003
4000
3999
3998
3997
3996
3994
3991
3990
3988
3987
3983
4023
4013
4002
3980
4031
4029
594
3995
3992
4028
4011
4001
4032
3984
4035
3606
3875
743
801
2817
3897
3859
3732
3745
3952
3932
3513
3887
3735
3580
2774
2767
3251
2963
2798
3375
3197
2688
3270
3839
3876
3552
3736
3457
3854
3647
3632
3857
3595
3726
3473
3953
3746
3443
3489
3572
3671
3446
3662
3890
3882
3603
3751
3727
3834
3789
3607
3954
3653
3770
3458
3498
3681
3781
3483
3840
3843
3977
3728
3908
3567
3541
3696
3641
3665
3493
3844
3716
3616
3439
3659
3469
3912
3743
3725
3863
3524
3564
3907
3867
3740
3459
3861
3835
3773
3627
3549
3490
3976
3896
3870
3833
3810
3643
3631
3620
3539
3466
3883
3516
3708
3965
3899
3906
3667
3881
3768
3738
3528
3866
3782
3956
3610
3499
3949
3900
3758
3468
3865
3713
3520
3950
3593
3754
3869
3718
3568
3534
3511
3509
3731
3933
3920
3664
3966
3926
3838
3658
3543
3542
3518
3850
3644
3799
3919
3639
3613
3562
3791
3587
3565
3809
3823
3460
3553
3508
3767
3629
3442
3837
3836
3945
3915
3895
3777
3668
3602
3510
3947
3826
3714
3486
3452
3827
3815
3636
3608
3590
3505
3642
3845
3485
3682
3679
3868
3819
3904
3849
3742
3546
3538
3536
3784
3693
3772
3817
3796
3760
3712
3604
3491
884
3551
3961
3925
3566
3530
3504
3673
454
443
662
665
576
681
628
670
640
632
599
583
582
577
658
650
615
600
578
655
612
3307
3192
2752
192
293
174
138
294
71
263
296
68
51
111
140
2821
3376
3153
3180
3427
2895
3309
3425
2926
3156
2762
2799
3088
3418
3069
3127
3055
3315
3292
3217
3352
2935
3333
3030
2804
3368
3066
2933
3008
3311
2879
3227
3318
2703
2699
2670
3196
2984
2692
3310
3083
3063
2886
3436
2759
3189
2783
3181
2902
2997
3294
2773
2884
2749
2663
3286
3249
3042
2802
3216
3122
3275
2889
3200
3306
3317
3269
3421
2712
3171
3428
3430
2967
2805
3130
2888
2745
3341
3109
3041
2841
3247
3300
2710
2924
3146
3102
3237
3213
2673
3369
2918
2816
2801
3417
3414
2986
3228
3220
3184
3166
3105
2960
2908
2852
3124
3093
2810
3215
3117
2772
2702
2664
3119
3029
2945
2794
2782
2954
3075
2690
3272
2812
3319
2668
3139
3104
2851
3383
2787
2671
3406
3377
3355
3281
3106
2720
3167
2955
3050
3120
3301
3431
2818
2811
3303
3023
2706
3345
3212
2701
3433
3400
3394
3390
3238
3158
3129
3000
2944
2854
2809
2738
2731
2681
3232
3195
2917
2891
2669
3135
3054
3004
2993
2987
2940
2928
2907
2890
2862
2835
2777
2741
2729
3387
3339
3098
3064
3047
2911
2896
2873
2872
2867
2827
2815
3274
2937
2823
3277
2856
3426
3363
3348
3284
3096
3022
2988
2906
2839
2755
2698
2689
3327
3240
3151
2844
2843
2716
3411
3351
3347
3321
3224
3140
2901
2674
3164
3061
3038
2693
3397
3132
3115
3409
3201
2784
3043
3374
3357
3138
3048
3034
2795
2709
3371
3359
3241
3223
2990
2900
2779
2711
2686
3085
3056
2942
2925
2905
2866
2694
3415
3346
3246
3159
3018
3350
3285
3210
3113
3086
3076
3024
2682
2662
3154
2829
3244
3091
2947
2934
2820
3378
3297
3239
3199
3169
3082
3049
3016
2980
2936
2853
2753
2737
1147
3548
3721
3683
3559
3488
3471
3957
3913
3864
3832
3717
3702
3691
3670
3654
3649
3617
3594
3523
3514
3467
3618
3496
3888
3626
3521
3964
3752
3612
3554
3625
3611
3756
3737
3656
3573
3550
3512
3800
3545
3475
3962
3929
3880
3461
3873
3677
3674
3971
3842
3734
3979
3975
3974
3973
3972
3970
3969
3968
3967
3963
3960
3958
3955
3951
3946
3944
3943
3942
3941
3939
3938
3937
3936
3935
3934
3931
3930
3927
3924
3921
3918
3917
3916
3914
3911
3910
3909
3905
3903
3902
3901
3898
3894
3893
3892
3891
3889
3884
3879
3878
3874
3872
3871
3862
3860
3858
3856
3855
3852
3851
3848
3847
3841
3831
3829
3828
3825
3824
3822
3821
3818
3814
3813
3812
3808
3807
3806
3805
3804
3803
3802
3798
3795
3794
3793
3792
3790
3788
3787
3786
3785
3783
3780
3778
3776
3775
3774
3771
3769
3766
3764
3763
3762
3761
3759
3757
3755
3753
3749
3747
3741
3739
3730
3724
3722
3720
3719
3715
3711
3710
3707
3706
3705
3703
3701
3700
3698
3697
3695
3692
3690
3689
3688
3687
3686
3685
3680
3676
3675
3672
3669
3666
3663
3661
3660
3657
3655
3652
3651
3650
3648
3646
3645
3640
3638
3637
3635
3634
3630
3628
3624
3623
3622
3619
3615
3614
3605
3601
3600
3599
3598
3596
3591
3588
3585
3584
3583
3581
3579
3578
3577
3576
3575
3574
3571
3569
3563
3558
3557
3555
3547
3544
3540
3537
3535
3533
3532
3531
3529
3527
3526
3522
3519
3515
3507
3506
3503
3502
3500
3497
3494
3492
3484
3482
3481
3480
3479
3478
3477
3476
3474
3472
3470
3465
3464
3463
3462
3455
3450
3449
3448
3447
3445
3444
3441
3438
857
3797
3779
3684
3633
3621
3609
3586
3517
865
1890
1208
3385
2744
3298
3144
2819
3302
3214
3101
2965
2781
2831
3432
2790
1693
979
1562
1760
598
633
611
621
603
573
631
682
657
644
618
579
586
647
639
535
390
530
666
623
619
365
1762
1654
1455
1506
1263
679
3723
3487
3454
351
486
478
512
361
654
424
381
518
562
557
474
354
480
393
198
499
467
453
349
466
464
685
684
680
675
672
671
668
664
661
660
659
646
643
642
636
635
627
626
625
624
622
617
605
597
595
592
590
588
575
355
440
528
382
367
501
364
445
352
510
504
469
495
620
673
652
610
587
502
490
489
539
410
371
