0
2269
3748
4024
1386
1145
674
638
43
2079
3006
2788
377
35
3689
3984
2842
12
4035
550
210
613
3820
607
4008
1119
4015
335
209
114
3650
801
292
3856
3853
2195
585
74
4010
3230
1834
692
3453
2596
3709
3570
2569
287
215
608
11
447
2457
1096
3451
918
1560
358
2470
3935
1466
668
4022
3974
3031
3729
3071
624
602
37
18
892
883
875
1581
911
3183
3798
1206
15
891
3987
4012
33
4001
4029
42
3268
642
3846
3407
282
3746
244
581
233
256
145
4036
3983
3807
286
4032
1224
860
90
3808
1755
241
3885
401
234
47
1394
160
4034
3959
1176
648
3688
1270
699
1854
1430
1276
4006
3704
154
3922
2857
2704
2382
267
3854
255
1967
750
52
2740
749
3879
3282
1395
443
4028
1065
775
468
183
3134
205
841
3942
2541
279
2814
3732
3125
1326
1233
70
3875
3408
1690
859
379
305
1558
138
3589
1262
216
744
316
153
179
3037
904
2792
1046
2691
3991
3801
356
81
1027
301
3992
386
1693
899
383
157
71
61
4033
3744
4005
3699
2798
2595
1586
1208
182
155
112
1627
1252
854
667
97
3733
2168
448
191
164
4007
3996
3582
3560
3413
3375
2860
2808
2714
2483
2481
1760
1353
785
4025
3928
2722
2380
1253
1071
656
411
253
207
3990
3717
571
294
228
76
4016
3691
3597
3575
1546
240
3467
2922
2178
1362
1034
757
454
49
3999
3811
2952
2442
743
660
499
336
293
247
3955
2975
321
4011
1002
4037
3816
1194
4003
4038
4031
4030
4027
4026
4023
4021
4020
4019
4018
4017
4014
4013
4009
4004
4002
4000
3998
3997
3995
3994
3993
3989
3988
3986
3985
3982
3981
3980
2998
2527
2204
3537
3686
3121
894
884
289
3953
3952
3882
3653
3588
3565
2838
1969
996
790
3965
3897
3494
2441
1762
1474
1200
865
594
467
307
220
202
166
124
3946
3673
3003
2971
2963
2565
1937
1383
1105
945
877
868
852
851
652
530
327
288
206
174
120
3978
3910
3865
3849
3839
3795
3781
3765
3619
3143
3059
2885
2855
2817
2671
2431
1996
1856
1776
1651
1510
1031
832
735
704
673
384
270
262
250
245
201
192
190
34
3977
3970
3939
3893
3890
3844
3745
3678
3676
3632
3447
3372
3310
3271
3227
3217
3147
2980
2899
2824
2736
2634
2358
2230
2219
2106
2100
1890
1759
1713
1711
1657
1640
1579
1486
1346
1297
1295
1264
1157
1151
1147
1133
1022
929
893
858
855
846
788
721
717
649
572
552
485
371
347
269
264
152
125
110
27
3979
3976
3975
3973
3972
3971
3969
3968
3967
3966
3964
3963
3962
3961
3960
3958
3957
3956
3954
3951
3950
3949
3948
3947
3945
3944
3943
3941
3940
3938
3937
3936
3934
3933
3932
3931
3930
3929
