0
884
4001
4022
145
602
3589
2722
305
775
3959
443
648
904
4034
4019
4006
3691
2457
1856
3742
2569
335
3588
321
241
138
2079
191
3746
3859
3865
441
468
899
114
3798
3853
1395
286
316
2483
74
301
1854
3699
918
642
3748
1510
2740
2975
340
2269
1220
4010
3071
1586
581
1168
162
3451
4008
256
228
3037
1105
699
798
887
358
3732
1096
801
744
892
154
3820
3453
205
244
1145
3125
3729
874
867
855
852
1046
1797
179
3985
4013
4004
4003
3993
3996
4032
4016
4038
4002
4005
4023
4018
4009
3989
4007
4012
3982
4037
4033
4031
4030
4028
4027
4025
4024
4021
4020
4011
4000
3999
3998
3997
3995
3994
3991
3990
3988
3987
3983
3981
4026
4014
3992
3986
3980
4017
4029
594
4035
4036
667
4015
3984
786
717
796
702
813
816
767
704
877
859
782
790
789
822
761
715
714
732
839
802
791
725
689
833
691
736
712
707
837
768
735
854
740
836
794
890
777
864
885
894
881
870
779
847
846
826
778
773
848
787
753
709
734
880
710
873
795
760
700
764
733
726
724
720
844
834
818
774
772
762
705
694
693
690
824
845
815
807
759
741
730
853
851
850
843
842
838
835
832
829
827
821
820
817
814
812
811
810
809
808
806
799
788
785
784
780
771
769
766
765
757
756
755
751
749
746
743
742
739
738
737
731
728
723
722
721
711
706
695
692
856
793
781
763
727
716
831
819
800
797
792
783
770
758
754
752
748
718
701
697
696
688
687
893
891
889
883
879
878
876
872
871
869
866
858
840
830
828
825
823
805
803
776
745
719
713
708
703
686
888
886
882
863
861
849
747
729
698
804
895
875
860
750
841
262
220
267
61
279
2
1937
2106
2251
32
226
151
144
115
47
174
81
296
19
195
139
86
46
333
183
278
131
102
182
6
110
319
23
273
143
192
41
140
111
343
310
214
149
116
20
259
193
206
181
4
318
38
281
251
153
77
283
237
76
314
96
3
1
311
208
175
105
117
29
270
221
62
10
222
50
258
85
212
165
268
238
159
302
254
101
57
178
53
299
194
180
2732
1974
2015
2632
1996
2263
2527
2181
2178
2256
2450
2439
2100
2421
2162
1922
2238
2113
2034
2255
2245
229
184
54
27
16
176
346
337
328
327
326
317
312
309
307
306
295
293
292
289
288
275
269
264
263
255
253
250
247
245
243
242
240
234
233
230
227
225
219
218
216
210
209
201
197
190
177
167
164
160
155
148
147
137
135
133
127
126
120
112
108
103
100
99
97
95
93
91
90
89
83
79
78
73
71
70
68
52
51
49
44
43
39
36
28
22
17
14
8
2130
1915
2444
313
260
152
146
129
87
65
338
347
341
285
257
199
172
168
84
9
204
130
7
5
334
291
252
121
106
345
344
284
274
272
271
248
236
235
232
224
98
45
21
332
324
315
280
265
261
239
196
188
185
158
156
123
109
82
69
66
40
31
25
342
331
325
323
322
303
298
297
290
277
276
231
223
211
207
203
200
186
170
161
142
141
134
132
118
113
104
75
72
63
60
59
55
30
26
13
330
320
300
266
249
187
94
92
88
48
24
3336
3074
2817
3372
2902
3408
2721
3048
2926
2899
3427
3338
2736
2634
1934
2650
2515
2486
2349
2170
2360
2014
1957
1991
2011
2025
1914
2657
2626
2337
1927
2640
2633
2627
2435
2284
2000
2207
2622
2454
2182
2192
1928
2505
2197
1977
2558
2585
2297
2523
2070
2618
2548
2441
2431
2422
2402
2375
2342
2227
2160
2120
2119
2080
2493
2228
2412
2357
2455
2440
2371
2488
2341
2091
2089
1960
2361
2152
2534
2388
2411
2260
2129
2270
1998
2154
2574
2164
2311
2306
2136
2109
1963
2157
1918
2466
2278
2545
2638
2600
1986
1953
2654
2067
2186
2008
2504
2103
2045
2660
2659
2658
2656
2651
2628
2620
2614
2613
2587
2584
2577
2576
2570
2565
2562
2552
2535
2528
2513
2503
2497
2487
2484
2481
2476
2456
2442
2437
2424
2405
2397
2380
2373
2359
2322
2321
2320
2316
2314
2301
2286
2281
2277
2265
2237
2236
2231
2230
2219
2217
2204
2167
2158
2156
2146
2122
2107
2105
2097
2094
2076
2063
2051
2050
2041
2035
2033
2017
2016
2013
2012
2006
2001
1992
1980
1976
1961
1958
1956
1950
1949
1933
1924
2639
2225
2022
1968
1921
2575
2500
2331
2218
2112
2098
2090
2064
2020
1943
2416
2317
2834
2900
3069
2631
2586
2549
2489
2460
2352
2220
2213
2121
2073
2056
2005
1993
1971
1966
2346
2202
1935
2517
1965
1969
2604
2564
2556
2495
2410
2408
2370
2300
2123
2021
119
329
217
163
128
64
2514
2350
2252
2452
2432
2448
2291
2166
2036
2358
2449
2092
2453
2114
2557
2401
2648
2365
2159
2061
1999
1931
1919
2599
2145
2211
2085
2082
1952
2647
2636
2494
2447
2018
1951
339
308
304
246
213
169
125
122
67
56
202
80
166
467
3217
2893
3401
3376
2703
2699
3409
2804
3151
3325
3311
3045
3367
3088
2855
3407
3032
2852
2861
2801
3066
3163
2769
3126
2774
2799
3139
3358
2816
3398
3147
3200
3388
2963
2895
3133
3377
3203
3144
2961
3373
2947
3423
3283
3008
2982
2972
2879
3337
3279
3322
2935
3012
2983
3251
3180
3131
2805
2673
2891
2850
3310
3083
3227
3044
3422
2791
2859
3187
2889
2847
3156
2932
3389
3208
3050
2747
2715
2897
3091
2671
3276
3214
2760
3393
3236
2945
2907
3333
3121
3231
3303
3254
3110
2970
2787
3059
3010
2698
3381
3306
2707
3166
3084
3192
2831
2744
3248
3314
2670
3094
3383
3202
3095
2854
3286
3135
2917
3238
3380
3357
3194
3124
3058
3054
3394
3392
3080
3022
3260
3209
3399
3026
2915
2806
2683
3092
2994
2924
2681
3075
2844
2819
3123
2987
2981
2821
2783
3225
3204
3039
2840
2797
3418
3402
3264
3173
3064
2872
2664
3188
3109
2984
2901
3241
3296
2942
2758
3414
3234
2974
2960
2946
2743
3304
2839
2680
3219
3189
2686
2675
3253
2848
3292
3275
3107
2784
3023
2943
3365
3099
2996
2871
2723
3364
3243
3220
3184
3158
3119
3029
3025
3014
3000
2928
2864
2777
2763
2756
2729
3239
3021
3262
3145
3387
3384
3362
3348
3301
3232
3065
3033
2986
2985
2920
2919
2880
2800
2761
2754
2694
2689
3374
3215
3117
3093
3043
2727
3349
3211
2762
3339
3250
3174
3149
3098
3004
2993
2988
2966
2877
2786
2750
2749
2676
3395
3345
3249
3430
3426
3229
3104
3090
2851
2726
2710
3316
3274
3247
3116
3049
2904
2790
2785
2770
2687
3328
3005
2914
3391
3411
3038
2693
3256
2957
2941
2865
3341
2965
1353
3403
3360
3321
3291
3224
3140
2836
2822
2678
3434
3182
3076
3067
2937
2708
2701
3368
3201
3196
3072
3063
2999
2878
3344
3320
3111
3017
2950
2753
3258
3161
2641
2540
2318
2066
2099
2619
2606
2602
2579
2551
2546
2506
2485
2469
2464
2433
2430
2414
2407
2381
2369
2356
2353
2309
2275
2261
2206
2190
2165
2139
2124
2115
2095
2093
2059
2043
1984
1983
1979
1938
2522
2426
2568
2524
2229
2096
2060
2040
1989
2536
2542
2490
1988
2210
2312
1975
2233
2427
2177
2142
2304
1982
1913
2429
2055
2293
2048
2645
2583
2538
2378
2364
2171
2116
2027
2024
2009
2004
1995
1987
1973
1972
2655
2630
2625
2624
2615
2611
2607
2593
2591
2590
2578
2573
2563
2561
2559
2554
2553
2550
2539
2532
2526
2521
2520
2507
2499
2492
2482
2478
2477
2467
2446
2443
2423
2418
2404
2395
2393
2392
2391
2386
2376
2374
2363
2354
2348
2340
2339
2334
2326
2323
2308
2307
2299
2290
2288
2287
2276
2271
2262
2258
2257
2253
2244
2240
2234
2216
2212
2201
2200
2188
2184
2179
2172
2150
2140
2131
2118
2108
2104
2088
2084
2083
2078
2077
2074
2069
2046
2044
2037
2030
1997
1962
1946
1929
1925
1917
2531
2400
2610
2603
2480
2362
2242
2635
2605
2379
2163
2473
2329
2502
2415
2336
2274
2235
2222
2062
2519
2459
2413
2462
2390
2324
2101
2065
2029
1970
1964
2366
2305
2249
1954
2496
2438
2243
2644
2637
2612
2581
2580
2566
2525
2474
2425
2406
2403
2345
2335
2313
2310
2296
2272
2248
2226
2215
2214
2209
2208
2205
2193
2175
2173
2141
2126
2049
2023
1990
1978
1944
1936
1930
1923
2137
2571
2537
2518
2434
2419
2367
2280
2246
1939
2273
2128
2010
2653
2646
2623
2601
2560
2533
2463
2428
2417
2409
2399
2387
2383
2325
2303
2282
2267
2259
2174
2161
2147
2086
2058
2052
2031
2026
2019
1994
1981
1955
1942
2652
2572
2479
2396
2344
2232
2221
2199
2110
2075
2057
2002
1985
1912
2609
2597
2472
2471
2436
2347
2241
2148
2138
2135
2117
3410
3371
2990
3176
2781
2779
2662
2934
2845
3331
3191
3154
3077
2995
2958
2820
2682
3397
3330
3302
3297
3277
3270
3172
3169
3152
3101
3082
2992
2936
2849
2828
2796
2892
2684
2734
3332
3285
3207
3162
3086
3068
3062
3051
3018
2951
2921
2830
2739
2730
2685
1558
2643
2594
2592
2567
2544
2468
2465
2458
2445
2389
2377
2355
2332
2298
2295
2285
2279
2196
2183
2169
2151
2133
2125
2087
2072
2039
1947
1945
1941
3185
3290
2704
189
150
58
1264
1253
1071
3100
1254
1640
985
2617
2616
2598
2589
2588
2582
2529
2512
2511
2509
2498
2475
2461
2451
2394
2343
2333
2330
2294
2289
2283
2254
2224
2189
2185
2176
2155
2153
2144
2143
2127
2111
2071
2054
2038
2003
1940
1932
1926
1920
1916
136
1417
1133
1527
1776
1657
1244
1745
603
549
464
173
1143
974
393
198
356
501
399
386
532
572
498
516
380
466
1664
928
1713
3278
3265
2979
3034
2971
1034
1383
1546
1308
3432
2825
1865
1521
1838
1731
3436
3435
3433
3431
3428
3425
3424
3421
3420
3419
3417
3416
3415
3406
3405
3404
3400
3396
3390
3385
3382
3379
3378
3370
3369
3363
3359
3356
3354
3353
3352
3351
3350
3347
3346
3343
3342
3340
3335
3334
3329
3327
3326
3324
3323
3318
3317
3315
3313
3312
3309
3308
3307
3305
3300
3299
3298
3294
3293
3289
3288
3287
3284
3282
3281
3280
3273
3272
3271
3269
3268
3267
3266
3261
3259
3257
3255
3252
3246
3245
3244
3242
3240
3237
3235
3233
3228
3226
3223
3222
3221
3218
3216
3213
3212
3210
3206
3205
3199
3198
3197
3195
3193
3190
3186
3183
3181
3179
3178
3177
3175
3171
3170
3167
3160
3159
3157
3155
3153
3150
3148
3146
3143
3142
3141
3138
3137
3136
3134
3132
3130
3129
3128
3127
3122
3120
3118
3115
3114
3113
3112
3108
3106
3105
3103
3102
3097
3096
3089
3087
3085
3081
3078
3073
3070
3061
3060
3056
3055
3053
3052
3047
3046
3042
3041
3040
3036
3035
3030
3028
3027
3024
3019
3016
3015
3013
3011
3009
3007
3002
2998
2997
2991
2989
2978
2977
2973
2969
2967
2964
2962
2959
2956
2955
2954
2953
2952
2949
2948
2944
2940
2939
2933
2931
2930
2929
2927
2925
2923
2922
2918
2916
2913
2912
2911
2910
2909
2908
2906
2905
2898
2896
2894
2890
2888
2887
2886
2885
2884
2883
2882
2881
2876
2875
2874
2873
2870
2868
2867
2866
2863
2862
2860
2858
2857
2856
2853
2846
2843
2841
2838
2837
2835
2833
2832
2829
2827
2824
2823
2818
2815
2814
2813
2812
2811
2810
2809
2808
2807
2803
2802
2798
2795
2794
2793
2789
2782
2780
2778
2776
2773
2772
2771
2768
2767
2766
2765
2759
2757
2755
2751
2748
2746
2745
2742
2741
2738
2737
2735
2733
2731
2728
2720
2719
2718
2717
2716
2714
2713
2712
2711
2709
2706
2705
2702
2700
2697
2696
2695
2690
2688
2679
2674
2672
2669
2668
2667
2666
2665
2663
2661
990
3165
3057
3361
3355
3319
3263
2938
2903
2764
2725
1670
1476
1240
1164
920
1802
1411
3386
3164
3079
3020
2976
2968
2826
1552
1654
2649
2642
2629
2608
2555
2547
2543
2530
2516
2510
2508
2501
2491
2420
2398
2385
2384
2372
2368
2351
2338
2328
2327
2319
2315
2302
2292
2268
2266
2264
2250
2247
2239
2223
2203
2198
2194
2191
2187
2180
2149
2134
2132
2102
2081
2068
2053
2047
2042
2032
2028
2007
1959
1948
1265
907
1213
1134
3412
3366
3295
3168
3001
2869
2775
2752
2724
922
1042
1039
1911
1321
1626
1561
1384
1150
944
1860
1771
973
1711
952
1562
1103
1268
1832
1195
977
943
1769
1542
1524
1499
1138
1016
987
979
1577
2677
1387
1151
171
1814
1599
1295
1796
1723
1355
1450
1123
1748
1310
1260
1090
1836
1782
1485
1196
992
1031
1747
1363
967
1795
1063
1202
939
1754
1644
1312
1666
1607
1062
1905
1779
1266
1116
1368
1869
1739
1428
1249
1169
1788
1111
909
1365
1863
1442
1691
1120
1741
1401
1219
1816
1752
1737
1639
1380
1340
1250
1112
1004
1840
1759
1228
1127
1532
1181
1520
1480
1180
1056
1651
1239
1201
1084
1569
1851
1659
1632
1513
1484
1376
1182
1079
1821
1457
1302
1879
1789
1351
983
906
1304
901
1038
1547
1388
1331
1289
1288
1163
1130
1101
926
1006
1648
1601
1216
1403
1045
1665
1483
1280
1243
1117
1083
1040
897
1718
1618
1161
1904
924
1761
1721
1597
1399
1391
1845
1843
1734
1722
1594
1447
1370
1330
1156
1107
1026
1846
1621
1590
1467
1352
1214
980
947
1826
1750
1714
1608
1563
1551
1516
1471
1361
1341
1269
1255
1230
1124
1048
1868
1849
1827
1804
1712
1685
1668
1613
1605
1580
1559
1557
1554
1409
1402
1293
1287
1256
1211
1153
1149
1125
1047
946
925
912
1895
1493
1314
1186
1903
1379
1350
1044
981
957
1496
1348
1275
612
571
562
1682
1635
1587
1377
1135
1873
975
1292
1263
1051
1829
989
1413
902
1430
1068
1200
1221
988
1704
1478
1342
1170
1749
1152
964
1463
1841
1764
1576
1315
1298
1036
1432
1241
941
1508
1222
1884
1611
1596
1426
1227
1192
1115
1082
969
1790
1591
1578
1872
1655
1636
1592
1382
1381
1345
1277
1257
1129
1100
1015
1009
1503
1404
1166
1081
971
954
898
1495
1102
1770
1733
1661
1418
1296
1282
1158
1086
1066
1057
938
933
1819
1622
1539
1525
1390
1011
551
505
486
357
457
682
679
631
598
588
1830
1459
1231
962
629
611
661
657
573
589
623
574
1052
644
617
635
577
684
618
1412
1322
1229
630
670
632
685
622
619
662
647
681
675
658
643
627
600
583
664
592
1967
1013
554
459
435
540
429
1529
656
534
427
518
1128
1620
1598
1506
1238
1910
1453
1110
1070
915
1906
1738
1725
1709
1703
1686
1629
1338
1259
1236
1225
1167
1159
986
1885
1794
1646
1604
1497
1422
1160
905
1818
1183
931
1565
948
1778
1716
1595
1545
1475
1423
1204
1104
639
478
568
680
530
470
1844
1122
1075
1025
564
552
522
509
499
491
476
472
462
453
433
424
413
411
401
390
383
381
379
375
364
354
350
349
543
1800
1630
1616
1600
1528
1519
1416
1407
1344
1334
1329
1242
1209
1078
1054
968
541
521
601
519
382
535
437
448
371
531
449
415
372
477
369
469
1658
1374
1349
1113
539
1469
1121
1072
1174
1440
978
1683
1136
1726
1708
1678
1579
1203
1676
1534
1087
1705
1698
1433
1251
1073
1908
1687
1445
1325
1033
908
1806
1419
1369
1283
1077
1029
991
1803
1719
1641
1421
1301
1909
1902
1901
1900
1898
1896
1894
1892
1891
1890
1889
1888
1887
1886
1883
1880
1878
1877
1876
1874
1871
1867
1864
1862
1861
1859
1858
1857
1855
1853
1852
1848
1842
1839
1837
1835
1834
1833
1831
1828
1823
1822
1820
1817
1815
1813
1812
1811
1810
1809
1808
1807
1805
1799
1798
1793
1792
1791
