107
1684
1912
0
1986
2276
1608
2446
2213
2309
1431
2543
2329
2395
2224
2172
1361
1604
1823
2279
1746
1539
2550
1945
1984
3866
2945
3826
3755
2718
3078
1238
2913
2551
1675
1194
952
1979
1972
1589
1242
2598
1917
545
2176
2586
2118
2069
2714
172
2280
1688
3117
1946
1995
2151
2304
577
2662
2458
1871
2047
3437
3232
2487
1305
1199
3082
3819
2135
1496
2774
3004
297
3141
925
3023
3397
3573
2665
3192
2502
766
3275
1117
1782
800
1129
2467
1229
2419
1605
3816
1178
2184
1322
1645
2929
1868
2283
305
395
1308
1997
3501
211
3567
92
2108
2532
3584
62
1004
705
2921
1520
2834
3808
3446
1438
423
636
902
2839
1621
2986
1504
3038
980
1516
2125
1796
2352
1266
2199
2169
1644
2102
1918
302
3943
3162
2083
3589
3113
3845
1189
2671
1783
3963
1410
1376
1712
2460
3131
3848
2522
2085
568
1747
957
3415
2104
3783
3596
491
176
1900
4010
212
3204
181
1867
1336
1602
2636
3812
1964
3331
1437
215
680
1099
198
544
724
89
926
467
1114
2019
3092
2907
165
353
3385
2848
1090
3864
2107
2079
3024
829
3184
2204
3825
936
2562
82
3421
1435
2673
1091
2983
618
3326
60
3640
3628
3242
1046
2695
1140
1778
1332
1803
1442
2744
3918
1567
686
1076
1725
3491
3027
2539
2223
2682
2876
514
866
592
3865
284
3268
944
3061
245
86
2971
3897
3443
3119
292
3914
2493
2434
3548
1515
2190
3245
1021
162
967
3000
1914
1213
1338
1055
1619
1622
203
112
3074
2605
2709
2243
1931
185
2796
2
3722
671
3780
55
2401
2899
2767
2965
2733
3474
2414
524
294
2242
517
2035
519
570
873
558
675
550
433
2044
763
466
2829
3532
3579
2846
3253
17
736
2783
622
1167
266
536
991
1007
981
3575
3353
3254
4002
1059
1845
1481
1085
1120
864
2815
3730
1378
3608
255
1789
4021
1286
3294
3689
2862
2177
173
3551
2349
3740
1215
3086
411
2067
1505
3586
1970
1283
2786
1601
477
1597
1748
1760
478
3514
1287
3190
1787
1484
387
3560
1289
2779
2932
450
2844
3132
195
1693
2634
3511
28
1295
2656
644
136
3381
1495
3395
3417
1543
2383
1876
3314
3735
739
424
2443
4023
2713
2449
3378
2427
1455
68
251
3361
1310
1781
1531
3360
417
26
1173
2763
2328
3152
340
3296
1522
3097
1518
3671
3110
1666
773
1749
3777
2385
492
1425
169
3158
651
1351
3121
2657
141
1791
8
122
3696
2593
1273
2559
2440
1026
3714
3662
1689
2712
2240
3393
325
2164
2136
2477
336
646
2623
1940
2968
413
2990
309
2032
459
409
2880
929
456
1014
3240
3910
523
3535
2922
2560
2131
350
3449
1043
3597
3854
2343
2509
143
1790
1009
708
1475
619
917
564
1728
3407
830
670
1609
845
3406
3743
3187
3375
2531
494
1745
3445
1183
2856
2894
3697
2452
3500
129
3667
1044
1540
904
3706
2754
3680
758
3966
3806
3643
3718
3951
2668
1143
587
2459
398
3620
46
661
1355
61
1325
1639
827
2683
1400
4022
563
201
2490
526
1318
2033
935
965
1402
1382
3894
3073
2356
2881
3012
728
3949
1020
3025
174
741
2157
2048
1049
1566
945
1364
585
860
1713
150
1223
3950
1536
2501
385
722
3934
995
223
90
1095
1810
1827
455
1422
986
2536
30
1010
3957
3921
3693
3127
640
1615
228
649
2698
3037
3197
867
1643
3513
2262
1397
1638
3111
1311
2207
3363
3271
1456
3896
311
99
3149
923
2731
3682
1897
3883
2814
1094
1190
2517
134
426
1840
1838
3967
253
2884
968
2769
3451
1681
553
1066
3576
642
634
2198
2895
2022
1957
462
1307
1600
1294
1251
2626
2759
1346
3182
3898
2483
1467
2857
3384
2917
3754
3733
346
2442
3335
335
2663
3317
1824
2589
933
272
3927
1856
4037
2887
81
1859
3179
3177
853
304
189
2704
2725
3070
4003
3143
730
3805
2780
916
3708
1217
2054
3547
37
3020
35
525
1136
3969
3648
704
1649
2246
3962
2408
1257
375
2608
2646
2122
59
2526
3201
3900
2134
29
441
576
431
3100
1488
339
515
263
885
2300
447
2928
3136
2778
2793
3032
1256
161
1371
1232
973
65
1328
1293
3987
1149
691
1691
3312
380
874
362
488
889
2398
151
806
344
667
3687
2463
19
52
865
238
731
1842
1260
762
114
979
1124
1227
16
1284
3480
569
769
2222
2355
3668
3174
465
1237
549
2331
3155
1053
2897
787
1098
1279
3422
879
2987
391
513
1574
1206
654
842
1831
812
6
1133
2138
2773
1031
729
1208
1342
1358
813
1315
880
3855
1784
3853
2322
3986
2740
746
1773
615
1028
3562
2200
2404
2229
480
3366
3926
2631
3942
1672
63
2001
616
1765
415
765
73
1936
2591
534
3428
976
1624
975
3887
1439
590
3226
2835
2927
1192
605
5
655
915
1082
696
179
2719
3191
983
506
4008
3715
442
1341
2261
3982
3681
1818
4009
186
2510
1650
1461
3364
608
840
2466
1473
2106
1853
596
2537
3928
3923
784
1578
1715
3496
1805
420
408
3598
1756
1147
1245
924
725
2821
1027
1182
3208
3178
1707
3053
1981
1236
2072
3342
628
3655
539
3990
1092
1695
1054
3009
3618
3893
1623
2186
3328
832
1065
3702
1506
2252
3912
789
3497
2341
399
2116
1991
3621
1594
3521
3188
1971
2879
2828
3959
1374
2369
2841
3231
1414
3478
3820
2056
2380
837
3732
2163
2620
1797
1883
2595
1593
2272
256
2402
3071
1077
1186
3056
1935
1654
3716
2639
371
554
760
1319
3979
1072
689
3700
3932
498
1592
3728
3325
2239
1249
856
3666
3060
2715
3872
2568
3678
3301
1850
3309
3844
516
2962
3975
3336
3784
584
2941
239
2674
2721
206
333
2221
2049
932
2797
2813
1482
3095
2263
3564
2676
2255
3062
1792
1181
1706
2872
217
883
3980
2146
1671
3238
2782
2937
1134
2351
2397
2768
3724
3691
1354
3039
12
3585
3524
2653
2791
2632
1116
753
2882
843
15
1909
3135
869
3904
2686
3770
3398
3458
2722
846
3419
289
3134
3885
721
3284
2066
3803
2953
1138
3789
425
826
3217
2875
3988
3690
3813
3731
2752
3306
3781
3171
2491
3329
1276
3293
1969
892
209
3533
3094
4012
2486
2621
3765
3768
2747
3470
3858
3058
3307
1403
2838
3665
2453
906
138
2265
3346
3410
2303
1934
1081
822
80
1924
3304
2480
3423
3227
3463
4000
1201
1530
2576
1987
3663
3357
4014
3471
316
22
317
3995
3116
2342
359
56
3821
430
3505
720
3750
1451
3685
2149
2372
322
2485
412
3348
2827
1766
2364
668
1606
1212
1616
3063
633
1179
695
490
3956
1379
941
1501
713
448
2289
252
759
1447
3154
3206
603
2619
2575
2326
1590
542
2386
2348
2590
665
2555
533
3841
1704
1247
717
1959
703
1642
699
3026
1125
3383
893
556
3922
647
1732
772
1317
3377
1828
505
1835
2749
1553
1198
1947
681
2111
3550
1976
2906
1454
2900
1271
1210
220
2426
2993
3624
464
3159
1228
1500
3810
3129
1111
3776
3797
1074
1887
1388
1389
1156
578
1100
625
407
440
2530
660
2661
3520
950
376
2194
2409
2266
1925
583
676
281
1717
970
2883
3606
1267
1625
2133
2028
115
663
783
2150
2548
1106
1793
1025
948
2966
3075
2195
461
2936
3151
3434
2567
677
831
2609
3874
3952
1941
2594
3241
2670
1188
358
41
390
3198
3069
1288
509
225
288
364
1416
1568
435
3972
2267
1421
3807
75
3944
3948
3019
3176
2027
1452
1314
3432
1084
820
858
1123
1418
555
1115
1231
2787
3183
1019
614
1064
3862
1039
315
4031
993
332
1184
3587
3870
345
170
3736
1507
97
326
1729
121
690
1963
2339
2546
3223
2919
1309
2093
755
3842
794
3645
1408
2026
3984
1848
2299
2607
3101
163
955
855
870
1814
381
1705
1145
630
3007
248
857
3089
3219
3234
1711
1830
745
575
1999
47
3899
1169
1595
2406
2144
2013
1726
588
2227
3737
3860
207
244
1755
1656
2816
3850
767
1708
3744
781
1904
1866
1041
1812
1751
1244
51
3692
42
3993
1349
2095
3677
1862
3720
2499
1394
184
653
694
3622
2089
280
3510
2629
3832
1954
2743
716
1898
3823
3901
2206
1542
3941
2599
105
3376
2996
2706
2943
586
1761
1741
4028
393
1105
361
1857
1426
589
2156
2785
510
2972
1433
2130
3345
809
1757
1555
208
1858
2428
3798
631
3657
2450
620
3964
1187
761
3742
1489
363
1200
715
1369
1660
1635
1060
2707
4013
1677
1497
1844
1628
1502
3498
1409
2330
1265
734
627
2677
2958
1142
260
1569
3610
403
2470
2825
1449
3034
3411
1758
2963
14
3656
241
2361
1905
1001
894
1412
2806
3091
2735
3042
3953
2057
3015
2081
1742
3999
1738
2824
1779
2498
579
2798
1476
2855
2390
1372
3487
320
3522
2916
457
436
23
876
3852
2979
2235
2321
327
2860
2437
851
3120
1916
39
383
839
3273
3048
1296
1906
175
903
116
222
1939
405
296
875
3507
1420
887
2658
2489
1579
2970
3775
3447
801
3913
652
2554
2365
4018
2247
3225
3045
1523
2034
3875
1291
3467
1908
438
1911
985
278
2016
2701
3857
3222
3109
2976
2612
997
1333
1581
1083
1834
1008
1710
1503
1696
3435
2896
2569
3166
166
3350
3590
3341
1974
2699
33
3107
3915
3515
3759
2836
3199
2249
1697
1923
334
1896
3484
44
50
3539
3654
978
1950
2270
2248
446
3465
3580
2315
1537
582
3389
3599
1780
1801
3642
1219
3405
1885
3729
3581
2878
3488
931
1563
2691
3333
3889
1022
1521
3929
2325
2622
2571
602
3991
2127
3641
1990
2641
3635
3773
977
227
3673
3937
2465
3210
27
1460
1721
1334
187
3574
3612
1517
3554
1528
1195
3632
3709
1561
3308
3713
3542
57
3669
1239
3594
3630
474
1428
2842
3717
3552
135
3239
3752
71
95
313
3946
78
3413
3699
48
43
2076
2647
321
1965
1560
1865
1982
2152
2762
3102
1224
2580
38
1150
3236
2980
3200
3047
374
3229
3228
3318
2746
2964
3879
1432
1193
1118
1508
3721
3710
1727
3739
1759
2924
1109
951
3125
914
2648
1548
1511
3249
3402
2082
3636
2205
3571
3958
1427
3835
954
609
291
591
1685
1056
2302
257
197
2393
2288
1306
612
3041
1582
87
1591
3971
3457
258
2597
2293
756
1312
2975
2124
2454
531
1407
3763
1051
1141
3084
1483
382
2052
2415
1269
1347
3098
841
2563
560
1994
749
905
2416
1443
1870
224
199
4035
298
396
666
2285
2469
792
1339
1003
1023
3438
2934
3751
3617
1937
1000
1640
3387
3257
4001
3985
324
911
3064
571
1813
1469
2818
2795
1440
3316
13
3638
2558
3762
2627
1771
2297
2583
910
1144
2667
2307
3352
1627
2961
714
987
285
742
3609
3157
1886
871
1185
988
1583
1587
1423
1277
994
751
688
2191
3895
1734
1330
1551
370
3344
3145
726
3424
3998
3867
421
1259
2564
2077
4020
270
771
2370
956
1163
1300
744
2508
743
684
814
1387
1514
580
3996
414
3096
3040
1955
2292
2333
3637
1513
1130
2557
1458
963
1816
732
3556
1878
493
2462
1499
2189
617
2244
2053
3323
2187
3490
3281
3766
188
659
2672
3052
3468
3103
3140
1048
3303
3748
1290
786
1750
379
2024
401
3778
1234
1875
1108
3664
1068
859
3163
295
2679
1282
1882
1774
877
2817
3476
1658
1808
3769
1617
1618
1524
2014
1533
1063
1313
1052
3123
3137
3441
3233
1772
1680
3931
2528
797
1549
561
1012
1240
1637
352
2009
881
1699
639
4016
2684
2708
1062
1436
3619
752
687
938
470
1820
2291
1324
1874
2611
3028
439
3774
3319
2999
3156
323
247
2121
1869
1817
2418
707
810
2359
2154
2064
1614
1172
4015
3456
1852
611
2188
1836
2474
807
2173
4006
657
276
1651
3036
109
2183
3563
821
2256
2481
1209
1832
3088
2432
1926
2208
2017
240
1646
2373
3261
2366
629
2479
3339
2955
971
3327
2379
2264
1119
146
406
711
308
328
3767
2570
522
2527
2012
365
3906
443
1406
1960
1006
1895
1101
2911
2766
1384
2211
2092
1096
3651
1552
3890
1089
2771
3193
3878
2696
1262
2096
499
1529
1544
3256
1159
2761
3837
2545
547
3877
2320
2422
231
3298
2317
2457
2737
735
2436
2723
449
1872
1002
235
635
2805
2521
2185
888
2809
1634
3909
959
3796
2969
2511
2113
3461
1197
2518
1659
604
791
702
1297
854
3905
1485
1719
3372
1576
1532
2129
1630
67
685
1113
1881
1763
267
205
2160
817
782
624
650
232
567
2861
669
2023
2219
594
2525
4024
1162
1491
2367
2789
25
130
3674
595
347
274
961
1345
410
418
2197
230
3180
1526
2826
3558
216
3644
1967
2807
3616
992
2843
2123
2954
1641
502
1121
3546
2431
3634
1154
2314
3711
3839
2868
2475
1679
3112
4005
2645
2938
1153
2751
3818
1110
2097
581
1441
785
623
392
2823
2298
3549
3863
319
233
3782
3230
318
3601
3591
1709
156
2253
3725
2400
3741
770
3260
520
3033
601
2931
3278
2271
2310
2305
2874
357
1356
2114
3030
3310
1158
2822
2692
3382
1558
698
1527
3212
2675
3526
154
3981
825
3989
3892
196
2535
1472
2642
2120
1698
3824
194
3408
3247
1164
2852
1978
2873
1731
1952
1586
3221
2694
3761
3935
3939
1802
3815
3916
3970
3506
3481
2126
147
2503
300
2174
562
2132
3455
2981
2506
3477
974
552
2905
200
572
3483
3153
2378
1492
2456
3130
2573
3936
2433
1362
838
1050
3218
221
219
1961
3978
3541
2357
349
310
1860
1724
2105
1547
3570
2659
2193
2889
1664
3475
3259
3205
3093
2167
2337
2885
3536
3139
3607
2777
1620
3753
2711
155
3081
3794
377
2099
2496
2182
3504
3688
3494
2918
2997
2269
3440
3925
1788
2236
1754
1735
1127
3277
2788
2693
1556
1769
1992
1029
3707
2313
3044
3529
2606
1753
780
3785
3694
2350
3795
3791
3561
1670
3269
3652
2287
3534
3614
3595
3255
1061
3431
3388
3572
1932
145
2750
3512
3814
1220
3799
3582
3442
384
3276
153
262
2420
234
190
246
3016
2238
2260
133
2061
3679
895
3530
3262
2947
3013
2799
3083
2792
1798
2577
3829
3302
3285
3911
3195
1151
1764
1350
1411
939
2811
3809
1494
3270
3439
1281
1258
1775
1466
2837
3165
989
1486
1168
918
1254
275
1252
1519
3
7
3859
10
11
20
3846
36
40
2295
64
69
1035
167
79
83
88
495
94
101
103
110
111
610
120
3237
125
126
3871
131
132
2978
123
3565
776
2226
3881
3836
2640
3251
76
419
503
528
641
1285
3080
3569
31
2566
3396
1080
953
341
768
1509
4004
1404
1662
2257
1989
2387
2602
2216
2201
1037
1243
964
2866
3994
3459
3758
2533
779
2588
1667
805
3831
3930
2234
2128
368
378
2335
2202
2585
2004
2538
733
2957
3466
1902
1849
1603
1470
1058
2952
2849
942
1216
2345
1464
2764
3804
1211
940
1770
2649
3592
621
1088
2209
2250
3373
2690
3213
2831
1175
3295
1463
1429
930
1570
1383
521
2578
1360
1884
1737
2920
119
1966
2556
754
1011
2090
1700
1221
738
3279
3263
2724
2371
2145
3379
3252
1045
1953
2985
1093
1716
3138
648
2739
1493
1633
2461
2338
3473
3288
2689
573
1673
1739
1457
1811
3749
2500
2448
2166
2482
819
2765
1913
4029
3625
