0
4029
884
642
3820
859
891
883
743
699
4035
47
2457
3748
3839
2321
607
467
2569
648
447
286
1760
3955
3717
358
3699
468
3570
2595
3959
52
305
585
3910
911
15
2382
4008
1430
2204
668
3922
244
4010
3798
3808
112
406
3987
4024
2721
472
12
3854
377
33
3846
3678
190
253
3704
1145
3451
259
18
1560
3589
1176
3781
371
1065
356
81
871
866
879
895
894
881
870
852
882
788
873
887
714
767
725
689
861
875
863
858
893
798
785
761
702
733
851
864
822
791
712
869
796
789
889
876
732
885
877
874
872
867
690
750
742
813
799
841
707
888
886
878
826
786
752
768
832
848
695
890
795
821
844
778
734
833
782
771
751
814
850
823
763
805
836
849
840
810
769
758
753
748
716
713
701
843
780
815
880
831
824
820
807
741
739
719
709
705
698
856
855
854
853
847
846
845
842
839
838
837
835
834
830
829
828
825
819
818
816
812
811
806
804
803
802
800
797
794
792
790
784
781
779
777
776
774
773
772
770
766
765
762
760
759
757
756
754
746
745
740
738
737
736
735
731
730
729
727
726
724
723
722
721
720
715
711
710
708
706
704
700
697
696
694
693
691
688
687
827
817
808
793
787
783
764
755
747
728
718
703
686
809
860
801
749
744
717
692
775
4032
3983
4037
4020
3991
3990
4018
4027
3998
3985
4019
3981
4004
4038
4013
4033
4017
4014
3982
4036
4034
4031
4030
4028
4026
4025
4023
4021
4012
4009
4007
4006
4005
4003
4002
4000
3999
3997
3996
3995
3994
3993
3989
3988
3986
3984
3980
4001
4022
4016
4011
3992
594
3751
3806
3606
3694
3732
3893
3834
3467
892
3513
3532
3715
3524
3745
3727
3923
3787
3749
3653
3896
3965
3587
3894
3776
3905
3447
3932
3638
3478
3924
3591
3862
3494
3509
3973
3753
3663
3585
3963
3580
3490
3892
3664
3441
3662
3446
3855
3632
3958
3507
3652
3809
3739
3767
3458
3757
3579
3519
3713
3588
3582
3876
3867
3778
3728
3636
3608
3647
3646
3631
3535
3890
3947
3903
3793
3643
3620
3768
3833
3463
3558
3829
3906
3777
3459
3881
3821
3823
3668
3602
3510
3786
3782
3634
3763
3648
3610
3764
3967
3964
3960
3766
3644
3505
3500
3871
3857
3819
3725
3538
3661
3805
3837
3836
3708
3571
3941
3482
3669
3969
3882
3878
3826
3794
3714
3499
3493
3486
3686
3758
3754
3724
3622
3555
3534
3483
3911
3581
3523
3481
3907
3850
3840
3835
3802
3740
3710
3705
3598
3928
3916
3573
3485
3799
3600
3533
3737
3795
3755
3914
3869
3770
3645
3474
3603
3497
3640
3845
3681
3627
3527
3518
3452
3852
3736
3702
3526
3484
3693
3520
3496
3760
868
3368
2788
2692
3099
2736
3428
3059
3977
3976
3975
3974
3952
3951
3949
3946
3944
3942
3940
3939
3937
3936
3933
3931
3927
3921
3920
3919
3918
3917
3915
3912
3908
3902
3901
3900
3899
3898
3897
3891
3887
3879
3875
3874
3868
3866
3865
3863
3853
3848
3844
3843
3827
3825
3822
3818
3817
3816
3815
3814
3812
3811
3810
3807
3803
3792
3791
3789
3788
3785
3784
3783
3774
3773
3771
3769
3765
3762
3761
3759
3752
3743
3735
3733
3729
3722
3720
3719
3718
3716
3712
3711
3709
3706
3701
3698
3696
3690
3689
3685
3682
3679
3676
3675
3671
3666
3665
3658
3657
3655
3650
3649
3641
3637
3630
3629
3624
3623
3619
3618
3616
3615
3614
3607
3601
3599
3597
3595
3594
3593
3590
3583
3578
3575
3572
3569
3568
3567
3564
3561
3560
3559
3553
3549
3546
3542
3541
3537
3536
3531
3515
3508
3506
3498
3489
3476
3473
3472
3471
3470
3468
3465
3462
3455
3445
3443
3442
3439
3584
3539
3870
3972
3956
3945
3909
3738
3554
3529
3469
3466
3464
3460
3511
3659
3642
3503
3953
3895
3660
3612
3838
3804
3790
3731
3730
3635
3611
3543
3528
3450
3491
3475
3438
3747
3628
3548
3246
3088
2811
3926
3552
3950
3672
3522
3957
3930
3913
3883
3880
3864
3858
3832
3813
3700
3695
3691
3680
3670
3639
3617
3613
3574
3562
3516
3514
3502
3488
3479
3457
3448
3741
3521
3929
3889
3772
3707
3656
3576
3565
3492
3796
3449
3979
3633
3544
3938
3841
3828
3683
3477
3888
3847
3626
3966
3851
3556
3480
3970
3780
3563
3512
3440
3978
3934
3877
3860
3824
3734
3697
3667
3625
3501
3971
3968
3962
3948
3884
3873
3842
3831
3800
3750
3703
3687
3654
3604
3596
3557
3545
3461
3684
3677
3609
3577
3550
3517
865
857
1664
3376
3338
2926
2804
2700
3429
2837
3210
2798
3402
2878
2961
3436
3408
2902
3334
2900
2802
3306
3254
3235
2876
3189
3354
3200
3122
3030
3039
3063
3155
3199
3127
3153
2799
3388
2995
3194
3058
3067
2686
3292
2984
2772
2809
2947
2933
2805
3323
2983
2935
3045
2769
3126
2997
3079
3251
3180
2732
2852
3392
3432
3010
3128
3083
3044
3422
3378
3274
2715
2739
3390
2726
3046
3013
2687
2746
2705
3421
3015
2708
3244
2870
2904
3163
3135
2887
2794
3355
2691
2848
2803
3394
3166
2729
3028
3381
3157
2787
3360
3352
3212
2785
2712
2709
3271
3141
2861
2977
2925
2756
2858
3299
3413
3247
3116
2853
2770
3294
3042
2681
3383
3095
2856
2711
3238
2987
2679
3237
2906
3399
3257
2931
2924
2874
3273
3204
2682
3075
3152
3114
2993
2981
2738
3412
3312
3307
2816
2812
2801
3371
3279
3103
2990
2830
3379
3359
3356
3203
3168
3068
3018
2829
2662
3215
3191
2859
2932
2901
3410
3285
3106
3086
2807
2948
2928
2761
3325
2972
2834
3318
3311
3008
2982
2959
2670
3234
3119
2867
3001
2962
2934
2696
2967
3364
3226
2943
2754
2717
3196
2784
2723
3426
3085
2910
2800
2683
2725
3387
3078
2944
2743
2669
3420
3320
2823
2701
3091
2824
3305
3048
2751
2702
3349
3242
2868
2841
3363
3284
3142
3096
3064
3047
2866
2827
2676
3345
3342
3327
3248
3151
2844
2675
3304
3184
3149
3108
3029
3022
3004
2988
2986
2916
2915
2905
2897
2877
2835
2815
2806
2782
2757
2673
3430
3300
3231
3104
3090
3084
2789
93
167
241
201
235
270
288
196
307
164
168
137
17
2015
2541
1974
1969
3431
2918
2747
3566
3437
3954
3904
3859
3849
3742
3726
3444
3925
3723
3551
3530
3504
3779
3775
3673
3621
3605
3586
3547
593
530
3276
3171
2818
2762
3374
3369
3358
3255
3167
3087
2996
3416
3169
3146
3102
3021
2923
2742
3406
3351
3347
3297
3288
3113
3082
3070
3038
3035
2991
2950
2936
2863
2833
2796
2674
3043
3361
2831
3069
3341
3302
3062
2955
3308
3256
3081
2957
2921
2865
2716
2685
3350
3280
3262
3201
3049
2939
2894
2797
2778
2661
3434
3298
3291
3287
3272
3182
3160
3118
2989
2958
2875
2840
2748
2719
3343
3097
3077
3357
3208
3110
2795
3111
2707
3943
3886
3872
3830
3797
3756
3721
3692
3674
3651
3592
3540
3525
3495
3456
862
1071
1607
1034
3233
3100
2892
2869
2775
3258
3164
2734
1579
575
3435
3433
3427
3425
3424
3423
3419
3418
3417
3415
3414
3411
3409
3407
3405
3404
3403
3401
3400
3398
3397
3396
3395
3393
3391
3389
3386
3384
3382
3380
3377
3375
3373
3370
3367
3366
3365
3362
3353
3348
3346
3344
3340
3339
3337
3336
3335
3333
3332
3331
3330
3329
3328
3326
3324
3322
3321
3319
3317
3316
3315
3314
3313
3310
3309
3303
3301
3296
3295
3293
3286
3283
3282
3281
3277
3275
3270
3269
3268
3267
3266
3264
3261
3260
3259
3253
3252
3250
3249
3243
3241
3240
3239
3236
3232
3230
3229
3228
3227
3225
3224
3223
3221
3220
3219
3218
3217
3216
3214
3213
3211
3209
3207
3206
3202
3198
3197
3195
3193
3192
3190
3188
3187
3186
3185
3183
3181
3177
3176
3175
3174
3172
3170
3162
3161
3159
3158
3156
3154
3150
3148
3147
3145
3144
3140
3139
3138
3137
3136
3134
3133
3132
3131
3130
3129
3125
3124
3123
3121
3120
3117
3115
3112
3109
3107
3105
3098
3094
3093
3092
3089
3080
3076
3074
3073
3072
3071
3066
3065
3061
3060
3056
3055
3054
3053
3052
3051
3050
3041
3040
3036
3034
3033
3032
3031
3027
3026
3025
3024
3023
3020
3019
3017
3016
3014
3012
3011
3009
3007
3006
3005
3002
3000
2999
2994
2992
2985
2980
2978
2975
2974
2973
2970
2969
2966
2965
2960
2956
2954
2953
2951
2949
2946
2945
2942
2941
2940
2938
2937
2930
2929
2927
2922
2920
2919
2917
2914
2913
2912
2911
2909
2908
2907
2903
2899
2898
2896
2895
2893
2891
2890
2889
2888
2886
2884
2882
2881
2880
2879
2873
2872
2871
2864
2862
2857
2855
2854
2851
2850
2849
2847
2846
2845
2843
2842
2839
2836
2832
2828
2825
2821
2820
2819
2817
2810
2808
2793
2792
2791
2790
2786
2783
2781
2780
2779
2777
2776
2774
2773
2771
2768
2767
2766
2765
2763
2760
2759
2758
2755
2753
2752
2750
2749
2745
2741
2737
2735
2733
2731
2730
2728
2727
2724
2722
2720
2718
2713
2710
2706
2703
2699
2698
2697
2695
2694
2690
2689
2688
2684
2680
2678
2677
2672
2671
2668
2667
2666
2665
2664
2663
1297
333
129
32
301
246
66
111
152
84
233
204
250
311
310
283
273
49
96
64
341
30
180
94
148
251
290
46
121
139
232
132
124
5
100
226
317
140
116
14
258
72
120
103
300
304
59
77
174
229
98
263
131
330
57
264
245
193
8
179
95
73
21
213
22
278
274
271
272
9
296
177
344
212
134
79
13
318
224
329
48
260
242
1
237
31
113
345
122
44
28
105
69
25
7
309
284
281
197
127
108
338
40
315
298
295
280
276
257
223
203
199
172
170
161
133
128
56
3
346
299
266
249
101
240
230
61
312
293
214
332
331
82
323
291
285
277
169
142
328
218
78
326
115
1651
1301
631
2528
2437
2641
2580
2219
2312
2270
2080
2568
2466
2076
2249
2358
2375
2373
2316
2622
2490
2444
2251
2599
1949
2465
2175
2146
2119
2360
2051
2008
2105
2034
1933
2637
2310
1944
2355
2012
1913
2156
2439
2570
2260
2450
2480
2293
2252
2065
2514
2350
2092
2099
2403
2155
2456
2082
1930
2517
2272
2242
2577
2236
2383
2239
2014
2415
2075
2311
2056
2017
2513
2626
1950
2515
2349
1982
2581
2057
1989
2591
2449
2423
2208
2115
2654
2606
2477
2454
2427
2348
2213
2210
2139
2030
1966
1943
2474
2025
2013
2605
2243
2651
2505
2453
2416
2345
2291
2265
2256
2307
2535
2301
2618
2540
2405
2371
2342
2162
2089
2070
1927
2481
2281
2245
2646
2521
2414
2369
2324
2221
2110
2435
2225
1976
2377
2616
2473
2398
2259
2102
2028
1923
2584
2556
2303
2164
2533
2436
2537
2518
2479
2394
2294
2199
2161
2068
2563
2549
2478
2476
2392
2356
2276
2122
2121
2112
2108
2046
1971
2357
2644
2314
2173
1990
1975
2660
2297
2097
2000
2388
2091
2653
2609
2511
2471
2420
2657
2011
2009
1957
1914
2538
2459
2027
1995
2566
2498
2384
2379
2366
2304
2267
2235
2211
2209
2186
2174
2127
2071
2053
2036
2207
2455
2424
2341
1915
2659
2639
2633
2627
2620
2061
2001
1980
1968
1919
2607
2586
2560
2536
2492
2467
2376
2374
2347
2287
2220
2218
2212
2200
2142
2118
2098
2090
2088
2020
1993
1979
1941
2631
2625
2613
2604
2601
2575
2564
2559
2554
2551
2550
2543
2542
2539
2507
2499
2495
2485
2469
2430
2429
2428
2418
2395
2386
2370
2354
2331
2329
2326
2323
2309
2308
2300
2290
2266
2253
2244
2240
2229
2216
2206
2190
2179
2124
2104
2103
2093
2084
2083
2078
2074
2069
2063
2055
2040
2037
1962
1946
1929
1925
2643
2629
2597
2594
2582
2544
2502
2468
2458
2417
2351
2332
2302
2273
2215
2196
2189
2187
2163
2135
2101
2072
2047
2039
2002
1959
3290
3173
2814
4015
679
615
600
599
576
664
598
675
658
582
577
621
670
665
583
685
684
666
609
379
380
516
505
349
453
476
552
364
399
393
202
80
672
588
622
618
574
529
429
522
437
2617
2589
2547
2475
2461
2399
2368
2343
2336
2325
2264
2224
2223
2203
2180
2151
2149
2111
2087
2054
2038
2032
1955
1947
1920
1916
509
935
1521
586
1372
671
680
636
619
597
579
554
449
354
3961
3861
3487
3454
480
372
440
424
381
369
652
996
1193
1263
3205
2979
2813
2744
1865
1697
1240
1476
3278
3165
3057
2964
2826
1439
1194
1477
1814
3385
3265
3222
3101
2883
2822
2764
2693
1883
1676
1187
970
1909
1546
950
1168
1362
3289
3263
3245
3179
2976
2968
1792
1411
1556
3178
2971
990
1328
1561
1161
1150
1264
1908
1593
1445
951
1666
1434
1139
1005
964
940
1414
1562
1321
1821
1594
1085
973
1527
1140
1785
1241
1383
1401
1196
1705
1588
1174
928
1892
1784
1629
963
1640
1485
1130
922
997
1866
1911
1642
1202
1307
926
1896
1171
1905
1544
1441
1055
1788
1167
1739
1165
1098
1368
955
1537
1346
1571
1451
1796
1819
1618
1597
1205
1846
1641
1283
1840
1127
1891
1524
1405
1092
927
1852
1038
1832
1063
1039
1889
1403
1177
1138
979
1880
1837
1424
1333
1701
1317
1505
925
920
992
965
1197
1111
1806
1615
1433
1360
1337
1203
1033
1378
1232
1118
1097
901
1698
1687
1133
1863
1805
1791
1765
1519
1083
1022
677
589
3003
2885
2838
2740
1684
1486
1387
904
119
347
343
342
340
339
337
336
335
334
327
325
324
322
321
320
319
316
314
313
308
306
303
302
297
294
292
289
287
279
275
269
268
265
262
261
256
254
252
248
247
243
239
238
236
231
228
227
225
222
221
220
219
217
216
211
209
208
207
206
205
200
195
194
192
191
189
188
187
186
185
184
181
178
176
175
165
163
162
159
158
157
156
155
153
151
150
149
147
146
144
143
141
136
135
130
126
125
123
118
117
114
109
106
104
102
99
92
91
90
89
88
87
86
85
83
76
75
74
71
68
67
65
63
62
60
55
54
53
51
50
45
42
41
39
38
36
29
27
26
24
23
20
19
16
10
6
4
2
1653
1826
1613
1609
1572
1542
1272
1116
1183
1639
1518
1341
1290
1112
946
1735
1554
1516
1389
1359
1182
1048
1047
1026
1689
1619
1612
1589
1520
1293
995
1861
1772
1678
1570
1563
1431
1369
1336
1323
1124
1107
1417
1904
1244
1886
1681
1507
1393
1353
1062
1008
912
1713
1465
1967
1136
510
508
485
457
433
407
357
1528
1407
1242
906
1815
1504
1213
1010
1761
1818
1160
953
1018
971
1573
1728
1745
1438
1044
1021
1019
630
421
2658
2656
2655
2652
2650
2649
2648
2647
2645
2642
2640
2638
2636
2635
2632
2630
2628
2624
2623
2621
2619
2615
2614
2612
2611
2610
2608
2603
2602
2600
2598
2593
2592
2590
2588
2587
2585
2583
2579
2578
2576
2574
2573
2572
2571
2567
2565
2562
2561
2558
2557
2555
2553
2552
2548
2546
2545
2534
2532
2531
2530
2529
2527
2526
2525
2524
2523
2522
2520
2519
2516
2512
2510
2509
2508
2506
2504
2503
2501
2500
2497
2496
2494
2493
2491
2489
2488
2487
2486
2484
2483
2482
2472
2464
2463
2462
2460
2452
2451
2448
2447
2446
2445
2443
2442
2441
2440
2438
2434
2433
2432
2431
2426
2425
2422
2421
2419
2413
2412
2411
2410
2409
2408
2407
2406
2404
2402
2401
2400
2397
2396
2393
2391
2390
2389
2387
2385
2381
2378
2372
2367
2365
2364
2363
2362
2361
2359
2353
2352
2346
2344
2340
2339
2338
2337
2335
2334
2333
2330
2328
2327
2322
2320
2319
2318
2317
2315
2313
2306
2305
2299
2298
2296
2295
2292
2289
2288
2286
2285
2284
2283
2282
2280
2279
2278
2277
2275
2274
2271
2268
2263
2262
2261
2258
2257
2255
2254
2250
2248
2247
2246
2241
2238
2237
2234
2233
2232
2231
2230
2228
2227
2226
2222
2217
2214
2205
2202
2201
2198
2197
2194
2193
2192
2191
2188
2185
2184
2183
2182
2181
2178
2177
2176
2172
2171
2170
2169
2168
2167
2166
2165
2160
2159
2158
2157
2154
2153
2152
2150
2148
2147
2145
2144
2143
2141
2140
2138
2137
2136
2134
2133
2132
2131
2130
2129
2128
2126
2125
2123
2120
2117
2116
2114
2113
2109
2107
2106
2100
2096
2095
2094
2086
2085
2081
2077
2073
2067
2066
2064
2062
2060
2059
2058
2052
2050
2049
2048
2045
2044
2043
