0
4025
743
892
1145
3856
883
4035
775
4006
860
3268
832
3147
3996
153
3451
4033
2470
253
327
1394
3282
386
182
1755
1455
1096
3742
70
1430
2922
183
3820
448
256
4022
4029
244
179
1119
18
3983
3925
3717
3704
1693
2269
667
4015
3922
1253
602
1224
4010
286
607
12
37
358
638
157
1276
3429
673
581
154
3990
550
3071
468
1711
1558
1353
15
247
351
11
642
155
904
90
233
3954
3444
3849
1654
71
230
3074
3127
3055
2817
2774
790
749
757
884
870
858
873
818
725
732
702
707
802
886
876
786
895
894
893
887
885
881
879
877
875
874
872
871
867
866
863
704
888
882
878
864
861
729
889
736
833
816
746
890
769
851
850
841
839
825
806
791
789
788
785
776
767
744
714
712
699
691
689
846
812
837
855
852
717
768
771
740
869
843
811
759
733
804
734
822
796
782
742
795
848
710
880
761
735
826
813
840
838
779
701
737
799
750
741
730
716
809
783
747
817
814
794
751
723
718
700
698
807
797
793
792
777
764
728
752
834
724
821
695
856
835
828
824
823
765
760
753
727
721
713
709
708
693
687
686
853
847
831
830
827
815
805
798
781
766
756
754
722
711
706
703
696
688
774
719
849
845
844
842
836
829
820
819
810
803
800
787
784
780
778
773
772
770
763
762
758
755
748
745
739
738
731
726
715
697
694
720
705
808
859
868
854
690
4013
4002
4037
4031
3993
3998
4023
4021
4019
4018
4000
4038
594
3982
4014
4004
3995
4036
4034
4032
4030
4028
4027
4026
4020
4017
4016
4011
4009
4007
4003
4001
3997
3994
3992
3991
3989
3988
3986
3985
3984
3981
3980
3999
4012
3987
4005
4024
4008
801
692
3744
3787
3910
3939
3594
3859
3816
3669
3977
3572
3955
3946
3771
97
2375
2204
2168
2548
2437
3688
3504
3712
3970
3813
3700
3978
1760
3733
3893
3751
3749
3854
3632
3694
3588
3746
3616
3626
3515
3622
3473
3777
3885
3513
3973
3696
3701
3659
3459
3532
3791
3899
3571
3548
3610
3530
3792
3465
3818
3457
3949
3963
3882
3901
3745
3606
3595
3541
3776
3478
3789
3720
3614
3489
3919
3763
3562
3952
3647
3439
3806
3834
3898
3883
3523
3673
3972
3880
3578
3503
3786
3601
3584
3458
3443
3747
3500
3494
3464
3695
3479
3574
3947
3914
3843
3558
3961
3487
3719
3825
3738
3635
3726
3474
3469
3549
3788
3731
3912
3871
3567
3441
3450
3520
3979
3840
3827
3802
3740
3698
3608
3592
3590
3675
3497
3730
3542
3906
3927
3511
3903
3758
3706
3648
3631
3555
3534
3911
3864
3921
3615
3599
3629
3585
3707
3640
3869
3822
3714
3680
3591
3569
3493
3790
3878
3690
3524
3499
3598
3508
3505
3472
3516
3847
3836
3759
3579
3900
3826
3764
3645
3623
3535
3529
3945
3761
3460
3926
3891
3762
3934
3894
3580
3863
3814
3531
3868
3743
3725
3907
3865
3850
3778
3753
3728
3713
3710
3597
3470
3455
3413
3367
891
35
61
264
245
201
289
283
120
167
191
73
220
2441
3305
2017
1996
2568
2422
2217
2651
2426
2320
1992
2545
1956
2490
2580
1949
2524
2256
1977
1974
2515
2170
2076
2025
2373
2094
2656
2181
2301
2160
2119
2421
2360
2448
2152
2262
2632
2450
2113
2418
2456
2321
2034
2311
2442
2019
2614
2517
2012
2171
2443
1942
2499
2376
1950
2099
2397
2228
1965
2583
2346
2016
2011
1957
1914
1997
2488
2411
2405
2197
2089
2050
2297
1931
2645
2633
2626
2435
2364
2157
2006
2539
2179
2060
2357
2562
2497
2314
2361
2577
2120
2638
2359
2287
2253
2104
2005
2447
2284
2225
2192
2061
1919
2291
2186
2658
2620
2365
2027
1935
2655
2552
2200
2073
2056
2625
2591
2549
2504
2500
2484
2477
2299
2290
2220
2212
2206
2172
2131
2123
2033
1986
1963
1953
2412
2341
2251
1922
3628
3852
3845
3658
3637
3605
3672
3556
3492
3828
3683
3928
3884
3750
3667
3948
3797
3642
3611
3968
3966
3760
3563
3491
3471
3950
3873
3656
3573
3551
3943
3889
3842
3824
3796
3734
3625
3517
3448
3830
3800
3654
3780
3755
3495
3872
3677
3621
865
857
3156
3094
3030
3121
2808
2752
3904
3604
3600
3463
3454
3976
3975
3974
3971
3969
3967
3964
3960
3959
3958
3957
3956
3951
3944
3942
3941
3940
3938
3937
3936
3935
3933
3932
3931
3930
3929
3924
3923
3920
3918
3917
3916
3915
3913
3909
3908
3905
3902
3896
3895
3892
3890
3888
3887
3881
3877
3876
3875
3874
3870
3867
3866
3862
3860
3858
3857
3855
3853
3848
3846
3844
3841
3839
3838
3837
3835
3833
3832
3831
3829
3823
3821
3819
3817
3815
3812
3811
3810
3809
3808
3805
3804
3803
3801
3799
3794
3793
3785
3784
3783
3782
3779
3775
3774
3773
3772
3770
3769
3768
3767
3766
3765
3757
3754
3752
3748
3741
3739
3737
3736
3735
3732
3727
3724
3723
3722
3721
3718
3716
3715
3711
3708
3705
3703
3702
3699
3697
3693
3692
3689
3687
3686
3685
3682
3681
3679
3678
3676
3674
3671
3670
3668
3666
3665
3664
3663
3662
3661
3660
3657
3655
3653
3652
3650
3649
3646
3644
3643
3641
3639
3638
3636
3634
3630
3627
3624
3620
3618
3617
3613
3612
3609
3607
3603
3602
3596
3593
3587
3586
3583
3582
3581
3576
3575
3570
3568
3566
3565
3564
3561
3560
3559
3557
3554
3553
3552
3550
3547
3546
3545
3544
3543
3539
3538
3537
3536
3533
3528
3527
3526
3522
3521
3519
3518
3514
3512
3510
3509
3507
3506
3502
3498
3496
3490
3488
3486
3485
3484
3483
3482
3481
3480
3477
3476
3475
3468
3467
3466
3462
3461
3453
3452
3449
3447
3446
3445
3442
3438
467
611
675
665
576
664
655
662
658
615
600
578
632
627
599
595
577
626
575
572
499
549
633
533
562
3338
3283
3099
2834
3309
3423
2879
3393
3333
2788
3407
2816
3376
2926
3131
2762
2898
2902
2860
3151
2899
3095
2807
3242
2776
3358
3323
3329
3189
3336
3373
2965
2847
3128
2959
2703
3123
2726
3008
2889
3092
3286
3048
2668
2983
2886
3012
3337
3236
2732
3388
3296
2805
2852
2878
2876
3009
3228
3217
3042
2741
3229
2924
3171
2667
2727
3317
2736
3399
2718
3390
2868
2731
3190
3313
3421
2709
3163
2794
2766
2749
3400
3250
3044
3200
3122
3267
3041
3037
2691
2848
3428
2663
2723
2720
3016
2939
2661
2985
2909
2884
3119
2738
3349
3328
3093
3419
3021
2674
2710
3097
2921
2670
2948
2854
2761
3303
3364
3257
2977
2743
3040
3026
2927
2912
2782
2698
3194
3070
3058
3013
2751
2831
2715
2931
3080
3344
3316
3209
3199
3160
3148
3115
2970
2846
2765
3379
3204
3140
3215
3032
2955
2918
2801
3103
2671
3422
3378
3377
3288
3281
3280
3261
3239
3206
3170
3039
2973
2863
2796
2753
3033
3106
3351
3120
2991
2859
3054
3076
2976
3311
3023
2806
3226
3195
3065
3064
2988
2925
2913
2896
2815
2754
2664
3310
2802
3417
3348
3284
3135
3096
3022
2974
2944
2757
2729
2683
2681
2680
2676
2669
2666
3146
3321
3404
3111
3384
3243
3174
3108
3056
3046
3025
3000
2953
2940
2920
2915
2887
2880
2862
2839
2786
2755
3324
3052
2706
3224
2989
2675
63
229
311
2
243
32
95
340
129
159
78
184
135
282
307
278
227
84
254
306
218
195
101
92
102
86
46
22
4
93
139
45
5
259
344
318
123
296
263
143
131
68
133
193
8
219
19
346
330
300
294
231
268
118
3173
2814
265
88
62
13
241
111
197
178
338
106
82
16
310
151
54
315
298
236
176
172
325
239
232
130
103
98
83
65
40
266
242
187
94
57
53
237
124
140
326
312
115
41
341
276
272
258
252
186
161
134
79
72
21
319
67
2882
3255
2843
1988
2432
2318
2162
2358
2342
2313
2453
2231
2141
2036
1952
2647
2538
2337
1995
285
213
156
87
7
3275
2795
2690
3297
3252
3132
3116
3113
2950
2936
2849
2828
3374
3326
3157
2296
2270
2316
2639
2018
2000
2550
2391
1930
2522
2979
1203
2155
2624
2619
2615
2546
2507
2446
2407
2392
2278
2210
2201
2140
2098
2078
2020
2601
2586
2575
2574
2553
2430
2414
2381
2374
2261
2258
2257
2154
2150
2124
2118
2115
2093
2069
1989
1962
1946
2449
2044
2536
2401
2348
1969
2142
1925
2390
2252
2211
1982
1972
2396
2312
2249
2635
2599
2415
2221
1961
2605
2304
2502
2501
2496
2294
2110
2612
2610
2459
2366
2644
2581
2566
2416
2406
2403
2367
2335
2322
2289
2226
2107
2049
2038
1978
2646
2468
2387
2383
2379
2303
2268
2232
2086
1916
2652
2603
2537
2511
2498
2438
2174
1981
1970
2623
2573
2561
2560
2556
2551
2510
2462
2428
2423
2408
2370
2355
2354
2340
2280
2276
2266
2244
2240
2184
2108
2103
2101
2095
2088
2087
2065
2058
2043
2026
2021
2002
1993
1985
1979
1971
1964
1955
2617
2509
2463
2215
2194
2191
2010
1987
1945
1939
2660
2659
2657
2654
2650
2648
2643
2641
2640
2637
2636
2634
2631
2630
2628
2627
2622
2621
2618
2613
2611
2609
2607
2606
2604
2602
2600
2596
2595
2593
2590
2589
2588
2587
2585
2584
2579
2578
2576
2572
2571
2570
2565
2564
2563
2559
2558
2557
2554
2541
2540
2535
2534
2532
2531
2530
2528
2527
2526
2525
2523
2521
2520
2518
2514
2513
2506
2505
2503
2495
2494
2493
2492
2489
2487
2486
2485
2483
2482
2481
2480
2479
2478
2476
2474
2473
2469
2467
2466
2464
2460
2458
2457
2455
2454
2452
2444
2440
2439
2434
2433
2431
2429
2427
2425
2424
2419
2417
2413
2410
2409
2404
2402
2400
2395
2393
2389
2388
2386
2380
2378
2377
2371
2369
2363
2362
2356
2353
2352
2350
2349
2347
2345
2344
2339
2334
2332
2331
2329
2326
2324
2323
2317
2310
2309
2308
2307
2306
2305
2300
2288
2286
2281
2277
2275
2274
2272
2271
2265
2263
2260
2259
2255
2254
2248
2245
2243
2242
2241
2238
2237
2236
2235
2234
2233
2230
2229
2227
2222
2219
2218
2216
2214
2213
2209
2208
2207
2205
2203
2202
2193
2190
2188
2182
2178
2177
2175
2173
2167
2165
2164
2163
2161
2159
2158
2156
2151
2147
2146
2145
2143
2139
2136
2130
2129
2126
2122
2121
2116
2114
2112
2109
2106
2105
2100
2097
2096
2092
2091
2090
2085
2084
2083
2082
2080
2077
2075
2074
2070
2067
2066
2064
2063
2059
2057
2055
2051
2048
2046
2045
2041
2040
2037
2035
2031
2030
2029
2024
2023
2022
2014
2013
2009
2008
2004
2001
1999
1998
1994
1991
1990
1984
1983
1980
1976
1975
1973
1968
1966
1960
1958
1954
1951
1947
1944
1943
1938
1937
1936
1934
1933
1929
1928
1927
1926
1924
1923
1921
1918
1917
1915
3396
3350
3265
3201
2833
2823
2797
2708
2672
3403
3138
3034
3420
2990
3246
3186
3159
2870
3356
3302
3285
3207
3203
3176
3024
2995
2942
2779
2692
2662
3346
3182
2803
3091
2934
2697
3366
3062
2684
3191
3068
2892
2865
2758
2711
3962
3886
3851
3756
3684
3651
3633
3577
3540
3525
3501
3456
3440
862
1240
1521
3335
3398
3089
3002
2946
2716
3431
3424
3389
3043
2858
2771
2700
2696
3365
3279
3198
3196
3187
2871
2791
2784
2780
2702
2685
3411
3320
3292
3145
3060
3027
3017
3010
2875
2781
3343
2734
1759
1213
3205
3079
3019
2725
1579
1775
1892
625
605
644
589
619
598
684
623
671
622
584
579
647
649
365
654
3861
3437
364
568
522
505
466
539
437
449
635
478
464
657
609
597
388
685
682
681
677
672
670
666
663
661
660
659
656
653
650
643
640
636
631
628
621
617
612
608
603
592
590
588
585
583
582
573
593
352
372
532
495
501
399
198
383
680
558
461
435
407
380
445
415
371
551
472
411
519
510
455
418
382
470
403
202
163
3436
3435
3434
3433
3432
3430
3427
3426
3425
3418
3416
3415
3414
3410
3409
3408
3406
3405
3402
3401
3397
3395
3394
3392
3391
3387
3386
3385
3383
3382
3381
3380
3375
3372
3371
3370
3369
3368
3363
3362
3361
3360
3359
3357
3355
3354
3353
3352
3347
3345
3342
3341
3340
3339
3334
3332
3331
3330
3327
3325
3322
3319
3318
3315
3314
3312
3308
3307
3306
3304
3301
3300
3299
3298
3294
3293
3291
3289
3287
3277
3276
3274
3273
3272
3271
3270
3269
3266
3264
3262
3260
3259
3258
3256
3254
3253
3251
3249
3247
3244
3241
3240
3238
3237
3235
3234
3232
3231
3227
3225
3223
3221
3220
3219
3218
3214
3213
3212
3211
3210
3208
3202
3197
3193
3192
3188
3185
3184
3181
3180
3177
3175
3172
3169
3168
3167
3166
3162
3161
3158
3155
3154
3153
3152
3150
3149
3144
3143
3142
3141
3139
3137
3134
3133
3130
3129
3126
3124
3118
3117
3114
3112
3110
3109
3107
3105
3104
3102
3101
3098
3090
3088
3087
3086
3085
3084
3083
3082
3081
3078
3077
3075
3073
3072
3069
3067
3066
3063
3061
3059
3053
3051
3050
3049
3047
3045
3038
3036
3035
3029
3028
3018
3015
3014
3011
3007
3006
3004
3001
2999
2997
2996
2994
2993
2992
2987
2986
2984
2982
2981
2980
2978
2975
2972
2969
2967
2966
2961
2960
2958
2957
2956
2954
2952
2951
2949
2947
2945
2943
2938
2937
2935
2933
2932
2930
2929
2928
2923
2919
2917
2916
2914
2911
2910
2908
2907
2906
2905
2904
2903
2901
2900
2897
2895
2894
2893
2891
2890
2888
2885
2883
2881
2877
2874
2873
2872
2867
2866
2864
2861
2857
2856
2853
2851
2850
2845
2844
2841
2840
2838
2837
2836
2835
2832
2830
2829
2827
2825
2824
2822
2821
2820
2819
2818
2813
2812
2811
2810
2809
2804
2800
2799
2793
2792
2790
2789
2787
2785
2783
2778
2777
2773
2772
2770
2769
2768
2767
2763
2759
2756
2750
2748
2747
2746
2745
2742
2740
2739
2737
2735
2733
2730
2728
2721
2719
2717
2714
2713
2712
2705
2701
2699
2695
2694
2693
2689
2688
2687
2686
2682
2679
2673
2665
342
313
277
248
203
200
170
148
132
109
105
50
48
39
1
189
347
345
343
339
337
336
334
333
332
331
329
328
324
323
322
321
320
317
316
314
309
308
305
304
303
302
301
299
297
295
293
292
291
290
288
284
281
280
275
274
273
271
269
267
262
261
260
257
255
251
250
249
246
238
235
228
226
225
224
223
222
221
215
214
212
211
210
208
207
206
204
199
196
194
188
185
181
180
177
175
169
168
166
165
164
162
160
158
152
150
149
146
144
142
141
137
128
127
126
125
122
121
117
116
113
112
110
108
104
100
99
96
91
89
85
80
77
75
74
69
66
60
59
58
56
55
51
49
47
44
38
36
31
30
29
28
27
26
25
24
23
20
17
14
10
9
6
3
1147
1664
1865
1372
1395
1383
1157
1627
1463
1384
3057
2744
2653
2529
2436
2399
2394
2330
2325
2292
2283
2282
2246
2224
2185
2176
2148
2133
2028
2003
1948
136
1838
929
1008
3020
2869
2707
3165
2964
2764
1817
1696
1797
1477
2642
2629
2616
2597
2594
2582
2567
2547
2544
2519
2475
2472
2471
2465
2461
2451
2445
2420
2372
2368
2343
2315
2298
2295
2293
2285
2273
2264
2247
2199
2189
2180
2169
2149
2144
2137
2135
2127
2117
2081
2072
2071
2062
2054
2053
2052
2042
2039
2032
1940
1932
1913
1534
1218
1055
1847
1220
1731
1588
1670
2649
2608
2598
2592
2555
2543
2542
2533
2516
2512
2508
2491
2398
2385
2384
2351
2338
2336
2333
2328
2327
2319
2302
2279
2267
2250
2239
2223
2198
2196
2187
2183
2153
2138
2134
2132
2128
2125
2111
2102
2068
2047
2007
1959
1941
1920
1912
3179
1464
1889
912
3178
2971
1758
940
3412
3295
3233
3100
2962
2775
2724
1193
1852
1301
1818
1566
931
1478
1186
1116
1708
1421
1840
1500
985
1265
1905
1779
1564
1434
1050
1362
1089
1321
1853
943
1082
1351
1441
1045
1338
1244
1127
1048
934
1061
1359
925
2826
2677
1297
1901
1283
951
1807
1858
1702
1492
1410
1328
1053
1568
1548
1806
1615
1085
900
1212
921
1090
1805
1501
1440
1196
1710
1587
1575
1004
1576
1803
1719
1553
1360
1088
1802
1787
1319
958
996
961
1380
1572
1407
1023
1279
1851
1796
1761
1339
1250
1243
1198
1642
1519
1724
1608
1375
1278
1049
1003
1891
1734
1626
1520
1389
1239
967
1876
1869
1121
