0
882
4023
1145
798
215
3653
71
1353
3055
881
874
3570
3489
90
209
1119
3746
255
2704
468
911
183
667
1386
247
401
2691
3991
1176
885
52
866
3552
891
3661
3268
307
3745
2481
467
884
245
1301
2798
899
699
785
750
855
3965
790
691
219
3996
2013
581
2301
2596
3717
3071
2565
2442
216
240
3637
533
454
23
1430
3856
1224
2580
2421
3970
3183
3954
253
1244
1394
3816
3408
15
1996
1558
3742
356
3733
4036
656
2439
2470
3031
2245
2437
11
2767
2181
3999
1711
1581
3744
1276
1233
3813
3447
3407
3987
2842
2857
4010
244
887
37
860
3781
2219
1777
218
875
571
3575
453
2595
892
3729
1510
1103
3885
1760
3094
1521
33
61
1967
3686
3837
192
305
2457
35
3513
358
321
3551
3582
112
3305
788
3766
1586
1157
229
1690
117
3879
868
433
1797
2922
3942
191
3370
3003
499
1834
447
3732
472
865
181
273
275
78
328
306
4
195
3911
3669
2204
3477
3565
1956
2487
642
4028
147
89
319
852
193
110
259
201
8
91
864
893
3812
3897
3908
3619
3880
877
2792
594
3676
873
776
872
895
870
879
858
871
2774
3147
3074
3127
230
825
771
894
863
861
889
878
729
756
725
880
791
839
741
700
808
811
869
698
744
704
890
821
850
793
733
813
856
753
888
876
722
717
826
843
765
837
835
812
762
710
764
708
818
702
849
755
838
807
748
728
836
803
740
822
714
747
730
827
777
709
694
842
829
794
787
737
824
792
758
757
687
721
769
806
774
848
846
697
766
701
817
799
760
720
705
703
847
845
795
781
780
751
738
726
718
713
711
693
833
820
784
840
834
819
805
800
734
723
804
743
742
707
854
853
851
844
841
831
830
828
823
816
815
814
810
809
802
801
797
796
789
783
779
778
773
772
770
767
763
761
759
754
752
749
746
745
739
736
735
732
731
727
724
719
716
715
712
706
696
695
690
689
688
782
768
686
786
4005
3985
3989
4017
3998
4019
4018
4014
3988
3995
3986
4016
4007
3990
4013
3982
4021
4009
3994
3981
4020
4030
3993
4033
4031
4029
4026
4025
4015
4012
4003
4002
4001
4000
3997
3984
3983
4027
4004
3980
4038
4037
4024
3992
4011
4022
4035
4008
4034
4032
4006
867
886
832
859
775
692
883
857
3682
3549
3723
3652
3770
3666
3647
3336
3805
3814
3890
3572
3494
3671
3893
3904
3865
3583
3922
3664
3767
3630
3792
3701
3569
3763
3719
3623
3524
3961
3530
3504
3706
3613
3665
3511
3614
3881
3726
3921
3698
3811
3799
3716
3322
3126
3923
3789
3465
3594
3955
3878
3840
3934
3503
3953
3916
3571
3939
3907
3486
3624
3457
3487
3903
3502
3679
3446
3591
3644
3499
3945
3714
3976
3958
3946
3927
3909
3896
3705
3681
3558
3833
3793
3584
3532
3783
3950
3659
3531
3464
3836
3899
3519
3867
3892
3657
3628
3538
3539
3483
3740
3728
3947
3758
3643
3620
3458
3710
3905
3536
3870
3775
3964
3696
3562
3782
3535
3459
3695
3523
3479
3761
3752
3636
3803
3689
3941
3895
3673
3747
3861
3561
3474
3869
3818
3711
3648
3646
3555
3515
3509
3463
3490
3975
3957
3774
3708
3675
3476
3906
3866
3810
3768
3617
3601
3534
3468
3690
3794
3868
3887
3635
3821
3602
3791
3641
3835
3900
3506
3901
3919
3581
3516
3967
3809
3587
3917
3739
3595
3567
3972
3915
3825
3668
3956
3937
3738
3529
3460
3443
3735
3599
3526
3470
3580
3876
3773
3715
3713
3608
3590
3508
3546
3932
3638
3616
3401
3218
3242
2736
406
379
3128
3762
3491
3627
3605
3543
3547
3626
3610
3913
3845
3559
3563
3788
3918
3898
3883
3832
3691
3680
3512
3889
3603
3838
3827
3802
3769
3685
3615
3597
3553
3505
3492
3472
3831
3779
3703
3654
3471
3780
3658
3573
3542
3527
3485
3452
3930
3454
3902
3824
3785
3731
3642
3574
3497
3667
3656
3484
3456
3858
3800
3730
3707
3578
3548
3528
3640
3533
3438
3847
3839
3556
3520
3968
3697
3540
3978
3969
3963
3960
3952
3951
3949
3944
3943
3940
3933
3931
3926
3925
3924
3920
3914
3912
3910
3882
3874
3864
3863
3862
3860
3857
3855
3850
3843
3834
3829
3826
3823
3822
3819
3817
3815
3804
3801
3798
3796
3790
3786
3784
3778
3777
3776
3772
3771
3764
3759
3757
3755
3754
3753
3751
3743
3736
3727
3725
3724
3722
3718
3712
3704
3700
3699
3688
3687
3678
3663
3662
3660
3655
3649
3645
3639
3634
3631
3629
3622
3621
3618
3612
3607
3606
3604
3598
3593
3589
3585
3579
3568
3566
3564
3560
3557
3554
3541
3537
3518
3514
3510
3507
3500
3498
3496
3493
3488
3482
3481
3478
3473
3469
3466
3462
3461
3455
3453
3451
3450
3448
3442
3441
3439
552
562
615
3338
2805
3122
2799
3333
3059
2852
3153
3382
3269
2695
2714
3329
3134
3349
2771
522
435
429
443
532
383
2886
3760
3672
3596
3971
3851
3750
3702
3670
3517
3475
3449
3684
3550
3966
3852
3797
3609
3886
3480
3979
3693
3633
3545
3544
3501
3884
3877
3873
3841
3830
3756
3495
3891
3888
3522
3521
3938
3929
3828
3611
3586
3576
862
3842
3737
3734
3683
3677
3625
3440
3437
1264
935
384
349
477
459
486
380
516
530
519
442
365
568
529
671
372
2949
2908
588
470
1908
214
44
14
151
93
575
595
582
665
662
681
640
599
666
643
628
578
577
672
620
598
600
639
623
684
618
648
579
682
655
616
589
584
573
675
583
635
657
654
644
636
634
590
528
498
450
425
2764
3388
3425
2967
2982
2972
3042
3093
3271
3105
3428
2899
3180
3410
3028
3200
3080
3294
3054
2709
2929
3241
2850
2746
3130
2731
2906
3129
3232
2769
2897
2766
3303
3184
3250
3073
2755
3181
3227
3044
3339
3238
3000
3300
2888
3286
3237
3135
3119
3220
3023
2907
2880
2679
3030
3010
2821
3293
3158
3114
2981
2874
2756
2754
3284
3108
2966
2689
2681
2861
3213
3026
2945
2761
2757
2974
2919
2896
3392
2994
2789
3364
2977
2931
2928
2911
2862
2773
2741
3372
2930
2837
2959
2834
3325
3309
3283
3008
3142
3052
2890
2872
2827
3400
3123
2953
2915
2887
2867
2807
2743
3387
3348
3056
3029
2960
2925
2815
2800
2750
3301
3226
3085
3065
3047
3033
2969
2927
2917
2912
2905
2877
2866
2864
2717
2694
2669
2666
2664
3414
3324
3193
3004
2948
2909
2806
2706
3311
2879
3426
3231
3229
3192
2984
3427
2926
2920
3328
2759
3402
2744
3112
2900
3175
2729
2847
2700
3412
3066
2983
2933
2889
3197
3167
2795
3424
3389
2955
2816
3050
3307
3379
3155
2811
3415
3371
3207
3075
2844
2876
2702
2791
2718
3235
3191
3203
2715
3043
3041
3138
2772
2711
3244
2954
2871
3090
2739
2998
2667
2996
3421
3431
3418
2995
2668
3245
3308
2868
3393
3312
3248
2942
3260
3212
3103
3146
572
564
551
550
535
534
531
518
478
476
466
464
437
393
377
371
362
1087
1254
945
3083
2822
3361
3310
3278
1138
1889
1134
974
3398
970
1251
3962
3948
3872
3741
3721
3692
3674
3651
3592
3577
3525
1095
1615
1127
1403
1295
1144
1708
1693
1869
485
480
1759
1815
1640
1896
1755
1417
554
505
381
1748
1749
403
390
1007
1414
900
1880
1406
1489
626
612
597
440
536
558
1154
1094
1602
424
357
350
462
586
604
445
418
610
502
446
489
396
426
407
493
421
1013
508
405
474
355
543
510
509
457
449
369
676
683
569
545
548
469
547
367
473
398
395
570
495
415
560
557
555
402
392
382
361
565
546
360
354
976
527
479
463
416
388
385
521
504
455
452
541
451
352
539
537
482
669
567
490
460
417
412
492
438
408
368
2997
3117
2961
2916
2777
2705
3359
3068
2957
2779
2758
663
653
574
1316
679
378
507
503
496
439
977
1093
645
1203
1033
950
2740
64
441
501
351
267
17
337
312
220
333
20
144
140
41
685
680
678
677
673
670
668
664
661
660
659
658
652
650
647
646
633
632
631
630
627
625
622
621
619
617
614
611
607
605
603
593
592
576
461
436
434
422
373
95
6
3046
3343
2914
3313
2783
3340
2819
2735
3161
3087
2686
2688
3352
3224
3319
3086
2728
3385
3275
2682
2848
2808
3436
3435
3433
3432
3430
3423
3420
3417
3405
3399
3394
3390
3384
3383
3380
3376
3368
3363
3362
3357
3354
3337
3334
3318
3317
3315
3314
3285
3273
3266
3257
3251
3249
3243
3236
3234
3228
3223
3221
3216
3211
3210
3202
3195
3190
3177
3176
3174
3171
3168
3166
3163
3159
3156
3151
3149
3144
3143
3141
3139
3137
3131
3121
3109
3104
3099
3098
3096
3095
3092
3088
3084
3078
3077
3069
3064
3063
3058
3053
3048
3045
3040
3036
3025
3022
3015
3014
3012
3007
2993
2990
2988
2987
2986
2985
2978
2956
2946
2944
2943
2940
2935
2924
2913
2910
2902
2892
2891
2884
2883
2878
2873
2860
2855
2854
2851
2839
2838
2835
2830
2829
2825
2820
2817
2810
2809
2803
2802
2801
2794
2788
2786
2784
2782
2776
2763
2762
2749
2745
2738
2732
2726
2723
2722
2721
2710
2703
2699
2698
2696
2683
2680
2676
2675
2673
2670
2663
2662
990
2812
2797
3118
3262
3067
3395
3369
3341
3259
3256
3409
3342
3124
2856
3346
3162
3018
2727
2690
3019
3254
3214
2965
2836
3276
3178
3009
2733
3264
3253
3196
2918
2843
3422
3233
3133
3281
3366
2921
3323
3288
3194
3089
3034
3032
2951
2859
3225
2938
2882
2870
3373
3356
3217
3215
3110
3097
3072
3024
2895
2858
2747
3365
3299
3201
3255
3272
3148
3113
2716
2713
3035
2770
3208
2841
2796
2730
3291
2970
3330
3239
3187
2980
2833
2832
2831
2780
3027
2992
3406
3198
3140
3321
3160
3107
3101
3013
2818
2751
2712
3296
3206
3204
3360
3350
3280
3247
3154
3102
2989
2904
2901
2849
2790
2785
2765
3358
3306
3292
3189
3136
2947
3345
3344
3298
3252
3209
3199
3172
3170
3152
3106
3039
3038
2973
2937
2936
2894
2875
2846
2823
2793
2787
2687
2684
3374
3062
3001
2979
3419
3381
3335
3327
3326
3182
3157
3391
3367
3353
3351
3297
3240
3132
3120
3116
3115
3060
3051
2853
2708
2701
3279
3222
3205
3164
3081
3057
3002
2941
2865
2768
2720
2685
2665
3316
3277
3188
3150
3070
2923
1506
1696
348
1814
3386
3165
3079
2760
2678
996
1701
940
914
1105
1503
1193
929
1784
1568
1443
1910
939
933
1099
948
955
1324
3179
969
1234
649
363
941
1514
1773
1354
1215
3355
2999
2725
2693
1240
1152
973
1053
1360
1687
1555
1274
1802
1118
956
1306
1743
1731
1853
1120
1847
1168
1010
3011
1561
1147
1790
1767
1766
1545
1294
1747
1216
938
1433
1307
1136
1085
1781
1873
1638
1241
964
1043
1493
1378
1008
1794
1764
1635
1578
1569
1062
1494
1410
1174
928
1413
1257
1733
1139
1740
1887
1245
954
1221
902
1728
1508
1438
1432
1081
1032
1310
1296
1502
1108
1709
1362
1348
1756
1428
1169
944
1738
1170
1131
1381
1036
1014
1672
1005
1744
1565
1425
1113
1002
1115
1866
1641
1499
1599
1500
1481
994
924
1587
1492
1082
1785
1090
1798
1629
1468
1371
1232
963
1878
1645
1358
1045
1311
1286
1715
1475
1021
1705
1511
1187
1165
1325
1023
1253
1828
1699
1633
1531
1482
1355
1303
1041
563
1671
1903
1158
1067
1009
1727
1536
1304
1260
1011
1448
1015
989
981
1634
1770
1549
1469
1035
1229
1129
1778
1318
936
1893
1720
1655
1636
1628
1426
1231
1000
1729
1706
1661
1166
942
1562
1016
1872
1862
1459
1347
1322
1188
986
901
1899
1573
1550
1404
1104
896
1507
1121
1072
389
1236
1225
1248
1106
1844
1695
1464
1446
1349
1332
1142
915
475
1871
1848
1787
1783
1739
1686
1582
1533
1504
1454
1429
1281
1235
1204
1167
1018
992
919
1776
517
1895
1648
1601
1452
1333
1319
1186
1097
1824
1786
1732
1515
1382
1309
1261
1066
971
1400
609
1226
1179
651
553
538
525
512
494
465
1673
1543
1408
1320
1313
580
506
431
423
419
404
375
1616
591
587
559
556
524
523
515
514
513
511
491
488
487
481
471
458
456
444
428
413
410
397
394
387
374
370
359
1882
1855
1679
1606
1529
1512
1374
1080
641
561
544
542
540
520
500
497
483
432
430
420
409
400
391
366
3173
269
2375
3020
1566
1697
1283
1183
1088
2813
1384
1383
987
1444
3404
3304
2724
1197
1618
1575
1478
1356
1247
962
1020
1385
596
1189
1883
1894
1650
1418
637
566
1001
1237
1703
1595
1258
1051
1239
1063
1473
913
1830
1674
1463
1436
1298
1192
1143
1091
606
1451
1202
1077
1806
1518
908
1439
1217
1049
968
1069
217
171
268
63
51
234
222
190
343
162
116
57
232
152
24
549
399
364
166
320
284
225
177
102
68
310
278
38
159
111
32
127
59
262
226
149
28
2
238
300
204
346
194
173
101
330
266
254
92
317
77
414
211
184
108
293
227
187
3434
3411
3332
3274
3017
2976
2968
2950
2903
2742
2672
3295
3246
2934
2845
2775
2734
1684
3403
3378
3377
3287
3261
3219
3185
3100
3076
3005
2958
2932
2881
2840
2778
3416
3397
3396
3347
3302
3289
3270
3267
3169
3145
3082
3049
3021
3016
2991
2939
2863
2828
2753
2748
2737
2674
2661
3331
3320
2964
2781
2719
3263
1860
3265
1825
1564
1779
1050
1532
1401
1769
1339
1422
1155
1437
1821
1150
961
951
972
1054
1461
1458
1398
1024
1710
1885
1321
1877
1523
1112
1025
1796
1040
1651
1572
1278
1250
998
1891
1761
1644
906
1380
1271
1265
1810
1724
1653
1911
1852
1700
1832
960
1180
1058
1789
952
1608
1484
1288
1068
1823
1809
1737
1735
1598
1542
1107
1329
1117
1163
1132
966
907
1804
1535
1505
1317
1376
1212
1164
1130
1856
1346
1220
1078
1059
1907
1906
1905
1904
1901
1897
1892
1890
1884
1881
1876
1875
1874
1870
1865
1859
1857
1850
1841
1838
1837
1831
1829
1822
1820
1818
1812
1808
1807
1803
1801
1788
1775
1771
1763
1762
1751
1745
1742
1726
1725
1719
1716
1704
1698
1694
1692
1691
1682
1681
1680
1678
1677
1676
1670
1667
1664
1660
1658
1654
1649
1647
1646
1642
1631
1630
1627
1626
1625
1624
1623
1611
1607
1596
1594
1593
1592
1591
1588
1583
1579
1576
1574
1567
1556
1552
1548
1546
1541
1526
1525
1524
1498
1497
1496
1495
1490
1487
1486
1480
1479
1476
1474
1472
1462
1455
1450
1449
1442
1435
1427
1424
1423
1421
1415
1412
1411
1409
1397
1396
1395
1392
1379
1373
1372
1370
1368
1366
1364
1363
1357
1350
1345
1343
1342
1340
1338
1328
1323
1315
1314
1308
1300
1299
1297
1292
1285
1284
1282
1279
1277
1275
1273
1268
1259
1249
1246
1228
1227
1223
1218
1213
1210
1208
1207
1201
1200
1198
1190
1178
1177
1162
1159
1151
1148
1141
1137
1133
1125
1122
1114
1111
1109
1102
1100
1098
1089
1084
1075
1073
1071
1070
1064
1060
1052
1044
1042
1039
1037
1030
1022
1019
1012
988
985
984
983
979
975
965
958
957
949
943
937
931
930
923
917
912
910
909
905
903
898
629
601
526
484
376
353
58
2217
2106
2424
2388
1665
1517
1289
1156
959
3290
2826
2677
1387
1902
1864
1845
1754
1460
1407
1341
1937
1863
1702
1540
1501
1477
1471
1419
1337
1817
1161
922
1861
1811
1765
1758
1752
1662
1620
1447
1405
1393
1388
1242
1146
1116
1612
1377
1048
980
920
1851
1772
1723
1712
1632
1619
1600
1571
1530
1457
1416
1402
1365
1344
1336
1302
1290
1287
1267
1214
1195
1184
1079
1006
1003
982
934
927
1819
1757
1753
1750
1721
1652
1597
1580
1547
1538
1491
1488
1456
1453
1389
1375
1335
1330
1291
1256
1211
1149
1083
999
947
925
1868
1816
1791
1746
1688
1683
1659
1643
1554
1553
1528
1513
1390
1293
1243
1230
1209
1182
1181
1153
1128
1124
1004
967
897
1886
1833
1768
1689
1613
1610
1590
1589
1584
1551
1485
1399
1359
1334
1280
1269
1255
1238
1222
1185
1086
1076
1028
1026
997
953
932
926
916
1858
1780
1537
978
1888
1879
1827
1795
1736
1734
1714
1685
1622
1617
1614
1544
1431
1369
1367
1272
1110
993
991
1799
1774
1467
1305
1175
