1594
3982
775
692
875
581
215
3589
3991
1206
3407
2838
3846
1430
3031
877
832
710
854
1581
205
3942
3183
1856
154
1065
3955
3820
1346
3984
3808
95
3978
1777
4006
585
2380
656
3787
4016
2470
3856
4010
15
562
1854
2569
377
3996
3425
2952
256
35
3513
3729
311
3372
3876
3987
447
1834
2079
145
358
1253
3732
4034
1262
153
305
216
3071
3121
499
4032
321
1119
629
2541
2980
286
1326
2431
2517
1961
287
340
3582
4012
3637
4036
679
1145
4029
891
1276
2736
3597
126
356
4001
883
3744
1233
74
668
3165
1775
301
3271
1640
42
2704
3305
3923
349
3565
2456
3181
233
192
3746
3268
3989
642
866
895
887
859
870
871
776
874
885
884
882
788
791
691
746
894
889
886
881
879
873
872
867
861
858
729
704
716
893
888
878
876
864
863
717
806
804
712
768
841
732
725
702
812
807
822
771
789
707
742
890
869
753
777
838
846
698
779
770
880
765
741
803
763
794
738
687
836
799
790
720
797
793
757
843
722
733
728
703
805
848
810
754
727
856
855
852
849
839
837
825
821
819
818
811
809
802
801
798
796
792
786
783
782
773
769
767
764
761
756
750
749
740
735
734
730
723
721
714
709
700
689
814
780
731
726
718
697
826
813
800
795
711
690
829
828
766
853
851
850
847
845
842
840
833
831
817
816
815
787
778
774
772
760
751
747
736
724
708
701
696
695
693
688
844
835
830
827
824
823
820
808
781
762
759
758
755
748
745
739
737
719
715
694
686
834
784
752
713
705
706
743
892
785
699
744
868
865
857
4028
4004
3981
4027
4013
4025
3990
4017
3999
4018
4030
3993
4023
3994
3986
667
4038
4037
4035
4033
4031
4026
4021
4020
4019
4015
4009
4008
4007
4005
4002
4000
3998
3997
3988
3985
3983
594
4014
3980
3995
4011
4003
3992
4022
4024
3447
3537
3894
3807
3751
3749
3724
3727
3606
3445
3739
3588
3963
3878
3507
3914
3620
3959
3887
3879
3854
3882
3477
89
190
333
3572
3660
3671
3916
3483
3801
3871
3725
3567
3806
3976
3694
3461
3781
3490
3669
3682
3818
3690
3614
3535
3698
3778
3789
3632
3870
3975
3539
3665
3489
3571
3643
3493
3967
3844
3466
3710
3912
3892
3874
3863
3536
3499
3848
3716
3439
3664
3836
3524
3735
3686
3857
3743
3541
3473
3794
3768
3623
3558
3463
3907
3862
3666
3791
3494
3679
3757
3701
3519
3476
3465
3947
3833
3486
3840
3827
3769
3939
3811
3868
3657
3441
3881
3761
3622
3909
3510
3555
3803
3706
3924
3903
3896
3855
3829
3784
3714
3591
3901
3832
3644
3649
3613
3809
3766
3500
3554
3598
3826
3810
3945
3786
3726
3568
3564
3951
3792
3718
3584
3773
3915
3906
3738
3630
3464
3835
3802
3715
3713
3705
3685
3636
3508
3505
3470
860
228
3755
3452
3450
3707
3497
3512
3762
3526
3940
3852
3543
3485
3503
3847
3872
3776
3655
3782
3767
3719
3610
3931
3893
3821
3764
3652
3469
3772
3550
3817
3556
3971
3957
3918
3911
3736
3700
3691
3680
3562
3560
3518
3488
3457
3737
3540
3858
3824
3730
3542
3667
3654
3578
3533
3521
3449
3889
3839
3788
3756
3480
3625
3440
572
147
6
112
255
300
96
78
220
2
44
151
162
259
110
99
225
263
177
102
621
647
3869
3860
3770
3672
3658
3640
3635
3462
3780
3662
3925
3673
3504
3487
3979
3977
3973
3972
3970
3969
3966
3965
3960
3958
3956
3952
3950
3949
3946
3944
3941
3937
3936
3935
3933
3932
3930
3928
3926
3921
3920
3919
3917
3913
3910
3908
3905
3904
3902
3900
3899
3898
3897
3895
3891
3890
3885
3883
3875
3867
3866
3864
3859
3850
3849
3845
3842
3837
3834
3831
3828
3823
3822
3819
3816
3815
3814
3813
3812
3805
3804
3799
3798
3796
3793
3790
3785
3783
3777
3775
3774
3765
3763
3759
3758
3753
3752
3748
3747
3745
3742
3740
3728
3722
3720
3717
3712
3711
3708
3704
3703
3696
3695
3683
3681
3678
3676
3675
3670
3668
3663
3659
3653
3651
3650
3648
3647
3646
3645
3642
3641
3639
3638
3634
3631
3629
3628
3627
3624
3619
3617
3616
3615
3612
3608
3607
3603
3602
3601
3599
3596
3595
3594
3593
3590
3587
3585
3583
3581
3580
3579
3576
3574
3573
3569
3563
3557
3553
3552
3549
3546
3538
3534
3532
3531
3529
3528
3527
3523
3520
3516
3515
3514
3511
3509
3506
3502
3498
3496
3492
3491
3484
3482
3481
3479
3478
3474
3472
3468
3460
3459
3458
3455
3454
3453
3451
3448
3446
3443
3442
663
2930
283
240
206
298
120
57
168
3929
3841
3760
3702
3693
3684
3661
3605
3525
3517
3800
3545
3962
3886
3873
3838
3741
3731
3692
3611
3577
3559
3475
3471
3438
3884
3795
3779
3674
3656
3547
3456
3888
3677
3626
3522
3964
3927
3825
3968
3938
3934
3880
3851
3830
3797
3734
3721
3697
3687
3633
3621
3618
3609
3586
3548
3501
862
467
379
454
1445
1157
1627
1002
1579
1038
1797
1521
1776
167
32
214
140
207
219
19
174
131
38
49
60
306
4
130
344
242
274
97
328
275
273
195
152
124
28
17
134
127
312
149
115
41
14
343
137
20
318
295
327
330
254
187
101
24
264
201
8
237
3
307
296
143
266
33
247
227
175
51
347
204
1474
1254
1607
1840
1168
1266
628
670
577
592
632
627
599
588
675
662
661
650
635
615
595
583
659
600
3954
3733
3604
3600
3444
3961
3566
3551
3530
3437
622
1527
3131
2732
3053
2776
2709
3311
2959
2678
2898
2808
2798
3388
3286
3167
3211
3285
3323
3357
1780
987
2722
3310
1031
288
94
117
291
141
85
75
251
139
36
317
258
232
133
132
77
178
270
268
82
176
146
158
323
123
118
69
45
189
303
276
222
186
62
302
80
284
235
121
108
346
299
88
73
199
172
161
26
7
285
246
236
211
170
31
9
277
257
25
188
339
252
1150
1045
928
3948
3943
3877
3750
3592
3561
3495
1057
677
666
636
617
598
453
364
564
532
383
549
501
476
351
1411
1546
1197
1501
1764
1089
1476
1023
1176
1822
1434
1274
1511
1424
956
1711
1088
935
1093
1403
1177
1151
1865
1008
1759
1708
1705
1073
961
986
1460
1321
1286
1508
1639
1410
1174
1489
1360
1821
1291
1333
1219
1028
1731
1561
1518
1481
1911
1710
1890
1859
1316
1719
1187
1165
1798
1648
1568
958
1741
1732
1261
898
1069
1851
1789
1380
1278
1180
1905
1564
1544
1441
1050
1896
1553
1393
1116
1554
1239
1586
1015
1550
1454
1309
1018
1138
979
1659
1340
1293
1437
1079
1173
1861
926
1087
1751
1090
1845
1285
1857
1874
1537
1535
1389
1351
1626
1178
1747
1319
1609
1124
1107
1056
897
1641
1033
1653
1562
1341
1305
1272
1135
1879
1833
1563
1485
1398
1024
1004
1757
1637
1269
952
1838
1317
1836
1811
1643
1598
1538
1377
1375
1196
1092
980
927
1702
1590
1458
1312
1860
1792
1182
1245
942
1808
912
1378
1118
1895
1880
1837
1601
1216
938
1442
1903
1728
1715
1595
1495
1396
1115
1019
618
345
341
338
337
336
334
326
322
320
319
316
314
313
310
309
293
290
289
282
281
279
278
271
265
262
261
253
250
249
248
241
239
238
234
230
226
224
223
221
218
213
212
208
200
196
194
193
185
183
182
181
180
179
165
164
159
157
155
144
142
138
135
129
122
116
111
109
105
104
98
93
92
91
87
84
83
76
72
71
68
66
65
63
59
55
53
52
46
39
29
23
22
12
11
10
5
1771
1523
1000
1704
949
1802
1784
1733
1533
1363
1137
992
1310
1569
1500
1503
954
1830
1781
1749
1127
1650
1295
1877
1823
1819
1800
1752
1623
1622
1613
1597
1367
1339
1335
1198
1184
1017
1006
967
966
921
916
1368
1252
1111
1043
955
909
1588
1866
1664
1213
1667
1134
1005
964
1311
943
1785
1121
937
1472
1355
1247
965
1904
1748
1541
1599
1886
1275
1259
1497
1356
1443
1829
1566
1202
931
1147
1026
1867
1596
1315
1007
969
933
1412
1228
1893
1682
1298
1102
1021
1875
1742
1628
1462
1423
1373
1347
1231
1129
1120
1014
1899
1884
1841
1786
1655
1587
