0
843
4026
2269
386
1105
775
3959
3977
3999
3991
3987
215
2842
2470
3733
160
743
667
138
2857
602
18
1560
899
3954
468
294
1967
2952
2998
2483
282
3953
1208
3650
656
4007
4036
4017
1466
607
3985
351
335
1194
195
209
581
1354
744
3461
3885
4035
699
2971
89
383
3143
1394
256
1034
3661
3795
1383
1996
3691
3235
12
1627
1224
1096
3589
1395
349
3467
1065
71
4001
892
1937
911
476
393
379
910
4024
4010
1252
157
222
1476
895
887
881
852
785
751
535
880
81
166
2251
234
2691
572
33
648
1924
247
3875
210
1664
228
3653
2106
255
3899
3865
287
2113
3282
3694
262
241
3389
244
183
3183
1071
1240
613
3271
3961
110
289
3820
1581
652
443
3798
498
860
237
1755
3003
749
253
3688
668
2767
499
3910
3936
3451
95
2975
1417
1713
1434
358
3551
1977
3817
3665
3686
2015
2570
1008
2569
3887
2808
42
3880
1386
1119
3765
3487
1693
49
798
879
399
441
501
4029
3560
3897
233
218
181
4
306
275
273
78
328
1046
1586
3992
3983
3990
2595
3059
3045
453
3861
3444
1442
4005
1002
401
406
532
467
3981
4011
4006
4021
4038
3997
3996
4033
4000
3988
4023
4014
3994
4004
4037
4032
4031
4030
4028
4027
4025
4022
4020
4019
4018
4016
4009
4008
4003
4002
3998
3995
3993
3986
3982
4013
3980
3989
4034
4012
594
4015
3984
894
874
796
756
790
717
707
882
870
873
872
776
885
864
791
839
802
789
725
822
806
876
869
710
888
886
782
704
746
795
786
735
833
733
821
734
832
855
848
841
837
797
788
767
757
742
736
732
721
715
714
712
702
700
692
691
689
723
812
813
831
808
799
784
761
774
893
889
884
871
867
865
859
858
825
890
818
765
753
777
738
731
726
847
771
850
878
863
861
840
769
729
851
814
779
727
711
708
706
693
778
728
807
853
842
836
810
794
787
823
805
783
766
687
849
838
820
804
803
793
773
770
754
752
739
730
713
835
763
716
834
829
827
800
772
768
762
760
755
737
724
722
720
718
696
824
686
846
844
826
815
780
745
705
701
698
697
695
694
688
817
856
845
828
819
809
792
781
764
759
758
747
741
719
709
830
740
703
748
854
811
877
866
816
801
690
891
875
750
883
868
857
99
102
3807
3644
3905
3447
3864
3813
3502
54
301
263
143
2
267
240
190
124
311
296
206
76
309
135
162
140
111
93
298
3742
3923
3789
3632
3771
3473
3567
3685
3652
3498
3835
3773
3663
3597
3472
3799
3840
3482
3590
3598
3564
3955
3781
3678
3511
3591
3580
3566
106
10
307
129
2178
2548
2431
3681
3815
3565
3700
3669
3898
3594
3581
3516
3562
3883
3481
3548
3543
3832
3928
3074
3401
30
302
178
63
229
266
184
27
327
101
17
36
295
250
320
139
51
283
343
131
147
324
204
278
68
148
337
243
32
60
116
28
23
277
265
137
19
6
227
175
331
268
211
29
117
304
121
96
193
276
59
254
242
130
332
57
303
336
288
270
200
104
103
39
308
281
197
165
127
123
108
66
13
326
44
172
312
214
151
41
231
105
72
245
91
274
346
133
126
325
318
313
248
239
132
50
3908
3792
3809
3708
3457
3901
3696
3874
3701
3509
3679
3912
3866
3612
3595
3964
3893
3505
3534
3459
3601
3546
3963
3468
3783
3500
3547
3636
3526
3965
3757
3768
3568
3787
3720
3918
3608
3949
3871
3857
3743
3778
3508
3740
3753
3710
3599
3572
3489
3739
3639
3655
3529
3921
3876
3862
3728
3666
3615
3553
3496
3442
3931
3932
3848
3844
3647
3638
3513
3557
3772
3732
3770
3976
3818
3810
3763
3539
3465
3942
3627
3617
3600
3664
3922
3624
3606
3535
3499
3490
3907
3850
3802
3705
3698
3470
3774
3675
3571
3927
3786
3718
3714
3680
3631
3623
3620
3515
3690
3903
3648
3558
3900
3870
3855
3833
3826
3794
3878
3754
3524
3791
3747
3587
3975
3967
3764
3761
3738
3554
3510
3951
3924
3906
3822
3793
3762
3937
3915
3829
3634
3593
3569
3585
3549
3538
3645
3582
3662
345
341
323
290
285
271
232
224
207
186
170
122
118
5
188
169
161
142
141
113
109
55
40
31
26
347
315
291
168
65
22
2422
2375
2439
2100
2450
2515
2321
2541
2041
2070
2558
2527
2080
2634
2167
2197
3940
3485
3913
3707
3450
3552
3455
3477
3785
3702
3574
3891
3635
3592
3492
3914
3528
3464
3860
3828
3563
3796
3779
3527
3916
3660
3919
3911
3695
3613
3578
3523
3518
3512
3479
3640
3440
3730
3670
3605
3542
3497
3488
3628
3873
3831
3687
3514
3805
3737
3784
3944
3884
3741
3736
3556
3471
3491
3475
3800
3642
3596
3971
3797
3672
3667
2732
3181
2710
3147
2817
3216
2884
2926
3044
3427
3376
3338
3413
2769
3133
2891
3130
3283
2736
3006
3266
3024
2996
2012
2158
2357
2162
1936
2048
3323
2723
2667
3357
3208
3242
2850
3176
576
299
213
194
187
94
92
88
24
344
342
339
338
334
330
329
321
319
317
314
310
300
297
286
284
280
272
261
260
258
257
252
251
249
246
238
236
235
226
225
223
221
220
219
217
212
208
203
201
199
196
192
189
185
180
177
176
174
167
164
163
159
158
155
154
153
149
146
144
134
128
125
115
112
98
87
86
85
84
83
82
79
77
75
73
70
69
62
61
56
53
52
48
45
38
25
21
20
16
14
11
9
8
3
1
119
3689
3495
3974
3972
3970
3969
3960
3958
3957
3956
3952
3947
3946
3945
3941
3938
3935
3934
3933
3929
3926
3920
3917
3909
3904
3896
3895
3894
3892
3890
3882
3881
3879
3872
3869
3868
3867
3863
3859
3858
3856
3849
3845
3843
3837
3836
3834
3827
3825
3823
3821
3819
3816
3814
3811
3808
3806
3804
3803
3801
3790
3782
3777
3776
3775
3769
3767
3766
3759
3758
3755
3752
3751
3749
3745
3735
3727
3726
3725
3724
3723
3722
3719
3716
3715
3713
3711
3706
3703
3699
3682
3676
3671
3668
3659
3657
3649
3646
3643
3641
3630
3629
3626
3622
3619
3616
3614
3611
3610
3607
3603
3602
3584
3583
3579
3570
3561
3559
3555
3541
3537
3536
3532
3531
3521
3520
3519
3507
3506
3504
3503
3494
3493
3486
3484
3483
3478
3476
3474
3469
3466
3463
3462
3460
3458
3446
3445
3443
3441
3439
588
1218
1177
2349
1933
2205
2660
322
156
120
67
7
2401
2486
2371
2335
2632
2621
2528
2388
2217
2051
1930
2614
2534
2513
2490
2426
2170
2346
1958
2626
2130
2097
2524
2545
2421
2270
2373
2341
2488
2260
2129
1978
2456
2480
2402
2291
2166
2403
2613
2350
2503
2535
2301
2358
2099
2342
2568
2622
1992
2185
2587
2577
2455
2238
2366
2044
1982
1961
2063
2628
2405
2181
2105
2034
1960
2654
2119
2227
2152
2035
1915
2644
2440
2089
2444
2320
2255
2237
2092
2467
2307
2136
2303
2140
2171
2000
2522
2615
2539
2244
2213
1929
2484
2584
2447
2159
1976
2192
2027
2014
1999
2623
2090
2055
2225
2016
2353
2190
2086
2591
2574
2554
2485
2446
2118
2059
1963
2611
2229
2624
2606
2573
2550
2443
2407
2326
2040
1946
2360
2236
2193
2639
2538
2435
2337
2011
1991
1928
2646
2556
2492
2408
2376
2363
2329
2216
2154
2098
2020
1943
2656
2231
2540
2448
2256
2214
2085
2023
2481
2281
1995
1957
2146
2633
2364
2284
2001
1927
2523
2091
2552
2551
2520
2409
2200
2112
2083
1942
2648
2061
2025
2004
2658
2657
2583
2494
1980
1951
3966
3902
3852
3838
3780
3731
3573
3452
3962
3943
3886
3721
3683
3658
3651
3576
3517
3968
3930
3888
3851
3841
3712
3697
3604
3545
3540
3522
3501
3480
3448
3979
3847
3830
3734
3625
3544
3525
3889
3842
3824
3788
3760
3693
3692
3656
3654
3618
3609
3533
3456
3449
3438
3948
3684
3586
3577
3550
3308
3092
2798
3367
3281
3307
3139
3392
2982
3016
3210
3333
2677
3305
3048
3028
2747
3197
3424
3151
2954
3186
3260
3241
2918
3050
3167
3032
3188
2967
2895
3359
2662
3009
3372
3251
3131
2930
2902
2709
2965
2847
2964
2802
3138
2876
3095
3055
2950
3421
2776
2961
2888
2816
3066
3390
2978
3373
3371
2713
2981
3303
3013
2792
2963
2970
3259
3384
2987
2699
3292
3086
3027
2870
2949
3435
2804
2942
2748
3166
3004
2935
3270
3070
3311
2834
3318
3314
3236
3163
3206
2737
2745
2794
3109
3088
3356
2749
2706
3306
3173
2853
3159
3394
3294
2773
2726
3336
3128
3126
3290
3114
3042
2810
2731
3301
2763
2956
2759
3250
2862
3354
3218
3122
3275
2923
2898
2889
3213
3231
3229
2663
3146
3046
2712
2708
2871
3402
2812
3119
3040
2852
3174
2739
3022
2966
2911
2666
3272
3030
2837
3300
3084
3010
2789
2806
2758
2681
2680
3200
3053
3082
2715
2819
3425
3381
3169
2707
3433
3228
2960
2928
2872
2827
2821
3419
3344
3132
3094
3049
3007
2939
2770
3291
3140
3093
3348
3202
3052
2974
2943
2913
2912
2910
2880
2925
2825
3352
3277
3239
3209
3148
3116
2869
2846
3417
3243
2977
2743
3420
3346
3273
3171
3103
2990
2830
2668
3265
2671
2859
2711
3426
3033
2916
2754
2689
2791
3284
3195
3149
3026
2946
3246
2820
3383
3196
2882
2856
2836
2784
3258
3364
3362
3257
3238
3232
3220
3158
3104
3025
2931
2927
2915
2873
2786
2756
2729
2679
3233
3001
2692
3363
3023
2944
2761
3411
3298
3113
3382
3309
2879
2703
3387
2908
2906
2755
2717
2694
2669
3221
2771
2762
3351
3330
3316
3252
3240
3102
3038
2901
2863
2828
2785
2780
2719
3081
2865
3019
2957
2735
2984
2724
2718
3377
3145
2796
3289
2932
2903
2688
3302
2730
3370
3223
2779
2778
3431
3349
3335
3194
3144
3060
3035
2687
2793
3075
3393
2832
3353
3320
3274
3225
3185
3017
3015
2840
2701
3350
3280
3262
3051
2936
2818
2661
3321
3118
2841
3342
3155
3012
3341
3219
3198
2686
2675
2514
2022
2018
2610
2531
2312
2355
2413
2566
2497
2474
2411
2277
2272
2175
2173
2049
2640
2024
1931
2233
1952
2557
2182
1944
2578
2553
2536
2506
2430
2414
2359
2334
2308
2290
2287
2261
2172
2108
2074
2043
1966
2331
2496
2305
2210
2208
2655
2630
2625
2607
2560
2521
2507
2433
2404
2387
2356
2354
2271
2240
2218
2206
2139
2131
2124
2103
2045
1979
2252
2211
2065
2619
2602
2593
2590
2586
2579
2575
2561
2549
2532
2518
2500
2477
2476
2469
2460
2429
2391
2386
2381
2352
2340
2339
2323
2306
2299
2276
2258
2188
2184
2165
2164
2147
2104
2093
2088
2078
2069
2060
2046
2037
2033
1986
1983
1962
1953
1938
1918
1917
2530
2361
2110
3328
3107
3299
3215
3214
3117
3043
2674
2803
3385
996
3397
3395
3391
3212
3203
3150
3120
3106
2921
2833
2772
2716
3404
3296
2969
2924
2919
2782
2757
2676
3091
2697
3412
2951
640
675
595
622
681
635
670
650
665
643
615
582
647
627
578
80
464
427
1562
634
1486
150
64
974
3673
3621
3437
685
677
612
616
574
573
603
597
644
633
605
598
589
575
660
1499
1016
2062
2392
2057
2075
2641
2318
2209
1987
1988
2189
2177
1939
1981
2243
2516
1923
2101
2293
2310
2226
2599
2627
2620
1973
1968
1919
2304
2525
2345
2317
2126
2459
2325
2267
2250
2116
2609
2594
2543
2438
2332
1970
2603
2319
2235
2127
2616
2571
2510
2473
2343
2135
136
2351
2246
2224
2151
2052
2002
2600
2547
2526
2489
2468
2445
2436
2417
2393
2383
2330
2328
2268
2149
2144
2053
2039
2038
1985
2652
2637
2511
2479
2434
2432
2415
2390
2274
1948
2508
2406
2396
2379
2367
2322
2313
2280
2247
2232
2191
2186
2133
