1912
107
2206
1663
1684
1199
3437
2047
2054
1613
2020
1471
2199
3363
0
483
348
1557
2877
896
2463
2203
3339
3076
414
1267
3078
2289
3035
1612
2716
2598
917
1345
2664
2081
2620
3198
2730
1320
1472
1717
1939
686
3364
3344
1857
566
376
322
2124
3417
3938
460
2657
1583
2637
2849
2754
526
3838
1066
1361
3195
408
543
3252
1919
1505
1467
553
2313
2176
493
2338
2745
1573
3002
719
824
1420
3025
1692
2557
2198
389
942
3406
1876
3906
3258
2284
3756
2940
1329
3087
3378
573
25
1279
3345
2336
698
3274
3010
363
3586
1067
1227
3077
1504
3950
3945
847
713
930
1911
2873
2668
2566
2582
1076
1622
2916
1183
3060
3611
2180
941
3219
3962
3714
856
2987
67
2224
1709
3365
1080
563
3106
853
3829
1120
3547
186
2648
3835
3414
1837
2644
3821
3728
3701
412
1418
1029
913
2832
3350
1448
2394
3558
3683
1987
3263
1820
3232
611
479
3630
3222
450
2862
1490
1615
1307
1228
714
3836
3546
245
2228
2387
3148
539
1903
1508
9
475
3968
1464
2134
1849
827
724
619
2362
3168
2780
2225
2538
458
1935
3101
1462
1336
535
1769
2666
1298
1798
1901
2621
3551
3727
3615
448
313
166
163
1161
1787
1605
3306
3169
2955
200
960
3900
1535
3212
2751
3033
1738
1818
88
3737
2361
3023
3654
3164
180
1401
1645
1910
2322
2010
995
3764
3460
820
308
2758
3811
3624
3436
3241
418
2024
1114
3006
1176
1200
2569
2265
2650
255
640
775
890
3455
3725
4025
3979
3913
2893
2879
677
489
148
108
2162
1555
122
3089
1944
2202
3265
957
592
3486
2738
2458
1280
1289
487
2307
1015
48
644
2909
1322
178
2807
3218
3112
813
729
523
1600
1694
1702
3860
3225
2947
1525
246
1870
2715
570
1251
1908
2096
47
193
562
760
816
3066
3479
3658
3745
3895
3508
3461
877
582
311
305
157
2291
1411
2248
2402
2496
1042
1410
1762
304
1319
3386
2958
3576
1582
2875
419
3295
2966
3435
3194
2144
128
1980
1302
3152
968
793
3719
3755
3636
3850
3818
3810
3708
347
326
92
1241
1494
3073
3005
752
2192
1881
3873
3324
3839
3533
3519
2798
616
2448
353
2919
3238
1828
2985
3216
590
2221
3948
516
2413
2791
2764
1103
2092
1016
2535
2360
1453
229
468
744
867
895
3952
3914
3695
3516
2860
870
864
466
256
143
2341
2314
1333
1384
961
2100
1481
2772
1503
2237
1104
901
2865
2990
2399
1686
3969
2471
3137
1219
2983
3730
3790
252
2018
3763
636
3104
400
688
3848
3477
3358
3155
2812
2736
812
767
696
268
2358
2209
1389
1482
1885
3357
1669
474
1656
694
2627
803
3759
764
1710
198
1469
1189
96
910
2713
1088
1362
2421
2008
2301
2013
2515
782
886
3413
3787
3978
3565
3537
3513
3447
3144
2767
2685
888
887
841
763
732
663
602
317
296
226
219
137
117
73
64
2197
1220
1171
998
1187
1419
1660
965
1439
527
3197
1195
2259
413
565
2795
3943
1425
2677
3105
2332
1882
2484
462
756
3291
1408
2697
3069
3555
3036
3458
3160
465
3303
285
471
1360
94
134
3153
1475
3666
3489
3485
3372
3317
2885
576
258
1779
1095
1743
452
1803
2234
434
2025
3475
3867
1763
1451
3610
345
3497
3861
3840
3825
3698
3655
665
569
201
1960
1223
2366
1054
560
3361
2954
2762
762
536
3427
2288
2494
2968
2746
1896
1162
911
1521
986
2349
2205
287
292
381
384
2899
3600
3673
3959
3998
4006
4034
3896
3879
3827
3645
3473
3375
2804
866
807
717
204
197
195
192
174
100
95
973
2167
1967
1035
1443
1894
1018
1913
3337
3013
346
3092
819
2268
3409
415
2684
1891
2624
2855
2472
1614
1348
2295
1440
2949
3328
797
2445
2688
3211
101
111
227
3903
3889
3883
3575
3524
3305
741
583
541
385
273
270
127
116
77
2286
1565
1137
1650
3316
357
2941
2367
1626
2892
2840
2700
3707
3976
2800
3187
1444
422
3680
2138
3014
1712
1097
3802
3608
3309
3227
3121
3024
2675
599
532
84
2452
2345
375
2856
626
3972
3780
3379
2959
2813
682
1392
1752
1406
1285
3796
521
2859
2581
3234
1654
1039
1854
1264
1233
955
1213
1701
985
1855
1145
1276
2470
2321
1974
37
44
74
571
607
882
2857
3451
3739
3965
3984
3989
3995
3997
3999
4010
4031
4013
3994
3904
3801
3732
3539
3520
3268
776
608
406
338
241
135
129
63
2474
2405
2219
2487
1055
1356
2439
1887
1895
1821
2281
1915
923
1174
2528
1325
3206
669
2734
1149
3130
3702
1973
421
505
528
2327
1630
3046
1764
309
857
2719
916
2674
3635
2911
1819
1745
1543
1883
3110
3713
1009
3828
753
2236
1995
3931
3346
3034
1226
3644
3299
1099
3843
3805
3696
3664
3492
786
768
740
693
333
301
240
62
8
1982
2397
1698
2390
2427
3304
3170
1159
1355
325
1303
3080
1567
118
3438
2353
1810
1378
839
3974
3927
3864
3855
3807
3659
3626
3529
3428
3401
3270
3266
3128
2975
2727
2725
833
