107
814
3980
501
3801
283
2975
887
717
218
259
3892
399
4012
1002
12
120
153
2178
182
2596
749
3425
2245
1967
3074
893
3441
852
3251
552
2714
201
383
154
43
207
3454
227
3681
3661
365
1411
3727
3653
602
3585
4036
3986
4002
3993
112
241
1854
3717
351
4029
114
613
37
642
1065
33
3939
2704
3565
1693
4011
2808
2457
174
4016
2857
3271
3817
3358
453
3699
2204
955
11
2722
3812
3175
4015
3487
1890
3820
2437
2788
3816
3121
49
3988
3992
3849
3905
240
485
8
464
3131
166
1008
2094
269
3427
757
247
3912
3725
3538
631
3894
193
3808
306
181
3165
1792
3689
610
3105
2930
1421
228
234
63
178
140
243
2771
248
89
224
60
340
38
316
100
50
1
294
287
1443
875
149
330
3901
3445
3716
3688
3815
3626
3608
3550
448
3472
3467
3783
3587
198
3809
832
3795
3461
3752
611
801
3914
3696
3733
3329
3700
2767
667
1701
3742
3103
3942
3940
541
3244
2227
3856
3844
866
3748
986
3639
2106
3597
3589
3746
1218
3452
3543
145
1140
860
4026
3997
1933
2182
1096
1562
1498
4000
379
574
1239
2114
4013
3991
3987
4005
1240
895
4010
3094
427
83
2838
2569
2528
1202
2998
881
2431
1558
3322
3989
3781
3854
4008
307
3806
480
18
4028
612
1143
3984
1127
608
1710
586
886
876
812
822
817
737
883
858
1023
733
741
3372
743
3919
859
725
3910
789
753
699
771
3560
3548
3006
1044
3227
1263
1430
3807
2595
2641
1797
3141
660
3230
892
150
1252
550
1560
2814
319
2269
2886
2952
300
3935
1905
292
562
390
2130
51
386
575
1326
1073
3846
6
2691
1176
1103
3784
244
1206
3393
2548
3045
3875
1755
572
1087
411
1777
1860
2015
873
1713
2505
1499
3751
3432
649
2360
356
2442
71
443
1016
3928
530
1254
3882
704
3282
2971
1022
1194
3031
1654
1629
987
3370
1395
1119
3134
1295
1992
673
3949
2740
996
693
3217
2422
2255
293
1492
152
138
2263
1908
3053
3606
2847
1145
2456
2380
3650
262
167
157
3283
1552
364
870
385
1270
406
2517
15
2794
2860
86
3490
1157
3055
3765
58
124
2470
3436
206
215
1581
216
2453
1586
95
3122
802
782
767
702
788
714
839
736
707
712
729
1640
1138
4018
979
894
372
568
3813
3978
441
3933
3500
3533
3552
3625
3694
163
3389
28
3544
3567
2926
3338
2732
2902
173
245
264
91
255
1027
3925
3682
2634
2421
2895
4007
4031
1760
3637
3679
42
4001
454
192
4038
4004
3995
4003
4030
3996
4033
4017
3447
3863
3624
3580
3908
3897
35
143
131
102
175
68
99
177
19
296
377
3181
3180
855
798
3147
2817
3127
2487
2301
3376
3401
253
97
2316
1208
1105
476
3541
3657
3473
3857
3536
3549
3546
3963
110
328
275
273
195
78
867
872
776
93
41
214
116
14
111
220
144
20
310
115
222
156
105
290
84
30
96
137
343
289
295
66
127
238
27
303
117
10
274
45
308
141
161
65
22
103
235
331
270
237
39
176
212
62
276
250
221
121
271
169
345
251
104
3
213
59
190
260
88
208
40
135
134
304
334
246
162
128
159
318
314
297
82
67
75
257
298
239
72
272
265
199
324
285
200
113
323
277
165
133
56
13
168
226
185
146
186
98
21
25
170
123
26
284
291
252
118
16
129
322
280
172
54
9
122
87
342
325
229
125
126
332
197
184
108
288
142
196
341
339
337
336
326
313
312
281
261
258
236
232
231
223
219
211
203
188
164
160
158
148
109
81
77
76
74
69
55
44
36
31
29
7
4
346
329
5
180
130
119
73
101
53
302
254
320
315
194
0
299
249
204
48
24
266
80
187
57
242
92
94
3950
3678
3482
3647
3979
3547
3685
3641
3791
3664
3868
3916
3889
3438
3840
3780
3862
3779
3670
3975
3573
3904
3934
3872
3769
3886
3703
3960
3920
3814
3531
3743
3962
3480
3616
3891
3556
3876
3636
3715
3666
3735
3760
3720
3586
3907
3778
3526
3884
3528
3525
3491
3440
3757
3913
3702
3832
3755
3744
3502
3835
3728
3644
3839
3522
3790
3741
3654
3737
3707
3557
3687
3562
3739
3867
3698
3592
3519
3838
3559
3485
3861
3858
3527
3512
3966
3852
3828
3514
3475
3471
3800
3517
3750
3873
3734
3563
862
3609
3971
3796
3672
3773
3629
3615
3510
3460
3652
3771
3888
3693
3539
3684
3768
3619
3926
3736
3776
3478
3747
3655
3590
3819
3874
3595
3446
3628
3449
3513
3439
3923
3749
3708
3841
3658
3492
3850
3722
3713
3710
3663
3842
3831
3633
3918
3929
3686
3851
3656
3618
3921
3802
3498
3455
3860
3785
3730
3692
3642
3627
3605
3576
3542
3540
3497
3450
3600
3957
3476
3683
3611
3877
3830
3762
3965
3837
3701
3883
3613
3553
3508
3677
3938
3930
3902
3804
3731
3640
3518
3898
3594
3479
3521
3774
3675
3462
3845
3604
3577
3545
3501
3495
3456
3948
3943
3797
3818
3442
3859
3754
3668
3532
3620
3474
3561
3786
3676
3855
3836
3673
3847
3674
3660
3671
3895
3763
3680
3564
3484
3770
3572
3909
3977
3970
3968
3967
3964
3954
3953
3944
3941
3936
3917
3911
3903
3880
3824
3805
3799
3789
3766
3761
3759
3756
3753
3740
3729
3721
3709
3697
3695
3667
3659
3651
3635
3622
3599
3598
3596
3583
3579
3578
3574
3571
3523
3505
3504
3488
3483
3481
3477
3470
3465
3457
3448
3444
1085
3690
3466
3443
3705
3870
3822
3464
3924
3958
3566
3648
3623
3507
3972
3915
3829
3726
3630
3881
3890
3706
3937
3646
3602
3554
3900
3489
3976
3486
3834
3821
3612
3610
3499
3951
3617
3511
3956
3568
3535
3524
3869
3714
3643
3437
3927
3738
3645
3601
3558
3792
3569
3826
3718
3631
3777
3591
3515
3506
3529
3509
3463
3866
3803
3534
3969
3945
3833
3825
3793
3764
3719
3468
3931
3794
3782
3458
3896
3711
3555
3947
3906
3758
3593
3584
3810
564
393
4037
3982
4021
4019
3998
3994
594
4027
4020
4023
4034
4014
3985
4025
3999
3981
4009
4035
4022
3990
4024
3983
4032
4006
878
783
794
779
811
885
735
773
768
786
756
755
758
716
739
734
724
748
708
800
888
871
865
861
769
880
849
845
823
797
745
804
765
889
882
864
863
837
799
772
836
808
781
738
720
844
813
740
827
820
723
834
795
761
840
815
747
792
762
760
752
710
695
829
751
726
722
706
696
853
830
824
843
793
848
697
694
688
698
828
810
803
763
703
856
835
807
787
711
809
770
719
705
778
777
713
831
766
691
689
850
847
842
841
838
833
819
805
790
784
774
764
754
731
730
728
727
718
701
692
690
732
686
806
818
796
791
874
742
879
868
869
826
709
890
715
780
846
746
687
821
851
785
816
759
721
775
744
825
700
884
854
750
891
857
877
3775
3732
3575
3607
3704
3864
3516
3614
3787
3638
3493
3632
3772
3469
3712
3665
3811
3581
3848
3496
3932
3946
3503
3634
3459
3878
3823
3955
3899
3879
3843
3827
3788
3767
3745
3649
3621
3582
3494
3662
3893
3865
2017
3973
3588
2281
2041
2888
2388
3603
3959
2483
2105
2373
2008
1956
2034
3325
2879
2789
3030
3059
2807
2799
3383
1936
2051
2439
2082
2146
1950
2660
2454
2170
2650
2515
2035
2644
2070
2193
2486
2044
2523
2527
2628
2450
2587
2397
2173
2341
2091
2412
2405
2570
1915
2466
3058
3306
2855
3352
2693
2727
2826
3008
3095
3311
2834
2699
2891
3270
3110
2687
2685
3139
2965
2701
3326
3130
2884
2769
2898
3307
3209
2709
2852
2821
3202
2887
2967
2948
3392
2726
2851
2837
3428
3300
2978
2710
3368
3066
3222
2708
3220
3430
3143
2908
2861
3286
2749
3269
2755
3010
2987
2873
2705
3166
2673
3390
3023
3213
2919
3149
2969
2835
2666
3114
3092
2731
3275
2974
2953
3433
3174
2867
2746
2925
3138
2668
2760
2818
2801
3323
2751
2878
2735
2697
2820
3156
3099
2816
3028
2997
2736
3255
3067
2954
2933
2856
2677
2946
3148
2876
2859
3032
2411
2314
2248
2497
1990
1975
2092
2558
2403
2181
2120
1949
1922
2474
2361
2614
2375
2217
2113
1913
1934
2152
2089
2023
2455
2321
2613
2427
2213
1942
2136
2055
2228
2584
2478
1997
2545
2387
2262
2159
2157
2346
2207
2061
1957
2018
2025
2006
2636
2097
2011
333
677
657
621
663
1045
3083
1838
2540
2353
2311
2591
2374
2098
1986
2046
2504
2500
2574
2086
1963
2216
2576
2563
2539
2429
2276
2188
2093
2078
1966
2536
2532
2489
2363
2140
2030
1971
2601
2549
2490
2444
2320
2367
2208
2624
2499
2492
2352
2150
2077
2312
2440
2236
2362
2566
2425
2205
2659
2656
2639
2637
2622
2590
2580
2577
2564
2535
2534
2524
2520
2488
2448
2446
2443
2418
2402
