0
890
4016
4033
241
3999
183
262
550
877
3268
638
255
2269
4034
4015
1168
2168
3606
86
96
911
1224
347
3071
4029
1233
453
2704
1145
2817
3006
1071
3271
2481
138
3650
448
215
190
3864
3952
18
447
33
3925
3230
801
3183
464
1430
3582
3801
179
1558
3946
3974
2527
2980
145
3709
3537
1002
775
3984
3814
289
294
3856
3688
1252
825
3849
895
891
1969
1206
832
785
750
700
743
1326
270
2808
3125
74
3890
110
1586
3031
3808
2541
2167
154
3494
233
1353
1777
2899
749
3820
3748
3712
1022
652
191
247
3143
3876
875
2079
3413
120
1194
1105
1208
2595
3885
552
384
42
3700
3669
229
3127
3147
3074
2774
3055
437
4001
168
3745
2204
2437
2421
3407
885
867
872
4005
49
3994
3981
4006
4018
4002
4019
3983
4027
3991
3998
4026
4023
4009
4021
3995
3993
4017
4014
4031
4024
4022
4013
4004
4000
3997
3992
3990
3989
3985
4038
4030
4003
3988
3986
3980
4020
3982
4037
594
4028
4011
3996
4007
4036
4025
4012
4010
3987
4035
4032
4008
870
894
881
802
876
869
893
892
887
886
884
883
882
879
874
873
871
866
863
858
776
841
813
889
729
839
818
806
725
689
809
822
796
702
768
767
710
821
808
721
855
852
850
816
791
790
788
783
763
753
733
732
717
714
888
861
765
723
812
880
756
799
811
798
735
718
836
807
757
720
703
835
779
764
716
843
704
815
746
699
797
845
838
698
740
687
758
715
772
761
854
795
773
711
804
736
712
691
754
771
752
727
827
705
738
726
793
787
829
789
786
759
707
846
803
724
693
820
737
849
823
774
755
730
834
719
794
781
697
695
842
840
747
853
694
686
856
844
837
826
824
819
810
805
792
780
770
769
745
741
739
731
728
709
688
848
847
833
831
830
817
814
800
784
782
778
777
766
762
760
751
748
742
734
722
708
706
701
696
690
828
713
851
868
865
864
859
878
860
744
692
296
102
99
307
3848
3859
3489
3749
3519
3854
3806
3939
3887
3567
263
167
32
160
68
71
174
3597
3631
3959
3960
3843
3759
3933
3679
3513
3976
3716
3638
3836
3870
3580
3792
3739
3725
3657
3644
3953
3588
3927
3676
3665
3917
3743
3671
3901
3766
3620
3499
3783
3696
3478
3608
3923
3789
3751
3653
3975
3757
3616
3607
3781
3646
3439
3920
3769
3666
3472
3652
3482
3951
3718
3465
3714
3957
3918
3708
3509
3458
3914
3637
3532
3903
3855
3719
3506
3599
3905
3624
3628
3874
3595
3473
3812
3584
3668
3904
3770
3515
3507
3728
3863
3771
3585
3546
3969
3924
3900
3826
3591
3463
3940
3782
3754
3524
3809
3774
3972
3752
3510
3726
3460
3538
3916
3619
3891
273
227
310
78
93
260
219
8
225
124
61
230
151
19
2721
2732
3251
3300
3216
3088
3044
2811
2791
3317
3333
3269
2798
2695
3835
3715
3505
3442
3543
3479
3955
3833
3822
3794
3711
3643
3493
3878
3834
3724
3883
3613
3581
3503
3911
3707
3658
3477
3832
3681
3670
3485
3776
3655
3587
3500
3937
3909
3786
3768
3761
3602
3468
3459
3906
3821
3777
3706
3622
3895
3893
3837
3600
3534
3829
3443
3936
3907
3778
3740
3735
3713
3705
3685
3615
3590
3508
3817
3659
3610
857
3660
3736
3852
3689
3552
3979
3522
3944
3654
3796
3772
3528
3457
3526
3702
3462
3544
3672
3518
3488
3779
3621
2804
3066
3869
3838
3804
3627
3601
3578
3559
3555
3527
3512
3474
3464
3742
3977
3973
3967
3965
3963
3958
3956
3949
3947
3941
3935
3932
3931
3928
3926
3922
3921
3915
3912
3902
3899
3897
3896
3894
3892
3888
3882
3881
3880
3879
3875
3871
3868
3867
3866
3862
3857
3853
3850
3847
3844
3840
3827
3825
3823
3819
3818
3816
3815
3811
3810
3805
3802
3799
3795
3793
3791
3787
3785
3784
3773
3767
3764
3763
3762
3760
3758
3753
3747
3738
3732
3731
3727
3722
3720
3710
3701
3699
3698
3697
3694
3690
3682
3675
3664
3663
3662
3661
3649
3648
3647
3645
3641
3636
3635
3634
3632
3630
3629
3623
3614
3603
3598
3593
3589
3583
3579
3575
3574
3572
3571
3570
3569
3568
3565
3564
3558
3553
3549
3542
3541
3539
3536
3535
3531
3529
3523
3511
3498
3497
3492
3490
3486
3484
3483
3481
3476
3475
3470
3469
3466
3461
3452
3450
3446
3445
3441
3626
3970
3737
3730
3640
3557
3930
3839
3765
108
153
343
218
131
152
76
36
282
337
28
14
302
57
181
4
253
97
321
333
2
137
309
139
206
115
41
147
300
187
264
259
245
193
177
254
23
192
221
143
299
101
214
162
111
44
312
144
319
2847
2714
3334
2692
2824
2790
3091
249
344
237
2998
3305
3133
3319
3151
3326
3336
3126
2886
3405
3398
3436
2961
3367
3148
2852
2702
2954
2900
2848
2917
3383
3402
3112
3372
3180
3131
3221
3210
3229
3199
2878
3354
3141
3053
2975
2799
3225
3285
3266
3315
3059
2726
3005
3197
2751
3381
2781
2987
3366
3007
2840
2820
3128
3083
3422
3041
2834
3032
2789
3286
2825
2965
3028
2918
2902
3400
3376
3338
3399
3362
3042
3424
3217
3227
2803
3248
3243
2953
3107
2990
3393
2843
2831
3357
3349
3277
3070
2802
2722
3293
2679
3200
3242
3303
2759
3116
3430
3139
2710
2715
3411
3212
3152
2904
3016
3261
3231
2978
2887
2837
2769
3000
3121
3296
3254
3048
3417
3073
2993
2827
2777
2756
2696
3100
2823
2861
2881
3256
2744
3234
2673
3236
2816
3129
2901
2754
3378
