0
3992
743
668
164
3704
875
292
1690
1386
233
648
866
704
854
841
749
692
2168
468
18
899
114
286
911
3856
2774
3134
929
153
581
3268
2541
11
3575
253
74
4002
2691
585
3709
3996
247
3282
499
1262
3999
3125
1276
155
12
3820
3854
411
2963
287
2483
3037
1270
2470
2740
3742
3801
3885
883
1157
1558
244
2792
2817
3147
3127
3055
3074
1442
864
877
859
881
776
717
882
863
889
811
735
895
894
893
891
887
885
879
876
874
873
872
870
867
860
858
880
785
816
699
790
884
802
788
725
855
765
732
836
780
763
750
740
869
808
861
700
888
886
878
804
797
739
716
751
839
768
736
714
722
840
803
741
730
794
890
856
777
693
688
782
746
702
710
783
762
724
828
818
817
815
814
772
761
734
698
687
766
849
834
830
819
787
759
755
747
726
720
718
708
706
696
848
842
738
737
695
853
852
851
850
846
845
844
843
838
837
835
833
832
831
829
825
824
823
822
821
820
813
812
810
809
807
806
800
799
798
796
795
793
792
791
789
786
784
781
779
778
775
774
773
771
770
769
767
764
760
758
754
753
752
748
745
744
742
733
731
729
728
723
721
715
713
712
711
709
707
705
703
701
697
691
690
689
847
827
826
805
727
719
694
686
756
757
868
871
865
801
4036
4020
4016
3995
4019
4005
4018
4017
4007
4030
4014
4004
4037
4026
4003
3986
3994
594
4038
4035
4034
4033
4032
4027
4025
4024
4023
4022
4021
4015
4013
4011
4009
4006
4001
4000
3998
3997
3993
3990
3988
3985
3984
3982
3981
4031
3989
3980
3991
3983
4010
4028
4012
4008
3987
4029
667
3595
3445
3678
3942
3494
3493
3880
3805
3882
76
3641
3901
3879
3664
3653
3580
3541
3537
3567
3917
3473
3916
3910
3874
3657
3946
3834
3923
3749
3720
3912
3871
3743
3725
3538
3579
3465
3489
3977
3676
3614
3716
3787
3949
3447
3483
3439
3715
3927
3690
3539
3965
3519
3818
3564
3963
3679
3628
3922
3682
3441
3763
3724
3671
3646
3960
3655
3446
3594
3581
3516
3479
3933
3809
3783
3766
3696
3957
3837
3708
3701
3685
3878
3622
3534
3791
3722
3561
3777
3634
3630
3612
3459
3600
3515
3507
3967
3823
3554
3862
3840
3636
3615
3498
3455
3907
3827
3815
3802
3753
3728
3608
3553
3482
3958
3719
3821
3973
3810
3768
3623
3510
3924
3976
3786
3718
3870
3969
3705
3591
3458
3866
3782
3738
3711
3620
3593
3900
3509
3814
3531
3893
3953
3732
3532
3959
3619
3544
3979
3627
3471
3950
3911
3813
3695
3691
3680
3467
3470
3966
3790
3762
3452
3852
3831
3804
2805
3227
2857
3099
3336
3322
3128
2692
3573
3929
3637
3603
3590
3886
3683
3741
3667
3589
3877
3533
3475
3978
3618
3884
3687
3654
3461
3780
3755
3872
3621
2975
44
327
95
264
300
259
279
93
338
270
235
2245
2106
2204
2219
288
108
3161
3975
3974
3968
3964
3962
3955
3952
3944
3940
3939
3937
3936
3934
3932
3921
3920
3919
3918
3915
3908
3905
3904
3903
3902
3899
3898
3897
3896
3895
3894
3892
3891
3890
3887
3883
3881
3876
3875
3873
3868
3867
3865
3864
3863
3859
3858
3857
3855
3850
3848
3847
3846
3845
3844
3843
3842
3836
3835
3833
3832
3825
3824
3819
3817
3816
3812
3808
3807
3806
3803
3799
3798
3795
3793
3792
3789
3788
3785
3784
3781
3778
3776
3775
3774
3773
3771
3769
3767
3764
3761
3759
3758
3757
3754
3752
3751
3750
3748
3747
3746
3745
3744
3740
3739
3736
3735
3729
3727
3717
3713
3710
3707
3706
3703
3702
3700
3699
3698
3694
3689
3686
3681
3675
3673
3670
3669
3668
3666
3665
3663
3661
3660
3659
3652
3650
3649
3648
3647
3645
3644
3643
3639
3638
3632
3631
3626
3625
3624
3617
3616
3613
3611
3609
3607
3606
3602
3599
3598
3597
3587
3585
3584
3583
3582
3578
3572
3571
3568
3565
3563
3562
3557
3552
3548
3546
3543
3542
3536
3535
3526
3524
3523
3513
3512
3511
3508
3506
3505
3502
3500
3499
3497
3490
3485
3484
3481
3478
3477
3476
3472
3468
3460
3457
3453
3451
3444
3443
3442
857
3849
3972
3956
3945
3909
3829
3529
3469
3466
3464
3926
3914
3913
3860
3838
3770
3635
3605
3601
3576
3559
3555
3528
3527
3518
3514
3488
3474
3462
3450
3672
3629
3550
3521
3520
3492
3951
3947
3931
3906
3869
3826
3822
3794
3714
3569
3558
3486
3662
3549
3941
3772
3610
3503
3971
3970
3480
3888
3828
3734
3684
3656
3547
3540
3525
3522
3449
3448
3737
3731
3730
3658
3640
3574
3948
3938
3930
3889
3851
3841
3839
3830
3800
3796
3765
3760
3712
3697
3674
3596
3577
3545
3517
3491
3438
3338
2804
3254
2895
2893
3309
3242
2788
3418
2876
3094
3093
3159
3160
3372
2930
2886
3371
3148
3333
3030
3367
3354
3216
3059
3237
3083
2860
3175
3048
3260
2983
3066
3012
2997
3427
3425
3402
3376
2705
3028
3224
2884
2732
3124
2972
2959
3314
3311
3329
3429
3270
3235
3095
3405
3389
2898
2745
3394
3269
2736
2703
3208
3190
3393
3121
2948
2695
3200
2766
3416
3391
3316
3106
2992
2765
2674
2803
2939
2762
2723
3306
3299
3209
2717
3381
3326
3297
2712
3141
2987
3424
3239
3201
3188
2778
2807
2789
3315
3303
3213
2856
2977
3137
2880
2850
2927
3220
3344
3291
3247
3194
3058
3049
3041
2989
2742
2901
2831
2715
2931
3000
2798
3272
3152
3060
3369
3342
3312
2938
2819
2801
2690
3400
3073
3025
2874
2731
3374
3231
3229
3139
2978
2899
3359
3378
3332
3206
3116
3115
3102
2991
2937
2853
2833
2828
2753
2720
2716
2809
2663
2772
3179
3341
3323
3280
2976
3431
3328
2811
3430
3142
3119
2757
2956
2925
2920
2897
2676
2949
2846
2661
3293
2945
2743
3193
2917
2755
3435
3433
3362
3238
3104
2994
2969
2928
2911
2896
2890
2810
2683
3264
3198
3189
3132
3107
2904
3324
3052
2761
2706
3411
3396
3351
3350
3262
3182
2797
2796
2684
3318
2982
2699
3380
3305
3138
3043
2751
3353
3050
3387
3232
3084
3047
3026
3014
2993
2988
2906
2877
2866
2827
2689
3426
3384
3363
3348
3304
3195
3184
3149
3098
3090
3033
2966
2940
2919
2916
2915
2912
2815
2786
2777
2669
3173
3003
2838
2814
3340
3211
3360
3345
3313
3217
3079
3070
3067
3038
2840
2818
2795
3410
3241
2713
3210
3177
3133
3113
2711
3334
2728
3285
3176
3024
2739
3191
3018
2662
3302
2947
2697
2671
3298
3288
3273
2951
2881
2682
3205
2979
1034
3943
3797
3756
3721
3692
3651
3633
3592
3556
3501
3495
3456
3440
862
1701
3406
3259
3077
2847
2768
2665
3419
3409
3379
3335
3253
3219
3196
3187
3171
3087
2999
2955
2871
2791
2784
2718
2760
3403
3320
3185
3151
3118
3111
3101
3039
3017
3010
2965
2923
2875
2734
3011
2882
2707
1477
1353
1792
1387
250
50
162
71
45
47
75
102
333
20
319
344
309
36
196
91
68
337
345
139
60
321
46
28
243
225
347
281
251
184
135
189
149
14
2
190
302
80
175
265
222
272
306
299
132
318
268
341
290
88
55
27
330
248
191
146
48
1
255
332
117
42
331
308
239
128
104
40
336
276
200
141
130
94
69
39
31
346
57
245
230
99
83
185
87
89
310
214
144
116
111
41
29
325
313
109
98
65
334
277
252
231
203
199
188
176
156
113
105
67
110
316
180
328
195
181
283
170
122
85
1996
2634
2301
2094
2517
1956
2528
2312
1969
2632
2444
1961
2017
1952
2568
1982
2263
2048
2513
2076
1988
2400
2130
2427
2321
2252
2650
1992
2421
2524
2080
2455
2360
2119
2008
2558
2656
2424
2160
1915
2260
2402
2371
2443
2396
2221
2213
2249
2262
2623
2350
2429
1942
2545
2393
2311
2303
2099
2580
2572
2557
2403
1930
2631
2331
2136
2499
2454
2404
2456
2034
2293
2057
2559
2387
2019
1966
1925
2291
2599
2367
2280
2096
2231
2459
2574
2571
2359
2095
2063
2060
2059
2605
2405
2501
2243
2222
2132
2026
2648
2014
2615
2586
2563
2556
2554
2551
2539
2506
2467
2324
2258
2201
2190
2084
2030
1989
1984
2657
2013
2049
2637
2589
2566
2505
2406
2362
2335
2185
2035
1977
1974
2488
2228
2166
2162
2091
2169
1921
2646
2370
2240
2210
2184
2103
2093
2040
1917
2645
2050
2277
2181
2436
2379
2345
2330
2143
2101
2655
2602
2579
2575
2573
2560
2553
2550
2549
2521
2504
2489
2478
2460
2395
2391
2381
2363
2352
2334
2309
2308
2206
2172
2150
2147
2142
2123
2122
2115
2112
2109
2083
2077
2033
1993
1986
1983
1963
1938
1929
2357
2534
1978
1975
2373
2587
2609
2384
1968
1957
2157
1998
2658
2627
2346
2159
2024
2011
2006
1958
1919
2610
2594
2567
2473
2394
2313
2259
2232
2082
1970
2622
2641
2493
2425
2310
2242
2205
2155
2141
2031
2341
2156
2120
2215
2053
1959
2625
2619
2611
2607
2601
2593
2578
2546
2542
2536
2526
2507
2484
2410
2386
2376
2356
2353
2348
2340
2339
2326
2290
2287
2261
2233
2220
2188
2154
2121
2078
2074
2069
2020
1997
1985
1971
1962
1946
2519
2509
2475
2461
2399
2332
2318
2304
1939
2626
2494
2365
2061
2000
1935
2582
2530
2636
2617
2583
2529
2447
2327
2284
2247
2225
2116
2081
2072
2027
2007
1995
1991
1973
339
315
246
21
7
3278
3265
3245
1697
1417
628
3925
3437
3954
3733
3726
3604
3496
3463
3566
3551
3530
3504
3779
3693
3677
3642
3586
1264
1295
1829
1664
1760
564
454
1546
1518
1065
2744
2616
2508
2419
2344
2283
2196
2133
2054
2042
2028
1940
1775
3434
3432
3428
3423
3422
3421
3420
3417
3415
3414
3413
3408
3404
3401
3399
3398
3397
3395
3392
3390
3388
3386
3385
3383
3382
3377
3373
3370
3368
3365
3364
3361
3358
3357
3356
3355
3352
3349
3347
3346
3343
3339
3337
3331
3330
3327
3325
3321
3319
3317
3308
3307
3301
3300
3296
3294
3292
3289
3287
3286
3284
3283
3281
3279
3277
3276
3275
3274
3271
3267
3266
3261
3258
3257
3256
3255
3252
3251
3250
3249
3248
3246
3244
3243
3240
3236
3234
3230
3228
3226
3225
3223
3222
3221
3218
3215
3214
3212
3207
3204
3203
3202
3199
3197
3192
3186
3181
3180
3174
3172
3170
3169
3168
3167
3166
3165
3163
3158
3157
3156
3155
3154
3153
3150
3146
3145
3144
3143
3140
3135
3131
3130
3129
3126
3123
3122
3120
3117
3114
3112
3110
3109
3108
3105
3103
3100
3097
3096
3092
3091
3089
3088
3086
3085
3082
3081
3080
3078
3076
3075
3072
3071
3069
3068
3065
3064
3063
3062
3061
3056
3054
3053
3051
3046
3045
3044
3042
3040
3036
3035
3032
3031
3029
3027
3023
3022
3021
3020
3019
3016
3015
3013
3009
3008
3007
3006
3004
3002
3001
2998
2996
2995
2990
2986
2985
2984
2981
2980
2974
2973
2971
2970
2967
2964
2961
2960
2958
2957
2954
2953
2952
2950
2946
2944
2943
2942
2941
2936
2935
2934
2933
2932
2929
2926
2924
2922
2921
2918
2914
2913
2910
2909
2908
2907
2905
2903
2902
2900
2894
2891
2889
2888
2887
2879
2878
2873
2872
2870
2869
2868
2867
2865
2864
2863
2862
2861
2859
2858
2854
2852
2851
2849
2848
2845
2844
2843
2841
2839
2837
2836
2835
2834
2832
2830
2829
2825
2824
2823
2821
2820
2816
2812
2808
2806
2802
2800
2799
2794
2793
2790
2787
2785
2783
2782
2781
2780
2779
2776
2773
2771
2770
2769
2767
2764
2763
2759
2758
2756
2754
2752
2750
2749
2748
2747
2746
2741
2738
2737
2735
2733
2730
2729
2727
2726
2725
2724
2722
2721
2719
2714
2710
2709
2708
2702
2701
2700
2698
2696
2694
2693
2688
2687
2686
2685
2681
2680
2679
2677
2675
2673
2672
2670
2668
2667
2666
2664
58
910
3164
2883
2826
1450
1027
1161
1046
2649
2643
2543
2516
2498
2471
2465
2417
2377
2372
2355
2351
2343
2295
2285
2273
2267
2246
2223
2191
2174
2153
2151
2148
2134
2128
2127
2125
2111
2102
2071
2062
2038
1994
1948
1947
1941
1321
1194
1678
1220
1670
1150
1134
1091
1874
1802
1713
1779
3178
3034
2813
1178
1187
3412
3366
3295
3233
3162
2962
2892
2775
1239
1758
1283
1351
1821
1908
1541
1359
1069
979
1784
1232
1393
1852
1499
1140
3290
1642
1280
1201
1068
1403
1053
1016
956
1251
1085
1164
1805
1501
938
1771
1749
1579
1424
1333
958
1909
1165
1838
1505
1700
1806
970
1325
1532
999
1607
1266
1905
1585
1485
1896
1111
1904
1900
1883
926
1133
1748
1348
977
1911
1851
1004
1346
1132
1517
1219
1180
3263
3136
3057
3005
2968
2822
2678
1666
1240
1634
1090
1063
1669
1000
1461
1327
951
1601
923
1809
1571
1527
959
1842
1826
1336
1289
1163
1047
932
1072
1304
945
1782
1265
1195
1795
1793
1750
1632
1618
1570
1547
1524
1198
1185
1124
980
1228
1127
1860
1369
1418
1299
965
1598
1580
1551
1361
1287
1214
982
972
946
1561
1045
955
1588
1537
1465
1337
1077
1811
1689
1653
1652
1644
966
1892
1880
1787
1568
1533
1319
1314
992
1648
1548
1137
1765
1590
1470
1460
1388
1256
1084
1058
922
1587
1381
1296
1121
1013
2885
1486
1193
904
150
64
343
342
340
329
326
324
323
322
320
317
314
312
311
307
304
303
301
298
297
296
295
293
291
289
285
284
282
280
278
275
274
273
271
269
266
263
262
261
260
258
257
256
254
249
242
241
240
238
237
236
232
229
228
227
226
224
223
221
220
219
218
217
216
213
212
211
210
208
207
206
204
201
197
194
193
192
187
186
182
178
177
174
172
169
168
167
165
161
160
159
158
157
151
148
147
145
143
142
140
138
137
134
133
131
129
127
126
125
124
123
121
120
119
118
115
106
103
101
100
97
96
92
86
84
82
81
79
78
77
73
72
70
66
63
62
61
59
56
54
53
51
49
38
37
33
32
30
26
25
24
23
22
19
17
16
15
13
10
9
8
6
5
4
3
1849
1839
1791
1757
1714
1683
1639
1612
1608
1554
1530
1380
1365
1305
1302
1271
1255
1182
1181
1117
1056
1028
967
947
1681
1553
1244
1827
1823
1810
1291
1269
1267
1199
1017
921
1691
1438
1115
2660
2659
2654
2653
2652
2651
2647
2644
2642
2640
2639
2638
2635
2633
2630
2629
2628
2624
2621
2620
2618
2614
2613
2612
2608
2606
2604
2603
2600
2598
2597
2596
2592
2591
2590
2588
2585
2584
2581
2577
2576
2570
2565
2564
2562
2561
2555
2552
2548
2547
2544
2540
2538
2537
2535
2533
2532
2531
2527
2525
2523
2522
2520
2518
2515
2514
2512
2511
2510
2503
2502
2500
2497
2496
2495
2492
2491
2490
2487
2486
2485
2482
2481
2480
2479
2477
2476
2474
2472
2469
2468
2466
2464
2463
2462
2458
2457
2453
2452
2451
2450
2449
2448
2446
2445
2442
2441
2440
2439
2438
2437
2435
2434
2433
2432
2431
2430
2428
2426
2423
2422
2420
2418
2416
2415
2414
2413
2412
2411
2409
2408
2407
2401
2398
2397
2392
2390
2389
2388
2385
2383
2382
2380
2378
2375
2374
2369
2368
2366
2364
2361
2358
2354
2349
2347
2342
2338
2337
2336
2333
2329
2328
2325
2323
2322
2320
2319
2317
2316
2315
2314
