0
2195
624
613
1119
3230
3183
4022
607
4005
4016
4000
3997
3994
841
788
786
855
3704
3789
3489
3647
3513
3439
3953
3914
3870
3531
3892
3857
3541
3473
3694
3896
3620
3511
3843
3834
3486
3585
3446
3640
3754
3960
3655
3878
3623
3821
3579
3724
3601
3534
3643
3713
3679
3624
3909
3460
3907
3753
3599
2541
2380
1949
2181
1915
2558
2113
2034
2255
2320
2505
2424
4038
4037
4036
4034
4033
4032
4030
4029
4028
4027
4026
4025
4024
4023
4021
4020
4019
4018
4017
4015
4014
4013
4012
4010
4009
4008
4007
4006
4004
4003
4002
4001
3999
3998
3996
3995
3993
3992
3991
3990
3988
3987
3986
3985
3984
3983
3982
3981
3463
2050
1958
35
887
763
700
850
813
782
722
811
765
727
854
853
852
851
849
848
847
846
845
844
843
842
839
838
837
836
835
834
833
832
831
829
827
826
824
822
821
820
818
817
816
815
814
812
809
808
807
806
805
802
799
797
796
795
794
793
792
791
790
789
787
785
784
783
781
780
779
778
777
776
775
774
773
771
770
768
767
766
764
762
761
760
759
758
757
756
755
754
752
751
750
749
748
746
744
743
742
741
740
739
738
737
736
735
734
733
732
731
730
728
726
725
724
723
721
720
718
717
716
715
714
712
711
710
709
707
706
705
704
702
701
699
696
695
694
693
692
691
690
689
688
687
2452
2256
2658
2418
1969
2448
2141
2631
2591
2576
2352
2213
2172
2124
2083
2074
2060
2056
1997
2242
2096
2048
2432
2568
2641
2612
2557
2534
2503
2411
2397
2322
2126
2080
2067
2396
2390
2625
2573
2410
2271
2233
2229
2123
2104
2103
2059
2057
2005
1971
3575
3902
3772
3522
3521
3803
3611
3563
3484
3978
3858
3805
3780
3979
3977
3976
3975
3973
3972
3971
3970
3969
3968
3967
3966
3965
3964
3963
3959
3958
3957
3956
3955
3954
3952
3951
3950
3949
3947
3946
3945
3944
3943
3942
3941
3940
3939
3938
3937
3936
3935
3934
3933
3932
3931
3930
3929
3928
3927
3926
3925
3924
3923
3922
3921
3920
3919
3918
3917
3916
3915
3913
3912
3911
3910
3908
3906
3905
3904
3903
3901
3900
3899
3898
3897
3895
3894
3893
3891
3890
3889
3888
3887
3884
3883
3882
3881
3880
3879
3876
3875
3874
3873
3871
3869
3868
3867
3866
3865
3864
3863
3862
3860
3859
3856
3855
3854
3853
3852
3850
3849
3848
3847
3845
3844
3842
3841
3840
3839
3838
3837
3836
3835
3833
3832
3831
3829
3828
3827
3826
3825
3824
3823
3822
3819
3818
3817
3816
3815
3814
3813
3812
3811
3810
3809
3808
3807
3806
3804
3802
3801
3800
3799
3798
3796
3795
3794
3793
3792
3791
3790
3788
3787
3786
3785
3784
3783
3782
3781
3778
3777
3776
3775
3774
3773
3771
3770
3769
3768
3767
3766
3765
3764
3763
3762
3761
3760
3759
3758
3757
3755
3752
3751
3749
3748
3747
3745
3744
3743
3742
3740
3739
3738
3737
3736
3735
3734
3732
3731
3730
3729
3728
3727
3726
3725
3722
3720
3719
3718
3717
3716
3715
3714
3712
3711
3710
3709
3708
3707
3706
3705
3703
3702
3701
3700
3699
3698
3697
3696
3695
3693
3691
3690
3689
3687
3686
3685
3683
3682
3681
3680
3678
3676
3675
3673
3672
3671
3670
3669
3668
3667
3666
3665
3664
3663
3662
3661
3660
3659
3658
3657
3656
3654
3653
3652
3650
3649
3648
3646
3645
3644
3642
3641
3639
3638
3637
3636
3635
3634
3632
3631
3630
3629
3628
3627
3626
3625
3622
3621
3619
3618
3617
3616
3615
3614
3613
3612
3610
3608
3607
3606
3605
3604
3603
3602
3600
3598
3597
3596
3595
3594
3593
3591
3590
3589
3588
3587
3584
3583
3582
3581
3580
3578
3576
3574
3573
3572
3571
3569
3568
3567
3566
3565
3564
3562
3560
3559
3558
3557
3555
3554
3553
3552
3551
3549
3548
3547
3546
3545
3544
3543
3542
3539
3538
3537
3536
3535
3533
3532
3530
3529
3528
3527
3526
3524
3523
3520
3519
3518
3516
3515
3514
3512
3510
3509
3508
3507
3506
3505
3504
3503
3502
3500
3499
3498
3497
3496
3494
3493
3492
3491
3490
3488
3485
3483
3482
3481
3480
3479
3478
3477
3476
3475
3474
3472
3471
3470
3469
3468
3467
3466
3465
3464
3462
3461
3459
3458
3457
3455
3453
3452
3451
3450
3449
3448
3447
3445
3444
3443
3442
3441
3438
3797
3779
3684
3633
3586
3517
1856
2659
2657
2656
2655
2654
2652
2651
2650
2648
2646
2645
2644
2639
2638
2637
2634
2633
2632
2630
2628
2627
2626
2624
2623
2622
2621
2620
2619
2618
2615
2614
2613
2611
2610
2607
2606
2604
2603
2602
2601
2600
2599
2596
2595
2593
2590
2587
2586
2585
2584
2582
2581
2580
2579
2578
2577
2575
2574
2572
2570
2566
2565
2564
2563
2562
2561
2560
2559
2556
2554
2553
2552
2551
2550
2549
2548
2546
2545
2540
2539
2537
2536
2535
2532
2531
2528
2527
2526
2525
2524
2523
2522
2521
2520
2518
2517
2515
2514
2513
2507
2506
2504
2500
2499
2497
2495
2493
2492
2490
2489
2488
2487
2486
2485
2484
2483
2482
2481
2480
2479
2478
2477
2476
2474
2473
2469
2467
2466
2464
2462
2460
2457
2456
2455
2454
2453
2450
2449
2446
2444
2443
2442
2441
2440
2439
2438
2437
2435
2434
2433
2431
2430
2429
2428
2427
2426
2425
2423
2422
2421
2416
2415
2414
2412
2409
2408
2407
2406
2405
2404
2403
2402
2401
2400
2395
2393
2392
2391
2388
2387
2386
2383
2382
2381
2379
2376
2375
2374
2373
2371
2370
2369
2367
2366
2365
2364
2363
2362
2361
2360
2359
2358
2357
2356
2354
2353
2350
2349
2348
2346
2345
2342
2341
2340
2339
2335
2334
2331
2329
2326
2324
2323
2321
2318
2317
2316
2314
2313
2312
2311
2310
2309
2308
2307
2306
2305
2304
2303
2301
2300
2299
2297
2296
2291
2290
2288
2287
2286
2281
2280
2278
2277
2276
2275
2274
2272
2270
2269
2265
2263
2262
2261
2260
2259
2258
2257
2253
2252
2251
2249
2248
2245
2244
2243
2240
2238
2237
2236
2235
2234
2232
2231
2230
2228
2227
2226
2222
2221
2220
2219
2218
2217
2216
2214
2212
2211
2210
2209
2208
2207
2206
2205
2204
2202
2201
2200
2197
2193
2192
2190
2188
2186
2184
2182
2179
2178
2177
2175
2173
2170
2168
2167
2166
2165
2164
2162
2161
2160
2159
2158
2156
2154
2152
2150
2147
2146
2145
2142
2140
2139
2136
2131
2130
2129
2122
2121
2120
2119
2118
2115
2114
2112
2110
2109
2108
2107
2106
2105
2100
2099
2098
2097
2095
2094
2093
2092
2091
2090
2089
2088
2086
2085
2084
2082
2079
2078
2077
2076
2075
2073
2070
2069
2066
2064
2063
2061
2058
2055
2051
2049
2046
2045
2044
2043
2041
2040
2037
2036
2035
2033
2030
2029
2025
2023
2022
2021
2020
2019
2017
2016
2015
2014
2013
2012
2011
2009
2008
2006
2000
1999
1996
1993
1992
1991
1990
1989
1988
1987
1986
1985
1984
1983
1982
1981
1980
1979
1978
1977
1975
1974
1970
1968
1966
1965
1964
1963
1962
1961
1960
1957
1956
1953
1952
1950
1946
1944
1943
1942
1938
1937
1936
1935
1934
1933
1931
1930
1929
1928
1927
1925
1924
1923
1922
1921
1919
1918
1917
1914
4031
4011
3989
3980
603
577
633
611
573
661
658
643
578
3961
3861
3723
3487
3454
631
619
533
70
283
289
476
393
351
49
206
131
464
10
2660
2647
2640
2636
2635
2583
2571
2538
2494
2459
2447
2378
2337
2284
