0
3991
879
3885
282
63
692
1581
1145
2195
3748
3183
2596
3856
3570
3846
256
3451
3031
757
1834
90
2269
209
286
3565
210
1326
42
485
638
3125
2382
3897
3984
18
1206
3709
3854
205
336
648
1263
2824
34
245
4022
327
153
4006
160
4032
674
3037
1276
267
1362
1071
3467
4036
241
911
868
74
3282
1027
4010
2079
1776
2776
1760
1690
2565
3733
2219
2963
624
3808
1558
660
2595
3935
3989
550
157
411
3955
3820
1353
2808
2168
652
3999
3477
749
244
881
866
872
874
776
895
894
858
885
873
863
889
886
878
804
893
892
887
884
877
875
871
870
867
860
791
852
750
790
888
882
876
864
861
825
729
716
890
869
788
880
850
813
733
838
831
783
763
753
836
758
740
833
746
769
826
768
762
755
698
855
818
707
742
710
819
809
808
803
799
761
715
843
835
793
779
759
725
848
798
690
837
839
789
732
800
772
771
770
756
734
807
730
728
718
849
846
840
817
748
745
737
709
815
824
697
827
814
795
786
784
713
708
696
853
847
842
829
781
777
752
706
701
856
854
845
844
834
832
828
823
822
821
820
816
811
810
806
805
802
797
796
794
792
787
785
782
780
774
773
767
766
765
764
760
754
751
747
744
743
741
739
738
736
735
731
727
723
722
721
720
719
717
714
712
711
705
703
702
700
694
693
689
688
687
830
812
726
724
695
686
778
691
891
883
851
704
699
841
865
801
775
859
4016
3990
4037
4007
4027
4020
3985
4000
4014
4021
4018
4023
3981
3988
4038
4035
4034
4033
4031
4030
4029
4028
4026
4025
4017
4013
4011
4005
4004
4002
3996
3995
3993
3992
3986
3983
4003
3998
3997
3994
3982
3980
4009
4019
4024
4015
4008
3987
594
4012
4001
162
6
217
264
201
193
91
8
61
296
102
333
279
44
2
343
14
289
126
3190
2857
2767
3428
2788
3122
2811
3175
3375
3144
3323
2692
3197
3091
2721
3744
2923
3270
3816
3689
857
3882
3653
3699
3541
3952
3914
3857
3732
3770
3946
3859
3781
3507
3910
3704
3789
3616
3607
3778
3939
3606
3517
3978
96
139
268
2667
3254
1607
1043
50
274
314
305
137
212
81
99
340
298
190
328
273
115
52
112
337
197
317
295
219
321
227
131
35
55
132
100
64
39
283
259
89
32
130
23
211
29
275
218
181
4
307
230
225
177
342
341
276
238
172
13
184
108
266
260
204
92
299
278
175
320
135
127
338
151
149
140
41
325
237
231
113
101
226
214
111
326
310
144
116
19
261
26
194
133
73
3281
2762
3133
3141
2799
3024
2834
2855
3398
2954
3200
2861
3151
3431
2696
3199
3138
2672
2891
3171
3055
3188
3349
3229
3208
3427
3371
3285
3241
2688
3009
2713
3405
3155
3218
2995
3357
2691
3067
2768
2801
3367
3340
2895
2870
2972
3356
2829
3310
2848
3160
3075
3128
3063
3318
3392
3130
2851
3223
2695
3036
2889
2670
3083
2935
3414
2961
2952
2841
3153
2981
2854
3094
3368
3369
3358
2918
2735
2902
2732
2705
3042
2806
2887
2745
2831
2682
3303
3159
3114
3336
3044
3313
3329
3242
2685
2847
2720
2796
2898
3399
2680
3148
2987
2852
2921
2711
2697
3421
2821
3394
3388
3317
3012
2997
3316
2881
2772
2936
2818
2700
2756
2750
3374
3240
2793
2709
3377
3351
3225
3035
2904
2712
3271
3147
3074
2817
3424
3389
2858
2907
3213
3041
3435
3163
3105
2911
2769
2746
3345
3194
3106
3058
2853
3315
3234
3054
2953
3415
3292
3069
3119
3092
3255
3253
3016
2843
2819
3363
3166
3073
2743
2679
3178
3331
3167
3226
2867
3360
3352
3299
3288
3287
3109
3089
3060
3013
2992
2990
2846
2783
2687
3393
3365
3291
3050
2844
2879
3311
3309
3387
3000
2928
2927
2925
2919
2787
3353
3275
2723
2871
3433
3417
3400
3293
3158
3137
2977
2966
2931
2873
2837
2807
2794
3129
2929
3103
3339
3174
3080
3065
3056
2896
2782
3395
3264
3256
3196
3189
3436
3052
3023
2763
2761
2706
3321
3215
3140
3117
3093
3048
2832
2795
2751
3364
3348
2993
2956
2917
2877
2839
2773
2698
2689
3426
3362
3324
3284
3108
3078
3064
3033
2974
2969
2960
2915
2910
2866
2815
2800
2777
2749
2669
3430
3104
2890
2789
2731
2726
2710
3162
2984
3391
3344
3274
3252
3247
3239
3224
3206
3201
3146
3076
3070
3007
2876
2863
2785
2742
2708
3385
2744
2914
3411
3320
2950
2903
2833
2733
2701
2684
3386
3379
3359
3233
3168
3113
3079
3062
3018
3002
2958
2951
2947
2892
2860
2779
2758
2753
2737
2728
2707
3342
3198
3185
3118
3072
2965
2781
2719
3343
3161
3097
3077
2882
3717
3552
3502
3522
2955
2790
2734
3057
3020
2869
3784
3461
3775
3544
3919
3581
3887
3694
3621
3685
3482
3904
3953
3817
3603
3909
3572
3947
3671
3535
3949
3682
3911
3745
3848
3513
3721
3493
3901
3632
3786
3763
3460
3727
3620
3785
3751
3720
3954
3754
3873
3503
3722
3912
3439
3896
3735
3666
3591
3826
3669
3783
3776
3670
3958
3736
3537
3979
3819
3595
3567
3638
3843
3976
3718
3648
3646
3558
3458
3481
3907
3769
3498
3903
3445
3839
3810
3880
3724
3898
3516
3893
3837
3972
3630
3523
3862
3454
3539
3446
3683
3828
3692
3635
3899
3637
3568
3741
3688
3758
3835
3827
3599
3598
3508
3905
3585
3490
3950
3779
3917
3874
3868
3473
3459
3929
3931
3777
3622
3610
3468
3863
3662
3551
3681
3514
3970
3889
3886
3625
3573
3512
3866
3768
3601
3584
3975
3675
3476
3832
3730
3511
3924
3506
3641
3719
3940
3707
3658
3521
3520
3605
3542
3527
3462
3951
3900
3855
3833
3794
3793
3714
3569
3463
3878
3690
3649
3562
3964
3587
3702
3543
3526
3484
3967
3823
3937
3881
3761
3652
3510
3957
3836
3759
3757
3579
3915
3831
3750
3674
3651
3557
3438
3902
3891
3611
3930
3790
3672
3796
3788
3618
3596
3480
3944
3845
3677
3642
3640
3604
3540
3485
3471
3679
3624
3752
3593
3529
3469
3918
3876
3802
3753
3740
3713
3698
3678
3644
3629
3608
3505
3472
3470
3455
3546
3536
3968
3805
3633
3576
3545
3501
3495
2514
2080
2481
2245
1956
2388
2651
1974
2265
2256
2066
347
334
65
38
250
242
207
178
85
288
249
223
199
221
208
146
60
252
185
128
106
103
10
332
297
284
277
224
176
142
141
109
67
66
9
5
213
304
281
251
248
239
236
203
200
186
134
104
56
40
291
168
22
3418
3124
2747
3346
3419
3280
3116
2970
2770
2765
2674
3406
3279
3259
3107
3061
2957
2665
3222
3205
3297
2856
2784
2714
2693
2813
3179
3011
2976
1034
1065
1057
189
2971
1368
955
3412
3404
3100
2775
2724
329
346
345
344
331
330
324
323
319
318
316
313
312
311
309
306
303
302
301
300
293
292
290
280
272
271
270
269
265
263
262
258
257
255
254
247
246
235
233
232
229
222
220
196
195
192
188
187
180
179
174
170
167
166
165
164
163
161
159
158
156
155
154
152
150
148
147
143
129
123
121
119
118
117
110
105
98
97
95
94
93
88
86
84
83
82
80
79
78
77
76
75
72
71
70
69
68
62
59
57
54
53
51
49
48
46
45
43
36
31
30
28
25
24
20
17
16
15
12
3
1
665
628
1022
1157
1262
1111
2764
928
1240
1676
3434
3432
3429
3425
3423
3422
3420
3416
3410
3408
3403
3402
3401
3397
3396
3390
3384
3383
3382
3381
3380
3378
3376
3373
3372
3370
3366
3355
3354
3350
3347
3341
3338
3337
3335
3334
3333
3332
3330
3328
3327
3326
3325
3322
3319
3314
3312
3308
3307
3306
3305
3304
3302
3301
3300
3298
3296
3295
3294
3290
3289
3286
3283
3277
3276
3273
3272
3269
3268
3267
3266
3262
3261
3260
3257
3251
3250
3249
3248
3246
3244
3243
3238
3237
3236
3235
3232
3231
3228
3227
3221
3220
3219
3217
3216
3214
3212
3211
3210
3209
3207
3204
3203
3202
3195
3193
3192
3191
3187
3186
3184
3182
3181
3180
3177
3176
3172
3170
3169
3157
3156
3154
3152
3150
3149
3145
3143
3142
3139
3136
3135
3134
3132
3131
3127
3126
3123
3120
3115
3112
3111
3110
3102
3101
3099
3098
3096
3095
3090
