0
4026
852
2079
386
209
3453
3729
292
2569
3885
468
70
125
401
775
859
668
750
892
868
2219
3230
289
3854
4015
3879
1295
4001
1760
145
3688
340
1560
3942
3808
1276
3990
3807
233
1206
2704
3686
2168
114
3709
699
2922
652
1394
3290
3676
1096
52
11
18
1586
2857
1711
602
1430
1834
2230
2380
1854
235
379
1301
674
581
164
305
2106
1386
3589
4032
3811
76
1969
3451
443
179
4029
757
307
230
182
253
3801
691
855
717
833
746
782
788
894
841
785
702
839
806
816
714
689
854
826
789
786
707
768
733
700
850
818
791
732
736
893
871
870
858
740
751
877
887
846
798
690
822
802
796
767
749
743
725
712
704
759
812
687
831
761
756
851
837
797
793
755
730
824
763
727
779
890
847
799
795
758
711
716
817
813
794
784
748
742
721
844
836
829
827
809
808
787
781
764
738
737
722
719
715
693
845
821
778
760
726
695
777
772
771
766
724
723
697
864
879
889
873
895
882
861
811
765
735
703
835
739
728
709
853
842
834
814
762
752
706
734
720
718
710
885
874
843
840
830
820
773
769
731
708
696
694
686
880
849
848
838
828
823
815
807
805
804
800
792
783
780
770
754
753
745
741
713
705
701
688
886
891
888
884
881
878
876
872
867
866
863
856
825
819
810
803
776
774
747
729
698
883
869
832
801
790
744
875
860
865
3993
3988
3983
4004
3985
4037
4021
4003
4017
4025
4016
3986
4013
4038
4014
3982
4030
3987
4027
4005
3994
4019
4018
4009
4000
3989
4007
4034
4033
4031
4024
4023
4020
4012
4011
4010
4006
4002
3998
3997
3995
3991
3981
3980
4036
4035
4028
4022
3999
3996
3992
4008
3984
667
594
2431
3813
3742
3544
3657
3749
3958
3565
3682
3727
3890
3963
3489
3459
3812
3536
3441
3588
3897
3669
3732
3893
1937
2621
2422
2263
1057
3874
3541
3493
3704
3537
3572
3694
3502
3976
3771
3444
3775
3973
3761
3515
3844
3923
3906
3818
3767
3892
3595
3835
3876
3787
3751
3653
3482
3955
3946
3539
3882
3826
3564
3863
3759
3928
3960
3637
3967
3920
3843
3587
3949
3806
3447
3792
3878
3810
3747
3478
3745
3715
3590
3571
3714
3486
3549
3919
3803
3681
3474
3939
3894
3531
3490
3859
3819
3473
3825
3584
3532
3499
3568
3932
3770
3763
3671
3648
3718
3706
3933
3632
3598
3969
3924
3903
3822
3711
3646
3558
3463
3783
3776
3696
3551
3821
3793
3754
3649
3639
3516
3519
3915
3881
3866
3782
3777
3758
3623
3534
3458
3652
3602
3975
3774
3757
3701
3895
3583
3510
3814
3662
3585
3580
3937
3738
3593
3529
3460
3977
3936
3791
3713
3678
3608
3638
2515
2262
2181
2015
1992
1988
2204
2041
2421
2481
2388
1934
2156
50
2014
2008
1949
1933
2070
2565
1996
2158
2580
2238
2618
2548
2441
2375
2227
2130
2129
2120
2100
2373
2316
2562
2397
2360
2286
3827
3802
3636
3629
3498
3470
3503
3921
3907
3815
3778
3773
3710
3705
3685
3615
3472
3940
3526
3600
3628
3619
3784
3548
3978
3661
3911
3898
3717
3481
3845
3450
3755
3610
3902
3601
3555
3762
3528
3640
3838
3832
3737
3730
3627
3542
3518
3941
3889
3654
3979
3950
2656
2577
2412
2236
2146
2231
2166
2114
2523
2225
2050
2025
2657
2435
2022
1919
2647
2346
2097
1935
2256
2613
2576
2591
2182
2650
2076
2659
2192
2000
1991
2454
1986
2352
2218
2154
2044
2536
2433
2307
2139
2626
2606
2554
2552
2467
2446
2290
2216
2056
2639
2337
2027
1998
2614
2570
2035
2091
2452
2162
2476
2540
2505
2317
1977
1960
2011
2638
2418
2408
2309
2308
2299
2103
2084
2077
1918
2490
2401
2207
1924
2558
2651
1974
2378
2023
2287
2407
2253
2190
2140
1946
1921
2175
2553
2546
2504
2492
2485
2477
2404
2386
2376
2363
2356
2237
2206
2121
2064
2037
1989
1953
1929
1046
1654
1138
648
3961
3487
3880
3861
3547
3972
3965
3964
3957
3956
3954
3953
3951
3947
3945
3935
3931
3927
3922
3918
3917
3916
3914
3913
3912
3910
3909
3905
3904
3901
3900
3899
3896
3891
3888
3887
3883
3871
3870
3869
3868
3867
3865
3864
3862
3857
3855
3853
3850
3849
3848
3847
3846
3840
3837
3836
3834
3833
3829
3823
3817
3816
3809
3805
3799
3798
3795
3794
3790
3789
3786
3781
3772
3769
3768
3766
3765
3764
3753
3752
3744
3743
3740
3739
3735
3733
3728
3726
3725
3724
3722
3720
3719
3716
3712
3708
3707
3700
3699
3698
3695
3691
3690
3680
3679
3675
3672
3670
3668
3666
3665
3664
3663
3659
3655
3647
3645
3644
3643
3641
3635
3634
3631
3630
3626
3624
3622
3620
3617
3616
3614
3613
3612
3607
3606
3603
3599
3594
3591
3582
3581
3579
3575
3574
3569
3567
3566
3562
3561
3560
3559
3554
3553
3546
3543
3538
3535
3533
3530
3527
3524
3523
3522
3513
3511
3509
3508
3507
3506
3505
3504
3500
3497
3496
3494
3485
3484
3483
3479
3476
3475
3469
3468
3466
3465
3464
3461
3457
3446
3445
3443
3442
3439
351
2655
2648
2633
2632
2625
2624
2622
2607
2590
2587
2585
2584
2579
2574
2563
2556
2545
2535
2528
2527
2524
2513
2499
2495
2488
2487
2486
2482
2466
2457
2456
2455
2450
2448
2444
2443
2442
2440
2439
2437
2426
2424
2409
2405
2402
2391
2387
2382
2369
2364
2362
2357
2354
2353
2349
2342
2341
2339
2335
2331
2326
2321
2320
2314
2311
2303
2301
2288
2281
2275
2270
2265
2261
2260
2255
2251
2248
2234
2220
2217
2213
2212
2201
2200
2197
2195
2188
2179
2178
2165
2160
2159
2152
2136
2124
2119
2118
2113
2105
2094
2092
2089
2086
2085
2083
2082
2069
2067
2060
2051
2034
2030
2020
2019
2017
2016
2013
2012
2006
2005
1980
1972
1962
1961
1958
1957
1956
1951
1950
1943
1936
1928
1922
1917
1915
1914
383
267
316
263
2640
2636
2538
2494
2284
2171
2157
2018
2004
278
207
206
183
317
204
301
27
327
147
95
6
146
311
290
2350
2493
2061
2001
2506
2628
2126
2107
1930
2644
2581
2534
2503
2497
2474
2453
2411
2403
2371
2361
2313
2296
2277
2193
2186
2173
2080
2066
2049
1990
1978
1975
2630
2611
2600
2561
2550
2521
2507
2478
2462
2370
2340
2324
2306
2300
2184
2123
2063
2040
2033
2021
1993
1979
1938
3552
3455
3731
3609
3605
3578
3488
3452
3449
3929
3824
3785
3697
3658
3462
3926
3852
3831
3780
3736
3702
3520
3492
3471
3448
3788
3828
3800
3721
3642
3611
3576
3545
3693
3521
3966
3563
3491
3480
3683
3656
3573
3512
3440
3971
3938
3841
3796
3760
3734
3517
3438
3944
3934
3930
3908
3884
3873
3860
3851
3842
3750
3692
3667
3651
3625
3618
3586
3968
3948
3858
3830
