0
624
18
11
3798
3183
447
602
1581
891
2792
2691
3037
3856
3031
15
674
12
892
801
883
74
3451
4010
550
1386
4035
1834
918
1145
3230
1206
210
3453
37
4024
3935
2569
1119
215
638
358
2269
3820
3729
2842
209
1560
608
292
3570
3650
2195
4008
607
692
4022
2457
2079
2596
43
4015
911
585
2470
1096
3748
3709
287
3974
3984
3853
613
3071
1466
668
114
875
335
4029
4001
3987
244
3407
3746
3846
642
3268
581
4012
282
42
233
33
1224
256
3282
145
3885
1262
47
4034
3959
1755
3704
3589
1394
3808
2814
286
241
153
90
3408
234
3807
699
750
401
316
4006
3688
775
138
35
1395
1326
267
216
4032
3879
3875
2788
2704
1854
1690
1176
749
648
379
305
183
2541
744
154
3854
3134
468
279
3983
2740
1430
52
4036
841
377
3006
1276
2857
1558
1270
160
3125
860
3732
2382
1233
3922
4028
1967
205
3942
859
1065
255
443
70
179
3801
904
1586
1208
3717
3597
1034
383
4005
1760
1693
157
3992
1046
386
3699
2952
2178
660
301
76
454
4033
3991
3560
3375
2595
2483
253
207
191
155
3689
3575
3413
2714
1253
1071
81
3955
2442
571
356
294
3928
3811
3744
2998
1546
1027
785
743
411
182
164
3582
3467
2808
2380
1627
448
336
321
112
3816
2860
2722
2481
1252
667
247
97
71
3990
3691
2922
2798
2168
1362
899
656
2975
1353
240
61
4037
4025
4016
3999
1002
854
293
4011
4007
3996
499
406
206
3733
2885
228
201
49
4038
4031
4030
4027
4026
4023
4021
4020
4019
4018
4017
4014
4013
4009
4004
4003
4002
4000
3998
3997
3995
3994
3993
3989
3988
3986
3985
3982
3981
3980
3565
717
262
192
3965
3954
3953
3946
3537
3143
2565
2204
1474
996
877
855
852
788
467
270
174
3978
3952
3925
3897
3893
3887
3865
3849
3742
3653
3147
3121
3003
2855
2527
2437
2106
1713
1510
1194
1105
1022
851
757
673
572
288
220
3910
3882
3781
3765
3673
3637
3619
3588
3494
3444
3310
3271
3127
3074
3055
2980
2963
2817
2774
2692
2441
2431
2015
1996
1969
1856
1762
1711
1664
1607
1383
1297
945
884
865
832
790
691
652
610
594
552
533
530
464
453
307
283
235
219
190
166
147
125
124
120
27
3979
3977
3976
3975
3973
3972
3971
3970
3969
3968
3967
3966
3964
3963
3962
3961
3960
3958
3957
3956
3951
3950
3949
3948
3947
3945
3944
3943
3941
3940
3939
3938
3937
3936
3934
3933
3932
3931
3930
3929
3927
3926
3924
3923
3921
3920
3919
3918
3917
3916
3915
3914
3913
3912
3911
3909
3908
3907
3906
3905
3904
3903
3902
3901
3900
3899
3898
3896
3895
3894
3892
3891
3890
3889
3888
3886
3884
3883
3881
3880
3878
3877
3876
3874
3873
3872
3871
3870
3869
3868
3867
3866
3864
3863
3862
3861
3860
3859
3858
3857
3855
3852
3851
3850
3848
3847
3845
3844
3843
3842
3841
3840
3839
3838
3837
3836
3835
3834
3833
3832
3831
3830
3829
3828
3827
3826
3825
3824
3823
3822
3821
3819
3818
3817
3815
3814
3813
3812
3810
3809
3806
3805
3804
3803
3802
3800
3799
3797
3796
3795
3794
3793
3792
3791
3790
3789
3788
3787
3786
3785
3784
3783
3782
3780
3779
3778
3777
3776
3775
3774
3773
3772
3771
3770
3769
3768
3767
3766
3764
3763
3762
3761
3760
3759
3758
3757
3756
3755
3754
3753
3752
3751
3750
3749
3747
3745
3743
3741
3740
3739
3738
3737
3736
3735
3734
3731
3730
3728
3727
3726
3725
3724
3723
3722
3721
3720
3719
3718
3716
3715
3714
3713
3712
3711
3710
3708
3707
3706
3705
3703
3702
3701
3700
3698
3697
3696
3695
3694
3693
3692
3690
3687
3686
3685
3684
3683
3682
3681
3680
3679
3678
3677
3676
3675
3674
3672
3671
3670
3669
3668
3667
3666
3665
3664
3663
3662
3661
3660
3659
3658
3657
3656
3655
3654
3652
3651
3649
3648
3647
3646
3645
3644
3643
3642
3641
3640
3639
3638
3636
3635
3634
3633
3632
3631
3630
3629
3628
3627
3626
3625
3624
3623
3622
3621
3620
3618
3617
3616
3615
3614
3613
3612
3611
3610
3609
3608
3607
3606
3605
3604
3603
3602
3601
3600
3599
3598
3596
3595
3594
3593
3592
3591
3590
3587
3586
3585
3584
3583
3581
3580
3579
3578
3577
3576
3574
3573
3572
3571
3569
3568
3567
3566
3564
3563
3562
3561
3559
3558
3557
3556
3555
3554
3553
3552
3551
3550
3549
3548
3547
3546
3545
3544
3543
3542
3541
3540
3539
3538
3536
3535
3534
3533
3532
