2220
107
2543
1610
1684
1211
2174
2451
3437
2034
1250
3014
2134
2121
2800
1350
0
3132
483
3158
2620
1591
2786
39
3072
3584
2946
1716
3140
3426
3179
1520
2881
1044
3775
181
2465
1966
2741
1594
2232
419
1867
3332
2355
3599
2156
2285
950
1123
567
2247
3413
3590
83
1026
1447
3101
1469
455
2445
20
960
2916
2698
900
954
962
1235
1841
1764
2755
3046
1389
629
705
2992
2094
930
3446
2710
62
172
57
2662
1384
3435
3223
3471
3060
1179
196
2222
43
453
3106
620
1472
2119
1422
3390
2868
1755
3018
3854
685
757
721
290
1831
1201
2766
3442
2639
4035
3824
616
3826
3606
1225
1925
586
1067
3259
2887
3177
2372
1356
3902
2672
3007
727
829
3335
1596
1032
2365
3129
2145
1978
511
905
1260
3240
1113
840
1694
2734
2585
1420
1409
310
1126
854
2151
2680
1897
470
2026
2040
1922
3730
3557
469
3950
2319
764
1285
967
3587
220
3528
537
473
518
2528
140
3486
3103
1116
2637
2066
2277
2484
3803
1962
3901
715
9
2481
350
3896
2286
279
3299
1531
1379
832
3629
66
3883
2185
1913
2968
3509
3789
964
3078
765
1411
565
656
2732
1696
1601
203
2977
3849
3424
3496
3888
3899
94
2974
1529
3501
3284
2681
3428
3930
872
1576
366
3871
2545
1202
3091
2518
506
1403
3425
1709
711
3077
1923
4011
1517
2865
2791
828
1320
3499
4023
1258
3148
1898
2129
1781
2273
3591
795
246
3592
385
529
1296
597
2032
2007
3515
1960
1020
722
3947
3439
2781
109
609
2670
1676
1004
3295
2804
1935
674
3249
403
3407
3614
1171
2794
1990
1303
418
3560
3874
3444
2453
2597
2643
614
1149
3576
3033
2529
731
2557
36
2621
423
1792
2612
1029
2132
3832
3525
3938
3860
2160
2295
2580
3630
1879
1630
2841
2736
2752
301
2735
222
2718
3137
805
696
2875
463
3172
1252
949
2635
2649
3859
111
539
5
2603
2415
3420
2711
2862
1512
1680
3772
3898
624
639
2538
2856
850
210
1169
1385
1041
1910
618
317
3161
3416
2958
2823
1154
183
2845
3545
3611
803
2667
852
3206
314
308
860
1483
665
2798
3862
3218
3427
2723
3306
1644
1239
3145
79
784
1294
821
1424
2950
2785
2987
3368
3689
1190
3644
1479
3622
1545
186
2764
666
1623
1816
201
3662
3542
794
3100
3388
603
1140
3983
525
3272
444
1218
1037
3120
3926
3224
174
1869
1362
3144
2490
485
1614
1513
1272
1640
1076
3504
2226
1802
1865
3358
543
2268
3726
581
3190
2248
28
1556
1837
1968
1658
816
3241
2576
2467
2564
3024
3979
2395
155
2275
2353
951
3322
108
136
1976
1973
3401
3423
347
3173
3615
3918
3235
2594
866
927
546
70
1880
355
717
3900
2848
897
59
1017
3945
1371
1097
966
53
3643
667
3019
2880
1217
3414
3165
516
482
384
3282
3012
1686
707
704
914
3337
1738
2740
3586
859
1375
3580
1363
3205
3314
1203
229
1996
2035
623
185
3255
1943
399
3686
3015
3383
351
2127
1649
2163
2708
2092
1693
792
2816
175
2263
1130
655
1079
1084
1516
3006
285
3619
2158
2089
3914
745
2673
3073
411
159
2413
145
1382
1232
2927
2956
2320
1246
4038
1850
3903
320
3084
1510
421
509
1065
3281
2830
1800
1254
1282
80
3441
2822
1954
3637
3430
2980
3928
2709
125
2854
3164
50
2701
2897
1360
3096
256
2091
1241
2018
3751
420
3034
424
1818
1328
498
846
4020
323
2859
3697
3478
2534
3289
2274
335
213
157
3922
51
297
3843
729
113
1314
1677
1129
1019
2878
2783
2877
677
1404
3764
2889
3768
2382
3040
1489
2558
477
3074
2025
3657
1229
2595
1002
996
1286
64
2118
972
1739
1856
659
1336
989
1332
1454
3762
3943
1762
3097
1039
1805
1650
3708
1074
1448
1905
1484
2648
156
1660
1767
2671
2457
1812
2195
4021
1083
2565
2601
1648
143
2212
2105
3459
2147
990
582
322
937
726
3880
800
1634
2898
321
3847
822
631
3482
447
595
2811
1012
928
1058
3961
102
1776
349
3451
2021
3766
1111
856
3571
273
2926
1096
650
2547
2942
3479
2442
4015
566
3963
3493
3977
3881
3492
3260
2994
3610
2403
3485
3519
2236
2696
3609
302
1176
2962
3476
2126
2665
3286
3872
3271
3008
820
3275
3739
3563
1524
3683
1737
1668
755
2789
60
1992
3189
3246
2812
908
613
269
723
3823
86
1236
1278
3876
2686
815
608
3110
3795
3500
3553
662
577
331
2341
1433
3305
3543
2513
3363
3000
1429
1022
3209
698
1138
3909
1747
1137
901
402
134
2631
2229
2469
3456
2078
1659
3341
1010
1852
1412
404
3737
1185
680
2941
1459
2780
2106
3274
2894
1339
3728
1087
1172
3729
3344
1651
3381
158
1726
527
1212
1688
2784
1778
981
2537
2501
3261
3075
3225
1674
2753
2869
309
1482
1159
944
1714
1870
3618
1618
1198
2231
2313
3656
3512
3561
3494
1829
3605
645
2514
2122
2081
3498
2159
1633
3743
1672
1143
3415
2697
1735
641
1753
589
573
2899
3647
2148
3892
1414
3841
3699
388
359
326
2377
2420
2292
2075
1947
2280
2082
2193
2570
2397
3152
3694
1570
1931
3595
3700
3061
1302
1191
1399
1604
2149
3536
3410
766
1815
1889
519
1394
2726
3990
1408
389
526
1624
2080
2426
3559
133
2664
3633
1151
3877
1495
1343
1504
1234
1378
1381
958
3317
2450
2986
3142
2256
3636
3534
3740
3840
790
3227
730
3403
563
38
3913
801
3864
2807
1631
3066
2520
3071
3869
3555
1918
2099
3552
2252
1717
3706
3093
362
634
471
2618
2633
1463
881
45
2293
2191
1577
3596
3916
3138
2611
602
2504
96
2315
3813
2199
105
3855
2264
26
1703
1926
1808
1193
3533
1967
1359
3003
223
2486
2975
906
932
34
1435
1085
3954
154
961
1919
484
2265
3513
1358
3319
3830
3503
3191
3868
1051
2335
1052
1692
2171
2577
1281
1779
3820
1016
1021
607
3278
3212
834
747
257
3429
3668
3480
1000
2641
2684
3667
312
2322
2027
120
3527
2318
2241
2325
2608
2388
1443
2269
4007
2870
938
2715
3395
1438
955
300
303
3508
702
1473
1492
1434
268
579
514
617
1364
1064
2422
902
226
147
1372
267
1283
2424
588
1745
3324
1244
3659
3035
2790
3302
2688
1505
1766
1882
260
3396
3021
1183
3287
1797
1073
3702
3114
1165
3732
1301
3712
3311
3330
1121
184
224
261
239
1708
161
252
199
258
2978
3856
2634
2067
1397
1318
356
3956
1150
3298
2904
1656
3291
807
3574
823
719
761
135
3041
530
3392
1410
440
3064
295
1104
3994
2360
1728
1681
1875
1573
1698
3037
920
2173
3886
1720
3582
1820
1742
2100
2944
1853
2251
2281
1835
233
926
973
916
162
334
337
2310
3470
1496
1956
427
2048
395
504
387
3997
2796
3094
1785
660
1315
1548
3489
3411
1346
1637
1305
1293
1769
1288
3398
1168
1182
692
3758
1590
980
3511
672
1457
1352
3815
333
657
3474
3112
100
2085
2224
2196
1141
192
3658
451
749
1924
2733
2431
42
2392
1307
3669
2574
3452
44
3993
2409
370
2058
2640
95
2560
2499
316
73
89
3370
2046
2307
2563
2339
1387
2464
3365
1170
3510
90
2044
3716
1075
3502
3200
2214
1953
728
2494
2660
2097
2009
1957
3848
250
27
19
2616
3297
1901
1417
2857
462
3247
2970
115
450
242
1344
2167
947
3812
3541
3778
234
1365
1047
236
1571
1768
209
165
2947
3973
1814
1437
3713
3929
754
3464
369
432
460
570
752
397
1975
275
2473
3268
2051
2141
2379
58
654
3940
1440
3445
2679
3293
1373
2750
1308
619
1908
1317
621
2815
536
371
809
890
2374
909
3607
178
3616
2532
877
819
3771
814
855
2124
2404
4000
767
3808
851
2591
758
3787
777
2536
874
336
3692
540
3932
734
2208
2098
883
985
835
811
3863
2201
876
644
3062
2478
2361
2270
286
169
3465
1147
2582
1091
457
2394
2166
610
332
328
160
2235
2441
743
164
218
4
1748
590
2844
2803
535
425
3691
3176
219
1757
33
244
903
3285
3845
390
1754
3870
2795
491
3345
2908
2777
280
3020
3621
77
3921
3447
2957
3217
2851
3095
970
1700
1647
1345
3516
2925
2818
3202
3052
3400
632
2
2772
3192
3265
1961
3784
1587
3620
3673
3524
2999
1670
3025
1607
435
3905
3688
2993
1200
1498
263
401
933
2645
1803
2658
3894
2757
505
1977
2967
625
14
524
465
676
4009
994
1503
247
274
1309
1088
354
601
637
1794
1068
534
2402
2825
1546
3548
2515
574
663
1349
1657
1558
3567
281
434
207
194
24
965
3701
1265
3723
232
341
149
313
1357
3488
437
1009
288
3999
298
358
2175
1602
3718
1316
2763
622
4019
3491
3649
2754
1186
1145
2979
2017
1050
189
3660
772
3624
756
167
283
804
78
3995
3081
3646
778
1537
1325
1090
910
2084
3070
1055
789
833
88
2477
1295
891
2033
3915
793
817
41
879
1838
769
831
2179
3781
1264
3809
827
2213
783
911
3207
2370
880
826
873
2704
2350
2656
2626
1887
2243
3058
1593
2622
2540
2517
2647
2303
841
1705
2407
2744
2610
3853
2682
180
3910
775
2301
3333
490
2702
781
818
2731
1210
2408
888
3897
3844
29
3715
2617
2952
2125
737
3992
2333
1932
3985
2738
1713
2773
3283
3676
1664
904
2079
2756
1224
3745
976
583
1491
1275
1666
678
3338
1466
1826
689
1461
1653
3352
150
1056
709
1025
3080
1146
117
1873
3526
1585
306
228
3472
1015
913
1900
2605
2852
3725
237
3861
99
47
693
988
3807
1042
1133
2886
701
3831
3652
3756
3648
561
1868
1497
1124
3230
3601
700
3453
1249
1845
3505
2882
1750
206
2903
986
3890
3923
238
1475
2902
647
978
952
3334
2614
2935
3266
245
1175
413
1030
2861
1795
3374
3328
3846
3796
3517
3678
3703
3641
3626
3562
467
3568
292
3449
3884
52
478
2411
3554
3651
3957
3769
3057
3639
3589
3530
398
3804
3578
3942
2982
129
3613
2801
3711
2417
1374
2813
2135
2183
2533
670
2805
217
1395
550
3539
103
3829
2802
191
2774
3797
594
2101
1161
304
1552
287
3357
2779
2729
1445
2439
1386
1588
2209
2342
32
3857
3944
3550
2375
2197
2254
2808
544
732
1383
22
339
318
922
3998
3755
2809
1527
3088
948
494
3133
640
2522
2820
2964
3063
520
2527
454
4003
2644
3450
1261
1894
3949
1398
342
1619
3490
2918
2883
1774
1876
1788
1128
683
1626
1098
1608
1759
2876
1213
3556
3009
2921
2838
3367
2860
2953
1206
137
468
3761
3340
3194
3570
3181
703
3600
571
406
1092
214
907
2914
3402
2245
2776
1758
2706
1890
3788
3878
2015
3955
2817
1072
3125
3047
2814
2747
4027
3238
3463
3682
3744
3288
1627
3312
393
3211
1860
2984
3244
2922
3273
344
2008
466
2137
669
2739
3920
1866
3343
3155
3178
3294
615
1453
2725
1731
555
4028
2843
1906
1907
1969
3032
2787
3384
3382
3304
1538
1324
668
3377
3436
3167
1560
3204
1038
585
2892
1586
2832
1289
1125
797
2566
2837
1551
106
2642
2503
808
2139
3023
1018
458
25
1530
116
2602
1963
2069
548
2172
1946
2381
1667
2203
1663
1846
1617
3210
1207
1864
1180
1715
3198
1909
2041
3139
188
1187
1719
3171
3187
3800
3011
2742
3355
1903
3819
2432
176
128
1040
3627
3681
2267
1675
2108
2949
825
686
763
2936
963
1568
3948
2745
3184
538
2598
2133
1487
1271
1793
1006
2304
2555
2629
2259
653
1231
1927
2553
2418
2271
2090
2299
1945
2588
2456
3199
3111
3262
3258
2198
2368
3115
1153
1732
1014
1219
3369
857
2210
992
1526
3213
3250
2666
2162
599
600
3750
2700
2466
3059
708
1480
2759
391
2516
2180
2327
3836
838
1494
3280
584
1106
675
2238
68
1216
1787
2506
2625
1402
1334
1431
959
3136
2716
1304
1725
1502
1256
578
661
2311
2507
2136
1628
2225
3174
3022
2866
3623
3821
3767
1115
1857
3303
1635
1082
1322
142
30
2344
2479
2976
3440
3342
3350
2969
1951
1809
1612
3346
3412
2840
493
2911
251
3558
1273
1786
1347
1569
1189
2076
1988
3220
3243
2683
3417
3399
2945
2919
2810
2981
2985
1533
1319
345
3149
3135
697
2228
2474
208
1390
1456
1942
1981
2458
364
2266
2030
2323
2366
2440
1507
1847
2703
3475
3889
1355
2983
2948
3234
2928
3320
2707
1118
1886
1799
1416
1132
1214
382
481
230
1367
3799
3521
3608
3431
7
2459
2001
1991
2117
2461
284
21
2619
2492
2430
3160
3048
2727
2324
2258
2077
2059
2512
2234
2300
2376
1471
151
2497
2385
2155
1613
3267
2973
439
360
412
503
3852
3966
1580
1107
2923
1654
1066
1392
1691
1583
688
2849
3076
3386
3185
1340
3141
1280
1173
271
2690
710
720
3687
3182
3079
3419
3434
3146
2674
3245
422
569
348
436
1011
3349
2435
2000
2022
3594
3695
1862
1001
2874
2110
2511
2138
2052
2302
2169
3347
2661
2955
2871
3049
2828
3397
3321
3201
2719
3351
3277
3113
1366
1226
1597
1547
1238
3828
3677
1465
2003
830
1994
2102
1621
2539
2064
2551
2326
2606
2428
1920
2047
1939
3917
475
392
547
452
1007
1828
2826
1053
1287
1060
1407
1086
1652
1603
1511
1033
1136
694
768
919
1215
971
2023
2592
2249
2010
2223
2571
2039
2289
2338
1940
2330
636
1338
415
368
2128
2282
2390
2345
2068
2294
2652
2488
2107
2070
1930
1669
3116
3169
1584
4002
4031
3483
3535
3782
849
779
3050
1539
1842
1078
1598
1559
1458
1488
1467
1782
2475
2362
2343
2031
3253
3371
3016
3373
3154
2713
713
695
977
363
517
515
428
1237
438
1109
1204
1284
3941
3731
2663
3257
2920
3090
2966
3672
1268
1871
1595
1221
917
1798
1452
2930
500
2749
2669
3117
2835
3226
2839
2873
3433
1428
2400
2389
2531
3705
3907
3421
2819
2768
141
276
132
72
75
824
753
3791
2188
2189
2429
2593
1938
2253
2655
2630
3777
2352
2115
2088
1984
2575
2165
1949
2463
1718
2419
1540
3005
3150
3906
3969
495
376
431
492
3838
3640
3642
3933
1843
1255
1622
1388
1331
1330
1222
1380
2250
1948
3603
3779
1915
2237
2623
2308
1986
2646
2028
2510
2367
1902
1730
1761
1791
1361
2246
1509
1184
1341
1195
1059
1721
1734
1765
1741
1003
1572
1290
2836
1543
1080
853
1093
1783
1259
1188
606
1964
2705
1998
2143
1914
1661
1704
1462
1277
1100
1036
3239
3252
3736
1425
1478
2053
2351
2177
2111
2054
2509
2589
2508
2087
3069
2907
2758
1490
1616
1790
1592
1192
1893
1682
1636
2550
2495
2095
1536
679
542
414
3518
2378
2024
3455
1833
1811
1752
1600
1770
56
170
575
611
3329
3339
2782
2915
3038
1952
2434
1970
1114
3422
3573
3971
1043
3327
3087
3353
55
200
3130
2743
2909
3585
1400
353
1671
580
2937
2765
3168
810
845
759
724
799
1391
953
3326
3188
3360
2793
2846
2833
3364
3166
2827
3123
957
975
969
1706
1848
1824
1257
1655
1859
2689
3387
2913
2912
2960
2717
343
2215
2406
549
400
1541
1904
940
3051
2939
2770
3406
3214
2778
934
993
1554
1722
1369
1377
1557
946
1861
1823
982
991
1351
1312
1665
1955
2336
1959
2194
2471
2567
417
523
365
513
2485
2112
2290
2526
2150
2586
2306
2287
2521
2063
2363
2200
2055
2037
1929
2359
2460
2482
2340
2074
1971
2329
2600
2218
2131
1985
2546
2103
1917
2578
2369
2552
2468
2604
2549
2086
2354
2005
2142
2500
2043
2410
2654
2607
2561
2233
1993
2387
2104
2244
2020
2257
2386
1979
2093
2447
2659
1980
2627
2587
2416
2176
2114
3759
2901
3380
1746
1796
1135
1685
1243
1329
1160
921
1393
1605
1163
1449
999
997
1849
1267
1643
1881
1535
430
374
553
1427
1855
508
2071
2205
2905
3104
2867
3054
2929
2890
3026
2556
2433
2309
2184
2423
