107
827
3980
144
3523
3745
3993
227
866
3856
3746
3382
181
717
3408
259
3600
3541
3659
3888
179
448
52
3942
32
674
564
47
499
3616
81
2130
3230
3125
318
3789
386
3682
3407
1560
3811
2380
3808
206
335
58
776
411
2256
2634
3904
278
35
321
4014
1254
33
215
4035
1834
3606
1776
3530
135
2204
210
802
3664
3671
2902
3517
316
125
2113
3720
3978
255
3164
3862
3141
3717
3679
3666
791
1552
293
3885
1208
2714
743
602
2321
3105
3928
4026
3729
3853
3161
2808
3955
1442
454
173
3003
918
854
3227
801
3432
3548
3537
4007
3742
765
861
1057
356
187
3560
2596
3986
2175
1607
509
986
1223
3134
1430
183
468
153
1046
532
3999
393
3805
3733
4036
3652
825
841
110
2791
2736
269
146
2079
1461
235
205
2230
3512
1664
1133
1105
3922
1719
2678
49
3964
3641
184
3551
1657
1252
4023
237
124
99
2405
3444
874
2814
3653
859
15
3952
100
1506
294
130
123
116
437
399
310
90
3544
296
112
126
498
2888
665
2834
3268
2792
2933
306
1212
3429
1651
105
1822
3175
1627
3325
3318
2961
2971
91
855
467
2301
2255
41
2998
3368
12
155
1417
3031
282
2816
2876
230
3180
159
254
660
3988
1424
4020
4004
1586
3310
1364
443
1726
303
3594
3571
3698
1478
3549
692
3516
3940
11
2528
3748
1239
3059
2481
3770
3470
3371
164
3847
3441
3914
221
2691
1025
3814
253
2952
1562
691
3753
1169
3639
3697
2453
3925
3893
3615
3771
3126
1145
1690
3818
3721
3631
3913
667
3961
2251
900
3903
3899
1150
3859
2595
3738
3694
1887
549
1353
3509
3489
3485
3451
3621
2431
3494
212
3767
440
250
2819
522
340
931
837
3992
2558
1008
476
2099
1875
3357
3589
2569
2545
1967
1270
3597
3270
767
3208
891
839
288
202
702
466
3864
216
2798
3159
2219
838
1177
3673
3916
1792
3482
3343
3317
64
2844
447
1579
2621
2987
2898
605
2809
3879
2373
1264
2422
3133
928
858
2166
881
1005
3990
1395
162
3094
3428
4029
1713
585
3334
1546
894
283
1693
899
3372
1631
970
1162
923
821
1896
1266
937
1853
757
2811
2710
2160
1531
1058
2382
777
2505
1386
2013
1581
1681
656
646
3323
3813
132
528
1096
2106
2375
338
2641
1901
938
1965
3983
1400
3091
1476
892
877
1510
2788
2457
3401
996
3058
3282
2632
961
3157
208
4011
3413
1174
1855
406
1999
2034
3121
2682
331
624
1949
2580
138
956
2692
744
2080
287
3194
1342
3151
1233
1093
4028
3006
92
3997
846
1575
875
491
4016
163
2298
367
1098
1071
4037
1012
2852
3373
3425
3709
2878
715
633
2195
3173
699
3807
631
873
4006
3507
3066
1220
267
562
2832
1206
2929
2
657
668
2804
3193
1168
1030
4003
1521
1033
3028
3991
2252
2277
413
799
4024
1411
860
3271
2725
233
1147
2635
3069
851
2693
3865
812
1197
3977
3959
1759
3897
775
46
157
401
3127
3820
1077
1905
1731
2263
920
712
768
449
3689
3816
3972
2483
594
746
3967
3662
3953
3520
1956
2281
2535
3045
3543
3701
3649
1194
4027
4021
3251
3131
307
244
243
2245
852
245
1566
328
275
218
273
4
195
73
337
2008
2152
2248
68
83
912
329
3533
5
973
740
884
3954
3861
379
551
516
505
477
554
380
4033
4000
533
472
889
3887
2884
1224
171
904
464
2968
2799
3053
3354
3122
833
782
818
3536
3863
3894
3744
3216
2861
3200
3629
3588
3787
3749
3751
2100
3882
3508
3776
3561
3791
3809
3607
3500
3478
3696
2437
281
127
108
57
36
139
251
320
910
3994
4002
3998
4034
4031
4013
4038
84
102
86
131
263
23
225
143
175
3539
2456
2041
872
887
867
2885
3949
3585
3580
3923
3513
3848
3638
3932
3716
3439
3799
3647
324
301
198
167
93
192
145
3637
3610
3868
3819
3871
3912
3743
3657
3874
3628
3917
3892
3567
3538
3739
3725
3595
201
78
152
2982
3008
2879
3311
2670
2703
2767
2699
2959
3423
2889
3309
3314
3283
2972
3846
895
71
3995
3985
4030
4019
3982
3531
3727
3581
3484
3476
3933
3613
3831
3769
3836
3675
3602
3821
3446
3644
3685
3598
3876
3714
3614
3956
3634
3919
3695
3562
3481
3526
3574
3845
3736
3775
3910
3708
3837
3519
3957
3936
3563
3491
3918
3460
3529
3945
3466
3937
3827
3624
3655
3960
3850
3866
3556
3895
3759
3931
3927
3724
3900
3464
3762
3670
3926
3898
3883
3880
3627
3557
3450
3575
3496
3772
3642
3656
3625
3471
3565
3852
3702
3785
3525
3487
3603
3559
3774
3579
3465
3723
3896
3553
3921
3778
3792
3839
3454
3857
3630
3667
3540
3569
3768
3758
3568
3761
3534
3469
3493
3867
3599
3622
3554
3505
3546
3747
3783
3840
3976
3524
3463
3442
3521
3591
3555
3764
3947
3468
3886
3573
1085
3438
3612
3760
3445
3712
3693
3909
3782
3646
3511
3958
3870
3855
3833
3583
3459
3828
3790
3731
3703
3635
3578
3948
3970
3943
3605
3457
3651
3609
3488
3462
3604
3941
3672
3461
3804
3891
3684
3542
3858
3611
3841
3477
3873
3687
3640
3528
3800
3674
3504
3497
3838
3757
3501
3480
3969
3802
3722
3458
3586
3443
3692
3633
3545
3448
3713
3730
3514
3766
3793
3601
3593
3741
3915
3829
3558
3740
3636
3643
3617
3510
3455
3905
3490
3587
3498
3472
3906
3735
3728
3590
3924
3810
3784
3719
3718
3711
3535
3797
3449
3869
3822
3499
3877
3734
3794
3690
3648
3515
3486
3700
3825
3681
3938
3979
3522
3971
3842
3830
3796
3456
3884
3618
3966
3962
3930
3902
3860
3824
3788
3756
3737
3677
3576
3518
3452
3975
3968
3951
3920
3907
3889
3872
3851
3844
3835
3832
3823
3817
3806
3786
3780
3754
3752
3715
3710
3688
3680
3668
3663
3623
3608
3584
3577
3572
3564
3547
3506
3502
3467
3453
3440
3592
3495
3750
3596
3437
862
3779
3503
3479
3532
3878
3483
3726
3773
3626
3755
3929
3527
3654
3676
3705
3550
3950
3686
3704
3934
3492
3475
3660
3706
3473
3665
3658
3803
3777
3707
3843
3620
3965
3815
3795
3765
3732
3678
3474
3763
3881
3645
3826
3973
3812
865
3566
3946
3939
3849
3619
3552
3661
3890
3944
3669
3683
3781
3911
3908
193
88
94
220
140
44
204
168
1
142
80
177
240
6
197
312
302
53
299
347
222
60
75
228
270
265
85
258
172
95
122
45
266
194
219
89
284
17
242
346
308
257
13
158
10
345
22
313
223
188
3
203
165
148
25
341
236
98
325
104
342
30
272
314
271
238
128
48
141
119
118
327
311
309
298
262
249
217
191
190
156
147
137
133
129
7
40
24
211
297
161
87
261
304
274
252
248
232
323
334
315
276
186
185
170
332
291
285
224
113
72
66
62
21
9
150
199
67
0
213
180
29
322
239
200
109
56
55
50
26
77
121
82
277
231
169
31
280
20
151
149
196
39
115
14
226
19
59
326
246
96
178
79
16
176
103
343
339
333
247
229
214
189
154
120
117
114
111
65
63
38
37
28
18
295
134
268
289
61
344
1387
106
290
207
319
305
279
27
260
101
54
317
330
51
69
76
74
8
42
300
160
292
234
70
336
34
4017
3989
4012
3981
4009
4005
4018
4008
3996
3984
3987
4022
4010
4015
4032
4001
732
725
689
806
813
736
714
863
808
885
795
700
706
814
771
742
733
888
756
751
727
831
750
832
787
853
734
723
741
809
759
748
774
735
762
696
778
815
810
772
826
718
844
880
780
755
789
786
804
713
688
687
784
745
820
754
764
849
773
770
752
797
728
720
823
766
738
726
711
800
