0
802
3995
3987
608
717
4007
4029
3727
124
2569
287
624
443
2168
383
278
3846
3955
3006
3031
892
49
801
114
3147
3856
233
3879
3749
2269
255
2596
852
699
4032
875
1034
4006
656
581
292
316
3268
472
74
3848
3935
749
550
3444
240
1521
192
2952
2792
1905
76
3551
405
3897
1664
321
2838
3055
262
210
3928
267
3974
2776
996
1657
3748
305
3570
607
602
206
3984
289
2442
3650
2691
43
4008
401
1474
3885
282
2505
881
854
883
874
873
851
791
832
273
35
613
152
3733
2808
3688
279
3811
3781
3044
3844
2801
1760
2441
1252
270
1386
1834
2437
138
2380
1558
674
42
3746
2922
2788
1776
910
220
568
1266
356
642
256
3127
4001
4016
3990
4025
855
4012
4005
4011
4037
3998
4013
3989
4002
4023
4009
3982
3992
3993
4018
4033
4021
4038
4031
4027
4024
4019
4015
4003
3997
3991
3985
3981
4026
4017
4014
4004
4000
3994
3988
3986
3980
4030
4028
4020
4034
3999
3996
4022
594
4035
4010
4036
3983
667
894
879
889
746
866
878
861
867
859
886
871
858
876
729
869
790
715
693
812
731
740
846
710
811
844
778
798
712
735
837
761
767
700
850
743
887
877
872
818
725
833
822
799
808
831
773
752
840
742
853
770
829
737
763
707
880
856
835
895
893
891
888
885
882
870
868
863
860
804
769
842
824
777
745
738
726
711
789
732
847
845
834
815
766
694
687
827
817
797
787
803
793
774
718
849
848
830
828
823
810
800
781
764
760
759
756
733
724
713
706
705
697
696
843
841
839
838
836
826
825
821
820
819
816
814
813
807
806
805
796
795
794
792
786
784
783
782
780
779
776
772
771
768
765
762
758
757
754
753
751
750
748
747
741
739
736
734
730
728
727
723
722
716
714
709
708
704
703
702
701
698
695
691
690
689
688
809
720
719
686
755
744
785
721
775
890
864
788
692
884
865
857
2975
3105
3053
2857
216
71
235
2528
3432
3181
2799
3376
3126
3372
3180
3269
3428
3200
3143
3323
2805
3270
2811
2794
2876
3193
2695
3254
3294
3217
3310
3305
3190
2736
3367
2725
3083
197
112
247
183
251
243
32
333
108
266
63
16
50
87
307
2
19
248
5
1896
2450
2227
2182
2444
2320
2632
2263
2113
2100
2080
2051
2162
2424
2403
1978
1977
1988
38
499
2942
3370
2995
3144
2770
3279
2692
3159
2860
2941
269
163
217
150
3148
2926
3425
3333
3317
3030
2899
2954
3156
2948
3388
3227
2723
3112
3061
3358
3418
2772
2978
2837
2726
3422
3313
3124
3007
2950
3039
2783
2713
2803
3251
3354
3218
3092
2977
2809
3176
3163
3338
3398
3207
2824
2872
3312
3393
3368
3292
2882
2715
3328
3192
3093
2895
2832
2819
3352
3109
3356
3287
2934
3213
3355
3223
2989
3309
2879
3161
3400
3397
3395
3337
3255
2718
3336
3128
3012
2886
3341
2965
2733
3272
3260
3015
2797
3066
2983
3238
2981
2825
2997
3209
3188
3140
2846
2930
3303
3311
3155
2844
3170
3005
2701
2991
2716
3402
2831
2744
2854
2745
3151
2980
2802
2873
3349
3300
3332
3330
3212
3185
3169
2785
2859
3421
3157
3129
3325
3318
2703
3348
3022
3119
3114
3246
3433
3236
3220
3080
2888
2789
2984
3347
3199
3088
2747
3301
3010
3004
2666
3285
3069
3068
3381
3377
3306
3265
3179
3116
3060
2719
3216
3141
2861
3435
3158
2945
3221
2741
2729
3297
2939
2853
2828
3315
3286
3234
3042
2967
3380
3248
2904
3095
2961
3364
2993
2931
2924
3417
3399
3250
3025
2920
2908
2850
2806
2769
2705
3386
3240
3106
3082
2720
3035
2841
2696
3202
3137
3040
3023
3194
3175
3107
3089
3070
3058
3049
3041
2901
2687
3298
3273
3160
2775
3343
3319
3121
2848
3403
3369
3342
3187
3177
3167
3100
3032
3016
2918
2843
2768
3420
3410
3379
3241
3086
2990
2830
2668
3359
3346
3334
3308
3210
2947
2829
2682
2662
3357
3321
3277
3038
2742
3412
3296
3009
2758
2665
2812
2735
2700
3320
2894
2845
2684
3182
3145
2957
2781
3275
3219
3189
2739
2675
3008
2982
2959
3244
3001
3135
3117
3085
3073
2907
2676
3111
2932
3284
3064
2925
2815
2743
3362
3257
3195
3184
3090
3056
3029
3026
3014
3000
2960
2953
2928
2916
2896
2887
2880
2681
2760
3419
3416
3391
3351
3350
3316
3288
3267
3247
3239
3152
3150
3146
3120
3115
3113
3102
3051
2833
2661
3436
3414
2943
2839
2706
3411
3396
3261
3076
2881
2823
3091
3314
3228
3084
3065
3054
3047
2966
2944
2913
2906
2874
2777
2761
2683
3353
2690
3384
3149
3108
3078
3033
2969
2915
2912
2910
2890
2877
2866
2800
2757
2755
2749
2717
2698
2694
2786
2738
2731
2710
3385
3361
3302
2903
2693
2677
3374
3211
3110
2958
2780
3360
3327
3118
2840
2971
2818
2795
2790
2784
2999
3263
3020
311
265
275
218
95
301
22
341
300
281
139
127
135
36
338
174
258
208
132
120
57
55
10
133
59
110
160
201
91
196
60
276
96
340
246
268
223
118
103
180
101
166
232
231
78
229
342
106
337
314
39
284
184
181
4
310
343
162
20
14
109
177
68
46
168
93
44
318
227
175
102
285
238
186
172
128
62
21
330
187
313
222
123
56
29
13
24
252
185
119
117
85
130
272
261
7
27
332
249
242
146
83
31
345
188
178
312
226
41
336
290
280
236
203
200
158
141
113
105
67
40
26
9
230
326
214
140
116
115
147
283
274
122
346
315
194
126
92
88
48
1417
1607
1176
2452
2496
2295
2085
2217
2483
2641
2207
2163
2402
2621
2375
2096
1915
2580
2453
2303
2119
2277
2173
2513
2490
2291
2219
2479
2238
1934
2523
2562
2120
2245
1956
2167
2094
2486
2076
2558
2644
2314
1949
2342
2316
2158
2493
2366
2531
2312
2390
2099
2371
2425
2350
2449
2455
2388
2251
2070
2034
2015
1922
2107
2110
2362
2544
2318
2310
2175
2155
2432
2221
2048
2613
1913
2305
1947
2360
2231
2126
2023
2397
2152
2396
2243
2177
2029
2117
1970
2044
2603
2501
2415
2377
2222
2075
1981
1940
2057
1987
2566
2325
2198
2186
2536
2469
2635
2599
2461
2304
2283
2149
2610
2557
2517
2514
2272
2270
2242
2214
2211
2205
1944
2476
2234
2636
2022
2016
2421
2041
2646
2475
2394
2379
2372
2137
2354
2647
2011
2050
1950
1927
1914
2622
2574
2429
2311
2237
1963
2650
2426
2401
2170
2606
2591
2575
2532
2240
2215
2208
2062
2386
2288
1917
2235
2638
2573
2526
2404
2376
2324
2258
2098
2021
2171
2157
2013
2012
2503
1990
1930
2459
2435
2389
2364
2000
1931
2313
2166
2114
2579
2564
2554
2549
2520
2484
2460
2430
2299
2118
2086
2060
1986
2535
2487
2570
2540
2405
2146
2091
2035
1964
2616
2522
2264
2489
2485
2468
2462
2446
2275
2261
2115
2020
2416
2003
2297
2097
2009
1980
1973
1928
2533
2524
2516
2332
2196
2592
2589
2451
2420
2330
2328
2144
2143
2010
1923
2607
2553
2543
2542
2500
2477
2408
2348
2340
2300
2253
2229
2213
2201
2147
2136
2083
2063
1971
2611
2552
2499
2387
2353
2218
2092
2067
2037
2630
2609
2602
2594
2530
2521
2495
2482
2478
2465
2464
2385
2370
2363
2355
2351
2333
2293
2276
2239
2191
2169
2121
2108
2065
2040
2039
1994
1920
2534
2497
2286
2193
2049
2587
2655
2615
2601
2590
2586
2578
2560
2556
2504
2492
2433
2418
2409
2381
2359
2331
2329
2323
2278
2257
2220
2184
2154
2139
2124
2103
2095
2093
2090
2078
2077
2064
2059
2045
2030
1984
1966
1946
1938
1925
1918
2537
2473
2417
2368
2280
2273
2268
2232
2189
2183
2161
2134
2101
2071
2053
2047
2036
2026
1959
2259
1935
2660
2658
2645
2640
2633
2620
2192
2159
2061
2025
2006
2004
1999
1998
1968
1958
2588
2463
2434
2289
2247
2176
2087
2002
1954
1939
2571
2511
2491
2447
2398
2327
2279
2187
2180
2174
2138
2128
2127
2102
2068
339
322
304
156
125
639
437
379
1147
1057
1739
1016
1087
1797
998
3404
3304
3295
3233
3019
2892
1151
1552
1874
1697
1817
1395
1157
2643
2642
2598
2547
2512
2510
2509
2508
2498
2471
2419
2399
2336
2319
2294
2292
2250
2246
2223
2153
2148
2125
2052
2028
1932
1465
1442
3335
3057
3274
3214
3101
3075
3072
2996
2951
2946
2793
3205
3168
2976
2964
990
100
64
1262
929
3434
3431
3430
3429
3427
3426
3424
3423
3415
3409
3406
3405
3394
3392
3390
3389
3387
3383
3382
3378
3375
3373
3371
3366
3365
3363
3345
3344
3340
3339
3331
3329
3326
3324
3322
3307
3299
3293
3291
3289
3283
3281
3280
3276
3271
3266
3264
3262
3259
3258
3256
3253
3252
3249
3245
3243
3242
3237
3235
3232
3231
3229
3226
3225
3224
3215
3208
3206
3204
3203
3201
3198
3197
3196
3191
3186
3174
3173
3172
3171
3166
3165
3162
3154
3153
3142
3139
3138
3136
3134
3133
3132
3131
3130
3125
3123
3122
3104
3103
3099
3098
3096
3094
3087
3081
3079
3077
3074
3067
3063
3062
3059
3052
3050
3048
3046
3043
3036
3028
3027
3024
3021
3018
3017
3013
3011
3002
2994
2992
2988
2987
2986
2985
2974
2973
2972
2970
2968
2962
2956
2955
2949
2940
2938
2937
2936
2935
2933
2929
2927
2923
2921
2919
2917
2914
2911
2909
2905
2902
2900
2898
2897
2893
2891
2889
2884
2883
2878
2875
2871
2870
2869
2868
2867
2865
2864
2863
2862
2858
2856
2852
2851
2849
2847
2842
2836
2835
