0
3984
911
3031
918
15
801
287
550
74
892
358
624
2457
3183
256
377
468
1558
2857
2178
3143
874
667
3992
4032
233
4035
4024
594
3980
3982
3986
3994
3995
3997
3998
4004
4009
4014
4021
4023
4030
4031
4020
4038
4000
4017
3981
4026
4002
3988
4018
4019
3989
4013
3985
4027
3993
4003
4037
4011
3996
3999
4025
4007
3990
4016
4033
3991
4005
4006
4034
4036
4028
4029
4015
4008
4010
4022
292
3451
1096
883
12
3798
447
18
215
3453
692
2079
668
2470
2569
3729
335
3974
3071
1581
1119
1466
585
638
3820
3650
2269
2596
1834
602
3570
613
1145
3853
608
114
43
3230
2842
3856
11
3935
1560
1206
37
3748
3709
210
209
875
674
607
891
1386
2195
4012
4001
3987
3846
3268
642
244
3407
282
3746
42
581
33
90
3983
401
286
255
1224
145
3875
241
47
775
3885
749
443
52
3854
3589
3732
1854
3704
35
2541
859
205
179
1967
1690
1065
3125
234
160
3942
216
2740
154
750
2788
1270
267
153
138
1430
3879
279
3134
744
1395
70
2814
2704
841
648
183
3959
1394
2382
1326
3688
1233
699
3922
3808
1262
3408
3006
1276
1755
316
860
3282
305
379
1176
3037
3807
2691
2792
1046
182
386
1586
383
97
81
2483
904
2595
301
3801
411
253
3717
356
157
3744
1208
49
1760
1627
1693
1253
1071
155
2808
3733
3691
1027
228
3560
2481
2168
1546
1362
2442
76
112
3575
293
61
2998
571
3955
2380
1353
499
785
3375
899
240
71
2952
743
336
3811
3699
3597
757
656
454
294
2922
1252
1194
1034
3816
2722
854
3928
3467
448
321
191
207
2798
2714
247
3413
2975
164
3689
660
2860
3582
2527
855
1105
717
1002
852
174
832
262
307
192
3121
384
3954
3946
868
790
270
552
124
884
1996
893
3781
851
530
202
2106
894
467
1474
1031
945
3588
2838
206
201
3978
3565
3537
788
453
190
3897
1022
288
2565
1969
1762
1713
572
220
3952
877
3686
3003
2971
996
406
865
673
327
125
166
3882
3653
2441
2885
289
1383
3953
3619
1651
1510
3887
3494
120
3910
3673
2855
2204
1200
3965
1856
3865
2963
864
652
3939
