107
696
4030
3629
95
4007
3987
174
3679
233
3673
4033
90
889
3336
135
717
349
364
68
2972
182
1854
929
247
3570
3637
3441
1731
3446
3699
1657
852
11
3689
2483
2094
2930
2842
550
216
865
885
2824
825
707
1233
2805
499
3992
4000
42
4014
1030
1558
3981
3989
3988
6
309
292
64
160
28
3453
287
235
3126
47
44
2034
8
2517
1474
1071
3317
2893
1792
3268
305
801
338
234
4028
3974
244
2522
3092
286
138
806
667
35
15
381
245
2788
1050
4018
443
167
406
12
3445
1693
3597
3720
3774
192
3292
3811
2980
3893
3859
3227
3729
3694
3368
3133
2380
1002
3271
750
3071
2838
3125
3732
4001
2899
1200
3006
2227
2528
1053
2692
1240
3375
4012
883
3045
3592
3890
2776
3975
935
3837
155
77
3912
3892
3739
3775
81
3996
1202
259
2569
382
343
4011
4019
2852
4026
532
768
722
867
3003
3131
740
3200
973
3354
1581
2799
1096
2481
3638
3647
201
3624
467
794
3549
83
3536
1362
622
120
1838
2834
2982
3309
189
3798
691
4024
2722
2868
4035
735
3037
616
1969
2301
225
1264
1295
263
1194
399
478
855
2357
251
1430
2486
876
888
377
215
3530
2814
3580
2963
267
4009
4003
3950
3990
1353
4016
3991
4032
873
319
154
37
384
30
331
1834
254
894
265
117
230
311
2
339
57
3935
202
140
344
341
571
679
264
262
2999
241
255
163
151
3733
87
4029
2207
3854
2822
851
100
3766
1073
3788
3908
2710
2792
3748
3582
3807
3716
164
1967
2076
3853
1840
3792
2870
283
920
1394
3942
1058
1696
2562
2736
1901
3772
4005
1869
3660
1043
3308
756
1422
1594
3813
1266
1186
562
2152
1268
2079
306
18
480
1301
2747
2971
586
1234
27
1764
2349
552
626
1896
2990
1915
875
3882
1424
1262
4022
1015
3159
413
602
3410
836
1434
574
2714
3641
3099
79
335
2903
3373
2917
3388
74
2426
78
648
1208
1713
3393
3023
1283
3781
1777
2725
3613
1140
3059
3879
3399
3808
3717
1105
799
3235
1541
3421
1476
3632
2382
3044
1977
3537
321
2248
1856
1450
2541
3407
2130
1490
126
486
3270
3451
1224
2565
3242
3413
3121
870
3175
3457
61
2979
1072
3801
3290
1676
627
877
1212
3887
2811
899
93
3522
3626
1646
3878
3823
358
3846
1537
3850
649
3676
3941
583
3928
2595
3872
895
3462
779
3724
3520
3730
379
3880
3929
3602
892
3681
3631
2691
2435
860
3334
3517
3932
1326
585
3916
3913
3876
3875
3849
3832
3820
3765
742
3619
3691
3507
429
288
2017
3723
786
2168
165
681
837
1403
866
106
3799
73
1386
880
4036
2431
3796
2704
4010
3134
3809
1544
2424
808
2487
3965
157
1346
1218
684
3254
2621
1996
2014
2505
549
2855
1937
1145
2195
3074
3183
671
3639
744
2774
2066
790
613
3408
145
3230
3147
1442
912
1414
425
2580
940
3600
1008
1629
887
3883
2860
3513
881
3489
193
3944
716
3544
3946
1477
2341
350
1443
181
328
218
4
195
2015
1564
3669
3864
3502
2238
1162
3095
3143
3222
3361
2941
631
204
260
97
219
147
4025
3585
3925
2515
1492
682
655
657
743
782
175
99
23
3682
572
2857
767
333
162
149
116
1077
3708
3589
3888
3659
3847
1808
2263
2789
2851
3229
3218
3122
2861
3216
2935
2933
2884
49
3918
3675
3957
3571
3579
3465
3759
3751
3749
3653
3476
3701
3567
3819
3595
3868
3917
3743
3473
3874
3538
3871
3725
137
337
1822
282
1134
2204
2437
2421
3322
3128
226
2885
1297
904
58
171
184
108
3995
3993
594
3997
4023
1111
955
3985
33
4021
822
884
864
3091
2962
2721
859
776
874
868
3053
3141
2732
3105
3251
2535
2245
2281
3454
3621
3861
910
1776
3616
3439
3447
3905
3490
3814
3531
1599
3727
3606
3745
3662
3949
3812
3423
2699
3311
2889
2703
2879
3283
3008
3318
3382
2959
2670
3325
3314
2767
131
278
143
177
296
86
227
476
393
351
198
564
441
501
197
320
2886
804
886
863
882
179
3986
256
3894
3806
3963
3939
112
3982
4031
3994
3984
3980
4002
4037
4027
4020
327
89
17
139
36
330
217
84
101
284
310
92
80
268
82
48
128
148
172
340
346
53
85
224
317
329
127
276
324
258
232
213
31
118
266
295
314
302
211
65
29
9
158
130
122
332
212
297
221
119
105
290
134
298
257
246
304
186
19
196
271
141
109
62
146
39
21
13
248
98
308
303
272
236
200
69
40
342
66
45
26
115
20
7
261
188
123
206
187
180
156
325
199
194
94
88
323
203
185
176
322
277
252
104
103
25
280
334
72
315
113
312
285
239
313
291
67
59
55
274
142
214
41
347
345
318
249
242
238
237
231
222
178
170
169
159
133
132
121
111
63
60
56
43
38
10
5
3
326
144
0
14
269
22
54
183
24
229
75
270
46
281
191
1
208
161
223
152
16
250
289
205
110
102
76
32
3515
3555
3607
3463
3836
3482
3780
3703
3841
3551
3614
3617
998
3678
3644
3914
3591
3803
3572
3915
3754
3900
3706
3979
3618
857
3968
3498
3698
3508
3752
3665
3532
3869
3680
3842
3525
3573
3518
3825
3826
3534
3735
3590
3556
3881
3612
3459
3895
3564
3509
3541
3934
3794
3711
3486
3903
3822
3535
3969
3834
3738
3906
3714
3651
3674
3495
3750
3741
3797
862
3664
3966
3962
3886
3527
3615
3840
3598
3472
3937
3909
3771
3931
3593
3468
3586
3524
3654
3480
3753
3663
3501
3559
3938
3852
3656
3540
3737
3550
3471
3578
3452
3526
3496
3645
3623
3601
3924
3907
3793
3740
3692
1085
3627
3756
3707
3543
3782
3758
3690
3833
3506
3442
3802
3884
3877
3642
3456
3926
3951
3718
3499
3763
3719
3625
3855
3643
3568
3896
3821
3784
3646
3620
3677
3858
3514
3943
3889
3785
3721
3449
3911
3831
3697
3670
3633
3488
3577
3702
3693
3609
3845
3448
3835
3728
3608
3867
3778
3685
3505
3443
3956
3764
3604
3510
3622
3755
3491
3722
3710
3553
3824
3804
3940
3930
3873
3860
3684
3672
3611
3521
3866
3705
3851
3603
3542
3528
3497
3768
3862
3715
3636
3731
3545
3762
3605
3576
3947
3961
3511
3667
3810
3584
3800
3687
3635
3596
3830
3512
3948
3838
3599
3455
3493
3668
3829
3777
3634
3464
3972
3927
3971
3954
3952
3921
3919
3902
3899
3818
3795
3790
3786
3773
3734
3713
3666
3658
3640
3588
3574
3569
3566
3563
3561
3558
3557
3552
3548
3546
3533
3503
3492
3475
3470
3460
3458
3438
3466
3945
3529
3469
3437
3761
3630
3554
3474
3500
3976
1193
3901
3791
3920
3661
3769
3712
3565
3477
3933
3747
3440
3539
3594
3828
3450
3649
3936
3827
3575
3736
3484
871
3776
3478
3967
3960
3485
3583
3562
3683
3760
3504
3516
3757
3770
3978
3977
3910
3891
3783
3655
3581
3547
3523
3843
3610
3973
3904
3958
3648
3953
3657
3779
3857
3696
3695
3481
3870
3970
3587
3628
3483
3805
3700
3726
3898
3487
3897
3856
3839
3746
3709
3686
3444
3815
3671
3964
3923
3704
3688
3652
3560
3479
3817
3744
3848
3494
3519
3863
3844
3767
3955
3787
3789
3816
3467
3885
3461
3865
4017
4013
4004
3998
4038
3983
3999
4034
4015
4006
712
702
850
846
771
746
811
813
843
704
763
814
701
720
810
727
710
795
737
788
714
689
833
816
708
755
829
738
826
730
703
835
777
803
797
853
849
827
754
741
739
834
844
778
770
766
723
688
783
751
711
773
762
749
732
724
840
713
845
784
694
842
787
758
718
792
780
752
709
847
831
828
781
728
726
706
705
824
807
734
695
769
838
820
809
764
745
686
830
772
731
719
817
815
687
823
805
774
760
890
747
697
819
800
753
878
861
856
729
839
802
725
812
761
700
796
791
789
759
832
818
765
793
821
693
736
798
748
848
715
698
869
733
690
775
893
858
872
721
699
854
692
879
785
891
757
841
293
220
299
96
125
2316
300
150
124
2113
2402
168
619
2513
2262
2388
2650
2614
2008
2626
2412
2548
2587
2317
2570
2371
1921
129
1956
2120
2082
2364
1368
166
599
665
577
623
597
587
678
1982
2041
1936
2129
2365
2320
2466
2383
2577
2312
1942
2618
2251
2114
2628
2027
1950
2181
2373
2105
2455
2156
2091
2303
2558
2230
2061
2620
2659
2012
2452
2147
1922
2657
2346
2440
2236
2089
2070
2035
2019
2523
2044
1951
2442
1989
2536
2489
2404
2443
2566
2634
2448
2488
2256
2639
2636
2529
2166
2645
1957
2647
2648
2024
1980
2633
1999
1748
1241
901
974
1314
418
388
1251
1906
1749
1546
1904
173
582
635
615
578
670
658
640
632
600
605
654
633
617
533
620
666
534
598
365
609
372
396
558
515
1756
477
359
498
545
401
518
2409
2307
2638
2407
2201
2427
2386
2550
2433
2654
2601
1913
2085
2556
2214
2342
2581
2612
2335
2314
2036
2023
2401
1924
2561
2393
2298
2438
2350
2605
2186
2171
2004
2490
2170
1992
1988
2552
2276
2220
2212
2549
2092
2188
1925
2554
2339
2140
1963
2520
2299
1997
2337
2009
1998
2534
2397
2001
2255
2213
2190
2584
2322
2205
2610
2362
2563
2353
2172
2625
2576
2387
2234
2067
1979
2381
2352
2139
2477
1986
1953
1943
2177
2503
2361
2173
1975
2506
1918
2160
2478
2112
2049
1965
2202
2159
2370
2290
2060
2020
2000
1927
2411
2405
1960
2591
2590
2504
2495
2363
2306
2271
2179
2150
2123
2104
2098
2064
2037
2464
2354
2164
2118
1962
2197
2624
2606
2600
2539
2359
2323
2216
2165
2524
2331
2311
2240
2084
2021
1966
2619
2418
2374
2300
2124
2073
2063
2546
2429
2410
2408
2340
2326
2154
2593
2586
2553
2551
2521
2376
2324
2229
2206
2095
2093
2074
2059
2055
2033
2313
2392
2348
2308
2266
2131
1946
2658
2447
2050
1958
1931
2627
2378
1976
2637
2655
2604
2574
2573
2532
2526
2507
2485
2446
2244
2083
2065
2058
2056
1990
2660
2459
2016
2011
1995
1928
1991
2630
2500
2467
2088
2078
2045
1984
1983
1938
2585
2284
2025
2018
2126
2432
2075
2449
2474
2209
2641
2334
2379
2309
2184
2221
2157
2652
2479
1970
2287
2631
2607
2499
2482
2469
2462
2460
2430
2428
2275
2253
2210
2121
2046
2043
2030
1993
2635
2366
2208
2540
2270
1964
2116
2107
2318
2296
2141
2468
2516
2502
2537
2226
1987
2571
2525
2155
2249
2394
2280
2560
2642
1972
1926
2222
2583
2389
2128
2653
2233
2297
2097
1968
1306
990
536
488
1909
1481
3205
2677
1568
1493
1798
1333
1640
439
1641
1601
504
1143
1308
965
903
1880
1895
1747
1378
1113
489
405
374
470
463
543
1555
1417
1152
1236
1127
1131
1188
964
1499
1739
1304
1428
1249
1154
1633
369
662
595
677
603
575
675
661
659
650
647
643
576
621
579
1170
611
592
588
560
431
469
512
573
673
415
394
455
525
495
493
570
669
634
510
462
676
614
685
680
672
636
371
557
523
451
630
520
460
392
362
561
511
445
444
440
590
450
422
403
412
409
547
1624
1500
1037
555
528
507
503
502
485
474
437
435
430
421
416
407
386
360
357
354
2417
2623
2572
2559
2501
2492
2423
2395
2329
2261
2257
2237
2232
2218
2115
2109
2108
2069
2005
1971
1917
1465
2355
2547
2267
2243
2235
2161
1941
2530
2398
2345
2273
2228
2029
1981
2328
2047
2302
2399
2332
2246
1947
2333
2368
2325
2315
2496
2420
2567
2259
2223
2191
2542
2396
2242
2110
2003
2609
2511
2319
2134
2026
1945
2643
2137
2491
2463
2406
2285
2277
2646
2640
2622
2615
2613
2611
2602
2599
2597
2579
2578
2575
2564
2557
2544
2538
2533
2531
2497
2494
2484
2476
2475
2473
2454
2434
2416
2415
2414
2403
2400
2391
2369
2367
2356
2304
2286
2278
2260
2258
2241
2239
2231
2225
2200
2192
2182
2178
2163
2162
2146
2143
2142
2136
2125
2122
2103
2090
2086
2077
2071
2051
2040
2022
2006
2002
1985
1978
1973
1961
1935
1929
1914
1866
2592
2283
2180
2102
2072
1939
2509
2436
1920
2588
2336
2101
2608
2512
2498
2445
2330
2289
2211
1923
2471
2372
2327
2292
2279
2189
1959
136
2247
2010
1916
2518
2510
2451
2390
2377
2274
2264
2185
2169
2111
2048
2603
2582
2508
2472
2385
2187
2144
2057
1932
2594
2347
2224
2176
2087
2480
2425
2272
2145
2133
2127
2117
2555
2338
2295
2053
2039
1994
1948
2458
2419
2384
2250
2032
2007
2629
2598
2461
2344
2268
2203
2196
2153
1940
1919
1064
944
1708
1144
1023
1865
1738
1658
1618
1674
905
1863
494
907
1566
1364
1197
1237
1114
1679
1631
1543
479
398
434
1527
1911
1147
1355
1035
971
1121
1400
1332
1310
1136
1579
1593
1299
1167
1758
1648
1784
992
987
963
1319
1137
1533
1118
1650
1582
1771
1770
943
1602
986
1692
601
492
419
1444
1338
1228
1090
1010
1763
420
1745
1109
1000
1178
1802
1232
1421
1187
1518
1384
1045
1307
1033
527
487
481
410
390
1704
1907
1502
969
1706
984
945
1785
1686
1418
1525
1229
1892
1468
1452
1265
1486
1549
565
559
546
531
514
458
446
361
355
950
928
1899
1873
1060
400
1007
1872
1635
1258
1815
1709
1348
1226
1011
1850
1366
1141
1005
1089
1562
1876
1569
1062
1286
1166
1878
1190
1273
900
1890
1021
988
981
1862
1347
1478
1342
1169
1094
977
1504
1910
1744
1425
1372
517
1767
1512
1122
604
1223
537
428
375
352
1774
1848
1661
1715
1887
1592
1432
1115
989
1129
1578
1221
1462
1379
954
1766
1595
1545
373
652
628
625
612
608
591
589
465
1743
931
1671
1654
1606
1001
1820
1320
1454
1373
1020
1778
1742
1303
1261
1245
663
618
584
423
387
563
456
391
644
556
500
482
452
432
426
402
397
513
427
404
378
683
653
548
542
506
471
436
395
385
370
645
473
417
408
1374
976
524
497
368
367
1472
1385
1529
1275
457
348
505
2856
2667
1642
3161
3164
2649
2616
2543
2519
2465
2413
2351
2293
2282
2215
2199
2198
2194
2183
2149
2148
2138
2135
2068
2062
2054
2042
2038
1912
1567
2895
2617
2589
2343
2294
2254
2174
2151
2132
2081
2052
2031
2028
1955
1954
1817
1051
1220
3246
1445
1433
1687
1084
1063
1239
1626
1818
1561
1439
1150
968
1556
1796
1196
1083
1832
959
1900
1519
1217
1112
1164
1092
1734
1523
526
1375
1393
1821
1532
1685
1497
1571
1343
909
1695
1677
1514
1358
538
366
1670
1810
1750
1542
1380
1280
1528
1160
1580
1463
1056
1585
932
1321
1735
1797
1180
1163
1370
1128
1274
1271
1222
1006
1885
1435
1070
1177
1246
1786
1108
1102
933
1588
1482
1645
930
641
1219
1207
999
1781
924
1553
1511
1410
970
1634
1630
1183
917
913
1860
1142
1837
1371
958
938
1828
1489
1712
1269
982
1845
1827
1351
1289
1800
1682
1100
1547
1535
1256
1857
1019
1340
1470
926
1440
1383
1157
1716
1448
1244
1176
1884
