107
706
4030
4016
2569
443
6
1276
70
220
2457
327
81
3271
832
4003
46
217
316
287
260
209
1776
183
864
27
3494
788
1701
2842
1264
871
3055
138
3875
166
2113
1546
179
241
4025
3991
3983
2930
2301
2470
3290
4008
177
1445
3963
883
11
2722
3727
3942
467
3744
3864
3699
114
3676
3682
2714
867
602
2808
1797
441
3749
3928
1834
1579
468
655
3704
4029
2885
1956
4011
1853
4024
4012
767
1650
1490
205
3147
759
782
189
771
8
1693
310
275
126
263
153
235
3165
47
86
4031
243
124
33
129
691
699
120
4010
335
282
1395
167
44
43
265
447
704
377
1996
1498
613
887
2740
3691
349
3787
3814
740
3992
71
2595
357
3937
485
3619
1253
3936
550
219
3798
3953
2424
2456
790
3143
3765
4027
2256
668
860
855
564
1521
3570
2857
1627
3665
448
628
979
674
3916
744
3650
3661
3781
1208
1094
785
598
3597
2442
749
182
3854
2321
692
3497
2692
562
3552
3748
1252
729
2195
2838
3582
707
899
3031
3105
1759
940
2375
245
529
256
4006
3700
3429
1930
293
1326
937
2851
1383
1934
1466
3311
1008
3863
2952
3732
321
575
3483
2421
3984
736
1241
3614
721
3978
1762
904
1133
3834
3839
3453
2691
2807
3626
3673
3742
2998
1711
1362
2971
3659
2565
1814
390
1506
2704
34
1202
3045
3955
808
453
879
3092
1147
1915
1969
945
2686
891
750
125
76
657
1240
2580
472
4019
920
571
307
3266
3717
478
4005
1354
411
383
3729
868
775
2204
3183
3270
1065
4015
985
1713
2975
2893
3059
1510
911
1007
3733
3987
702
1558
2859
3952
1775
1023
1057
3282
3686
3375
1270
2380
607
491
2767
572
18
1053
869
584
15
682
1224
816
2634
3911
3218
2799
876
882
97
3805
3489
3153
2041
3847
319
3827
3553
505
3560
4020
594
156
88
273
193
813
743
786
796
4001
476
501
364
1854
3121
885
874
3812
3662
3549
3585
3716
3647
3513
3439
3932
3669
3813
3502
3806
225
1961
2535
2094
2487
2281
2245
3251
3180
3131
3372
2732
3181
2902
4007
192
49
145
2548
2051
2450
2817
2774
3074
870
1295
929
732
884
910
150
100
64
4009
3986
3982
4037
2788
89
91
264
110
309
184
61
337
151
333
289
162
17
230
51
306
152
78
296
102
251
135
108
281
317
137
99
214
19
41
326
23
14
181
343
159
63
278
340
117
7
197
342
345
338
247
59
127
300
139
24
302
165
121
106
196
54
111
92
158
330
101
53
55
259
93
227
131
346
191
312
140
149
144
28
83
31
132
347
328
218
226
20
168
87
238
212
72
48
272
79
261
146
1
268
13
339
66
308
311
290
208
175
172
134
10
344
105
324
274
123
39
297
280
276
38
239
103
82
341
258
232
26
21
313
303
252
170
60
332
77
29
325
178
56
284
236
161
5
320
315
266
204
194
187
180
94
169
133
67
329
318
301
299
295
292
279
254
250
249
248
242
233
223
221
215
207
203
202
201
195
176
157
155
147
143
142
130
116
115
85
84
62
57
45
42
36
35
32
22
4
3
2
298
291
199
185
128
119
109
104
304
118
334
314
113
323
322
277
257
224
200
188
148
141
98
69
65
9
285
246
231
186
122
80
40
0
271
211
50
25
213
331
30
73
206
294
237
283
240
305
336
96
222
75
229
163
3990
4021
4026
4038
3981
3999
4000
3998
4017
3993
4004
4036
4033
4032
4018
4014
4002
3988
3985
3997
3995
3994
3980
4023
3989
4013
3996
4034
4028
4022
4035
667
881
825
822
895
863
806
746
888
865
795
716
753
893
765
710
850
890
811
735
861
852
717
846
791
725
839
689
889
878
877
857
854
794
812
798
763
737
761
711
844
751
789
793
755
733
728
708
818
772
709
799
758
693
856
810
723
843
880
792
734
769
695
835
687
779
777
804
797
730
720
837
809
807
768
764
748
742
731
714
712
698
727
726
838
815
701
688
824
783
756
741
703
694
840
739
847
831
752
849
820
805
784
787
774
738
700
851
848
842
833
817
814
719
697
696
845
836
834
828
823
803
800
781
780
762
754
747
722
718
715
686
853
830
829
827
819
773
766
760
745
713
705
724
873
821
770
872
894
826
690
778
858
776
866
886
892
859
841
802
801
757
875
2015
2541
2382
2834
3216
2811
2771
3269
2114
2360
2357
2341
2166
2181
2486
2403
1924
2490
2444
2076
190
1933
2265
2523
2014
2346
2899
3133
2697
3095
3314
2670
3309
3423
2703
2776
3141
2861
2934
2737
3138
2947
2884
3167
2700
3370
3431
2736
2858
3336
2933
3333
3317
3436
3009
3319
3294
3042
2812
3286
2837
3273
2860
3010
3424
2789
2967
2963
2809
3303
3052
3250
2891
2993
3329
3221
3190
2405
2000
2260
2089
2448
2570
2160
2070
2231
2238
2173
2107
2105
1949
1922
2021
2426
2019
2645
2474
2130
2119
2587
2316
2023
2227
2483
2314
1990
2349
2371
2656
2494
2411
2129
2342
2228
2120
2080
2545
1978
2558
2255
2647
2025
2152
2049
2632
2614
1919
2650
2513
2401
2435
2364
2061
2050
2412
2251
2146
1965
2613
2443
2622
2320
2515
2454
3075
3173
2864
3061
956
164
1958
2297
2641
2270
2035
2540
2517
2488
2091
2092
1942
2584
2288
2085
2219
2291
1977
2585
2024
2018
2001
2016
2648
2640
2583
2011
1928
2171
2657
2636
2633
2627
2626
2225
2097
1957
1950
1927
1914
2639
2284
2022
2013
3361
3310
3041
3175
2824
3048
3139
3025
2888
2663
3112
2848
3236
2718
2990
3018
2715
3334
1838
3194
3016
3189
3412
3352
3109
2685
2713
2847
3186
3170
2954
2735
3307
3069
3418
2747
3312
3208
3015
2831
2723
2733
3421
2802
2932
2976
3235
2819
3349
3357
3062
3360
2772
2942
3275
2709
3163
3129
3137
3114
3428
2726
3192
3156
2982
2972
2879
3358
3239
3160
3007
2753
3008
2889
3246
2901
3318
3405
3272
3072
2668
3130
3247
2959
2699
2965
3122
3053
3023
3159
3001
2892
3356
3203
2711
3225
2785
3409
3100
2840
3380
2882
3135
3166
3044
2887
2821
3177
3171
2841
2791
3233
3068
2829
2779
2705
2886
2931
3315
3004
2786
2761
2795
3248
2801
2908
2759
3404
3196
2921
2871
3128
3066
2983
2730
2974
2911
3388
2960
2750
2981
3365
3108
2924
3324
2919
2872
2815
2695
3301
3065
3056
3033
2698
2985
2929
3394
3237
3080
2906
3234
3220
3213
3202
3184
3174
3104
3073
3029
2948
2946
2867
2745
2673
2765
3262
3244
2870
2696
2843
2945
2706
2672
3255
2943
3433
3417
3399
3243
2988
2977
2896
3362
3293
3257
3231
2953
2681
3287
3157
3158
2890
2743
2731
2683
3410
3371
3346
3207
3176
3019
2662
2978
2675
3332
3426
3348
3226
3195
3096
3000
2910
2880
2835
2827
2806
2777
2773
2754
2749
3099
2844
2836
3232
2986
2907
2757
2717
3339
3026
3014
2987
2966
2956
2915
2873
2810
2763
3304
3284
3149
3064
3047
3040
3036
2994
2944
2913
2912
2909
2897
2782
3419
3391
3102
2770
3390
3387
3384
3363
3142
2877
2874
2866
2755
2680
2666
2664
2868
3328
3327
2055
2118
2467
2476
2027
1999
1980
1931
2300
2098
1986
1953
2553
2552
2179
2154
2058
2576
2449
2350
2307
2201
2147
2044
2532
2414
1962
2654
2602
2306
2086
1966
2630
2218
2190
2124
2020
2005
2546
2287
2506
2258
2574
2427
2659
2192
2012
2397
2335
2286
2236
2158
2156
1960
2638
2386
2165
1963
2571
2568
2066
2116
2197
2522
2234
2658
1935
2361
2644
2525
2497
2277
2193
2186
2162
2635
2126
2249
2581
2575
2564
2418
2339
2329
2326
2311
2208
2200
2060
1979
2452
2048
1982
2520
2423
2409
2376
2122
2083
2077
2074
2489
2354
2229
2108
2104
2064
2063
2551
2524
1995
2455
2604
2601
2591
2550
2407
2370
2213
2172
2142
2103
2084
1993
1943
2549
2539
2485
2352
2276
2244
2206
2164
2131
2123
2121
2095
1983
1971
2619
2579
2573
2554
2526
2495
2477
2308
2188
2150
2139
2056
2043
2177
2387
2605
2660
2628
2624
2621
2618
2600
2593
2586
2578
2577
2536
2534
2527
2521
2504
2503
2482
2481
2466
2460
2459
2446
2402
2400
2391
2388
2374
2373
2369
2363
2359
2358
2353
2348
2337
2317
2313
2303
2278
2271
2263
2262
2248
2237
2217
2207
2205
2202
2182
2167
2159
2093
2082
2073
2069
2006
1992
1989
1968
1951
1936
1925
58
2322
2655
2631
2590
2560
2559
2556
2507
2500
2499
2492
2462
2429
2340
2257
2240
2220
2112
2040
2033
2030
1984
1918
1921
2544
2170
1988
2542
2221
2110
2610
2185
2599
2215
1944
2501
2293
2191
2935
3386
3340
3330
3169
2980
3212
3058
2876
2989
3316
3297
3206
3335
2853
2796
3337
3117
3398
2997
2693
2687
2970
1889
1840
935
262
3003
1150
1564
2478
2242
2222
2334
2603
2440
2296
2480
2453
2362
2272
2145
2141
1923
2318
2226
2620
2365
1973
2557
2514
2416
2310
2175
2305
2637
2566
2425
2366
2209
2198
1964
2646
2623
2393
2383
2067
2415
2003
2649
2612
2406
2345
2280
2214
2211
2036
2002
2538
2529
2447
2378
2157
2004
1998
1991
1976
2790
1700
1308
2999
3353
3039
2845
2748
2720
3118
3070
3067
3416
2937
2781
2778
3267
3253
3082
2973
2849
3351
3277
3260
3199
3132
3013
2846
2712
3276
3320
3299
3291
2719
3241
3091
2962
2900
2721
3178
3110
3198
2958
3393
3279
3090
3355
3298
3280
3252
3182
3106
3002
2995
2936
2775
2708
2684
3264
3259
3219
3187
3154
3136
3087
2865
2780
2724
1317
3254
2950
2914
2904
3415
3379
3359
3295
3191
3024
2951
2881
2830
2682
3403
3345
3240
3120
2856
3350
3215
3140
3097
2768
2688
3341
2739
3249
3144
3116
3050
2898
2878
2832
2787
3378
3377
3172
2991
3406
3397
3115
3111
3060
3035
2875
2863
2793
2784
2751
2661
3396
3395
3313
3274
3217
3113
3038
3017
2996
2984
3285
1486
540
577
1043
3256
2825
2762
3211
2979
3435
3434
3430
3422
3414
3413
3402
3400
3392
3389
3385
3383
3382
3381
3369
3368
3364
3354
3347
3344
3338
3325
3322
3321
3308
3306
3305
3300
3296
3288
3283
3281
3278
3261
3242
3238
3228
3227
3224
3223
3210
3209
3204
3200
3193
3168
3162
3161
3152
3151
3148
3146
3145
3126
3124
3123
3119
3098
3094
3093
3089
3088
3086
3085
3084
3083
3078
3054
3049
3046
3043
3032
3022
2969
2961
2955
2949
2941
2940
2928
2927
2926
2925
2920
2918
2917
2916
2905
2903
2895
2862
2854
2852
2850
2839
2828
2823
2820
2816
2805
2800
2797
2783
2769
2756
2741
2738
2734
2729
2728
2727
2710
2702
2701
2694
2690
2689
2679
2676
2674
2669
2667
2665
1234
1855
2379
2075
2312
2243
2377
2615
2606
2561
2496
2473
2464
2433
2430
2408
2392
2333
2323
2309
2275
2261
2253
2216
2212
2210
2184
2140
2136
2115
2109
2088
2059
1997
1946
1938
1917
2009
2625
2611
2563
2484
2469
2428
2410
2404
2395
2356
2331
2290
2266
2137
2090
2078
2046
2045
2037
1929
2396
2071
1959
2355
1972
1913
2065
2057
2608
2509
2304
1975
1952
2510
2390
2233
2196
2096
1970
2547
2508
2367
2273
2259
2101
2031
2516
2028
2519
2230
2194
2128
2099
2072
2491
2319
2042
2458
2189
1954
2652
2572
2502
2254
2199
2163
2148
2047
1939
2531
2417
2413
2325
2239
2223
2174
2117
2052
2594
2530
2438
2434
2432
2343
2324
2274
2252
2153
2062
2054
2029
1940
2537
2479
2436
2372
2338
2292
2235
2203
2161
2135
1985
1941
1465
2609
2597
2420
2267
1987
1948
2642
2451
2445
2315
2302
2285
2268
2232
2144
2629
2607
2592
2475
2381
2299
2282
2279
2264
2250
2138
2125
1981
1912
2419
2351
2347
2149
2567
2555
2533
2463
2399
2398
2384
2336
2332
2247
2246
2241
2224
2187
2134
2127
1994
1955
1932
2582
2518
2461
2344
2298
2169
2132
2087
1945
3020
2869
2707
1779
3188
3179
3101
3021
2939
3205
3107
3081
2764
2760
2716
3222
3201
1058
989
1424
992
1850
1281
1552
933
1356
1550
1640
1000
1297
1865
1434
1050
2653
2643
2512
2511
2498
2471
2394
2330
2294
2289
2176
2155
2151
2143
2133
2068
2038
2007
1947
1926
136
3420
2813
1883
1342
1141
1887
1503
1089
1228
1412
1595
1441
2822
3076
3034
2992
2894
2833
2742
3343
3258
3077
3374
3331
3326
3289
3051
2957
2938
2758
2818
1792
3411
3366
3342
3302
3292
3214
3185
3150
3057
3027
2923
1387
3857
3917
1443
1657
1599
939
1874
1562
1556
1196
1266
1910
1500
943
685
469
1484
1022
1769
381
1081
1143
1018
1455
942
1429
1422
1729
1812
1649
1099
1828
1495
480
615
582
1392
1350
1829
1414
622
665
627
626
675
684
1233
664
678
621
605
620
588
670
662
635
576
650
647
914
1030
1633
1066
2744
1236
2826
1684
903
1648
1368
909
1171
1303
1097
901
902
1582
1108
1268
1852
1836
1710
1824
1102
1489
1103
971
969
1162
1064
1764
1082
1093
1682
1044
944
1213
1895
1216
1118
2617
2616
2598
2589
2588
2543
2472
2468
2465
2389
2385
2368
2328
2327
2295
2283
2183
2180
2111
2102
2081
2053
2039
2032
2026
2010
1920
1916
1666
1055
3265
3263
3245
2883
1247
1032
1642
1893
1872
1215
1158
1120
1190
2752
1611
1284
1257
896
1873
1871
1638
1454
1451
1396
1020
1906
1225
917
1903
1635
1628
1592
1381
1309
1286
1115
1747
1333
1137
898
1100
1815
1152
1169
987
1841
988
1131
1742
1355
1246
1159
1751
1324
1282
1261
1245
954
1401
1904
1869
1304
1090
1821
1728
1877
1525
1343
1310
1042
913
1891
1691
1413
1277
1148
1104
1009
1859
1596
1432
1231
1227
1067
1499
1403
1884
1462
1345
1229
1129
1415
1448
1021
977
1899
1862
1576
1573
981
1212
1583
1578
1438
1347
1315
1292
941
1010
974
288
270
267
228
210
174
171
74
52
16
1860
1817
1440
1846
1585
922
1519
1718
1112
1164
1646
1026
1457
1069
1527
1285
1670
1722
1151
1063
1843
1398
1339
1220
1665
1623
1619
1380
966
1419
1458
1293
1535
1110
1737
1765
1761
1580
1003
1753
1039
1900
1341
1336
1351
1456
1205
1287
1017
983
959
1810
1809
1674
1522
1449
1423
1402
1298
1273
1135
1068
952
1185
1181
1132
1130
1868
1609
1901
1497
1478
1385
1296
1781
1244
1168
1035
1709
1109
1725
1591
1569
1481
1783
964
1749
1748
1260
1070
1041
1469
1259
1121
1037
509
1092
1826
1741
1632
1123
1116
1028
1393
1302
1622
1610
1267
1175
927
1839
1668
1563
1467
1439
1437
1367
1365
1198
1811
1389
1516
1323
1243
928
1697
1618
2677
1639
1612
1480
1083
1863
1793
1789
1772
1712
1584
1554
1530
1488
1335
1330
1291
1256
1207
1091
1006
999
1734
1520
1513
1265
1195
1048
946
1780
1774
967
3164
3079
2968
2964
2725
1450
1384
991
1909
3005
2678
1678
3855
3967
3905
3939
3580
3538
3473
3567
3868
3957
3638
3914
3898
3474
3802
1545
1876
1888
1689
1675
1604
1531
1344
1146
1125
1798
1493
1363
1186
1062
1837
1802
1533
912
1602
535
371
454
1453
1200
1785
1695
1464
1294
1813
1723
1399
1331
