107
728
3980
143
2732
4
3597
3984
3665
668
3849
282
855
189
205
712
91
3704
4022
1386
337
2106
1521
3813
3941
3447
887
3854
3812
638
327
3407
3423
2884
642
3216
2437
3122
1297
2167
1252
761
911
175
3989
453
292
441
884
3751
307
269
1996
3987
1058
1466
1474
788
12
3717
2505
2441
732
179
3993
871
3990
1093
3548
1270
892
3746
3885
1627
1586
202
1860
3699
1387
2034
219
872
867
4012
466
357
1607
1654
1295
4008
3911
167
704
201
744
723
734
852
798
3977
3457
3732
868
2798
3919
3839
857
986
3552
3892
3912
2727
3910
1034
3694
1546
3953
3565
3755
3561
2802
3125
3476
3787
3983
3689
3470
3724
3572
3970
3961
3916
429
3879
3816
3811
3795
3141
220
3612
3594
3477
3781
3973
3878
3855
317
195
181
3798
287
78
145
1200
1364
3181
1043
584
3322
1905
973
3251
937
1602
4028
3375
47
1203
3155
51
464
727
305
333
124
3161
749
112
83
309
270
608
485
2691
5
276
733
3200
28
318
160
24
125
1133
1838
336
279
250
241
157
129
114
294
74
64
2569
11
1527
2528
3408
1055
859
1579
2671
585
3897
349
1747
1111
736
3454
928
2457
3043
390
3808
883
3283
2767
1220
2036
228
2503
356
3638
1262
1154
3121
2431
288
679
1760
2487
1560
447
301
1176
286
2900
1797
3955
2898
1073
3805
1599
1151
1157
4024
3853
153
2695
2541
1077
246
2701
801
448
2596
3126
631
253
1486
692
3481
1016
43
742
741
1147
2651
458
674
1834
1908
1057
1383
2847
3671
3729
2842
3820
3271
1105
3807
1233
298
3336
2493
1430
3978
826
593
256
552
945
2382
3275
1883
3436
76
499
244
3310
2256
699
2714
4017
3928
2008
138
61
1776
881
97
1403
3664
210
3619
3932
2752
1346
1854
1498
778
1856
1896
2527
1301
2178
1096
716
3997
1168
1969
2470
1254
785
2422
3266
875
3151
3765
2965
568
2358
4010
3952
1775
233
912
1002
1594
2094
3848
3775
3861
2621
2263
101
786
36
384
1248
1424
1889
1253
1202
306
152
275
3893
3600
312
3837
3516
1664
459
776
2321
1890
4025
4016
895
866
4030
4003
3985
702
839
725
789
791
689
771
1974
2453
3744
1000
1552
2565
3923
3720
825
864
393
198
364
564
476
399
501
443
4038
4031
3991
131
321
225
86
278
227
68
263
2281
2301
1956
2245
2535
2481
3354
3218
2204
3053
581
2972
154
147
89
95
3606
3745
3939
3963
3679
3624
3580
3863
3682
3905
3549
3662
3546
3490
3531
873
885
874
3814
3446
3502
2168
140
137
243
93
310
245
193
259
110
264
8
767
192
3742
3652
3676
3809
3508
3590
3678
3541
3917
3663
3901
3899
3579
3701
3766
3933
3740
3644
3728
3832
3467
3921
3691
3669
3703
3858
3504
3944
3461
3610
3860
3828
3605
3683
3551
3491
3442
3702
3503
3667
3713
3710
3791
3865
3475
3592
3685
3482
3574
3964
3957
3571
3774
3757
3975
3465
3871
3547
3802
3498
3722
3920
3655
3478
3776
3767
3455
3649
3898
3695
3867
3840
3769
3563
3692
3658
3492
3788
3640
3948
3934
3943
3609
3533
3666
3850
3735
3573
3471
3913
3851
3687
3611
3450
3902
3872
3845
3785
3496
3962
3438
3760
3712
3968
3684
3830
3730
3697
3627
3527
3440
3824
3670
3929
3737
3677
3940
3543
3731
3707
3559
3542
3804
3800
3734
3823
3532
3859
3510
3926
3642
3528
3522
3485
3462
3626
3880
3886
3525
3484
3938
3852
3693
3576
3514
3452
3971
3884
3736
3950
3741
3753
3727
3877
3651
3596
3540
3874
3819
3473
3739
3918
3907
3815
3747
3526
3521
3505
3635
3536
3489
3836
3759
3708
3519
3888
3772
3628
3842
3656
3835
3636
3608
3673
3562
3960
3696
3500
3894
3883
3613
3523
3847
3553
3841
3797
3756
3674
3618
3557
3495
3449
3779
3721
3550
3517
3629
3599
3825
3966
3790
3672
3633
3586
3577
3545
3518
3512
3501
3497
3488
3480
3448
3927
3554
3761
3483
3843
3777
3602
3630
3469
3764
3958
3738
3534
3648
3909
3782
3529
3631
3904
3719
3539
3493
3979
3967
3942
3930
3925
3908
3896
3882
3873
3862
3857
3846
3838
3831
3817
3806
3796
3783
3780
3773
3771
3750
3743
3726
3725
3723
3715
3698
3686
3675
3659
3657
3650
3632
3625
3621
3615
3603
3595
3587
3578
3575
3544
3520
3507
3499
3479
3474
3472
3460
3456
3443
862
3881
3810
3555
3459
3818
3617
3601
3803
3515
3511
3705
3821
3622
3604
3583
3564
3866
3524
3468
3972
3956
3937
3829
3668
3464
3947
3792
3643
3758
3591
3951
3895
3822
3646
3620
3593
3458
3906
3903
3711
3584
3486
3437
3784
3718
3558
3463
3945
3568
3870
3706
3569
3969
3931
3869
3833
3690
3645
3466
3924
3826
3506
3976
3794
3793
3786
3714
3680
3509
3900
328
273
218
2930
3131
2902
3372
3180
2799
3105
35
99
296
102
23
162
44
41
20
163
237
326
173
84
183
303
54
320
111
2
144
214
149
229
161
247
134
187
231
265
60
165
300
1
302
46
38
139
342
290
221
291
283
236
72
232
117
185
178
156
196
94
80
217
330
106
295
325
103
82
212
133
248
200
194
170
308
128
122
87
30
341
331
65
55
158
329
159
151
17
172
59
29
130
116
115
19
14
40
334
324
315
142
132
120
50
297
252
238
254
345
211
123
62
257
75
213
148
96
313
186
13
121
299
293
177
284
31
7
281
197
339
188
285
239
199
25
280
272
69
39
242
204
150
126
53
274
332
48
344
169
104
98
79
26
21
3
92
323
322
304
203
141
109
66
9
184
108
118
347
346
343
340
316
277
271
268
267
266
261
260
258
249
224
223
222
209
207
206
190
180
174
168
135
127
119
113
105
100
90
88
85
77
73
67
57
56
32
27
16
15
6
0
251
81
191
311
63
176
22
146
208
338
262
255
240
70
52
10
216
226
314
319
230
182
18
45
235
4004
594
4020
4014
3992
4026
3988
4021
3995
3981
4029
4001
4000
3998
3994
4034
4018
4023
3982
4002
4037
4009
4027
3996
4033
4013
4019
3986
4005
3999
667
4011
4006
4015
4007
4035
4032
4036
796
845
700
836
822
799
738
802
714
804
848
756
710
709
843
777
815
812
755
817
831
780
706
690
726
840
737
722
696
693
688
869
832
818
794
762
751
711
809
814
772
731
829
807
758
750
740
718
752
795
715
806
782
691
724
701
694
853
846
805
824
793
783
748
739
703
687
784
695
819
811
878
838
837
835
828
779
808
720
764
759
773
754
745
719
697
851
834
810
769
686
827
820
781
705
770
763
847
844
842
833
830
721
849
797
760
753
856
729
792
787
880
823
800
774
765
730
713
708
882
876
863
803
747
698
850
854
821
890
735
766
877
841
858
790
768
889
886
888
775
707
816
757
717
893
813
861
746
743
894
879
891
865
870
860
3946
3530
3581
3844
3716
3660
3936
3799
3445
3754
3827
3535
3770
3623
3566
3582
3763
3647
3513
3439
3567
3538
3891
3965
3752
3915
3954
3616
3700
3661
3876
3868
3778
3768
3748
3641
3639
3614
3598
3589
3585
3556
3864
3654
3762
3889
3949
289
2769
3063
3312
3333
3281
3130
2851
3092
3143
2710
3099
3914
3270
2685
3189
3156
3401
2746
3388
2820
3311
2982
2745
3139
2888
2961
2963
2807
2789
3317
2968
2878
3368
2933
2809
2834
2703
3318
3286
2805
3329
3066
3208
3050
2699
2670
3301
3390
3042
3399
3294
3010
3193
3377
2981
2866
3135
2766
2741
2683
2978
2706
3237
2908
2686
3410
3096
2993
3348
2911
3250
3098
3047
2987
2850
3080
3228
2896
3315
2891
2761
2967
2698
3158
2663
3426
3095
3064
3000
2887
2666
3234
2943
3328
3404
3358
2667
2803
3634
2883
2921
3421
3058
2942
2696
3380
3075
3394
2928
2821
603
657
2990
2830
2707
2697
3194
3015
2868
2955
3016
3292
2723
3305
3159
3405
3308
3371
3323
2995
3393
3246
3103
3187
3094
2893
2736
2747
2770
435
3239
2675
3395
3337
2843
2825
3402
2801
3364
3229
2726
2931
2873
3199
2715
3149
2694
3319
2871
3343
3217
3117
2962
2713
2711
3215
2889
3123
2977
2749
3184
2974
2984
3307
3110
3048
3304
3142
2985
2827
2676
2664
3090
2945
3235
3137
3025
2994
2806
2743
2731
2948
2910
2717
3303
3084
2986
2782
3231
2837
2738
3020
3012
2983
3385
2831
3036
3026
2794
3382
3325
3008
3417
3362
3293
3029
3022
2912
2773
3028
3422
3072
3171
2867
2815
2689
3433
3056
2874
3309
3119
3004
2966
2940
2915
2906
2880
2750
3387
3104
2929
2924
2913
2839
2786
2679
3349
2784
3424
2946
2836
3170
2700
3087
3400
3232
3085
3073
3040
2927
2897
2810
2755
2681
2975
2881
3389
2744
3284
3226
3166
3129
3108
2969
2960
2944
2919
2872
2854
2852
2777
2757
2756
2669
3418
3259
3420
3255
3167
2999
2918
2690
3369
3195
3078
3033
2925
2916
2905
2835
3363
3324
3052
3023
2909
2890
2877
2763
3116
3157
2932
3391
3247
3097
3007
2787
3357
3120
2853
2719
3373
3224
2720
2684
3367
3276
3005
2976
2844
2796
3406
2819
3179
3256
3211
3138
2795
2709
3890
3494
3681
3360
3316
2674
2693
2772
3150
3145
3089
2973
2742
3240
3107
3258
3432
3320
2846
2778
3032
2812
2748
2665
3299
2759
3209
3013
3241
3356
3210
3069
2692
3274
3350
3411
3306
3267
3009
2914
2716
3212
3169
3146
3038
2991
2939
2833
2785
3262
2954
2729
3034
2938
2822
670
612
682
2668
3176
3341
2840
2728
3346
2662
3225
3133
3273
3148
2811
3386
3355
3288
3277
3188
3132
3070
2936
2901
2758
2737
3419
3381
3027
2863
3287
3106
2869
3334
3207
3062
2951
3374
3168
3379
3223
3068
3397
3124
3049
3035
2989
2950
2793
2781
2979
2688
3081
3403
3264
3253
3434
3204
2672
3327
3261
2832
3297
3252
2765
3340
3057
380
467
424
3365
3330
3219
3198
3203
2865
3435
3431
3416
3414
3392
3384
3383
3378
3370
3353
3347
3344
3342
3339
3332
3321
3313
3302
3298
3291
3289
3285
3280
3268
3260
3257
3249
3243
3238
3236
3227
3221
3220
3214
3213
3206
3202
3191
3190
3183
3178
3174
3163
3153
3144
3115
3114
3102
3093
3088
3086
3065
3060
3059
3054
3044
3030
3021
3014
2997
2996
2988
2970
2959
2956
2953
2949
2937
2935
2934
2920
2917
2907
2879
2864
2862
2856
2855
2841
2824
2823
2818
2817
2816
2808
2800
2791
2790
2788
2775
2771
2762
2754
2751
2735
2734
2730
2722
2718
2712
2705
2702
2680
2673
3172
3152
3112
3111
3101
3082
3076
3051
3017
2894
2828
2783
2661
3296
2780
2725
1328
3887
3653
1050
3201
2903
2838
3242
3351
3160
3067
2992
2797
2733
2760
3100
3345
3140
3109
3041
2687
3412
3366
2682
3396
3272
2904
2849
2708
3279
3118
2941
2859
1177
1103
427
1354
407
365
595
619
640
681
661
615
650
680
590
685
588
575
664
659
600
643
666
678
486
531
560
536
450
1264
671
3177
3077
3002
2870
2829
3415
3359
3244
3024
2892
2739
3331
3186
3154
3113
2845
2779
2753
3162
2964
2947
2724
1441
1853
644
440
535
426
539
3361
3335
2764
3398
3254
3196
3182
2958
3265
3222
1464
1089
1635
1650
1739
609
1005
405
569
451
505
410
382
558
572
417
502
369
549
452
548
359
620
551
509
457
676
470
1676
3136
2971
2848
2768
1684
3185
2923
639
1494
1174
1315
1144
1493
1779
1642
1829
3003
58
1438
1392
1531
1567
1031
1372
2826
1787
1326
1134
3245
3205
3079
2678
1701
1666
1333
1319
3046
3018
2875
3263
991
1850
1903
989
1190
1550
1601
1408
1706
1020
1215
1841
1790
1503
1032
1314
1118
1451
1309
473
646
425
385
1490
1660
361
546
545
455
403
362
413
370
355
556
402
683
537
482
597
589
653
662
632
628
578
1625
630
623
598
658
635
583
582
617
633
622
611
579
654
592
573
675
665
577
587
618
574
634
541
534
528
516
510
421
350
449
544
465
445
462
392
561
487
519
418
547
489
474
446
388
523
387
360
521
416
1418
1578
1545
669
629
614
1696
1710
3295
3233
3019
3001
1266
1178
994
971
933
1565
1526
1114
1801
1400
651
420
591
515
645
553
495
479
461
415
430
559
511
506
488
471
422
374
512
494
404
1631
976
408
391
373
1115
1410
1704
1515
1859
1381
1350
1015
1764
1231
1229
1479
1894
1878
1682
1645
1508
1357
1142
604
525
503
3278
3011
1792
1534
1852
1606
1012
948
335
155
1062
1636
988
902
1241
1141
1120
1432
1725
985
1884
1857
1298
1257
940
1815
964
965
566
428
1634
1260
1785
1749
1767
1188
1672
1310
1366
1311
1876
1299
570
514
513
504
477
469
439
432
557
555
543
532
527
518
508
507
496
491
442
412
411
396
395
381
378
371
354
1803
1702
1136
1033
1911
909
1001
1427
1397
905
998
1661
1286
1342
1162
1284
1473
1338
1794
1489
1459
1415
1316
1282
1081
1036
1870
1349
915
2813
2677
1828
1099
969
1306
1225
1169
1716
1281
1104
1009
896
596
1588
1872
1576
1423
1100
1067
1019
1433
1873
1596
1413
1044
1740
1468
1363
1655
1628
1426
1129
1698
1687
1023
1045
1611
1733
1232
1097
1847
1085
970
1499
958
1822
1802
938
1855
1674
1519
1814
1743
939
171
1575
1356
1778
1773
1695
1837
1591
1462
1404
957
941
1638
1582
1481
1469
1223
987
1679
376
1728
1587
1583
1158
1818
1866
1899
1448
1279
1082
1385
1221
1095
1703
1098
1742
954
1910
1738
917
1694
1332
1080
930
1656
1892
1784
1378
1216
1197
1421
1324
1166
1018
1478
931
1525
1844
1667
1640
1505
1880
901
3248
1726
1678
1649
1502
1273
1261
1249
944
1862
1573
1475
1347
1292
1204
981
1798
1629
1574
1234
923
1308
1304
1042
1893
1871
1848
1812
1495
1454
1148
1014
1786
1732
1303
1277
900
1247
1360
1187
1895
1452
1824
1406
1396
1382
1108
1102
1882
1744
1318
1179
542
438
423
1677
1616
1543
1512
1313
524
500
497
463
460
436
431
394
353
352
684
677
672
655
647
641
636
627
626
625
605
599
586
563
480
434
400
34
1671
1514
1113
565
538
492
481
475
444
409
368
367
1155
1143
637
972
1116
1196
1900
968
526
1405
1564
1434
1419
1700
1658
1614
1595
1729
1699
1463
1692
1506
1422
1374
1320
1300
1122
936
580
567
520
493
456
419
398
375
366
1173
1897
1492
1021
1885
1063
1393
1068
1537
1825
1407
1289
1830
1605
1436
1429
1235
1192
1060
1022
483
1340
1632
1572
1540
1741
1646
906
1517
1069
1091
1753
1450
1305
1881
1518
1344
913
1811
1293
1195
1805
1369
1754
1458
1487
1084
1444
1227
1167
924
1875
1425
1127
1090
974
1691
1213
1549
1259
1070
1507
1709
1686
1536
1482
1541
1355
1275
1106
1051
1869
1727
1633
1504
1244
1236
1183
1159
1139
1041
1011
1226
1770
1624
1052
949
397
348
1395
1317
1865
983
1670
1370
1198
1182
1808
1886
1561
1511
1445
1307
1274
1626
1384
1337
1542
1110
1056
932
1752
1199
1054
1237
960
1846
1460
1724
952
1771
1734
1524
1907
1906
1904
1901
1887
1843
1831
1821
1820
1807
1796
1788
1783
1781
1766
1763
1758
1756
1751
1748
1737
1720
1719
1715
1711
1708
1705
1680
1673
1657
1653
1648
1647
1615
1593
1569
1568
1566
1555
1548
1544
1533
1529
1510
1497
1477
1476
1453
1446
1442
1412
1411
1402
1379
1373
1371
1368
1358
1345
1343
1339
1325
1322
1296
1294
1268
1263
1258
1251
1245
1217
1212
1210
1189
1186
1171
1165
1152
1150
1140
1137
1131
1088
1066
1064
1061
1037
1027
1025
1010
1008
996
992
990
984
977
975
963
962
961
956
943
942
919
914
908
903
898
606
601
517
414
363
1933
2515
2490
2041
2255
2156
2227
1864
1832
1810
1538
1439
1401
1219
1074
1004
1665
1483
1449
1409
1256
1040
1039
1024
1867
1774
1639
1471
1420
1278
1222
1191
1028
966
907
1842
1643
1600
1535
1359
1329
1556
1285
1879
1851
1723
1365
1336
1250
1214
1135
1128
1101
