107
773
3980
3972
177
1194
4007
50
351
3531
3401
863
453
454
786
476
8
167
3746
681
289
2691
3987
895
358
1690
3669
2358
1386
3083
1956
3453
918
4001
379
1362
1045
52
571
1016
64
3180
2437
1111
894
1058
4019
839
157
882
1252
349
3490
3863
3662
4
2838
316
262
237
164
117
60
1854
44
1353
1196
68
2740
3872
159
3122
27
2152
307
3487
2595
3691
1022
259
505
533
51
3990
2382
1711
552
4020
18
1627
1996
3723
841
3808
183
893
3975
3216
3503
190
3368
3681
406
3407
3143
383
987
3853
3904
3806
3031
1755
843
3665
147
714
885
2470
247
2980
2441
480
2269
700
3965
3282
37
1834
3739
757
3941
2375
70
2998
3044
2621
608
1103
3603
1027
2528
3857
3695
2457
3801
587
3641
2855
3699
356
3175
3983
1477
3467
377
3909
3537
2281
996
3696
874
1002
4031
263
3925
1154
3600
1326
2771
2799
1134
152
195
3536
1253
155
2902
479
3359
979
955
1254
3663
1466
3700
881
2572
879
3037
599
613
1297
2650
3306
2217
114
2788
382
3055
3428
3916
3939
2834
4002
3410
3125
722
3398
2357
2051
364
3846
399
875
443
729
876
3376
748
2857
3814
802
755
163
732
3932
1865
3290
149
281
883
3227
176
4035
260
85
212
59
69
335
301
253
217
181
150
2721
593
17
146
221
84
76
2565
3300
11
4014
2195
91
33
1602
812
3854
2798
2219
1974
3727
2581
671
3133
2808
550
1057
467
1151
3673
3732
892
189
1546
4006
3922
2070
1233
407
1293
2971
1581
2079
809
3311
877
2545
1263
1510
1969
3262
864
3023
42
2922
3157
54
386
3946
1802
1781
228
3720
3688
3375
3305
663
1855
2688
3423
3598
1930
2175
2949
193
581
3865
468
2193
970
347
907
852
282
985
3666
255
2739
1178
2709
234
233
1594
202
151
1093
2008
106
2845
3864
2878
3418
2019
3425
3880
3871
3058
1476
3717
2301
3978
859
1422
4032
1262
1395
998
2493
2814
3389
2790
2114
3908
311
816
442
1193
448
1560
2860
854
1521
321
2105
3112
3676
2080
1889
3230
2505
2265
4015
1157
1073
477
2965
1713
1143
4003
2016
3121
3050
598
270
1342
2884
532
1176
401
2961
441
2963
1411
4016
2824
3704
381
3984
1088
850
1836
3798
3875
911
2158
1387
1856
602
2596
2569
3744
669
2975
769
3370
3408
974
197
286
3923
2805
2882
3153
110
3091
1089
807
2809
112
3772
1700
293
1244
3575
384
3816
1977
3935
225
976
327
2837
796
3218
3996
2483
235
207
3766
3006
2263
1558
667
501
3942
776
585
244
2795
125
2515
1105
3325
657
891
3333
518
547
2245
160
741
624
58
43
869
3544
1200
3952
3088
3792
3269
4008
3494
3610
3784
1094
3777
3459
3763
3977
3597
3523
154
656
3048
3718
3602
3509
3855
3915
4017
3859
3811
2424
3524
3608
3661
3899
1133
2541
489
3850
459
3781
3724
3716
904
3570
3560
3254
1274
668
4010
3796
3944
3548
3697
3999
3468
3888
961
4025
572
3390
3614
3825
3897
1961
3211
3936
3314
3751
426
1607
2321
2017
4037
3985
47
206
126
36
818
789
886
753
564
3626
3042
2439
3181
1071
3606
3441
2893
3849
3742
3861
4021
3997
4018
4009
4023
3991
1208
1641
920
1792
1860
1564
1283
3776
3960
3933
3901
3655
3791
3809
3587
3783
3920
586
634
3883
3649
3639
3898
3613
3594
3481
3479
3581
2558
3874
795
3270
872
887
873
725
707
702
689
6
3652
3063
3141
3105
3774
3957
3504
3961
3551
1890
4030
4038
433
350
99
83
23
3530
2861
3200
3053
2776
3354
227
20
3003
328
275
78
218
306
3566
3624
3585
3679
3894
3682
3771
508
478
806
791
1077
866
1368
2421
2041
2204
2034
3131
2732
3372
2930
956
1499
1138
1403
1788
1043
1197
2634
2481
2886
3813
3911
871
870
650
640
578
595
643
628
600
675
635
627
582
647
577
632
670
615
583
662
661
659
658
665
576
243
201
733
393
411
498
878
861
888
3427
3402
2926
3949
3446
3549
198
549
330
249
299
73
14
162
41
45
48
2704
346
194
320
214
144
116
303
38
57
1
22
345
88
312
266
254
24
273
324
171
326
242
180
135
115
19
264
226
204
96
168
178
113
129
250
7
187
108
130
53
298
13
258
308
170
128
295
142
276
329
231
148
103
77
10
265
186
341
334
65
236
172
133
338
336
305
302
288
215
205
166
153
140
137
127
123
101
95
92
89
2
277
238
104
75
274
62
31
208
109
200
30
342
156
339
322
132
5
251
248
213
26
9
252
239
232
3
315
280
98
66
223
55
39
332
331
325
304
161
134
318
313
297
141
119
118
40
0
344
290
56
323
291
285
224
199
188
158
122
94
79
72
67
21
272
261
203
271
257
185
25
222
211
169
82
174
333
230
343
139
28
111
284
310
32
268
294
63
314
165
340
87
29
16
100
278
241
196
191
184
138
121
71
34
15
80
105
1492
1046
1586
143
296
283
246
131
175
309
269
102
319
300
219
209
74
46
220
229
173
337
287
86
192
267
179
97
90
81
35
3844
3955
3675
3848
3786
3460
3680
3719
3799
3534
3507
3870
3561
3834
3893
3905
3827
3728
3508
3822
3620
3895
3782
3463
3623
3770
3486
3646
3738
3761
3554
3918
3513
3511
3754
3821
3768
3506
3947
3945
3866
3568
3612
3903
3833
3631
3569
3498
3477
3778
3924
3636
3907
3615
3657
3445
3740
3484
3571
3476
3891
3642
3634
3443
3622
3976
3826
3643
3558
3469
3466
3931
3906
3714
3474
3464
3951
3572
3958
3764
3836
3937
3529
3510
3647
3815
3439
3900
3706
3617
3532
3499
3829
3803
3584
3515
3482
3758
3969
3810
3793
3690
3711
3593
3862
3835
3755
3847
3660
3762
3753
3705
3892
3868
3595
3912
3725
3538
3743
3629
3607
3520
3442
3817
3730
3712
3929
3940
3701
3465
3785
3919
3562
3450
3658
3576
3930
3599
3973
3956
3927
3896
3882
3881
3869
3867
3823
3794
3779
3767
3759
3757
3752
3715
3708
3648
3638
3616
3591
3579
3564
3563
3555
3553
3543
3541
3535
3525
3519
3493
3483
3478
3461
3458
3455
3447
3609
3497
3934
3670
3654
3790
3703
3640
3741
3480
3775
3750
3475
3528
3707
3574
3802
3713
3710
3860
3514
3886
3917
3819
3760
3567
3473
3698
3556
3550
3505
3472
3533
3517
3522
3926
3686
3542
3488
3780
3621
3452
3692
3456
3496
3948
3845
3491
3438
3979
3651
3970
3966
3800
3736
3656
3605
3858
3797
3756
3604
3635
3968
3495
3831
3769
3573
3559
3437
3943
3877
3672
3527
3518
3485
3462
3884
3804
3557
3938
3828
3633
3547
3971
3913
3852
3851
3824
3731
3722
3611
3577
3471
3628
3521
3501
3950
3596
3540
3902
3873
3677
3734
3492
3448
3674
3830
3721
3702
3618
3526
3838
3687
3578
3545
3962
3841
3667
3839
3788
3693
3684
3737
3625
3586
3449
3805
3914
3843
3726
3664
3588
3967
3601
3840
3668
3735
3818
3619
3964
3539
3671
3921
3685
3773
3678
3644
3470
862
3885
3878
3876
3856
3747
3694
3630
3592
3589
3546
3500
3489
3454
3451
3928
3837
3516
3502
3440
3889
3565
3832
3683
3645
3512
3842
3795
3890
3590
3689
3765
3787
3632
1085
3820
3733
3729
3637
3552
857
3659
1866
3812
3627
3653
3887
3444
3582
3583
3457
3963
868
3879
3580
3745
3953
3910
3807
3709
3954
3789
3749
865
1189
3748
1847
4028
4013
3989
3982
4005
3998
4000
3986
4036
3992
3994
3981
3995
4033
4012
594
4026
4029
4027
4004
4034
4022
3988
3993
4024
4011
782
768
889
804
783
710
723
770
716
690
822
742
751
698
701
817
810
845
737
794
731
853
727
711
688
808
763
836
718
856
762
746
736
721
831
788
758
712
844
828
744
704
715
849
820
695
784
761
747
705
829
709
752
781
760
730
724
827
778
830
821
847
842
814
745
738
706
694
835
774
720
797
787
793
759
764
815
719
713
686
890
848
834
824
800
777
766
708
696
687
819
754
838
805
765
739
728
703
823
779
726
697
840
792
780
803
867
858
833
691
825
811
772
771
880
735
832
801
743
740
756
734
798
750
813
799
693
837
851
855
717
699
826
785
860
846
767
790
884
775
749
692
3650
3974
317
2879
2769
2789
2703
2670
3130
2851
2699
2766
3430
3059
2934
61
240
2686
3340
2923
2981
2899
2888
3139
2948
3234
3092
2726
3008
2982
2821
2978
2807
1905
2697
2260
2207
1915
279
256
2812
3144
2702
3259
3189
3328
3009
3337
3089
3156
3365
3415
2921
2787
2816
2968
2856
2846
3028
3135
3286
3380
3266
3394
3388
2759
3173
3010
3109
3123
3025
2931
3315
3292
3400
3392
2710
3080
3114
3435
3364
3077
2676
3399
3066
3276
3256
2687
3294
3349
2696
2708
3073
2794
3117
2745
2890
2698
2854
2850
2896
2738
2664
3384
2924
2756
2741
3047
2910
3193
2673
2757
2706
3052
3104
3238
3184
2967
3033
3022
2993
2985
2897
2988
2746
2876
3212
2723
3352
3249
2942
2791
2907
3015
3348
3174
3040
3142
2872
3304
2681
3129
2862
2835
3004
2750
2717
2945
2705
3433
3119
2977
2773
2663
3257
3036
2729
2747
2962
2700
2677
3296
684
1950
2337
2100
2012
2107
2089
1992
2401
2587
2035
2455
2645
2225
2000
2346
2050
2435
2660
1951
2647
2658
2378
2297
1921
3404
2875
2785
3225
3298
2811
2733
3120
2751
3208
2869
3381
3329
2772
3197
2950
2859
2735
3209
3358
2796
3369
3335
3299
3021
2849
2765
3115
3421
2828
3393
3190
2898
3172
2958
2752
2997
357
597
3176
3018
3170
3079
3178
3236
3221
3067
2871
3264
3013
3182
3169
3110
3041
3046
2848
2825
3395
3346
3214
3087
2918
3150
3132
3289
3124
3020
2957
3379
3103
2780
2675
3265
3146
3016
2983
3363
3293
2761
2679
3093
2712
3219
3081
3061
3426
3324
3419
3277
3049
2991
3422
3355
2901
3260
3039
3005
2768
3111
3097
2782
3391
3188
2970
2939
2770
2661
2870
2956
2943
3029
2929
2908
2887
2763
3302
3000
2909
2800
2695
2911
3078
3054
2917
3027
2674
3320
3107
3339
3163
2994
1726
3231
3095
3090
3026
2915
2873
2731
3085
2966
2713
3232
3149
2927
2913
2815
2777
2749
3155
2914
2946
2916
2694
2793
3312
3043
2784
2987
2806
2666
3396
2701
2728
3417
3301
3098
3084
2953
2880
2867
2864
2827
2754
3228
2969
2928
2919
2906
2866
2839
2755
2689
3154
3237
2905
2877
2680
3275
2858
3226
3017
2836
2831
3158
2920
3138
2668
3261
3116
2976
2973
2665
3342
3215
3140
2989
2818
2974
3383
2996
2881
2844
3280
3258
3387
3274
3064
3056
2986
2960
2940
2912
2874
2786
2683
2711
2883
1822
3373
2964
3356
3295
3069
3060
2797
2778
3371
3244
2803
3420
3207
2730
3035
536
584
623
654
648
625
619
588
680
450
2570
2373
2166
1914
2014
1976
2640
2633
2494
2412
2548
2450
2422
2119
2277
2632
2562
1965
2004
2585
2001
2644
2402
2227
2044
2129
2303
2393
2503
1958
2474
2255
2076
2011
2397
2120
2497
2082
2403
2287
2238
2256
2156
2316
2639
2027
1991
1931
2160
1935
2627
2486
2583
1995
1957
1927
2476
2657
2636
2365
1999
2009
1928
2192
2097
2061
1998
2538
2202
2022
900
3285
3171
3162
3319
3406
3397
3350
3267
3240
2868
2853
2719
3403
3332
3272
3239
3204
3102
2863
2833
2734
2715
3351
3076
3070
2992
3434
3411
3321
3252
3185
3075
2742
3385
3378
3330
3199
3113
3094
3082
3344
3191
3038
2936
3326
3248
2894
2781
2736
3012
362
551
516
369
589
519
466
568
3233
2947
2990
3386
2823
3307
3255
2955
2865
2843
3316
3360
3224
3152
3101
2937
2904
2783
3203
3177
3160
3002
2932
3253
3196
3136
3431
3416
3413
3377
3362
3357
3345
3343
3341
3334
3323
3313
3308
3303
3297
3291
3288
3287
3284
3281
3279
3250
3247
3246
3243
3220
3217
3213
3202
3195
3192
3186
3166
3164
3148
3137
3108
3106
3096
3072
3068
3065
3051
3034
3030
3014
3011
3007
2995
2944
2925
2900
2891
2889
2852
2847
2841
2840
2832
2819
2817
2810
2802
2760
2753
2748
2744
2743
2690
2672
2669
2667
1666
3062
3001
2830
2829
2684
3366
3223
3100
3086
2892
1749
3179
413
462
655
618
685
682
677
622
621
617
612
664
678
636
540
396
652
451
415
445
463
2236
2580
2577
2488
1960
2147
2262
2234
2478
2021
2383
2278
2270
2659
2620
2284
2024
1973
1919
2656
2618
2371
2449
2216
2613
2499
2056
1979
2311
2551
2561
2306
1966
2446
2257
2552
2477
2109
1985
2625
2342
2322
2116
1968
2462
2276
2036
2361
2540
2341
2534
2248
1990
2356
1997
2118
2064
2584
2536
2454
2354
2045
2622
2513
2443
2452
2366
2182
2252
2272
2612
2291
2146
2514
2335
2023
2605
2142
2432
2578
2299
2258
2244
2654
2631
2404
2381
2290
2323
2164
2154
2593
2391
2083
1943
1929
2646
2563
2521
2392
2334
2288
1953
1938
2482
2139
2122
2500
2352
1989
2591
2576
2553
2495
2429
2395
2331
2266
2112
2104
1971
2638
2624
2489
2410
2339
2213
2005
2532
2210
1984
2604
2586
2492
2469
2407
2374
2359
2261
2136
2077
2058
2526
2520
2464
2430
2369
2324
2188
2123
2108
2095
2073
2055
2033
2630
2623
2606
2484
2307
2300
2237
2218
2201
2184
2165
2150
2124
2121
2078
2060
2020
2362
2031
2096
2162
2091
1975
1933
2641
2626
2539
2535
2527
2523
2522
2504
2485
2467
2466
2459
2448
2442
2440
2411
2405
2386
2363
2360
2320
2314
2275
2197
2171
2170
2159
2130
2115
2113
2086
2084
2069
2067
2066
2048
2040
2025
2006
1988
1980
1972
1949
1942
2312
2296
2496
2057
2018
2099
2447
2364
2157
510
472
531
474
470
405
1430
601
488
446
1167
3245
3057
2822
1251
1061
1825
1650
1042
1296
2951
2764
2716
3347
3206
3198
3145
2720
3327
3310
2933
1764
3959
639
1363
903
1349
1840
1141
1815
1747
1493
1758
