107
853
3980
3919
310
3664
3682
306
4026
102
3595
3548
3451
42
3655
3251
110
3787
3669
289
3988
872
44
2808
174
3989
2952
1087
229
393
3811
744
3659
2439
3660
550
552
1395
3899
3854
3055
4002
3570
4008
215
2842
3216
3984
1202
1562
3882
4012
3678
1776
1295
467
3834
1031
3126
468
782
3894
522
241
3436
4015
77
47
207
301
234
95
64
206
918
37
2453
32
3338
3990
1394
889
2691
859
293
875
2634
809
2457
750
881
1430
530
839
2015
608
2535
1050
699
585
3300
4036
93
3122
43
3290
2595
939
3949
372
12
3539
1627
267
3792
3504
3806
3779
583
294
3863
749
145
1168
1922
3143
120
2168
3856
3861
3744
1145
3453
377
2541
1788
581
721
1581
1043
895
256
2811
3133
3727
3246
1038
472
877
3588
3431
2360
704
1276
2935
2779
740
1443
2382
3161
381
2252
349
533
3125
335
433
4022
2545
336
2805
961
2456
3717
576
882
673
3530
2885
2481
1961
866
863
4016
2255
6
2812
3447
743
3336
3987
498
3946
812
1499
1071
1326
3141
3981
4030
3074
1869
464
350
3775
2621
2217
3490
157
3580
775
3441
399
929
198
2744
274
96
883
4013
3991
3121
3138
558
3813
3769
3923
164
1264
2515
818
3587
2975
1208
2113
4001
2437
2321
2178
788
33
551
23
3978
529
100
58
260
791
75
65
290
1838
167
137
217
208
60
269
257
287
243
156
945
10
250
202
27
3897
3743
642
2876
3746
1777
3389
263
296
3279
871
1434
3765
825
4019
3230
964
3650
4017
2899
4000
690
2671
2162
411
3875
2898
1586
631
1905
1150
2335
3520
3689
184
2023
888
540
45
3271
2834
795
154
292
3059
725
218
3961
1664
3112
2663
4006
768
1234
153
2917
3898
3425
2163
3942
3477
1194
3732
2997
2677
509
2788
386
2017
1969
1585
447
1834
1908
3939
1915
3996
569
2685
3905
2845
341
147
2527
3420
300
3733
1353
230
1333
3343
2882
3963
311
3147
998
1631
1224
3401
2051
667
691
3285
1697
286
1119
1900
3613
262
1445
2704
1558
1792
3820
3357
3781
3164
893
2291
2767
2822
1490
2982
410
1203
2380
2013
1693
2651
920
70
890
1417
629
74
1030
3209
1013
763
1233
1266
2714
97
1477
1967
1241
429
919
1147
125
1769
3916
3686
2442
798
3853
1988
648
593
1311
679
624
78
3954
1711
700
328
219
1300
3814
892
1034
735
1560
2016
3429
2230
3983
2972
1455
3524
3671
3491
3934
3574
3619
3648
3493
3810
3740
3691
3594
3560
3973
3879
3928
3503
3827
3509
3601
3761
3871
3159
3849
3459
1708
868
1977
3697
3050
571
2735
613
3778
3844
3976
3767
3818
3805
1008
91
3699
2503
3615
880
3562
155
2884
3789
3638
3494
3579
2760
2214
1270
2790
3227
2922
1065
674
2824
2281
607
3404
3959
2248
668
3865
1498
3751
2580
832
899
1592
914
3376
649
2861
1297
2895
3308
3729
466
2923
3725
3375
3254
639
2725
1759
2792
1599
316
3044
3189
1579
753
733
660
3796
2727
2455
1936
2358
692
2596
2702
3654
3569
3599
3786
2466
3950
1564
1240
2889
2265
3639
904
2565
3103
3402
3649
273
2166
3887
356
2726
884
879
278
227
177
131
99
2791
3657
337
83
51
84
3920
3791
707
714
766
771
806
3700
2709
4038
4027
190
501
441
3585
2548
2528
2431
2817
3127
4014
3994
3982
3997
437
3322
1956
171
3487
659
369
3012
2105
1933
3186
3771
2700
1546
1889
848
1368
955
3153
665
615
650
627
599
681
595
675
658
635
643
670
662
582
578
661
647
640
628
577
632
3979
3454
3547
3620
1027
568
3531
3549
3922
3606
3566
3536
3662
3105
2799
3354
2807
2710
2487
2245
789
858
729
4007
2036
178
38
117
2948
49
746
3083
3066
2886
3155
453
572
910
1657
1403
1057
1016
1138
1268
1058
1077
2776
3998
4018
4003
3544
3780
3546
364
454
166
564
476
996
3045
4011
873
887
3864
3911
3502
3632
8
2930
3180
2902
3181
3372
3131
3500
3964
3478
3696
3783
3933
3476
3809
3967
3747
3766
3508
3607
3641
323
87
338
204
57
308
30
123
277
186
297
344
101
5
132
133
268
332
221
128
55
26
85
203
342
13
213
254
315
92
317
302
266
24
22
347
258
245
201
224
103
31
180
94
270
309
185
142
318
150
146
165
40
248
223
212
170
59
25
67
9
231
106
299
242
169
72
232
141
82
16
303
271
56
126
1
345
280
261
188
62
249
194
80
53
168
158
113
7
298
288
276
259
228
200
192
189
187
148
121
76
36
285
238
119
334
324
161
252
134
29
54
330
73
265
239
199
172
109
236
88
251
122
108
346
291
105
0
331
313
304
118
48
325
322
284
272
104
98
329
320
139
21
197
159
3908
3917
3628
3912
3874
3541
3739
3868
3538
3567
68
143
86
4034
4023
4021
4009
3992
4020
3995
191
144
127
196
115
326
222
340
140
20
66
211
314
163
50
246
3
39
312
41
343
205
295
176
275
281
69
162
17
2
175
235
129
209
195
135
116
79
339
152
4
181
3624
3446
3812
3901
3537
3583
3840
3941
3895
3960
3776
3507
3724
3612
3857
3873
3597
3592
3661
3719
3515
3483
3715
3721
3889
3522
3944
3623
3915
3511
3736
3685
3526
3663
3839
3464
3473
3618
3785
3642
3674
3692
3762
3625
3962
3442
3815
862
3737
3658
3533
3893
3738
3958
3866
3443
3784
3645
3593
3752
3726
3878
3793
3754
3896
3902
3600
3495
3930
3886
3449
3904
3631
3968
3687
3559
3966
3852
3797
3711
3782
3972
3881
3821
3668
3884
3842
3828
3609
3501
3553
3505
3710
3921
3492
3703
3677
3630
3529
3956
3554
3883
3925
3527
3448
3971
3926
3712
3604
3640
3605
3450
3750
3734
3635
3557
3462
3456
3452
3858
3756
3577
3672
3472
3948
3943
3841
3831
3741
3667
3563
3835
3728
3636
3907
3556
3550
3800
3760
3517
3438
3486
3825
3510
3914
3855
3558
3506
3924
3909
3826
3947
3764
3484
3829
3617
3969
3463
3458
3731
3819
3867
3953
3860
3768
3440
3578
3929
3830
3753
3584
3938
3877
3542
3528
3684
3480
3870
3485
3468
3466
3633
3932
3698
3735
3666
3496
3545
3888
3945
3634
3656
3651
3707
3611
3514
3845
3838
3790
3730
3596
3576
3573
3598
3851
3540
3713
3590
3521
3586
3439
3931
3794
3758
3718
3850
3608
3498
3701
3822
3706
3572
3900
3568
3534
3499
3951
3913
3910
3862
3847
3846
3824
3823
3804
3795
3788
3777
3773
3763
3702
3693
3690
3681
3680
3665
3647
3646
3644
3629
3627
3610
3602
3591
3582
3525
3518
3513
3512
3488
3482
3471
3470
3455
3444
857
3837
3653
3906
3722
3965
3890
3869
3714
3564
3555
3437
3918
3705
3571
3803
3519
3561
3757
3759
3465
3957
3836
3774
3708
3445
3892
3688
3891
3720
3621
3880
3975
3940
3772
3683
3970
3543
3475
3952
3497
3859
3675
3474
3552
3679
3723
3551
3799
3876
3843
3974
3802
3673
3460
3469
3927
3535
3833
3937
3903
3643
28
14
71
214
220
149
327
63
307
151
111
247
89
333
305
244
216
210
183
160
114
19
18
226
193
237
321
225
179
2838
138
90
46
130
182
319
124
3695
3481
3523
3516
3479
3581
3694
3626
3755
3637
3872
1274
3670
3603
3817
1085
3614
3936
3565
3652
3489
3622
3770
3532
3616
3457
3832
3716
3676
3955
3742
867
3467
776
885
698
3704
3461
3816
3745
3807
3993
4028
3999
3985
4004
4033
4029
4037
4031
594
4025
4010
4005
4024
3986
4032
702
850
870
732
767
822
833
712
846
758
894
865
800
797
843
856
759
720
687
793
852
831
829
816
722
711
717
727
808
837
772
709
715
807
764
754
844
834
765
836
706
783
774
748
701
728
824
778
780
777
697
826
761
705
787
703
845
723
731
838
817
815
686
762
755
738
847
840
756
696
820
792
810
751
830
805
745
851
779
739
713
835
773
747
741
693
688
842
827
770
726
819
814
794
752
695
694
803
784
724
718
828
823
781
760
719
734
730
716
708
849
804
878
886
811
854
736
790
876
742
689
710
799
786
757
769
813
860
796
821
785
737
874
864
861
841
869
3589
891
802
855
801
3749
3575
3977
3848
2262
2193
2678
1924
2577
1950
2314
1978
2181
2523
2373
2158
2097
2014
2061
2256
3205
3337
2858
3024
2831
2918
2401
2502
2288
2130
2570
2114
2120
2435
1998
2659
2412
1930
2197
2361
2584
2008
2146
1935
2297
2025
2365
2422
2388
2632
2540
2613
2606
1999
2576
2258
1990
2497
2474
2448
2129
1975
2350
2284
1958
1927
2648
2620
1919
1968
1928
2633
2626
2585
2312
1931
2006
1995
3323
3242
3048
2768
3178
3312
3427
3124
2684
2696
3199
2733
2888
3165
3340
3382
3430
3315
3193
3305
3272
3326
2978
3170
2819
2701
2783
3377
3334
2737
2769
3173
2961
3092
2673
3383
2977
2794
3303
2746
2355
2486
2490
1992
2529
2454
2303
2383
2353
2311
2276
2657
2225
1960
2205
2341
2089
2362
2182
2272
2514
2219
2500
2591
2136
2352
2476
2228
2107
2346
2000
1957
2112
2357
2375
2119
2082
2035
2091
2231
2056
2238
2152
2287
2121
2371
2237
2067
2405
2202
2022
2001
2575
2348
2513
2444
2156
1921
1980
2583
2393
2658
2024
2409
2392
2044
2619
2478
2306
2064
2561
2212
2639
2171
1991
2295
2628
2313
1965
2532
2147
1944
2221
2077
2539
2504
1925
2551
2464
2638
2430
2307
2124
2088
1966
2206
2104
1993
2574
2467
2308
2122
2095
2086
1982
2542
2492
2433
2381
2359
2115
2655
2495
2376
2240
2045
2037
2593
2550
2446
2271
2074
1986
2590
2578
2559
2482
2369
2340
2184
2118
2043
2611
2552
2324
2188
2108
1943
2623
2604
2556
2554
2418
2370
2090
2063
1946
1938
2631
2601
2579
2560
2549
2506
2407
2261
2213
2615
2469
2462
2374
2253
2179
2164
2140
2073
2060
2059
1971
2654
2477
2408
2391
2339
2323
2299
2275
2244
1984
1953
2177
2207
2522
2210
2085
2600
2573
2564
2563
2507
2123
2093
2040
2459
2378
2624
2602
2484
2460
2423
2410
2404
2334
2290
2220
2218
2058
2030
1929
2480
2286
2618
2397
2630
2521
2485
2414
2354
2216
2172
2165
2103
2098
2084
1983
2018
2571
2075
1144
1474
3244
2984
2645
2640
2627
2011
2647
2192
2159
2004
1976
1914
2538
2447
2337
2116
1951
2345
2019
1942
622
3148
3107
3068
2818
2803
2747
3367
3281
2708
3260
2675
3388
2991
3212
3171
3225
2848
3005
3424
3421
2690
3210
3208
3100
2828
3275
3381
2941
2787
3157
3013
3095
3151
3160
2870
3162
2947
3415
2892
3393
3032
2668
2957
2894
3369
3167
2843
2816
3172
2965
3146
3408
3265
3249
2871
2865
3330
3049
3202
3040
2806
3400
3130
3111
2962
3370
3405
3253
3018
2830
3304
3238
3010
2908
3414
3052
2967
2697
2958
3319
3039
3316
3191
2936
3434
3252
3035
2872
3123
2756
3158
2734
3292
2951
2840
3255
3016
2878
2759
3128
3355
2869
2753
2959
3286
3097
2689
3033
3137
3174
3135
2981
2731
3065
2763
3435
3250
3149
2850
3237
2738
3163
3426
3257
2911
2741
3352
3277
3109
3041
3396
2780
3374
3328
3302
3069
3346
2739
3051
3294
3139
3239
2825
2751
3280
3224
2970
3313
3262
3017
3093
3261
2996
2742
2833
3359
2682
3168
2844
3058
3215
2703
3085
3025
3243
3213
2789
3000
2897
3234
3228
3226
2946
2706
3348
3324
2912
2864
3287
3192
3276
2832
2841
2874
2800
2743
3056
2676
3399
2943
2907
2755
2681
2852
2782
2750
2695
3362
3042
2953
2867
3363
3064
3047
2993
2717
2985
2887
2988
2815
2909
2896
1162
2452
2413
2622
2443
2426
2320
2546
2379
2530
2479
2396
2390
2351
1932
2526
2449
2429
2234
2092
2266
2400
2026
2249
2637
2175
2270
2222
2525
2432
1973
2652
2096
2305
2208
2440
2366
2186
1981
2425
2296
2049
2610
2318
2155
2278
2029
2566
2416
2406
2038
2062
2003
2646
2553
2520
2489
2428
2356
2326
2300
2201
2150
2139
2020
1997
1989
2394
2544
2377
2653
2512
2243
2144
1959
2643
2599
2427
2344
2644
2636
2586
2581
2562
2558
2531
2505
2494
2488
2411
2389
2349
2317
2316
2257
2251
2236
2233
2227
2200
2190
2161
2160
2157
2078
2076
2070
2055
2012
2009
1974
1963
1952
1918
1917
2292
1954
2471
2169
1970
1916
2499
2309
2229
2069
2134
2101
2330
2533
2451
2032
1972
1926
2516
2304
2280
2137
2126
2099
2629
2387
2368
2176
2568
2274
2110
2625
2607
2501
2395
2386
2385
2363
2331
2329
2142
2131
2109
2083
2046
2039
2033
2021
2005
1985
1979
1962
2509
2398
2259
2567
2415
2235
2191
1994
1987
1941
2555
2547
2102
2465
2267
2247
2215
2328
2264
2241
2268
2196
2154
2438
2087
1920
2588
2572
2534
2403
2347
2187
2173
2081
1923
2605
2597
2315
2298
2293
2125
2042
2616
2472
2294
2232
2194
2052
2010
2608
2594
2519
2508
2458
2273
2199
1947
2914
1494
1840
1244
3011
3223
2660
2635
2617
2491
2417
2364
2127
2027
2007
623
3385
3350
3278
3267
2976
2672
2781
3379
3007
3086
3329
2813
3395
3307
3140
2937
2716
2926
3378
3365
3299
3206
3089
3076
2802
2784
2765
2674
2665
3132
2757
2694
3335
3075
2712
3218
3116
3027
2796
2778
2715
2661
3419
3403
3203
3072
2836
3411
3179
3060
3221
3113
3110
2955
2893
2804
2730
3380
3360
3320
2901
2846
3392
3084
3416
3145
3038
2853
