0
4037
869
411
292
3230
1466
3798
1386
1834
3974
3268
2704
3408
3125
383
2380
406
892
883
4034
692
775
3990
3983
4028
864
832
1119
3729
1145
3650
287
3820
11
624
602
2569
2470
2195
613
3748
1581
550
15
74
2457
3453
3846
42
145
255
443
52
3037
2691
3875
3808
1326
160
2541
3879
379
216
2382
1967
3854
279
3704
1233
3006
153
648
2595
1586
1046
904
2168
3691
76
454
2952
164
2722
336
2998
656
2860
3928
572
124
327
996
166
2885
2971
206
3910
1762
3637
1797
3694
1264
3227
2736
349
3749
91
2902
2100
3457
3372
3724
3923
1759
393
2094
1654
51
3552
3720
3099
2876
3789
3544
270
865
453
192
2483
2792
205
179
90
3996
4016
4025
4007
594
868
4001
4022
894
860
4029
4035
4015
859
749
4032
4006
4036
801
891
875
3987
4024
3984
874
877
699
4008
4010
887
873
735
879
851
757
3985
750
841
4012
791
885
867
872
871
895
866
743
854
852
785
3989
4011
4033
3999
4005
826
702
767
740
776
798
721
881
870
802
704
858
790
893
884
717
3995
4018
4013
4003
744
3991
3992
686
687
688
694
695
696
697
698
701
703
705
708
709
711
713
718
719
724
726
727
728
731
734
738
739
741
745
747
748
752
754
755
758
760
763
764
766
768
770
772
773
774
778
780
781
783
784
787
792
795
797
800
803
805
807
810
814
815
817
819
820
823
824
827
828
829
830
834
835
838
840
842
845
847
849
853
856
693
706
730
736
737
779
793
809
714
769
771
848
720
722
777
804
806
818
831
839
889
729
732
751
794
822
753
762
765
833
712
789
799
742
837
716
843
836
844
782
723
876
759
863
756
861
715
850
813
878
690
811
707
821
888
816
786
746
886
761
710
880
808
882
733
812
725
689
890
700
796
691
846
825
788
855
3980
4030
4023
3998
4031
3982
4021
4014
3994
3997
4009
4038
4004
4026
3986
4019
3981
4000
4017
4020
3988
4002
3993
4027
37
3031
3071
3853
3856
447
3183
1560
3570
114
210
3709
1206
607
2079
18
918
43
2842
12
3451
335
911
585
2596
608
668
1096
209
2269
3935
358
638
215
674
581
3407
256
244
3746
282
33
233
642
286
3885
377
241
401
47
1224
468
1854
154
1270
267
2788
70
1276
35
1065
1394
3922
1558
138
3688
2857
1690
1430
2740
3807
2814
305
3942
3134
1262
3959
234
3282
316
183
3732
1395
1755
3589
1208
1027
182
1176
1627
81
386
253
3801
157
356
49
301
97
1760
1253
1071
1693
3744
1002
3717
1105
667
155
2808
71
3560
112
3733
247
899
293
1353
1194
228
61
3597
294
3816
2481
2975
2922
1252
2442
2527
240
3575
3375
2714
3689
1362
499
321
2178
3955
448
1546
660
3811
571
3467
207
3699
3582
2798
2106
191
3413
174
1034
384
3954
2817
2204
307
552
120
201
467
3147
1996
3781
1890
3121
1937
2565
202
3003
3897
220
3946
2838
3952
3537
3565
190
1383
3619
262
1031
2441
3978
3055
652
3127
289
2855
3939
3653
3588
3074
2774
1474
1200
673
2963
3887
3673
3765
3494
1969
3686
2437
193
945
1022
530
3953
3143
1856
3965
288
3882
1713
125
1651
1510
3742
3865
3271
3849
1711
464
110
3444
472
910
1776
264
351
1442
1657
219
245
3676
1607
3787
2431
283
3290
2505
3606
1486
1157
1057
3489
3844
2015
593
3925
95
929
1295
2230
2422
3839
1777
2219
498
152
46
562
2692
3310
485
2167
3429
1346
2980
1354
34
1147
371
27
6
1038
235
3795
3678
1417
671
610
147
2634
3805
3890
649
1579
1455
3059
3305
1476
1240
269
250
3751
3665
3477
1133
2721
987
259
77
3513
3963
3661
1664
3091
2671
1254
2776
3727
2824
8
102
3848
1297
3632
2358
533
1838
3660
1151
476
3745
2884
3270
86
3970
1924
1855
2899
1521
229
117
2421
2493
2375
32
1792
3441
2017
2767
2621
655
340
3893
3161
1263
1301
44
2580
2388
163
3859
1498
3175
3806
2517
3432
63
390
89
3977
3936
3911
3044
1168
3447
3669
230
365
3217
3370
3864
3216
2263
3904
2321
3652
319
3700
2930
2245
3961
3181
2651
3813
3908
2528
1087
2732
263
657
3716
2256
399
237
83
167
3317
2456
3436
3180
3131
3899
338
3916
3445
1961
3159
1202
621
532
189
1058
937
480
64
3336
3165
3941
1974
347
3771
679
296
1372
1701
2805
1552
260
2034
3323
3094
935
208
3834
985
2008
586
549
300
3530
131
3502
2752
3812
3424
2227
317
3548
2632
441
3600
3389
243
129
3333
437
1956
151
311
3045
126
2811
1203
195
364
93
501
78
3647
564
3504
3401
3251
3932
3322
54
3607
3266
2893
2799
2041
1053
218
3626
3197
3914
3428
217
2487
534
385
3723
273
3126
1162
306
3235
1949
2548
1697
3376
1775
