0
3984
2269
468
15
1834
1581
750
911
624
3856
1194
3748
1233
2457
3183
1466
3974
138
125
1386
608
607
3268
883
875
550
2079
3037
2814
33
305
638
42
2691
4025
4007
3990
3989
3992
4026
4009
4011
3991
4019
4014
3997
4028
3994
4038
4037
4036
4035
4034
4033
4032
4030
4024
4022
4021
4020
4018
4017
4016
4015
4013
4012
4006
4005
4004
4003
4001
4000
3999
3995
3993
3988
3987
3986
3985
3983
3982
3981
4031
4027
4023
3998
3996
3980
4002
3305
205
52
316
2034
3333
3375
2857
2808
3427
3112
3269
3094
2998
3402
3401
2805
2930
3358
3322
3429
3006
2770
3095
3058
2673
2807
2715
3421
3105
3148
3088
2975
2769
3127
3055
2751
2893
2907
2794
3213
2948
2761
2710
3175
2765
3294
2928
3251
3166
2981
3110
2801
3273
2899
3367
3281
3352
3267
3260
3041
3391
3344
3120
2989
2853
3138
3115
3309
2699
3288
3246
2934
2870
3023
2806
2792
2759
3146
3013
2785
3417
3237
2953
3334
3293
3014
2743
2706
3119
2987
2862
2835
2741
2729
3193
2916
2800
2705
2664
2843
3255
2962
3382
3008
2972
2959
2889
3390
3363
3324
3228
3054
2994
2969
2920
2896
2694
3099
3050
2711
3384
3364
3348
3284
3174
3108
3078
3033
2993
2966
2956
2912
2909
2906
2905
2866
2773
2689
3229
3139
3137
3090
2737
3422
2803
3199
3049
2849
3145
3279
2858
2674
3321
3038
3107
2859
2720
3083
2802
3329
3405
3159
3368
3201
2933
2865
3356
3346
3203
3154
2829
2818
2970
2937
2778
2742
2661
3332
2684
3378
3272
2783
2753
3177
3307
2848
2668
3312
3089
2951
2921
2844
2840
2787
2923
3343
3157
3024
3017
3190
3046
2898
3419
3395
3365
3330
3253
3187
2758
2702
2686
2665
3061
3302
3287
3254
3010
2875
3258
3150
2831
2760
3431
2918
2892
2752
2724
244
102
195
178
90
283
16
77
38
220
192
259
159
29
182
6
219
5
274
3
121
263
99
123
45
10
26
268
232
222
212
104
60
55
40
260
204
314
130
143
28
165
284
197
337
167
109
84
25
303
236
267
124
168
333
319
175
343
310
214
265
98
82
21
329
280
276
186
148
134
85
66
193
91
133
3101
2565
2442
2651
2263
2017
2580
2545
2245
2100
2437
2080
2421
2251
1961
2558
2548
2424
2160
2238
2358
2301
2473
2048
1982
2349
2262
2249
2562
2186
2185
2182
2231
2155
2114
2383
2031
2650
2513
2486
2259
2170
1924
2232
2524
2147
2503
2248
2175
2173
2119
2462
1989
2656
2557
2322
2505
2362
2066
2036
1977
1974
2606
2536
2628
2342
2166
2126
2599
2572
2372
2570
2481
2050
2152
2443
2393
2489
2428
2367
1926
2143
2652
2479
2438
2394
2246
2132
2068
1948
1999
2361
2313
2091
1936
2497
2488
2626
1914
2397
2435
2006
2109
2058
1946
2641
2637
2603
2480
2434
2425
2211
1944
2620
2297
2022
2013
1919
2552
2520
2392
2339
2299
2233
2213
2095
2083
2020
1979
2638
2624
2623
2615
2613
2611
2593
2591
2579
2576
2573
2563
2551
2550
2539
2532
2526
2507
2504
2500
2492
2464
2430
2407
2391
2381
2359
2354
2329
2326
2323
2307
2278
2253
2220
2216
2201
2154
2131
2124
2118
2115
2064
2056
2046
2037
2005
1943
1938
2588
2519
2419
2318
1922
2582
2530
2312
2635
2571
2533
2511
2447
2364
2157
2127
2018
1998
1976
1973
322
246
7
4029
4010
4008
1627
1027
1558
1295
910
2825
1414
3436
3435
3434
3433
3432
3430
3428
3426
3425
3424
3423
3418
3416
3415
3414
3413
3412
3411
3408
3406
3404
3403
3400
3399
3398
3397
3396
3394
3393
3392
3389
3388
3387
3386
3385
3383
3381
3380
3379
3377
3376
3374
3373
3372
3371
3370
3369
3366
3362
3360
3359
3357
3355
3354
3353
3351
3350
3349
3347
3345
3342
3341
3340
3339
3338
3337
3336
3335
3331
3327
3326
3325
3323
3320
3318
3317
3316
3315
3314
3313
3311
3310
3308
3306
3304
3303
3301
3300
3299
3298
3297
3296
3295
3292
3291
3286
3285
3283
3282
3280
3277
3276
3275
3274
3271
3270
3266
3265
3264
3262
3261
3259
3257
3256
3252
3250
3249
3247
3244
3243
3242
3241
3240
3239
3238
3236
3235
3234
3233
3232
3231
3227
3226
3225
3224
3223
3222
3221
3220
3219
3218
3217
3216
3215
3214
3212
3211
3210
3209
3208
3207
3206
3204
3202
3200
3198
3197
3196
3195
3194
3192
3191
3189
3188
3186
3185
3184
3182
3181
3180
3176
3172
3171
3170
3169
3167
3163
3162
3161
3160
3158
3156
3155
3153
3152
3151
3149
3147
3144
3143
3142
3141
3140
3135
3134
3133
3132
3131
3130
3129
3128
3126
3125
3124
3123
3122
3121
3118
3117
3116
3114
3113
3109
3106
3104
3103
3102
3098
3096
3093
3092
3091
3087
3086
3085
3084
3082
3081
3080
3077
3076
3075
3074
3073
3072
3071
3070
3069
3068
3067
3066
3065
3064
3063
3060
3059
3056
3053
3052
3051
3048
3047
3045
3044
3043
3042
3040
3039
3036
3035
3032
3031
3030
3029
3028
3027
3026
3025
3022
3021
3018
3016
3015
3012
3009
3007
3004
3003
3002
3001
3000
2997
2996
2995
2992
2991
2990
2988
2986
2985
2984
2983
2982
2980
2979
2978
2977
2974
2973
2967
2965
2963
2961
2960
2958
2957
2955
2954
2952
2950
2949
2947
2946
2945
2944
2943
2942
2940
2939
2938
2936
2935
2932
2931
2929
2927
2926
2925
2924
2922
2919
2917
2915
2914
2913
2911
2910
2908
2904
2902
2901
2900
2897
2895
2894
2891
2890
2888
2887
2886
2884
2882
2881
2880
2879
2878
2877
2876
2874
2873
2872
2871
2868
2867
2864
2863
2861
2860
2856
2855
2854
2852
2851
2850
2847
2846
2845
2842
2841
2839
2837
2836
2834
2833
2832
2830
2828
2827
2824
2823
2821
2820
2819
2817
2816
2815
2813
2812
2811
2810
2809
2804
2799
2798
2797
2796
2795
2793
2791
2790
2789
2788
2786
2784
2782
2781
2780
2779
2777
2776
2775
2774
2772
2771
2768
2767
2766
2763
2762
2757
2756
2755
2754
2750
2749
2748
2747
2746
2745
2744
2740
2739
2738
2736
2735
2733
2732
2731
2730
2728
2727
2726
2723
2722
2721
2719
2718
2717
2716
2714
2713
2712
2709
2708
2704
2703
2701
2700
2698
2697
2696
2695
2692
2690
2688
2687
2685
2683
2682
2681
2680
2679
2676
2675
2672
2671
2670
2669
2667
2666
2663
2662
3111
3100
2869
2707
3097
3319
3263
2999
2941
2903
2764
2693
1476
1157
2529
2420
2413
2389
2377
2344
2333
2332
2295
2264
2224
2215
2187
2183
2174
2137
2135
2039
2026
1932
1731
3409
3205
3168
3165
3079
3062
3020
3019
2964
2734
2725
2598
2567
2542
2510
2491
2385
2384
2336
2328
2327
2302
2293
2292
2279
2268
2250
2239
2199
2196
2117
2111
2047
2032
1920
3289
3179
3011
2976
1792
1434
1055
3420
3410
3178
3034
2971
1220
1817
3290
2826
2677
1486
1321
973
1805
1002
996
1234
1552
1905
1266
1592
1111
1909
1401
1911
1640
1474
985
922
3361
3328
3278
3248
3245
3164
3136
3057
3005
2968
2883
2822
2678
1874
1780
1197
1499
1403
1016
1368
1043
909
1618
1118
1701
974
920
972
1224
1601
1137
1097
1895
1493
1319
958
3173
2885
2838
269
1485
1239
1130
1718
1405
1312
1480
980
1771
1737
1278
1244
1127
1134
1869
1815
944
119
315
249
242
101
57
347
346
345
344
342
341
340
339
338
336
334
332
331
330
328
327
326
325
324
323
321
320
318
317
313
312
311
309
308
307
306
304
302
301
300
299
298
297
296
295
294
293
292
291
290
289
288
286
285
282
281
279
278
277
275
273
272
271
270
266
264
262
261
258
257
256
255
254
253
252
251
250
248
247
245
243
241
240
239
238
237
235
234
233
231
230
229
228
227
226
225
224
223
221
218
217
216
215
213
211
209
208
207
206
203
201
200
199
196
194
191
190
189
188
187
185
184
181
180
179
177
176
174
172
170
169
164
162
161
160
158
157
156
155
154
153
152
151
150
149
147
146
144
142
141
140
139
137
135
132
131
129
128
127
126
122
120
118
117
116
115
113
112
111
110
108
106
105
103
100
97
96
95
94
93
92
89
88
87
86
83
81
79
78
76
75
73
72
71
70
69
68
67
65
64
63
62
61
59
56
54
53
51
50
49
48
47
46
44
41
39
37
36
35
32
31
30
27
24
23
22
20
19
18
17
14
13
12
11
9
8
4
2
1
1908
