0
3984
786
335
233
875
3808
282
3121
241
3846
4035
377
209
911
3230
1206
3801
801
3885
154
2691
873
893
3729
1145
160
401
2457
1713
205
1276
2569
33
3854
3699
2079
2541
2483
61
4008
2441
3781
624
499
3589
3748
76
358
4029
2740
2788
305
1253
2808
1233
2885
3865
219
1119
35
668
1354
1560
3879
3901
292
2168
3807
3003
3689
3310
892
1476
1430
3704
674
1442
70
1386
2527
42
386
2792
4028
667
4037
4016
4038
4005
3996
3981
3985
4013
3991
594
3995
4012
4019
3997
3982
4017
4036
4032
4031
4027
4026
4025
4024
4023
4022
4021
4020
4018
4014
4011
4010
4009
4007
4006
4004
4003
4002
4001
3999
3998
3994
3993
3990
3989
3988
3987
4033
4030
3986
3980
4000
3992
3746
49
244
256
866
867
874
881
885
895
871
870
887
872
863
740
700
837
894
883
882
879
878
877
864
860
858
776
789
699
884
767
806
796
791
771
714
844
880
717
869
735
835
800
707
691
715
788
782
742
723
839
889
888
886
876
861
812
826
851
834
813
693
784
778
842
821
772
731
695
732
712
702
804
773
853
848
745
690
799
727
836
757
688
787
828
807
780
764
754
741
705
687
795
747
718
890
856
840
830
824
697
845
838
781
779
719
698
855
854
852
850
847
846
843
833
832
829
827
825
823
822
819
818
816
815
814
811
810
808
805
803
802
798
794
792
790
785
783
777
774
769
768
766
765
763
762
761
760
759
758
756
753
752
751
750
749
748
746
743
738
737
736
734
733
729
726
725
724
722
721
720
713
711
710
709
706
701
696
694
692
689
849
831
820
817
809
793
770
755
739
730
728
716
708
703
686
797
704
775
891
859
744
841
4015
3983
4034
3849
3444
3055
3887
3932
3977
3904
3882
3843
3686
3811
498
2817
2774
3271
2799
2922
3059
2721
3388
3322
3408
3358
3467
3688
3530
3619
3806
3671
3733
3941
3792
3759
3669
3537
3447
3544
3522
3813
3502
3844
3484
3574
3890
3893
3474
3896
3952
3716
3647
3638
3616
3973
3751
3462
3561
3923
3789
3783
3766
3892
3871
3754
3762
3771
3802
3675
3476
3511
3818
3572
3664
3655
3587
3478
3946
3539
3483
3612
3928
3603
3503
3785
3739
3898
3581
3479
3816
3763
3643
3960
3659
3720
3769
3552
3550
3520
3834
3724
3835
3815
3599
3772
3634
3631
3916
3701
3794
3714
3509
3961
3499
3667
3613
3523
3869
3786
3620
3515
3507
3897
3480
3452
3473
3917
3912
3874
3725
3567
3922
3679
3606
3622
3549
3446
3937
3602
3780
3656
3768
3568
3921
3608
3590
3498
3482
3670
3578
3439
3809
3776
3644
3607
3500
3840
3472
3760
3533
3475
3551
3492
3978
3968
3929
3908
3880
3900
3506
3863
3814
3682
3824
3702
3627
3611
3573
3542
3528
3883
3695
3594
3516
3526
3485
3876
3796
3773
3753
3710
3553
3455
3442
3945
3726
3630
3460
3443
3927
3878
3782
3645
3584
3535
3534
3458
3972
3881
3829
3784
3652
3554
3464
3837
3836
3774
3579
3519
3909
3906
3680
3486
3831
3559
3812
3758
3858
3750
3557
3438
3790
3877
3788
3966
3841
3838
3800
3640
3609
3596
3527
3491
3868
3819
3628
3662
3546
3971
3938
3851
3697
3600
3576
3633
868
3626
3586
865
1693
467
406
501
453
532
476
441
393
3292
2767
3436
2980
2801
3127
3074
2886
3215
2776
3042
2851
3269
2824
2671
3281
3367
3200
3141
2861
2727
3194
2963
3235
2802
2837
3144
3176
3123
3368
3128
3083
3008
2699
3243
2959
3227
3153
3359
2692
3294
2952
3066
3376
3251
3390
3044
3246
2705
3399
3402
3099
2876
3175
2898
2981
2852
3423
3328
3414
3237
3213
2948
2805
2975
2663
3028
3326
3352
3138
3013
3247
3148
3112
2895
2709
2978
2807
2710
3413
2854
2777
3238
3220
3135
2888
3119
3228
3174
3000
2944
2812
2741
3357
2878
3202
2988
2910
2906
2749
3139
3180
3131
3158
2987
2874
3435
3394
3384
3362
3084
2956
2928
2887
2821
3007
3392
2899
3334
3266
2934
3260
3209
3109
3015
2844
3335
3296
3324
2913
2890
3275
2962
2820
3244
2735
2943
2748
3337
3262
2737
2945
2862
2773
2743
2679
3304
3129
2927
2877
2706
3364
3250
3064
3056
3022
2916
2911
2873
2827
2694
2689
2683
2666
3264
3052
3023
3004
2909
2763
2761
3382
3309
2889
2879
3276
3140
2868
3426
3195
3098
3040
3029
2967
2940
2919
2915
2912
2815
2800
2786
2782
2717
2669
3346
3198
3192
3398
3345
3329
3117
3374
2957
3393
3046
2672
3272
2720
2693
3375
3103
3102
2970
2770
3391
3381
3351
3330
3316
3291
3252
3132
3120
3115
2853
2828
2765
3081
3321
2973
3159
2947
2860
2738
3411
3332
2833
2742
2733
2708
3373
3306
2995
3196
2997
2949
2690
3377
3273
3177
2845
2829
2779
3343
2688
3371
3285
2739
2713
3312
3038
2921
2863
3409
3171
2795
2790
2768
3211
3383
3360
3274
3221
2771
2700
3369
3365
3189
3187
3018
2999
2942
2784
2665
3061
3287
3118
2923
2836
3258
3223
2760
3385
2744
1755
2938
2730
3161
3001
3342
3280
3261
3240
3150
3100
3039
2958
2932
2840
2882
3416
3397
3350
3302
3297
3277
3204
3051
3021
2992
2950
2939
2936
2849
2674
2661
3320
2719
3179
1792
3412
3406
3331
2752
1461
1395
1383
1034
327
152
3210
3124
2901
2847
2747
240
124
907
3962
3830
3797
3651
3556
3540
3504
3487
3861
3779
3775
3621
3979
3976
3975
3970
3969
3967
3964
3963
3959
3958
3957
3956
3955
3954
3953
3951
3950
3949
3948
3947
3944
3943
3942
3940
3939
3936
3934
3933
3931
3930
3926
3925
3924
3920
3919
3918
3915
3914
3913
3911
3910
3907
3905
3903
3902
3899
3895
3894
3891
3889
3888
3886
3884
3873
3872
3870
3867
3866
3864
3862
3860
3859
3857
3855
3853
3852
3850
3848
3847
3845
3842
3833
3832
3828
3827
3826
3825
3823
3822
3821
3820
3817
3810
3805
3804
3803
3799
3795
3793
3791
3787
3778
3777
3770
3767
3765
3764
3761
3757
3756
3755
3752
3749
3747
3745
3743
3742
3741
3740
3738
3737
3736
3735
3734
3732
3731
3730
3728
3727
3722
3721
3719
3718
3717
3715
3713
3712
3711
3709
3708
3707
3706
3705
3703
3700
3698
3696
3694
3693
3692
3690
3687
3685
3684
3683
3681
3678
3677
3676
3674
3673
3672
3668
3666
3665
3663
3661
3660
3658
3657
3654
3653
3650
3649
3648
3646
3642
3641
3639
3637
3636
3635
3632
3629
3625
3624
3623
3618
3617
3615
3614
3610
3605
3604
3601
3598
3597
3595
3593
3592
3591
3588
3585
3583
3580
3577
3575
3571
3570
3569
3566
3565
3564
3563
3562
3560
3558
3555
3548
3547
3545
3543
3541
3538
3536
3532
3531
3529
3525
3524
3521
3518
3517
3514
3513
3512
3510
3508
3505
3501
3497
3496
3495
3494
3493
3490
3489
3488
3481
3477
3471
3470
3469
3468
3466
3465
3463
3461
3459
3457
3456
3453
3451
3450
3449
3448
3445
3441
3440
862
857
665
603
599
684
672
664
655
670
578
681
661
659
658
650
612
621
579
1093
1760
680
623
530
562
685
622
605
598
573
617
666
396
437
644
631
619
572
564
552
474
472
470
468
464
454
443
411
410
399
379
364
351
198
1154
1027
1270
1103
929
3434
3433
3432
3431
3430
3429
3428
3427
3425
3424
3422
3421
3420
3419
3418
3417
3415
3407
3405
3404
3403
3401
3400
3396
3395
3389
3387
3380
3379
3378
3372
3370
3366
3363
3361
3356
3354
3353
3349
3348
3347
3344
3341
3340
3339
3338
3336
3333
3327
3325
3323
3318
3317
3315
3314
3313
3311
3308
3307
3305
3303
3301
3300
3299
3298
3295
3293
3288
3286
3284
3283
3282
3279
3270
3267
3259
3257
3256
3255
3254
3253
3249
3242
3241
3239
3236
3234
3233
3232
3231
3229
3226
3225
3224
3219
3218
3217
3216
3214
3212
3208
3207
3206
3203
3199
3197
3193
3191
3190
3188
3186
3185
3184
3182
3181
3178
3172
3170
3169
3167
3166
3163
3162
3160
3157
3156
3155
3154
3152
3151
3149
3147
3146
3145
3143
3142
3137
3134
3133
3130
3126
3125
3122
3116
3114
3113
3110
3108
3107
3106
3105
3104
3096
3095
3094
3093
3092
3091
3090
3089
3088
3087
3086
3085
3082
3080
3078
3077
3076
3075
3073
3072
3071
3070
3069
3068
3067
3065
3063
3060
3058
3054
3053
3050
3049
3048
3047
3045
3043
3041
3037
3036
3035
3033
3032
3031
3030
3027
3026
3025
3024
3017
3016
3014
3012
3011
3010
3009
3006
3002
2998
2996
2994
2993
2991
2990
2989
2986
2985
2984
2983
2982
2977
2976
2974
2972
2969
2966
2965
2961
2960
2955
2954
2953
2951
2946
2937
2935
2933
2931
2930
2929
2926
2925
2924
2920
2918
2917
2914
2908
2907
2905
2904
2902
2900
2897
2896
2894
2893
2892
2891
2884
2881
2880
2875
2872
2871
2870
2867
2866
2865
2864
2859
2858
2856
2855
2850
2848
2846
2843
2842
2841
2839
2835
2834
2832
2831
2830
2825
2823
2822
2819
2818
2816
2814
2811
2810
2809
2806
2804
2803
2797
2796
2794
2793
2791
2789
2787
2785
2783
2781
2780
2778
2775
2772
2769
2766
2762
2759
2758
2757
2756
2755
2754
2753
2751
2750
2746
2745
2736
2732
2731
2729
2728
2726
2724
2723
2722
2718
2716
2715
2714
2712
2711
2704
2703
2702
2701
2698
2697
2696
2695
2687
2686
2685
2684
2682
2681
2680
2676
2675
2673
2670
2668
2667
2664
2662
3263
3097
2964
2764
1455
3355
3319
3201
2903
2677
1708
1053
1411
3265
3101
2979
935
1268
1306
3386
3205
3168
3165
3079
3062
3020
3019
2734
2725
1546
1174
1061
950
1779
3410
3034
2813
1203
970
1497
1240
1147
1802
1410
986
1592
1143
1855
1326
1586
1046
2826
1599
1225
1068
1896
899
1311
1710
1624
964
940
1884
1575
1423
1749
1507
1168
1005
1838
996
1292
1853
1847
1094
1739
1696
1822
1905
1239
909
1576
1646
1489
1247
1252
1691
1375
1904
1756
1748
1169
1556
1105
1759
1134
974
1009
1177
3248
3222
3164
3136
3057
3005
2941
2883
2678
1726
1720
1712
1100
1874
1801
1872
1298
1150
984
941
933
1704
1451
1814
1436
1429
1484
1652
1181
906
1910
1212
1648
1601
1218
1156
1815
1260
1249
1131
1595
1503
1404
1829
1566
1478
1342
1106
1781
1228
1127
1657
910
1825
1567
1325
1187
1378
1319
1186
1118
1892
1798
1533
1493
1452
1363
1232
1137
1097
992
938
1871
1742
1729
1316
1020
1014
919
1903
1850
1841
1824
1636
1587
1515
1479
1462
1448
1426
1417
1347
1273
1261
1257
1115
1108
1081
1067
1015
1007
957
902
1548
905
1859
1680
1345
1129
677
618
589
584
1743
931
656
1681
1296
949
424
3289
3278
3245
3111
2968
2869
2707
1585
1477
1450
1140
1864
1643
1288
983
1605
1537
1594
1527
1008
1434
1483
1641
920
1033
1439
1339
1195
927
1886
1826
1532
1351
1123
1674
1380
1501
1083
1901
1791
1609
1359
926
1774
1256
1024
1823
1789
1714
1539
1491
1467
1219
1214
1405
1317
1178
923
1723
1603
1447
1402
1398
997
1833
1765
1685
1343
1164
1025
980
934
1909
1819
1384
1337
1272
1851
1368
1111
961
955
1449
1283
1088
1888
1867
1842
1799
1735
1639
1614
1600
1485
1323
1312
1291
1265
1180
1126
1076
1003
946
921
1900
1868
1849
1839
1796
1753
1623
1612
1580
1571
1563
1471
1370
1335
1293
1285
1280
1269
1238
1230
1182
