0
802
4014
692
335
215
4001
3984
1854
3127
3407
788
608
411
1208
757
3746
4029
1253
3709
267
750
749
356
1071
4006
4025
3999
2814
4032
4033
244
253
1096
3290
1133
3686
642
327
1353
3031
3908
2922
607
47
2971
1145
2470
1038
918
3813
3055
256
454
883
255
467
3673
1627
12
1430
3122
287
3946
3983
1176
1270
1362
71
1967
3865
384
613
163
3317
4022
453
1937
4008
3408
3875
841
891
832
717
743
775
851
801
768
744
700
3978
660
76
3652
854
3688
2106
3893
868
652
3959
3597
2595
154
210
472
1792
247
33
1759
70
2168
379
3059
1395
3453
3742
1776
206
875
181
347
1581
1386
937
2269
383
3012
316
3650
3751
1477
2204
2437
307
3781
572
437
406
3911
3661
3897
899
2885
282
4036
3846
498
3268
2817
2774
3147
4038
3994
4037
4027
3981
4016
4031
3998
4009
4013
3991
4012
4004
4003
4019
3982
3993
4034
4024
4023
4020
4018
4007
4005
4002
3997
3990
3989
3987
3986
3985
4030
4026
4017
3995
3980
4000
3988
4021
3996
4011
4035
4028
4015
4010
3992
594
667
894
887
886
866
879
871
885
776
884
864
876
863
689
735
790
892
881
874
873
872
870
867
859
858
811
729
706
893
889
888
882
878
869
861
825
804
721
746
690
691
791
725
771
855
763
732
740
704
748
783
890
816
734
809
839
742
722
836
762
759
714
795
849
846
834
827
817
769
741
723
842
820
774
708
693
845
880
818
810
756
745
737
698
819
781
731
856
821
779
701
709
703
687
807
697
688
800
727
719
713
853
850
848
847
844
843
837
833
831
830
829
826
822
814
813
812
808
806
803
799
798
797
796
794
793
789
787
786
785
784
782
778
772
770
767
766
764
761
760
758
755
753
752
751
747
738
736
733
730
726
724
720
718
715
712
711
710
707
705
702
695
840
838
835
828
824
823
815
805
792
777
773
765
754
739
728
696
694
686
780
877
895
865
857
716
699
852
860
3489
3965
2565
3887
3678
3447
3766
3814
3531
3961
3754
3936
3973
3571
3958
245
441
3105
3143
3819
3473
3538
3801
3802
3598
3864
3919
3515
3933
3696
3655
3776
3770
3493
3582
3708
3614
3834
3767
3881
3888
929
126
1996
3880
3809
3783
3641
3646
3879
3967
3482
3706
3602
3509
3444
3638
3569
3952
3848
3716
3903
3711
3631
3807
3653
3923
3720
3829
3866
3524
3786
3899
3837
3657
3663
3712
3871
3564
3698
3774
3812
3606
3847
3775
3562
3839
3679
3931
3439
3659
3532
3442
3747
3644
3508
3912
3613
3900
3705
3636
3863
3549
3446
3896
3643
3620
3539
3494
3546
3925
3487
3859
3892
3874
3664
3922
3682
3568
3932
3511
3506
3947
3671
3483
3862
3715
3599
3722
3505
3771
3976
3969
3833
3793
3572
3701
3826
3718
3623
3601
3458
3957
3579
3519
3827
3728
3949
259
198
393
364
486
3401
3336
3165
3354
3200
3322
3126
2886
3428
3095
2975
3418
3323
2860
3030
2722
3305
2685
2821
2721
3231
3153
2809
3242
3161
2979
3112
2687
3050
3159
3375
2837
3235
3099
2816
3192
2802
3015
2942
2710
2893
3405
3743
3567
3445
3921
3907
3867
3850
3835
3815
3769
3753
3615
3553
3472
3470
3497
3784
3730
3669
3955
3924
3909
3882
3714
3593
3463
3574
3898
3695
3649
3581
3479
3891
3566
3589
862
3619
3467
3956
3920
3791
3587
3500
3478
3782
3761
3630
3558
3459
3843
3719
3535
3937
3738
3460
3443
3895
3810
3759
3534
3913
3645
3617
3915
3825
3764
3668
3634
3554
3510
3474
3466
3464
3552
3578
3557
3548
3457
3471
3707
3637
3603
3462
3492
3520
3785
3642
3545
3452
3828
3779
3672
3788
3736
3526
3790
3576
3731
3670
3542
3528
3518
3503
3872
3573
3950
3902
3755
3656
3654
3484
3934
3930
1701
1140
1168
2707
530
459
260
2548
2265
1949
2453
2380
2382
2017
2632
2113
2051
2562
2534
2245
3954
3904
3726
3600
3977
3975
3972
3970
3963
3960
3953
3951
3941
3940
3939
3935
3918
3917
3914
3910
3906
3905
3901
3894
3890
3885
3878
3876
3870
3869
3868
3857
3855
3849
3844
3840
3838
3836
3832
3823
3822
3821
3818
3817
3811
3806
3805
3803
3799
3796
3795
3794
3792
3789
3787
3778
3777
3773
3768
3763
3762
3758
3757
3749
3748
3745
3740
3739
3735
3734
3733
3732
3729
3727
3725
3724
3723
3717
3713
3710
3704
3699
3691
3690
3687
3685
3681
3675
3666
3662
3660
3658
3648
3647
3640
3639
3635
3632
3629
3627
3626
3624
3622
3616
3610
3608
3607
3595
3594
3591
3590
3585
3584
3583
3580
3565
3559
3555
3551
3543
3541
3537
3536
3530
3529
3513
3507
3502
3499
3498
3496
3490
3486
3485
3476
3475
3468
3465
3455
3450
3441
448
535
407
672
655
8
386
564
399
505
351
541
522
466
551
380
509
457
424
1977
2388
2358
2114
2205
1050
2794
3254
3151
2926
3039
3273
3429
3156
2900
3319
2701
2882
2734
3427
3376
2790
2693
2688
3333
2972
2776
3266
3422
3133
3044
2852
3197
2762
3013
2826
2984
3175
3425
3357
3138
2965
2811
3066
3074
3181
3180
2930
2851
2831
3431
2686
3139
3421
3403
3359
3018
3340
2962
3236
2844
3269
3137
3281
3334
2779
2682
3079
2983
3343
3218
3141
2861
2799
3315
2761
2803
3321
3014
3083
2878
2856
2841
2933
3292
3329
2768
3128
2949
2935
2822
3190
3089
2825
3163
3392
3286
3308
3061
2700
2918
3364
3373
3160
2998
2796
3370
2843
2720
2872
2746
3430
2997
2896
2679
3380
3360
3342
3203
3149
3384
2884
2777
2850
2666
3358
3217
3001
2737
3423
3318
3309
3275
2879
2670
3385
3223
2718
3042
3331
3306
3144
3204
2827
2915
2854
3349
3214
3094
2868
2847
3072
2898
3419
2712
3109
3295
2823
3237
3202
3193
3119
3023
2945
2756
3157
2771
2736
2662
3272
3252
2671
3056
2705
3393
3249
2818
2791
2759
2709
3300
3129
2888
2887
3256
3255
2769
3394
3243
3166
3158
3078
2994
2985
2977
2912
2773
3034
2848
2813
2667
3399
3047
2943
2927
2905
2891
3352
3209
2950
2923
3416
3378
3247
3118
2992
2921
2995
2947
3049
2741
3397
3102
2674
3253
3167
3081
3019
2711
3084
3040
2906
2676
3353
3177
3043
2772
2832
3435
3293
3073
2738
2681
3411
3351
3335
3316
3298
3297
3265
3185
3150
3148
3051
2970
2904
2753
3346
3075
2819
3262
3172
2874
2663
3400
3279
3135
3123
3104
3036
3025
3010
2993
2981
2929
2873
2810
3077
2990
2829
2840
2795
2668
3229
3090
2899
3009
2690
3386
3381
3377
3280
3267
3239
3225
3182
3145
3111
3101
3082
2937
2881
2785
2708
3174
3064
2956
2911
3434
3320
3313
3060
3058
3046
3041
3027
3017
3007
2973
2853
2793
2783
2748
2661
3330
3276
3146
2901
2865
2787
3406
3285
3241
3086
2951
2982
3311
3008
2959
3274
3246
3244
3186
3140
2820
2697
2867
2806
2706
3037
3417
3000
2969
2920
2754
2683
2680
3332
3152
3011
2976
2894
2875
2797
2672
3395
3369
3341
3337
3327
3264
3198
3171
3154
3136
3132
3107
2871
2833
2781
2730
2702
2665
3436
2948
2763
3387
3363
3348
3339
3096
3033
3004
2988
2986
2974
2967
2960
2940
2910
2890
2862
2835
2800
2757
2750
2749
2698
2694
2669
3328
2760
910
3222
3278
3245
2968
3361
2938
2725
2066
3432
3205
3179
3164
3057
2744
1450
1419
2752
2724
1599
1443
1363
3420
1562
1031
3628
3521
3845
3618
3527
3491
3438
3926
3883
3765
3744
3702
3700
3680
3611
3605
3540
3523
3516
3514
3512
3488
3481
3966
3852
3780
3721
3968
3592
3547
3522
3517
3504
3454
3979
3948
3760
3693
3533
3480
3929
3873
3858
3586
3477
3964
3945
3942
3927
3752
3612
3604
3469
3684
3889
3886
3737
3683
3577
3563
3550
3440
3944
3943
3884
3877
3860
3756
3697
3667
3625
3621
3609
3596
3449
3971
3938
3842
3841
3831
3824
3804
3800
3797
3750
3703
3633
3501
3461
3448
1838
1326
1505
1748
974
1093
1023
2964
950
518
381
1417
1442
1034
1094
1696
1220
1411
1856
943
1855
1498
1697
926
1711
1254
1481
1829
1200
987
1233
1103
1022
657
372
1258
426
481
474
586
502
396
361
490
489
435
382
450
354
1727
1690
1310
912
568
504
547
533
529
528
190
1924
2621
2515
2094
2400
2439
2431
2263
2650
2527
1988
2286
2513
2441
2217
2156
2158
2234
2618
2119
2402
2373
2089
2181
2015
2219
2450
1960
2321
2162
1934
2383
2349
2193
2036
2291
2311
2455
2085
2432
2274
1982
1965
2093
2612
2146
2576
2517
2175
2331
2210
2091
2577
2366
2105
2070
2008
2355
2403
2152
2613
2579
2644
2540
2401
2255
2207
2574
2607
2393
2305
2503
2448
2335
2314
2248
2173
2287
2634
2456
2406
2322
2296
2277
2044
2019
1942
2614
2488
2236
2231
2129
2023
1975
2421
2120
2514
2141
1923
2097
2660
2449
2029
2444
2170
2290
2122
2581
2409
2190
2172
2074
2005
1997
2550
2546
2387
2300
2213
1953
2631
2433
2352
2276
2258
2112
2397
1936
2651
2552
2489
2427
2206
2140
2118
2064
2030
2021
2655
2446
2253
2237
2201
2098
2077
1929
1950
2281
2610
2270
2182
2578
2575
2520
2504
2500
2492
2477
2350
2348
2323
2218
2200
2188
2142
2123
2115
2109
2108
2095
2092
2046
2045
2043
1966
2625
2604
2593
2590
2573
2521
2462
2429
2423
2369
2354
2334
2309
2271
2104
2058
2040
2033
1918
2497
1990
1915
2626
2225
2638
2624
2615
2602
2601
2600
2564
2554
2549
2539
2499
2495
2484
2430
2410
2408
2407
2381
2376
2363
2339
2275
2257
2229
2216
2179
2154
2124
2121
2103
2090
2088
2086
2078
2073
2059
2055
2020
1993
1986
1984
1962
1946
1938
1925
1970
2389
2298
1808
1713
636
612
543
3861
3437
558
510
470
375
413
445
425
539
493
491
458
359
615
583
635
600
671
632
680
576
578
577
664
665
659
628
595
658
640
599
582
623
616
573
682
626
618
611
598
588
617
579
677
625
620
605
597
575
663
631
1777
516
485
477
442
405
350
415
569
360
610
557
421
408
478
440
653
385
630
387
666
645
527
460
439
110
562
554
548
540
536
534
532
531
511
501
499
495
494
480
476
471
469
468
462
456
449
447
443
433
432
429
427
398
397
390
369
368
365
362
358
357
355
352
3003
100
2609
1958
2473
1913
2155
2522
2177
2529
2413
2202
2249
2161
2425
2362
2260
2214
2209
2385
2211
2635
2519
2501
2313
2228
2099
2075
2533
2478
2266
2184
2067
2056
1964
2242
2346
2192
2027
1928
2496
2468
2434
2544
2315
2239
2128
1931
2537
2259
2241
2127
2628
2530
2480
2472
2416
2319
2310
2294
2250
2226
2215
2149
1994
1930
2568
2516
2445
2096
2026
1959
2623
2599
2597
2465
2347
2330
2267
2194
2176
2137
2052
2028
2010
1981
2518
2351
2304
2039
1955
1932
1926
2417
2006
2657
2640
2365
2004
1935
1914
2620
2013
2012
1973
2658
2435
2297
2050
2024
2001
1998
1980
1972
1921
2652
2603
2582
2396
2390
2332
2280
2235
2110
1948
1947
2642
2629
2617
2511
2509
2461
2343
2328
2292
2198
2185
2148
2132
2081
2042
2003
1945
27
1650
1077
1364
1510
1693
1698
1328
1251
1174
900
3433
3426
3424
3415
3414
3412
3410
3409
3404
3402
3398
3396
3391
3390
3389
3388
3383
3382
3379
3374
3371
3368
3367
3366
3365
3362
3356
3355
3350
3347
3345
3344
3338
3326
3325
3324
3314
3312
3307
3304
3303
3302
3301
3299
3296
3294
3291
3289
3288
3287
3284
3283
3282
3277
3271
3270
3263
3261
3260
3259
3258
3257
3250
3248
3240
3238
3234
3233
3232
3228
3227
3226
3224
3221
3220
3219
3216
3215
3213
3212
3211
3210
3208
3207
3206
3201
3199
3196
3195
3194
3191
3189
3188
3187
3184
3183
3178
3176
3173
3170
3169
3168
3162
3155
3142
3134
3131
3130
3124
3121
3120
3117
3116
3115
3114
3113
3110
3108
3106
3103
3100
3098
3097
3093
3092
3091
3088
3087
3085
3080
3076
3071
3070
3069
3068
3067
3065
3063
3062
3054
3053
3052
3048
3045
3038
3035
3032
3029
3028
3026
3024
3022
3021
3020
3016
3006
3005
3002
2999
2996
2991
2989
2987
2978
2966
2961
2958
2957
2955
2954
2953
2946
2944
2941
2939
2936
2934
2932
2931
2928
2925
2924
2919
2917
2916
2914
2913
2909
2908
2907
2903
2897
2895
2892
2889
2883
2880
2877
2876
2870
2869
2866
2864
2863
2859
2858
2857
2855
2849
2846
2845
2839
2836
2834
2830
2828
2824
2815
2812
2807
2805
2804
2801
2792
2789
2788
2786
2784
2782
2780
2778
2775
2770
2767
2766
2765
2758
2755
2751
2747
2745
2743
2742
2740
2739
2735
2733
2731
2729
2728
2727
2726
2723
2719
2717
2716
2715
2713
2703
2699
2696
2695
2691
2689
2684
2675
2673
2664
990
935
1410
1061
1354
1005
1143
1007
919
1497
1699
1686
1232
963
1150
1439
1664
1157
1860
1266
1161
1803
1144
1556
1585
1434
2764
1666
1098
1073
1642
1035
1678
1802
1846
1371
2649
2608
2543
2542
2512
2458
2399
2285
2279
2203
2191
2183
2169
2134
2125
2111
2068
2053
2047
1769
1091
1911
1858
1825
1494
1624
1089
1527
1444
995
1095
1486
1758
1782
1852
1726
1461
1283
1187
1478
1064
1821
1441
1008
1492
1135
920
1635
1780
1648
1568
938
1880
1424
1333
992
901
1405
1667
964
1708
1705
1887
1401
1460
1723
1670
1806
1567
1325
1033
1910
1814
1531
1454
1063
1054
989
1212
962
1299
1569
1575
1649
1503
1495
971
942
1710
1572
1480
1240
908
921
1488
1407
1244
1837
1533
1097
1068
1388
1606
936
973
923
2677
1418
1167
1506
1807
1218
1057
956
1548
1216
1118
958
1474
1090
1472
1000
985
1570
1056
927
1781
1015
906
1655
1009
1382
898
1193
1165
1750
1674
1539
1463
1339
1201
1130
3962
3851
3830
3741
3692
3677
3674
3651
3561
3556
3525
3495
3456
1553
1518
1511
1421
1317
1136
1898
1868
1153
1101
1379
1158
1695
1811
1222
1620
1437
1084
1202
1738
1482
1236
1873
1824
1682
1316
1166
1851
1796
1789
1737
1724
1540
1340
1128
1112
1075
1779
1183
1062
1891
1800
1734
1239
907
1194
1593
1111
1896
1197
1030
1876
1869
1756
