0
4003
895
613
3801
43
12
4022
3729
3271
2079
37
602
3037
892
891
287
191
3959
656
608
673
383
42
166
201
692
499
4028
904
255
3134
3984
2798
2269
256
294
3006
1194
47
638
841
918
454
1417
1560
1466
157
3922
384
3999
3537
2457
3899
270
316
1270
210
247
996
4008
3451
153
4006
114
1690
3781
125
216
390
911
336
2470
1096
3946
3230
2195
183
2580
3854
241
801
2569
182
1546
3582
76
4036
155
124
1586
1046
33
2691
2792
2788
3885
858
877
870
894
881
872
867
802
689
832
699
886
885
884
883
879
871
866
859
704
811
890
753
880
744
878
808
691
887
874
873
796
775
790
789
715
785
768
888
882
863
854
846
806
714
702
720
833
748
822
707
843
758
730
709
710
893
889
876
869
864
861
825
851
826
779
700
850
835
807
769
728
698
818
732
797
723
701
849
820
819
810
799
781
773
764
759
755
737
722
708
697
853
845
834
823
795
784
747
739
844
830
824
794
766
760
724
711
855
848
847
842
840
839
838
837
836
831
829
827
821
817
816
814
813
812
809
805
804
803
798
793
791
788
787
786
783
782
778
777
776
767
765
763
762
761
757
754
752
746
745
743
742
741
740
738
736
735
734
733
731
729
727
725
721
718
717
716
713
712
706
705
703
694
693
690
687
856
828
815
800
792
780
774
772
771
770
756
751
726
719
696
695
686
688
875
750
749
852
860
3991
4019
4025
4033
3989
4026
3988
4032
4021
4009
3997
3982
4029
4024
4018
4017
4016
4015
4014
4005
4001
4000
3994
3992
3990
3986
3983
3981
4037
4030
4038
4013
3995
3993
3985
4027
4023
3998
3996
3980
4020
4011
4004
4002
4031
667
4010
3987
594
4012
4007
4035
4034
3606
3745
3806
3910
3887
3937
3955
3695
3789
3647
3746
3588
3694
3727
3751
3787
3653
3608
3757
3878
3963
3465
3880
3700
3840
3607
3655
3844
3848
3809
3973
3927
3870
3792
3718
3631
3975
3837
3942
3906
3648
3945
3464
3778
3753
3470
3531
3678
3758
3866
3786
3483
3613
3516
3579
3763
3724
3555
3507
3969
3895
3833
3810
3643
3509
3493
3829
3719
3907
3867
3583
3905
3894
3863
3446
3665
3976
3951
3803
3572
3569
3562
3933
3791
3783
3766
3696
3500
3957
3836
3774
3912
3874
3777
3601
3535
3532
3458
3738
3668
3931
3924
3826
3593
3793
3614
3564
3469
3752
3529
3460
3949
3716
3699
3893
3612
3891
3954
112
154
3515
3673
3126
3216
2799
3575
3868
3725
3595
3538
3876
3835
3740
3442
3485
3637
3805
3914
3645
3474
3457
3747
3862
3850
3698
3599
3590
3472
3815
3802
3710
3685
3629
3615
3508
3568
3799
3845
3520
3528
3970
3913
3898
3813
3680
3649
3639
3617
3479
3574
3940
3514
3505
3755
3697
3804
3712
3527
3661
3730
3686
3658
3462
3452
3897
3737
3790
3627
3518
3557
3978
3977
3974
3972
3967
3965
3964
3960
3958
3956
3953
3947
3939
3936
3934
3932
3930
3923
3921
3920
3919
3918
3917
3915
3911
3909
3904
3903
3902
3901
3900
3896
3892
3890
3883
3882
3881
3871
3869
3865
3864
3859
3857
3856
3855
3849
3846
3843
3834
3832
3827
3825
3824
3823
3822
3821
3819
3818
3816
3814
3812
3808
3807
3794
3784
3782
3776
3775
3773
3771
3770
3769
3768
3767
3764
3762
3761
3759
3754
3749
3743
3742
3739
3735
3733
3732
3731
3728
3726
3722
3720
3717
3715
3714
3713
3711
3709
3708
3707
3706
3705
3703
3701
3691
3690
3688
3682
3681
3679
3676
3675
3671
3670
3669
3666
3664
3663
3662
3660
3657
3654
3652
3650
3646
3644
3641
3640
3638
3636
3635
3634
3632
3630
3624
3623
3622
3620
3619
3616
3603
3602
3600
3598
3594
3591
3589
3587
3585
3584
3581
3580
3571
3567
3561
3560
3559
3558
3554
3553
3552
3549
3546
3543
3542
3541
3539
3536
3534
3524
3523
3519
3513
3511
3510
3506
3503
3502
3499
3498
3497
3494
3490
3489
3488
3486
3482
3481
3478
3476
3473
3468
3467
3466
3463
3459
3453
3450
3447
3445
3444
3443
3441
3439
3626
3736
3872
3573
3979
3941
3659
3642
3928
3788
3611
3578
3550
3861
3454
3765
3576
81
293
174
2
279
219
240
162
44
259
61
657
3961
3925
3566
3530
3504
3496
393
1240
3268
3401
2767
3325
3382
3008
2879
3423
3318
2972
2834
2699
2670
3424
3354
3358
3055
3053
3421
3153
2817
3315
3374
2952
3388
3333
2886
3155
3336
3322
3083
3066
3427
3338
2982
2959
2703
3135
2953
2710
2821
3130
3435
2731
2667
2861
3300
3413
3293
3166
3105
2985
3194
3013
3392
3080
3231
2887
2809
3372
3251
3181
3114
2978
2837
3352
3212
3058
2846
3015
2772
2791
3234
3375
3384
3047
3014
3430
3137
2687
3414
3237
3092
3052
2948
2929
2755
2683
2681
3227
3417
3232
3213
2852
2749
3362
3250
3202
3104
3023
2981
2967
2943
2810
2761
2756
2673
2987
3399
3073
2988
2974
2910
2909
2706
2679
3036
2919
2911
2896
3129
2924
3228
3149
3064
2986
2925
2800
2763
2743
3426
3387
3339
3284
2960
2908
2890
2773
2717
3050
3016
2823
3349
3099
3281
2668
2950
3391
2893
2858
2736
3365
2804
3217
2721
3328
3112
3088
3235
3138
3329
3274
3224
3075
2868
3039
2812
3327
2796
3159
3261
3182
2790
3240
3125
3087
2747
3069
3189
3043
2801
2990
3009
2723
3369
2686
2685
2675
987
3672
3628
3838
3455
3817
3944
3889
3785
3772
3605
3565
3492
3950
3795
3877
3860
3689
3604
3926
3852
3831
3702
3547
3526
3521
3491
3484
3475
3449
3448
3888
3847
3800
3592
3522
3480
3693
3625
3610
3544
3533
3884
3873
3858
3830
3828
3683
3477
3692
3966
3842
3760
3656
3556
3471
3438
3968
3841
3780
3734
3563
3551
3512
3440
3971
3938
3929
3908
3796
3687
3667
3618
3596
3548
3545
3501
3461
3456
3437
857
3948
3797
3779
3633
3621
3586
3577
3517
868
865
2965
2870
3253
3111
3103
2802
3341
3012
2933
2923
2878
2856
2980
2853
2778
3308
3266
3089
2984
1499
1263
945
269
77
147
19
343
93
78
282
253
333
289
111
205
195
68
151
321
131
35
137
17
251
149
20
264
127
99
187
89
6
300
225
23
278
226
116
41
193
328
306
3239
2770
2674
3340
2678
3330
3267
3132
3110
3017
2939
2863
2712
2831
2764
2693
1762
1354
612
603
628
664
622
595
639
616
588
575
659
647
583
577
675
600
685
626
611
605
598
448
646
3723
3487
568
533
362
572
467
464
435
655
644
597
403
488
498
562
501
399
3280
3208
3157
2825
3419
3416
3297
3272
3252
3172
2991
3383
2954
2771
3313
3393
3312
3363
3214
3195
3078
3056
3040
3027
3000
2966
2916
2864
3385
3187
3032
2955
3378
3351
3277
3206
3198
3167
2751
2742
3307
2932
2696
217
1234
1154
474
2713
1353
3406
3397
3353
3345
3344
3321
3260
3140
2989
2665
2903
3067
3320
3060
2992
2894
2833
3262
3254
3196
3179
3081
2958
2797
2708
2701
3097
2808
2688
3436
3434
3433
3429
3428
3425
3422
3411
3408
3407
3402
3400
3398
3396
3395
3394
3390
3389
3380
3376
3371
3368
3367
3364
3360
3357
3355
3350
3348
3347
3342
3337
3335
3323
3319
3317
3316
3314
3311
3309
3305
3303
3301
3299
3294
3292
3291
3290
3287
3286
3283
3279
3276
3275
3270
3269
3264
3259
3257
3256
3249
3248
3247
3246
3243
3242
3241
3238
3236
3229
3226
3225
3220
3218
3215
3211
3209
3201
3199
3197
3193
3192
3190
3188
3185
3184
3183
3180
3175
3174
3171
3170
3169
3163
3161
3158
3156
3152
3151
3147
3146
3143
3142
3141
3139
3131
3128
3127
3123
3122
3121
3120
3119
3116
3115
3109
3108
3107
3106
3102
3098
3096
3095
3094
3093
3091
3090
3085
3084
3082
3074
3072
3070
3065
3063
3059
3054
3049
3048
3046
3045
3044
3042
3041
3038
3035
3033
3031
3030
3029
3028
3026
3025
3022
3021
3010
3007
3004
2999
2998
2997
2996
2994
2993
2983
2977
2976
2975
2973
2970
2963
2957
2956
2949
2945
2944
2941
2940
2938
2937
2936
2935
2931
2930
2928
2927
2926
2921
2917
2915
2914
2913
2912
2907
2906
2905
2904
2902
2900
2899
2898
2897
2895
2891
2889
2888
2884
2882
2880
2877
2875
2874
2873
2872
2867
2866
2862
2859
2855
2854
2851
2850
2849
2848
2844
2843
2842
2841
2840
2835
2832
2828
2827
2819
2816
2814
2813
2807
2806
2805
2803
2795
2794
2793
2789
2786
2785
2784
2783
2782
2780
2776
2769
2768
2766
2765
2762
2759
2754
2753
2750
2748
2746
2745
2744
2741
2738
2733
2732
2729
2726
2720
2716
2715
2709
2702
2700
2698
2695
2694
2689
2677
2676
2672
2669
2666
2663
2661
3403
3034
3024
3219
3148
2876
2871
2811
3404
3324
3296
2969
2961
2946
2942
2920
2839
2815
2777
2757
2705
2680
2664
3207
2995
2739
3359
3255
3144
3113
2847
2692
3145
3118
3062
2727
2719
2690
3377
3306
3285
3273
3186
3177
3160
3076
2951
2860
2836
2758
2662
3373
3302
3244
2824
2820
2697
2671
3420
3412
3298
3288
3233
3204
3178
3002
2787
3051
2947
2881
2737
2684
2682
2818
2781
3415
3405
3379
3370
3356
3346
3334
3332
3203
3191
3176
3154
3133
3086
3077
3068
3061
3018
2934
2865
2845
2830
2829
2779
2730
2728
2711
1252
1403
3432
1510
1892
1266
1244
1065
931
1476
1005
1607
1089
1731
1094
1633
964
1141
1602
1071
1167
1869
1355
1137
1492
1672
1379
1635
1756
989
1478
1372
1115
1592
1582
1904
1208
1759
1474
3361
3136
2760
977
1090
1640
1228
1533
1363
1493
1578
1218
1177
1748
1428
1566
1295
1468
1378
1333
1118
1749
1725
1248
1906
1681
903
1625
1910
1727
1703
1629
1232
1097
992
1875
1382
942
919
1103
618
574
1415
1275
1121
1041
381
547
489
385
1452
3962
3943
3886
3851
3756
3750
3741
3721
3684
3677
3674
3651
3609
3540
3525
3495
862
3205
3343
3005
3326
3001
3223
3150
2718
3289
3020
2869
2707
1847
1223
398
1299
1188
1131
1785
1504
1310
1051
899
3263
3057
1158
1044
1728
1552
1763
1549
1704
1502
971
1583
1414
1381
1315
1873
1871
1841
1636
1591
1587
1190
