107
773
3980
263
3885
3905
4022
233
624
275
3816
49
3787
717
464
1096
1430
656
1792
2100
3849
319
327
81
1301
206
8
2470
1890
282
893
3989
3985
4016
874
3134
3934
1690
1034
4024
215
3808
673
1176
3637
3813
1581
2721
1713
1474
2422
498
3181
210
61
4033
247
642
3669
1262
160
1027
1119
292
3336
190
1996
124
293
443
151
3401
868
2740
1395
2527
1240
3671
660
904
1252
865
3322
3398
3502
877
885
589
2565
4013
864
3676
2204
2281
852
241
3744
218
2885
3682
2732
3467
2722
3725
1362
3806
1264
3487
2382
1403
3963
35
3811
1854
1386
316
1602
3729
3854
47
3846
945
155
135
3935
44
937
3582
317
111
2314
129
207
386
341
287
237
202
356
182
114
76
74
3271
12
213
164
3607
1822
1233
3294
2245
841
3881
3441
735
401
3094
476
3732
2431
3006
3235
3992
2269
3343
2316
3202
244
3908
3904
2736
3526
268
220
3461
3844
2634
2255
4020
34
3817
467
2524
288
4010
3932
1157
2678
3028
2632
2860
3660
4011
2066
1441
2421
1755
3853
894
1105
801
767
729
821
796
788
757
255
693
18
799
765
832
70
2857
3159
607
1071
1527
3407
1814
1224
2792
3807
532
863
358
3879
42
472
3789
1657
585
2442
1239
2926
3290
3954
1088
2811
3820
674
672
1151
1961
2725
193
448
883
2453
3742
3959
2971
3354
1521
1486
501
536
100
502
1748
1030
2826
1443
3827
2079
411
866
3746
667
2963
943
1147
1924
351
2457
534
1546
3699
3602
1887
2895
3581
336
1031
205
1466
1788
1297
910
1599
1696
1731
1670
790
836
878
879
2437
2034
572
3539
3254
2528
2487
2535
2094
2788
347
184
1797
1138
1295
3679
3180
3549
3585
3771
3949
3812
3606
3922
3727
3624
3745
3536
3662
3717
2167
3614
3652
3489
776
1254
3882
1693
1203
3425
3427
32
337
243
310
174
157
229
3128
2886
2949
3066
1627
4000
3251
2930
453
406
437
2441
3911
3700
3565
3659
3477
887
867
873
3990
4025
3991
4004
201
19
89
95
384
552
427
173
855
798
3720
3923
152
4
328
273
78
195
181
256
3446
3490
3447
3580
225
143
102
99
68
86
278
296
177
46
175
227
131
219
20
139
300
187
320
284
226
149
266
23
254
60
234
39
269
204
54
59
276
346
340
1
65
50
311
344
5
165
141
69
51
260
126
117
156
10
106
17
14
246
31
22
120
91
83
333
326
309
281
253
299
194
94
163
197
159
343
144
137
28
2
264
302
101
24
249
242
130
87
158
239
172
48
29
118
304
257
79
73
85
329
313
211
133
105
80
7
224
84
53
208
3
339
314
303
186
26
331
248
325
261
121
9
318
109
258
238
170
123
82
342
223
212
122
72
63
62
25
132
77
322
280
271
251
235
200
332
330
312
308
298
297
295
283
277
270
259
222
214
209
192
180
179
176
169
168
150
127
116
115
112
110
97
92
66
57
45
30
27
13
11
6
252
291
231
199
338
324
272
128
274
148
103
55
88
334
323
315
290
265
236
196
188
161
142
134
119
113
104
98
75
56
40
21
0
345
232
203
185
146
67
285
4017
4026
3986
4021
4038
4031
4030
3982
4027
4007
4014
4003
4002
3997
3994
3998
4037
4035
4032
4028
4023
4018
4005
3984
3995
3988
3996
4034
4019
4012
4009
3981
4006
594
4036
4001
3993
3999
4029
4015
3987
3983
4008
872
858
822
733
744
895
870
714
707
839
746
869
882
782
742
736
848
701
881
880
875
871
859
806
797
716
846
845
833
768
761
740
712
691
755
777
888
708
889
886
876
861
710
783
734
795
770
763
766
704
728
831
830
759
813
762
751
724
715
700
808
760
706
726
690
829
713
838
792
731
723
711
842
810
772
741
779
688
784
696
843
814
805
778
737
844
774
727
709
753
698
687
850
817
809
827
730
718
835
807
686
781
748
739
856
837
823
804
803
780
769
849
847
840
820
815
756
752
745
722
720
697
695
853
834
828
800
754
738
705
824
819
793
787
764
758
747
719
694
703
854
786
743
785
794
818
702
775
802
689
851
826
812
811
789
771
750
749
732
725
721
699
825
884
816
892
891
692
890
791
860
857
3766
3678
3899
108
36
3546
3809
3783
3863
3616
3941
3757
3504
3587
3973
3657
3595
3473
2513
3675
3658
3791
3478
3895
3751
3950
3531
3626
3724
3515
3592
3690
3535
3913
3799
3917
3892
3735
3893
3668
3612
3571
3465
3975
3965
3957
3476
3572
3458
3723
3530
3931
3834
3460
3777
3891
3964
3784
3509
3601
3896
3643
3924
3823
3912
3857
3538
3773
3850
306
38
93
305
140
2515
2401
301
125
16
178
3470
3698
3977
3740
3713
3666
3688
3840
3482
3472
3730
3852
3837
3647
3909
3523
3479
3532
3754
3617
3527
3522
3462
3450
3492
3928
3929
3838
3903
3967
3781
3598
3695
3815
3715
3933
3883
3639
3819
3567
3710
3786
3763
3468
3890
3555
3706
3584
3483
3497
3696
3914
3829
3752
3534
3855
3764
3623
3937
3782
3593
3464
3753
3455
3862
3749
3947
3870
3620
3759
3906
3869
3608
3486
3547
3707
3839
3712
3958
3770
3511
3599
3888
3866
3524
3443
3945
3860
3480
3792
3542
3541
3978
3520
3921
3664
3636
3498
3765
3825
3600
3466
3836
3774
3701
3552
3452
3822
3591
3961
3878
3821
3622
3499
3972
3915
3529
3507
3687
3832
3785
3576
3864
3920
3747
3641
3900
3719
3711
3648
3558
3506
3568
3562
3951
3794
3714
3796
3438
3743
3865
3644
3553
3508
3283
2902
3310
3126
2952
2766
96
217
162
41
2747
2685
2320
2444
2456
250
3944
3841
3876
3867
3769
3685
3629
3590
3556
3640
3635
3488
3454
3943
3683
3550
3505
3979
3916
3775
3772
3889
3884
3800
3731
3702
3642
3627
3603
3760
3971
3670
3918
3797
3795
3736
3691
3680
3613
3594
3578
3560
3516
3512
3872
3956
3927
3510
3474
3459
3966
3930
3926
3828
3824
3779
3734
3692
3611
3604
3514
3457
3877
3525
3902
3845
3804
3788
3737
3703
3697
3672
3557
3475
3667
3656
3471
3448
3976
3970
3969
3960
3952
3946
3940
3936
3919
3907
3901
3898
3894
3874
3859
3858
3835
3833
3826
3818
3814
3810
3803
3802
3793
3790
3778
3776
3768
3767
3761
3758
3748
3738
3728
3722
3718
3709
3708
3705
3693
3681
3677
3663
3661
3649
3645
3634
3633
3631
3628
3625
3621
3615
3597
3588
3586
3583
3579
3573
3569
3566
3564
3559
3554
3544
3543
3528
3518
3513
3503
3501
3500
3493
3491
3485
3484
3481
3463
3453
3449
3445
3442
3439
2959
2834
2727
2861
3373
3349
3317
2794
2723
3325
2670
3075
3130
2759
3138
3435
2746
3092
3436
2946
2731
3399
2925
2891
2821
335
294
279
240
230
221
191
189
183
153
138
64
33
3156
3050
3356
2957
3124
3303
3429
3167
2690
3371
3246
2882
3016
2831
2820
3393
3069
3194
2687
3058
3338
2818
3015
2697
3260
3205
2486
2466
2650
2349
2041
1956
2113
2015
2517
2514
2651
2505
2341
2490
2424
2008
2105
2048
3068
2688
2900
2682
3043
2816
3063
3083
3873
3577
3563
3521
3842
3721
3684
3651
3605
3517
3495
3968
3831
3618
3496
3456
3780
3847
3610
3596
3533
3948
3830
862
3469
3938
3851
3545
3540
3437
2859
2947
2739
2662
3404
2878
2856
3211
2700
3402
3390
3030
2851
2972
2703
3250
3352
2835
3144
3024
3237
2848
2770
3048
2853
3376
3264
2843
2668
3421
2761
2874
3269
2852
2743
3122
3109
3088
2712
2673
3405
3379
3370
3334
3086
3002
2737
3242
2965
3199
3430
3095
3080
3042
2888
2807
2680
3257
2977
3323
2751
2868
3229
3195
3163
3026
3010
2809
2738
3286
3023
2948
2801
3135
2887
2729
3029
2987
3014
2928
2806
3368
3423
3318
3309
2710
2663
2961
3009
3400
3243
3238
3383
3190
2810
2717
2924
2745
3304
3184
3380
3209
2846
2927
3417
3158
2689
3392
2909
2850
3295
2934
3314
3155
3008
2879
3117
3054
3000
2974
3340
2771
2762
2667
2939
3206
3041
2795
3364
3166
2910
2741
3426
3213
2969
2944
2674
3265
3100
3096
3084
3004
3139
3097
2921
3239
3021
3007
2918
3414
3174
3036
2866
2854
2800
3293
3104
2962
3149
3108
3056
2945
2877
2873
3022
2864
2777
2923
2812
3273
3231
2837
2832
3307
2735
3226
3064
3033
2915
2906
2905
2890
2827
2920
2867
3324
3301
3078
2896
2862
2815
2787
2755
2706
2676
2664
3228
3085
2994
2931
2916
2839
2763
2679
3387
3348
3098
3040
2966
2960
2943
2912
2872
2754
2705
2683
2666
3173
3003
2814
3162
3374
2865
2785
3410
3207
3179
3377
3136
3079
3335
3327
3248
3288
3160
2863
3296
3272
3049
2849
3346
3308
3285
3253
3233
3221
2830
2711
3419
3341
3313
2836
3215
2996
2913
3337
3132
3039
3188
2901
3093
2881
2819
2718
2730
2702
2686
3176
3018
2829
3203
3107
2870
3418
3365
3236
3187
2997
2935
2933
3411
3299
3420
3244
3241
3001
3297
3204
2661
3289
3062
3057
3118
2955
3367
3330
3274
3169
3106
2708
2772
3292
3198
3189
3140
3035
2989
2904
2742
3306
3170
3403
3397
3038
3013
2936
2845
2833
2720
3434
3422
3321
3319
3146
3120
3089
3051
2748
3351
3116
3087
3070
2791
2780
3287
3225
3034
2992
3369
3192
2984
2823
2684
3151
3082
3005
3262
3245
3019
2894
2847
2672
2238
2621
2388
2426
2170
1992
1988
2310
2162
2373
2160
2156
2252
2076
1982
2656
2587
2570
1934
1913
2443
2613
2577
2548
2375
2251
2051
2152
2070
1949
2380
2234
2383
2197
1974
1933
2360
2301
1960
1922
2523
2158
2557
2362
2641
2411
1990
1930
2016
2645
1991
2626
2494
2025
2622
2019
2258
2021
2350
2337
2627
2447
1980
1957
2412
2091
2023
2342
2226
2256
2214
2177
2415
2496
2185
1965
1952
2379
2205
2296
2493
2099
2175
2155
2637
2242
2608
2941
2693
3391
3366
3360
3353
3316
3252
3247
3240
3152
3102
3072
2991
2796
2716
2979
3355
2999
2903
3962
3886
3756
3750
3741
3674
3609
3561
3440
1220
2677
3385
3027
2951
2942
2844
3214
3178
3177
2784
3433
3431
3424
3416
3396
3394
3384
3382
3381
3372
3363
3362
3359
3358
3357
3347
3345
3344
3339
3332
3329
3328
3326
3320
3315
3312
3302
3300
3291
3284
3280
3277
3276
3267
3259
3256
3249
3234
3232
3230
3227
3222
3220
3218
3212
3210
3208
3201
3200
3193
3191
3183
3171
3168
3154
3148
3145
3142
3137
3131
3129
3127
3123
3119
3115
3114
3113
3112
3103
3099
3091
3090
3073
3067
3065
3059
3052
3047
3046
3032
3025
2995
2993
2990
2988
2986
2985
2983
2982
2978
2970
2967
2958
2956
2954
2953
2940
2937
2929
2922
2919
2917
2914
2911
2908
2907
2899
2897
2892
2889
2880
2876
2869
2858
2841
2838
2828
2824
2822
2805
2804
2803
2802
2797
2793
2789
2786
2782
2781
2778
2773
2769
2768
2765
2760
2758
2757
2756
2753
2752
2750
2749
2734
2733
2728
2726
2715
2713
2709
2704
2698
2695
2694
2681
2675
2671
2669
58
1065
1000
3255
1865
3279
3278
3266
3081
3077
3061
3172
3076
2875
3386
3350
2775
2724
3415
3395
3342
3224
3219
3185
3150
3017
2932
2871
3412
3275
3196
3012
2665
3223
3182
2964
2938
2719
3406
3331
1274
1046
2432
1346
2568
2304
2413
2472
2609
2355
3378
3298
3261
3060
2973
2950
2840
2783
2701
928
1061
1433
1544
1050
1802
1629
1641
951
1251
1676
950
1089
986
1314
1784
1705
3409
3165
3011
2968
1445
961
1372
1154
1144
1687
670
635
675
640
599
577
632
595
647
643
600
648
616
1324
1592
1279
1875
1764
912
622
2260
2597
2367
2346
2228
2217
2130
2558
2312
2270
2085
2357
1936
2207
2262
2392
2298
2052
2122
2173
2540
2211
2589
1963
2603
1939
2132
1928
2445
2438
2026
2325
2143
2134
2503
2405
2248
2129
2067
2400
2330
2552
2249
2322
2114
1975
2063
2653
2522
2387
2058
2055
2247
2474
2533
2509
2420
2208
2096
2581
2489
2497
2286
2381
2278
2237
2647
2425
2135
1916
2652
2232
2293
1948
1920
2222
2469
2092
2398
2302
2057
2032
2532
2476
2427
2044
2290
2263
2107
2516
2345
2319
2259
2215
2039
1987
2353
2253
2233
1983
2477
2352
2074
2521
2334
2623
2103
1979
2658
2585
2024
1935
2592
2518
2336
2332
2315
2264
1955
2440
2146
2599
2530
2510
2465
2144
2128
1994
1940
2235
2038
2433
2240
2086
2644
2531
2012
1931
2537
2377
2161
2101
2072
2574
2485
2409
2165
2140
1986
1985
1938
2430
2339
2142
2136
2131
2124
2020
1962
2138
2042
2655
2616
2414
2356
2340
2311
2309
2046
2478
2446
2329
2300
2287
2628
2313
2236
2593
2576
2561
2560
2542
2482
2201
2150
2123
1953
2638
2631
2619
2499
2454
2206
2188
2118
2112
2108
1942
2448
2120
2328
2243
1970
2602
2556
2429
2408
2407
2369
2276
2244
2179
2147
2040
2037
1966
1917
2159
1972
1927
2624
2460
2370
2045
2538
2378
1998
1951
2612
2566
2406
1977
1964
2488
2371
2366
2231
2126
2049
2321
2480
2473
2416
2318
2254
2209
2149
2141
2047
1944
2646
2607
2564
2563
2551
2546
2504
2495
2467
2395
2363
2359
2331
2303
2275
2229
2213
2200
2164
2121
2078
2073
2069
2059
2043
2033
2005
1946
1925
2639
2364
2284
2202
2620
2097
2006
2004
1958
1919
2648
2636
2365
2171
2000
1973
1921
2660
2225
2157
1914
2657
2640
2583
2571
2435
1999
2512
2461
2351
2267
