1912
107
2347
1888
1684
1126
2218
3437
2384
1800
2289
2839
483
2187
0
1184
348
2111
3152
1583
1621
2916
2268
2742
414
3035
2915
2283
484
1192
3000
686
925
3938
1076
1703
517
896
2966
2951
3426
3320
2072
1620
412
2047
3342
1277
1250
1231
2043
376
2905
1783
3076
2973
2639
824
2032
1504
1786
475
3136
2989
25
3267
2944
67
3877
3154
3545
1972
2751
1312
2110
1827
2928
2869
3263
1047
2176
1893
1159
363
1821
2682
2031
3366
1429
2880
1333
805
3319
1415
400
3822
1283
1108
2664
1229
239
1968
1245
3604
2315
606
1662
2575
1205
1999
181
563
2994
1480
3256
3529
2904
975
3762
1990
1366
2937
2117
2049
1040
2720
1122
1452
370
3948
1227
3347
3148
2698
573
693
2873
1569
1469
1555
109
3934
3830
3177
942
2364
2161
2537
1770
640
2708
1462
992
3991
2920
3535
186
2076
236
1267
2265
2425
3643
1998
259
1702
2780
966
3026
2297
3521
678
1680
2355
2325
2406
1534
2608
507
703
2660
3695
271
2703
2812
2412
1791
1660
2948
3221
3911
242
3622
3980
3525
3758
374
1585
1232
850
3255
273
511
3802
233
3723
477
1037
3353
3131
2376
3770
2183
2075
620
3137
1675
1405
3870
1858
3967
3843
2402
3692
708
325
334
718
3316
2535
1716
1302
536
627
2787
1630
3902
1408
39
3204
3526
126
3889
1567
1894
3232
1060
214
556
1954
3111
3077
1010
575
3701
514
968
4013
953
1305
3757
1505
869
3247
3043
3360
748
3384
3418
2925
1978
3782
2166
29
1427
2247
2968
2531
1036
1499
171
2202
3915
3339
1176
1948
2505
2235
1571
3013
4011
1624
22
2089
658
1133
3404
784
1896
2518
396
2650
2023
1407
3011
1039
353
2881
1030
1502
1251
215
698
1494
98
3672
1995
3467
3684
1532
829
323
1151
2044
2091
3410
803
828
3639
3791
3956
2596
3074
469
630
488
1307
2214
1418
1713
2644
2693
1549
1771
292
1756
1248
3775
1458
2405
3928
3741
3593
1162
3614
1001
690
2019
1601
3352
295
3707
921
832
537
2310
1575
977
133
3305
2156
62
68
3642
3160
827
3660
3724
2466
3073
724
4037
3894
463
1259
639
3602
1402
1011
1565
1914
1576
3834
85
213
1282
515
335
3582
3754
1118
3349
3780
3369
1743
3733
3138
3817
3753
196
2159
1626
2954
3334
1507
2953
330
2889
1720
3736
1441
2203
2824
2874
2722
2697
919
1678
2066
1656
21
721
3063
3922
1949
2493
3096
2614
683
3570
3995
3564
2675
1226
2192
3448
962
1725
3472
777
910
1975
131
2623
503
3557
3547
1851
3981
1375
3752
1474
2907
1650
2345
1982
2362
1825
3595
3356
672
601
551
1848
2576
3242
3558
260
3440
3282
3254
887
2141
1907
3330
2678
1996
1075
576
3346
1806
628
3350
3955
2732
3763
1692
450
3451
3615
1468
57
2223
3918
3586
228
1212
2967
2846
1535
2930
1686
3333
1627
3174
478
3293
1751
987
1171
1640
2413
732
1706
590
1903
61
1952
2996
2475
3294
261
2407
3839
3990
1762
283
359
1674
1773
3665
505
115
676
3897
3248
2828
3559
468
2796
3217
1026
1470
2544
3117
1649
3579
1634
1091
3796
2445
94
368
2312
2992
357
3176
2085
418
2763
2399
1830
375
3949
2004
189
716
3891
853
689
3244
1115
3243
3130
2899
317
219
356
383
2367
3847
3088
3259
2137
3089
3523
145
1478
1097
1892
2314
3507
3825
464
3856
2613
1437
3989
2195
1573
2097
3580
792
1131
3510
893
3892
623
2813
2017
814
2910
935
1138
2401
426
3913
747
2
175
157
263
2633
3669
294
1050
3939
3315
32
166
2691
2387
3866
1012
2545
234
308
1550
2100
2385
1035
2949
147
4035
296
3566
595
3823
3883
759
2692
3401
3655
3683
442
3816
3283
3318
1163
347
3594
2237
3235
802
3973
3059
1111
3668
879
766
3094
1102
3141
1788
3395
1355
1045
384
2301
1874
816
3819
1516
454
1711
2178
2490
2879
496
1958
2713
2077
1357
3900
1306
1145
1655
2577
112
3605
3312
1611
1969
774
4029
1506
2603
3797
493
2519
2249
1705
1699
1090
1256
1537
407
3206
3310
2393
198
169
2859
2744
151
1213
1464
1695
1642
56
2540
3958
2437
584
3518
1261
3982
2383
1165
3362
3192
1398
47
3280
1811
231
931
2448
959
2285
1044
613
481
1422
651
1005
1073
2838
1215
701
37
599
632
1442
55
548
1497
543
1884
2702
3216
2651
880
2569
2096
4009
2439
1989
535
466
2900
216
3123
2001
293
2177
1784
1510
659
1481
625
3445
190
1169
1087
1065
311
3561
8
1051
87
3343
2911
3544
2815
817
13
139
1700
1951
3275
3514
3173
3484
3667
3156
3673
2014
594
495
2884
1208
2924
230
2375
1859
449
3629
1374
1722
274
3556
1088
3591
544
1077
1070
2748
3246
281
541
1863
1129
2822
745
970
3007
1198
3122
734
1004
894
2982
3183
3376
1206
3601
3066
1646
844
2124
183
3184
1385
86
3450
3496
2320
439
3859
715
694
153
3016
245
660
3720
3585
3882
1414
1724
1493
1216
939
1372
218
3650
2255
876
1013
2997
1937
2791
499
3400
2018
2870
3485
797
928
64
3546
3531
2366
2250
1987
2653
2182
1818
565
2051
2589
786
3470
1580
1423
2914
50
3977
3214
1560
117
1558
3806
381
571
1922
4021
2444
129
1263
604
144
1763
3709
174
224
593
3826
2961
664
892
3912
3307
2480
3645
524
1031
796
1127
2878
3885
3142
1420
1492
1043
1564
757
2481
3109
3449
137
3836
2330
3925
2584
3875
53
3565
3890
27
2528
4036
2260
3504
2766
2146
1852
3685
633
2801
3297
138
3647
1615
3379
1262
1790
3092
2238
3820
3005
342
2844
1950
3287
3803
1439
3195
2912
2272
1436
3867
2416
3845
3317
389
2234
3487
3014
2476
706
695
723
35
372
452
309
2818
3124
1443
3778
1719
1911
4003
3187
2620
59
819
713
838
2906
352
764
898
680
2027
682
1518
2858
1981
3209
3403
854
3327
275
1428
545
1814
1356
1503
3857
3749
1155
3717
1546
870
2379
2035
2270
1812
2855
3422
1701
3941
4014
316
3838
4031
3497
2421
1056
1336
3993
3765
237
3745
2857
2632
3779
3996
1200
3768
3157
936
3424
3031
1296
1533
99
