0
801
3987
244
2569
18
74
1386
918
1560
90
287
877
3709
15
1206
3820
468
241
624
447
2842
3875
3230
1607
1233
649
1326
286
209
81
282
3996
4020
4006
4002
3983
4038
4033
3986
4019
3981
4031
3995
3993
4037
4030
4023
4021
3998
4036
4035
4034
4032
4028
4027
4026
4024
4018
4017
4016
4014
4013
4012
4009
4007
4005
4004
4003
4000
3999
3997
3994
3992
3991
3988
3985
3982
3980
4010
855
732
714
873
750
743
699
786
712
821
812
744
839
790
836
854
852
846
841
835
826
822
808
806
802
798
796
795
793
791
789
788
785
782
775
771
768
767
757
740
725
723
717
711
707
704
702
700
691
690
689
872
776
893
863
804
779
838
737
727
715
832
792
710
761
843
735
880
837
809
807
797
783
770
763
758
741
739
730
716
696
828
824
799
794
784
764
762
759
756
755
733
728
726
724
720
718
703
853
851
850
847
845
844
833
831
829
817
816
814
813
787
781
778
773
752
751
746
742
738
736
734
722
706
701
695
694
693
849
848
842
834
830
827
823
820
818
815
780
777
766
765
760
754
748
745
731
721
709
708
705
688
687
686
879
3582
3939
895
894
892
891
890
889
888
887
886
885
884
883
882
881
878
876
875
874
870
869
867
866
864
861
860
859
858
856
840
825
819
811
810
805
803
800
774
772
769
753
747
729
719
713
697
4029
4025
4022
4008
4001
3990
871
3801
3978
3588
3963
3771
3928
3489
3977
3498
3447
3907
3711
3666
3893
3558
3965
3836
3857
3739
3443
3905
3814
3908
3678
3679
3441
3612
3925
3599
3768
3470
3649
3952
3738
3615
3823
3646
3643
3568
3936
3753
3455
3731
3813
3834
3671
3450
3546
3870
3855
3803
3794
3591
3569
3509
3493
3463
3681
3937
3724
3967
3960
3783
3696
3519
3874
3871
3442
3940
3852
3915
3668
3634
3630
3474
3466
3464
3460
3956
3881
3826
3777
3764
3623
3535
3458
3774
3934
3793
3782
3770
3614
3564
3662
3580
3531
3743
3628
3799
3716
868
865
698
3904
3859
3742
3726
3487
3547
379
2527
2441
2621
2528
2568
1924
1992
2106
2130
2015
1933
2227
2160
2360
2650
2444
2320
2255
2204
2421
2321
2041
2311
2513
2158
2119
2554
2288
1965
2371
2197
2570
2301
2173
2182
2477
2388
2091
2335
2286
2035
2359
2552
2120
2655
2619
2549
2500
2433
2339
2326
1946
2559
2499
2374
2353
2307
2212
2095
2077
1984
1962
1953
2114
1854
2540
2270
2469
2467
2386
2237
2216
2172
2118
2083
2055
2045
2452
1988
2618
2342
2329
2584
2476
2391
2506
2427
2069
2644
2453
2411
2248
2193
2080
2066
1978
2150
2630
2593
2563
2561
2556
2551
2526
2492
2460
2410
2395
2354
2348
2340
2306
2275
2253
2206
2131
2103
2090
2033
3375
3522
3957
3911
3736
3639
3552
3488
3481
3491
3565
3702
3888
3592
3847
3484
3841
3521
3492
3780
3683
3540
3944
3625
857
3968
3858
3703
3697
3693
3604
3545
3448
3438
3979
3976
3975
3974
3973
3972
3971
3970
3969
3966
3964
3962
3961
3959
3958
3955
3954
3953
3951
3950
3949
3947
3946
3945
3943
3942
3941
3938
3933
3932
3931
3930
3929
3927
3926
3924
3923
3922
3921
3920
3919
3918
3917
3916
3914
3913
3912
3910
3909
3906
3903
3902
3901
3900
3899
3898
3897
3896
3895
3894
3892
3891
3890
3889
3887
3885
3884
3883
3882
3880
3879
3878
3877
3876
3873
3869
3868
3867
3866
3865
3864
3863
3862
3860
3856
3854
3853
3850
3849
3848
3846
3845
3844
3843
3842
3840
3839
3838
3837
3835
3833
3832
3831
3829
3828
3827
3825
3824
3822
3821
3819
3818
3817
3816
3815
3812
3811
3810
3809
3808
3807
3806
3805
3804
3802
3800
3798
3796
3795
3792
3791
3790
3789
3788
3787
3786
3785
3784
3781
3779
3778
3776
3775
3773
3772
3769
3767
3766
3765
3763
3762
3761
3760
3759
3758
3757
3755
3754
3752
3751
3750
3749
3747
3745
3744
3741
3740
3737
3735
3734
3733
3732
3730
3729
3728
3727
3725
3722
3720
3719
3718
3717
3715
3714
3713
3712
3710
3708
3707
3706
3705
3704
3701
3700
3699
3698
3695
3694
3691
3690
3689
3687
3686
3685
3684
3682
3680
3676
3675
3673
3672
3670
3669
3667
3665
3664
3663
3661
3660
3659
3658
3657
3656
3655
3654
3653
3652
3650
3648
3647
3645
3644
3642
3641
3640
3638
3637
3636
3635
3632
3631
3629
3627
3626
3624
3622
3621
3620
3619
3618
3617
3616
3613
3611
3610
3608
3607
3606
3605
3603
3602
3601
3600
3598
3597
3596
3595
3594
3593
3590
3587
3586
3585
3584
3583
3581
3579
3578
3576
3575
3574
3573
3572
3571
3570
3567
3566
3563
3562
3561
3560
3559
3557
3555
3554
3553
3551
3550
3549
3548
3544
3543
3542
3541
3539
3538
3537
3536
3534
3533
3532
3530
3529
3528
3527
3526
3524
3523
3520
3518
3517
3516
3515
3514
3513
3512
3511
3510
3508
3507
3506
3505
3504
3503
3502
3501
3500
3499
3497
3496
3494
3490
3486
3485
3483
3482
3480
3479
3478
3477
3476
3475
3473
3472
3471
3469
3468
3467
3465
3462
3461
3459
3457
3452
3451
3449
3446
3445
3444
3440
3439
862
1627
1027
1759
1262
562
655
632
631
647
628
605
618
4011
3989
633
636
623
588
662
635
583
577
661
615
600
685
573
663
621
584
654
586
448
3861
3723
3454
593
572
653
466
385
529
532
375
383
565
568
666
646
445
365
422
518
424
470
382
433
2926
2998
3432
2774
3326
3197
2702
3388
3317
3030
2935
2859
2714
3283
2686
3336
2952
2983
3131
3155
3310
3066
3008
3429
3357
3270
2722
3405
3013
3208
3281
3039
2898
3075
3170
3127
3393
2759
2766
3121
3122
3111
2881
3059
2769
3306
3212
3151
2727
2861
3389
2893
2858
3042
3329
2681
3435
3163
3399
2720
2868
3202
3040
3313
3160
3106
2687
3312
3050
3153
3220
2977
3254
3251
3166
3403
3342
2996
2768
3379
3103
3370
3356
3308
2779
2739
2715
3236
3187
3087
3032
2932
2758
3108
2664
3296
3188
3120
3130
3095
3133
3414
3294
3004
3314
2699
2670
2719
3430
3064
2870
3213
2871
2844
2784
2667
2865
3332
3320
2672
3400
3123
2837
2809
2794
2729
3334
3232
3022
2835
2743
3364
3243
3158
3135
3119
3084
3056
2924
2907
2862
2786
2773
2741
3277
3267
3145
3116
3113
3016
2849
2778
2742
2948
2694
3077
2824
3387
3348
3324
3237
3228
3226
3174
3149
3142
3078
3047
3033
2956
2943
2877
2866
2864
2689
2676
2666
3380
3374
2832
2772
3214
3017
2999
2955
2711
2675
3300
2978
2890
3191
3118
3434
3419
3416
3391
3381
3360
3355
3353
3297
3280
3276
3239
3182
3140
3060
3049
2973
2970
2833
2716
3289
3179
3011
76
364
564
2530
2440
2291
2141
2155
2242
2209
2557
2525
2312
2233
1958
2462
2324
2252
2065
2415
2232
2377
2274
2249
2221
2096
2623
2516
2393
2266
2211
2147
2092
1927
2013
1921
2648
2645
2633
2627
2585
2018
2011
2001
2420
2302
1916
2652
2479
2434
2396
2332
2110
2567
2406
2366
2304
2259
2161
2145
2082
2659
2658
2657
2656
2654
2651
2646
2641
2639
2638
2637
2634
2632
2631
2628
2626
2625
2624
2622
2620
2615
2614
2613
2612
2611
2610
2608
2607
2606
2604
2603
2602
2601
2600
2599
2595
2591
2590
2587
2586
2581
2580
2579
