0
4003
822
642
3037
866
892
4029
6
11
911
3031
3071
2079
43
215
4032
2470
2382
255
401
585
4007
1105
191
4001
316
581
3807
3987
18
3268
894
286
3717
721
699
704
3808
260
154
3147
2245
3606
2799
270
294
4024
358
305
35
883
1834
1034
3746
3544
2569
1386
114
4017
2565
1022
3925
3844
996
447
464
3885
160
3853
717
256
571
3183
2722
2527
163
3407
117
3955
125
1087
2230
2704
1546
1760
47
12
233
3583
3729
287
904
207
2269
289
38
292
3910
1607
3694
613
4002
2842
3699
1856
3814
279
153
945
81
3494
205
1096
1262
2388
2798
1326
3765
411
2838
1270
875
2776
2457
336
3230
468
77
2595
3846
2281
1956
2634
3074
2774
3744
1002
1890
1627
3990
386
319
89
219
147
95
879
858
895
871
870
881
2691
2792
867
868
790
884
887
885
873
891
874
865
859
798
886
861
888
802
761
768
832
851
778
893
882
878
876
863
804
748
740
702
689
864
812
712
880
799
715
755
767
745
739
877
872
698
737
690
791
789
731
792
783
836
817
809
787
821
701
889
729
831
751
722
850
816
707
842
696
732
714
793
762
840
890
869
827
811
800
769
719
853
834
828
803
784
781
763
760
741
720
713
706
694
693
844
777
726
724
711
700
833
782
746
856
823
807
805
797
779
730
728
703
697
688
849
848
847
846
845
843
841
839
838
837
835
830
829
826
825
824
820
819
818
815
814
813
810
808
806
796
795
794
786
785
780
776
775
774
773
772
771
770
766
765
764
759
758
756
754
753
752
750
747
742
738
736
734
733
727
725
723
718
716
710
709
708
705
695
691
687
686
852
855
757
860
854
788
744
735
692
743
749
801
3997
3991
4000
3981
4030
3989
4038
4027
3998
4028
4009
3995
3988
4021
4031
4037
4036
4033
4026
4023
4020
4019
4014
4013
4012
4006
4005
4004
3999
3996
3994
3993
3986
3985
3982
594
3980
4025
4016
667
4034
4018
4015
4011
4010
4008
3992
3984
3983
4035
4022
2952
3045
3812
167
247
3216
3055
3218
3227
2961
3229
3315
3300
3193
3095
3205
3030
3567
3871
3739
3657
3911
3864
3502
3653
3686
3447
3965
3857
3541
3445
3673
3834
3726
3504
3487
3766
3832
3507
3676
3882
3936
3745
351
3175
3637
3603
3795
3961
3723
3556
2876
3161
243
102
201
241
195
476
44
155
64
189
293
190
225
116
86
16
76
83
139
63
29
3282
3352
3235
3340
3402
2747
2926
3318
3008
3312
2982
2804
3338
3336
3126
3197
2768
3141
3094
2818
2895
3326
3276
3421
3425
3418
3379
3069
2779
3392
3143
2802
3436
2886
2817
2851
3215
2931
2970
3333
3317
2809
3125
3091
3368
3012
3367
3122
3388
2963
3270
3212
3109
58
3029
3279
2783
2805
3139
3059
2789
3105
3223
2889
2879
2699
3190
3083
3066
3063
2997
2935
2933
2852
3068
2995
3337
3189
3390
3292
3369
2977
2974
2751
2850
3288
3199
3039
3435
2887
2990
3399
3429
3151
2831
3384
3354
3200
3381
3148
2790
2718
3208
2946
2832
2924
2746
3269
2807
2736
3283
2703
3170
2987
2680
3171
2800
3294
3286
3237
2948
2891
2880
2763
3262
2733
2708
3149
3123
3096
2854
2698
3209
3048
3422
3239
3182
2925
3406
3374
3357
3256
3192
3075
3424
3280
2765
3025
3221
2706
3238
2929
2888
2681
3362
3234
3023
2966
2769
2669
3348
3078
2919
2908
2864
2777
2750
2710
3194
3124
3058
2785
3255
3156
3243
3054
2896
3231
3119
3104
3026
2988
2953
2945
2915
2835
2741
2726
2679
2663
3121
2840
3181
3131
3341
3307
3244
3087
3032
2819
3417
3400
3293
3166
3137
3135
3073
3036
2981
2731
3420
2824
2671
3106
3002
2868
3033
2986
2913
2910
2689
3206
3191
3110
3070
3015
2904
3146
3050
3103
3009
3133
2938
3236
2875
3067
2784
3373
3275
3186
2820
3303
3213
2920
2882
2871
2856
2787
2759
2667
3086
3038
2846
3345
2692
3301
3284
3250
3195
3174
3047
3010
2994
2969
2927
2757
2745
2705
2683
3426
3414
3184
2890
2877
2694
2664
3145
2823
2684
3325
3311
2972
2767
3305
3093
2795
2727
3363
3232
3226
3108
3090
3084
3022
3004
2993
2916
2912
2909
2866
2827
2786
2755
3411
3342
2955
2951
2942
2791
2675
1065
3626
3767
3892
3874
3868
3847
3972
3819
3743
3725
3595
3538
3473
3683
3887
3663
3771
3708
3880
3813
3695
3669
3901
3963
3894
3624
3932
3763
3773
3934
3969
3648
3720
3923
3789
3533
3895
3646
3643
3870
3591
3572
3457
3850
3598
3670
3575
3450
3499
3905
3908
3779
3477
3639
3523
3616
3439
3848
3716
3787
3474
3664
3772
3660
3823
3590
3711
3631
3509
3967
3580
3490
3973
3818
3792
3620
3539
3493
3458
3464
3613
3707
3503
3899
3774
3759
3833
3826
3793
3764
3564
3558
3883
3594
3863
3897
3926
3785
3731
3627
3628
3727
3679
3614
3612
3617
3535
3546
3446
3956
3869
3761
3602
3466
3840
3520
3465
3790
3730
3635
3497
3481
3479
3958
3566
3866
3770
3724
3530
3506
3933
3791
3747
3482
3867
3835
3722
3492
3665
3652
3658
3557
3527
3514
3452
3528
3940
3817
3821
3754
3690
3783
3607
3500
3975
3836
3701
3644
3902
3543
3710
3829
3825
3459
3900
3878
3810
3782
3680
3623
3931
3924
3909
3822
3486
3891
3838
3921
3827
3815
3753
3735
3715
3491
3906
3582
3460
3941
3918
3907
3685
3636
3629
3597
3553
3505
3949
628
627
665
577
681
647
650
640
599
670
643
595
576
406
454
501
399
3434
3360
3330
3297
3277
3204
3188
3102
2833
2793
2781
2742
2712
3264
3219
2858
2686
3356
3246
3178
3176
3118
2696
3415
3380
3306
3207
3177
3076
2958
2830
2775
2758
2753
2739
2724
2662
3331
3273
3154
2947
2829
3152
3132
3116
3113
2950
2812
2674
2661
935
1031
3736
3605
3521
3966
3574
3559
3475
3930
3788
3625
3592
3547
3480
3943
3756
3667
3609
3578
3828
3780
3964
3752
3738
3604
3554
3950
3797
3552
3750
3618
3596
3563
3438
3841
3674
3551
3512
3889
3873
3842
3800
3760
3517
3456
3978
3962
3824
3621
3449
857
3971
3938
3684
1579
1814
3298
3272
3225
3144
3024
2965
3258
3043
3111
679
621
1023
1346
1651
3432
3409
3386
3168
3079
3020
2968
2964
3410
3165
84
69
5
10
206
314
162
337
137
93
212
228
3
296
175
264
110
8
85
49
302
182
91
282
71
14
111
65
75
330
52
128
159
306
78
4
145
3290
2885
198
176
41
281
132
96
177
99
157
272
251
297
269
217
150
100
262
17
174
19
229
50
45
266
187
238
300
57
331
227
193
23
268
276
211
199
62
30
299
249
204
101
24
278
33
172
277
320
197
127
108
338
291
151
329
54
290
237
141
105
88
79
51
9
325
284
235
223
170
123
55
26
265
261
252
236
118
98
343
333
312
149
20
346
194
92
48
3365
3196
3185
3169
3136
2825
2735
3346
3419
3416
3397
3355
3353
3351
3335
3296
3291
3253
3247
3224
3179
3089
3049
3041
3035
3034
3017
2991
2939
2936
2849
2796
2719
2865
2826
3302
3278
2999
2764
3433
3431
3430
3428
3427
3423
3412
3408
3405
3403
3401
3398
3396
3395
3394
3393
3391
3389
3387
3383
3382
3378
3377
3376
3375
3372
3371
3370
3366
3364
3359
3358
3350
3349
3347
3344
3343
3339
3334
3332
3329
3327
3324
3323
3322
3321
3320
3319
3316
3314
3313
3309
3308
3304
3299
3289
3287
3285
3281
3274
3271
3267
3266
3265
3263
3261
3260
3259
3257
3254
3252
3251
3249
3248
3245
3242
3241
3240
3233
3228
3220
3217
3214
3211
3210
3203
3202
3198
3187
3180
3173
3172
3167
3164
3163
3162
3160
3159
3158
3157
3155
3153
3150
3142
3140
3138
3130
3129
3128
3127
3120
3117
3115
3114
3112
3107
3100
3098
3097
3092
3088
3085
3082
3081
3080
3077
3072
3065
3064
3062
3061
3060
3056
3053
3052
3051
3046
3044
3042
3040
3028
3027
3021
3018
3016
3014
3013
3011
3007
3005
3003
3000
2998
2996
2992
2989
2985
2984
2983
2980
2978
2976
2975
2973
2967
2962
2960
2959
2957
2956
2954
2949
2944
2943
2941
2940
2937
2934
2932
2930
2928
2923
2922
2921
2918
2917
2914
2911
2907
2906
2905
2902
2901
2900
2898
2897
2894
2893
2892
2881
2878
2874
2873
2872
2870
2867
2863
2862
2861
2859
2857
2855
2853
2848
2847
2845
2844
2843
2841
2839
2837
2836
2834
2828
2821
2816
2815
2813
2811
2810
2806
2803
2801
2797
2794
2782
2780
2778
2773
2772
2771
2770
2766
2762
2761
2756
2754
2749
2748
2744
2743
2738
2737
2734
2732
2730
2729
2728
2725
2723
2721
2720
2717
2716
2715
2713
2711
2709
2707
2702
2701
2700
2697
2695
2690
2688
2687
2685
2682
2678
2676
2673
2672
2670
2668
2666
2665
1073
2481
1657
480
1147
1354
626
633
663
625
619
573
685
684
664
612
611
1739
1481
1143
3859
3444
3979
3977
3976
3974
3970
3968
3960
3957
3953
3952
3951
3947
3946
3945
3944
3942
3937
3935
3929
3928
3927
3922
3920
3919
3917
3916
3915
3914
3913
3912
3904
3903
3898
3896
3888
3886
3884
3881
3876
3875
3872
3862
3860
3858
3856
3855
3854
3852
3851
3849
3845
3843
3839
3837
3831
3830
3816
3809
3806
3804
3803
3802
3801
3799
3798
3796
3794
3786
3784
3778
3777
3776
3775
3769
3768
3762
3758
3757
3755
3751
3749
3742
3741
3740
3737
3734
3733
3732
3728
3719
3718
3714
3713
3712
3709
3706
3705
3704
3703
3702
3700
3698
3697
3696
3693
3692
3689
3688
3687
3682
3681
3678
3675
3672
3671
3668
3666
3662
3661
3659
3656
3655
3654
3651
3649
3647
3645
3642
3641
3640
3638
3634
3632
3630
3622
3619
3615
3611
3610
3608
3601
3600
3599
3593
3589
3588
3587
3586
3585
3584
3581
3579
3576
3573
3571
3570
3569
3568
3562
3555
3549
3548
3545
3542
3536
3534
3532
3531
3529
3526
3524
3522
3519
3518
3516
3515
3513
3511
3510
3508
3498
3496
3489
3488
3485
3484
3483
3478
3476
3472
3471
3470
3469
3468
3463
3462
3461
3455
3453
3448
3443
3442
3441
862
1154
552
384
530
682
678
675
672
668
662
661
660
659
658
657
652
644
638
632
631
624
623
622
617
615
605
602
600
597
590
589
588
583
582
579
578
575
586
574
912
656
671
382
572
499
450
470
485
491
437
489
381
564
393
364
372
593
533
380
474
403
549
202
1157
1150
1364
956
1294
929
1372
1678
1450
937
1646
1162
1599
1430
3201
2903
2822
1866
1887
1133
1477
1055
1050
1682
1638
1801
1062
1005
940
933
1489
1555
1246
1830
1356
1455
1064
1519
1196
1257
1592
1527
1397
3404
3295
3019
3001
2869
2752
959
1007
1486
1873
1749
1152
1285
1860
1550
1315
1190
1850
1708
1567
970
1840
943
1404
1292
1120
1036
1418
1108
1229
975
1859
1381
1091
1531
1822
1564
1441
1658
987
1141
1090
1167
1042
986
1566
1443
1234
939
931
1359
1068
1588
1556
1572
2677
1297
1518
1038
1841
1284
1044
1098
1896
1499
1403
1433
1328
1251
1061
1497
1127
1858
1710
1893
1884
1587
1448
1436
1115
988
1706
1892
1232
938
1910
1213
1168
3948
3877
3721
3677
3633
3577
3561
3550
3540
3525
3501
3495
3440
1803
1705
1410
1360
1700
1340
1121
965
1040
1903
1715
981
957
1552
1686
1507
1259
913
1788
1428
1415
1904
1035
1908
1698
1511
1696
1862
1691
1350
1227
1081
1899
1721
1665
1187
1907
1812
1732
1655
1611
1286
1281
1245
1015
1009
954
1815
1756
1748
1667
1900
1874
1542
1351
1039
972
1242
1821
1181
960
1569
1159
1784
1629
1533
1424
903
3328
3222
3057
2883
2760
1666
1857
1824
1728
1413
1322
1231
1019
1786
1273
971
1619
1457
1125
1083
983
1775
907
1562
1218
1177
1016
1894
1751
1704
1502
1451
1406
942
941
1895
1802
1747
1452
1363
1118
923
1880
1787
1493
1186
901
1809
1330
1163
1156
1736
908
1571
1173
1172
1174
1144
1810
1280
997
1725
1472
1170
974
1661
1303
1066
1032
1867
1771
1737
1623
1256
1054
1680
1379
1235
1204
1100
1082
1615
1261
1442
1871
1820
1783
1742
1729
1515
1396
1382
1166
1102
1099
1799
947
1720
1716
1595
1578
1475
1464
1189
1148
1067
896
639
629
584
1872
1688
1650
1233
1215
1129
677
655
620
618
616
1529
1805
1434
1195
1836
1449
1845
1445
1437
1877
1816
1796
1752
1723
1580
1517
1483
1416
1388
1365
1335
1289
1287
1250
1160
1101
966
1674
1891
1886
1714
1652
1614
1610
1561
1551
1456
1453
1420
1389
1288
1153
1132
1128
978
1750
1730
1605
1597
1530
1302
1211
1024
916
1911
1632
1380
1079
1004
1639
1528
1501
1480
1398
1901
1839
1735
1659
1603
1589
1559
1331
1238
1843
1817
1594
1537
1123
1726
1471
1460
1301
920
1833
1793
1753
1612
1492
1435
1343
1182
1175
1164
1048
995
927
925
921
1819
1813
1689
1283
1272
1149
1126
1047
973
1835
1765
1685
1637
1622
1563
1520
1431
1112
967
946
922
1544
1368
955
909
1758
1505
1419
1178
1088
991
1806
1656
1618
1337
1274
347
315
313
168
152
146
87
304
213
7
322
280
248
142
121
67
323
271
345
344
342
341
340
334
332
328
327
326
324
321
318
317
311
310
309
308
307
303
298
295
288
285
283
275
274
273
267
263
259
258
257
254
253
250
245
244
242
240
239
234
232
231
230
226
224
222
221
220
218
216
214
209
208
203
200
196
192
188
186
185
184
181
180
179
178
171
166
165
161
158
156
148
144
143
140
135
134
133
131
130
129
126
124
122
119
115
113
112
109
106
104
94
90
82
80
74
73
72
70
68
66
61
60
59
56
53
46
42
40
39
36
31
28
27
25
22
21
13
2
1
3385
3361
3101
2979
2693
1684
1888
1861
1754
1662
1620
1522
1341
1269
1230
1219
1902
1898
1804
1772
1675
1669
1553
1535
1447
1323
1220
1201
1779
1863
1924
1937
2015
2105
2008
2487
2094
2238
2455
2360
1776
1422
1053
910
1773
914
1906
1699
1525
1249
1236
1221
1188
1051
977
944
355
568
354
565
562
449
349
472
469
433
350
509
459
1633
1625
1342
1881
1695
1631
1332
1318
1870
1679
1606
1545
1095
1012
1390
1030
1770
1469
1311
1275
1139
1013
964
949
1790
1427
1192
1142
962
948
930
1763
1709
1169
680
666
654
653
636
630
603
598
592
1876
1778
1766
1514
1371
1314
1210
1183
1086
917
905
3861
3454
3437
1800
1791
1584
1444
1290
1265
1226
1209
1078
1075
1049
462
368
451
365
610
521
641
445
1882
1673
1598
1543
1313
1300
1179
968
375
557
363
371
494
479
495
394
673
635
604
553
523
478
385
537
536
527
486
452
440
422
359
676
500
493
444
388
1536
1487
1357
556
548
487
410
396
390
361
683
634
614
587
561
546
528
414
413
408
362
360
646
555
465
420
397
395
378
1878
1767
1740
1694
1512
1490
1408
1349
1122
1113
1001
976
580
520
