0
3999
855
4022
3984
287
12
4032
3565
3570
2857
2691
292
607
624
4015
2470
2792
841
799
757
749
744
699
692
3853
910
2595
155
467
1206
3031
2269
145
4007
918
581
2442
49
1627
3955
160
3820
2079
3744
3936
1713
1176
411
3134
267
1065
3875
4034
1834
585
649
1560
401
270
4029
3230
3372
1096
775
3686
3808
3691
667
996
3990
2798
3798
3772
3632
3729
2527
1579
3091
3389
33
3935
63
210
2788
234
530
335
1693
3885
2596
602
3441
3954
390
2740
3959
1253
550
2860
3317
3453
1027
255
205
52
192
4016
3037
877
852
776
886
717
866
859
887
879
881
871
863
791
882
876
796
690
700
689
811
798
808
758
802
714
702
712
836
715
895
894
885
884
883
878
875
874
873
872
870
867
860
858
833
746
893
889
888
869
864
861
770
822
742
693
735
706
720
719
734
804
803
687
809
807
792
783
759
741
730
716
851
818
815
814
813
777
766
745
738
722
843
703
697
890
784
774
831
800
731
849
830
805
854
850
846
844
842
839
838
835
834
832
827
825
821
820
817
816
812
810
806
795
794
793
790
789
788
787
786
785
782
781
780
771
769
768
767
765
763
762
761
756
755
754
753
752
751
748
740
736
733
732
729
727
725
721
718
711
710
707
705
704
701
698
695
691
880
856
853
848
847
845
840
837
829
826
824
823
819
797
779
778
773
772
764
760
747
739
737
728
726
724
723
713
709
708
696
694
688
686
828
801
891
743
865
750
892
868
4018
4027
4013
4020
4011
3981
4038
4037
4031
4033
4030
3995
3992
4023
4002
4012
3993
4026
3997
3986
4024
4021
4019
4017
4014
4009
4008
4006
4005
4004
4003
4000
3998
3994
3991
3989
3988
3987
3985
3983
3982
3980
4025
4036
4010
3996
594
4035
4028
4001
2441
1937
2204
2015
2100
2251
2008
476
672
147
1996
157
3175
3131
3227
2799
3428
2422
1974
2493
2357
2421
2515
2621
2263
2301
2167
2094
1961
2382
2548
2490
2444
2219
2019
1965
1956
2066
2613
2106
2455
2360
2238
2114
1933
2288
2156
2535
2070
2439
2217
2424
2260
2227
2152
2091
2440
2320
2170
2387
2067
2060
2450
2448
2314
2175
1978
2614
2023
2391
2234
2311
2237
2466
2255
2207
1988
2397
2532
2044
2633
2050
2265
2036
2411
2361
2556
2404
2253
2179
2658
2579
2576
2352
1942
2393
2307
2618
2570
2373
2342
2317
2231
2197
2129
2120
2105
2418
2123
2063
2146
2524
2654
2575
2559
2554
2539
2507
2414
2353
2213
2165
2164
2122
2109
2104
2083
2074
2058
2037
1986
2586
2300
2103
2021
2644
2562
2503
2403
2248
2173
2540
2388
2593
2560
2504
2500
2374
2359
2326
2229
2150
2124
2121
2077
2362
2624
2600
2591
2590
2574
2564
2563
2553
2551
2536
2464
2460
2376
2356
2329
2278
2275
2261
2154
2090
2088
2073
2064
2045
1962
1917
2587
2412
2341
1922
665
633
599
578
681
670
662
583
650
643
627
600
617
562
399
364
598
592
573
682
655
619
597
466
622
579
448
81
218
219
321
240
2401
1982
2581
2097
2014
2550
2395
2024
2000
1931
1921
1919
2378
2365
2004
1973
2623
2599
2429
2648
2494
1958
2639
2585
2171
2025
2009
1999
1957
1951
1950
1935
1928
2657
2636
2627
2626
2061
1976
1927
268
250
245
311
46
283
228
190
83
243
77
318
60
153
221
207
301
27
618
654
462
2804
3270
2980
3109
2802
3153
3305
3218
3336
3041
3429
3402
3421
2898
3044
3039
2732
3235
3271
3095
3200
3053
3229
2769
2710
3333
2854
3388
3312
3260
3194
2699
3307
2935
2933
3139
2789
3092
3377
3203
3159
3310
3128
3126
3066
3012
2886
3251
3181
2902
3376
2768
2884
3418
2726
3358
3123
2953
2663
2851
3036
3423
2972
2889
2746
3216
3122
3431
3171
2809
2807
3283
2703
3166
2917
3084
3023
3309
3121
3028
2922
3135
3394
3014
2981
2873
2731
3306
3067
3058
2904
3422
3425
3151
2707
2944
2908
3127
2670
3413
2821
3007
2770
3237
3213
3042
3387
3294
2961
2801
3238
2683
2679
3435
3399
3158
3119
3040
2993
2987
2960
2872
3240
2989
2832
3085
2729
3416
3319
3199
3082
2973
2846
3433
3315
3257
3243
2994
2931
2874
2681
2771
3138
2795
3383
3391
3367
2840
2916
2913
3393
3208
2868
2831
3009
3079
2661
3417
3414
3362
3303
3293
3234
3220
3056
2920
2864
2782
2695
3219
3107
2954
2668
2811
3400
3117
3047
3026
2940
2800
2750
2666
2751
3363
3324
3004
3000
2956
2943
2928
2915
2880
2839
2773
2754
2749
2673
3365
3099
2725
3360
3345
3212
3209
3395
3337
3217
3075
2932
3426
3304
3228
3054
3029
2974
2925
2891
2705
3390
3348
3339
3226
3193
3184
3142
3108
3098
3096
3022
2969
2919
2906
2877
2815
2757
2745
2689
2669
2664
3347
3296
3267
3239
3192
3132
3102
3016
2869
3351
3349
3329
3313
2137
2095
2350
2646
2619
2611
2606
2605
2601
2526
2489
2485
2482
2478
2469
2433
2423
2410
2409
2408
2407
2386
2381
2370
2306
2271
2240
2233
2220
2218
2216
2201
2172
2131
2118
2098
2093
2086
2069
2059
2043
2033
2005
1989
1984
1979
1943
1938
2210
1925
2452
2313
2242
2205
2177
2101
1985
2322
2318
2291
2214
2166
2280
2252
2029
2413
2571
2453
2141
2425
2048
2525
2400
2641
2610
2480
2272
2215
1930
2394
2305
2264
2462
2377
2293
2110
1947
1939
2609
2501
2479
2451
2415
2390
2249
2235
2221
2163
2096
1981
1954
2603
2537
2522
2254
1964
2612
2511
2473
2406
2379
2259
2145
2031
1944
2567
2343
2002
2608
2239
2223
2498
2336
2026
2438
2372
2134
2475
2434
2368
2344
2304
2298
2273
2028
1970
1952
1945
2555
2530
2516
2491
2328
2283
2191
2128
2087
2065
2032
1959
3191
3038
2738
3386
3262
3196
2894
3411
3292
3172
3010
2923
2836
3275
3187
3169
3167
3034
3032
2918
2843
2744
2735
3434
3297
3201
2903
2693
2964
3378
3287
3280
2701
3018
2829
2713
3379
3334
3255
2900
3380
3356
3331
3233
3160
3024
2739
2737
3223
2947
2892
2820
2721
2697
2671
3366
3273
2684
2818
2812
2734
3359
3266
3221
3210
3176
3154
3118
3002
2934
2830
2685
2662
1295
3211
3298
3157
3060
3335
3327
3264
3253
3189
3087
2955
2942
2914
2791
2675
3343
2882
1887
1442
1414
677
663
653
685
657
625
616
584
671
2660
2659
2656
2655
2653
2652
2651
2650
2645
2642
2638
2637
2634
2632
2631
2630
2628
2625
2622
2620
2615
2607
2604
2602
2597
2594
2592
2584
2583
2580
2578
2577
2573
2572
2568
2566
2565
2561
2558
2557
2552
2549
2546
2545
2544
2542
2538
2534
2531
2528
2523
2521
2520
2519
2518
2517
2514
2513
2512
2506
2505
2499
2497
2496
2495
2492
2488
2487
2486
2484
2483
2481
2477
2476
2474
2472
2468
2467
2465
2457
2456
2454
2449
2446
2443
2437
2435
2432
2431
2430
2428
2427
2426
2420
2419
2416
2405
2402
2399
2396
2392
2389
2385
2384
2383
2380
2375
2371
2369
2367
2366
2363
2358
2355
2354
2351
2349
2348
2347
2346
2345
2340
2339
2338
2335
2334
2332
2331
2330
2324
2323
2321
2316
2315
2312
2310
2309
2308
2303
2299
2297
2296
2295
2290
2287
2286
2285
2281
2277
2276
2274
2270
2266
2262
2258
2257
2246
2245
2244
2243
2241
2236
2232
2230
2228
2226
2222
2212
2211
2209
2208
2206
2202
2200
2198
2195
2194
2193
2192
2190
2188
2186
2185
2184
2183
2182
2181
2178
2168
2162
2161
2160
2159
2158
2151
2148
2147
2142
2140
2139
2138
2136
2133
2132
2130
2126
2125
2119
2115
2113
2112
2108
2107
2099
2092
2089
2085
2084
2082
2080
2078
2076
2075
2062
2057
2056
2055
2053
2051
2049
2047
2046
2041
2040
2039
2035
2034
2030
2027
2022
2020
2018
2017
2016
2013
2012
2011
2007
2006
2003
2001
1997
1994
1993
1992
1990
1987
1983
