152
1544
3138
707
2728
3889
87
2199
2289
2973
253
2418
3670
407
2098
2105
415
459
909
1120
1347
1433
1902
1979
2204
2368
2495
2723
2788
2978
3268
3469
3884
65
214
220
402
426
710
868
1042
1391
1422
1559
1576
1743
1779
2354
2424
2543
2852
3053
3328
3641
3806
10
94
129
298
326
847
980
1161
1209
1521
1811
1837
1847
2019
2168
2175
2183
2202
2343
2439
2581
2619
2864
3262
3272
3295
3321
3330
3591
3625
3850
3860
3866
3912
3943
3959
3965
4019
102
141
177
189
224
254
263
383
481
525
529
702
804
849
861
886
962
1046
1096
1157
1164
1180
1238
1276
1351
1514
1533
1560
1637
1696
1976
2240
2324
2352
2443
2591
2713
2749
2930
3335
3429
3457
3479
3546
3635
3694
3742
3749
3761
3862
3872
3904
26
73
74
110
168
228
296
344
391
419
422
444
495
594
609
635
673
698
798
901
912
961
965
1015
1083
1115
1126
1128
1152
1175
1331
1374
1439
1449
1464
1475
1491
1499
1503
1547
1574
1602
1605
1785
1793
1813
1886
1894
1947
1971
1993
1999
2020
2085
2131
2192
2313
2486
2517
2590
2635
2676
2698
2703
2790
2903
2916
2985
3033
3206
3259
3358
3370
3504
3532
3566
3570
3709
3733
3774
3832
3937
11
32
62
127
142
150
184
299
334
360
411
433
443
448
451
579
756
790
802
914
931
952
1058
1086
1148
1149
1267
1290
1299
1313
1349
1365
1372
1414
1453
1518
1584
1631
1663
1671
1713
1761
1809
1920
1938
2210
2234
2253
2294
2297
2301
2308
2353
2390
2404
2407
2421
2511
2545
2564
2623
2668
2730
2797
2821
2883
2908
2925
3128
3135
3294
3399
3446
3498
3820
3939
3966
3996
4001
4006
52
162
181
195
211
239
244
282
291
306
318
390
394
438
487
490
574
610
648
654
670
782
813
833
841
910
937
958
1022
1050
1054
1081
1251
1279
1344
1363
1399
1418
1421
1440
1444
1480
1519
1577
1585
1653
1666
1683
1693
1716
1773
1782
1801
1804
1834
1849
1854
1871
1897
1929
1957
2033
2044
2051
2072
2165
2177
2296
2305
2323
2356
2431
2436
2507
2551
2556
2557
2576
2620
2670
2672
2691
2693
2694
2701
2745
2746
2750
2772
2818
2829
2843
2861
2871
2881
2910
2924
2932
2952
2956
2979
3005
3007
3045
3052
3086
3091
3092
3122
3140
3150
3154
3157
3175
3219
3247
3325
3326
3387
3405
3496
3503
3512
3526
3610
3613
3628
3658
3684
3717
3726
3822
3824
3833
3836
3882
3900
3926
3947
3955
3989
3990
4004
4021
3
19
64
71
185
200
217
225
270
313
357
358
364
380
382
436
472
477
530
545
578
586
600
608
623
629
633
651
664
675
729
776
795
879
880
882
888
903
926
959
1012
1018
1045
1051
1052
1108
1109
1216
1262
1272
1296
1323
1326
1333
1342
1359
1420
1445
1446
1452
1483
1510
1540
1565
1572
1587
1603
1618
1627
1632
1639
1646
1668
1677
1726
1734
1737
1746
1749
1760
1767
1795
1821
1835
1850
1905
1946
1965
1982
2047
2053
2065
2070
2086
2154
2155
2173
2174
2195
2206
2233
2235
2339
2382
2487
2514
2518
2544
2549
2568
2571
2586
2594
2596
2598
2601
2612
2613
2704
2708
2710
2747
2785
2810
2812
2839
2863
3016
3032
3048
3094
3101
3133
3146
3316
3342
3351
3367
3426
3473
3499
3528
3531
3549
3551
3552
3573
3578
3585
3598
3614
3657
3724
3734
3740
3795
3801
3821
3825
3853
3858
3881
3973
4017
4
37
39
44
53
69
81
82
96
109
114
117
121
153
164
166
170
187
190
204
209
221
235
328
338
373
401
412
413
442
483
491
541
543
544
558
564
569
593
611
625
628
630
643
665
667
687
690
704
713
724
728
740
742
768
783
811
814
840
845
850
859
892
899
904
908
929
939
953
957
976
997
1001
1014
1038
1039
1061
1073
1121
1162
1168
1170
1172
1214
1248
