0
776
4000
3990
210
292
336
52
244
411
234
996
3986
648
656
3820
1119
4001
351
870
3742
3879
891
327
383
1270
4034
3744
114
1386
233
2015
3451
3031
76
1690
2838
2634
3959
1693
164
441
198
182
3999
215
3992
3991
3987
4006
532
453
613
3059
282
674
1002
29
3290
3678
3453
660
3227
2692
3832
1353
3572
2079
3652
816
1240
2481
3806
4008
1157
201
3746
3218
2811
189
717
1558
311
602
1233
1834
3582
3477
3071
2885
447
2704
3854
135
4024
3408
263
865
4010
3700
575
3984
854
750
3751
872
735
886
825
699
241
1607
859
1664
1295
1194
90
3037
42
401
1264
892
237
2942
3853
860
3974
883
18
264
43
3946
918
3544
183
1057
33
250
3513
2792
2195
3246
27
3147
530
379
1224
467
3941
2808
267
571
79
2456
58
12
1854
1443
3807
985
868
1776
3798
1297
193
2168
37
3922
153
3447
112
1262
2788
1463
207
216
3935
652
550
851
3467
3308
295
3939
15
3717
904
2691
1053
873
197
2535
468
4036
4005
253
1956
1937
1711
95
3733
3726
3861
3954
881
895
858
879
871
393
476
501
454
399
364
564
4029
3996
3994
4019
3993
4030
4009
4026
4017
4004
4020
3982
4031
3988
4023
3998
4035
4021
4014
4013
4002
3997
3989
3985
3983
3981
4032
3980
4027
443
498
356
192
4007
4016
4025
4011
594
4003
4038
3995
4022
4018
4012
4037
4028
4033
4015
667
890
785
758
794
796
746
802
778
869
708
835
838
759
730
754
710
761
791
691
850
700
808
783
751
690
765
701
867
704
811
826
740
813
737
723
829
793
757
849
846
688
821
812
760
781
755
724
795
741
806
732
702
789
768
752
722
696
767
736
844
836
834
803
799
780
773
762
731
720
718
715
840
695
824
839
771
876
888
863
830
819
807
853
847
837
823
818
800
774
738
727
713
687
763
747
861
845
828
820
792
764
728
709
694
848
843
842
833
831
827
822
817
815
814
810
809
798
797
790
788
787
786
784
782
779
777
772
770
769
766
756
748
745
744
742
739
734
733
726
725
721
719
716
714
712
711
707
706
705
697
693
689
889
887
884
882
880
878
856
805
804
753
729
703
686
894
698
866
874
864
885
877
857
893
832
855
852
775
743
875
841
801
749
692
2437
3805
3537
3638
3632
3859
3789
3818
3770
3910
3899
3893
3890
3465
3965
3958
3679
3580
3811
3541
2632
2251
2301
2204
1933
2175
3551
3530
3847
3504
3897
3878
3600
3673
3916
3864
3772
3661
3914
3524
3472
3694
3445
3543
3529
3643
3567
3483
3868
3743
3801
3735
3498
3975
3896
3714
3920
3887
3918
3716
3647
3906
3870
3822
3794
3784
3631
3901
3696
3720
3945
3767
3623
3648
3534
3459
3836
3774
3571
3749
3849
3444
3912
3819
3915
3909
3752
3874
3657
3595
3710
3665
3882
3682
3666
3927
3932
3439
3937
3561
3644
3972
3685
3855
3591
3569
3463
3458
3443
3776
3766
3976
3833
3718
3620
3558
3825
3539
3479
3957
3708
3675
3973
3866
3768
3645
3614
3536
3956
3468
3759
3701
3476
3706
3515
3761
3951
3900
3803
3840
3506
3850
3482
3964
3641
3615
3764
3535
3711
3646
3486
3967
3783
3747
3655
3630
3554
3460
3857
3680
3668
3634
3466
3624
3585
3546
3907
3802
3740
3713
3698
3663
3455
3538
3921
3827
89
289
633
625
677
2349
2650
2014
2017
2403
2528
2431
1934
1930
2513
2444
2621
2263
2450
2019
2515
2382
2041
2008
2380
2441
2217
2342
2523
2584
2089
2238
2587
2181
2321
2335
1978
2036
2487
1961
2656
2488
1949
2545
2628
2255
2162
2120
2034
2570
2231
2152
2146
2412
2113
2236
2130
2129
2105
2070
2476
1958
2286
2503
2193
2158
2049
1936
2025
1950
2245
2393
2160
1915
612
1840
679
598
562
380
3723
3487
349
381
534
437
466
433
653
3934
3590
3610
3533
3660
3566
3659
3626
3940
3603
3575
3452
3908
3845
3619
3931
3834
3777
3719
3690
3564
3555
3481
3889
3712
3454
3891
3639
3919
3883
3562
3813
3557
3689
3779
3457
3503
3950
3775
3548
3773
3599
3559
3470
3621
3824
3785
3687
3978
3573
3788
3730
3601
3469
3462
3737
3635
3485
3831
3815
3705
3629
3608
3597
3492
3628
3790
3475
3703
3611
3640
3667
3438
3517
3977
3969
3960
3955
3952
3949
3947
3944
3936
3933
3925
3924
3917
3913
3904
3903
3895
3892
3888
3885
3881
3869
3867
3865
3863
3862
3848
3844
3843
3839
3837
3835
3829
3826
3823
3821
3817
3816
3812
3810
3809
3799
3793
3792
3791
3787
3786
3782
3781
3778
3771
3769
3763
3762
3758
3757
3754
3753
3745
3739
3738
3732
3728
3725
3724
3715
3709
3707
3704
3699
3686
3681
3676
3671
3662
3658
3649
3642
3636
3622
3616
3613
3612
3607
3602
3598
3593
3592
3587
3584
3583
3581
3579
3568
3565
3560
3553
3549
3532
3531
3522
3519
3518
3511
3510
3509
3508
3507
3505
3500
3499
3497
3494
3493
3490
3484
3480
3478
3474
3473
3464
3461
3450
3446
3442
3441
3828
3528
3926
3731
3722
3627
3542
3527
152
4
310
137
680
664
573
599
657
665
654
605
588
681
662
643
600
595
582
577
592
684
622
632
627
578
636
619
611
603
631
640
628
685
663
639
626
617
589
661
659
464
321
2225
2013
140
2320
2170
2136
2655
1963
2559
2258
2575
2261
2083
2552
2499
1993
2484
2404
2486
2401
1992
1974
2639
2585
2359
2220
2092
2067
2045
1953
1938
2506
2190
2095
2005
1984
2076
2453
2256
2214
1977
1965
2636
2016
1921
2337
1951
2647
2192
2654
2631
2606
2500
2477
2469
2454
2449
2443
2329
2213
2201
2184
2154
2150
1986
2478
2334
2234
2615
2591
2551
2546
2392
2339
2290
2275
2244
2200
2121
2108
2088
2060
2645
2633
2171
2620
2202
1968
2297
2157
1999
2626
2061
1998
1995
1980
1919
2480
2107
2082
2553
2376
2311
2309
2118
2074
2659
2648
2583
2346
2651
2618
1960
2022
2001
2145
2452
2210
2566
2085
2324
1966
2069
2221
2525
1944
2299
1925
2625
2619
2604
2573
2563
2495
2395
2363
2257
2021
2427
2607
2600
2579
2556
2550
2485
2467
2460
2418
2408
2326
2308
2276
2271
2188
2179
2103
2090
2084
2063
2055
2020
1997
1929
2305
2358
2432
2355
2514
2474
2440
2362
2296
2211
2383
2303
2240
2058
365
1073
1061
1403
2557
2540
2270
2182
2367
2229
2536
2530
2641
2317
2029
2610
2644
2612
2580
2534
2497
2366
2313
2310
2248
2205
2186
2173
2141
2080
2066
2023
2660
2658
2657
2646
2623
2622
2614
2613
2602
2596
2581
2578
2577
2576
2574
2568
2565
2564
2562
2561
2558
2554
2549
2548
2542
2539
2532
2526
2521
2520
2517
2505
2504
2490
2489
2466
2457
2455
2448
2446
2442
2439
2435
2428
2424
2422
2421
2411
2409
2405
2402
2397
2391
2388
2387
2386
2375
2374
2373
2371
2361
2360
2357
2352
2350
2341
2340
2331
2323
2322
2316
2314
2312
2307
2306
2300
2288
2281
2277
2269
2265
2262
2260
2253
2252
2249
2242
2228
2227
2207
2197
2178
2165
2164
2159
2156
2147
2139
2126
2124
2122
2119
2114
2104
2100
2098
2097
2093
2091
2077
2059
2056
2050
2044
2043
2035
2012
2011
2006
2000
1990
1983
1979
1975
1971
1969
1962
1957
1942
1927
1924
1922
1918
1917
1914
1186
1266
1138
630
1889
459
424
1000
1739
1633
1856
1103
649
1892
1648
1415
1354
964
1260
1311
618
609
529
382
361
541
505
516
551
509
486
1093
3961
610
477
425
518
449
357
1492
1094
1830
1878
481
403
372
502
519
445
471
543
362
489
354
1490
390
451
570
557
546
450
435
490
478
444
590
676
604
375
368
524
479
508
434
560
500
352
392
510
507
548
537
473
417
398
387
683
565
535
474
373
569
568
554
552
544
540
533
523
522
521
515
512
499
495
492
470
462
458
455
452
448
429
427
422
418
416
415
410
407
406
405
404
402
396
371
355
350
3702
3605
3456
3838
3756
3448
3683
3674
3651
3929
3902
3873
3780
3578
3501
3979
3672
3966
3930
3898
3880
3858
3804
3795
3760
3750
3695
3691
3670
3669
3617
3609
3594
3586
3574
3552
3523
3516
3502
3488
3449
3968
3796
3721
3677
862
3938
3852
3741
3736
3697
3618
3596
3563
3547
3526
3520
3496
3495
3491
3471
3928
3884
3860
3800
3692
3654
3625
3604
3514
3971
3693
3688
3521
3962
3851
3842
3841
3734
3656
3577
3540
3512
3437
3755
3576
3545
326
305
149
44
17
28
20
319
293
208
275
218
85
178
278
73
163
317
288
144
14
148
129
102
177
46
32
243
214
30
347
340
682
678
675
673
671
670
666
658
655
650
647
646
644
642
638
635
624
623
621
620
616
615
597
586
584
583
581
579
576
574
558
553
395
173
270
117
175
72
344
66
45
2494
2459
2447
2378
2364
2284
2116
1991
1976
125
128
31
224
134
219
162
115
254
302
191
150
64
928
1421
1251
1521
2031
1697
1905
1822
1050
1658
1401
1234
1023
1713
2278
1988
1982
2208
1981
2638
2630
2624
2611
2601
2593
2590
2586
2507
2492
2482
2468
2464
2433
2430
2423
2414
2410
2407
2381
2370
2369
2356
2354
2353
2348
2298
2237
2218
2216
2212
2206
2172
2142
2140
2131
2123
2115
2112
2109
2086
2078
2073
2064
2046
2040
2037
2033
2030
1989
1946
1943
2075
2003
2522
2426
2096
2368
2235
2099
2479
2640
2004
2531
2529
1935
2415
2571
2462
2429
2177
2560
2065
2048
1985
2637
2425
2416
2406
2318
2291
2272
2209
2166
2538
2259
2027
2024
2018
1972
1928
2191
2635
2345
2266
2544
2471
2413
2394
2379
2502
2189
2616
2233
2547
2226
2185
2155
2463
2627
2588
2365
2009
1931
2589
2377
2325
2137
2398
2285
2101
1926
2304
2287
2250
1916
2473
2400
1973
1964
1913
2518
2372
2161
1954
2652
2582
2533
2472
2445
2396
2390
2295
2267
2222
2174
2163
2110
2002
1994
1955
1952
2603
2399
2241
2072
2068
1939
2516
2508
2180
2643
2609
2605
2330
2196
2176
1932
1920
2599
2572
2537
2498
2465
2438
2384
2344
2338
2333
2274
2254
2243
2232
2215
2132
2071
2062
2057
1987
1970
2617
2524
2434
2351
2328
2194
2151
2053
2039
2038
2026
1941
2598
2512
2458
2419
2347
2343
2336
2283
2282
2280
2247
2246
2133
2087
2081
2054
2010
2007
1947
1940
1923
1747
1333
1045
2774
2959
2710
419
409
408
1411
1062
968
1531
1498
1220
1646
1039
614
542
423
1043
1797
1875
1494
1575
1364
994
1895
1248
937
1564
1526
1524
1497
1651
1164
1072
1008
933
