0
4012
750
4036
37
3820
287
145
1065
2483
356
3413
996
4032
4008
3991
801
4035
4029
3853
2842
2195
114
1466
74
1386
15
3570
3071
3974
602
209
11
2457
3846
282
377
1224
3037
183
216
138
1854
3688
1394
70
3807
3125
3922
3134
648
234
1027
1627
3717
207
3699
1362
125
1022
3865
3678
2517
3961
3754
1890
1105
860
2792
179
3746
4010
3999
4027
3993
4013
4002
3988
4018
4017
4020
3981
3986
4019
4000
4026
4038
3995
4004
4009
3994
4021
3997
4023
3998
4030
4014
3982
3980
4031
4028
4006
3983
4033
3996
4011
4003
3985
4005
4037
4022
2595
3990
4016
4025
775
892
891
883
692
3984
4015
852
854
859
841
699
4007
4001
875
691
881
735
594
832
893
894
743
785
744
749
686
687
688
693
694
695
696
697
698
701
703
705
706
708
709
711
712
713
714
716
718
719
720
723
724
726
727
728
729
730
731
734
737
738
739
741
745
747
748
751
752
753
754
755
758
760
764
766
768
770
771
772
773
774
777
778
779
780
781
783
784
787
792
793
794
795
797
799
800
803
804
805
807
809
810
814
815
817
819
820
822
823
824
827
828
829
830
831
834
835
837
838
839
840
842
843
844
845
847
848
849
853
856
732
762
763
765
769
782
789
806
818
836
861
889
715
722
742
833
876
736
756
826
863
878
813
690
759
816
707
786
821
850
746
886
767
811
761
888
733
812
882
808
880
710
725
689
791
890
702
740
700
776
869
885
796
867
874
871
872
846
870
798
887
873
825
895
704
879
802
721
858
866
864
851
788
790
877
884
717
855
757
3987
3989
3992
4034
4024
607
3798
447
2596
3856
3650
292
3935
1834
1119
1096
911
613
358
1560
638
3748
674
550
215
2269
3451
2569
2470
3230
18
668
918
3031
624
12
3183
585
43
2079
3709
3453
335
1581
1145
3729
210
608
1206
581
42
642
256
3407
3268
233
244
33
90
3885
401
286
47
241
468
255
205
2691
2788
52
443
3808
2541
3875
2704
160
154
2740
1270
3879
3854
1690
35
1395
3006
267
2382
316
1176
1233
2857
2814
153
3732
1558
279
3282
1755
379
1430
1326
305
3959
1262
3589
3704
3942
1276
3408
1967
1586
81
182
1046
386
1208
383
3801
301
157
904
155
49
3744
1071
411
253
1760
97
3691
1693
3560
3733
667
247
2168
2527
71
1253
112
76
2808
61
454
3467
2178
3811
571
2442
240
3689
228
2952
293
2860
3955
2975
1353
1002
899
3816
1546
1252
321
1194
336
656
499
2714
2722
2798
2481
2922
1034
660
294
164
2998
2380
448
3575
3582
191
3375
3928
3597
192
174
124
2106
3954
453
270
120
307
3121
3946
865
2838
2204
2565
201
384
3537
3565
262
3781
868
572
3003
220
202
1996
552
467
3143
166
327
3686
2885
3653
406
3619
3494
2441
1383
2971
3897
652
1031
945
673
3673
1937
3978
1762
3952
3882
1474
288
2963
3939
3765
1510
1856
206
1200
289
3910
2855
3953
3147
2817
190
3965
530
1713
3588
1969
1651
3887
1711
3127
3544
2437
3271
2774
3742
3849
1797
910
464
3074
264
3055
3444
3676
3290
1476
1057
472
193
283
235
3637
1264
1157
110
3787
351
1776
1442
3694
1657
1607
3489
3227
2422
2692
1486
1295
2505
152
3606
34
2980
3890
2167
1346
2219
2015
1579
245
3925
2230
1777
929
610
593
485
371
349
250
3839
3059
2634
1354
219
1455
1417
3805
671
649
46
3310
6
2431
498
3429
3305
1147
562
95
1038
3844
3477
27
3795
3727
2736
269
147
1133
1240
2884
77
3751
3665
2671
3749
3661
1254
3848
1297
3044
2824
44
3745
3513
476
2621
1759
2358
3270
3161
229
533
