0
4016
866
256
205
1119
114
3987
3453
292
3037
3729
4010
4029
4001
2691
3444
877
790
798
321
3691
3451
3270
585
454
1252
33
3856
674
801
3044
3408
210
2798
2722
1560
358
15
1105
3875
485
183
2008
668
2079
2565
112
90
2380
3925
35
155
1856
145
1967
750
3282
2740
692
229
253
3372
286
70
1176
46
2195
74
1797
371
2817
911
1834
2596
4005
2704
2470
3650
3974
241
892
201
206
2382
267
3922
3134
667
3589
255
3935
859
3853
1558
1096
928
4036
3999
157
1208
1002
42
717
855
852
832
2792
4012
192
233
895
825
874
864
881
879
871
878
885
890
894
893
889
887
886
884
883
882
875
870
868
861
860
858
812
846
785
888
876
863
735
729
699
803
709
796
751
804
838
873
872
867
757
690
704
869
826
783
759
880
793
715
722
786
808
781
730
703
687
851
817
813
748
742
721
708
816
820
814
809
807
787
764
761
741
848
760
753
731
698
829
795
745
719
842
831
815
810
800
772
711
710
778
695
746
840
830
823
805
777
771
754
739
734
727
726
733
712
768
791
714
702
856
853
850
849
847
845
844
843
841
837
836
835
834
833
828
827
824
822
821
819
818
811
806
802
799
797
794
792
788
784
782
780
779
776
775
774
773
770
769
767
766
765
763
762
758
756
755
752
747
743
740
738
737
736
728
725
724
723
720
718
716
713
707
706
705
701
700
697
696
694
693
691
688
839
789
732
686
689
854
749
744
891
4018
4013
3982
4030
4017
3992
3986
4009
3997
3981
3994
3995
4038
4006
4037
4034
4033
4032
4026
4024
4023
4022
4021
4019
4014
4008
4004
4003
4002
4000
3998
3996
3988
3985
3983
4027
4020
3980
4031
3991
4011
3989
594
4028
3990
4025
4007
3993
3984
4035
4015
3781
3749
3961
3958
270
3641
3733
3811
3745
3771
3682
3807
3620
3945
3735
3903
3965
3478
3946
3866
3494
3571
3489
3720
3716
3896
3787
3819
3445
3806
3447
3844
3799
3638
3664
3644
3727
3794
3631
3509
3493
3924
3486
3655
3679
3826
3714
3973
3818
3623
3912
3892
3874
3725
3657
3473
3890
3810
3649
3439
3964
3960
3933
3920
3947
3843
3535
3863
3580
3531
3836
3774
3579
3465
3598
3668
3601
3583
3554
3510
3881
3786
3782
3761
3726
3602
3812
3763
3529
3900
3792
3468
3549
3937
3977
3791
3663
3546
3538
3835
3636
3815
3753
3666
3597
3467
3767
3482
3959
3921
3918
3876
3862
3740
3710
3608
3508
3498
3536
3829
3909
3770
3738
3671
3648
3506
3584
3612
3906
3822
3705
3558
3870
160
6
279
152
336
191
327
305
337
262
75
76
3975
3837
3759
3519
3864
3669
3895
3834
3823
3821
3803
3777
3483
3898
3639
3523
3505
3695
3747
3773
3543
3869
3645
3561
3555
3474
3603
3565
3805
3978
3976
3972
3969
3967
3963
3956
3955
3954
3953
3951
3949
3942
3941
3940
3939
3936
3932
3931
3927
3923
3919
3917
3915
3914
3910
3907
3905
3901
3899
3897
3894
3893
3887
3883
3882
3879
3878
3871
3868
3867
3865
3859
3857
3855
3854
3850
3849
3848
3846
3840
3833
3827
3825
3816
3814
3809
3808
3802
3798
3793
3789
3784
3783
3778
3776
3769
3768
3766
3765
3764
3758
3757
3754
3752
3751
3746
3743
3739
3728
3724
3719
3718
3715
3713
3711
3708
3706
3704
3701
3700
3699
3698
3696
3694
3690
3689
3688
3685
3680
3678
3676
3675
3673
3665
3661
3659
3653
3652
3647
3646
3643
3634
3632
3630
3629
3628
3624
3622
3616
3615
3614
3613
3610
3607
3606
3599
3595
3593
3591
3588
3587
3585
3582
3581
3575
3572
3569
3568
3567
3564
3553
3544
3541
3539
3537
3534
3532
3524
3516
3513
3507
3502
3500
3499
3490
3479
3476
3472
3469
3466
3464
3460
3459
3458
3446
3443
3442
3441
3455
3520
3642
3707
3637
3590
3928
3521
3772
3683
3908
3619
3672
3533
3457
3640
3497
3462
3950
3470
3670
3832
3804
3785
3762
3730
3681
3658
3627
3503
3452
3839
3891
3790
3731
3722
3542
3528
3518
3450
3559
3703
3654
3557
3514
3438
3838
3737
3845
3527
3485
635
3662
3515
3511
3530
3904
3742
3600
3496
3463
3660
3712
3656
3504
3902
857
467
2527
340
301
153
1
162
44
20
260
219
147
288
131
204
196
127
216
344
307
71
275
181
111
135
61
49
97
141
317
168
179
144
272
268
29
159
36
257
339
296
177
23
314
274
167
32
110
227
83
51
298
175
211
88
63
104
334
146
302
130
126
53
285
276
236
62
194
185
223
186
161
121
39
89
326
312
310
226
149
41
28
252
341
297
295
231
224
134
133
85
66
245
31
156
306
195
323
115
3143
3028
2963
2961
3436
3292
3235
3310
2442
304
213
3144
2692
2752
3334
342
331
325
318
313
277
271
208
203
199
188
170
132
128
109
67
25
3217
3736
3548
3517
3979
3779
3522
3970
3957
3930
3926
3913
3911
3858
3813
3795
3755
3744
3717
3635
3617
3611
3605
3594
3578
3576
3574
3562
3560
3552
3512
3488
3481
3721
3573
3609
3852
3817
3702
3692
3577
3563
3556
3550
3547
3526
3492
3491
3475
3888
3788
3693
3625
3604
3841
3828
3480
3477
3916
3847
3626
3437
3966
3886
3780
3760
3667
3471
3943
3938
3889
3873
3842
3800
3756
3734
3633
3484
3971
3968
3944
3934
3929
3884
3880
3877
3860
3851
3831
3824
3796
3697
3687
3618
3596
3586
3545
3525
3461
3456
3449
3448
3440
862
595
659
632
582
577
576
681
650
640
615
578
600
583
670
665
643
627
642
453
3566
3551
3487
3861
3775
3677
3621
664
406
572
351
501
346
300
249
101
92
57
2167
2595
2219
2193
2456
2312
2178
2431
2375
2263
2227
2051
1934
2094
2534
2490
2443
1924
1956
2580
2523
2411
2156
1988
2373
2577
2405
2160
1933
2113
2342
2570
2371
2023
2152
2444
2255
1960
2234
2231
2082
1975
1936
2634
2440
2402
1930
2437
2120
2182
2421
1996
2455
2114
2383
2019
2050
2012
2349
2207
1950
2449
1986
1942
2112
2314
2248
1990
2044
2651
2618
2453
2256
2162
1977
2613
2578
2109
2063
1957
2311
2606
2370
2353
2303
2213
2147
2058
2611
2410
2300
2108
2432
2654
2624
2623
2607
2573
2484
2469
2354
2299
2237
2179
2136
2073
2015
2192
2658
2011
2492
2485
2395
2306
2271
2220
2150
2123
2046
2365
2337
1928
2424
2657
2648
2585
2660
2626
2346
2284
2202
2097
2025
1980
1968
2638
2619
2600
2591
2586
2556
2554
2553
2550
2532
2526
2499
2478
2433
2308
2104
2088
2086
2084
2077
2059
2056
2045
2033
2030
1953
1918
2587
2412
2146
2107
2645
2583
2171
2116
2024
2006
2001
2000
324
320
284
280
184
54
40
30
163
347
345
343
338
335
333
332
330
328
322
319
315
311
309
308
303
299
294
293
291
290
289
287
283
281
278
273
266
265
264
263
261
259
258
254
251
250
248
247
246
243
242
240
239
238
237
235
234
232
230
228
225
222
221
220
218
215
214
212
209
207
200
197
193
190
187
182
180
178
176
174
172
169
166
165
158
151
150
148
143
142
140
139
138
137
129
125
124
123
122
120
118
117
116
113
108
106
105
103
102
99
98
96
95
94
93
91
87
86
84
82
79
78
77
73
72
69
68
65
64
60
59
56
55
50
48
47
45
38
37
27
26
24
22
21
19
17
16
14
13
11
10
9
8
7
5
4
3
2
2581
2272
2260
2413
1913
2270
2627
2474
2175
1965
2400
2429
2566
2366
2296
2525
2517
2318
2214
2036
985
3401
2926
3251
3194
3157
3008
3112
3367
3039
2895
3254
3202
2723
3326
3410
3358
3216
3425
3181
3131
2930
2902
2732
2847
3210
3093
3055
2774
2975
3338
2997
3030
2886
3308
3266
2965
3218
3122
2952
3139
3352
3260
3269
3343
3340
3059
3046
2938
2976
3103
3075
3153
3368
3063
3012
3388
3249
2942
3163
3209
3009
3435
3155
2820
2745
2768
3151
2802
2799
3200
2667
3392
3137
2790
3402
2665
3208
3190
2898
2858
3317
3248
2840
2771
2759
2736
3276
2747
3177
2744
3091
3261
3421
3236
3130
3123
2695
3377
3374
3296
3148
3035
3271
3119
2985
2729
3255
3285
2884
3419
3297
3152
3042
3219
2816
2909
3025
2977
2931
2773
3399
3195
3166
2960
2919
2800
2750
2749
2746
2673
3434
3378
3043
2878
3175
3089
3082
2846
2818
3243
3073
3029
2794
2766
3412
2829
2923
3185
3111
2664
3188
3058
2939
2712
2687
2662
2711
3224
3176
3007
2990
3095
2769
2780
2894
2684
2957
3303
3213
3052
3000
2986
2967
2948
2910
2891
2877
3363
3054
3314
2879
2699
2670
3337
3189
2954
3076
2875
3431
3067
2784
3365
3242
2871
3324
2887
2867
2839
2809
2679
3293
3257
3184
3129
3014
2945
2864
3364
3250
3108
3085
3036
2994
2969
2755
2698
2666
3395
3341
3196
2932
2904
2686
3316
3247
3192
3169
3115
3017
2796
2765
3390
3384
3284
3237
3174
3149
3098
3096
3078
3056
3047
3040
3004
2974
2966
2940
2927
2916
2913
2908
2905
2896
2880
2874
2782
2761
2694
2689
2680
3357
3140
3110
2772
3231
2899
2888
2873
2789
2731
2726
3328
3398
3287
3279
3256
3205
2685
3345
3299
3117
3027
2882
3101
2718
3353
3342
3288
3160
2936
3393
3106
3038
2734
2672
3083
2983
2955
2941
3302
3397
3156
2949
1353
3258
3020
2211
2655
2625
