107
1684
3437
2203
686
0
3593
773
3980
26
600
698
238
3902
3924
903
3636
3866
24
777
638
597
3311
1803
1743
3918
3883
3790
1847
831
2678
3915
3617
3630
3927
3835
516
3641
2984
316
1802
2397
3055
300
3610
877
3976
3156
1197
2699
3200
1443
756
2759
312
4010
894
310
712
3950
1930
3698
864
827
728
774
846
1756
3952
1387
3994
3934
3602
3624
2668
1144
4027
1410
2841
2534
3358
1043
581
661
3814
1415
751
2195
318
3881
2903
3868
3973
767
656
2079
78
1061
3970
171
3998
821
2444
405
3068
397
3917
577
639
296
39
3475
2023
3138
2113
3840
3392
3454
3696
876
541
2878
2795
3111
3954
3909
2483
3127
2691
211
2260
1433
2584
3588
2455
1342
2857
74
3164
3245
1093
253
2902
467
133
262
3683
3642
3760
2803
3485
441
862
215
3959
2934
1476
2926
3789
3987
1319
3984
206
1640
54
3124
3024
4028
721
1090
2870
3382
3155
4021
618
654
714
3904
216
690
3965
1957
3180
3836
3658
50
2964
796
3473
361
4006
4017
562
3566
68
4035
1317
163
3815
1109
3813
186
326
529
3935
3565
247
826
790
1642
2740
23
893
3982
3423
6
1314
738
1169
3559
3237
1151
3589
294
3292
3212
2493
3890
3949
3196
509
1773
2025
1071
1000
1127
3666
3518
3557
3563
3516
873
258
918
3067
2587
787
2513
670
3801
3776
3791
1506
3430
332
2236
1975
1887
161
584
418
359
339
71
379
3388
2515
836
3181
165
3808
1411
2286
644
2886
123
1294
2066
3446
3863
270
4022
668
587
681
1913
3595
592
3497
2013
2382
489
2514
2535
1308
886
4002
2685
2768
1050
1905
1883
3083
1731
1145
209
3028
3972
4024
1027
1726
1956
1362
448
2965
3483
1119
499
3343
3508
2421
1445
228
1417
409
3522
3888
2405
1477
2997
866
108
2422
2812
2320
2312
3122
3218
3141
3859
2851
3407
283
1856
3951
3631
3421
343
3923
346
80
2774
2792
3453
2708
1658
3069
471
31
3496
1414
42
3432
3715
3644
2016
3452
3686
3044
3134
3439
2769
3509
2981
3792
3511
183
554
3893
3472
3657
3876
3336
3209
309
929
4008
740
3418
3398
3678
713
752
737
1072
1657
1202
2695
765
181
273
533
1276
41
855
3937
3243
1208
202
3999
1053
34
2568
3205
1301
1363
1740
298
2621
2217
3832
3799
4013
3572
1924
282
660
1671
1560
288
1555
3467
1822
1708
1232
60
552
2431
1855
193
1817
575
2437
2291
3650
35
205
1034
454
187
3765
652
3092
3995
3689
891
222
786
1631
3887
1326
2900
996
899
3560
2854
3925
147
46
1422
478
95
1892
2375
337
407
4
761
782
720
3361
3739
3867
3530
872
3903
3643
3855
2710
33
3249
3494
3368
920
2204
2855
3505
437
3273
3173
3922
3170
2481
2094
2281
3940
1394
589
635
662
3536
3546
146
1690
657
624
96
347
519
355
2166
2091
2503
2887
100
142
3570
345
260
3262
3898
1499
924
1010
1840
593
3253
3032
2918
3539
3046
43
190
813
742
772
152
383
888
989
2933
832
3637
1968
3700
964
1364
534
3567
3725
2548
870
3983
331
608
3542
3675
234
333
390
1976
1921
3492
2192
2346
2297
1498
307
2585
3849
806
3123
725
603
590
2632
1486
685
3755
3318
3478
648
1534
424
2817
415
613
3626
3302
91
293
2178
1105
3948
3880
3649
153
2885
3578
1368
317
733
3227
1473
385
1451
3583
3590
1154
939
1875
2156
1162
2238
2852
3374
1843
2505
4011
750
3716
2341
3885
1349
2702
1561
3171
868
3050
2667
3133
2527
549
542
558
233
1562
3775
2663
869
2051
2182
2599
2114
2474
2788
2316
167
3656
3961
631
3110
3874
1263
1055
2954
2739
2682
198
881
29
3269
904
3003
1217
3778
865
3766
912
175
965
718
2688
3764
134
3652
336
1906
3549
3031
1693
2262
647
650
1008
659
1176
4029
416
1805
2634
3969
141
3289
2876
3331
3498
2647
2380
571
676
673
2245
2158
2775
241
1058
3199
860
981
2442
3389
1174
3088
3424
3177
3812
1836
3829
1046
3510
2008
667
157
3688
421
3394
1249
3414
3125
1901
550
835
1497
452
2358
933
306
192
356
785
716
783
399
2012
2988
2814
3015
297
1854
1713
1922
2722
2373
70
1088
1936
2179
2303
3037
2298
811
2733
1430
822
3996
14
2
1383
3148
2819
328
1527
246
1384
1356
1234
3507
1170
1552
3216
2572
2799
3194
502
1834
3325
349
2896
1474
754
2452
59
3905
3264
2605
2288
114
2413
168
447
885
3176
3333
3921
330
220
3283
1579
1395
3459
360
351
1762
3901
87
2265
3282
2883
459
145
513
3661
3713
1193
665
1016
3665
3676
1196
3825
3768
3941
3601
3537
3782
3763
548
86
2960
138
2529
2971
2496
3622
2415
1897
1654
2923
1098
456
2875
560
3783
3143
616
2186
1949
269
2687
2711
2530
923
1429
851
2402
2456
700
1225
799
875
1401
1517
3153
3323
848
803
2048
2808
900
2899
3502
2470
3479
3556
191
302
3016
968
2913
889
1233
2626
859
275
2595
1168
3128
2119
3449
3993
1760
102
3458
3865
3974
2305
3349
1353
1771
1248
743
3703
3574
3796
717
1679
292
63
585
3788
586
468
3364
36
3651
3843
1607
2721
327
642
3613
319
2820
1147
3099
1466
3476
1558
3837
1069
3722
1744
2858
244
3587
3759
3910
535
788
495
950
3928
1442
1974
49
2838
3756
3270
794
81
462
490
979
3705
94
207
1212
2783
20
2637
1780
470
189
3317
3080
457
444
3738
3907
3466
3489
3746
1818
1686
1850
2789
3045
744
3334
3215
649
2105
3953
3847
97
3178
1566
3781
1982
3278
579
2044
3742
1980
2157
1970
3541
1062
1999
1667
3581
3844
160
289
510
396
3
3375
2274
303
3963
3811
2362
615
620
1952
2747
2865
3870
3625
3573
2545
3550
3551
3862
3694
2831
2822
911
2999
93
1378
1880
278
3193
341
3988
4026
3992
4030
991
2256
2205
617
1283
350
1113
1468
1705
1328
1829
3848
1013
3605
3891
232
992
1798
1895
173
4005
166
1002
19
116
757
472
3451
2322
768
707
691
818
1434
1022
1680
3266
3308
1701
3850
3827
3936
505
2980
2794
3833
3300
3932
3616
2125
3513
3699
2884
3729
2760
1354
890
569
729
1569
473
3367
180
3787
792
3784
3591
3646
982
3130
935
3105
375
3582
2400
2426
2349
2490
2441
76
1792
3094
3872
1676
1023
951
1279
2168
2017
1484
3754
1501
2948
2570
3144
129
1890
3071
3726
3063
1171
3034
2957
3081
3011
748
3412
4004
4020
305
763
112
1167
3985
1159
3712
1015
2214
2830
666
1413
595
1633
658
627
4025
2919
3894
3806
3490
3662
2003
1297
1549
3908
629
480
2411
2930
