0
851
4016
4010
3268
244
2998
3987
4028
750
801
855
3451
447
585
18
602
2195
1206
3230
3453
209
33
3885
1224
205
443
3922
468
1967
316
182
1208
3717
3413
3955
3882
1383
3653
1969
2441
3865
1713
2884
3548
3165
3322
3531
1157
868
865
453
1002
1105
3744
253
97
282
3407
892
4035
4015
4005
3991
4003
4027
4013
3993
3985
4002
4018
3988
4020
3981
4019
4017
4026
4004
3995
3986
4038
3997
4031
4021
4009
3998
3994
4030
4023
4014
3982
3980
3996
3989
4000
3999
4037
4033
4024
4008
4012
594
860
891
883
4022
4036
875
3984
894
859
744
841
4029
852
4011
3992
4034
4006
4032
4001
692
700
877
832
893
717
785
699
4025
775
861
740
871
895
704
735
879
866
788
884
854
757
3990
4007
749
3983
686
687
688
694
695
696
697
698
701
703
705
706
708
709
711
713
714
718
719
720
722
723
724
726
727
728
729
730
731
734
737
738
739
741
745
747
748
752
753
754
755
758
760
762
763
764
766
770
771
772
773
774
778
779
780
781
783
784
787
789
792
793
794
795
797
800
803
804
805
806
807
810
814
815
817
819
820
822
823
824
827
828
829
830
831
834
835
837
838
839
840
842
843
845
847
848
849
853
856
889
693
732
742
765
768
769
777
782
799
809
818
863
736
751
826
833
844
876
836
850
712
878
715
716
759
813
888
707
756
690
811
821
786
702
733
808
725
880
710
746
761
816
812
886
689
882
767
791
796
885
890
776
869
867
872
691
874
881
798
870
873
887
846
825
721
802
858
864
790
743
1119
1834
2269
3650
74
3729
358
3570
674
608
292
3974
3748
2457
3031
607
2569
12
2470
11
215
1560
210
911
1145
638
287
1096
1466
37
335
3798
3856
2596
1386
114
550
15
2842
624
3935
1581
668
3071
3820
2079
3183
43
918
613
3853
3709
256
3846
233
3746
581
42
642
145
90
286
377
241
255
47
401
179
154
52
2691
3037
2792
2788
3808
305
1270
3688
153
3125
3875
3589
1558
