0
744
4029
674
3230
1065
1466
4032
4022
11
1417
585
642
3691
3125
33
2457
305
37
801
891
279
52
1206
3816
74
2842
1224
3853
4024
1546
2596
3798
2269
210
3935
1386
1276
42
581
4001
4006
4003
4036
4005
4002
4007
4013
3982
4023
4018
4011
4038
4037
4035
4034
4031
4030
4028
4027
4026
4025
4021
4020
4019
4016
4014
4012
4010
4009
4004
4000
3999
3998
3997
3996
3995
3994
3993
3992
3991
3990
3989
3988
3987
3986
3985
3981
594
4017
3980
3983
4033
4015
3984
859
886
867
858
894
881
879
893
855
717
887
877
874
873
775
788
889
888
882
878
863
804
725
763
710
723
846
832
790
758
869
843
808
787
728
715
797
779
741
730
895
890
885
884
883
880
876
872
871
870
866
865
864
861
860
811
769
765
753
812
849
777
747
701
687
856
854
852
851
850
844
841
838
837
836
835
831
826
825
823
821
818
809
807
806
803
802
798
796
793
792
791
785
783
780
778
776
774
771
770
761
760
757
754
750
749
748
746
740
739
736
735
732
729
727
726
724
721
714
711
709
704
702
699
693
692
690
689
805
752
742
738
853
842
820
751
716
700
696
813
743
691
839
833
822
816
789
786
767
712
707
848
847
845
840
834
830
828
827
824
819
817
815
814
810
800
799
794
784
781
773
772
766
764
762
759
756
755
745
737
734
731
722
720
718
713
708
706
705
703
698
697
695
694
688
686
829
795
782
768
719
733
868
892
3859
3879
3717
3565
3875
3537
3882
3686
3908
3763
3952
3787
3720
3977
3739
3732
3727
3536
3893
3503
3900
3947
3818
3614
3524
3811
3892
3441
3694
3795
3467
3662
3597
3707
3557
3821
3631
3623
3555
3509
3664
3658
3775
3558
3863
3585
3549
3446
3794
3681
3627
3488
3754
3499
3960
3933
3920
3776
3655
3637
3675
3543
3857
3567
3767
3753
3826
3823
3583
3934
3881
3768
3761
3752
3634
3630
3602
3564
3719
3835
3815
3802
3740
3685
3599
3442
3682
3972
3906
3529
3466
3799
3699
3772
3659
3916
3762
3723
3849
3463
386
379
267
3731
3452
3838
3926
3918
3911
3744
3649
3639
3635
3613
3578
3516
3502
3457
3831
3847
3504
3804
3942
3825
3738
3612
3611
3492
3966
3480
3471
3970
3756
3683
3551
3971
3841
3625
3484
3448
3978
3873
3667
3618
3449
3805
3734
3697
3545
3979
3976
3975
3974
3973
3969
3968
3967
3965
3964
3963
3959
3958
3957
3956
3955
3954
3953
3951
3950
3949
3948
3946
3945
3944
3943
3941
3940
3939
3938
3937
3936
3932
3931
3930
3929
3928
3927
3925
3924
3923
3922
3921
3919
3917
3915
3914
3913
3912
3910
3909
3907
3905
3904
3903
3902
3901
3899
3898
3897
3896
3895
3894
3891
3890
3889
3888
3887
3885
3884
3883
3880
3878
3876
3874
3871
3870
3869
3868
3867
3866
3865
3864
3862
3860
3858
3855
3854
3852
3850
3848
3845
3844
3843
3842
3840
3839
3837
3836
3834
3833
3832
3829
3828
3827
3824
3822
3820
3819
3817
3814
3813
3812
3810
3809
3808
3807
3806
3803
3801
3800
3796
3793
3792
3791
3790
3789
3788
3786
3785
3784
3783
3782
3781
3780
3778
3777
3774
3773
3771
3770
3769
3766
3765
3764
3760
3759
3758
3757
3755
3751
3749
3747
3746
3745
3743
3742
3741
3737
3736
3735
3733
3730
3729
3728
3726
3725
3724
3722
3718
3716
3715
3714
3713
3712
3711
3710
3709
3708
3706
3705
3704
3703
3702
3701
3700
3698
3696
3695
3693
3690
3689
3688
3687
3680
3679
3678
3676
3673
3672
3671
3670
3669
3668
3666
3665
3663
3661
3660
3657
3656
3654
3653
3652
3650
3648
3647
3646
3645
3644
3643
3642
3641
3640
3638
3636
3632
3629
3628
3626
3624
3622
3621
3620
3619
3617
3616
3615
3610
3608
3607
3606
3605
3604
3603
3601
3600
3598
3596
3595
3594
3593
3591
3590
3588
3587
3586
3584
3582
3581
3580
3579
3576
3575
3574
3573
3572
3571
3569
3568
3566
3563
3562
3560
3559
3554
3553
3552
3548
3547
3546
3544
3542
3541
3539
3538
3535
3534
3533
3532
3531
3530
3528
3527
3526
3523
3522
3521
3520
3519
3518
3515
3514
3513
3512
3511
3510
3508
3507
3506
3505
3500
3498
3497
3496
3494
3493
3491
3490
3489
3487
3486
3485
3483
3482
3481
3479
3478
3477
3476
3475
3474
3473
3472
3470
3469
3468
3465
3464
3462
3461
3460
3459
3458
3455
3450
3447
3445
3444
3443
3439
3438
3797
3779
3609
3592
3577
3517
3456
857
1253
1105
1295
1640
3961
3861
3454
657
665
575
633
617
579
632
582
681
595
659
650
615
583
685
677
664
611
571
485
562
572
384
448
443
499
646
385
521
593
473
396
532
440
364
458
680
535
371
555
547
422
355
354
472
411
536
153
282
476
441
393
49
159
328
152
260
131
93
36
284
208
8
229
50
344
245
201
193
179
22
269
320
300
273
230
177
99
324
272
250
108
207
132
63
1
330
254
196
23
278
345
303
337
165
117
338
48
247
106
40
237
221
188
83
194
187
94
92
226
14
138
140
223
211
332
291
252
185
142
134
105
75
66
347
95
218
323
228
170
149
115
2595
2483
1969
2632
2441
2177
2256
2227
2358
1913
2106
2535
2094
2238
2119
2051
1949
2439
2558
2450
2099
2379
2048
2426
2652
2158
2175
2080
1930
2442
2566
2421
2066
2366
2321
1937
2383
2565
2255
2515
2513
2320
2606
2454
2288
2349
2467
2121
1989
2397
2314
2173
2453
2214
2188
2628
2488
2448
2371
2317
2228
2166
2089
2221
2435
2522
2418
2184
2139
2060
2646
2492
2484
2309
2303
2213
2122
2064
1918
2476
2449
1966
2243
1981
2644
2534
2335
2035
1975
2633
2540
2577
2445
1976
2585
2192
1980
1914
2594
2537
2406
2304
2232
2226
2205
1941
2552
2381
2348
2299
2109
2637
2425
2310
2270
2163
2029
1964
2424
2107
2658
2025
1919
2235
2631
2604
2601
2593
2586
2573
2564
2556
2554
2551
2550
2539
2532
2521
2477
2469
2468
2462
2409
2369
2359
2356
2354
2353
2352
2340
2339
2323
2308
2290
2275
2240
2218
2206
2124
2086
2078
2073
2043
2020
2005
1986
1985
1962
1953
1938
1929
2318
2298
2010
1970
1947
2511
2510
2325
2133
2003
2592
2530
2399
2293
2247
2132
2081
614
360
2660
2649
2640
2635
2458
2398
2267
2223
2157
2042
2027
2009
2001
1973
339
120
103
21
2817
2617
2597
2582
2519
2509
2508
2502
2475
2471
2463
2451
2355
2338
2333
2289
2285
2279
2268
2264
2250
2215
2183
2169
2151
2149
2148
2138
2134
2127
2125
2087
2071
2068
2038
1994
1954
64
329
1395
1797
929
1510
1027
1176
1362
1354
1133
1147
1771
1154
1773
1602
1544
1144
1905
1055
1050
1252
904
1498
956
1901
1038
1631
1865
1869
1053
1759
1244
1439
1585
912
1321
1719
1251
1802
1556
1143
3962
3886
3877
3872
3851
3830
3750
3721
3692
3684
3677
3674
3651
3633
3561
3556
3550
3540
3525
3501
3495
3440
3437
1421
1328
1088
862
1091
1785
1202
1760
1789
1727
1310
1152
1586
1194
1567
1879
1501
1401
1884
1286
1500
1592
1089
906
1890
1208
1537
1090
1346
1775
1239
932
1889
1499
1177
1016
1228
1000
1615
1073
1062
1188
1664
1380
1063
1197
1030
924
1826
1359
1761
1337
1810
1717
1700
1339
1163
1112
1024
1006
960
1756
1748
1634
1258
1169
1304
1828
1650
1504
1648
1568
1424
1749
1264
1508
1704
1212
1064
939
1061
997
1886
1867
1833
1811
1710
1669
1659
1563
1523
1291
1180
978
961
1626
921
1907
1738
1686
1541
1418
1299
1246
992
1902
1839
1809
1804
1796
1712
1707
1668
1643
1632
1621
1580
1524
1456
1431
1402
1399
1365
1293
1271
1269
1184
1153
1079
1004
983
966
1142
948
1703
1675
1646
1436
1183
1093
1052
1045
1685
1047
1263
1892
1533
1333
1314
1216
901
1379
1345
1082
1698
908
1820
1783
1751
1382
1373
1261
1099
1447
1323
1305
1256
1214
1084
947
1872
1786
1764
1728
1647
1636
1635
1595
1578
1550
1479
1413
1347
1292
1282
1277
1257
1221
1170
1108
1100
1019
1018
988
957
1023
1830
1231
629
1688
1215
1022
663
616
609
574
1870
1210
1113
1777
1338
1136
645
546
528
508
449
433
350
1861
1791
1754
1644
1540
1444
1377
1367
1344
1290
1250
1191
1128
1054
993
512
1114
479
375
567
557
491
488
474
461
450
444
438
392
361
451
684
683
682
679
678
676
675
673
672
671
670
667
666
662
661
660
658
655
654
653
648
647
644
643
640
639
636
635
634
631
630
628
627
626
625
623
622
621
620
619
618
613
612
610
605
604
603
602
600
599
598
597
592
590
589
588
587
586
584
578
577
576
573
465
434
427
423
391
1415
1385
1121
1037
551
505
459
380
369
1616
1545
1529
1506
1332
669
656
637
606
591
565
544
525
506
493
492
455
374
1878
1855
1744
1543
1514
1487
1427
1237
1075
651
542
515
500
446
430
409
394
376
370
1025
570
569
568
566
564
561
560
559
558
556
554
553
552
549
548
545
543
541
540
539
538
537
534
533
531
530
529
527
524
523
522
520
519
518
517
516
514
513
511
510
509
507
504
503
502
501
498
497
496
495
494
490
489
487
486
483
482
481
480
478
477
471
470
469
468
467
466
464
463
462
460
457
456
454
453
452
447
445
442
439
437
436
435
432
431
429
426
425
424
421
419
418
417
416
415
413
412
410
408
407
406
405
404
403
402
401
400
399
398
397
395
390
388
387
383
382
381
378
377
373
372
368
367
366
365
362
359
358
357
356
352
351
349
346
343
342
341
340
336
334
333
331
327
326
325
322
321
319
318
317
315
314
313
312
311
310
309
308
307
306
304
302
301
299
298
297
296
295
294
293
292
290
289
288
285
283
281
280
277
276
275
274
271
270
268
266
265
264
263
262
261
259
258
257
253
251
249
248
246
244
243
242
241
240
239
238
236
235
233
232
231
227
225
224
222
220
219
217
215
214
213
212
209
206
205
204
203
202
200
199
198
197
195
192
191
190
186
184
183
181
180
178
176
175
174
173
172
169
168
167
166
164
163
162
161
160
158
157
156
155
154
151
148
147
146
145
144
143
141
139
137
135
133
130
129
128
127
126
125
124
123
122
121
119
118
116
113
112
111
110
109
104
102
101
100
98
97
96
91
90
89
88
87
86
85
84
82
81
80
79
78
77
76
73
72
71
70
69
68
67
65
62
60
59
57
56
55
54
53
51
46
45
44
43
41
39
38
32
31
30
29
28
26
25
24
20
19
17
16
13
10
9
7
6
5
4
3
2
2659
2657
2656
2655
2654
2653
2651
2650
2648
2647
2645
2643
2642
2641
2639
2638
2636
2634
2630
2629
2627
2626
2625
2624
2623
2622
2621
2620
2619
2618
2616
2615
2614
2613
2612
2611
2610
2609
2608
2607
2605
2603
2602
2600
2599
2598
2591
2590
2589
2588
2587
2584
2583
2581
2580
2579
2578
2576
2575
2574
2572
2571
2570
2569
2568
2567
2563
2562
2561
2560
2559
2557
2555
2553
2549
2548
2547
2546
2545
2544
2543
2542
2541
2538
2536
2533
2531
2529
2528
2527
2526
2525
2524
2523
2520
2518
2517
2516
2514
2512
2507
2506
2505
2504
2503
2501
2500
2499
2498
2497
2496
2495
2494
2493
2491
2490
2489
2487
2486
2485
2482
2481
2480
2479
2478
2474
2473
2472
2466
2465
2464
2461
2460
2459
2456
2455
2452
2447
2446
2444
2443
2440
2438
2437
2436
2434
2433
2432
2431
2430
2429
2428
2427
2423
2422
2420
2419
2417
2416
2415
2414
2413
2412
2411
2410
2408
2407
2405
2404
2403
2402
2401
2400
2396
2395
2394
2393
2392
2391
2390
2389
2388
2387
2386
2385
2384
2382
2380
2378
2377
2376
2375
2374
2373
2372
2370
2368
2367
2365
2364
2363
2362
2361
2360
2357
2351
2350
2347
2346
2345
2344
2343
2342
2341
2337
2336
2334
2332
2331
2330
2329
2328
2327
2326
2324
2322
2319
2316
2315
2313
2312
2311
2307
2306
2305
2302
2301
2300
2297
2296
2295
2294
2292
2291
2287
2286
2284
2283
2282
2281
2280
2278
2277
2276
2274
2273
2272
2271
2266
2265
2263
2262
2261
2260
2259
2258
2257
2254
2253
2252
2251
2249
2248
2246
2245
2244
2242
2241
2239
2237
2236
2234
2233
2231
2230
2229
2225
2224
2222
2220
2219
2217
2216
2212
2211
2210
2209
2208
2207
2204
2203
2202
2201
2200
2199
2198
2197
2196
2195
2194
2193
2191
2190
2189
2187
2186
2185
2182
2181
2180
2179
2178
2176
2174
2172
2171
2170
2168
2167
2165
2164
2162
2161
2160
2159
2156
2155
2154
2153
2152
2150
2147
2146
2145
2144
2143
2142
2141
2140
2137
2136
2135
2131
2130
2129
2128
2126
2123
2120
2118
2117
2116
2115
2114
2113
2112
2111
2110
2108
2105
2104
2103
2102
2101
2100
2098
2097
2096
2095
2093
2092
2091
2090
2088
2085
2084
2083
2082
2079
2077
2076
2075
2074
2072
2070
2069
2067
2065
2063
2062
2061
2059
2058
2057
2056
2055
2054
2053
2052
2050
2049
2047
2046
2045
2044
2041
2040
2039
2037
2036
2034
2033
2032
2031
2030
2028
2026
2024
2023
2022
2021
2019
2018
2017
2016
2015
2014
2013
2012
2011
2008
2007
2006
2004
2002
2000
1999
1998
1997
1996
1995
1993
1992
1991
1990
1988
1987
1984
1983
1982
1979
1978
1977
1974
1972
1971
1968
1965
1963
1961
1960
1959
1958
1957
1956
1955
1952
1951
1950
1948
1946
1945
1944
1943
1942
1940
1939
1936
1935
1934
1933
1932
1931
1928
1927
1926
1925
1924
1923
1922
1921
1920
1917
1916
1915
1718
1465
428
136
1527
3268
2884
2774
2861
2975
2776
3427
3354
3141
2799
