107
695
3693
334
3980
333
4019
3423
899
3476
498
77
675
3682
2481
1138
3516
3942
3502
3933
219
2281
410
3745
3217
499
887
289
3470
3679
3848
3153
259
2941
453
2441
1586
3477
955
682
51
881
3575
37
1711
3216
871
3141
2792
744
3063
1200
281
866
3126
4002
3059
1087
1197
1194
1996
888
3890
1822
143
177
873
875
532
335
3812
2788
3920
721
551
1834
3333
3736
3885
516
3620
717
2842
3856
3786
804
3717
2456
750
393
878
3494
3661
1022
935
11
3808
2568
635
1988
746
3275
3222
2732
2219
3653
3134
2774
2152
3465
1162
2158
931
3912
3375
3626
3936
725
1445
3048
401
2079
317
758
1206
3994
358
502
3981
1383
660
2263
343
106
2740
4024
3952
3686
2569
740
1466
1830
338
263
868
716
799
884
4027
4014
321
4037
3801
301
2269
1386
2182
806
883
798
1119
316
351
1969
715
4006
490
608
216
3548
157
529
377
552
4033
1560
255
139
704
2596
1546
306
152
254
328
246
50
3352
124
164
1
54
3554
549
839
4017
3876
3844
262
116
3607
93
1342
1910
1564
1295
2357
3372
742
399
3873
2321
852
380
459
3664
3536
3922
437
467
629
776
68
225
46
886
2452
1046
909
1788
1297
3229
3923
2886
894
197
3879
767
3122
2895
1157
3668
509
803
2455
443
201
3428
1147
3061
3782
3658
3580
3490
3546
3446
3069
737
3978
1151
131
327
89
3840
379
3266
2094
2535
147
154
381
33
3276
1934
3744
2416
3710
2070
3695
3613
3883
3044
411
1208
3944
3105
891
2898
1762
2857
1177
956
1499
1949
1057
766
3028
762
2721
405
2801
1073
2373
2700
1869
1301
658
599
1224
12
2949
2166
2177
1498
3853
624
2822
860
205
859
1854
3503
2736
2618
1924
3167
2884
3899
1403
3579
3975
3325
2982
821
1649
3628
3290
18
2524
2162
1141
689
1607
3037
652
441
3429
4009
4003
1387
1474
1477
3608
356
3705
3057
3650
3972
3200
3522
2825
3763
3816
2527
3970
220
668
151
190
23
137
3880
253
3691
3424
3183
4001
756
3409
74
2580
929
4034
3985
3995
4036
1263
2930
3988
3432
3147
855
3993
4013
3855
3177
4010
613
4035
4032
2256
3088
2878
3991
1759
4028
2270
911
65
3796
2870
838
3777
257
3831
169
3165
3657
1982
785
1150
3157
2963
1276
3706
181
674
3889
3854
1008
264
247
228
42
892
90
81
71
48
3565
3454
3683
1071
3402
2505
914
3925
125
504
3761
293
1105
385
491
2798
292
3688
2865
851
3161
550
3781
2442
2621
382
2587
273
837
802
621
3950
2947
610
1531
533
1627
1168
3795
3512
1817
52
3542
1492
3367
2168
825
3513
2893
2744
1808
1818
649
2411
3467
2099
1090
970
2704
63
3180
388
910
2036
778
3887
3673
383
638
540
2998
1853
1558
3457
1145
1034
908
450
3704
2017
364
3780
138
2265
2902
3699
3453
179
2016
160
1654
3738
586
2934
1094
2260
3133
83
3444
61
3359
2545
3974
183
2051
574
3268
1755
987
1042
879
446
1430
347
581
2918
371
2811
1202
648
3235
723
3787
1510
1035
2824
2066
114
1062
1901
2424
427
1860
1326
588
3961
1814
3269
1443
78
3811
846
1581
189
1890
3376
796
2401
420
425
1096
91
950
1670
2790
3588
2885
3954
279
305
3496
240
1974
153
945
3401
145
3616
1144
480
2523
3439
403
562
283
29
2964
3055
905
2771
245
3572
1228
3517
3760
3318
2889
2959
3008
3785
582
681
627
577
2791
3368
3769
3977
2145
2167
95
319
3334
3441
3905
3045
2789
2861
2799
108
36
1030
175
406
3624
2178
2562
1441
1434
1831
1356
1829
167
3478
702
822
712
3915
314
218
4
195
94
330
302
101
187
5
266
180
80
24
194
1889
777
184
49
384
464
466
155
198
768
2480
47
3992
99
3632
3442
3647
3918
3799
3638
3932
326
162
115
20
149
14
312
144
140
214
44
17
310
111
2431
663
616
539
4023
3997
836
2803
2727
3916
3541
3725
3739
3892
1183
1064
1343
1478
1566
1743
939
1731
3757
3519
2817
3127
3789
2999
2983
2923
2677
2764
691
2076
2255
2622
1992
2650
2466
2444
583
578
665
729
564
501
2541
2581
2041
889
882
3947
3821
3834
3648
424
554
357
369
3537
3747
3960
3655
3500
3641
3967
3474
3271
3662
3459
3770
572
874
872
885
876
861
1368
1111
1045
1050
1905
2726
2978
3231
3998
4021
4000
3336
3128
159
320
284
135
3066
2933
3083
3020
3155
2776
3053
858
870
31
129
630
655
626
657
961
1043
1896
1254
3361
193
2807
3836
3894
3531
3585
3963
3806
3447
3767
3520
227
19
3814
3949
3771
3727
2245
1956
1961
6
3809
3776
3698
3587
3783
3696
3700
3911
3669
3813
3561
3649
3523
3919
3594
3581
3481
3639
3562
3479
3898
1562
979
1016
2487
3566
595
670
659
640
615
576
650
662
600
647
661
632
628
643
117
3893
3837
3957
3675
3571
3759
3774
3708
3309
3382
3314
3283
2879
2767
2670
2703
2834
2972
2699
3311
3982
4020
4030
3996
4026
4018
226
41
267
28
32
307
230
2
4029
4038
3986
4025
3990
4011
4005
3989
594
4031
4004
3999
4022
3984
3987
4015
4012
4007
3983
341
196
141
130
304
238
318
146
66
249
204
297
53
339
126
60
38
133
300
22
308
275
150
345
134
123
87
148
13
25
258
229
142
265
92
57
110
276
158
285
248
30
9
298
315
236
75
271
322
212
62
243
251
346
274
185
336
290
3
26
128
113
313
311
277
222
261
203
98
56
291
231
119
252
118
309
342
161
109
45
242
211
8
344
232
200
280
224
122
104
72
40
69
39
323
163
182
176
199
127
170
88
67
55
186
325
223
59
329
324
303
299
278
268
250
239
188
156
132
121
100
97
85
21
213
172
16
0
332
331
96
178
174
217
84
272
102
165
112
73
82
105
79
340
234
210
173
168
86
64
103
269
237
206
282
244
191
70
35
7
270
296
202
235
10
27
295
287
286
221
76
241
171
208
207
120
260
192
215
15
337
288
294
904
256
166
3544
3775
3742
3621
3872
3463
3861
3614
3550
3644
3558
3904
3866
3900
3672
3697
3595
3850
3505
3622
3953
3630
3951
3909
3534
3507
3458
3896
3584
3511
3726
3724
3779
3737
3462
3741
3567
3667
3862
3685
3870
3711
3468
3903
3869
3645
3610
3602
3888
3573
3543
3868
3819
3743
3569
3506
3499
3535
3955
3946
3539
3438
3841
3484
3881
3969
3906
3788
3464
3712
3448
3934
3817
3845
3731
3475
3707
3656
3525
3670
3943
3586
3577
3488
3452
3440
3629
3526
3472
3907
3815
3826
3794
3764
3752
3634
3510
3443
3469
3681
3485
3677
3576
3689
3684
3874
3976
3486
3568
3483
3867
3694
3825
3690
3842
3948
3929
3800
3625
3501
3480
3823
3803
3810
3591
3926
3540
3491
3966
3828
3527
3755
3680
3654
3578
3552
3797
3734
1085
3902
3851
3762
3605
3574
3497
3938
3790
3730
3702
3640
3604
3971
3692
3962
3804
3674
3545
3908
3877
3824
3750
3651
3753
3720
3521
3615
3599
3728
3722
3553
3590
3835
3829
3612
3529
3460
3471
3559
3930
3721
3917
3793
3524
3636
3758
3456
3901
3792
857
3756
3714
3555
3493
3878
3968
3858
3838
3642
3528
3830
3687
3635
3633
3627
3611
3518
3551
3487
3832
3964
3913
3618
3596
3495
3802
3740
3592
3921
3663
3498
3965
3945
3940
3935
3924
3910
3886
3884
3860
3857
3846
3839
3768
3735
3718
3703
3631
3619
3609
3598
3593
3564
3563
3557
3547
3514
3504
3482
3450
3449
862
3713
3437
3455
3646
3601
3956
3958
3701
3538
3473
3532
3643
3778
3749
1136
3715
3623
