0
4029
4008
3885
883
154
841
3959
2079
1119
648
2470
1386
3746
4035
4012
202
383
3717
81
3282
164
2817
241
638
1071
182
3691
155
255
112
443
2219
3942
201
12
1552
1270
642
918
2885
3270
1224
585
749
3755
3709
210
3432
18
2596
3987
11
3723
2580
2269
1466
2704
608
287
3375
801
744
891
860
3727
3619
3765
2204
1690
335
855
282
157
1253
3744
166
4037
4011
3992
4020
4027
4016
3990
4036
4028
3989
4033
4038
4031
4004
4000
4017
4002
4018
3995
3985
4032
4026
4025
4022
4013
4010
4007
4005
4001
3999
3996
3993
3991
3986
4030
4019
3994
3981
4023
4021
4014
3998
3997
3988
3980
4009
3982
4003
4034
4024
4015
3983
707
699
775
746
789
732
712
704
854
742
809
783
740
826
849
795
839
822
802
725
714
711
851
846
836
833
832
831
821
808
806
796
793
791
788
786
785
782
771
768
767
764
757
750
743
736
716
710
702
692
691
689
886
804
872
776
887
882
876
861
765
754
695
837
812
797
770
759
739
737
843
779
709
696
880
838
807
687
792
763
730
728
761
741
852
717
735
889
827
790
774
758
723
715
705
700
845
810
799
794
787
766
762
756
755
747
733
727
724
720
718
703
853
850
848
847
830
829
824
817
816
814
813
784
781
778
773
752
751
748
738
734
726
722
708
706
690
688
890
844
842
835
834
820
818
815
805
780
777
760
731
721
701
694
693
686
893
892
888
885
884
878
877
874
873
869
867
864
863
856
840
828
825
823
819
811
803
800
798
772
769
753
745
729
719
713
697
3816
3939
866
858
894
879
698
2168
3808
3879
3653
3589
3694
3588
3941
3887
3537
3575
3631
3827
3910
3977
3622
3963
3904
895
881
870
2106
3778
4006
3659
3821
3473
3467
3665
3671
3509
3678
3946
3522
3953
3544
3914
3834
3459
3899
3465
3483
3582
3892
3819
3541
3751
3749
3632
3918
3572
3502
3955
3878
3888
3450
3548
3610
3833
3648
3646
3498
3574
3518
3917
3871
3445
3592
3504
3806
3818
3792
3647
3638
3835
3640
3933
3725
3538
3815
3705
3608
3965
3912
3739
3657
3511
3919
3803
3947
3767
3921
3867
3840
3599
3470
3455
3811
3531
3823
3782
3617
3564
3499
3528
3865
3862
3773
3769
3442
3645
3883
3958
3557
3931
3969
3951
3903
3784
3718
3690
3569
3507
3458
3731
3783
3664
3641
3926
3934
3872
3461
3845
3712
3863
3446
3925
3924
3900
3869
3822
3794
3714
3593
3493
3463
3790
3681
3627
3901
3505
3898
3695
3523
3920
3766
3587
3836
3774
3701
3519
3850
3629
3810
3584
3532
3972
3652
3554
3777
3738
3726
3630
3602
3583
3474
3488
3452
3829
3761
3568
3831
3703
3679
3580
3861
3956
3937
3906
3634
3529
3949
3536
3932
3799
3716
871
868
2100
2437
2450
3376
3134
3372
2963
3059
2388
2256
2714
3852
3552
3540
3889
3785
3772
3707
3683
3605
3603
3477
3621
3966
3902
3828
3736
3697
3667
3520
3496
3858
3860
3804
3741
3578
3480
3944
3929
3604
3449
3448
3817
3688
3521
3970
3950
3948
3737
3692
3573
3563
3938
3841
3800
3760
3438
862
3877
3851
3600
3551
3530
3693
3642
3586
3979
3978
3976
3975
3974
3973
3971
3968
3967
3964
3960
3957
3952
3945
3940
3936
3935
3930
3927
3923
3922
3916
3915
3913
3911
3909
3908
3907
3905
3897
3896
3895
3894
3893
3891
3890
3884
3882
3881
3880
3876
3874
3873
3870
3868
3866
3864
3859
3857
3856
3855
3849
3847
3844
3843
3842
3839
3838
3837
3832
3830
3826
3825
3824
3814
3813
3812
3809
3802
3801
3797
3796
3795
3793
3791
3789
3788
3787
3786
3781
3780
3779
3776
3775
3771
3770
3768
3764
3763
3762
3759
3758
3757
3754
3753
3752
3750
3748
3747
3745
3743
3742
3740
3735
3734
3732
3730
3729
3728
3724
3722
3720
3719
3715
3713
3711
3710
3708
3706
3702
3700
3699
3698
3696
3689
3687
3686
3685
3682
3680
3677
3676
3675
3674
3673
3672
3670
3669
3668
3666
3663
3662
3661
3660
3658
3656
3655
3654
3649
3644
3643
3639
3637
3636
3635
3628
3626
3625
3624
3623
3620
3618
3616
3615
3614
3613
3612
3611
3609
3607
3606
3601
3598
3597
3596
3595
3594
3591
3590
3585
3581
3579
3576
3571
3567
3566
3565
3562
3561
3559
3558
3555
3553
3550
3549
3547
3546
3545
3543
3542
3539
3535
3534
3533
3527
3526
3524
3517
3516
3515
3514
3513
3512
3510
3508
3506
3503
3500
3497
3495
3494
3492
3491
3490
3489
3487
3486
3485
3484
3482
3481
3479
3478
3476
3475
3472
3471
3469
3468
3466
3464
3462
3460
3457
3456
3447
3444
3443
3441
3439
857
533
464
575
534
2548
2422
2245
1956
2382
2255
2263
2513
2044
2439
2217
2034
2402
2360
2178
2105
1924
2080
2158
2444
2130
1936
1992
2281
2288
2357
2186
2455
2424
2070
2587
2160
2008
2568
2383
2019
2265
2454
2570
1942
2545
2476
2350
2632
2113
2634
2421
2565
2311
2258
1922
2426
2076
2014
2488
2314
2193
2156
2554
2493
2651
2162
1977
2540
2405
2342
2152
2129
2035
2146
2103
2579
2556
2118
2060
1929
2025
2091
2577
2286
2638
2601
2576
2553
2549
2520
2492
2477
2423
2418
2352
2307
2200
2188
2154
2124
2077
2341
71
138
501
90
2478
2391
2012
2647
2013
1995
2627
2346
2202
2097
2016
1931
2447
2364
2159
2061
2022
2000
1958
1957
1914
193
110
229
228
263
102
341
217
126
2536
2358
2230
2312
2514
2270
2205
2489
2234
2658
2620
1999
1921
3371
3425
2926
3151
3281
3094
2980
3030
2851
2809
3007
3408
2998
2709
2774
3340
2721
2791
3338
3126
3333
3328
3147
3218
3122
2799
3197
2792
2970
2882
2987
3317
3359
3310
2886
2870
3400
3325
3283
3227
3336
3322
2981
2965
2697
2935
3404
3358
3075
2852
3228
3009
3251
2771
3155
2844
2686
3170
2850
3242
2803
3109
3402
2954
2858
2736
2723
3423
2914
3275
3208
3050
2747
2715
3074
3020
2888
2837
3430
3309
3121
3028
2997
2983
2672
3135
2874
3349
3099
2667
3148
3306
3272
3016
3105
3433
2953
3300
3130
2978
3329
2841
3286
3383
3213
3095
3341
3307
3256
3380
3017
2668
3202
2873
2710
3175
2772
2702
3153
3143
3022
2789
3330
3277
3199
3169
3115
3399
2924
2867
2681
3204
2840
2790
3181
2930
3342
3312
3255
3211
2690
2675
3362
3257
3123
3084
3073
3036
2977
2887
2821
2755
2795
3392
3229
3139
3114
3045
2663
2903
2739
3047
2916
2666
3385
3313
3288
3058
2868
3420
3241
3411
3132
3120
3234
3000
2896
2880
2695
2689
2680
3008
3253
2818
2812
3065
2966
2956
2927
2827
2787
3156
3212
3209
3061
3396
3172
3079
2875
2823
3394
3301
3293
3237
3129
2993
2906
2854
2810
2756
2754
2743
2731
2679
3334
3416
3297
3280
3021
2939
2863
2849
2765
3436
3184
3052
2948
2909
2763
2824
3382
2982
2959
2879
2767
2699
3387
3384
3363
3232
3149
3104
3096
3090
3029
3004
2905
2897
2890
2866
2786
2777
2757
2738
2698
2669
3291
3274
3192
3152
2804
2677
3337
2400
2654
2495
2374
2306
2257
2244
2237
2216
2201
2190
2136
2108
2090
1983
2639
2192
2001
1976
2334
2630
2625
2624
2619
2611
2578
2563
2552
2521
2500
2469
2395
2376
2369
2331
2326
2140
2074
2037
1984
1963
2490
2631
2593
2591
2590
2575
2551
2550
2546
2485
2464
2460
2446
2409
2407
2404
2386
2363
2348
2329
2300
2253
2240
2220
2212
2206
2179
2150
2123
2112
2073
2058
2046
1997
1979
1966
1962
1938
2177
2055
2560
2065
2362
1965
2459
1928
2313
2522
2599
2214
2646
2048
1961
2628
2310
2116
1969
2324
2623
2427
2096
2069
2501
2099
2581
2557
2411
2397
2345
2322
2318
2296
2211
2036
1978
2057
2277
2242
2226
1944
2416
2381
1925
1918
2637
2142
2652
2603
2110
1985
2432
2415
2390
2588
2537
2330
2232
2233
2135
2465
2279
2609
2438
2343
2293
2235
2215
2151
2137
1994
2518
2512
2010
1952
2582
2531
3405
3308
3107
3072
2859
2845
2768
2720
2718
3350
3332
3262
3196
3076
2733
2708
2701
3434
3258
3182
3160
3111
2989
2783
2735
2719
3161
2971
3391
3051
2973
2828
2793
2753
2665
2661
3403
3347
3327
3223
3207
3113
3086
3034
3005
2779
3353
3140
2895
2876
2811
3324
3296
2969
2942
2919
2915
2839
2676
3379
3370
3356
3285
3203
3186
3154
3024
2951
2785
2780
2728
2711
2692
3415
3412
3295
3179
3162
3159
3077
3068
2860
2829
3373
2775
910
1034
1354
3101
1579
3962
3943
3886
