0
1206
3984
2079
3798
1096
892
3071
607
1145
1386
43
4035
585
114
15
210
2457
911
608
692
1119
3729
3820
3748
918
292
3451
4024
4022
3856
1560
2569
674
602
624
1834
215
209
3853
2269
2195
1581
335
1466
613
74
3974
3650
3183
3570
801
3709
2470
11
4015
891
18
3935
668
3031
358
287
2842
638
550
37
12
883
3453
875
2596
4008
3230
447
4010
233
282
256
4029
3987
3268
642
4012
3746
3407
42
244
4001
3846
581
33
1176
1224
401
145
90
3983
286
3885
3688
3282
3879
2788
1233
3942
138
35
744
160
1395
1326
241
47
4028
3125
2857
2541
234
154
4034
1430
1394
3704
1854
699
377
183
749
3875
3732
3134
1967
4032
1270
216
255
205
153
3922
4006
1755
1690
468
3807
3589
841
775
305
267
4036
3854
316
2382
3808
3006
2814
52
860
859
750
3959
2740
1262
2704
443
1276
648
279
70
3408
1065
379
1558
179
3037
2792
904
386
301
3801
2691
383
2595
81
3992
1362
1046
3811
2483
1586
571
112
2442
157
3691
3575
2922
656
321
71
1253
1252
1027
294
182
97
3955
1627
1546
1034
743
667
253
3689
3375
2168
785
207
164
76
3816
2860
2380
1071
228
4033
2722
1208
499
336
293
3991
3582
3413
2952
2178
1760
1693
899
155
61
3928
3744
3733
3717
3597
3560
2975
2808
1353
660
411
356
2998
2714
854
191
49
2798
448
247
4025
4005
3467
2527
3990
2481
240
3999
3699
454
4016
757
4011
4007
202
4037
1383
1194
652
174
3996
3494
1105
884
384
4027
4003
3985
3939
3143
2106
717
125
4038
4031
4030
4026
4023
4021
4020
4019
4018
4017
4014
4013
4009
4004
4002
4000
3998
3997
3995
3994
3993
3989
3988
3986
3982
3981
3980
3765
3619
3537
3121
3003
2971
2855
2838
1856
1031
1022
945
307
270
192
190
120
3673
3653
2885
1762
1510
1002
996
893
868
855
852
206
124
3965
3954
3946
3910
3606
3565
3544
3271
2980
2963
2441
2422
2204
1651
1474
1038
877
865
788
572
289
262
250
201
166
3953
3952
3781
3686
3637
3588
2565
2015
1969
1890
1713
1711
1200
858
832
790
485
472
467
453
220
46
3936
3925
3908
3905
3897
3882
3865
3839
3795
3678
3457
3310
3290
3227
3091
3059
2517
2437
2375
2358
2167
1996
1937
1797
1521
1442
1417
1354
1346
1168
1151
894
864
851
673
671
649
594
593
552
530
464
406
371
349
327
300
288
264
235
193
152
117
110
27
3979
3978
3977
3976
3975
3973
3972
3971
3970
3969
3968
3967
3966
3964
3963
3962
3961
3960
3958
3957
3956
3951
3950
3949
3948
3947
3945
3944
3943
3941
3940
3938
3937
3934
3933
3932
3931
3930
3929
3927
3926
3924
3923
3921
3920
3919
3918
3917
3916
3915
3914
3913
3912
3911
3909
3907
3906
3904
3903
3902
3901
3900
3899
3898
3896
3895
3894
3893
3892
3891
3890
3889
3888
3887
3886
3884
3883
3881
3880
3878
3877
3876
3874
3873
3872
3871
3870
3869
3868
3867
3866
3864
3863
3862
3861
3860
3859
3858
3857
3855
3852
3851
3850
3849
3848
3847
3845
3844
3843
3842
3841
3840
3838
3837
3836
3835
3834
3833
3832
3831
3830
3829
3828
3827
3826
3825
3824
3823
3822
3821
3819
3818
3817
3815
3814
3813
3812
3810
3809
3806
3805
3804
3803
3802
3800
3799
