3270
801
4024
12
4035
892
287
210
1466
1119
292
3746
3808
2470
11
15
1362
4008
3704
70
4001
3991
3989
3992
4037
4036
4034
4033
4032
4029
4028
4027
4025
4022
4020
4016
4015
4012
4011
4007
4006
4005
4003
3996
3993
3990
3987
3983
594
4038
4031
4018
4013
4019
4009
4002
3999
3997
3994
3981
4000
3988
4030
4026
4017
3982
4004
3980
4023
4021
3998
3995
3986
3985
4014
881
873
893
882
895
894
891
887
885
884
883
879
877
875
874
872
871
870
867
866
860
859
858
776
888
864
825
852
886
878
876
863
717
716
889
861
729
880
791
846
826
832
851
803
869
840
810
809
762
715
689
890
848
835
709
698
847
827
812
773
853
831
731
845
834
792
771
766
726
696
695
819
807
805
774
703
813
691
839
721
782
856
855
854
850
849
844
843
842
838
837
836
830
829
828
824
823
822
821
820
818
817
815
814
811
808
806
804
802
800
799
798
797
796
795
794
793
790
789
788
787
786
785
784
783
781
780
779
778
777
775
772
770
769
765
764
763
761
760
759
758
757
756
755
754
753
752
751
750
749
748
747
745
744
743
742
741
740
739
738
737
735
734
733
732
730
728
727
725
724
723
722
720
719
718
714
713
711
710
708
706
705
704
702
701
700
699
697
694
693
692
690
688
687
833
816
768
767
746
736
712
686
707
3963
3942
3939
841
3513
3879
3978
3875
3958
3885
3653
3632
3923
3720
3444
3910
3641
3955
3882
3447
3537
3631
3976
3848
3616
3439
3732
3745
3686
3681
3855
3580
3620
3558
3497
3890
3583
3912
3819
3567
3445
3622
3786
3759
3562
3896
3866
3933
3615
3500
3834
3671
3690
3894
3665
3569
3509
3627
3617
3581
3587
3837
3757
3465
3743
3541
3840
3598
3561
3777
3764
3510
3869
3822
3705
3591
3555
3934
3829
3825
3951
3506
3468
3778
3769
3753
3728
3498
3603
3624
3972
3738
3941
3865
3850
3835
3740
3710
3678
3629
3608
3599
3590
3546
3662
3549
3670
3954
3859
3733
3503
3635
3543
3528
3450
2980
3134
3661
3559
3575
3838
3527
3864
3790
3744
3695
3649
3613
3594
3518
3514
3488
3479
3702
3563
3491
3804
3788
3480
3891
3950
3552
3842
3533
3796
3968
3884
3841
3800
3557
3438
3576
3979
3977
3975
3974
3973
3971
3970
3969
3967
3966
3965
3964
3960
3959
3957
3956
3953
3952
3949
3947
3946
3945
3944
3940
3938
3937
3936
3935
3932
3931
3930
3929
3928
3927
3926
3924
3922
3921
3920
3919
3918
3917
3916
3915
3914
3913
3911
3909
3908
3907
3906
3905
3904
3903
3902
3901
3900
3899
3898
3897
3895
3893
3892
3889
3888
3887
3883
3881
3878
3876
3874
3873
3871
3870
3868
3867
3863
3862
3860
3858
3857
3854
3853
3852
3849
3847
3846
3845
3844
3843
3839
3836
3833
3832
3831
3828
3827
3826
3824
3823
3821
3818
3817
3816
3815
3814
3813
3812
3811
3810
3809
3807
3806
3805
3803
3802
3801
3799
3795
3794
3793
3792
3791
3789
3787
3785
3784
3783
3782
3781
3780
3776
3774
3773
3772
3771
3770
3768
3767
3766
3765
3763
3762
3761
3760
3758
3756
3755
3754
3752
3751
3749
3748
3747
3742
3741
3739
3737
3736
3735
3734
3731
3730
3729
3727
3726
3725
3724
3722
3719
3718
3717
3716
3715
3714
3713
3712
3711
3708
3707
3706
3703
3701
3700
3699
3698
3697
3696
3694
3692
3691
3689
3688
3687
3685
3683
3682
3680
3679
3676
3675
3674
3673
3672
3669
3668
3667
3666
3664
3663
3660
3659
3658
3657
3656
3655
3654
3652
3651
3650
3648
3647
3646
3645
3644
3643
3640
3639
3638
3637
3636
3634
3630
3628
3626
3625
3623
3619
3618
3614
3612
3611
3610
3607
3606
3604
3602
3601
3600
3597
3596
3595
3593
3588
3585
3584
3582
3579
3578
3574
3573
3572
3571
3568
3565
3564
3560
3554
3553
3548
3545
3544
3542
3540
3539
3538
3536
3535
3534
3532
3531
3529
3526
3524
3523
3522
3521
3520
3519
3516
3515
3512
3511
3508
3507
3505
3502
3499
3496
3494
3493
3492
3490
3489
3486
3485
3484
3483
3482
3481
3478
3477
3476
3475
3474
3473
3472
3471
3470
3469
3467
3466
3464
3463
3462
3461
3460
3459
3458
3457
3455
3452
3451
3449
3448
3446
3443
3442
3441
857
3586
3577
3517
868
865
2595
2483
2541
2217
2632
2528
2375
1961
1956
2263
1924
2444
2106
2130
2008
2424
2238
2487
2301
2070
2545
2321
2034
2421
2357
2152
2565
2622
2513
2248
2651
2256
2219
2488
2181
2216
2562
2286
2373
2577
2035
2341
2114
1922
4010
3984
3504
3925
3566
3551
3530
3880
3861
3779
3775
3693
3677
3642
3621
3605
3547
2798
3333
3281
2722
2902
2834
3141
2776
3367
2799
3131
2732
3429
3425
3338
3336
3216
3200
3122
3260
3163
3030
3317
3148
3271
3422
3147
3127
3389
2893
2850
2769
2756
3380
3093
3194
2715
3143
3080
3121
2808
3394
3123
2981
3371
2840
2832
3352
2936
3321
3095
3015
3318
3047
2680
3328
3238
3158
2681
3435
3004
2987
2928
2880
2810
3103
3056
3010
2985
2920
2896
2872
2827
2782
2717
2666
3404
3187
3436
3023
2944
2909
3423
2972
2889
2703
3426
3348
3250
3226
3174
3096
3078
3064
3029
3022
2974
2966
2940
2916
2912
2910
2877
2866
2864
2835
2800
2773
2757
2746
2694
2669
3137
3104
3084
2888
2786
2785
2687
2012
2435
2346
2633
2025
2013
2011
183
2844
3267
3169
2992
2991
2350
2639
1968
2490
2644
2371
2361
2173
2080
1990
2566
2659
2627
2620
1935
2738
3117
2856
3377
3306
3160
2860
2938
3340
2818
2480
2316
2495
2446
2418
2354
2201
2139
2037
1943
2524
2069
1988
1974
1952
2581
2637
2557
2448
2425
2366
2291
2211
2209
2175
2166
2654
2646
2602
2590
2573
2554
2552
2539
2500
2485
2467
2409
2387
2386
2376
2356
2326
2307
2218
2200
2190
2164
2140
2124
2122
2118
2115
2108
2098
2086
2084
2083
2074
2045
1986
1983
1966
2389
2222
2605
2345
2048
2324
2154
2415
2249
2498
2473
2652
2603
2537
2479
2396
2221
2594
2304
2280
2232
2176
2630
2623
2611
2601
2578
2556
2521
2482
2478
2460
2379
2363
2340
2309
2308
2300
2275
2257
2215
2150
2104
2093
2064
2058
2046
2021
1985
1979
1938
1918
2509
2465
2235
2028
3341
3296
3262
3116
2939
2708
3378
3360
3272
2783
2701
3374
2668
3312
3261
3217
2863
2790
3345
3344
3240
3239
3203
3140
3051
3009
2742
2720
3370
3191
3024
2830
2829
2779
3334
3159
2824
2697
3412
3233
3962
3948
3943
3886
3877
3872
3851
3830
3797
3750
3721
3684
3633
3609
3592
3556
3550
3525
3501
3495
3456
3440
3437
862
3266
2865
2685
3383
3190
2841
2762
2700
2696
2665
3061
3198
3172
3136
3118
3101
3017
2923
2719
3343
2825
2658
2657
2656
2655
2650
2648
2647
2645
2641
2640
2638
2635
2634
2631
2628
2626
2625
2624
2621
2619
2618
2615
2614
2613
2612
2610
2609
2607
2606
2604
2600
2599
2596
2593
2591
2587
2586
2585
2584
2583
2580
2579
2576
2575
2574
2572
2570
2568
2564
2563
2561
2560
2559
2558
2553
2551
2550
2549
2548
2546
2540
2536
2535
2534
2532
2531
2527
2526
2525
2523
2522
2520
2518
2517
2515
2514
2507
2506
2505
2504
2503
2499
2497
2493
2492
2489
2486
2484
2481
2477
2476
2474
2469
2468
2466
2464
2462
2456
2455
2454
2453
2452
2450
