0
4025
859
4036
911
256
52
1233
3006
4001
749
3987
798
879
877
4028
918
1560
3748
1386
602
1206
624
3729
3453
1581
37
674
43
3071
642
3746
286
377
3037
2788
205
2792
2691
70
183
267
1755
2740
2382
1176
3125
1262
2704
1208
316
253
49
2808
247
2952
2527
571
166
406
1474
3865
1969
673
3143
1713
3489
3290
152
3925
1264
2167
3429
2980
3270
2632
3045
2281
3652
3676
865
868
192
1105
1002
875
4004
4034
4016
4027
4011
4022
3991
4033
3984
757
4015
4035
667
744
892
4008
4024
4003
4013
4018
3995
3981
4019
4000
4026
4009
3994
4021
3997
3982
3998
4031
4030
4023
3980
3992
4037
3985
3993
3988
4002
4020
4017
3986
4038
4014
4029
3983
3989
4005
3996
4032
3999
855
841
699
775
801
891
4012
4010
816
871
594
894
854
750
714
736
690
700
890
796
869
846
887
802
735
895
866
864
832
790
852
717
785
686
687
688
694
695
696
697
698
701
703
705
708
711
713
718
719
724
726
727
728
731
734
738
739
745
747
748
752
754
755
758
760
764
766
770
771
773
774
779
780
781
783
784
787
792
793
795
797
800
803
805
807
810
814
815
817
819
820
823
824
827
828
829
830
834
835
838
840
842
845
847
848
849
853
856
722
741
772
778
804
809
818
831
839
706
709
720
737
762
768
769
777
693
732
751
763
822
844
843
712
730
794
806
836
729
765
715
789
833
863
889
753
782
837
716
723
742
799
826
876
759
813
756
861
707
878
850
808
888
821
811
786
761
725
689
767
746
886
812
880
882
740
702
710
733
776
791
885
867
691
874
872
881
870
825
873
704
721
858
788
851
893
884
743
4006
3990
4007
883
692
11
1119
3798
358
2195
3183
3820
209
3856
2079
3935
585
210
607
1096
292
3451
12
1466
18
668
1834
2457
608
3650
3230
2569
335
3031
2470
613
15
3974
2269
74
2842
1145
3853
638
3709
114
550
447
215
287
3570
2596
233
581
244
33
3846
282
3407
42
3268
90
145
241
1224
3885
47
401
255
179
468
443
154
3808
1270
3875
1854
3807
1394
379
216
1967
279
3942
860
1326
3704
2541
1065
153
234
3922
2483
160
3589
3732
648
3959
35
1690
3688
3879
1276
2814
2595
2857
1430
1395
1586
1558
138
3854
3282
3134
1046
182
3408
386
1027
305
81
1627
301
383
3801
97
1693
411
157
904
356
1760
1071
3560
2168
1253
3717
155
71
293
3744
112
3691
61
1194
899
1353
76
3816
499
3733
454
2798
2922
448
228
1252
2714
336
3699
174
294
164
207
