2554
1371
1376
3042
3248
779
1089
1216
1997
2177
3023
3222
3837
101
538
674
830
1172
2995
3107
3118
3401
3699
4007
297
529
559
697
751
776
797
922
972
1080
1188
1218
1388
1541
1810
1935
2119
2286
2448
2594
2636
3090
3116
3211
3356
3770
3955
29
77
109
324
346
385
430
441
474
497
570
582
589
850
927
1143
1173
1226
1298
1378
1383
1575
1597
1650
1830
1896
2041
2156
2187
2244
2254
2331
2342
2349
2358
2445
2466
2559
2573
2597
2603
2620
2666
2683
2795
2916
3080
3214
3217
3219
3491
3532
3551
3555
3665
3709
3743
3844
3922
59
61
71
102
114
205
226
234
238
377
427
438
498
510
601
620
635
655
692
709
768
801
829
897
947
962
1044
1076
1078
1083
1104
1158
1187
1230
1231
1265
1279
1288
1313
1315
1370
1402
1409
1470
1511
1536
1579
1624
1671
1738
1753
1793
1824
1835
1842
1888
1920
1923
1956
2005
2017
2118
2138
2141
2240
2300
2302
2322
2352
2366
2386
2397
2407
2468
2527
2604
2645
2694
2723
2741
2778
2838
2890
2894
2905
2919
2959
2998
3010
3070
3089
3104
3122
3196
3304
3321
3334
3340
3390
3419
3465
3559
3564
3636
3663
3708
3727
3729
3792
3794
3825
3842
3845
3858
3956
3985
3993
3996
4011
4025
18
34
63
79
105
125
129
137
147
160
190
210
271
273
275
301
382
396
436
455
480
523
565
579
629
639
665
675
680
716
729
738
743
760
767
770
774
825
840
893
928
970
978
995
1005
1016
1019
1088
1105
1124
1129
1132
1176
1211
1225
1281
1283
1331
1334
1355
1384
1387
1398
1413
1419
1423
1427
1437
1489
1496
1505
1518
1604
1612
1659
1678
1681
1691
1694
1708
1731
1743
1761
1807
1813
1820
1837
1865
1875
1877
1885
1917
2033
2036
2040
2050
2076
2122
2142
2160
2192
2193
2196
2235
2257
2311
2316
2376
2417
2418
2435
2441
2446
2464
2497
2526
2533
2546
2577
2582
2595
2599
2633
2648
2679
2718
2740
2748
2789
2800
2811
2845
2856
2870
2886
2888
2934
2946
2958
2971
2983
3039
3041
3044
3069
3082
3091
3149
3221
3239
3267
3284
3289
3290
3293
3300
3315
3342
3352
3359
3374
3388
3389
3442
3446
3568
3627
3664
3676
3680
3718
3739
3757
3791
3801
3803
3820
3866
3891
3894
3898
3902
3911
3919
3935
3937
3963
3970
4015
4032
15
36
42
43
45
67
96
107
112
116
152
161
175
178
206
232
252
256
276
279
285
296
326
335
360
390
404
411
426
484
489
548
567
575
596
627
637
638
641
669
691
693
695
708
721
722
732
735
742
765
780
781
813
819
836
900
901
905
921
924
961
977
980
1001
1002
1037
1040
1053
1063
1067
1120
1151
1156
1161
1165
1191
1192
1196
1199
1227
1243
1252
1257
1270
1297
1337
1339
1348
1351
1425
1428
1430
1431
1440
1490
1493
1504
1525
1530
1531
1540
1554
1568
1585
1589
1592
1599
1618
1620
1640
1642
1651
1658
1673
1693
1719
1742
1747
1778
1796
1805
1817
1818
1821
1840
1852
1873
1892
1905
1918
1936
1941
1943
1959
1969
1979
2044
2055
2056
2061
2071
2077
2085
2110
2131
2132
2143
2149
2169
2199
2210
2217
2223
2239
2264
2295
2304
2324
2329
2346
2357
2373
2377
2401
2459
2460
2463
2465
2475
2485
2489
2493
2503
2514
2523
2547
2584
2610
2635
2641
2646
2655
2656
2658
2659
2660
2674
2685
2703
2713
2716
2717
2734
2760
2776
2783
2784
2790
2810
2813
2817
2820
2824
2842
2844
2846
2858
2868
2869
2876
2892
2917
2921
2922
2926
2935
2960
2962
2968
2991
2993
3064
3075
3108
3110
3112
3126
3138
3140
3150
3154
3161
3169
3173
3183
3184
3198
3238
3242
3243
3276
3280
3309
3311
3360
3376
3379
3432
3443
3468
3479
3495
3512
3539
3543
3556
3566
3618
3632
3633
3649
3673
3674
3760
3767
3780
3788
3804
3819
3839
3850
3859
3874
3884
3896
3900
3904
3914
3930
3978
3979
4000
4004
4017
4035
4037
3
33
44
57
62
89
93
94
113
122
139
140
144
153
163
168
186
191
193
200
207
208
209
222
236
251
264
268
272
291
302
320
338
341
347
357
364
409
414
415
419
424
439
442
446
453
467
470
481
487
502
512
542
549
552
555
578
588
590
592
597
599
605
608
609
615
622
628
630
642
653
662
671
689
696
704
707
711
712
734
744
802
808
828
837
844
849
854
861
864
878
886
907
914
915
918
919
967
968
984
985
1015
1032
1054
1055
1060
1082
1106
1116
1125
1126
1137
1145
1148
1149
1155
1160
1174
1181
1193
1209
1215
1220
1222
1239
1242
1249
1251
1260
1264
1268
1271
1272
1277
1280
1292
1293
1294
1311
1314
1319
1330
1335
1345
1358
1380
1399
1451
1453
1475
1476
1488
1503
1512
1529
1547
1555
1563
1571
1588
1600
1605
1608
1614
1616
1617
1625
1639
1655
1703
1727
1735
1755
1756
1775
1784
1788
1792
1795
1800
1804
1812
1815
1816
1819
1822
1851
1854
1858
1867
1880
1914
1921
1930
1938
1964
1965
1986
1992
2000
2002
2011
2015
2045
2063
2064
2065
2074
2091
2103
2105
2147
2170
2172
2173
2175
2179
2183
2186
2194
2203
2205
2208
2228
2249
2265
2269
2281
2282
2287
2291
2294
2312
2326
2327
2335
2339
2353
2371
2375
2380
2394
2432
2450
2453
2470
2495
2504
2513
2521
2528
2544
2558
2585
2587
2590
2625
2628
2670
2677
2684
2692
2698
2699
2719
2736
2738
2739
2762
2770
2774
2787
2794
2804
2805
2807
2823
2871
2875
2878
2883
2884
2887
2896
2909
2911
2924
2929
2942
2949
2957
2973
2989
2996
3018
3040
3048
3054
3066
3068
3084
3087
3094
3095
3096
3100
3105
3131
3132
3141
3144
3158
3187
3189
3194
3202
3203
3240
3241
3244
3256
3275
3279
3288
3294
3299
3319
3330
3339
3348
3349
3361
3370
3372
3373
3383
3385
3395
3409
3410
3412
3425
3427
3450
3464
3477
3482
3485
3506
3508
3511
3515
3516
3547
3550
3558
3567
3572
3575
3576
3589
3602
3613
3619
3621
3648
3669
3690
3721
3722
3725
3730
3747
3753
3758
3765
3769
3773
3786
3795
3798
3805
3811
3816
3821
3824
3833
3878
3882
3883
3885
3909
3934
3938
3940
3952
3957
3969
3971
3995
4010
4022
4023
4031
4
7
14
25
28
52
56
60
74
80
91
98
111
117
123
133
134
138
149
154
158
173
196
198
215
221
223
230
233
239
248
260
265
284
303
311
321
322
323
325
331
332
340
345
361
362
365
381
388
389
392
398
401
405
416
417
428
437
448
451
471
477
478
499
503
505
508
509
513
519
525
533
541
544
545
551
557
562
564
569
571
580
583
584
598
618
647
651
654
659
677
679
706
714
723
733
740
749
754
756
772
786
791
803
805
827
833
835
843
848
852
855
869
870
881
883
884
887
891
894
903
906
909
911
929
941
950
952
958
973
975
976
990
992
1003
1007
1011
1017
1021
1023
1025
1029
1036
1046
1051
1052
1056
1058
1068
1072
1086
1087
1090
1103
1107
1109
1114
1123
1134
1142
1157
1184
1195
1206
1207
1210
1214
1219
1248
1259
1262
1273
1275
1278
1286
1289
1300
1302
1307
1317
1328
1342
1359
1360
1365
1366
1389
1390
1393
1396
