107
713
3931
80
3980
328
4007
2732
3571
126
872
3868
4019
3775
3807
882
3336
3766
3216
1934
3935
2444
691
3530
90
3720
3125
955
1046
3008
3549
2528
3853
904
3840
2535
3616
3695
3626
1834
501
218
1395
2799
3218
4035
594
3477
1499
498
3165
3453
2721
358
3121
1693
4037
3539
3266
1276
2456
3647
3580
753
3925
1838
721
1096
1203
578
1268
3933
3322
2707
605
333
386
1933
3597
1297
485
3895
237
160
4018
3874
3739
3454
2980
1239
702
3055
3370
874
1776
1176
801
64
217
193
292
86
28
27
437
221
345
234
202
1890
656
668
664
2997
911
1731
852
788
227
177
3911
660
15
1394
667
765
740
284
622
3282
3579
2195
228
3436
3815
535
870
2178
3805
3582
1521
3575
1443
2204
1150
3686
3952
154
3563
3724
2483
3742
244
2902
191
2858
2587
533
1145
2704
1022
365
795
4029
4002
3668
1034
2358
674
381
3667
642
1566
1855
2811
3358
1248
230
998
1952
3059
3398
4033
3849
2015
1065
3694
3936
1599
3131
895
1461
3368
2983
598
1252
575
1027
166
572
301
910
124
23
162
20
138
406
2949
3126
665
1383
707
736
886
838
883
2541
2382
3890
215
2805
2671
2824
2820
2962
2696
443
796
3354
3424
275
441
3504
2014
3481
1103
287
3479
382
3932
1664
3553
3459
3531
3977
3273
3682
2113
1490
1000
1830
1138
3292
3311
1806
2767
3375
841
2238
1111
909
145
3673
672
986
1924
3094
692
2486
1326
4020
349
3053
3141
477
403
3407
3747
1711
2105
679
1466
2281
1057
52
3457
429
1042
893
574
880
279
813
802
771
3981
2470
4003
233
4017
2952
1346
3994
571
757
3871
877
468
4015
1105
3127
377
2457
3340
2838
3917
890
3510
24
210
891
550
101
264
296
93
722
151
3371
3
81
117
338
134
241
255
190
120
3844
38
33
2
502
1
106
212
1356
344
45
331
2837
57
35
581
69
150
3367
2421
490
1657
2380
866
263
472
914
3965
222
316
3254
1321
3334
446
3102
1127
293
3189
693
1411
2709
125
250
790
1582
3820
710
1386
3899
1950
2882
3689
454
918
2277
1581
240
3928
2599
1089
1674
3083
1208
225
46
2798
12
2245
1489
2227
2690
1759
2263
3717
1307
1607
3305
3408
1091
726
434
851
937
336
2771
1510
34
2424
3554
3729
357
1977
3230
3429
1474
371
1087
638
854
3338
385
3736
1061
3652
3217
3979
648
2570
950
2041
1892
846
2094
59
3522
2497
3183
754
749
205
791
435
2971
1233
2019
131
3570
3487
74
1896
42
2635
305
2036
1585
1627
3879
3281
2870
1801
159
689
1038
243
3704
1704
3759
3978
3003
3850
157
564
2725
1792
2814
2722
3666
3614
3996
3041
2265
2256
2692
2735
3634
3428
3893
1478
2857
3496
987
3796
3970
3896
2714
1206
70
3897
3772
3865
2903
3770
3755
3095
3660
11
3712
3703
3822
3950
3088
321
758
3781
379
3503
3290
1739
3507
3878
1651
3784
3929
3780
3940
2885
3955
3954
3891
3888
1856
3806
3603
2812
3661
3566
3494
3103
1363
3618
588
2752
112
78
306
1537
1967
4034
4023
2269
3143
3732
3985
1853
4036
4005
3676
4032
4006
51
1756
3270
4028
522
4008
3999
415
1263
489
2918
4010
1418
1476
2168
310
2963
532
2947
2080
3894
3856
602
1422
183
3606
2230
48
3665
2569
2481
1168
283
219
426
201
3808
140
3941
76
1575
3245
3153
2100
294
699
1417
1762
3709
4004
3993
3995
3937
945
1294
192
734
2082
2566
551
518
3777
3561
3803
1053
1808
1023
3675
102
2106
1372
53
229
85
337
330
242
3752
3944
2487
2861
1384
1697
1073
3382
1266
1745
1640
3133
3705
3713
3839
3200
767
2697
889
759
742
2886
3128
2933
343
115
116
1178
871
3816
3444
4030
4000
253
2895
1696
3520
3466
794
751
733
2527
3483
3852
3526
1865
3916
858
894
625
589
616
3700
3669
3813
143
1162
3063
2999
2935
612
644
626
682
592
685
666
677
619
636
623
609
597
684
178
467
144
8
91
324
859
885
2817
3147
818
806
789
839
3892
3657
3538
3541
260
401
214
41
19
3478
3607
628
670
600
681
640
577
595
658
675
635
583
661
643
650
647
582
662
632
615
659
746
1317
1701
3961
804
876
729
888
861
863
3446
2341
3678
3690
3870
3982
4026
2934
3001
3246
3343
356
411
453
1562
1889
956
4031
4011
3105
2975
195
4
152
351
399
364
198
3562
3613
3523
3581
3919
3898
3594
3649
3883
3516
3639
3439
3716
3644
2431
2558
3812
3745
3662
3546
3863
3905
3585
3624
3490
3441
3949
3811
3536
2879
2959
2972
3423
3283
2703
3314
3309
2889
2699
2834
2670
3318
2982
1586
1788
179
822
782
833
2622
2515
2320
1992
2349
2170
2207
1988
2255
2513
2650
2776
3271
3809
3465
3476
3783
3587
3776
3664
3920
3791
3500
3655
3967
3964
3960
3641
3066
881
698
3789
3847
3997
4009
3998
3986
3743
3628
3567
3725
3473
3547
3819
3912
3595
3857
873
887
220
175
89
326
226
312
266
180
302
110
17
137
187
36
249
149
309
10
347
32
96
92
197
163
281
184
274
165
123
39
88
323
339
168
50
311
185
22
314
254
251
209
207
174
139
135
100
84
7
128
270
246
176
73
232
318
127
79
341
334
13
280
170
130
258
21
77
16
75
105
55
236
9
276
213
200
188
203
82
290
277
119
297
109
308
303
0
329
87
325
313
223
169
31
25
295
231
62
272
72
56
322
265
238
161
67
332
304
257
186
158
142
104
271
224
285
268
103
342
122
66
315
291
252
239
199
148
141
118
26
261
211
113
98
172
340
194
153
121
146
204
54
129
156
278
132
30
196
94
248
319
40
14
65
346
327
208
206
147
133
99
49
44
6
320
108
3837
3519
3854
3749
3975
3918
3757
3836
3774
3708
3910
3701
3685
3802
3521
3958
3972
3867
3636
3629
3591
3927
3921
3722
3740
3957
3767
3610
3945
3778
3470
3735
3698
3728
3706
3711
3825
3826
3617
3498
3942
3524
3829
3835
3663
3831
3976
3764
3956
3544
3659
3569
3534
3509
3753
3876
3907
3608
3472
3710
3786
3738
3515
3458
3818
3646
3900
3792
3951
3869
3511
3632
3615
3810
3601
3443
3768
3602
3590
3926
862
3550
3800
3445
3533
3733
3909
3833
3486
3718
3714
3913
3832
3823
3834
3564
3464
3589
3707
3930
3552
3866
3793
3599
3455
3442
3862
3769
3643
3593
3584
3719
3493
3555
3794
3508
3612
3460
3782
3468
3973
3456
3915
3474
3683
3737
3505
3908
3860
3609
3943
3485
3642
3640
3734
3449
3788
3492
3721
3684
3756
3448
3557
3518
3790
3687
1085
3804
3488
3672
3877
3693
3680
3861
3821
3623
3620
3679
3830
3499
3556
3635
3578
3548
3529
3592
3889
3880
3824
3785
3605
3574
3497
3902
3658
3573
3947
3773
3855
3758
3648
3558
3463
3881
3962
3873
3656
3604
3545
3540
3512
3495
3938
3845
3838
3828
3731
3651
3527
3440
3948
3886
3841
3741
3625
3586
3858
3730
3674
3542
3702
3475
3971
3953
3946
3906
3903
3872
3864
3814
3750
3696
3688
3670
3653
3630
3596
3576
3572
3568
3565
3537
3513
3506
3501
3451
3447
3797
3692
3677
3633
3525
3966
3851
3577
3514
3471
3437
3968
3611
3480
3491
3372
3251
3180
2930
4025
4016
181
273
4021
3988
3991
4027
4038
4014
4024
4022
3987
4012
3989
4013
3983
3990
3992
111
300
299
298
245
307
288
256
216
114
5
63
29
83
262
317
155
259
182
71
60
235
269
164
68
167
95
58
189
97
267
61
289
335
37
464
173
3467
3638
1187
3461
3760
3438
3517
3882
3654
3787
3751
3817
3884
3528
3452
3697
3827
857
3842
3934
3559
3723
3779
3627
3462
3631
3532
3621
3974
3939
3762
3754
3727
3699
3691
3482
3450
3859
3535
3469
3763
3969
3645
3924
3887
3726
3904
3551
3622
3798
3598
3543
3600
3484
3795
3765
1825
3715
1274
868
3848
3761
3799
3901
3681
3637
3843
3914
3922
3771
3502
3744
3583
1088
3923
3801
3885
3875
3619
3489
3671
3963
3959
865
3748
3588
3746
3650
711
696
783
737
743
829
809
803
763
730
780
687
764
727
695
762
741
819
778
701
821
798
811
772
735
812
837
725
835
781
773
844
814
784
718
766
739
705
842
747
847
787
840
777
797
774
728
703
688
827
760
724
715
694
709
853
856
824
820
792
779
686
815
731
834
828
810
752
849
845
830
817
805
756
745
850
848
831
823
706
697
825
800
719
3846
3560
878
826
770
716
700
785
714
690
843
892
738
761
723
748
869
807
793
799
755
708
720
732
704
864
816
808
786
776
775
768
712
769
875
836
879
867
860
744
717
750
855
832
884
923
1193
3099
2848
3333
3190
2789
2761
3193
2888
3315
3269
2981
3123
2987
2948
3228
3390
3388
2900
2941
2667
2784
3039
3176
2995
2809
3405
1062
2856
3042
2731
3010
3129
3155
2836
3364
3174
2757
3135
3234
3339
2815
2743
3065
2695
3163
2676
3202
3092
2681
2663
3137
3040
2994
3430
3362
3400
3232
3220
3213
2943
3184
3142
3073
3026
2993
2905
3014
2850
2782
3284
2884
2945
3250
3085
2985
2810
3029
2794
2873
2835
3301
2986
2773
2749
2717
2689
3394
2880
2738
2960
3056
3231
3130
3114
3426
3243
3052
2908
2862
3325
1301
2682
362
618
459
380
3379
3412
3366
2955
2762
2715
3215
3061
2979
3416
3377
2860
3356
2964
3069
3209
3018
2712
2829
3241
3253
3203
3376
3156
2832
2816
3323
3168
3007
2790
3158
3104
3078
3023
2756
3341
3219
2819
3022
2927
2915
2864
2673
2746
3047
2877
2951
3115
3171
3144
2803
3262
2845
3312
3331
2881
1090
1226
1568
1648
1533
1319
350
3255
3204
3124
3196
3393
3188
2759
3328
3337
3257
2977
2683
3226
3033
2969
2911
2998
3415
2769
2745
3374
2807
2729
3348
2931
2913
2909
3036
2907
2946
2831
3392
3045
2847
3383
2841
3384
3304
3090
2988
2929
2925
2839
2741
3417
3149
3064
2974
2920
2906
2867
2866
2666
2827
2750
3324
3293
2786
3285
3399
3084
2874
3387
3108
2919
2859
3286
2953
3198
2711
3166
3414
3000
2891
2890
2763
2664
2966
2912
2777
2706
2694
2679
3138
3433
3119
3098
3096
2944
2940
2928
2680
3091
3173
2843
2851
2754
3373
2957
3207
653
1283
3289
2739
3369
2932
3028
3410
3427
3236
2728
3136
2758
3187
1165
1140
1154
579
476
433
1777
534
473
655
569
627
599
678
633
621
573
543
516
557
462
445
494
1831
1829
1743
1064
2822
360
524
3327
3335
3146
2833
3162
3057
2770
3350
2830
2823
3252
2747
2693
2723
3116
3434
3239
2781
3016
2765
3385
2869
3032
2973
3192
2844
3211
3152
3011
2828
2701
3297
2883
3132
3118
2674
3319
3265
2970
2863
3048
2668
2894
2669
3288
3261
3321
3019
3249
3248
2984
2791
3330
3199
3357
3295
3411
3298
3082
3332
3351
3109
3046
3038
3344
3113
3060
3035
2991
2849
2796
3201
3177
2968
2846
3093
3221
3009
3313
3191
2990
2914
3015
3212
2876
3316
3256
3194
3075
3049
3024
2939
2662
2661
2989
3363
3342
3004
2910
2698
3421
3260
3175
2687
3378
3355
3214
3206
3167
3101
3070
2797
2787
2871
3395
3034
1634
943
963
1005
1681
965
938
992
958
1631
527
1308
593
3264
2675
3435
3419
3402
3381
3365
3346
3345
3306
3303
3275
3272
3259
3242
3240
3238
3237
3235
3195
3157
3154
3139
3134
3110
3080
3054
3050
3025
3012
2996
2978
2965
2956
2954
2950
2924
2917
2916
2897
2896
2892
2887
2878
2872
2868
2854
2825
2821
2806
2801
2800
2788
2785
2779
2772
2764
2755
2737
2734
2727
2718
2710
2705
2700
2684
3233
630
1588
1421
1259
1887
1716
683
634
425
418
354
544
523
416
565
396
402
1815
1260
1131
1629
1314
1118
1081
1300
1240
1213
1450
2724
2865
2685
3072
3420
3329
3087
3077
2813
2730
1098
1850
1166
1400
1602
1543
1870
1763
1671
1223
536
440
375
620
444
547
529
504
361
563
407
372
488
438
457
398
387
410
378
412
422
413
471
521
614
542
654
567
463
461
515
355
669
397
432
555
408
431
404
503
2076
1901
1444
1093
1200
900
1355
2677
1567
2744
1555
3361
1654
944
652
646
587
520
507
491
420
645
591
436
479
1451
954
1007
1781
3409
3347
3307
3223
3120
3106
3422
3100
3021
3005
2853
2672
3111
2992
2713
3302
3291
3172
3170
3391
3277
3267
3169
3140
3027
2937
2795
2753
3182
2733
2719
2708
3396
3279
3179
3150
3145
2742
3276
3274
3225
3051
2783
2720
2665
2778
3178
3148
3089
3431
3299
3280
3185
3097
3058
3043
2921
2716
3287
2904
3397
3247
3160
3117
3107
3013
2901
2780
2702
1595
1286
1188
1167
1030
1378
1880
1787
1493
1452
1747
1601
1115
964
1727
940
1311
1785
1134
974
1052
1649
1143
1304
1051
1549
1228
1225
1803
1494
1895
1733
1548
1468
1137
901
1221
1686
1284
1438
1841
1824
1245
1578
1404
1636
1234
1673
936
629
538
513
496
1310
1342
1012
566
497
482
1525
2686
1684
2958
1679
1446
1740
1545
915
1246
1658
1236
1682
1904
1296
1189
1037
1013
389
1011
1764
902
596
1315
1345
1190
1706
1638
1292
1423
1120
1433
1511
1251
1709
1275
1070
1591
1019
1655
1392
1231
1257
1873
981
988
984
975
1744
1320
373
1155
553
546
506
452
417
390
388
374
367
363
1647
1550
1148
1907
989
933
1906
1515
1504
1503
1371
903
1893
1373
1871
1508
1021
1009
1464
1844
1506
905
1313
1541
1876
1630
1415
1227
3308
3086
3081
3020
3002
2768
1642
1678
1579
1410
1045
908
1908
1381
1379
957
941
1282
1241
1766
1514
976
1616
1565
1374
1318
517
1237
1095
1660
1210
484
483
617
590
421
531
481
466
455
450
556
419
604
559
537
369
570
561
558
525
500
493
487
460
451
439
428
370
510
423
392
680
657
584
395
548
514
400
366
456
409
2577
1922
1247
1910
913
1025
1574
930
1900
1553
1552
1699
996
920
1419
1171
1527
1881
926
1670
1337
1726
1092
1161
1534
1477
1055
1822
1473
1526
1458
907
1703
1646
1635
1258
1183
935
376
606
512
368
1564
972
1786
1661
1429
1170
1700
968
921
3406
3353
3320
3224
2936
2793
3079
3076
3017
2875
3403
3360
2840
2748
1710
1846
1108
1018
1672
1338
1883
1197
1261
942
1798
1216
