1912
107
2347
1352
1684
1707
3437
1663
2471
2370
483
1730
2047
348
1551
3363
2510
686
3078
1331
0
2419
428
2742
3022
2719
376
1945
2956
3280
1146
1322
1783
2694
2336
3426
1475
1893
1800
25
2781
3054
1827
3232
542
2282
828
456
3274
3149
1420
2485
414
1725
3253
3396
525
2127
1303
3082
2283
110
3469
2777
3035
1964
1482
1080
2950
3204
3604
2879
1951
913
3417
1611
1469
1319
3730
271
555
1066
3366
3233
3166
713
1170
1847
1020
3762
1999
2333
1018
709
1129
3790
2724
819
3236
26
1059
2669
1225
3684
966
2538
2849
3016
1784
3434
871
1583
2877
1825
645
1405
1124
277
703
3545
1848
3764
3558
88
2203
3965
559
366
1494
1768
2983
1904
3010
528
1338
3705
769
484
3920
3879
2062
2954
410
2763
2778
2759
2698
1054
539
544
2029
2180
650
3968
596
2360
2618
3458
1333
2139
1527
3397
446
1818
2964
3757
993
1100
537
3385
3739
285
884
3779
3728
3860
320
805
404
972
3546
2176
2116
3435
3873
2805
3668
2936
622
1426
3517
2479
3090
2581
2223
981
2010
893
3178
1961
3169
3258
2361
1677
2728
3612
1834
1359
1570
3013
380
1673
1553
557
3626
154
2648
844
1004
3822
878
3647
3801
758
1646
2234
3302
3070
842
130
2899
1588
2667
3124
3176
3945
106
1550
332
265
3
2886
3046
3986
1514
1324
1327
1188
1415
3142
720
257
3409
180
2657
3111
2254
397
997
1549
3420
3928
1458
114
3900
2008
1115
2199
2809
2332
3045
1044
2760
3677
2945
3025
680
1064
2243
447
3499
929
1062
3325
1530
1435
3870
1660
1213
221
3560
3871
384
1990
2824
2255
354
2833
2577
1363
3893
2058
941
2
1935
3500
2107
317
3085
401
845
3884
3607
1259
2665
1830
155
589
31
1355
1353
1125
115
2317
8
2075
3827
3692
3449
3104
2459
1716
1073
1318
1446
2247
3646
3843
665
1052
1161
3005
1071
200
1424
1409
29
662
3782
1685
1676
766
826
813
3380
3135
1781
2975
1972
857
472
3576
2383
869
2291
1051
3028
2305
1270
2424
1744
2232
2771
714
3415
2780
4024
620
64
272
2905
770
3760
510
476
1421
2999
619
773
639
1902
2242
940
1633
874
2598
442
796
3909
3255
1982
1506
3498
3615
3750
3876
3649
238
1030
1367
2959
3494
3344
1369
754
2822
3222
3077
707
2893
3659
1732
2022
1258
3357
800
524
526
1463
145
72
2175
951
1846
1350
1884
3802
3683
2885
2236
627
3799
3107
964
3303
949
2320
2917
3734
2835
2856
689
3882
3033
3957
881
2647
3148
2962
202
82
3553
2301
654
3834
2743
779
1776
4012
240
3954
1747
2820
1808
2227
3213
1594
2113
3282
1933
1586
2373
1045
1719
3658
212
3598
3911
1628
3865
3288
2913
2034
494
2400
1099
3978
1630
1007
3208
1770
91
1899
3199
3188
3934
2980
261
1822
3937
2845
3874
2198
183
3923
3416
3331
1245
1566
3523
1215
90
80
1048
1532
1232
1112
2012
631
2825
2513
3605
3889
282
1774
3854
3696
273
491
991
378
3231
2830
1558
3315
3359
4
493
2197
3332
2804
197
3853
3459
262
3316
3565
2575
309
1569
3926
2533
1423
1419
3036
2685
2870
3444
3378
3422
2784
2761
583
2231
3877
3907
1441
1618
150
3761
434
1582
2736
2900
1077
1402
3153
3755
3496
3622
1529
2672
1176
3666
2519
2605
307
1074
815
532
1058
3310
399
864
509
280
3644
3866
3289
2268
1887
1237
614
2495
1228
400
2097
3787
3390
2729
1832
3389
2076
812
2570
430
2456
2621
1187
30
875
2796
2421
3810
2375
1860
3502
3211
3121
930
103
3180
3898
1130
3029
2926
3480
742
3778
1648
381
2580
706
1272
3988
2178
351
2762
2632
467
1260
237
4019
918
2337
3353
81
2718
558
1733
123
872
3718
2628
3075
2159
2094
1996
2393
3969
2098
1837
3552
3097
3089
3724
223
303
2770
4009
3829
1084
3717
1096
3680
3711
1342
3451
852
50
3748
1234
573
3814
1923
3429
863
511
3578
189
3983
3908
3994
367
4031
3929
527
2649
1777
811
3789
2274
902
3570
2277
1050
722
3670
697
987
85
571
301
1543
254
668
3127
2447
3265
3597
236
1226
788
3777
1381
1021
969
669
3543
1229
2806
1362
2949
1671
685
3117
2018
712
1510
37
3594
2688
503
1012
234
358
2555
3947
142
117
856
3805
731
551
789
3428
1665
2928
3225
1909
2187
2798
3970
312
229
2888
2940
182
546
2158
963
359
2186
3542
3859
3343
1375
1724
2091
19
950
2239
931
977
580
2895
3168
3136
550
3131
203
3241
1756
3421
1496
1525
1122
3006
776
245
1490
1372
1708
3092
748
3847
955
801
3663
3521
2848
2576
3060
866
3571
2256
3219
3307
3507
2416
2695
208
3379
599
2126
1601
3925
3738
1607
2774
1297
1698
1389
3654
2768
43
2545
1534
821
739
660
3157
3811
205
1163
1252
2514
112
3599
505
647
1217
1940
425
3807
2003
782
2191
1108
1854
3528
2792
3819
3441
129
616
267
3766
46
3885
728
251
3887
3989
652
2923
2417
2083
96
3326
2961
604
174
3672
3592
1507
2252
38
3503
817
655
1869
1958
116
3554
3439
3158
2120
1969
166
3141
347
778
3831
658
1489
2524
1693
3305
3967
890
1977
1850
274
109
45
3623
489
2109
3940
2752
1930
3823
2270
3333
1133
1008
1758
995
2181
667
504
1466
4037
4015
2972
3226
3164
2650
1306
2947
3781
36
579
1515
2537
395
3526
3726
1922
1975
681
291
3939
3018
1043
1790
360
3177
3606
3573
1011
1251
1557
1528
4014
2873
17
3004
3619
2966
1069
702
834
2896
1212
1478
1686
958
1729
907
89
1347
2483
1682
2101
2429
3964
613
289
95
3504
382
3997
3980
2155
3830
3931
2005
2074
2019
548
1890
1631
3256
2226
603
2703
572
2230
2571
2025
695
3977
3971
450
2406
1766
710
1870
140
196
177
375
2540
1639
956
1710
2089
737
2692
1955
1736
865
3662
1759
3751
601
1711
2134
1906
54
2219
1913
825
1138
3244
888
192
2791
2857
1817
783
2166
3440
1387
258
3602
3423
3747
1046
3039
2783
3367
2957
2757
3034
1192
3759
1203
2472
1444
125
905
2106
1760
3955
3993
3770
3895
1076
1483
2036
3548
982
2437
1422
328
3686
306
3275
506
3398
41
1769
1499
3702
3833
2490
1068
1653
1627
3452
2562
369
2673
1407
798
3628
3567
3186
1127
2995
268
304
3071
3195
187
3262
12
3058
1348
1296
3223
1233
3593
912
3992
2953
3400
841
570
3709
763
1360
892
3845
2021
699
413
217
771
324
630
215
2177
137
1105
2350
2709
2027
870
3024
704
1113
3129
2401
216
1428
3803
3404
3246
147
3374
263
1535
296
3105
1897
2817
3446
3816
2573
1513
3655
3181
1486
2200
1654
3408
610
814
1521
2658
2016
2286
4001
3888
563
3159
1974
674
1937
3539
3460
3095
1546
2314
1418
3230
250
241
3269
3250
3894
1578
3699
1295
2287
1403
3999
2613
3959
3745
2164
3575
51
1254
4013
908
759
806
3425
163
2325
3618
314
3110
1526
418
2828
1013
3610
1219
3383
3765
1264
173
2637
1351
2435
445
3485
1433
2453
3742
1315
1452
4002
3624
999
3656
959
1411
1474
3743
3913
159
2744
388
3583
3651
4027
3487
3933
1366
1308
1356
533
692
626
9
1412
1687
2205
461
1197
3346
1147
591
1981
954
592
57
522
1517
1657
132
1461
899
2544
3818
158
1183
3375
883
168
3835
2689
2627
2794
3788
2517
2626
3403
3785
3522
3589
105
2739
62
1925
3351
2933
730
3407
803
1635
795
677
657
3627
3800
3251
2315
1087
691
2652
2221
3296
3065
2208
577
1335
3224
3361
1806
3715
411
2819
485
746
1599
3260
3710
3948
3916
830
151
1299
3128
1624
1778
338
3427
3076
867
976
3194
214
1179
4000
3489
673
882
3349
2666
3862
3254
3210
2566
1895
481
2311
3114
2769
3693
3278
2491
3461
20
1241
2727
2569
316
1276
516
2714
986
308
406
3468
1285
2466
3613
2636
568
1910
3026
530
3987
4016
4010
3941
2846
1278
727
688
2670
3478
1680
1009
3979
1731
562
719
371
879
1164
937
3632
1979
148
2141
1944
3549
337
2316
1856
2939
3445
3972
4005
1512
1865
3393
3133
1455
454
321
2908
1788
3963
2362
859
799
1493
279
1641
269
292
3414
1814
3450
2051
2528
1564
1714
1150
3334
851
3488
3424
92
752
736
101
1354
576
1794
2855
3946
1454
470
3003
962
2776
894
3744
1911
2217
3031
3671
2811
471
837
2898
2557
1287
2713
3716
448
1202
512
1141
602
3057
2067
3336
649
2847
3639
979
2427
2799
646
35
1394
3746
2130
519
121
1552
3661
3491
543
693
768
831
2691
256
750
552
1585
1093
1492
2981
2080
2813
33
3525
2572
540
2992
2865
3030
1988
3798
2802
1346
1462
1581
2382
1691
3273
2452
1650
47
480
1518
2096
2541
2797
823
2812
1193
3808
287
1151
108
1034
44
78
385
2814
2741
4008
3839
3856
3123
634
3354
1094
835
1785
3481
2349
326
162
3205
3665
3212
1358
629
3540
3144
1799
3228
2235
2841
961
3386
3369
1436
3190
1165
973
311
618
3249
520
1443
1645
100
4038
3868
1437
1269
3806
3956
436
362
2011
1207
2318
34
1201
1447
942
3370
2998
3239
1025
2367
1325
23
3727
3235
2644
1275
226
1968
1702
724
3641
1949
554
228
1811
2925
3048
3617
672
3533
1028
2494
3689
3577
678
2481
297
1144
2874
3601
3009
3794
3002
2701
2894
242
1821
536
1244
3373
3062
641
2734
3473
1864
945
1572
1218
1288
1873
924
3700
2662
3206
2066
1754
3175
1772
1174
1262
2431
3783
785
690
1253
1579
3476
3579
1636
1592
4026
3079
364
3021
886
1571
1057
2567
3922
3293
94
1016
1484
932
593
194
2876
2338
65
3352
663
1664
3741
734
1980
1762
244
2767
2048
2843
3849
1500
2303
207
171
3587
2810
2556
2568
3376
2086
3690
2026
3918
4003
3828
3566
1481
535
1282
219
989
1792
675
1739
2919
3857
781
839
1397
2897
2967
209
1323
3985
3329
3382
1563
2671
327
3109
3032
1181
3899
69
319
2686
1750
2818
3203
2682
3100
339
615
2114
3442
368
3068
970
3740
3161
3875
3323
290
623
3492
2195
1924
2808
1249
165
443
3958
3406
3266
3563
2371
2840
1668
3796
2862
63
1978
2046
3906
15
3519
3270
218
131
2675
2105
2839
2502
3299
574
3678
2489
1915
255
2725
4011
741
843
3901
3443
767
2441
1206
2415
1268
3817
3763
1200
3094
1055
1414
2073
2979
3216
1294
3688
3511
61
3910
2099
2766
3905
1952
2651
3072
2922
433
2147
2249
1088
201
2339
286
2902
1751
3953
1745
2779
653
2837
2377
3581
671
3368
160
2860
1670
1053
2150
3356
861
1614
3753
3942
1430
744
804
407
474
3433
3229
2663
928
3283
1567
854
3377
1383
1878
349
3637
946
3813
860
2948
698
838
284
2831
345
104
3544
2222
2402
1464
998
1263
2732
3477
2702
84
3364
231
617
1844
2684
3271
904
3513
440
1036
1795
2321
1382
1177
1820
1406
1508
2193
792
299
1883
2614
333
3634
253
1647
595
1640
3749
2890
398
1061
3151
416
264
2298
3838
473
1091
2616
1145
501
422
3812
2522
2470
260
14
464
2789
1713
4006
3608
71
3197
1314
855
2013
4030
3896
1674
643
2958
2602
716
2589
2144
2785
2017
2342
1336
2412
67
2889
2850
818
809
3037
898
3836
2704
2014
1230
901
3162
3669
1491
1889
1191
305
922
3154
3561
3295
3165
2392
2910
386
4004
2152
1408
278
227
2934
1638
1280
1644
2710
3664
2293
2439
488
374
1773
2635
2167
2146
3371
246
1560
1763
2687
2700
1154
521
2738
1301
1022
1392
2918
3347
3501
3842
460
515
2341
1721
1236
1090
77
2425
3327
3732
3118
2584
1907
1156
2582
833
3557
176
1137
143
564
2826
3126
732
849
2656
