0
3984
3974
3230
3922
3999
750
690
822
3733
3946
3882
3606
3679
3657
3498
3476
3855
3933
3478
3834
3676
3627
3821
3541
3866
3975
3757
3555
3486
3812
3614
3643
3485
3682
3863
3725
3802
3536
3610
3991
4038
4037
4036
4035
4034
4033
4032
4030
4029
4028
4027
4026
4025
4024
4023
4022
4021
4020
4019
4018
4017
4016
4014
4013
4012
4010
4009
4008
4007
4006
4005
4004
4003
4002
4001
4000
3998
3997
3996
3995
3994
3993
3992
3990
3988
3987
3986
3985
3983
3982
3981
723
876
773
855
854
853
852
851
850
849
848
847
846
845
844
843
842
841
839
838
837
836
835
834
833
832
831
829
828
827
826
824
821
820
818
817
816
815
814
813
812
809
808
807
806
802
801
799
797
796
795
794
793
792
791
790
789
788
787
786
785
784
783
782
781
780
779
778
777
775
771
770
768
767
766
765
764
763
762
761
760
759
758
757
756
755
754
752
751
749
748
746
744
743
742
741
740
739
738
737
736
735
734
733
732
731
730
728
727
726
725
724
722
721
720
718
717
716
715
714
712
711
710
709
707
706
705
704
702
701
700
699
696
695
694
693
692
691
689
688
687
3455
3635
3594
3516
3656
3796
3625
3841
3824
3800
3938
3877
3697
3979
3978
3977
3976
3973
3972
3971
3970
3969
3968
3967
3966
3965
3964
3963
3960
3959
3958
3957
3956
3955
3954
3953
3952
3951
3950
3949
3947
3945
3944
3942
3941
3940
3939
3937
3936
3935
3934
3932
3931
3930
3929
3928
3927
3926
3925
3924
3923
3921
3920
3919
3918
3917
3916
3915
3914
3913
3912
3911
3910
3909
3908
3907
3906
3905
3904
3903
3902
3901
3900
3899
3898
3897
3896
3895
3894
3893
3892
3891
3890
3889
3888
3887
3885
3884
3883
3881
3880
3879
3878
3876
3875
3874
3873
3871
3870
3869
3868
3867
3865
3864
3862
3861
3860
3859
3858
3857
3854
3853
3852
3850
3849
3848
3847
3846
3845
3844
3843
3842
3840
3839
3838
3837
3836
3835
3833
3832
3831
3829
3828
3827
3826
3825
3823
3822
3820
3819
3818
3817
3816
3815
3814
3813
3811
3810
3809
3808
3807
3806
3805
3804
3803
3801
3799
3798
3795
3794
3793
3792
3791
3790
3789
3788
3787
3786
3785
3784
3783
3782
3781
3780
3778
3777
3776
3775
3774
3773
3772
3771
3770
3769
3768
3767
3766
3765
3764
3763
3762
3761
3760
3759
3758
3755
3754
3753
3752
3751
3749
3747
3746
3745
3744
3743
3742
3740
3739
3738
3737
3736
3735
3734
3732
3731
3730
3729
3728
3727
3726
3724
3722
3720
3719
3718
3717
3716
3715
3714
3713
3712
3711
3710
3709
3708
3707
3706
3705
3704
3703
3702
3701
3700
3699
3698
3696
3695
3694
3693
3691
3690
3689
3688
3687
3686
3685
3683
3681
3680
3678
3675
3673
3672
3671
3670
3669
3668
3667
3666
3665
3664
3663
3662
3661
3660
3659
3658
3655
3654
3653
3652
3650
3649
3648
3647
3646
3645
3644
3642
3641
3640
3639
3638
3637
3636
3634
3632
3631
3630
3629
3628
3626
3624
3623
3622
3620
3619
3618
3617
3616
3615
3613
3612
3611
3608
3607
3605
3604
3603
3602
3601
3600
3599
3598
3597
3596
3595
3593
3591
3590
3589
3588
3587
3585
3584
3583
3582
3581
3580
3579
3578
3576
3575
3574
3573
3572
3571
3569
3568
3567
3566
3565
3564
3563
3562
3560
3559
3558
3557
3554
3553
3552
3551
3549
3548
3547
3546
3545
3544
3543
3542
3539
3538
3537
3535
3534
3533
3532
3531
3530
3529
3528
3527
3526
3524
3523
3522
3521
3520
3519
3518
3515
3514
3513
3512
3511
3510
3509
3508
3507
3506
3505
3504
3503
3502
3500
3499
3497
3496
3494
3493
3492
3491
3490
3489
3488
3484
3483
3482
3481
3480
3479
3477
3475
3474
3473
3472
3471
3470
3469
3468
3467
3466
3465
3464
3463
3462
3461
3460
3459
3458
3457
3453
3452
3451
3450
3449
3448
3447
3446
3445
3444
3443
3442
3441
3439
3438
3779
3621
3586
3517
4031
4011
3989
3980
665
600
672
3961
3723
3487
3454
682
579
478
383
399
2541
2568
2321
2383
2076
2231
2236
2652
2562
2361
2497
2035
2556
2564
2376
1917
2622
2401
2641
2581
2615
2539
2410
2271
2220
2188
1985
1943
2156
2627
2435
49
86
166
2116
135
220
36
263
5
344
45
180
243
143
93
106
76
187
61
7
308
121
138
111
238
59
30
110
195
181
343
126
895
894
893
892
891
890
889
888
887
886
885
884
883
882
881
880
879
878
877
875
874
873
872
871
870
869
868
867
866
865
864
863
861
859
858
857
856
840
830
825
823
819
811
810
805
804
803
800
798
776
774
772
769
753
747
745
729
719
713
708
703
697
686
313
82
2461
2609
2582
2544
2511
2472
2038
2026
1994
2501
2347
2292
2196
2149
2134
2032
1945
1220
1693
1394
1383
3962
3948
3943
3886
3872
3851
3830
3797
3756
3750
3741
3721
3692
3684
3677
3674
3651
3633
3609
3592
3577
3561
3556
3550
3540
3525
3501
3495
3456
3440
3437
862
1697
1208
1439
1131
1847
1213
1089
1802
1342
1721
1649
1488
1328
1831
1539
1416
1482
940
1185
920
944
1804
1750
1675
1093
1043
1307
900
1685
1867
1796
1548
1137
1118
1133
1323
1219
1903
1764
1596
1082
1231
679
1650
589
1070
1604
1217
375
1828
1820
1794
1429
1396
474
396
537
685
684
681
680
678
677
675
674
671
670
668
667
666
664
663
662
661
660
659
658
657
655
654
653
650
648
647
644
643
642
640
639
638
636
635
633
632
631
630
628
627
626
625
624
623
622
621
620
619
618
617
616
615
614
613
612
611
609
608
607
605
603
602
599
598
597
595
594
593
592
590
588
585
584
583
582
581
578
577
576
575
574
573
1428
554
380
683
676
673
669
652
646
645
634
610
604
587
586
547
488
473
442
1408
1545
656
591
1673
1529
1080
651
606
560
471
419
394
572
571
570
569
568
567
565
564
562
561
559
558
557
556
555
553
552
551
550
549
548
546
545
544
543
542
541
540
539
536
535
534
533
532
531
530
529
528
527
525
524
523
522
521
520
519
518
516
515
514
513
512
511
510
509
508
507
506
505
504
503
502
501
500
499
498
497
496
495
494
493
492
491
490
489
487
486
485
482
481
480
479
477
476
472
470
469
468
467
466
465
464
463
462
461
460
459
458
457
456
455
454
453
452
451
450
449
448
447
446
445
444
443
441
440
439
438
437
436
435
434
433
432
431
430
429
427
426
425
424
423
422
421
418
417
416
415
413
412
411
410
409
408
407
406
405
404
403
402
401
400
398
397
395
393
392
391
390
388
387
386
385
384
382
381
379
378
377
374
373
372
371
370
369
368
367
365
364
362
361
360
359
357
356
355
354
352
351
350
349
198
2660
2659
2658
2657
2656
2655
2654
2653
2651
2650
2649
2648
2647
2646
2645
2644
2643
2642
2640
2639
2638
2637
2636
2635
2634
2633
2632
2631
2630
2629
2628
2626
2625
2624
2623
2621
2620
2619
2618
2617
2616
2614
2613
2612
2611
2610
2608
2607
2606
2605
2604
2603
2602
2601
2600
2599
2598
2597
2596
2595
2594
2593
2592
2591
2590
2589
2588
2587
2586
2585
2584
2583
2580
2579
2578
2577
2576
2575
2574
2573
2572
2571
2570
2567
2566
2565
2563
2561
2560
2559
2558
2557
2555
2554
2553
2552
2551
2550
2549
2548
2547
2546
2545
2543
2542
2540
2538
2537
2536
2535
2534
2533
2532
2531
2530
2529
2528
2527
2526
2525
2524
2523
2522
2521
2520
2519
2518
2517
2516
2515
2514
2513
2512
2510
2509
2508
2507
2506
2505
2504
2503
2502
2500
2499
2498
2496
2495
2494
2493
2492
2491
2490
2489
2488
2487
2486
2485
2484
2483
2482
2481
2480
2479
2478
2477
2476
2475
2474
2473
2471
2470
2469
2468
2467
2466
2465
2464
2463
2462
2460
2459
2458
2457
2456
2455
2454
2453
2452
2451
2450
2449
2448
2447
2446
2445
2444
2443
2442
2441
2440
2439
2438
2437
2436
2434
2433
2432
2431
2430
2429
2428
2427
2426
2425
2424
2423
2422
2421
2420
2419
2418
2417
2416
2415
2414
2413
2412
2411
2409
2408
2407
2406
2405
2404
2403
2402
2400
2399
2398
2397
2396
2395
2394
2393
2392
2391
2390
2389
2388
2387
2386
2385
2384
2382
2381
2380
2379
2378
2377
2375
2374
2373
2372
2371
2370
2369
2368
2367
2366
2365
2364
2363
2362
2360
2359
2358
2357
2356
2355
2354
2353
2352
2351
2350
2349
2348
2346
2345
2344
2343
2342
2341
2340
2339
2338
2337
2336
2335
2334
2333
2332
2331
2330
2329
2328
2327
2326
2325
2324
2323
2322
2320
2319
2318
2317
2316
2315
2314
2313
2312
2311
2310
2309
2308
2307
2306
2305
2304
2303
2302
2301
2300
2299
2298
2297
2296
2295
2294
2293
2291
2290
2289
2288
2287
2286
2285
2284
2283
2282
2281
2280
2279
2278
2277
2276
2275
2274
2273
2272
2270
2269
2268
2267
2266
2265
2264
2263
2262
2261
2260
2259
2258
2257
2256
2255
2254
2253
2252
2251
2250
2249
2248
2247
2246
2245
2244
2243
2242
2241
2240
2239
2238
2237
2235
2234
2233
2232
2230
2229
2228
2227
2226
2225
2224
2223
2222
2221
2219
2218
2217
2216
2215
2214
2213
2212
2211
2210
2209
2208
2207
2206
2205
2204
2203
2202
2201
2200
2199
2198
2197
2194
2193
2192
2191
2190
2189
2187
2186
2185
2184
2183
2182
2181
2180
2179
2178
2177
2176
2175
2174
2173
2172
2171
2170
2169
2168
2167
2166
2165
2164
2163
2162
2161
2160
2159
2158
2157
2155
2154
2153
2152
2151
2150
2148
2147
2146
2145
2144
2143
2142
2141
2140
2139
2138
2137
2136
2135
2133
2132
2131
2130
2129
2128
2127
2126
2125
2124
2123
2122
2121
2120
2119
2118
2117
2115
2114
2113
2112
2111
2110
2109
2108
2107
2106
2105
2104
2103
2102
2101
2100
2099
2098
2097
2096
2095
2094
2093
2092
2091
2090
2089
2088
2087
2086
2085
2084
2083
2082
2081
2080
2079
2078
2077
2075
2074
2073
2072
2071
2070
2069
2068
2067
2066
2065
2064
2063
2062
2061
2060
2059
2058
2057
2056
2055
2054
2053
2052
2051
2050
2049
2048
2047
2046
2045
2044
2043
2042
2041
2040
2039
2037
2036
2034
2033
2031
2030
2029
2028
2027
2025
2024
2023
2022
2021
2020
2019
2018
2017
2016
2015
2014
2013
2012
2011
2010
2009
2008
2007
2006
2005
2004
2003
2002
2001
2000
1999
1998
1997
1996
1995
1993
1992
1991
1990
1989
1988
1987
1986
1984
1983
1982
1981
1980
1979
1978
1977
1976
1975
1974
1973
1972
1971
1970
1969
1968
1966
1965
1964
1963
1962
1961
1960
1959
1958
1957
1956
1955
1954
1953
1952
1951
1950
1949
1948
1947
1946
1944
1942
1941
1940
1939
1938
1937
1936
1935
1934
1933
1932
1931
1930
1929
1928
1927
1926
1925
1924
1923
1922
1921
1920
1919
1918
1916
1915
1914
1913
347
346
345
342
341
340
339
338
337
336
335
334
333
332
331
330
329
328
327
326
325
324
323
322
321
320
319
318
317
316
315
314
312
311
310
309
307
306
305
304
303
302
301
300
299
298
297
296
295
294
293
292
291
290
289
288
287
286
285
284
283
282
281
280
279
278
277
276
275
274
273
272
271
270
268
267
266
265
264
262
261
260
259
258
257
256
255
254
253
252
251
250
249
248
247
246
245
244
242
241
240
239
237
236
235
234
233
232
231
230
229
228
227
226
225
224
223
222
221
219
218
216
214
213
212
211
210
209
208
207
206
205
204
203
202
201
200
199
197
196
194
193
192
191
190
188
186
185
184
183
182
179
178
177
176
175
174
173
172
170
169
168
167
165
164
163
162
161
160
159
158
157
156
155
154
153
152
151
149
148
147
146
145
144
142
141
140
139
137
136
134
133
132
131
130
129
128
127
125
124
123
122
120
118
117
116
115
114
113
112
109
108
105
104
103
102
101
100
99
98
97
96
95
94
92
91
90
89
88
87
85
84
83
81
80
79
78
77
75
74
73
72
71
70
69
68
67
66
65
63
62
60
57
56
55
54
53
52
51
50
48
47
46
44
43
42
41
40
39
38
37
35
34
33
32
31
29
28
27
26
25
24
23
22
21
20
19
18
17
16
15
14
13
12
11
10
9
8
6
4
3
2
1
3268
3125
2860
2998
3336
2980
2733
3074
3175
3243
2981
3273
3266
2995
2695
3314
2818
2820
2928
3433
3375
3436
2701
2982
3129
2679
3305
3014
3362
2940
2909
2908
2872
2866
2750
3104
1480
1441
1098
923
1909
1594
1639
1622
1612
1272
698
2704
217
189
150
119
64
1911
1910
1908
1907
1906
1905
1904
1902
1901
1900
1899
1898
1897
1896
1895
1894
1893
1892
1891
1890
1889
1888
1887
1886
1885
1884
1883
1882
1881
1880
1879
1878
1877
1876
1875
1874
1873
1872
1871
1870
1869
1868
1866
1865
1864
1863
1862
1861
1860
1859
1858
1857
1856
1855
1854
1853
1852
1851
1850
1849
1848
1846
1845
1844
1843
1842
1841
1840
1839
1838
1837
1836
1835
1834
1833
1832
1830
1829
1827
1826
1825
1824
1823
1822
1821
1819
1818
1817
1816
1815
1814
1813
1812
1811
1810
1809
1808
1807
1806
1805
1803
1801
1800
1799
1798
1797
1795
1793
1792
1791
1790
1789
1788
1787
1786
1785
1784
1783
1782
1781
1780
1779
1778
1777
1776
1775
1774
1773
1772
1771
1770
1769
1768
1767
1766
1765
1763
1762
1761
1760
1759
1757
1756
1755
1754
1753
1752
1751
1749
1748
1747
1746
1745
1744
1743
1742
1741
1740
1739
1738
1737
1736
1735
1734
1733
1732
1731
1730
1729
1728
1727
1725
1724
1723
1722
1720
1719
1718
1717
1716
1715
1714
1713
1712
1711
1710
1709
1708
1707
1706
1705
1704
1703
1702
1701
1700
1699
1698
1696
1695
1694
1692
1691
1690
1689
1688
1687
1686
1683
1682
1681
1680
1679
1678
1677
1676
1674
1672
1671
1670
1669
1668
1667
1665
1664
1663
1662
1661
1660
1659
1658
1657
1655
1654
1653
1652
1651
1648
1647
1646
1645
1644
1643
1641
1640
1638
1637
1636
1635
1634
1633
1632
1631
1630
1629
1628
1627
1626
1625
1624
1623
1621
1620
1619
1618
1617
1616
1615
1614
1613
1611
1610
1609
1608
1607
1606
1605
1603
1602
1601
1600
1599
1598
