0
1262
4006
1386
642
4010
3987
1854
3689
1560
209
608
3853
2704
2481
61
892
875
3282
270
2079
3717
891
12
3453
1326
305
3125
602
1002
183
3589
1057
2842
76
4012
581
4025
4007
3990
4036
3991
4011
4002
3983
4038
4031
3981
4035
4034
4032
4028
4027
4024
4022
4018
4016
4015
4013
4008
4005
4001
3999
3996
3993
3992
3989
3985
3984
594
4020
4019
4009
4004
3995
4017
3997
4037
4023
4014
4003
3998
3994
3988
3980
4030
4026
4021
3982
4000
3986
4033
775
717
790
757
743
822
806
854
789
707
785
841
839
802
796
791
788
771
767
750
749
732
725
714
712
702
700
692
691
689
744
704
793
723
786
836
808
799
755
795
821
756
740
783
3928
894
866
872
776
870
851
846
826
812
711
779
843
824
715
710
863
837
832
720
811
855
852
770
761
735
838
809
807
797
792
763
758
745
741
739
730
716
882
853
774
773
768
764
759
737
733
728
718
706
703
850
847
845
844
833
831
830
829
818
817
816
814
813
794
787
784
782
781
778
762
752
751
746
742
738
736
734
731
722
695
690
686
849
848
842
835
834
827
820
815
780
777
766
765
760
754
753
748
727
726
724
721
709
708
705
701
696
694
693
688
687
1546
985
3805
3444
3704
3742
3746
3691
3716
3973
3807
3923
3871
3954
3736
3771
3787
3910
3882
3816
3843
3834
3844
3919
3953
3498
3780
3916
3788
3893
3818
3539
3523
3447
3833
3678
3646
3552
3905
3939
3811
3808
3874
3657
3664
3612
3795
3927
3535
3499
3777
3614
3485
3656
3827
3737
3952
3555
3896
3632
3482
3512
3455
3669
3889
3760
3960
3696
3615
3587
3450
3461
3440
3676
3627
3518
3803
3821
3724
3524
3883
3649
3639
3594
3562
3516
3479
3766
3847
3519
3940
3902
3967
3823
3543
3484
3767
3753
3602
3510
3759
3757
3924
3794
3934
3762
3672
3559
3956
3761
3726
3568
3945
3763
3969
3951
3903
3822
3506
3468
3968
3962
3884
3831
3824
3697
3687
3618
3609
3577
3448
3547
3611
3863
3725
3628
3937
3915
3829
3582
3469
3464
3835
3773
3710
3685
3636
3590
3949
3647
3638
3971
3938
3693
3522
3491
3480
3449
1755
411
648
2805
2884
895
893
890
889
888
887
886
885
884
883
881
880
879
878
877
876
874
873
871
869
868
867
865
864
861
859
858
857
856
840
828
825
823
819
810
805
804
803
800
798
772
769
747
729
719
713
697
145
267
247
206
1558
1162
1905
1840
899
1759
1802
1253
1252
1627
1499
956
1798
1601
1043
1837
1468
1333
901
1063
1452
1232
1050
928
3756
3684
3674
3540
1803
1187
862
959
1599
1248
937
1640
1090
1484
1829
1244
1005
1134
1748
1000
1739
938
4029
3566
3496
3979
3978
3977
3976
3975
3974
3972
3970
3966
3964
3963
3959
3958
3957
3955
3950
3948
3947
3946
3944
3943
3941
3936
3935
3933
3932
3931
3930
3929
3926
3925
3921
3920
3918
3917
3914
3913
3912
3911
3909
3908
3907
3906
3904
3901
3900
3899
3898
3897
3895
3894
3892
3891
3890
3888
3887
3886
3885
3881
3880
3878
3877
3876
3875
3873
3872
3870
3869
3868
3867
3866
3865
3864
3862
3861
3860
3859
3858
3857
3856
3855
3854
3852
3851
3850
3849
3848
3846
3845
3842
3841
3840
3839
3838
3837
3836
3832
3830
3828
3826
3825
3819
3817
3815
3814
3813
3812
3810
3809
3806
3804
3802
3801
3800
3799
3797
3796
3793
3792
3791
3790
3789
3786
3785
3784
3783
3782
3781
3779
3778
3776
3775
3774
3772
3770
3769
3768
3765
3764
3758
3755
3754
3752
3751
3750
3749
3747
3745
3744
3743
3741
3740
3739
3738
3735
3734
3733
3732
3731
3730
3728
3727
3722
3721
3720
3719
3718
3715
3714
3713
3712
3711
3709
3708
3707
3706
3705
3703
3702
3701
3700
3699
3698
3695
3694
3692
3690
3688
3686
3683
3682
3681
3680
3679
3677
3675
3673
3671
3670
3668
3667
3666
3665
3663
3662
3661
3660
3659
3658
3655
3654
3653
3652
3651
3650
3648
3645
3644
3643
3642
3641
3640
3637
3635
3634
3633
3631
3630
3629
3626
3625
3624
3623
3622
3621
3620
3619
3617
3616
3613
3610
3608
3607
3606
3605
3604
3603
3601
3600
3599
3598
3597
3596
3595
3593
3592
3591
3588
3586
3585
3584
3583
3581
3580
3579
3578
3576
3575
3574
3573
3572
3571
3570
3569
3567
3565
3564
3563
3561
3560
3558
3557
3556
3554
3553
3551
3550
3549
3548
3546
3545
3544
3542
3541
3538
3537
3536
3534
3533
3532
3531
3530
3529
3528
3527
3526
3525
3521
3520
3517
3515
3514
3513
3511
3509
3508
3507
3505
3504
3503
3502
3501
3500
3497
3495
3494
3493
3492
3490
3489
3488
3486
3483
3481
3478
3477
3476
3475
3474
3473
3472
3471
3470
3467
3466
3465
3463
3462
3460
3459
3458
3457
3456
3454
3452
3451
3446
3445
3443
3442
3441
3439
3438
1089
1068
1887
1279
945
1432
1298
1315
1862
1859
1728
1655
1587
1550
1379
1231
1115
1021
902
1285
1082
1423
1347
1100
1207
1591
1120
1404
1316
1282
1502
1020
898
907
1541
1106
657
1515
1345
1103
1032
664
605
632
595
582
681
658
615
621
611
588
1808
1479
1060
896
1787
1727
986
1831
1064
603
575
1169
1273
656
1526
1710
466
572
499
498
685
663
617
584
609
620
1348
949
401
666
1631
1878
540
462
124
3268
2855
3227
3408
2930
2692
3398
3305
3266
2878
2900
2895
2721
3067
2686
3012
2997
3427
2961
3159
3223
3331
2980
2776
3306
3424
2804
3208
3393
2671
3030
3028
3127
2817
2803
3169
3163
2852
2720
3143
3148
3399
3273
3068
2682
2771
3254
2808
2790
2936
3180
2902
3365
3167
3097
3086
2996
2981
2821
2713
2990
3229
3045
2715
3281
3225
3039
3402
3043
2849
2796
3296
3077
2881
2714
3095
2807
3172
3133
2964
3294
2967
2695
2879
2699
3275
2797
2684
2672
2818
2811
2934
2697
2806
2949
2688
3117
3064
2680
3209
3194
2846
2785
2724
3286
2854
2837
2756
3054
3195
3080
2906
2873
3264
3253
3189
3171
2904
2871
3004
2943
3325
3283
3008
3301
3129
3022
2960
2927
2920
2896
2864
2782
2698
2664
3307
3279
3048
2958
3211
2690
3363
3348
3014
2909
2897
2866
2815
2773
2750
3330
3299
3249
3240
3214
2989
2791
2781
3430
3300
3139
3130
3104
2789
2738
3346
3118
3051
2984
3397
3351
3350
3344
3321
3280
3206
3198
3152
3102
3082
2970
2875
2778
2716
2674
1384
3179
3186
3020
1822
1031
3165
1555
3355
3319
2941
2903
2677
3289
2976
3404
3366
3100
2892
2775
3328
3136
3057
2822
698
71
311
70
190
154
501
351
97
155
189
220
296
102
167
245
201
110
8
179
16
23
192
278
29
121
144
288
51
137
89
306
343
333
312
346
1937
2015
1008
1477
1069
1585
1711
1151
1055
1488
1653
923
1823
952
1150
1788
1544
1045
961
955
1821
1761
1721
1712
1683
1678
1562
1380
1336
1757
1735
1516
1449
1305
1411
925
1825
1701
1317
1098
1753
1662
1614
1612
1323
1123
997
967
1839
1619
983
1900
1804
1675
1604
1559
1527
1519
1391
998
932
1674
1780
1447
1898
1741
1723
1714
1598
1517
1431
1256
1083
2826
1053
908
1902
1842
1793
1736
1707
1570
1437
1331
1199
1078
1385
1910
1908
1903
1901
1896
1895
1894
1892
1891
1890
1889
1886
1884
1880
1879
1877
1874
1873
1872
1868
1867
1866
1865
1861
1860
1858
1857
1856
1855
1853
1851
1849
1847
1843
1841
1838
1833
1832
1830
1826
1819
1818
1817
1816
1814
1810
1809
1805
1801
1800
1799
1797
1796
1794
1792
1789
1784
1779
1776
1775
1774
1772
1769
1765
1764
1762
1756
1754
1750
1749
1747
1743
1742
1734
1733
1731
1729
1722
1719
1717
1716
1715
1713
1705
1704
1700
1696
1693
1691
1690
1685
1681
1676
1671
1670
1669
1668
1667
1665
1664
1663
1661
1658
1657
1652
1650
1649
1648
1647
1646
1644
1643
1641
1639
1637
1636
1635
1634
1633
1632
1629
1628
1623
1613
1611
1610
1608
1607
1605
1603
1602
1600
1597
1596
1594
1592
1589
1588
1586
1583
1581
1580
1579
1578
1576
1575
1573
1571
1568
1566
1564
1563
1561
1557
1556
1554
1553
1552
1551
1548
1547
1542
1539
1538
1537
1535
1533
1532
1530
1528
1521
1520
1518
1510
1508
1506
1505
1503
1501
1498
1497
1493
1491
1490
1489
1486
1485
1481
1480
1478
1476
1474
1471
1470
1467
1466
1463
1462
1461
1460
1459
1457
1456
1455
1451
1443
1442
1441
1440
1439
1438
1436
1434
1430
1428
1426
1424
1422
1420
1418
1417
1415
1414
1413
1409
1403
1402
1401
1399
1398
1395
1390
1389
1388
1387
1383
1381
1378
1375
1372
1371
1370
1368
1365
1363
1362
1360
1359
1356
1354
1353
1351
1350
1346
1342
1341
1339
1337
1335
1330
1324
1322
1321
1319
1314
1308
1307
1304
1302
1301
1299
1297
1295
1293
1292
1291
1288
1287
1286
1283
1281
1280
1278
1276
1274
1272
1271
1268
1267
1266
1265
1264
1263
1257
1255
1254
1245
1240
1239
1235
1234
1230
1229
1227
1226
1224
1223
1220
1219
1218
1216
1215
1214
1212
1211
1209
1208
1205
1203
1202
1201
1200
1198
1196
1195
1194
1193
1191
1190
1186
1185
1181
1180
1178
1177
1176
1175
1172
1168
1165
1164
1163
1161
1160
1157
1156
1154
1153
1149
1147
1146
1145
1143
1141
1140
1138
1137
1133
1132
1130
1129
1127
1125
1124
1121
1119
1118
1117
1116
1112
1111
1107
1105
1102
1101
1097
1096
1094
1093
1092
1091
1088
1087
1084
1081
1079
1076
1073
1072
1071
1067
1062
1058
1056
1047
1046
1044
1040
1039
1038
1036
1034
1030
1027
1026
1024
1022
1019
1017
1016
1015
1009
1006
1003
999
996
995
992
991
989
988
987
982
981
980
979
978
975
974
973
972
971
969
966
965
964
963
960
958
957
947
946
943
941
939
935
934
931
929
927
926
922
921
920
918
916
912
911
910
909
904
903
897
629
1770
1221
1885
1864
1845
1827
1813
1811
1795
1791
1771
1768
1752
1746
1737
1730
1724
1689
1659
1622
1609
1572
1524
1416
1407
1393
1377
1367
1344
1340
1329
1290
1269
1250
1243
1242
1238
1222
1184
1135
1075
1059
1054
1049
1048
1004
993
953
906
1806
1708
1698
1615
1593
1567
1511
1494
1445
1433
1421
1410
1328
1325
1251
1174
1144
1136
1085
1061
1033
1029
1023
970
950
900
1744
1625
976
915
1906
1785
1725
1703
1249
1246
1241
1225
1189
1167
1139
1131
1042
1041
977
940
1888
1807
1738
1699
1620
1584
1569
1453
1444
1364
1334
1247
1159
994
914
913
905
1904
1897
1876
1869
1815
1781
1760
1709
1686
1672
1624
1531
1529
1525
1507
1504
1500
1496
1482
1473
1472
1469
1448
1412
1366
1355
1310
1306
1296
1275
1260
1259
1258
1236
1228
1213
1188
1183
1170
1152
1110
1052
1051
1037
1035
1011
1010
1007
944
924
917
647
3961
3723
3487
3437
1630
1128
968
568
429
1907
1899
1893
1882
1881
1875
1871
1870
1850
1848
1844
1828
1824
1820
1812
1790
1786
1783
1773
1766
1763
1751
1732
1720
1706
1695
1694
1682
1680
1679
1677
1660
1654
1645
1638
1606
1595
1582
1565
1543
1495
1492
1475
1464
1454
1429
1406
1400
1397
1396
1392
1382
1373
1349
1318
1309
1303
1294
1284
1277
1261
1204
1192
1166
1158
1148
1142
1122
1113
1108
1104
1099
1086
1080
1066
1018
1014
1012
1001
984
954
948
942
933
919
639
1673
1545
1514
1435
1427
1332
1320
1155
448
571
503
398
1778
1740
1692
1549
1512
1446
1425
1408
1358
1210
1114
1109
962
930
667
479
549
1311
1237
936
684
682
679
678
677
675
672
671
670
668
665
662
661
659
655
654
653
650
649
644
643
640
636
635
633
631
630
628
627
626
625
624
623
622
619
618
616
613
612
607
606
601
600
599
598
597
596
593
592
589
585
583
579
578
577
576
574
573
480
546
355
354
484
637
487
1767
1616
1536
1487
1374
1357
1343
1313
1300
1179
1095
676
673
669
652
646
610
587
586
491
490
458
413
410
360
591
570
535
496
683
680
651
645
641
614
590
580
559
553
545
517
515
502
497
473
456
436
417
390
363
455
505
477
424
384
1025
565
564
562
561
560
558
557
555
552
551
550
548
547
542
539
538
537
536
533
532
530
529
527
526
525
524
523
522
521
519
514
512
511
509
506
495
494
493
492
489
488
486
482
481
478
476
474
472
470
469
468
467
465
464
463
461
454
453
452
450
447
446
445
444
443
441
440
437
434
431
423
422
419
418
412
409
408
406
405
404
403
400
399
396
395
394
393
392
389
388
387
386
385
383
382
381
380
379
377
375
372
371
370
368
367
366
365
364
362
361
359
358
356
353
352
349
126
48
249
118
208
60
10
340
303
178
80
258
317
53
50
324
128
79
331
313
291
290
232
199
122
345
297
277
203
200
188
186
170
142
134
108
105
55
31
3335
2918
2747
3436
3435
3434
3433
3432
3431
3429
3428
3426
3425
3423
3422
3421
3420
3419
3418
3417
3416
3415
3414
3413
3412
3411
3410
3409
3407
3406
3405
3403
3401
3400
3396
3395
3394
3392
3391
3390
3389
3388
3387
3386
3385
3384
3383
3382
3381
3380
3379
3378
3377
3376
3375
3374
3373
3372
3371
3370
3369
3368
3367
3364
3362
3361
3360
3359
3358
3357
3356
3354
3353
3352
3349
3347
3345
3343
3342
3341
3340
3339
3338
3337
3336
3334
3333
3332
3329
3327
3326
3324
3323
3322
3320
3318
3317
3316
3315
3314
3313
3312
3311
3310
3309
3308
3304
3303
3302
3298
3297
3295
3293
3292
3291
3288
3287
3285
3284
3278
3277
3276
3274
3272
3271
3270
3269
3267
3265
3263
3262
3261
3260
3259
3258
3257
3256
3255
3252
3251
3250
3248
3247
3246
3245
3244
3243
3242
3241
3239
3238
3237
3236
3235
3234
3233
3232
3231
3230
3228
3226
3224
3222
3221
3220
3219
3218
3217
3216
3215
3213
3212
3210
3207
3205
3204
3203
3202
3201
3200
3199
3197
3196
3193
3192
3191
3190
3188
3187
3185
3184
3183
3182
3181
3178
3177
3176
3175
3174
3170
3168
3166
3164
3162
3161
3160
3158
3157
3156
3155
3154
3153
3151
3150
3149
3147
3146
3145
3144
3142
3141
3140
3138
3137
3135
3134
3132
3131
3128
3126
3124
3123
3122
3120
3119
3116
3115
3114
3113
3112
3111
3110
3109
3108
3107
3106
3105
3103
3101
3099
3098
3096
3094
3093
3092
3091
3090
3089
3088
3087
3085
3084
3083
3081
3079
3078
3076
3075
3074
3073
3072
3071
3070
3069
3066
3065
