107
1912
1684
2347
2460
2124
3437
2409
2030
1199
2326
2078
1420
2642
1827
2384
1663
0
1983
1730
1367
2123
1736
2253
2087
1962
2352
2404
1563
1471
1941
1117
2043
2086
3174
1006
2072
2047
916
1491
1390
2600
2549
355
1742
2244
2616
2655
2863
1945
1714
1610
2142
3101
2664
2302
1570
1589
1786
2090
2755
3076
1689
2165
2074
2344
3090
2289
2132
456
3434
1361
2638
1101
1557
2210
487
1292
513
2477
1741
1377
3104
2986
1483
2211
484
2594
1462
3469
2943
136
1192
1399
1707
3035
2742
3604
3459
1587
252
2607
1623
1271
2199
2395
1935
1496
2805
2641
2475
2511
3280
2055
1164
3362
2828
1338
376
1323
1894
592
795
808
1231
2322
3640
2448
1578
1619
2624
1752
3898
3877
1612
896
3172
629
3633
3348
3253
1654
268
249
56
2138
1391
2088
1146
3114
3013
2966
2462
3051
2160
840
3634
2970
1229
974
524
902
2520
1947
2040
3545
2459
1703
1435
2555
1291
637
3344
1964
3004
2325
2368
1170
27
1260
1837
2627
2764
3573
3677
3436
2119
1792
1259
784
705
1986
1721
1340
2937
1993
1211
3302
1559
1459
2237
2212
2538
141
2002
1185
2048
1502
1237
2649
2730
538
2796
3132
2394
294
322
416
512
818
846
881
970
1743
1995
3646
3978
3998
3832
3456
3400
3315
3072
2865
2777
2709
1357
747
596
586
279
1948
3169
3000
2786
1525
3201
2553
1867
3059
3057
1976
1655
1582
1321
669
2973
2717
1763
3324
1048
118
299
507
594
628
643
1090
2964
3410
3625
3951
3930
3902
3892
3758
3421
2725
1486
1436
1145
567
203
1104
2499
2366
2780
2502
2115
2060
2564
1815
1981
2810
1413
2063
2425
2508
280
3611
3029
3027
3026
918
1351
2351
1902
1024
2451
3577
2313
1900
565
153
2400
1864
3019
112
147
387
619
991
1593
1624
1830
2695
2767
3237
3473
3509
3764
3737
3392
3162
2910
2541
2049
1822
1406
1143
636
528
404
1842
517
2417
1665
2338
2243
2901
2903
3137
3096
1235
65
3644
2931
1692
388
2370
2850
3256
1165
3320
1015
1156
2853
178
282
289
385
478
543
605
836
870
1708
2265
2621
2818
3281
3548
3629
3647
3649
3701
3740
3836
3949
4025
3979
3926
3750
3617
3458
3454
3427
3368
3305
3265
3083
2883
2424
2380
2017
1908
1672
1477
1397
1070
1069
830
763
384
53
3152
3355
1369
1275
1432
1843
2547
1446
2117
2443
3014
3937
3107
2605
2004
1841
1818
1433
350
224
25
1158
2026
3518
2582
98
503
1893
1661
520
2385
1029
131
411
533
719
852
914
1472
2824
3109
3130
3210
3664
3723
3826
3997
4028
3974
3933
3763
3733
3698
3658
3554
3538
3294
3218
3099
2795
2534
2288
1847
1829
1372
1294
734
700
675
661
481
339
309
262
225
171
94
2512
2875
2155
2500
1597
980
1576
2557
2279
199
418
1626
2186
3569
3497
1345
2343
752
1419
2107
3081
3884
3274
1277
3439
3672
3429
3176
3140
2757
2540
2255
2158
1694
542
2127
1207
1722
1991
2896
2516
3725
3842
2775
2242
1844
2103
3412
1497
1020
2571
1439
1810
3182
22
195
221
243
381
541
668
699
776
810
863
893
963
1087
1138
1961
1974
2011
2373
2581
2671
3048
3061
3490
3827
3991
4011
4016
3841
3821
3773
3745
3694
3691
3627
3465
3455
3325
3161
3067
2990
2832
2686
2651
2558
2494
1498
1492
986
819
599
522
450
369
346
296
229
2498
2045
1327
2284
3214
3332
1611
1092
1548
2201
566
1886
1167
3474
1298
3064
1300
3033
1555
3138
697
3812
3219
2737
1880
1401
1353
1041
920
308
2285
2029
2229
1816
954
3705
3746
3319
3224
3005
2859
2783
1055
1054
2782
3021
496
3139
1265
1025
3211
1389
125
166
190
255
316
532
598
831
1061
1168
1360
1441
1607
1890
3460
3507
3532
3543
3563
3585
3753
3966
3878
3867
3752
3683
3666
3322
2999
2659
2645
2421
1564
1326
985
945
834
758
706
701
540
494
326
159
34
2603
1767
1125
1595
2525
2929
200
2864
2418
1258
1635
1770
2951
1791
3287
2116
2699
3607
3352
3308
3173
2816
2490
2270
1808
1649
1625
1566
1536
1468
685
360
227
168
132
23
2148
2991
1716
3170
1899
3154
3654
3065
2862
2858
2453
2435
1633
1545
1226
614
261
11
1230
3525
3378
1920
1916
2220
2815
2873
1450
1213
67
1832
1702
2613
2046
93
100
157
192
209
212
240
480
682
691
711
729
732
798
877
1005
1031
1034
1106
1870
1969
2527
2596
3205
3622
3699
3783
3839
3848
3856
3879
3985
4012
4032
4021
3890
3831
3770
3743
3602
3549
3266
3165
3031
2941
2922
2585
2577
2503
2375
2014
1787
1641
1618
1493
1324
1253
1105
1098
1022
839
822
764
630
569
269
205
164
1075
1003
1214
113
1838
3212
3316
3900
1159
3252
1835
2161
1653
281
455
1118
3415
137
3488
3696
3449
3382
3337
3304
3217
3156
3080
2954
2856
2855
2522
2488
1987
1744
1704
1646
1568
1508
1503
1412
1307
1273
1011
990
905
807
724
354
127
1617
2295
1448
1585
1885
409
2019
402
2867
1120
1845
3656
2573
3797
