1912
107
2542
1827
1551
2196
3437
2308
1617
1684
2133
2617
3348
3363
3049
2159
2377
3417
428
2087
2901
669
1590
2729
0
1462
1269
2994
2833
2913
1110
3576
1839
2915
3035
3040
2201
3004
528
2869
2620
3213
555
1577
2822
1024
1595
3350
375
2436
2289
630
2979
2633
3086
1980
1250
2397
1066
542
651
3593
2252
894
653
686
1422
696
2002
3601
2818
1786
41
4023
492
1783
1576
1136
272
1973
2797
2781
3320
515
3044
3027
1735
970
3032
3241
1324
250
406
424
2750
1843
2274
3931
9
3895
647
1625
39
1587
224
558
2908
940
3786
342
4026
2288
3065
1482
2946
3265
3519
2342
1876
1461
2024
3168
1111
602
3824
3233
1281
659
2669
1862
1203
3199
122
580
463
2778
725
3186
3076
281
3941
3901
1011
2993
3527
506
3656
1922
3959
1404
3785
1959
830
3564
708
664
811
1744
3830
2890
1420
2648
2057
3364
2039
1307
3136
248
2018
2297
1534
3200
28
331
1826
1852
2422
56
3551
3033
3393
962
2689
3863
3132
3715
1017
3310
1858
3412
1471
2584
194
3761
997
1988
3117
2599
747
2702
1200
474
141
2437
2940
1548
1137
3505
501
2758
341
1861
128
2019
1906
1343
351
2322
685
2251
3930
1314
1114
2070
675
1212
2610
3707
3271
1039
307
712
1099
3123
2771
3585
1090
290
1671
819
1442
2932
1187
2842
2198
1987
2267
3523
2208
3078
499
370
713
2367
3079
475
434
1210
520
1150
66
1720
1009
17
3259
1201
146
2657
205
2836
1687
3411
964
3757
3106
277
3460
3577
865
884
2168
1604
2679
2170
12
745
3244
1729
3135
841
3884
591
1866
1121
587
835
473
339
1371
3679
3419
1524
3440
3791
50
2101
3316
3002
3267
1579
2001
311
317
124
309
3619
3546
3496
1350
1292
1869
924
1915
446
13
1261
1118
646
1581
3031
389
2921
340
1303
362
3990
3300
4022
776
758
2968
2234
2596
3678
2701
1223
1931
1438
1529
717
142
933
1724
1225
519
2382
3887
2640
1368
1933
2629
2965
2183
1766
3654
690
1969
941
3276
3517
1050
2533
2132
914
2716
3711
820
3095
3641
2926
3201
3682
849
1885
3472
2850
2641
993
3532
1517
3972
2023
1513
2313
254
3477
3909
2740
1821
1521
574
2125
3333
2195
1961
3691
3992
490
2743
2967
3260
1031
2173
1913
2715
3916
2821
2877
1257
237
3064
1430
1993
2432
2000
2476
2443
3966
278
3273
3139
3138
2685
3984
3815
3359
2193
3159
998
857
569
3323
3739
3805
635
1251
3067
3877
816
3957
1655
581
1297
200
1880
4032
4025
3382
3461
803
1846
1767
2691
782
548
2311
3951
87
3588
289
879
3514
3405
2431
3375
3193
2678
2433
2411
2197
1904
3642
2285
2148
2205
2508
2548
2387
1100
1615
3232
2738
344
1323
934
1399
1888
1284
1363
461
410
418
2983
2544
2117
2315
3697
719
3658
1027
3695
2398
1779
3167
2718
824
1836
280
1304
1871
233
2637
1097
2566
1504
986
1023
3827
3840
1568
2896
2757
113
51
3124
2810
972
3738
2709
100
242
2
3090
435
2878
3568
1449
347
1614
2705
1217
2846
3537
3256
3598
3925
2844
1260
697
30
1252
1642
1976
3700
1069
895
3211
2113
1360
2351
1599
440
3710
3107
3917
2328
1955
1045
2161
2776
287
2627
982
2291
3742
2808
1741
3845
2444
1867
507
526
145
3790
3813
1882
1383
1794
856
1266
125
2494
3777
2980
3503
3126
1392
638
1580
1273
431
3894
3429
3134
2666
1249
3378
3409
992
1830
3989
2897
2860
2755
2830
324
295
988
937
3050
2450
3636
4038
2753
3179
496
3188
1773
3660
2991
1903
1157
832
2840
2152
3392
3905
1764
3799
1328
3995
3793
217
614
2933
3649
2948
1776
2990
1358
258
3583
228
2341
3518
1040
152
3765
2677
1286
3986
1597
23
625
3622
3939
1751
1218
991
471
1641
3973
1658
527
1265
3465
3190
2082
3994
3513
2852
892
2785
3403
2690
2736
1950
3422
2984
3560
2804
3462
3651
759
2937
793
40
1081
742
3285
1805
2791
2935
3524
950
1116
3809
349
1638
1145
3841
1540
586
4034
19
2621
1038
1841
3151
3996
1067
3812
1899
2938
1316
1457
861
3009
1403
823
1308
2696
3394
3900
3584
1795
3555
930
3268
1080
1574
2535
3661
1742
1990
2603
253
2972
3767
3338
1765
151
1911
1928
2769
1084
1143
3500
2021
108
836
2497
2457
464
2171
3176
2900
589
2163
3282
1497
3842
3770
3743
3868
3210
3430
3751
639
663
3633
1792
2151
2695
3668
2683
198
3571
3070
2256
996
3446
1558
1091
3881
3586
3666
3421
2217
1037
869
3638
2733
785
126
3643
2970
3778
1296
1566
4021
131
731
3457
867
3740
757
3771
2531
123
3956
1896
2080
4012
771
3458
3194
3716
3059
132
3914
3944
721
2095
860
3454
2857
3530
3974
2517
2298
2514
3464
3719
326
3662
939
3432
121
2580
3630
1727
2286
203
2807
2505
2660
3345
3741
1855
2958
790
358
447
3541
2809
767
1984
2231
2020
2329
2615
2613
359
530
1397
2477
3436
2307
743
2655
2553
1986
2654
620
6
3615
3548
2312
3322
575
1594
2167
1411
707
3459
3896
1834
3143
4014
1193
806
24
337
245
2651
3450
603
143
3899
3105
3820
3507
294
3712
834
2772
352
190
402
422
3508
1808
114
1704
1780
15
343
3264
2947
2954
2048
1907
346
656
3118
710
1008
3787
1838
2281
469
57
2213
2124
2339
2462
2460
2576
1819
2006
1978
1051
775
3722
2534
1711
3967
3066
329
2665
3192
2992
3579
1177
619
1532
1102
188
1412
3242
1543
3072
150
1708
3206
3442
3921
2614
1279
481
161
2717
917
3806
482
1583
800
1373
641
360
1068
3121
1393
1675
1722
2345
3041
3862
2180
236
1131
1275
3058
1247
1408
3810
551
3724
509
2881
3616
2759
3455
1536
1633
2211
1500
1309
3402
1434
3919
812
722
2149
3368
3012
1492
1205
3361
919
1567
2888
3257
1981
1496
1280
3289
3471
3640
3718
1113
539
1692
780
98
276
466
3672
3871
1949
3247
52
3373
3852
3475
364
433
3987
193
2401
2407
283
31
2985
3029
27
2301
2273
2587
2230
1178
1189
1782
478
1936
3764
750
385
1688
3763
3015
769
882
2015
3645
2465
889
1695
875
2343
1629
2026
2295
2582
714
1507
2178
2572
2577
1772
26
246
3858
1606
1785
3484
207
3097
2710
4016
1429
1649
2667
1436
1195
645
3248
1103
1213
1158
251
2585
221
2192
3395
3335
2875
753
2699
3964
288
535
495
3223
1806
1244
20
3286
3689
8
1734
670
3915
111
308
2828
1719
1391
1285
1340
163
1626
1957
449
1591
3610
1691
1229
3163
103
2583
172
1337
729
517
545
404
421
1179
1549
374
557
361
594
3355
2191
766
3581
848
774
961
3688
3781
2789
3499
1415
279
3156
1410
2735
3920
3448
1956
363
3940
1743
220
768
676
3542
1923
2570
652
1155
292
1216
1186
1755
2031
2325
3425
1770
3680
2186
3236
2813
2744
2041
1232
2185
160
3266
2907
2034
291
4006
2686
740
1439
3898
2349
373
3469
2426
1572
2700
1623
3623
92
1278
2999
633
4005
89
2693
570
426
2674
3120
911
608
2707
833
303
2427
3792
1676
1525
2848
1437
1709
2375
907
71
1380
3885
3245
1173
629
2337
327
84
1228
2097
3024
3133
2355
443
2886
2280
3607
1062
1001
744
2589
1433
3798
2841
1883
2222
922
3609
999
674
2831
3305
3147
595
2805
1291
1074
1262
571
2236
2879
227
411
872
3341
1349
2415
2141
3443
2739
76
2982
3131
243
2296
1777
2317
3692
300
3756
3060
3295
2403
1233
231
618
994
61
1740
3533
3209
3317
274
1799
3929
890
3723
601
2955
1151
2747
2712
1354
1705
1466
1681
48
1506
3547
600
1108
1451
1176
2775
891
990
1197
1030
955
293
2682
826
178
4010
680
204
981
49
1071
2711
3021
197
1519
1646
80
129
973
2784
632
3988
3082
1760
1401
3048
4018
3164
216
2786
468
1630
1041
985
576
3025
2945
1537
3509
2440
332
174
208
1418
1094
1759
83
1234
2792
3494
79
952
718
1421
2304
1083
1483
187
2114
2496
715
702
2766
180
264
529
2626
3467
1726
1282
2829
3410
314
2957
564
487
3817
269
590
3556
2449
661
756
701
550
562
540
791
34
1364
1856
3083
3298
2891
2973
746
905
2008
2802
2760
3113
3221
762
2035
3224
2995
3205
3258
1640
2022
887
1035
316
1061
1325
900
1870
2762
1115
1905
1657
2502
1628
3423
1541
3428
1489
1546
494
4004
3480
310
448
1274
906
384
3447
3175
2814
2952
851
1417
86
2799
3478
2950
2884
3903
3606
2977
968
4017
2453
3449
3943
3160
2847
3473
1829
3676
1733
3592
2608
1762
42
155
533
1428
1384
1058
2779
3873
3492
607
2089
3202
818
408
1619
1112
1287
4007
1271
1214
247
3235
1270
2557
1710
2226
3874
2924
4035
760
3374
286
3544
2770
1240
677
874
75
2845
1268
3158
624
3927
3835
1481
3161
2826
597
3566
2174
1582
2435
3699
2134
1301
2310
2451
547
168
2209
2038
459
3112
3589
65
2515
626
3685
1253
1881
1016
202
3561
3308
3681
3769
2165
2464
3340
1747
219
1739
672
115
3045
1884
3856
1674
868
130
3693
1624
947
1486
854
631
3181
3413
1374
3801
1485
306
299
2942
2941
1790
3483
655
3307
2220
2670
3208
1892
2385
368
2065
441
1077
1940
598
3030
29
1693
94
47
2518
3278
3522
355
912
1424
2688
510
1095
2219
1607
3971
2158
3416
2524
2922
788
3797
420
3648
2565
2622
1147
3272
1966
3528
3947
3985
3122
312
3567
2746
2408
2266
886
4031
70
457
256
2356
2379
3867
2706
1013
2309
3069
153
2532
1510
1960
3624
2255
2354
3880
4015
450
2037
3866
2479
3627
3882
3600
2373
610
1937
2454
3878
2556
1748
2528
2100
2540
2321
3343
1803
3795
4030
1840
4029
4028
36
3981
2284
3844
78
1602
2105
345
1293
1096
736
333
3936
2238
1769
3838
3650
846
2562
2481
3879
4000
3075
3991
3502
3979
3958
3215
584
801
3888
2889
3946
3746
1164
3670
2748
3854
2899
3962
2519
2638
2549
2492
3062
3926
2578
319
2486
2777
1644
1886
3902
472
177
951
2868
3154
842
582
503
2713
3420
1503
2361
2839
330
2639
2503
2416
1754
3279
3408
2366
1673
3140
147
817
4027
3493
3486
2642
2612
1400
1667
1005
3613
683
1300
409
1161
1702
3226
543
1975
1712
1879
2796
1835
2761
3371
415
3463
3281
2202
1448
223
199
1685
1707
2594
888
925
1172
2335
1348
3550
963
3253
2294
3119
3130
3439
1259
62
3608
1135
1334
1120
1531
1781
133
3482
2227
3705
3109
3525
2300
2112
2539
3309
213
1701
1087
2962
3337
1820
984
3758
451
46
1209
732
3511
395
2392
2391
2353
3632
2546
3637
3269
1022
2287
379
3772
2420
2066
2470
3001
3907
2425
2323
2212
2522
2469
3329
1814
2536
2359
1943
1989
3198
1472
21
3466
3529
2687
3468
3831
1356
3445
1165
3683
1860
393
2854
3081
3687
3923
3912
3736
1222
1700
3891
2474
127
3696
1321
863
3631
3782
3646
1372
1887
479
1647
1728
1569
3960
3747
3766
1447
1160
3017
2004
2812
2412
439
560
561
684
1093
1542
2400
1263
2870
3052
3647
3185
1423
3669
1596
2672
3051
2823
3713
3735
3531
3218
2931
1872
1680
2719
3400
3174
2905
2698
394
493
1914
1998
840
837
831
3594
3753
1992
1605
944
3479
1864
1224
1470
1388
218
3229
1346
1230
2609
3490
2767
2394
3155
427
3219
3187
3732
3489
2169
3928
390
2262
761
1101
2447
727
1162
3504
397
3303
3114
2929
1154
266
3474
2917
2887
3220
3426
2974
2835
3324
1299
1310
3007
1015
1798
3385
688
2126
2060
1413
1065
3883
2893
1049
1191
929
2864
2966
3284
456
1033
904
1994
3153
1797
2221
2003
1122
1445
2499
3331
668
3605
2106
3762
3476
1526
1283
1241
391
504
1696
3776
728
3978
3621
16
118
45
186
3671
262
3538
1194
847
2793
3191
3590
915
4008
2527
2116
2012
2364
2237
2258
2618
2210
3704
2489
3249
3195
1550
1129
1802
3983
3760
1010
2319
2413
2794
909
3384
235
3294
2592
1889
1690
1768
1919
2130
926
1877
2765
622
2909
609
3274
3003
3074
866
3937
381
839
2247
3833
2634
2119
3347
1645
2010
1672
3171
2293
2241
2424
3977
1264
1057
2157
1995
1703
1816
1184
942
109
158
1592
1699
773
648
726
814
1455
1396
1828
1573
1575
1853
3818
1648
1895
3173
1018
325
1127
989
3401
3487
284
1968
3172
3729
3789
3804
3961
2062
2029
148
1909
1026
1632
3288
2780
77
987
392
2988
711
649
1818
1775
2156
864
3924
99
3602
170
271
3332
3150
1501
1825
1652
1375
1416
2452
1653
196
112
1863
2225
1046
3369
2783
3837
1694
298
2569
606
3180
523
442
386
730
488
489
444
1088
2490
827
693
1072
2442
3562
2510
938
2099
3922
2588
828
336
3811
43
3574
822
230
959
2861
3141
604
502
212
2371
2473
3755
1469
1362
1902
2801
1942
1452
1601
901
3312
1333
97
3481
2981
3149
3301
365
2925
3036
297
265
255
1313
3526
32
932
1544
53
1528
215
144
1290
1571
3346
1198
3563
1335
135
1043
3231
1562
1336
2989
1185
681
1351
3667
3783
3572
1398
943
3277
3207
3297
2800
2358
546
2865
733
321
3250
67
399
1220
1331
1678
531
3595
1547
1898
1427
68
1934
3639
2346
1166
1698
2357
692
2541
4001
3515
2096
2571
2028
3217
2749
480
2160
3184
3889
2530
4002
910
2378
1665
1132
1612
134
3708
1493
945
137
1585
3055
3625
1677
201
3516
3178
723
2120
3814
2330
3125
1475
1706
1082
2129
2181
585
508
3497
3800
1756
1815
3612
3039
2697
2969
74
367
166
318
191
104
1382
1893
2632
1204
1315
4024
1215
2680
2754
3096
1824
1406
1063
1515
2049
703
534
3238
3197
3575
1419
1873
159
1070
3975
3283
3657
3291
1055
3110
301
2177
3169
2904
1854
1355
2265
37
3498
3982
513
706
3714
772
69
2204
1565
1318
10
599
229
658
3703
268
1478
2182
189
93
2523
2975
1407
1163
1498
3775
2664
3098
371
486
2768
44
898
3709
975
3196
1847
1073
1771
1460
593
623
3292
636
665
401
613
1910
3212
3360
2684
3744
1578
3302
2976
63
537
3470
1686
845
577
3749
3965
1443
1555
3997
226
3890
1635
3934
1682
2882
2752
3825
3534
3535
1982
3491
2137
3356
1916
2399
853
3911
777
829
1865
698
2094
552
3720
3389
691
700
1034
737
2175
3614
554
88
2537
634
3822
878
1679
138
3451
797
852
617
1527
2644
2228
1226
1901
372
225
338
3999
3857
3725
505
1508
139
2314
1002
54
3768
928
781
2725
335
1752
858
738
425
1924
3127
1514
918
2471
2011
1713
2014
3444
1505
965
82
596
3354
2543
3908
2327
2649
485
1342
2368
2538
885
3955
2044
2145
2166
2362
305
2318
1944
1932
521
90
4019
4011
844
476
500
438
3319
3255
2936
2764
3396
799
3115
2894
101
1512
1133
3733
796
1105
1530
3847
2820
3910
117
3137
871
1446
1042
1627
3839
3832
192
2389
3290
3061
2402
2883
2880
2906
881
3019
2737
1381
3170
3204
183
156
3717
455
383
3399
2912
2395
2363
2388
1758
532
2631
2611
3950
2115
1036
2605
902
2429
