0
692
3717
4015
3183
2857
2569
2079
2842
757
879
832
855
761
737
834
833
816
738
869
844
835
766
731
694
688
854
853
852
851
850
849
848
847
846
845
843
842
841
839
838
837
836
831
829
827
826
825
824
823
822
821
820
818
817
815
814
813
812
810
809
808
807
806
802
801
799
797
796
795
794
793
792
791
790
789
788
787
786
785
784
783
782
781
780
779
778
777
775
773
771
770
768
767
765
764
763
762
760
759
758
756
755
754
752
751
750
749
748
746
744
743
742
741
740
739
736
735
734
733
732
730
728
727
726
725
724
723
722
721
720
718
717
716
715
714
712
711
710
709
707
706
705
704
702
701
700
699
696
695
693
691
690
689
687
3811
3704
3846
3494
3963
3657
3727
3767
3747
3912
3675
3559
3786
3564
3719
3862
3730
3466
3644
3615
3472
3470
3990
895
894
893
892
891
890
889
888
887
886
885
884
883
882
881
880
878
877
876
874
873
872
871
870
867
866
864
863
861
859
858
856
840
830
828
819
811
805
804
803
800
798
776
774
772
769
753
747
745
729
719
713
708
703
697
686
3957
3832
3744
3695
3594
3683
3557
868
865
3979
3978
3977
3976
3975
3974
3973
3972
3971
3970
3969
3968
3967
3966
3965
3964
3960
3959
3958
3956
3955
3954
3953
3952
3951
3950
3949
3947
3946
3945
3944
3942
3941
3940
3939
3938
3937
3936
3935
3934
3933
3932
3931
3930
3929
3928
3927
3926
3925
3924
3923
3922
3921
3920
3919
3918
3917
3916
3915
3914
3913
3911
3910
3909
3908
3907
3906
3905
3904
3903
3902
3901
3900
3899
3898
3897
3896
3895
3894
3893
3892
3891
3890
3889
3888
3887
3885
3884
3883
3882
3881
3880
3879
3878
3876
3875
3874
3873
3871
3870
3869
3868
3867
3866
3865
3864
3863
3860
3859
3858
3857
3856
3855
3854
3853
3852
3850
3849
3848
3847
3845
3844
3843
3842
3841
3840
3839
3838
3837
3836
3835
3834
3833
3831
3829
3828
3827
3826
3825
3824
3823
3822
3821
3820
3819
3818
3817
3816
3815
3814
3813
3812
3810
3809
3808
3807
3806
3805
3804
3803
3802
3801
3800
3799
3798
3797
3796
3795
3794
3793
3792
3791
3790
3789
3788
3787
3785
3784
3783
3782
3781
3780
3779
3778
3777
3776
3775
3774
3773
3772
3771
3770
3769
3768
3766
3765
3764
3763
3762
3761
3760
3759
3758
3757
3755
3754
3753
3752
3751
3749
3748
3746
3745
3743
3742
3740
3739
3738
3737
3736
3735
3734
3733
3732
3731
3729
3728
3726
3725
3724
3723
3722
3720
3718
3716
3715
3714
3713
3712
3711
3710
3709
3708
3707
3706
3705
3703
3702
3701
3700
3699
3698
3697
3696
3694
3693
3691
3690
3689
3688
3687
3686
3685
3682
3681
3680
3679
3678
3676
3673
3672
3671
3670
3669
3668
3667
3666
3665
3664
3663
3662
3661
3660
3659
3658
3656
3655
3654
3653
3652
3650
3649
3648
3647
3646
3645
3643
3642
3641
3640
3639
3638
3637
3636
3635
3634
3632
3631
3630
3629
3628
3627
3626
3625
3624
3623
3622
3621
3620
3619
3618
3617
3616
3614
3613
3612
3611
3610
3608
3607
3606
3605
3604
3603
3602
3601
3600
3599
3598
3597
3596
3595
3593
3591
3590
3589
3588
3587
3586
3585
3584
3583
3582
3581
3580
3579
3578
3576
3575
3574
3573
3572
3571
3570
3569
3568
3567
3566
3565
3563
3562
3560
3558
3555
3554
3553
3552
3551
3549
3548
3547
3546
3545
3544
3543
3542
3541
3539
3538
3537
3536
3535
3534
3533
3532
3531
3530
3529
3528
3527
3526
3524
3523
3522
3521
3520
3519
3518
3517
3516
3515
3514
3513
3512
3511
3510
3509
3508
3507
3506
3505
3504
3503
3502
3500
3499
3498
3497
3496
3493
3492
3491
3490
3489
3488
3486
3485
3484
3483
3482
3481
3480
3479
3478
3477
3476
3475
3474
3473
3471
3469
3468
3467
3465
3464
3463
3462
3461
3460
3459
3458
3457
3455
3453
3452
3451
3450
3449
3448
3447
3446
3445
3444
3443
3442
3441
3439
3438
857
4020
4038
4037
4036
4035
4034
4033
4032
4030
4029
4028
4027
4026
4025
4024
4023
4022
4021
4019
4018
4017
4016
4014
4013
4012
4010
4009
4008
4007
4006
4005
4004
4003
4002
4001
4000
3999
3998
3997
3996
3995
3994
3993
3992
3991
3988
3987
3986
3985
3984
3983
3982
3981
576
643
625
611
411
386
530
3282
3125
3155
2776
3190
2997
3271
3072
3329
2930
3367
3402
3312
2936
3118
2995
3287
3288
3246
2696
2682
3275
2996
3394
2854
3135
2987
3036
3087
2797
3325
2699
3301
2705
2795
2727
3313
2985
2827
3259
2921
2986
2919
2916
2906
2897
2839
2773
3274
3247
2973
2778
698
1854
2725
3034
3295
2892
1362
937
3962
3948
3943
3886
3877
3872
3851
3830
3756
3750
3741
3721
3692
3684
3677
3674
3651
3633
3609
3592
3577
3561
3556
3550
3540
3525
3501
3495
3456
3440
862
1908
1651
1840
1489
1089
1168
1649
1841
1462
1115
1082
205
46
102
300
307
77
309
337
167
336
270
230
328
283
312
299
1133
1780
1544
1851
1782
1391
1641
3278
1491
1291
1288
1447
1535
1370
1390
1214
1092
1058
1551
1219
1187
1776
1877
1675
1222
1221
1364
900
3961
3861
3487
3454
3437
1282
942
522
509
1412
1228
1455
1695
1636
1169
612
1671
1318
4031
4011
3989
3980
1444
1329
1250
993
1870
1435
653
349
486
685
684
682
681
679
678
677
675
674
673
672
671
670
668
665
664
663
662
661
660
659
658
657
656
655
654
652
650
648
647
644
642
640
639
638
636
635
633
632
631
628
627
626
623
622
621
619
618
617
616
615
613
610
608
607
605
603
602
600
599
598
597
595
592
589
588
586
585
584
583
582
581
579
578
577
575
573
593
361
630
620
574
490
383
680
590
587
666
646
1408
1113
362
1679
1616
572
571
568
565
564
562
560
557
555
552
551
550
548
547
540
539
537
536
535
533
532
529
527
521
519
505
503
502
501
499
498
496
495
494
493
491
489
488
487
485
481
478
476
474
472
470
468
467
466
464
462
458
454
453
450
448
447
446
445
443
441
440
437
431
429
424
422
418
413
410
409
406
404
403
401
399
398
396
394
393
390
389
388
385
384
382
381
380
379
377
375
372
371
369
368
367
365
364
359
358
356
355
354
352
351
260
152
133
57
53
5
134
128
200
197
55
3335
3436
3435
3434
3433
3432
3431
3430
3429
3428
3427
3426
3425
3424
3423
3422
3421
3420
3419
3418
3417
3416
3415
3414
3413
3412
3411
3410
3409
3408
3407
3406
3405
3404
3403
3401
3400
3399
3398
3397
3396
3395
3393
3392
3391
3390
3389
3388
3387
3386
3385
3384
3383
3382
3381
3380
3379
3378
3377
3376
3375
3374
3373
3372
3371
3370
3369
3368
3366
3365
3364
3363
3362
3361
3360
3359
3358
3357
3356
3355
3354
3353
3352
3351
3350
3349
3348
3347
3346
3345
3344
3343
3342
3341
3340
3339
3338
3337
3336
3334
3333
3332
3331
3330
3328
3327
3326
3324
3323
3322
3321
3320
3319
3318
3317
3316
3315
3314
3311
3310
3309
3308
3307
3306
3305
3304
3303
3302
3300
3299
3298
3297
3296
3294
3293
3292
3291
3289
3286
3285
3284
3283
3281
3280
3279
3277
3276
3273
3272
3270
3269
3268
3267
3266
3265
3264
3263
3262
3261
3260
3258
3257
3256
3255
3254
3253
3252
3251
3250
3249
3248
3245
3244
3243
3242
3241
3240
3239
3238
3237
3236
3235
3234
3233
3232
3231
3230
3229
3228
3227
3226
3225
3224
3223
3222
3221
3220
3219
3218
3217
3216
3215
3214
3213
3212
3211
3210
3209
3208
3207
3206
3205
3204
3203
3202
3201
3200
3199
3198
3197
3196
3195
3194
3193
3192
3191
3189
3188
3187
3186
3185
3184
3182
3181
3180
3179
3178
3177
3176
3175
3174
3172
3171
3170
3169
3168
3167
3166
3165
3164
3163
3162
3161
3160
3159
3158
3157
3156
3154
3153
3152
3151
3150
3149
3148
3147
3146
3145
3144
3143
3142
3141
3140
3139
3138
3137
3136
3134
3133
3132
3131
3130
3129
3128
3127
3126
3124
3123
3122
3121
3120
3119
3117
3116
3115
3114
3113
3112
3111
3110
3109
3108
3107
3106
3105
3104
3103
3102
3101
3100
3099
3098
3097
3096
3095
3094
3093
3092
3091
3090
3089
3088
3086
3085
3084
3083
3082
3081
3080
3079
3078
3077
3076
3075
3074
3073
3071
3070
3069
3068
3067
3066
3065
3064
3063
3062
3061
3060
3059
3058
3057
3056
3055
3054
3053
3052
3051
3050
3049
3048
3047
3046
3045
3044
3043
3042
3041
3040
3039
3038
3037
3035
3033
3032
3031
3030
3029
3028
3027
3026
3025
3024
3023
3022
3021
3020
3019
3018
3017
3016
3015
3014
3013
3012
3011
3010
3009
3008
3007
3006
3005
3004
3002
3001
3000
2999
2998
2994
2993
2992
2991
2990
2989
2988
2984
2983
2982
2981
2980
2979
2978
2977
2976
2975
2974
2972
2971
2970
2969
2968
2967
2966
2965
2964
2963
2962
2961
2960
2959
2958
2957
2956
2955
2954
2953
2952
2951
2950
2949
2948
2947
2946
2945
2944
2943
2942
2941
2940
2939
2938
2937
2935
2934
2933
2932
2931
2929
2928
2927
2926
2925
2924
2923
2922
2920
2918
2917
2915
2914
2913
2912
2911
2910
2909
2908
2907
2905
2904
2903
2902
2901
2900
2899
2898
2896
2895
2894
2893
2891
2890
2889
2888
2887
2886
2884
2883
2882
2881
2880
2879
2878
2877
2876
2875
2874
2873
2872
2871
2870
2869
2868
2867
2866
2865
2864
2863
2862
2861
2860
2859
2858
