2806
687
3980
2167
4021
3638
873
321
674
4008
3789
4009
2732
111
245
2596
182
269
3885
3055
1627
3143
216
202
871
93
3745
220
162
384
327
3121
918
77
3742
2437
3704
2094
3985
3570
642
4037
4012
3974
3128
2481
892
15
2599
42
351
102
3897
288
4036
3125
89
3200
624
2922
4033
43
448
1043
4016
1270
2860
2857
3451
2080
74
1510
1387
3905
550
3999
2457
689
1933
153
1455
358
3083
64
282
3413
3748
1208
749
61
3744
3436
996
2855
411
3732
852
2821
1368
3218
131
86
364
399
501
3993
464
2558
166
2774
3127
11
76
253
2
961
2252
52
12
1775
4019
3998
293
480
3751
612
3720
3632
1586
1200
3805
1552
587
206
729
886
2710
3425
791
753
851
816
799
721
702
3504
3699
3675
3676
3958
3666
3724
3769
3467
3489
3637
3795
945
3541
533
401
3735
3957
3527
2008
3654
3855
3658
3972
3970
3928
3893
1792
1874
3808
71
3723
3678
744
3641
3544
3478
3595
1708
3647
1386
292
2885
3268
1401
311
2824
2700
1262
2245
256
3028
619
205
1896
49
4038
2980
2794
4006
357
437
652
2505
594
1046
2565
1057
3334
2952
1466
4035
4001
124
3984
3133
386
2168
447
910
3717
1631
3709
1969
1239
215
1701
2769
2441
785
743
2270
987
316
3075
299
3572
3343
3183
54
648
3398
383
2470
3961
201
2886
485
3952
210
899
3003
244
289
212
117
85
928
540
2788
3807
468
18
3032
3161
270
3175
249
83
1233
1974
112
3813
1023
3325
247
279
1442
1817
2900
869
2714
2621
986
3820
1276
164
3953
3031
442
1713
757
2838
301
2248
3781
4
157
1346
1749
3854
2678
3650
478
114
195
3151
1506
1499
2079
183
868
3729
857
2651
209
22
1777
377
3580
2957
3340
1498
3963
90
2382
335
179
584
34
3044
2898
1949
47
3059
258
1087
1664
228
2691
1802
37
349
1094
610
1924
1119
2195
3424
1579
1385
2158
2269
472
1755
1194
717
1007
2388
2517
1814
154
3846
3282
660
3091
1394
192
3856
146
608
704
58
2528
811
3911
3864
3669
51
237
3322
3405
3308
92
300
2422
2421
2829
443
453
477
233
3407
3533
3778
3899
3402
121
586
3653
3074
2113
2632
2217
2450
2100
2263
441
189
217
150
1486
1711
4025
3990
4007
1254
1197
955
1788
1030
1111
413
3986
3105
3141
2861
3354
2799
219
3908
3548
3661
35
263
143
296
278
225
175
198
476
1956
2281
581
3988
2041
2034
2204
2106
3954
3444
3849
2805
312
3727
3949
3531
3446
3490
3662
3606
881
894
879
866
1890
1027
3147
3801
100
81
259
8
14
20
144
262
333
44
140
149
151
19
343
115
28
41
226
116
326
17
3372
2930
3181
3180
3131
3251
2902
4003
3997
3981
3994
4027
3996
4026
4020
4002
4031
4018
4023
3923
3749
46
177
68
99
872
885
877
867
776
874
710
882
808
803
859
884
825
888
878
876
813
890
804
796
701
720
756
794
864
863
821
723
793
889
861
735
795
763
697
849
809
748
759
829
824
726
739
711
764
762
761
727
713
827
730
747
716
840
741
708
698
688
781
696
856
693
880
848
837
810
694
842
820
737
830
772
787
715
847
760
758
792
807
797
765
819
778
777
752
738
843
703
831
815
774
734
731
706
705
690
822
722
805
740
782
790
850
783
718
823
769
766
719
838
834
828
773
845
836
814
745
835
728
724
709
818
853
784
768
742
736
854
846
844
841
839
833
832
817
806
800
798
780
755
754
725
699
695
707
686
712
789
3844
3515
3511
3473
3706
3601
3859
3770
3645
3977
3869
3714
3779
3783
3934
3765
3944
3852
3510
3886
3551
3775
3487
3874
3754
3872
862
3439
3865
3505
3906
3823
3524
3616
3579
3837
3774
3973
3667
3890
3942
3937
3975
3701
3448
3767
3738
3630
3460
3443
3726
3634
3602
3904
3773
3698
3818
3694
3764
3671
3631
3648
3468
3728
3663
3455
3914
3617
3797
3684
3924
3569
3976
3763
3909
3591
3593
3822
3578
3573
3500
3730
3583
3803
3786
3761
3530
3639
3659
3747
3664
3655
3785
3737
3670
3454
3450
3873
3817
3556
3840
3559
3640
3877
3760
3463
3481
3883
3967
3930
3753
3607
3598
3609
3683
3449
3838
3488
3880
3603
3552
3915
3542
3528
3474
3525
3491
1085
3835
3685
3618
3496
3917
3868
3912
3871
3739
3469
3466
3826
3792
3558
3493
3842
3741
3555
3550
3734
3799
3716
3948
3710
3516
3918
3482
3470
3442
3862
3636
3629
3498
3782
3568
3535
3884
3860
3557
3848
3757
3708
3465
3784
3486
3943
3926
3824
3736
3721
3703
3695
3687
3635
3563
3495
3927
3652
3561
3534
3459
3615
3776
3476
3845
3800
3633
3611
3514
3503
3851
3586
3532
3464
3756
3829
3582
3554
3529
3861
3850
3705
3608
3499
3458
3903
3900
3758
3907
3740
3713
3599
3692
3896
3881
3620
3440
3870
3768
3564
3507
3547
3501
3750
3480
3841
3584
3951
3810
3794
3680
3506
3731
3576
3545
3920
3790
3707
3931
3821
3945
3673
3898
3891
3888
3827
3960
3696
3523
3605
3497
3979
3971
3526
3571
3702
3438
3577
3947
3878
3793
3649
3613
3562
3933
3791
3766
3940
3828
3471
3553
3508
3968
3693
3651
3902
3596
3462
3672
3625
3604
3540
3521
3819
3725
3969
3966
3956
3950
3938
3932
3929
3921
3919
3913
3901
3889
3876
3867
3866
3858
3836
3833
3831
3830
3825
3815
3812
3809
3804
3802
3798
3796
3788
3777
3772
3762
3752
3722
3719
3718
3715
3712
3711
3697
3690
3689
3686
3681
3677
3674
3665
3656
3646
3644
3643
3642
3627
3622
3619
3612
3597
3594
3592
3590
3588
3587
3581
3543
3539
3522
3520
3519
3518
3517
3512
3509
3485
3483
3479
3475
3472
3456
3452
3447
3962
3657
3437
3628
3857
3567
3445
3743
3538
3892
3513
3982
4030
3989
3991
4004
4014
2487
1961
2535
4017
4015
4013
3992
3983
4011
4005
4034
4000
4028
3995
4032
3987
4010
4029
4022
4024
700
870
865
895
751
779
767
786
826
855
770
750
771
732
714
893
733
746
812
801
788
858
875
775
691
883
891
887
802
692
860
3621
3336
681
3066
600
647
643
627
583
3682
529
2817
2789
665
632
595
582
577
675
578
658
576
3843
429
379
2667
2888
3130
3269
2851
2899
3428
2807
2978
659
661
635
615
682
603
588
626
664
639
621
611
568
3955
3759
3787
3964
3700
3895
3894
3936
3574
466
532
486
380
361
405
3281
3216
3043
2784
3080
2982
3165
2977
2731
3203
2735
3173
3356
2681
2673
2832
2726
2879
2746
3010
2948
2745
2887
2924
3318
2709
3259
