0
791
3999
3990
4034
859
447
3935
12
3885
1224
179
2704
3688
155
3744
2817
3665
865
860
892
4012
875
775
852
887
832
796
358
674
1206
2842
1386
3820
3729
1560
602
1466
15
3798
18
918
292
3230
2195
114
3031
11
33
233
3407
47
154
3807
1326
3922
160
3959
1262
3854
3282
138
1558
1967
3732
1046
1627
356
383
1071
1760
1253
499
899
1353
3816
3699
3575
448
2975
2442
2722
2106
3375
571
1996
3882
2774
2885
2963
3619
3910
110
125
245
6
2634
593
1240
2671
1664
3806
1168
3977
3094
3716
2799
1162
1949
2166
3388
3053
3894
3489
904
3717
411
301
157
145
90
42
4024
4016
3987
4025
4007
857
667
4010
4035
4008
4015
594
868
891
4028
801
4022
4006
3983
692
4001
4029
3984
744
3996
4036
883
743
757
3989
4003
4011
3991
4005
3981
4002
3985
3993
4013
841
749
3992
4033
4032
894
785
3980
4023
4030
3998
4014
4021
4031
3982
3994
4004
4009
3997
3995
4026
3986
4038
4000
4020
4019
4017
4018
3988
4027
750
4037
866
893
699
895
788
851
877
790
855
725
761
874
871
873
858
772
843
861
821
808
886
812
710
702
890
867
870
735
864
884
717
854
686
687
688
694
695
696
697
698
701
703
705
708
711
713
718
719
724
726
727
728
731
734
738
739
741
745
747
748
752
754
755
758
760
764
766
768
770
773
774
777
779
780
781
784
787
792
793
795
797
800
803
805
807
810
814
815
817
819
820
823
824
827
828
829
830
834
835
838
840
842
845
847
848
849
853
856
706
709
714
720
722
769
778
783
804
809
737
818
831
833
732
723
730
794
806
763
765
822
837
693
753
771
736
889
712
729
799
839
844
751
716
782
789
742
762
836
826
876
878
759
850
707
756
863
715
813
888
786
816
690
880
811
882
767
689
746
733
869
740
700
776
885
872
846
691
798
825
704
881
721
802
879
74
1145
3071
335
3853
3650
209
1119
3183
2596
607
624
3709
210
3856
2457
585
550
287
43
215
2569
3453
2269
1581
1096
3570
911
1834
3748
3974
2079
613
608
2470
668
638
37
3451
244
3268
282
3746
256
581
642
3846
286
377
241
255
401
468
443
52
2792
3875
2691
205
1270
3037
2788
1854
3808
70
183
2541
1394
234
216
2483
3134
2382
2595
1065
648
3589
3125
1276
267
279
1430
379
3704
182
1233
3879
1586
305
2857
1176
316
35
3408
153
1755
2814
3942
1690
1208
3006
1395
2740
81
253
97
1027
386
49
1693
3801
1002
3560
2168
293
2808
1105
3733
454
3691
71
61
112
76
1194
247
228
2178
2481
2527
3811
1252
3689
2860
207
3597
2952
1034
294
3928
2998
321
2922
240
2380
191
164
656
2798
3467
336
1362
1546
2714
3582
3413
3955
174
660
192
453
201
552
2204
307
384
3954
467
3147
120
124
3121
3565
2838
270
572
2565
3781
3003
3537
327
2437
220
202
3946
1890
262
3939
3653
3055
406
190
3074
3127
2441
1383
2971
3952
3897
1937
3887
1969
1474
996
289
166
206
288
3953
1200
945
3978
652
3765
3673
3494
1856
1510
1762
3865
1031
3588
1713
