1585
1909
2678
968
3667
1514
3973
46
912
1064
1517
2062
3412
328
1569
1972
2743
3019
3224
3516
3801
50
182
305
490
517
546
570
632
976
1242
1368
1475
1520
2459
3014
3172
3197
3333
3403
4017
294
362
407
412
489
658
830
963
1097
1269
1318
1381
1521
1635
1683
1706
1707
2242
2462
2676
2692
2709
2855
2875
2965
3023
3029
3065
3573
3787
3888
14
42
299
303
323
684
907
997
1171
1198
1252
1275
1317
1351
1417
1433
1488
1542
1684
1723
1765
1854
1876
1885
1900
1918
1949
1999
2011
2151
2351
2486
2529
2628
2898
2929
2962
3159
3160
3236
3335
3371
3391
3465
3496
3561
3853
3859
3952
3975
4022
63
71
85
201
313
376
398
530
587
589
644
690
713
714
733
782
800
852
889
939
944
972
1010
1058
1075
1080
1084
1086
1144
1187
1188
1223
1225
1254
1284
1306
1324
1361
1362
1401
1447
1459
1582
1616
1626
1747
1774
1781
1804
1852
1878
1927
2041
2060
2106
2113
2161
2163
2199
2234
2377
2380
2399
2403
2411
2435
2468
2587
2598
2630
2734
2773
2837
2840
2849
2933
3064
3091
3106
3113
3149
3183
3300
3377
3476
3528
3606
3642
3647
3656
3657
3705
3709
3870
3877
3935
44
52
64
67
73
94
100
197
228
242
251
258
267
280
308
334
347
354
358
418
432
433
541
616
641
795
811
838
872
876
919
921
925
952
969
1008
1109
1120
1161
1215
1234
1238
1280
1295
1331
1388
1389
1410
1424
1478
1516
1588
1592
1713
1768
1772
1797
1802
1851
1860
1869
1947
2045
2058
2087
2096
2120
2155
2241
2297
2307
2336
2372
2404
2421
2431
2445
2492
2564
2584
2616
2622
2642
2706
2716
2735
2817
2819
2820
2834
2847
2884
2938
2973
3039
3081
3095
3139
3141
3166
3191
3194
3258
3341
3367
3379
3389
3396
3405
3428
3457
3498
3554
3596
3666
3695
3712
3733
3739
3759
3846
3897
3906
3926
3964
3971
4013
18
34
41
102
121
125
140
159
177
215
230
245
252
276
316
320
329
352
373
378
425
431
440
446
448
449
515
537
551
553
571
577
578
579
597
625
636
654
673
676
712
717
725
736
761
854
867
891
905
906
924
945
959
993
994
1005
1022
1112
1138
1170
1197
1230
1258
1268
1287
1313
1316
1341
1347
1382
1392
1399
1454
1463
1479
1489
1499
1503
1550
1554
1559
1571
1633
1648
1691
1695
1717
1719
1744
1792
1810
1815
1823
1855
1875
1910
1913
1955
1966
1974
1991
2017
2026
2036
2042
2053
2054
2098
2124
2133
2162
2208
2259
2263
2279
2283
2308
2329
2359
2365
2368
2379
2423
2428
2432
2448
2455
2496
2500
2507
2527
2576
2597
2601
2603
2625
2647
2672
2674
2698
2707
2717
2762
2768
2776
2792
2798
2827
2876
2885
2899
2936
2940
2942
2968
2972
3002
3044
3086
3105
3115
3119
3138
3143
3151
3164
3176
3264
3270
3362
3368
3411
3416
3430
3470
3482
3485
3556
3591
3600
3607
3612
3626
3641
3655
3661
3665
3732
3766
3767
3777
3789
3817
3873
3910
3923
3948
3955
3957
3963
3966
3972
3996
1
3
16
17
22
25
62
78
86
91
133
136
168
176
180
205
216
218
254
255
262
279
290
291
309
310
311
322
345
348
353
355
406
414
460
472
501
504
523
545
550
622
628
633
650
667
674
694
723
728
770
780
789
790
797
823
841
863
875
894
920
941
967
974
987
1016
1029
1033
1037
1045
1055
1056
1092
1102
1127
1140
1149
1155
1166
1176
1190
1201
1210
1214
1263
1273
1288
1337
1352
1380
1394
1402
1420
1422
1432
1440
1481
1483
1522
1534
1544
1545
1572
1621
1624
1631
1689
1690
1697
1699
1708
1712
1724
1739
1740
1741
1743
1761
1763
1805
1807
1809
1812
1816
1844
1846
1853
1865
1890
1892
1953
1954
1959
2003
2050
2055
2063
2064
2066
2070
2086
2095
2114
2118
2129
2131
2169
2186
2203
2216
2249
2252
2300
2327
2334
2335
2342
2346
2352
2375
2376
2433
2506
2523
2531
2534
2562
2612
2631
2634
2649
2654
2658
2696
2699
2700
2712
2718
2722
2754
2758
2759
2774
2826
2830
2869
2881
2908
2910
2922
2927
2928
2950
2959
2963
3060
3093
3116
3130
3131
3146
3165
3193
3198
3199
3203
3231
3234
3250
3254
3275
3324
3328
3332
3342
3345
3348
3365
3383
3399
3401
3434
3439
3450
3461
3464
3509
3555
3559
3568
3577
3579
3594
3608
3627
3640
3658
3744
3746
3751
3755
3762
3781
3806
3852
3858
3863
3872
3882
3886
3901
3934
3936
3939
3958
3960
3991
3994
4008
7
12
26
29
47
60
99
107
131
141
153
167
175
185
186
199
206
224
227
237
243
263
315
331
341
368
374
399
424
443
450
454
455
464
468
470
473
487
492
506
520
562
566
584
593
605
611
614
629
653
668
680
687
689
696
718
726
741
750
753
778
808
809
817
818
835
836
843
857
860
870
904
932
961
962
989
1004
1018
1019
1061
1070
1074
1087
1089
1098
1132
1133
1135
1137
1143
1145
1150
1158
1160
1192
1203
1204
1209
1218
1219
1227
1236
1239
1245
1256
1271
1285
1311
1369
1377
1379
1384
1385
1419
1425
1427
1480
1494
1500
1504
1506
1508
1512
1515
1535
1541
1549
1561
1591
1596
1602
1613
1614
1628
1652
1655
1662
1681
1700
1709
1710
1725
1742
1745
1767
1783
1819
1824
1825
1832
1833
1834
1835
1859
1871
1889
1893
1894
1897
1902
1904
1907
1943
1946
1957
1984
1989
2008
2021
2049
2092
2121
2122
2128
2156
2158
2192
2211
2226
2243
2248
2256
2261
2288
2290
2298
2315
2317
2349
2367
2370
2374
