107
719
3605
322
3980
3725
3001
3490
41
140
3662
2360
3854
2195
2861
499
157
3676
4023
1776
3809
1690
3465
190
871
832
2486
135
296
863
3653
4
1558
441
1105
3696
3565
3218
4013
700
2817
3744
459
3774
1889
93
167
3778
2670
3560
3012
3407
2725
643
3567
854
19
3949
1030
3091
3562
2788
3644
885
743
155
2922
182
796
530
572
3729
3799
379
3779
861
818
873
138
229
577
3691
3311
1138
206
998
3500
1027
1208
1627
564
3389
923
3045
631
3180
541
2076
858
3865
3268
5
201
3998
3632
358
76
22
1915
1162
177
2236
2842
2014
2632
2217
2487
2437
3155
1253
673
3472
4015
3748
47
1749
2358
735
911
3700
1510
189
1022
710
3541
590
3600
1967
179
598
1560
522
2565
1133
3647
1640
3863
899
3451
4000
429
3880
3988
356
3941
712
1992
3544
74
3855
3338
3398
2696
3425
3176
1476
2795
3693
3083
2893
3131
558
3227
3436
2926
2177
3304
3935
955
1151
771
1103
208
259
821
4027
1494
2008
29
24
877
3561
3007
3761
3760
3688
613
3781
3992
3976
3984
3445
1145
4017
3936
168
607
768
1091
472
274
2820
786
3673
2883
749
1254
720
264
2857
855
1676
586
3853
2012
386
1788
3536
2457
3735
1474
338
3663
306
1200
112
132
4004
775
3524
1463
1792
2456
1346
717
2760
3934
725
1455
3454
3376
937
301
2997
2167
2450
2628
143
1814
2114
1965
246
3482
3508
895
881
2930
2952
3776
776
804
729
876
889
3772
587
3159
3352
88
822
1817
1518
1537
3221
3024
2984
3649
3516
3695
2721
3209
289
219
2692
3739
3147
3819
3912
1887
2848
2831
576
615
3165
650
2962
2918
620
2903
2703
2959
1660
464
3802
312
20
1356
226
3933
32
979
3133
1053
3910
3476
457
3717
3074
3105
3477
2824
3960
722
3783
1860
218
275
622
977
3443
3812
321
3323
23
1384
309
48
251
866
3579
1937
3469
3130
3237
3418
3747
910
2846
3981
3446
4018
552
2245
4014
3489
3709
403
2100
316
3271
2412
2580
2971
2621
950
2585
2443
1913
2406
2099
1521
846
3620
2522
2227
2759
2427
2298
2613
2415
2497
83
467
1033
826
2371
2454
2481
2286
2182
3985
3767
3475
3447
163
3777
648
3583
3806
3973
920
3660
3367
2826
314
778
286
3194
1296
196
1658
2444
536
1543
183
3343
2152
3453
1461
3642
1552
3467
3266
3193
2747
1362
2858
3972
2691
692
84
3242
1179
799
2830
644
147
2219
10
571
840
3841
1667
3157
207
1982
3186
2850
1719
120
3769
1000
894
3762
839
2288
2709
2974
1401
303
1268
929
327
1002
680
1186
1174
682
1950
42
134
3645
1651
3071
1854
60
2885
777
1206
1501
344
657
737
3031
421
970
257
3889
3844
254
1748
1924
216
678
1885
860
2545
302
3322
1855
769
3805
3264
1342
2803
2
1005
1865
2263
3827
3671
3967
1270
662
1895
3813
3968
3216
1705
3831
3732
3492
4003
3883
2737
244
1550
18
97
1065
1233
256
4012
204
377
2205
364
3507
3229
466
3954
1541
3749
2963
1901
549
3494
1134
3751
1360
4033
653
2321
702
2569
646
2852
3932
1631
283
340
4029
176
1777
733
3619
788
750
3181
1850
2453
655
1410
3334
2701
3754
3588
1830
3882
802
15
3698
480
1713
6
1383
3529
1013
3491
3846
81
3061
2798
288
811
54
3260
3585
2740
3825
3575
672
384
365
3983
1566
105
1414
3192
205
307
3552
869
762
1996
1840
317
1234
297
46
943
125
3571
3408
748
160
2752
674
715
1498
1150
779
1834
3638
1119
807
401
521
3736
3887
891
875
311
3336
3745
2079
2888
45
62
1430
3534
642
3765
3401
3974
468
2837
1077
3230
2856
4006
382
39
1023
1779
593
3413
166
362
2762
3099
3723
293
137
3428
2710
2684
3388
2483
972
3068
3112
1096
333
2855
3429
1607
38
3834
2704
3820
279
3373
2941
61
3884
3415
1726
2961
4008
161
2562
3895
1293
3468
474
1055
255
1856
3626
1386
392
3864
1466
2470
231
3890
2596
1248
1045
407
851
540
3183
3659
3959
3755
664
1038
1654
892
1093
1579
220
496
3897
133
656
3217
90
1592
3246
7
3811
792
862
1490
3285
33
3712
2442
3520
905
1696
505
638
3979
3741
4037
1281
2568
165
35
3801
3530
1276
3944
1008
2505
114
1508
951
2256
3803
612
235
4036
703
270
174
43
3441
3798
298
2517
973
1073
3652
3464
3526
2034
4021
3986
1325
1348
3733
2726
3703
330
709
684
2735
3710
3191
3788
666
236
3037
3786
3752
3460
3945
2015
1878
3780
3894
3539
3843
3584
3927
3535
64
150
3966
3995
2452
738
751
1908
2105
2126
1949
1687
2424
3300
3510
3757
57
242
3909
3582
986
996
3587
516
337
192
149
115
214
144
427
3325
609
589
592
618
599
681
582
3312
1286
3874
89
3613
3919
3581
1866
3685
131
3063
2935
1264
3547
1202
3727
3922
1825
928
798
793
755
809
783
2968
990
707
742
2900
3233
85
533
833
767
4030
3994
3924
3946
3964
16
2197
2455
2341
2162
2146
1567
4020
4002
836
789
806
714
3256
372
2732
2902
3251
3556
1670
1527
3244
3568
3782
3558
3810
3808
3888
2207
2466
816
3893
3982
3624
3546
3549
3716
2421
2634
2017
2041
523
418
481
633
3538
3917
3857
711
1106
3850
2983
2889
2094
2548
2431
2558
2080
2614
2577
2405
2129
2644
2070
278
99
86
225
1731
1497
2251
308
3997
8
1193
1838
1087
1505
3164
351
3478
991
1177
2879
595
640
872
874
867
850
736
888
886
753
3522
532
3763
3513
3439
437
791
829
699
859
887
2671
909
1111
3814
227
319
3628
3743
3473
3657
3871
647
632
583
659
658
635
600
675
578
3020
2933
3314
2699
3423
3008
3318
3283
3309
2982
3773
3470
3862
3666
3572
3636
3705
3713
3498
3921
3455
3835
3641
3722
3907
3867
3728
3599
3815
305
243
310
14
1218
1043
1057
3957
3701
3975
518
551
554
424
3055
784
3354
3122
3053
2975
3637
3920
1890
198
399
393
181
328
273
195
78
3789
878
882
175
102
267
68
263
36
126
284
320
2513
2349
2401
2650
2170
2490
2515
3519
3837
3836
3675
3918
3708
3759
1657
4034
124
3200
3141
2082
2652
2019
1977
2385
2474
2389
2362
2173
2587
1922
2049
2416
1958
2284
2003
2062
2393
2303
2530
2633
2479
2274
2036
2417
2310
2252
2138
2221
2612
2379
2209
2185
2531
1991
2480
2537
2075
2390
1935
2244
1990
2540
2534
2147
2259
1987
2222
1933
2409
2573
2392
1960
2155
2235
1952
2637
2605
2132
1947
2367
2160
2156
1953
2400
1994
2581
2119
2186
2523
2343
1964
1934
2557
2488
2402
2373
2089
2640
2297
2645
2620
2459
2225
1998
2006
2192
2171
2004
1976
2538
2159
1999
2261
2563
2586
2449
2574
2376
2092
2546
2055
2136
2647
2001
2234
2659
2627
2626
2061
2097
1973
1927
2657
2022
2239
2226
2438
2137
2007
2398
2110
2002
2243
2161
1939
2264
2068
2163
2594
2502
2180
2127
2293
1970
2368
1963
2509
2101
1981
2499
2044
2240
2220
2069
2576
2551
2507
2414
2359
2287
2210
2043
2606
2258
2276
2536
2468
2190
2103
2093
2078
2005
2306
2237
2218
1941
2383
2184
2348
2542
2539
2460
2109
2059
2591
2579
2492
2329
2307
2206
2395
2122
2369
2353
2257
2165
2118
2056
1925
2485
2428
2404
2386
2352
2253
2150
2045
2556
2521
2482
2429
2387
2139
2060
2604
2601
2549
2500
2477
2469
2131
2489
2213
2084
2077
2020
2464
2308
2098
2058
1979
2408
2108
1986
2631
2374
2334
2311
2275
2506
2331
2578
2564
2559
2326
2266
2164
2123
2030
1985
1962
2128
2571
1968
2529
2355
2347
2215
2372
2282
2325
2592
2273
2547
2384
2285
2214
2057
2052
2396
2183
2065
2338
2280
2072
2566
2473
2272
2461
2434
2394
2328
2294
2135
2304
2649
2377
2344
2028
1916
2508
2518
2512
2241
2071
2038
2322
2107
2511
2413
2312
2648
2624
2553
2033
2642
2603
2617
2283
2176
2087
2639
2027
1921
2494
2000
2593
2423
2324
2290
2216
2154
2095
2086
1993
2314
2638
2623
2602
2560
2550
2520
2504
2433
2179
2124
2083
1918
2655
2590
2495
2484
2418
2271
2212
2074
1943
2533
2465
2194
2191
1955
2618
2366
2317
2249
2035
1975
2248
1930
2615
2561
2446
2201
2140
2088
1984
1971
1946
1938
2228
2608
2458
2451
2598
2498
2247
2335
2333
2198
2174
2111
2610
2242
