0
4024
4022
3748
3709
114
602
1065
744
3807
2204
674
1797
875
12
2269
3935
571
624
358
301
90
1466
209
3691
1096
1253
608
3704
613
3650
453
468
443
1202
4026
3992
4025
4013
4018
4014
4000
3988
3982
3995
3996
4036
4034
4033
4032
4029
4023
4021
4019
4017
4016
4015
4011
4009
4007
4006
4005
4003
4001
3999
3998
3997
3994
3993
3991
3990
3989
3986
3985
3984
3983
3981
4038
4031
4030
4027
4004
4002
3980
4020
4037
841
721
880
854
699
846
791
788
691
740
704
749
746
826
707
768
767
836
808
821
789
732
797
779
759
864
859
866
877
776
895
871
870
878
884
847
838
761
718
709
863
832
734
730
752
715
816
814
787
773
748
696
690
688
848
820
777
760
747
727
724
695
694
855
853
852
851
850
849
845
844
843
842
839
837
835
834
833
831
830
829
828
827
824
822
818
817
815
813
812
809
807
806
802
799
798
796
795
794
793
792
790
786
785
784
783
782
781
780
778
772
771
770
769
766
765
764
763
762
758
757
756
755
754
751
750
743
742
741
739
738
737
736
735
733
731
729
728
726
725
723
722
720
719
717
716
714
712
711
710
708
706
705
703
702
701
700
693
692
689
687
3879
894
893
892
891
890
889
888
887
886
885
883
882
881
879
876
874
873
872
869
867
861
858
856
840
825
823
819
811
810
805
804
803
800
774
753
745
713
697
686
110
1027
1254
1252
1111
945
3660
3781
3813
3806
3661
3910
3893
3864
3765
3678
3444
3445
3787
3744
3965
3759
3537
3441
3676
3932
3844
3716
3616
3564
3970
3772
3532
3536
3686
3503
3847
3960
3920
3696
3655
3641
3478
3617
3683
3509
3637
3477
3792
3600
3814
3546
3490
3926
3681
3808
3497
3538
3499
3795
3535
3483
3936
3921
3867
3597
3613
3481
3439
3896
3671
3933
3840
3776
3747
3500
3472
3644
3607
3700
3669
3796
3722
3599
3520
3492
3978
3944
3750
3697
3525
3461
3712
3438
3665
3884
3687
3640
3557
3527
3870
3803
3794
3559
3518
3968
3817
3901
3598
3553
3799
3912
3892
3874
3871
3628
3702
3543
3881
3878
3918
3837
3571
3519
3895
3823
3761
3510
3474
3826
3891
3611
3576
3900
3829
3568
3515
3443
3812
3782
3645
3529
3469
3951
3822
3810
3506
3938
3907
3850
3802
3778
3715
3685
3470
3442
3966
3573
3804
3790
3672
3528
3625
3618
3448
3894
3679
3531
3517
698
3797
868
865
3886
3756
3684
3609
3456
3440
3418
2790
191
270
76
221
86
294
264
253
71
70
154
137
288
184
36
273
91
8
328
32
179
35
311
135
108
2
177
182
319
299
187
254
6
336
314
222
263
225
212
268
250
192
126
57
53
312
93
317
298
165
51
331
73
338
16
175
115
14
326
140
19
341
235
204
306
283
228
85
72
260
158
118
84
69
196
103
345
249
242
236
224
96
56
325
281
248
200
141
66
340
129
1854
1276
937
1760
1607
1476
1046
1552
1194
1023
1713
1133
1788
1043
1579
1708
1264
1087
1417
1441
1705
1498
1197
1038
1840
1002
1728
1890
1676
928
1544
1239
1039
1592
970
1350
1451
1508
1641
1034
1537
1000
1873
1218
1016
1368
1045
1030
909
1704
1093
1892
1186
971
1640
1090
1903
1875
1248
1781
1847
1244
1310
1748
1089
1005
1829
1372
1872
1859
1841
1764
1015
1884
1550
1438
1432
1426
1009
1363
1424
1333
1680
1298
1273
1802
1648
1568
1493
1468
1137
1097
1739
1503
1418
1406
1373
1299
1245
1057
969
942
903
4035
4028
4012
4010
4008
3987
3925
3566
3880
3861
3779
3775
3693
3642
3979
3977
3976
3975
3974
3973
3972
3971
3969
3967
3964
3963
3962
3959
3958
3957
3956
3955
3954
3953
3952
3950
3949
3948
3947
3946
3945
3943
3942
3941
3940
3939
3937
3934
3931
3930
3929
3928
3927
3924
3923
3922
3919
3917
3916
3915
3914
3913
3911
3909
3908
3906
3905
3904
3903
3902
3899
3898
3897
3890
3889
3888
3887
3883
3882
3877
3876
3875
3873
3872
3869
3868
3866
3865
3863
3862
3860
3859
3858
3857
3856
3855
3854
3853
3852
3851
3849
3848
3845
3843
3842
3841
3839
3838
3836
3835
3834
3833
3832
3831
3830
3828
3827
3825
3824
3821
3820
3819
3818
3816
3815
3811
3809
3805
3800
3798
3793
3791
3789
3788
3786
3785
3784
3783
3780
3777
3774
3773
3771
3770
3769
3768
3767
3766
3764
3763
3762
3760
3758
3757
3755
3754
3753
3752
3751
3749
3746
3745
3743
3742
3741
3740
3739
3738
3737
3736
3735
3734
3733
3732
3731
3730
3729
3728
3727
3726
3725
3724
3721
3720
3719
3718
3717
3714
3713
3711
3710
3708
3707
3706
3705
3703
3701
3699
3698
3695
3694
3692
3690
3689
3688
3682
3680
3677
3675
3674
3670
3668
3667
3666
3664
3663
3662
3659
3658
3657
3656
3654
3653
3652
3651
3649
3648
3647
3646
3643
3639
3638
3636
3635
3634
3633
3632
3631
3630
3629
3627
3626
3624
3623
3622
3621
3620
3619
3615
3614
3612
3610
3608
3606
3605
3604
3603
3602
3601
3596
3595
3594
3593
3592
3591
3590
3588
3587
3586
3585
3584
3583
3582
3581
3580
3579
3578
3577
3574
3572
3569
3567
3565
3563
3562
3561
3560
3558
3556
3555
3554
3552
3551
3550
3549
3548
3547
3545
3544
3542
3541
3540
3539
3534
3533
3530
3526
3524
3523
3522
3521
3516
3514
3513
3512
3511
3508
3507
3505
3504
3502
3501
3498
3496
3495
3494
3493
3491
3489
3488
3486
3485
3484
3482
3480
3479
3476
3475
3473
3471
3468
3467
3466
3465
3464
3463
3462
3460
3459
3458
3457
3455
3452
3450
3449
3447
3446
862
857
1776
1657
1053
1906
1828
1815
1725
1260
1085
1686
1634
1152
1518
1602
1832
1247
1159
1722
1527
1346
998
1670
932
1147
622
588
1576
662
659
627
582
578
640
583
680
611
605
598
589
685
664
655
625
616
653
1787
1366
1236
1167
1042
1566
1720
639
647
1479
1094
1667
1169
1646
1682
1345
1261
1129
1019
981
975
896
907
1850
1848
1794
1786
1783
1582
1282
1158
1108
1102
1066
1014
984
386
522
466
449
572
499
498
678
663
636
619
618
592
579
1275
429
551
509
381
380
1631
470
166
3401
2722
3370
3197
2898
3151
3282
3436
2975
3398
3141
3059
3357
2691
3379
2900
3157
2847
2692
3404
3368
2858
3203
3088
3432
3207
2889
3349
3032
2685
3354
2776
3144
3225
3163
2695
2779
3249
3269
3012
2997
2882
2680
3255
2921
2833
3018
2817
3072
3413
3021
2979
3286
2891
3327
3221
3234
2734
3369
3366
3167
2843
2718
3293
2841
3299
3089
3394
3143
3023
3378
3199
3194
3188
2712
2687
3415
3326
3292
3400
3168
2682
2771
3385
3372
2821
2729
3356
3319
3279
2730
2724
2662
2978
2899
3383
2836
2711
2690
2824
2932
3377
3281
3277
3170
3005
2881
2875
3352
3212
3058
3013
2989
2846
2830
2665
3393
2901
2832
2787
3371
3285
3223
3176
3307
2780
3133
3219
3211
3320
3182
2937
2708
2672
3248
2848
2972
2703
3295
3275
3246
2948
2863
2949
2802
2706
2705
3302
2903
3002
2675
3332
3060
3011
2976
2894
2823
3025
2993
2874
2807
2794
2945
2741
3435
3238
3195
2977
2896
2887
2810
3103
3390
3056
3036
3033
2943
2905
2867
2698
2669
3434
3397
3351
3347
3297
3247
3169
3132
3116
3115
3017
2939
2853
2849
2781
2661
3077
2962
3325
3318
3309
2982
2834
3321
3204
3178
3177
3154
3093
2946
2772
3353
3099
3050
2856
3250
3226
3026
3004
2956
2877
2827
2749
3363
3362
3339
3324
3184
3078
3064
3022
2909
2897
2835
2782
2757
2755
2750
2673
3428
3300
3231
3137
3090
2890
2851
2789
2710
2744
3100
3020
1792
1585
2964
1511
1317
3179
1140
3420
2813
3245
2822
178
172
130
27
271
252
229
203
170
113
98
64
50
26
25
21
1
347
346
344
343
342
337
334
333
332
330
327
323
322
321
320
318
316
315
313
310
309
308
307
305
303
302
300
297
296
295
293
291
290
289
286
284
282
280
279
278
277
276
275
274
272
267
266
265
262
261
259
258
257
256
251
247
245
244
243
241
240
239
238
237
233
232
231
230
227
226
223
220
219
218
217
216
214
211
210
208
207
206
205
202
201
199
198
197
195
194
193
190
189
188
186
185
181
180
176
174
169
168
167
164
163
162
161
160
159
157
156
155
153
152
151
149
148
147
146
145
144
143
142
139
138
134
133
132
131
128
127
125
124
123
121
117
116
112
111
109
106
105
104
102
101
99
97
95
94
92
89
88
83
82
80
79
78
77
75
74
68
67
65
63
62
61
60
59
55
54
52
48
47
46
45
44
43
42
41
40
39
38
33
31
30
29
28
24
23
22
20
17
15
13
11
10
9
5
4
3
2481
2178
339
324
304
285
246
213
122
120
87
7
1008
1501
1383
1262
961
1772
1530
1336
1160
997
959
1580
1483
1457
1375
1789
1491
1287
960
1569
1364
1817
1123
1662
923
1805
1402
1330
1891
1826
1659
1146
1075
1807
1164
1774
1031
1809
1752
1741
1665
1604
1470
1370
1344
1278
1272
1271
1191
1024
934
1867
1861
1827
1799
1793
1757
1750
1717
1688
1668
1612
1610
1608
1597
1572
1563
1538
1449
1390
1377
1323
1290
1243
1209
1198
1185
1180
1125
1112
1059
1049
993
927
1765
1674
1561
1440
1214
1006
973
951
922
1289
1297
995
1864
1554
1437
1341
1222
1048
980
1433
1421
1337
1187
900
1908
1907
1905
1902
1901
1900
1899
1898
1896
1895
1894
1893
1889
1888
1887
1886
1880
1879
1877
1876
1874
1871
1869
1868
1866
1865
1862
1860
1858
1857
1856
1852
1851
1849
1845
1843
1842
1839
1838
1837
1836
1834
1825
1824
1823
1822
1821
1820
1819
1818
1816
1814
1812
1811
1810
1806
1804
1803
1798
1796
1795
1791
1785
1784
1782
1779
1775
1771
1768
1761
1759
1756
1754
1753
1751
1749
1747
1742
1737
1736
1735
1734
1733
1732
1731
1730
1729
1727
1723
1721
1719
1716
1715
1714
1712
1711
1710
1707
1706
1701
1700
1698
1697
1693
1691
1689
1687
1685
1683
1678
1675
1672
1669
1664
1661
1658
1655
1654
1653
1652
1651
1650
1649
1647
1644
1643
1642
1639
1638
1637
1636
1635
1632
1629
1628
1627
1624
1623
1622
1619
1615
1614
1613
1611
1609
1605
1603
1601
1600
1596
1595
1594
1593
1591
1590
1589
1588
1587
1586
1584
1583
1578
1575
1571
1570
1567
1564
1562
1560
1559
1558
1557
1556
1555
1553
1551
1547
1546
1542
1539
1535
1534
1533
1532
1531
1528
1524
1522
1521
1520
1519
1517
1516
1515
1509
1505
1504
1502
1500
1499
1497
1495
1494
1492
1489
1488
1484
1481
1480
1477
1474
1471
1467
1463
1462
1461
1460
1459
1456
1454
1452
1447
1445
1444
1443
1442
1439
1434
1431
1430
1429
1423
1420
1416
1415
1414
1413
1411
1410
1409
1407
1405
1404
1403
1401
1399
1398
1396
1395
1394
1393
1392
1391
1389
1388
1386
1384
1382
1381
1380
1379
1378
1367
1365
1362
1360
1359
1356
1355
1354
1353
1351
1347
1340
1339
1335
1331
1329
1328
1325
1324
1322
1321
1319
1316
1315
1312
1309
1308
1307
1306
1305
1304
1303
1302
1301
1295
1293
1292
1291
1288
1286
1285
1284
1283
1281
1280
1279
1277
1274
1270
1269
1268
1267
1266
1265
1258
1257
1256
1255
1251
1250
1249
1242
1241
1240
1235
1233
1232
1231
1230
1229
1227
1225
1224
1221
1220
1219
1216
1215
1213
1211
1208
1207
1205
1204
1203
1201
1200
1199
1196
1195
1193
1190
1182
1181
1178
1177
1175
1174
1172
1168
1166
1163
1162
1161
1157
1156
1154
1153
1150
1149
1148
1145
1144
1143
1141
1138
1135
1134
1132
1131
1130
1128
1127
1124
1120
1119
1118
1117
1116
1115
1107
1105
1104
1103
1101
1100
1099
1098
1092
1091
1088
1084
1083
1082
1081
1079
1078
1076
1073
1071
1069
1068
1067
1064
1063
1062
1061
1058
1056
1055
1054
1051
1050
1047
1044
1040
1036
1033
1032
1028
1026
1022
1021
1020
1018
1017
1007
1004
1003
999
996
994
992
991
989
988
987
986
985
983
982
979
978
977
974
972
967
966
965
958
957
956
955
954
952
950
947
946
944
943
941
938
935
933
931
926
921
920
919
918
916
913
912
911
910
906
902
901
899
898
897
1510
1724
914
1703
1525
1412
1387
1228
1170
1010
1762
1696
1478
1455
1385
1506
1633
1342
939
1599
1660
1853
1833
1800
1746
1473
1184
1025
1630
1469
1428
1311
1259
1246
1121
1106
1072
1052
905
1263
1223
1904
1770
1709
1681
1541
1507
1496
1482
1472
1348
1296
1189
1188
1139
1041
1037
1011
964
949
940
924
1035
1910
1831
1743
1453
1234
1212
1870
1801
1773
1695
1526
1464
1294
948
1763
1427
1192
1142
1881
1830
1671
1625
1573
1448
1400
1332
1318
1060
1766
1744
1738
1699
1565
1548
1490
1436
1371
1314
1210
1183
1113
1110
1086
968
963
936
917
1679
3961
3723
3487
3454
3437
1808
1745
1338
1136
1070
480
477
654
469
1885
1813
1620
1598
1514
1422
1408
1349
1238
1217
1173
1080
1029
1001
953
1645
1435
403
535
354
543
439
385
536
518
684
682
681
679
677
675
672
671
670
666
665
661
660
658
657
656
650
649
648
644
643
635
633
632
631
629
628
626
623
621
617
615
612
607
603
600
599
597
596
595
593
585
584
577
576
575
574
573
427
609
549
526
416
398
683
630
620
560
487
473
461
383
452
368
1897
1767
1536
1357
1343
1179
1095
676
673
652
646
645
637
610
586
557
547
527
511
489
481
413
634
604
590
587
556
517
502
423
397
390
367
558
507
442
1882
1878
1855
1844
1790
1694
1677
1673
1616
1606
1543
1529
1487
1475
1397
1155
1122
1012
976
651
580
537
492
483
482
471
446
432
370
363
569
568
