108
3996
825
2842
3746
801
447
3570
114
602
205
3854
865
883
3846
4008
4024
775
699
4005
3983
4001
911
2457
2569
1581
74
3453
18
638
287
37
608
233
255
52
468
3808
216
3282
3922
2704
267
138
1586
2168
1353
656
1362
1105
164
3467
3003
327
1200
3953
3271
3074
349
910
235
3795
3305
1579
1455
1133
868
192
49
256
891
594
893
860
750
4006
4012
892
3984
4035
4010
757
744
859
841
749
4034
4032
875
4029
3987
4015
811
740
776
872
873
864
877
788
884
852
743
785
4037
3999
3992
3991
4033
3990
4016
4007
4025
4028
4036
692
686
687
688
693
694
695
696
697
698
701
703
705
706
708
709
711
713
718
719
720
724
726
727
728
731
734
737
738
739
741
742
745
747
748
752
754
755
760
764
765
766
768
770
771
772
773
774
777
778
779
780
781
783
784
787
792
793
794
795
797
800
803
804
805
806
807
809
810
814
815
817
819
820
822
823
824
827
828
829
830
831
834
838
839
840
842
844
845
847
848
849
853
856
712
714
722
730
753
758
763
769
789
818
833
835
843
732
762
782
836
837
889
716
723
729
736
799
826
863
707
751
876
715
756
861
690
813
878
759
821
808
816
850
882
689
702
880
746
888
733
886
710
786
812
767
761
725
791
796
700
890
867
885
869
871
691
874
870
881
887
798
846
895
735
879
721
704
802
858
866
832
790
851
894
855
717
854
3980
4023
4030
3982
4021
3997
3998
4014
4031
4009
3994
4004
3995
3986
4017
4038
4019
4000
4026
3981
3988
4020
4018
4002
3993
3989
4013
3985
4027
4003
4011
4022
3071
2079
1206
3729
674
2470
3748
1560
3451
668
11
209
3856
1145
210
3798
12
1834
585
15
3031
43
3709
3183
1096
2596
3820
624
1386
550
2195
3974
3650
3935
3853
358
2269
335
215
613
292
3230
1466
607
1119
918
282
581
642
244
33
3407
42
3268
90
145
286
377
47
3885
1224
241
401
179
1270
154
2740
443
3875
316
2788
1854
2382
3732
2691
2857
1430
3807
70
1755
379
1326
3037
2792
3408
1394
35
2541
2814
1276
183
279
160
3704
3125
3688
3589
1967
1065
305
153
1395
1176
234
1558
3006
3959
648
1233
3134
3942
3879
1690
1262
2483
2595
1046
182
3801
1627
157
383
253
386
81
301
904
1027
1208
155
3560
3744
1693
356
1760
3717
1071
97
3691
411
71
1253
899
2808
3816
667
293
247
294
454
76
3733
228
2527
3597
448
2952
1546
112
3575
2380
240
191
61
3928
571
499
3413
1252
2481
660
2722
2442
3811
3699
2860
2178
321
1194
2975
336
2714
3375
2998
2798
207
1002
3955
3582
2922
1034
3689
174
2106
3954
552
384
270
124
120
307
3121
572
220
467
2565
262
3946
453
288
1937
3565
1762
1996
2855
3897
3910
3781
202
190
2838
2204
3588
3952
166
289
3939
3537
945
2885
3653
3147
201
406
3978
1022
2971
3765
1383
3619
3673
3887
2441
530
2963
3965
3686
1969
1651
3494
3882
1031
1474
2817
206
1713
1510
3865
996
125
1890
1856
652
3143
3742
673
193
2437
3055
3544
2774
1711
110
3127
264
1797
3489
3444
464
351
1607
1442
3849
1057
3606
2167
245
472
152
2015
2634
283
1264
3676
2980
3839
3694
3637
1486
1657
671
1038
3290
1295
3925
3805
1476
219
562
3227
3059
2505
610
1157
46
3678
2422
3787
2230
1777
27
2736
1346
929
371
649
1776
1147
1354
3429
2431
1417
3890
3844
593
2692
34
2219
3310
485
147
6
250
95
498
3970
3745
3727
2358
1240
269
3751
3477
2884
3661
3665
3091
3270
1664
1254
2580
340
1838
1297
533
3893
2721
2621
102
77
3859
229
2776
3513
3848
3806
3749
3044
655
86
1855
163
3724
1521
1263
2517
2375
3977
2388
63
2671
1498
3457
2899
2493
32
3632
2100
1792
1168
987
3441
2902
1301
365
3963
3432
390
259
44
2421
3217
3660
2767
2017
1924
117
3175
3936
2824
91
8
3652
3447
3370
476
1759
1151
3908
3813
2245
3904
296
3161
2651
347
230
3700
3923
3669
3436
1654
3916
3789
3372
937
3771
3445
3336
3094
2256
621
129
3961
935
586
2528
2263
393
319
131
89
3323
1701
1058
657
317
338
263
237
189
2008
51
3716
3216
