1912
107
2184
1663
1684
1730
2328
1199
2292
3437
2598
2986
1420
3116
2960
483
2394
2078
3387
0
2283
465
3232
604
2951
1554
3090
1675
366
2742
3033
1341
2810
1347
824
2134
3101
26
3051
1459
968
2445
428
3737
3417
686
627
239
2377
1932
1576
3263
1770
643
1303
432
2132
3435
520
1390
592
1826
3152
2872
720
3014
1460
180
1175
2072
3554
1227
400
1243
1166
3223
3841
40
363
2145
2489
1914
750
2047
2463
2049
3794
2094
3906
935
3473
2753
2585
2015
970
3107
2163
3728
2657
867
3162
952
414
1788
1894
1039
3019
1135
2717
3344
2823
3309
1819
285
1922
1482
3253
2411
2194
773
3897
3414
1410
3499
389
4001
1748
901
2773
1592
1143
1895
766
3508
713
227
1831
862
786
1171
374
3968
1611
965
249
2378
576
2729
1186
352
2224
200
2867
1435
595
3679
3139
421
2346
2413
2331
3154
3744
596
3999
2957
1070
3558
1936
2589
3848
1871
3036
1911
1858
132
1755
3545
3596
418
1413
1893
1455
1615
438
1033
1768
991
2850
3124
3211
891
3629
1959
3485
3338
3582
1771
2990
3957
2964
188
2794
1424
2227
3705
131
830
1489
1044
1330
1172
394
1064
941
3755
1636
3603
1616
1159
1469
4006
1511
2899
4005
3222
3104
66
647
1862
436
3736
3290
309
3614
3963
3353
3034
1513
3651
1251
325
312
2148
3236
2675
1773
3150
3368
2749
2667
2917
1923
553
2789
1470
3741
1139
3332
2490
698
499
1861
254
1561
1780
3354
2836
3442
3682
3244
3858
1481
2258
3934
863
3061
874
149
2319
2703
1050
3097
531
1766
2513
1264
55
3998
3869
60
339
2658
1512
794
537
3996
3040
3590
2937
1202
3206
2811
3185
3272
311
3712
1614
2401
3954
2966
3468
1221
1296
3901
129
1886
170
932
982
1361
69
1863
99
3639
2818
2920
1860
2561
541
3756
461
1537
215
3854
2610
536
1155
1673
2373
2963
3868
127
956
2832
4013
1081
2309
3962
77
3955
1908
426
3025
845
3184
1953
3009
3944
574
282
3120
2380
2530
3511
2061
2202
1529
2515
1250
1366
434
35
3512
3433
1781
732
2267
452
2652
2968
3073
3032
1733
525
1596
3724
1873
2119
3127
2274
787
853
1586
748
3121
451
780
801
767
3327
3066
3405
78
3334
3303
1507
3829
839
781
201
687
799
2293
2439
2286
2238
605
3540
3641
2031
2935
2263
902
3170
2707
3942
3879
3333
3565
1687
1629
3790
128
166
1062
3697
293
3370
144
879
20
357
607
473
2053
3732
1550
2972
3887
187
3709
3302
3415
838
1631
82
3190
2035
354
3444
2067
3203
1038
1395
751
3496
3642
247
1769
2732
2896
267
3718
1701
808
2761
2730
871
1789
3219
2006
2182
2905
1109
2392
3819
936
2431
1900
3021
3164
2926
1543
2371
4028
2387
2499
612
2044
673
3562
1487
329
1560
1824
1027
359
2534
3791
3301
816
2622
854
3039
3261
601
1162
3713
3571
1295
3613
340
278
3227
2889
2503
2156
2419
2519
115
3081
5
3088
3242
4012
485
1092
1400
789
2962
3816
3925
1329
1047
1203
2711
1360
220
288
2908
582
1326
375
3454
1870
3171
3941
2398
17
3799
4009
3729
251
76
3945
1116
619
635
615
2295
3361
657
1262
1742
3289
3706
1037
2402
730
1697
1587
2885
342
3958
1776
1046
3916
2452
1754
704
1598
63
3438
175
124
305
723
3898
900
3057
1969
2736
2214
2830
54
3087
32
167
3720
3422
1682
218
2681
1690
3268
950
3328
1634
911
3730
369
2406
2041
241
1004
1271
1228
2714
2614
2771
3997
1022
427
504
370
790
1229
898
1552
929
2821
416
636
994
1820
382
2291
886
881
441
259
689
2798
3948
3251
1644
261
3891
1445
1527
3364
3808
905
2456
1287
2688
1801
3969
1259
2453
372
1649
4027
736
2989
3356
2770
3888
2576
3832
2599
116
3780
3801
3624
3044
8
3805
860
2357
3068
2649
2008
1194
3404
2016
2268
1042
3650
3216
632
146
2245
3551
3673
1080
225
70
3210
3307
3300
724
1131
3393
817
110
731
810
909
788
2644
1333
3020
1493
3100
3181
3549
3653
1779
3586
3743
393
469
1386
3239
813
1498
1851
3008
796
2479
706
2461
2795
1500
1293
3156
3656
1011
665
22
2594
1593
737
3961
3273
2721
303
2251
3423
1453
712
2948
463
1812
2952
3298
1343
1422
1226
2672
1389
1878
1349
2476
949
2494
2018
3076
1024
2980
809
3568
3872
3973
2916
3131
90
922
3797
376
747
518
1100
1638
739
178
2471
2851
41
2
552
174
3031
663
67
295
1118
1534
1036
3864
2270
2310
613
1093
2318
3655
3734
653
191
579
1392
2026
3994
586
850
807
3637
3469
3506
1244
2983
1486
1643
3547
3160
1053
560
735
2222
540
3220
524
1939
2174
2147
1625
2239
3717
2827
638
2792
2943
727
1607
591
976
1996
1331
1810
3861
3248
2166
1973
490
2853
2751
2048
3082
283
147
100
2664
1802
761
3939
3400
1371
3800
1672
1145
3112
2607
2504
3552
2253
264
2055
3716
2715
3857
3595
3657
2236
1844
1176
934
4023
361
1403
4032
2355
486
1387
235
1346
3899
3612
2803
3929
111
563
3676
2687
1989
1337
2746
2181
172
3953
3178
1879
1528
1832
947
1531
3326
2801
1976
3871
3163
1440
629
2127
154
650
1530
168
1504
3579
3524
3237
1141
2466
2488
2699
2995
562
3228
1240
652
2051
765
2848
2838
1179
1651
3988
1237
805
356
216
148
583
1725
232
1065
2946
3617
1034
266
3977
1441
2879
2087
3045
1913
2316
47
2637
888
1031
3490
1008
324
3246
3735
3644
3838
859
3141
1797
3935
1856
3889
2766
2909
3752
2146
555
422
1411
12
1731
2628
3133
3072
829
836
341
1187
1933
2875
2085
87
2505
98
1332
476
3167
3517
1075
4
48
276
1249
3457
3938
2160
1368
1782
782
3128
2716
2246
1829
550
228
1474
3640
529
3664
213
3080
3117
2874
3698
3694
1212
3503
3814
3221
1094
3669
3339
2190
1713
3922
2708
3537
3389
2727
1569
3719
3161
943
3516
2924
1853
3532
1103
535
3413
2320
1373
2496
3461
2234
870
222
193
1000
1795
3544
912
2691
2737
1523
804
3093
1729
3727
3714
4020
2907
2988
2641
272
3607
3774
1874
3465
600
920
384
2255
3851
691
1836
3593
3004
2557
2580
105
2639
117
3472
2216
3292
3142
3796
3310
71
1161
3560
757
3619
3441
1299
3703
2767
2774
95
3833
1253
660
4016
2424
3027
1466
310
2343
1464
3099
2459
878
3908
3230
2025
1339
2013
544
668
2852
262
2195
914
3427
3975
3855
841
2700
2221
2673
645
608
3910
349
2335
2019
1448
1815
3277
1393
3767
1013
3615
80
273
906
1049
1450
2400
3071
2841
1223
58
3768
678
1380
1285
338
141
2866
1043
1045
1997
1427
3362
1798
3013
3197
3345
3360
3038
3391
3252
3049
2645
2777
2209
398
362
3895
328
1884
1479
620
3696
1378
2648
223
1066
263
488
587
1307
3915
758
827
764
1694
1447
1847
3885
2871
3436
707
2437
722
1494
1218
1866
2634
3452
3134
2581
143
2603
784
3102
3420
458
3739
3431
1639
3905
3807
2813
2350
825
2043
3241
1877
1306
777
2710
2944
68
1915
3439
3200
1151
3106
1931
4018
3341
2052
3521
2215
851
3518
3385
1492
3772
3320
407
2942
3646
3620
4000
238
3249
640
3398
644
3369
575
567
1058
1102
1786
367
4021
2080
1429
1975
3738
1344
3844
3666
301
3824
1355
3475
3129
3880
101
337
3255
3086
3514
2441
1977
2151
3751
2095
548
3408
995
672
2097
2541
510
2869
2938
1284
626
2693
578
904
684
1982
3322
4037
3125
3623
3782
442
3234
2685
1562
3691
4024
3798
1703
219
1071
3566
2947
477
1276
326
2412
2523
2858
3843
3708
3675
3378
3083
2701
2497
3837
614
1885
1910
1990
2164
1942
3771
661
2449
3699
855
1294
3445
2418
4015
2979
3022
206
3700
3340
837
3296
999
2533
1720
1048
895
381
1961
3924
3643
135
2740
3091
3683
2004
3037
3281
624
3890
1590
3455
3722
744
3749
3390
569
3410
568
885
598
2372
3846
1934
3336
431
3041
701
505
955
18
287
298
1759
3681
3976
3621
1680
700
2528
2322
3235
2066
306
3599
3523
1088
1319
762
3374
768
195
275
1937
2955
1880
3245
2458
2435
1952
2396
2592
2269
3542
401
702
740
1995
3095
3024
2929
319
72
183
2003
153
457
2824
120
1128
1965
2565
3903
405
622
2177
224
1069
3787
972
3028
1497
746
491
899
1726
495
1335
3817
198
3638
2370
3208
1700
3836
2168
1032
97
330
2524
3991
2088
274
106
675
3421
910
775
83
1918
2009
1245
1739
1261
2861
4007
2448
832
409
2379
3352
2105
3323
1208
1666
96
3536
1887
3795
2882
866
1398
73
989
1711
1580
3313
248
2514
323
3016
468
1434
75
327
763
271
2178
350
2442
1156
2887
3446
1508
3526
811
3881
2023
2873
1658
2987
2317
289
360
1002
2076
3575
1715
2857
1213
1710
1057
3215
257
2312
1144
1544
3550
2186
2884
945
2106
173
3987
364
3450
2627
331
1656
3510
1476
396
474
1394
3631
2571
990
2272
3849
3151
1417
509
679
1890
1477
3557
2954
3678
3850
3053
1174
196
3630
1689
1439
1602
749
572
883
892
1247
2977
447
514
1084
1196
253
302
2360
992
864
1594
3984
1650
3702
3192
3286
2017
270
3015
3012
3453
2842
2595
4035
3570
3274
211
4034
3480
2735
358
835
281
390
496
1728
3218
2640
2014
1277
38
3563
1899
1003
617
802
1905
3324
3147
3213
4008
145
1147
3507
2438
1234
893
1457
1263
3660
2752
3588
3357
2089
3911
81
3564
2993
1582
1869
492
45
903
3635
1030
1765
3763
1404
1864
2862
717
1313
1342
500
2193
3189
3866
957
252
521
2551
1692
320
1633
1085
3668
975
3842
954
2844
2816
1505
3214
3199
2713
3017
926
2969
3243
2815
1683
470
3176
3229
1772
1456
3168
3466
3972
3812
2325
2666
1991
2171
2668
2785
3175
2698
304
1207
31
1180
1904
1761
3509
2933
1012
3383
3179
1350
1891
3609
412
1960
670
3402
1461
1721
1605
3527
2817
3074
2631
1095
3030
2137
2096
1944
2071
1558
158
291
2928
2540
3056
1620
343
3859
1396
2093
3711
1818
1364
2468
2837
3
2567
3515
2032
3661
2973
3587
2914
134
3007
1265
1609
1254
79
103
3498
996
3349
3172
1164
1098
662
3233
3605
1169
3608
3867
3663
2510
3143
1635
2529
2368
2180
3964
692
743
1446
2898
1113
3979
2741
2981
2982
1556
3092
3042
940
2859
482
1883
1123
868
1233
3616
3312
2484
1289
2695
1524
2091
3271
2587
1157
1087
1983
2124
3665
459
472
3766
1177
889
4038
1160
3209
2405
1119
2074
3952
3960
2426
3789
2212
1830
2082
3990
1114
1555
800
3806
2840
1705
88
237
3265
3247
1956
2583
3294
1077
395
3180
694
156
3284
1381
1928
3065
3853
2092
1695
2545
3108
413
194
3451
1538
1006
1323
1325
2805
3818
3622
3928
1121
1009
677
3483
2744
2809
1903
1515
1648
39
2457
616
621
3430
3144
840
3376
3803
50
2569
557
3305
1301
2265
3529
2696
793
1681
1106
1001
651
930
2702
3225
3686
437
714
648
3183
30
2812
2297
2280
2582
317
1304
1308
2998
953
539
2176
2677
2141
770
3815
1535
690
443
3297
2765
846
3585
1837
2760
377
3409
1232
2870
664
776
3959
1473
2301
313
1970
37
308
2444
2101
7
1063
2893
2724
3443
2825
833
1270
1948
1645
1767
3084
231
102
3559
3432
847
3372
3886
547
3533
91
2211
21
3982
3986
155
1412
1236
1288
1738
1215
1312
728
65
602
2296
3488
1183
3089
316
3907
2843
3250
1200
2288
3522
3555
1581
335
3626
753
3862
1190
1901
2230
3715
2204
981
3479
1133
655
2100
2941
2764
151
3647
3193
623
1540
140
2617
2062
3050
1220
456
2891
1854
1061
2779
815
466
2834
4017
3883
1248
1676
2563
307
297
1354
513
4029
594
693
2349
478
3809
3412
3687
269
27
1850
1794
497
3205
3119
3202
1097
2197
2822
844
1152
3046
3840
1664
2034
284
1686
163
1178
721
857
1510
3471
3893
2483
3067
1968
1950
464
1777
3174
226
3989
506
3194
3947
3792
639
2888
3804
2481
2692
890
1541
3054
3932
1843
1993
1845
1753
383
3677
1362
1924
3659
1519
1600
3077
1165
988
2743
1067
171
1706
2399
3165
2065
593
3064
2450
682
3589
512
588
1436
28
2527
190
1516
85
176
3428
344
3876
1859
212
3967
3693
3379
3875
2338
207
987
74
3937
3821
3262
1035
1855
1822
820
726
1641
597
3704
1745
189
403
875
3781
2654
522
411
2256
4022
453
2797
2546
923
279
1657
2967
1509
3775
123
1258
2022
880
1246
2683
3951
3845
2208
2739
1667
2626
3467
2436
894
2790
3556
321
2099
3918
1546
244
642
2128
3474
36
2115
197
2755
3909
114
3257
3238
2636
791
3377
710
2020
351
2682
2462
2079
2671
2584
2337
2271
2030
2359
2057
260
371
1370
2397
3548
3520
1321
3882
3424
3337
3974
3965
611
3567
3317
3892
3628
1444
246
511
2114
1414
2362
160
2036
3856
448
1302
3118
1111
423
3148
1078
34
1501
3811
928
256
3504
2311
164
2512
3825
230
3138
2958
3636
177
2422
3776
831
2356
1624
2290
2477
2839
1757
142
3873
3877
1051
1122
3103
481
1191
1785
818
406
3111
937
1716
993
2680
2902
2930
545
479
798
1136
741
3765
3478
3188
2136
2788
2162
1465
2021
2747
2959
1565
1763
2588
1428
1222
2734
3035
2416
2161
2467
2945
2706
2480
2738
258
2578
887
2556
2997
3900
