0
3984
215
3183
1119
3451
1560
638
875
3729
585
602
37
642
42
282
255
744
1967
379
1208
228
2527
851
594
3980
3981
3982
3986
3994
3995
3997
3998
4000
4004
4009
4014
4018
4020
4021
4023
4026
4030
4031
4038
3988
4013
4017
4019
4027
3985
3993
4002
3989
4003
4011
4037
3996
3999
3990
4016
4025
4007
3992
3991
4005
4033
3983
4006
4036
4028
4032
4034
33
3987
4012
4029
4015
4008
4024
4010
4035
2596
1581
1386
892
3709
209
2457
11
1206
3856
674
1834
1096
114
4022
3935
3230
692
2470
74
891
292
3031
43
3974
607
2269
1145
801
18
12
613
287
3650
2569
911
550
358
335
3748
2842
2079
2195
3453
3570
447
3820
624
3853
1466
210
15
668
918
883
608
3798
3071
4001
233
3268
256
3407
244
581
3746
3846
90
145
1224
377
47
286
401
3885
3589
241
3959
234
860
3854
1270
443
1395
749
3942
3006
775
1558
1394
3875
3732
2740
468
3704
3688
859
648
841
3879
2704
138
216
1176
2857
52
2788
267
1430
1262
279
2382
699
3922
205
1690
1276
1326
1854
1755
316
1233
183
35
305
3134
750
2814
2541
70
3125
179
154
153
3408
1065
3282
3808
160
3807
3037
2691
2792
386
301
904
383
81
2483
3801
1586
1627
1046
411
2595
3733
182
2808
3717
1253
3560
157
253
2922
356
3575
1693
3744
2798
1760
1034
293
155
97
3816
3691
1027
899
448
247
2168
2952
3811
2722
499
667
2998
1362
71
656
61
3928
3413
1071
454
2442
76
3699
3582
2975
1353
571
3467
191
3597
1252
3955
112
2178
321
164
2860
743
294
240
49
3689
3375
660
207
2481
1546
785
2714
2380
757
336
1194
854
1105
1002
1762
174
3121
1713
3897
3565
270
1996
884
852
190
288
206
202
3946
3653
2106
1383
3494
893
832
673
552
855
220
3765
2204
1510
1474
3952
2971
2441
996
307
120
3939
1969
717
572
262
3537
2565
868
865
166
125
3686
2855
790
652
530
3954
3673
3588
1937
406
289
124
3965
3953
3882
1651
1031
945
894
877
788
384
3978
327
3781
3619
3003
2838
1200
467
192
201
2885
1022
3143
3910
1856
1711
3865
2963
485
3271
2437
453
1797
1579
3890
3676
866
2422
1607
704
472
110
2817
1455
1147
929
371
3887
1354
1346
46
3290
1777
593
351
250
3839
3805
3637
3544
3305
2980
1486
1264
1057
735
610
264
193
3925
3844
3795
3742
3606
3429
3310
2692
2634
1476
1157
910
864
721
562
283
3849
3678
3147
3127
1657
1442
1417
802
649
349
235
3489
3227
3074
2219
2167
2015
1890
1254
3745
3694
1776
895
846
671
340
147
77
27
3787
3660
3055
2774
2736
2671
887
464
245
152
34
3936
3724
2884
2505
2431
2100
1168
1038
879
871
858
691
476
390
44
6
3859
3806
3751
3749
3632
3513
3370
3161
3059
2899
2776
2721
2621
2230
2017
1664
1263
1133
873
229
219
86
3977
3970
3963
3941
3893
3848
3661
3477
3217
3175
2930
2902
2632
1961
1792
1701
1521
1301
1295
1151
987
890
886
881
874
872
825
798
791
761
700
655
533
269
163
117
102
95
32
3961
3911
3901
3827
3813
3775
3771
3727
3600
3444
3441
3372
3266
3216
3197
3181
3126
3044
2767
2651
2517
2388
2358
1838
1498
1240
935
889
888
885
882
880
878
876
870
869
867
863
861
856
853
850
849
848
847
845
844
843
842
840
839
838
837
836
835
834
833
831
830
829
828
827
826
824
823
822
821
820
819
818
817
816
815
814
813
812
811
810
809
808
807
806
805
804
803
800
799
797
796
795
794
793
792
789
787
786
784
783
782
781
780
779
778
777
776
774
773
772
771
770
769
768
767
766
765
764
763
762
760
759
758
756
755
754
753
752
751
748
747
746
745
742
741
740
739
738
737
736
734
733
732
731
730
729
728
727
726
725
724
723
722
720
719
718
716
715
714
713
712
711
710
709
708
707
706
705
703
702
701
698
697
696
695
694
693
690
689
688
687
686
657
621
399
365
296
237
131
89
64
63
3923
3899
3876
3864
3834
3789
3772
3766
3716
3712
3700
3671
3669
3665
3652
3647
3585
3552
3551
3548
3531
3445
3432
3398
3389
3336
3333
3323
3322
3317
3270
3251
3180
3165
3159
3131
3091
