0
816
4014
2483
859
256
790
110
1206
282
3885
3282
294
1071
3453
2195
3230
3808
3990
4034
4029
114
292
4008
2792
3989
3984
852
1627
3729
71
219
3003
255
193
327
3709
2860
1383
3749
1208
3798
182
2569
3688
1607
3748
4022
174
58
443
390
1560
3268
3059
61
3432
3125
264
301
3689
1586
1176
447
2470
3588
4024
4015
585
2902
335
672
3935
210
699
27
52
788
1326
864
3928
860
858
33
613
2493
234
2219
608
3974
3853
668
674
11
3424
3733
76
2740
638
1466
288
3787
904
3408
2527
383
3560
379
3055
2857
3589
240
179
287
3910
3544
3582
3031
3522
891
893
3251
47
453
3290
1664
253
1890
1002
6
147
4007
4025
4016
244
832
4002
4033
3992
4017
4027
4004
3998
4028
3995
3985
4021
4023
3994
4018
4000
4037
4038
4035
4031
4026
4020
4019
4013
4011
4010
4009
4005
4003
3999
3997
3996
3993
3988
3981
4030
3986
3982
3980
4032
3991
3987
3983
4012
4006
4036
4001
594
855
888
881
798
836
884
861
753
887
873
863
872
895
879
874
886
812
869
791
725
833
707
702
789
771
876
782
818
732
767
797
779
792
854
715
704
815
880
769
741
735
839
722
838
701
690
844
751
736
808
793
787
774
755
835
803
763
758
889
885
883
882
878
877
871
867
866
856
825
776
772
729
723
697
851
850
837
821
819
817
813
811
809
806
802
801
799
794
777
765
764
750
749
746
743
742
733
718
714
712
711
703
700
691
689
845
828
824
804
783
770
748
730
716
822
796
795
786
752
843
840
831
807
781
780
766
761
754
739
737
728
713
710
709
706
688
687
696
693
830
814
784
745
738
708
695
826
694
853
848
847
842
834
827
823
820
810
800
773
768
762
759
747
731
726
724
720
705
698
727
686
849
829
805
778
760
756
719
846
734
785
894
890
870
721
757
744
740
717
775
692
892
868
841
875
865
3459
3925
3447
3624
3441
3922
3893
3653
3614
3781
3632
3919
3594
3646
3546
3620
3507
3664
3960
3965
3774
3645
3583
3715
3901
3783
501
3773
3717
3795
3487
3888
3641
3811
3682
3531
3655
3580
3976
3875
3819
3445
3813
3663
3498
3591
3444
3843
3665
3446
3745
3549
3963
3914
3826
3751
3720
3767
3579
3912
3538
3977
3865
3859
3606
3792
3468
3463
3500
3946
3482
3894
3536
3489
3836
3882
3897
3548
3739
3595
3541
3952
3716
3443
3818
3768
3535
3878
3777
3622
3918
3848
3647
3695
3479
3732
3532
3694
3973
3866
3758
3593
3558
3458
3481
3519
3465
3951
3869
3725
3628
3473
3568
3534
3964
3945
3803
3726
3529
3469
3867
3705
3644
3629
3472
3823
3678
3850
3722
3698
3520
3786
3840
3827
3778
3735
3713
3597
3508
3523
3909
3904
3896
3770
3763
3719
3506
3898
3947
3881
3903
3810
3863
3662
3585
3559
3924
3870
3711
3572
3509
3821
3793
3754
3933
3776
3747
3587
3837
3708
3701
3602
3956
3937
3931
3782
3752
3601
3515
3466
3464
3941
3921
3907
3835
3802
3791
3753
3710
3636
3615
3505
3455
3932
3513
2357
476
1046
621
665
650
622
684
603
685
664
633
598
588
595
573
599
576
661
643
640
635
600
583
662
658
627
3961
3530
623
410
3940
3470
3660
3575
3552
3934
3578
3929
3659
3485
3913
3762
3462
3891
3847
3775
3512
3557
3518
3911
3883
3744
3680
3669
3562
3707
3658
3944
3576
3765
3637
3496
857
3845
3790
3785
3779
3730
3528
3503
3784
3760
3533
3884
3550
3461
3966
3962
3902
3670
3605
3604
3527
3514
3831
3697
3667
3611
3484
3950
3852
3448
3612
3555
3926
3841
3703
3654
3450
3683
3573
3563
3551
3979
3978
3975
3972
3970
3969
3967
3958
3957
3954
3953
3949
3942
3936
3927
3923
3920
3917
3916
3915
3908
3906
3905
3900
3899
3895
3892
3890
3887
3880
3876
3874
3871
3868
3864
3862
3861
3857
3855
3854
3849
3844
3834
3833
3829
3825
3824
3822
3815
3814
3812
3809
3807
3806
3804
3801
3799
3794
3789
3772
3771
3769
3766
3764
3761
3759
3757
3755
3746
3743
3742
3741
3740
3738
3737
3736
3731
3728
3727
3724
3718
3714
3706
3700
3699
3696
3691
3690
3687
3686
3685
3681
3679
3676
3675
3673
3671
3668
3666
3661
3657
3652
3649
3648
3643
3642
3640
3639
3638
3635
3634
3631
3630
3627
3626
3623
3619
3617
3616
3613
3610
3609
3608
3607
3603
3599
3598
3590
3584
3581
3574
3571
3570
3569
3567
3566
3565
3564
3561
3554
3553
3543
3542
3539
3537
3526
3524
3521
3516
3511
3510
3504
3502
3499
3497
3494
3493
3490
3488
3486
3483
3478
3476
3475
3474
3467
3460
3457
3456
3452
3451
3442
3439
2548
2422
2015
2106
2193
2130
2614
2076
1950
296
263
2265
2373
2441
2227
2113
2100
2277
2008
2545
2524
2651
2505
609
571
522
533
454
399
499
568
498
441
1240
1264
1203
1194
985
1749
1887
1755
1252
1667
1414
1372
1759
1141
1030
1417
682
644
617
612
575
678
592
579
1739
671
1233
655
618
616
589
371
407
385
449
372
681
680
677
675
673
670
663
659
657
654
653
648
642
636
632
631
628
626
625
619
615
611
610
605
602
597
582
581
578
577
574
1762
380
518
647
586
587
3723
3454
590
382
474
462
558
448
620
537
530
365
547
354
1200
470
403
519
396
466
429
445
646
478
458
645
521
3943
3889
3838
3796
3780
3750
3672
3633
3517
3491
3860
3702
3625
3621
3577
3495
3877
3734
3656
3930
3839
3800
3788
3712
3674
3592
3547
3449
862
3948
3873
3858
3830
3828
3756
3586
3501
3477
3817
3492
3971
3797
3693
3618
3596
3480
3471
3438
3968
3938
3842
3805
3684
3600
3545
3525
3437
1956
2454
2355
2481
2094
2431
2263
2158
2044
2207
2541
2382
2317
2424
1922
1915
2558
2051
2023
2621
2168
2234
2217
2228
2025
2412
2252
2177
2383
2335
2156
2107
2612
2366
2186
2092
1990
2209
2613
2360
2580
2405
2568
2437
2584
2321
2557
2534
2497
2251
1978
1949
1936
1933
2388
2416
2205
2587
2577
