0
3981
812
3230
775
4022
70
717
3589
215
18
2691
3748
33
1627
2569
3856
90
241
201
3071
3530
292
749
383
841
832
47
4007
750
2431
1157
2457
3717
209
1262
286
2899
3055
1395
190
3560
2714
2541
447
3444
3795
860
1103
294
883
1105
46
4015
3727
607
454
3310
267
648
3467
2808
894
624
3235
3805
3808
3570
3600
1053
865
1430
74
1607
358
3489
4008
293
3441
3754
3582
668
3853
287
3408
3820
4001
692
801
3965
155
608
1755
3996
613
3954
3875
1031
2788
379
1690
1194
1967
4032
401
987
3811
3801
316
585
2470
37
1466
2975
12
154
380
3271
3733
4028
868
3121
2805
2922
3742
3127
3074
2817
3229
3744
2263
4016
3990
4025
377
179
1027
42
2792
3037
855
852
757
879
881
870
735
742
889
858
885
874
877
769
712
768
802
791
796
788
732
789
707
839
878
746
691
700
785
861
895
887
886
882
876
873
867
825
798
776
756
811
854
716
835
845
844
851
846
833
822
818
816
813
806
779
771
767
743
736
733
725
723
714
710
702
699
689
888
863
729
704
840
837
809
869
795
740
786
782
880
838
797
741
690
815
706
843
792
728
817
730
856
799
766
774
751
711
821
780
752
693
826
794
773
834
828
805
745
737
734
722
696
890
849
848
830
827
824
777
765
760
754
753
727
721
713
709
698
694
688
687
850
748
842
800
784
764
758
731
720
718
703
701
695
686
804
770
747
814
808
783
708
853
847
831
829
823
820
819
810
807
803
787
778
772
762
761
759
739
738
726
724
719
715
697
793
781
763
755
705
836
872
859
744
871
891
866
864
790
893
892
884
875
3999
4019
4033
4034
4002
4020
4005
4027
4000
3983
4003
4013
4023
4038
3991
4030
4021
3993
3985
4037
4026
4014
3998
3997
3986
4035
4031
4018
4017
4009
4006
4004
3995
3994
3992
3989
3988
3984
3982
3980
4010
4024
4011
594
4029
4036
667
4012
3987
3751
3653
2902
2952
3333
3834
3901
3973
3904
3806
3720
3771
3630
3937
3443
3812
3745
1046
2886
3083
3059
2732
3045
3368
3216
3242
2710
3388
3910
3786
3784
3955
3946
3919
3883
3637
3660
3817
3666
3769
3827
3914
3561
3546
3963
3664
3862
3976
3969
3614
3613
3622
3694
3700
3773
3893
3764
3535
3781
3474
3885
3591
3678
3923
3767
3623
3483
3738
3460
3972
3892
3445
3907
3753
3663
3636
3498
3857
3439
3509
3631
3608
3599
3579
3571
3519
3644
3814
3739
3641
3763
3643
3916
3844
3699
3500
3541
3947
3833
3768
3634
3555
3515
3463
3539
3905
3585
3936
3887
3922
3679
3758
3612
3459
3549
3490
3446
3906
3645
3952
3932
3896
3770
3648
3507
3881
3668
3602
3466
3809
3505
3810
3584
3558
3486
3523
3967
3920
3776
3696
3587
3917
3874
3868
3819
3567
3538
3837
3708
3792
3894
3624
3977
3865
3802
3778
3740
3735
3715
3713
3710
3590
3134
3155
3012
3428
3130
2980
2700
3956
3945
3529
3961
3662
411
2167
1586
3352
2744
3128
2903
2671
2878
3159
3091
3398
2663
2982
2821
3308
2978
3425
3401
3338
2926
3315
3294
2847
2876
3066
3197
3382
2790
2688
3436
2761
3237
3148
2811
3190
2965
3270
2802
3402
2718
2789
3094
3105
3372
2930
3131
2727
3110
3139
3044
3153
2851
3194
3427
3300
2963
3416
3421
2713
2745
3052
3323
3007
2803
2935
3374
3276
2731
2769
2695
3404
3063
2997
3029
3129
3065
2852
3042
2967
2891
2794
2855
2819
3418
3167
2832
3400
3114
2698
3186
3429
3006
2722
3435
3141
3122
2776
3104
2918
2816
2746
2972
2990
3166
2800
3304
3022
2705
3123
2749
3269
2837
3354
3053
2995
3369
3211
3209
3058
3228
3195
3073
2974
2884
2717
2765
3414
3232
3174
3142
2917
2866
3202
2909
2908
2905
2897
2786
2755
3234
3193
3098
2806
2766
3364
3293
3036
2928
2877
2798
2729
2726
3171
2936
2667
3307
2780
3325
3318
3311
2959
2889
2879
3219
3283
3008
2670
3348
3226
3149
3064
3023
2927
2919
2912
2880
2864
2680
2673
2664
3099
2784
3387
3000
2945
2754
2706
2669
2666
3337
3259
2932
3345
3433
3257
3090
3085
2925
2835
2763
2756
2743
3426
3324
3238
3184
3158
3135
3056
3054
3004
2993
2985
2966
2960
2953
2944
2931
2910
2906
2896
2890
2773
3192
3256
2868
3391
3316
3115
3021
2991
3156
2949
3686
3772
3619
3836
3774
3759
3757
3958
3909
3843
3822
3794
3568
3554
3506
3468
3911
3813
3927
3895
3719
3690
3564
3532
3499
3730
3574
3695
3649
3639
3594
3516
3542
3452
3627
3928
3603
3520
3689
3940
3775
3628
3880
3477
3915
3528
3469
3464
3450
3563
3512
3832
3475
857
3804
3785
3722
3559
3527
3518
3902
3642
3488
3707
3658
3565
3780
3828
3687
3654
3930
3929
3908
3889
3737
3640
3485
3610
3721
3796
3667
3629
3526
3482
3472
3470
3455
3978
3975
3974
3964
3960
3951
3949
3942
3941
3939
3934
3933
3931
3925
3924
3921
3918
3912
3903
3900
3899
3898
3891
3882
3879
3878
3876
3871
3870
3869
3867
3866
3864
3863
3860
3855
3854
3850
3848
3845
3840
3839
3835
3829
3826
3825
3823
3821
3818
3815
3803
3799
3793
3791
3789
3788
3783
3782
3779
3777
3766
3762
3761
3752
3747
3743
3731
3729
3728
3725
3718
3716
3714
3711
3709
3706
3705
3704
3701
3698
3691
3685
3682
3681
3675
3673
3671
3665
3659
3657
3655
3647
3646
3638
3626
3620
3616
3615
3611
3607
3606
3601
3598
3597
3595
3593
3588
3583
3581
3580
3578
3573
3572
3569
3557
3553
3552
3551
3543
3537
3536
3534
3531
3524
3513
3511
3510
3508
3503
3502
3497
3496
3493
3491
3479
3478
3476
3473
3465
3462
3461
3458
3453
3451
3447
3442
3440
1693
3157
3299
3188
3046
3041
3249
3117
3016
2914
2848
3357
3093
2668
3279
2771
2841
2804
2736
2846
2820
2812
2768
2795
3120
3070
2751
2675
3409
3377
3342
3039
3353
3225
3170
3265
3252
3111
3049
3378
3297
3260
3140
3397
3381
3199
2661
3313
3296
3107
3072
2895
2882
2859
2772
3317
2888
2807
2782
2683
2676
3411
2849
2796
2871
2828
3367
3351
3206
3169
3102
3076
2973
2869
2840
3253
3236
3187
3136
3067
2758
3124
2865
2893
3371
3241
3103
3343
3434
3396
3160
2992
2708
3298
3289
3272
3261
2783
2753
3340
910
218
575
598
659
3859
3849
3726
3566
3487
498
490
390
2527
2168
2487
1776
533
2885
2580
1111
3350
3191
3152
3017
2950
2833
2823
2742
2701
3097
3335
3385
2813
3205
3081
3011
2999
2984
2946
2720
2665
3355
3240
3189
3034
3009
2921
2793
2748
2716
3412
3347
2778
3246
3077
2697
2696
3415
3306
3255
3144
2775
2692
2951
3380
3379
3285
3210
3203
3154
2728
2707
2962
2781
2734
3356
3346
3266
3221
3207
3133
3086
3068
3061
3051
2957
2845
2779
2737
2730
3430
3423
3422
3419
3417
3413
3407
3405
3403
3399
3395
3394
3393
3392
3390
3386
3384
3376
3373
3370
3365
3363
3362
3359
3358
3349
3344
3341
3339
3336
3334
3332
3331
3330
3329
3328
3327
3326
3322
3321
3314
3312
3309
3303
3302
3301
3291
3288
3286
3284
3281
3280
3277
3275
3274
3273
3268
3267
3264
3262
3251
3250
3247
3244
3243
3239
3233
3231
3227
3224
3223
3220
3218
3215
3213
3212
3208
3204
3200
3196
3183
3182
3181
3180
3179
3178
3177
3176
3175
3173
3163
3161
3151
3147
3146
3143
3138
3137
3132
3126
3119
3118
3116
3113
3112
3109
3108
3106
3101
3096
3095
3092
3089
3088
3087
3084
3082
3080
3078
3075
3069
3062
3050
3048
3047
3040
3038
3035
3033
3032
3031
3030
3028
3026
3025
3024
3020
3018
3015
3014
3013
3002
2996
2994
2989
2988
2987
2986
2983
2981
2979
2977
2970
2969
2964
2961
2958
2956
2948
2947
2943
2942
2940
2939
2937
2934
2933
2929
2924
2920
2916
2915
2913
2911
2907
2904
2901
2900
2892
2887
2881
2874
2873
2872
2870
2867
2863
2862
2861
2860
2858
2856
2854
2853
2850
2844
2843
2839
2834
2830
2829
2827
2824
2818
2815
2810
2809
2801
2799
2797
2791
2787
2785
2777
2774
2770
2767
2762
2759
2757
2750
2747
2741
2739
2738
2735
2733
2723
2715
2712
2711
2709
2703
2702
2699
2694
2690
2689
2687
2686
2685
2684
2682
2681
2679
2674
2672
2662
1855
2825
1372
3319
3201
2938
2693
2677
1552
3968
3944
3877
3797
3661
3517
3926
3838
3596
3950
3575
3971
3970
3957
3913
3831
3824
3790
3765
3755
3736
3703
3697
3680
3670
3669
3635
3617
3605
3576
3562
3533
3481
3457
3873
3966
3962
3852
3842
3702
3672
3621
3550
3492
3484
3471
3800
3734
3712
3656
3547
3522
3504
3456
3454
3438
3979
3847
3760
3693
3604
3544
3525
3514
3501
3884
3858
3841
3683
3586
3577
3545
3480
3938
3886
3756
3750
3741
3633
3618
3495
3449
3448
3888
862
3851
3625
3540
3521
3437
923
956
1760
1889
979
1254
3431
3424
3389
3383
3360
3214
3043
2954
2898
2836
3001
3320
3292
3287
3254
3198
3185
3172
3150
3145
3060
3027
3010
2923
2894
2875
2719
2955
2831
3432
3222
3057
3420
3410
2971
1476
1151
1838
3168
3165
3164
3079
2976
2826
2725
2678
1445
1308
1065
1629
1342
1073
1676
1353
549
1234
478
349
912
1853
385
3003
181
631
672
655
619
588
665
628
662
617
589
670
603
653
639
620
685
684
682
636
625
618
611
573
633
623
612
579
650
632
615
599
595
577
681
675
640
583
578
621
652
666
646
565
3861
3723
384
489
442
405
372
522
429
551
466
476
446
424
381
371
403
368
468
543
499
418
472
462
440
404
407
587
457
451
508
479
609
593
569
394
527
375
547
630
471
425
570
402
532
486
369
614
548
502
461
367
360
495
445
519
557
555
491
481
422
474
470
452
450
382
355
1961
2301
1956
2595
2535
2375
2106
2041
2034
2100
2281
1808
1777
541
534
528
523
518
510
459
415
3290
1915
1933
2515
2622
2513
1992
2497
2474
1713
2357
2565
2217
2238
2251
2577
1922
2197
1936
2450
2051
2158
2070
2015
1949
2411
2173
2454
2255
2466
2076
2552
2644
2335
2017
2286
2166
1975
2405
2236
2536
950
1537
1501
1562
1700
1492
95
564
399
393
1268
1797
1050
1045
935
1464
1011
1489
933
1187
1162
1023
1008
3258
2968
1247
1062
1521
1089
1417
1497
1731
1193
1374
1814
1478
1356
1526
1266
1656
1908
1773
1695
1425
1332
1142
1441
3361
3278
2883
2764
1055
1025
1387
1815
1664
1428
1362
1213
1434
1874
1654
1829
1443
939
931
3263
1411
1217
1647
1422
907
964
3406
3366
3295
3162
3100
3019
2752
2724
1684
1240
1531
1771
1529
389
1758
1881
1068
1708
1678
1410
1858
1648
1333
1625
1602
1087
992
1660
948
1681
1109
1567
1203
1756
1249
1131
977
944
1283
1037
988
1154
1120
1388
905
1348
1335
1869
1785
1633
1258
1139
1414
1587
1634
986
1371
1498
1212
1875
981
975
955
1807
1794
1774
1600
1265
1251
1144
1061
928
1642
1058
1745
1296
969
1831
1072
1246
1723
934
1186
1640
1244
1041
1798
1363
963
1710
1644
1278
1711
1407
1226
1147
949
1728
1720
1682
1479
1413
941
1556
1351
1824
1081
1140
1343
1463
1180
3948
3943
3872
3830
3692
3684
3677
3674
3651
3609
3592
3556
1803
1705
1588
1494
1328
1178
1088
1576
1392
1279
1190
1832
1580
1202
1611
1596
1284
1007
1907
1848
1508
1080
1899
1765
1004
1138
1355
1275
1064
1542
1238
972
1592
1432
1404
1315
1229
1148
902
1070
1325
970
1252
1043
909
1856
1160
1775
1075
927
1862
1715
1583
1578
1350
1115
1044
1499
1403
1903
1345
1129
1021
1872
1638
1502
1462
1286
1257
1231
1215
1100
1009
989
898
1507
1539
1484
1416
1208
1397
1114
1095
1821
1737
1437
1124
1346
1519
1459
1426
1561
1177
1165
1034
3248
3245
3005
2941
2822
2760
1726
1419
1828
1742
1591
1192
1703
1010
1000
1863
1461
1871
1241
954
1791
1243
1054
1219
1668
1527
1205
1069
1039
983
1601
1533
1097
1868
1670
1230
1117
997
1540
1888
1662
1653
1538
1532
1398
1344
926
1189
1894
1751
1515
1451
1406
1650
1541
1504
1895
1880
1837
1787
1747
1493
1232
1216
901
1264
1864
1843
1685
1701
1505
1709
1500
1412
1310
1304
1260
1228
1188
1159
1817
1780
1480
1732
1582
1495
1373
1261
1102
1032
1906
1820
1812
1739
1733
1706
1699
1481
1472
1418
1338
1316
1282
1273
1245
1221
1020
1018
957
903
1900
1799
1793
1746
1632
1331
1207
1156
1294
962
1910
1818
1727
1408
1366
1093
1052
914
1806
1719
1687
1593
1433
1274
1136
1224
1825
1615
1716
1677
1595
1573
1543
1448
1436
1429
1324
1012
896
641
604
584
1673
968
591
511
439
1763
1679
560
512
497
392
1357
537
536
525
520
494
428
419
408
352
350
1801
1740
1694
1658
1631
1446
1427
1349
1320
1237
1122
930
539
503
492
482
475
434
353
1545
1536
1514
1512
1358
1113
976
936
656
606
580
544
526
521
514
507
493
483
463
455
444
436
409
374
373
2838
2740
2704
195
8
683
680
679
678
677
676
673
671
669
664
663
661
660
658
657
654
651
647
645
644
643
635
634
629
627
626
622
616
610
605
602
601
600
597
596
592
590
586
582
576
574
561
556
553
542
513
500
480
465
438
391
378
370
571
568
567
562
559
558
554
552
546
545
540
535
531
530
529
524
517
516
515
509
506
505
504
501
496
488
487
485
477
473
469
464
460
458
456
453
449
443
437
435
433
432
431
430
427
426
423
421
420
417
416
413
412
410
400
398
397
396
395
388
387
386
376
365
364
362
361
359
357
354
351
289
2341
2613
2418
2349
2320
2628
2317
2452
2590
2477
2430
2329
2190
2154
2542
2391
2262
2545
2476
2350
2311
2654
2602
2553
2520
2213
2044
2556
2307
2122
2579
2359
2352
2300
1986
2517
2342
2256
1977
1974
2287
2619
2593
2539
2482
2423
2060
2604
2591
2563
2550
2504
2308
2200
2109
2084
2033
2021
1984
2638
2500
2374
2348
2324
2306
2290
2240
2104
2507
2339
2184
2064
1966
2554
2526
2506
2462
2446
2326
2323
2276
2216
2201
2179
2124
2121
2098
2093
2078
2077
2074
2043
1979
1962
1918
2524
2656
2655
2651
2650
2646
2634
2632
2631
2625
2618
2606
2601
2596
2587
2586
2584
2575
2574
2570
2559
2558
2548
2546
2532
2523
2505
2499
2486
2485
2484
2483
2481
2469
2467
2444
2439
2437
2424
2421
2412
2409
2407
2402
2383
2382
2381
2380
2373
2360
2340
2331
2321
2303
2299
2257
2245
2237
2234
2204
2193
2181
