0
3996
3984
179
692
879
2838
3928
335
18
447
1776
892
699
841
4008
3989
2792
3729
1119
2441
2079
4029
356
1486
4012
1326
3125
3031
1654
3565
182
15
2017
162
2505
3744
241
3407
2980
3846
3408
6
1233
2971
2470
192
3704
244
3717
1834
3375
2457
3864
749
3801
891
301
3820
3798
42
207
1362
3807
1560
3765
209
2596
3134
4028
4024
11
1386
3746
164
147
3268
49
2565
3987
1387
411
4001
1657
910
3003
887
859
871
895
894
858
885
872
893
878
876
861
855
717
689
796
874
771
725
798
890
886
881
877
875
873
870
867
866
864
860
721
767
712
882
869
889
888
863
729
808
763
880
809
818
762
795
782
854
852
850
846
839
837
836
832
825
822
806
802
801
791
789
788
786
785
783
776
775
757
753
746
744
742
732
730
714
707
702
691
711
710
835
811
761
735
838
843
769
698
803
750
741
704
821
779
764
720
844
812
701
848
799
781
768
755
733
708
851
833
831
816
814
772
736
706
694
690
856
817
807
765
759
728
718
703
804
797
793
748
747
716
824
823
819
780
777
731
727
709
834
828
827
820
813
810
805
794
790
787
773
758
738
737
722
715
705
700
697
696
853
842
829
784
778
760
724
695
693
686
847
845
840
815
800
792
774
770
766
756
754
752
751
740
739
726
719
713
687
849
830
826
745
734
688
723
145
90
3986
4033
3992
4037
4034
4018
4003
4011
3991
4017
3993
4006
4014
4000
4020
4005
4002
3994
3981
4023
4009
4038
4013
3995
3985
3982
4031
667
4035
4030
4027
4026
4025
4022
4021
4019
4016
4010
4004
3999
3998
3997
3990
3988
3983
594
3980
4036
4032
4015
4007
743
884
2481
1996
3897
3885
3848
3963
3939
3787
3910
3708
3954
3849
2437
2421
1956
1586
3965
3865
3895
3661
3461
3439
3641
3541
3567
3572
3585
3890
3678
3767
3483
3960
3727
3783
3859
3923
3789
3655
3955
3539
3644
3665
3958
3537
3812
3606
3638
3806
3792
3844
3699
3513
3694
3802
3636
3786
3631
3600
3679
3918
3866
3834
3768
3769
3925
3657
3595
3549
3546
3490
3446
3896
3933
3632
3754
3472
3825
3535
3862
3584
3558
3855
3794
3706
3591
3506
3637
3857
3819
3628
3753
3810
3534
3524
3458
3761
3975
3837
3757
3701
3579
3476
3945
3668
3630
3443
3763
3529
3861
3742
3907
3850
3705
3949
3536
2034
2651
1949
2634
253
264
3147
3055
3216
3122
3227
2721
2855
1974
2219
2162
1046
1000
3835
3735
3713
3666
3598
3482
3876
3740
3552
3899
3759
3675
3941
3908
3911
3669
3590
3909
3870
3843
3643
3463
3931
3878
3823
3793
3724
3719
3564
3555
3532
3543
3581
3658
3613
3481
3526
3799
3805
3626
3610
3775
3772
3956
3587
3500
3478
3972
3764
3726
3554
3460
3914
3891
3485
3686
3603
3452
3913
3790
3730
3950
3496
3712
3755
3737
3731
3722
3681
3640
3475
3450
3573
3929
3512
3934
3548
3831
3762
3703
3697
865
3270
379
498
621
530
3530
3642
3621
3547
3978
3977
3976
3974
3973
3969
3967
3953
3952
3951
3947
3946
3940
3937
3936
3932
3927
3924
3922
3921
3920
3919
3917
3915
3912
3906
3905
3904
3903
3901
3900
3894
3893
3892
3887
3881
3879
3875
3874
3871
3869
3868
3867
3863
3853
3845
3840
3839
3836
3833
3832
3829
3828
3827
3826
3822
3821
3818
3815
3814
3813
3811
3809
3803
3795
3791
3785
3784
3782
3781
3778
3777
3776
3774
3773
3771
3770
3766
3758
3751
3749
3748
3747
3745
3743
3739
3738
3733
3728
3725
3720
3718
3716
3715
3714
3711
3710
3709
3707
3698
3696
3695
3691
3690
3687
3685
3682
3676
3673
3671
3664
3663
3662
3660
3659
3654
3653
3652
3648
3647
3646
3645
3639
3634
3629
3627
3624
3623
3622
3620
3619
3616
3615
3614
3612
3608
3607
3602
3601
3599
3593
3588
3583
3582
3580
3571
3569
3568
3566
3559
3557
3553
3551
3542
3538
3531
3528
3520
3519
3518
3516
3515
3514
3511
3510
3509
3508
3507
3505
3504
3503
3502
3499
3498
3497
3494
3493
3492
3489
3486
3484
3477
3474
3473
3471
3470
3469
3468
3466
3465
3464
3462
3459
3453
3447
3445
3444
3442
3441
429
533
476
386
2595
2008
1924
2342
2380
2227
2217
2041
2431
2622
2076
1992
2094
2130
2656
2373
2181
2146
2070
1915
2439
2051
2558
2358
2402
2120
2262
2562
1965
2580
2453
2107
2080
2208
2228
2236
2152
1922
2515
2486
2207
1982
2503
2314
2173
2356
2056
2535
2281
2105
2311
2299
2433
1986
2584
2021
2575
2552
2478
2307
2644
2534
2388
2248
1975
2540
2341
2091
2488
2335
2655
2484
2308
2088
2078
2077
2033
2425
2591
2520
2507
2504
2329
2287
2212
2093
1993
1962
286
52
501
351
364
230
316
2601
2578
2546
2506
2495
2482
2261
2216
2172
2140
2118
2115
2112
2073
2037
1917
2097
2581
2256
2462
2612
2277
2145
2337
1914
2157
2050
2633
2585
2660
2494
2346
2061
1935
1927
2648
2640
2639
2364
2225
2202
2159
2012
2011
1951
1919
57
110
267
240
279
153
117
44
305
178
1627
2493
2177
1968
1921
2605
2317
2568
2514
1394
3367
3427
3424
3058
3112
3334
3235
2861
2926
2837
3326
3200
3053
2799
3266
3030
3281
3164
2707
3269
3307
2809
2789
3194
2846
3333
3317
3063
2834
3308
3032
2871
3083
3170
2998
3372
3181
3209
3131
2732
3159
3229
3042
3310
3126
3039
3249
3359
2820
2722
3095
3202
2746
2673
3212
2841
3127
3393
3129
2978
3028
2882
3250
3044
3378
2766
2665
2731
3381
3225
3109
2850
3141
3168
3374
3389
3383
3102
3021
3303
2961
3065
3004
2888
3204
3093
3052
2897
2664
3345
3392
3153
3139
2929
3243
2819
3433
3166
3114
3048
2795
2668
3137
2899
2845
2737
2662
2715
3240
2984
2783
3167
2942
3300
3130
2769
2663
3138
2812
2995
2796
3414
2875
2823
3373
2818
3382
3246
2934
2696
3213
2988
2948
2913
2910
2908
2806
2682
3279
3364
2927
2810
2761
2754
2891
2835
2705
3417
3362
3324
3293
3104
3084
3078
3073
2969
2953
2946
2944
2940
2931
2896
2887
2773
2755
2738
2681
3304
3232
3226
3195
3142
3085
3047
2994
2986
2911
2867
2698
2669
3341
3259
3171
3087
2904
2843
2702
2824
3318
3314
3309
2982
2879
2703
3277
2868
2784
3384
3339
3174
3149
3033
2993
2985
2909
2851
2749
2717
2689
3391
3188
3120
2901
2793
2785
2770
2687
3358
3353
3264
3253
3252
3236
3156
3145
2996
2825
2758
3419
3316
3267
3239
3182
3140
3132
3106
2989
2828
2712
2674
2802
3060
3242
3343
3434
2937
2753
2742
2719
2672
3275
3196
3012
2933
3366
3306
3203
3154
3113
3051
2829
3332
3254
3160
3061
2733
3136
3017
2965
3344
3320
3291
3272
2973
2684
2688
3347
3157
2278
2211
1969
2432
2637
2416
2310
2214
2175
2036
2618
2230
2226
2209
2243
2625
2623
2590
2586
2579
2563
2556
2539
2464
2429
2427
2423
2418
2410
2407
2391
2376
2370
2324
2300
2275
2258
2257
2244
2220
2213
2210
2206
2184
2154
2150
2131
2124
2123
2108
2104
2095
2083
2069
2064
2060
2059
2055
2044
2043
2030
2005
1997
1989
1984
1925
2641
2242
1913
2233
2518
2065
2304
1964
2400
2048
2415
1952
2325
2445
2280
2544
2137
2537
2409
2379
2345
2303
2282
2259
2249
2240
2224
1985
1981
1926
2572
2479
2274
2235
2110
2063
1970
1947
2163
2148
1954
2609
2582
2471
2434
2161
3177
3103
3077
2779
2728
3412
3371
3285
3241
3207
3086
2739
2713
3208
3110
3001
3397
3365
3287
3217
3152
3118
3082
2716
2686
1194
2923
2964
1840
3521
3944
3884
3670
3852
3455
3779
3575
3550
3889
3838
3780
3672
3527
3440
3970
3966
3957
3930
3926
3902
3898
3883
3880
3860
3804
3756
3736
3700
3683
3680
3649
3635
3617
3605
3594
3578
3576
3574
3563
3562
3523
3517
3488
3479
3467
3457
3449
3448
3968
3858
3741
3702
3689
3609
3877
3684
3667
3633
3480
3788
3734
3625
3544
3979
3916
3888
3847
3589
3522
3964
3752
3604
3817
3688
3611
3760
3750
3693
3656
3618
3596
3491
3971
3938
3873
3842
3841
3824
3800
3796
3677
3651
3586
3545
3533
3525
3438
3797
3577
3495
3456
868
857
3355
3201
2938
2903
2616
2592
2516
2512
2509
2413
2368
2355
2333
2302
2295
2292
2194
2176
2135
2101
2062
2026
899
945
1353
1579
3346
3185
3057
3395
3072
3046
3018
2898
2999
2822
2730
3223
3150
2790
3289
3186
2968
2869
1640
3406
2892
1544
1252
1220
657
1147
532
384
1248
437
679
588
625
618
660
631
616
642
623
612
574
665
662
661
650
640
658
672
622
617
611
603
597
589
575
478
680
655
619
593
592
449
380
529
372
442
1455
634
671
522
466
425
403
3961
3723
3487
3454
3437
590
508
480
488
519
490
489
418
495
445
520
666
555
1631
572
571
568
562
560
557
552
551
550
547
539
535
528
521
510
505
504
502
499
474
472
470
467
464
455
454
448
441
433
426
416
406
401
399
390
385
382
371
365
362
358
3431
3124
2847
2659
2658
2657
2654
2652
2650
2646
2645
2642
2638
2635
2631
2630
2628
2627
2626
2624
2621
2620
2619
2615
2614
2613
2611
2610
2607
2606
2604
2603
2602
2600
2599
2594
2593
2587
2577
2576
2574
2573
2570
2569
2567
2566
2564
2561
2560
2559
2557
2554
2553
2551
2550
2549
2548
2545
2542
2536
2532
2531
2528
2527
2526
2525
2524
2523
2522
2521
2519
2517
2513
2502
2501
2500
2499
2497
2492
2490
2489
2487
2485
2483
2480
2477
2476
2474
2473
2469
2468
2467
2466
