0
789
4014
3885
2595
801
3268
2704
674
383
210
571
607
3990
2079
3570
3290
883
1096
356
182
4033
4015
468
3413
4037
624
3660
1027
282
3375
3935
1466
638
3742
1430
2691
911
63
192
2178
1276
1362
160
1386
157
3820
4006
3733
3074
3897
667
3864
679
287
386
3441
379
3959
3127
69
2457
1856
3676
11
138
3853
2838
2441
2975
1253
668
351
3589
1208
1838
581
4024
2569
785
891
2842
2671
2382
1607
2634
1206
1967
1455
499
74
328
35
12
562
216
3856
910
3183
929
3691
3798
406
3597
1252
3941
3091
642
1087
454
3661
52
205
3444
244
443
453
472
411
377
3407
2483
3801
4025
4034
4007
594
4038
4031
3989
4012
3993
3996
4020
4018
4036
4032
4028
4027
4023
4022
4016
4013
4011
4010
4004
4002
3991
3988
3987
3985
3984
3986
3997
3994
4030
4021
3992
4009
4005
3999
3981
3980
4000
4019
4017
3998
3995
4026
3982
4029
4003
3983
4035
4008
4001
796
791
767
873
887
874
776
691
786
707
841
806
771
702
839
822
725
689
812
850
808
799
768
759
872
867
870
761
744
721
704
715
851
842
793
762
752
690
794
742
736
734
738
700
694
809
797
770
831
741
764
718
821
701
845
748
833
829
746
743
733
712
855
854
852
837
836
832
826
818
816
813
802
795
790
788
780
773
765
758
756
755
750
749
740
735
732
722
717
716
714
706
699
846
844
815
778
760
751
737
723
713
884
864
792
787
779
766
754
726
834
817
807
739
703
847
814
805
711
710
853
843
824
820
784
720
719
705
811
894
885
881
880
879
877
875
871
866
859
828
803
798
848
835
827
800
781
745
731
727
724
709
708
696
695
693
838
783
777
747
730
728
688
886
849
782
763
686
869
882
878
876
888
863
840
830
825
823
819
810
774
772
769
698
697
687
804
890
889
861
856
729
753
775
692
757
895
858
893
892
868
865
860
857
3816
3875
3549
3531
3890
3958
3939
3447
3949
3977
3952
3716
3616
3955
3882
3671
3622
3457
3916
3494
3648
3493
3969
3704
3659
3914
3893
3587
3887
3763
3854
3554
3863
3806
3490
3746
3509
3781
3572
3728
3751
3653
3866
3601
3809
3834
3972
3668
3855
3786
3582
3923
3445
3511
3787
3951
3792
3813
3905
3814
3566
3546
3446
3892
3538
3960
3791
3641
3665
3614
3638
3643
3747
3833
3505
3713
3912
3666
3615
3580
3759
3675
3524
3857
3803
3767
3600
3678
3664
3727
3682
3679
3624
3606
3645
3584
3534
3617
3862
3769
3472
3774
3571
3476
3932
3799
3439
3690
3794
3714
3711
3680
3623
3620
3515
3839
3843
3719
3878
3821
3754
3696
3500
3874
3871
3541
3876
3553
3442
3837
3708
3738
3726
3634
3612
3583
3529
3474
3460
3825
3812
3903
3900
3793
3569
3468
3850
3740
3710
3909
3906
3859
3829
3630
3466
3552
3840
3835
3827
3753
3735
3722
3698
3598
3508
3498
3944
3482
3847
3610
3487
3706
3705
3593
3591
3558
3486
3849
3895
399
364
166
2788
3817
3940
3757
3619
3707
3898
3562
3891
3573
3639
3481
3869
3559
3527
3772
3762
3528
3658
3477
3712
3928
3860
3950
3512
3978
3930
3543
3788
3845
3779
3522
3976
3975
3973
3967
3965
3964
3956
3953
3947
3946
3945
3937
3934
3933
3931
3927
3924
3922
3921
3920
3919
3918
3917
3915
3911
3910
3907
3904
3901
3899
3896
3894
3881
3870
3868
3867
3865
3848
3846
3844
3836
3826
3823
3822
3819
3818
3815
3811
3810
3808
3807
3805
3802
3796
3789
3785
3784
3783
3782
3778
3777
3776
3773
3771
3770
3768
3766
3765
3764
3761
3758
3752
3749
3748
3745
3743
3739
3732
3725
3724
3723
3720
3718
3715
3709
3701
3700
3694
3685
3672
3669
3663
3662
3657
3655
3652
3647
3646
3644
3637
3636
3635
3631
3629
3628
3626
3613
3608
3607
3602
3599
3595
3594
3592
3590
3588
3585
3581
3579
3575
3568
3567
3565
3564
3561
3555
3550
3548
3539
3537
3536
3535
3532
3530
3526
3520
3519
3516
3513
3510
3507
3506
3504
3499
3496
3485
3483
3478
3473
3470
3469
3467
3465
3464
3461
3459
3458
3455
3443
3908
3736
3656
3872
3625
3521
3491
3929
3886
3828
3618
3547
3484
3913
3889
3838
3832
3670
3642
3603
3542
3514
3503
3497
3462
3831
3804
3737
3731
3730
3681
3640
3627
3611
3578
3557
3518
3452
3450
3841
3674
3471
1356
3925
3551
3954
3463
3775
3673
648
575
403
466
476
572
437
384
532
564
393
198
270
273
6
218
124
195
93
163
262
28
44
162
149
153
117
2721
3227
2857
3122
2899
3045
3436
3266
3271
3305
3388
2898
3269
3389
3161
2878
3094
2723
2714
985
1168
3943
3884
3877
3750
3702
3683
3677
3586
3971
3970
3966
3962
3957
3926
3902
3883
3880
3824
3795
3790
3760
3755
3695
3687
3654
3649
3605
3576
3574
3563
3560
3533
3523
3517
3502
3488
3479
3852
3858
3689
3621
3604
3577
3938
3851
3667
3480
3456
3693
3688
3492
3968
3873
3800
3756
3734
3651
3633
3609
3525
3495
3475
3449
3448
3438
3437
862
3842
3797
3780
3703
3697
3684
3596
3545
3540
1094
1254
1755
1892
1802
3961
3861
3454
485
541
449
529
568
631
605
628
595
659
643
627
583
582
672
619
574
597
639
666
588
657
680
653
636
665
662
658
577
617
654
623
621
603
592
573
661
650
615
600
578
587
365
491
382
539
442
396
354
646
350
548
528
1326
986
554
505
459
1200
495
569
551
516
486
535
570
552
534
530
522
518
509
501
498
470
469
467
464
462
448
441
435
429
424
415
410
381
380
372
371
362
358
1134
1414
1007
1353
369
452
445
413
536
375
352
360
510
504
478
558
523
512
683
511
656
521
455
402
1506
540
388
494
456
440
408
1499
2481
2422
2100
1937
2651
269
288
76
189
106
77
336
226
306
78
301
238
27
95
96
151
87
159
86
4
127
108
85
245
233
344
295
231
253
71
263
100
309
8
208
243
181
219
131
45
284
184
32
36
183
191
347
150
251
235
156
140
14
144
41
121
98
312
20
296
102
346
300
264
201
110
268
123
59
249
204
57
318
141
242
196
330
320
54
317
274
258
132
165
105
247
302
266
180
101
190
343
214
89
17
187
283
200
72
326
299
280
194
3373
2824
3398
3308
2825
3088
3357
3370
2685
2900
3151
3194
2926
2771
2834
3235
3144
3048
3427
3401
3126
2804
3283
2972
2670
3356
3333
2961
2809
3241
3409
3372
3131
2709
3068
3418
3112
3404
3210
2893
3428
3374
2802
3392
3030
2787
3432
3200
3141
2799
3393
2687
2922
3192
2996
2895
3175
3041
2846
2699
3083
2677
3318
3309
2982
2879
2703
2987
2692
3155
3063
3015
2965
2983
2933
2997
2852
3042
3202
2732
2767
3322
3128
3066
3044
2848
3430
3250
2745
3406
2697
3399
3253
2801
3174
2993
2868
3349
3242
2667
3390
2939
2796
3229
3139
3130
2978
2789
2726
2858
3276
3050
2962
2759
3149
3098
2971
2768
2904
3163
3117
3300
2837
3286
2948
2805
2695
2673
3020
2727
3073
2874
2994
2931
2766
2731
2663
3360
3299
3212
3209
3138
3081
3099
3395
3383
3369
3341
3422
3199
3387
3054
2741
2676
2861
3147
3055
2817
3146
2661
3414
3303
3228
3213
3193
2967
2927
2761
3279
2690
3065
3226
3184
3025
2928
2912
2850
2769
2717
3355
3261
3380
3204
3113
3093
2772
2696
2668
3033
3022
2940
2827
3348
3257
3108
2943
2706
3215
3124
2793
2712
2702
3056
2839
3243
3119
3029
2974
2945
2924
2907
2896
2782
3069
3238
3114
3036
3000
2960
2773
2694
2681
3327
3340
3287
3157
3121
2808
3298
3152
3244
3196
3191
3043
2938
3435
3400
3362
3158
3104
3084
3026
3010
2981
2944
2929
2755
2683
2679
2903
2688
3082
3009
3345
3281
2973
2747
3420
3410
3103
3007
2990
3095
3133
3426
2689
2680
3067
2812
3339
3195
3064
2988
2985
2969
2966
2913
2909
2905
2890
2877
2873
2867
2800
2669
2666
2664
3337
3256
3217
3075
3326
3248
3214
3140
2989
2675
1486
3365
3358
3353
3275
3198
3187
3169
3156
2934
2843
2758
2744
3150
3049
2991
2828
3419
3416
3366
3335
3239
3224
3188
3132
3115
3102
2914
2901
2849
2844
2780
2765
2674
1251
3319
3201
2693
3262
2992
2894
3379
3306
3285
3186
3177
3024
2892
2836
2830
2829
2775
2728
2711
3038
3001
2979
3223
2790
2684
2672
3160
3060
3017
2840
2735
3165
3361
1640
1575
1314
992
1657
1510
1081
1090
1760
1507
1476
1378
1333
903
1263
1176
1203
1638
1635
1592
1773
1387
1762
1385
1787
905
928
1664
1354
1174
1803
1144
950
981
1413
1131
1869
1695
1061
1875
1655
1759
1236
1141
1042
1887
1381
1550
1417
1011
949
1568
1000
1904
1873
1229
940
914
1739
1667
1624
1372
1030
1479
1115
988
902
1363
1127
1139
1481
943
1562
1784
1629
963
955
1406
1681
1451
1020
969
1328
1031
1005
3948
3830
3741
3721
3692
3556
3501
3440
1567
1136
1764
1587
1292
1257
1067
1785
1763
970
1121
1828
1306
1158
984
954
1831
1478
1234
939
1368
1043
909
1704
1489
1215
941
1720
1382
942
1884
1462
1459
1120
1044
1890
1647
1628
1502
1438
1426
1347
1279
957
1634
1304
1188
1910
1425
1294
915
1895
1493
1468
1118
901
1403
1218
979
1815
1504
1275
1249
1169
977
1747
1733
1548
1533
1452
1319
1216
1097
1264
1850
1649
1103
1725
1496
1035
1582
900
1824
1309
1273
1014
971
173
1766
1645
1204
1192
1143
1104
584
1680
1311
1235
663
655
609
589
593
537
503
404
1013
567
543
508
480
477
457
451
433
425
421
407
397
378
357
1631
1515
1490
1400
1318
1261
948
671
560
557
553
493
479
463
446
432
430
422
416
392
391
385
930
565
555
531
490
488
482
474
471
461
458
450
418
417
390
359
355
685
684
682
681
678
677
676
675
670
664
652
647
645
644
640
635
633
632
630
626
625
622
620
618
616
614
612
611
602
601
599
598
590
579
576
544
506
434
427
423
394
373
34
1777
673
634
610
604
591
586
556
547
546
545
527
520
519
515
502
500
496
489
487
481
473
460
444
439
426
405
395
387
370
367
361
1767
1446
1142
976
651
514
497
492
438
431
412
368
996
1202
1758
1552
1865
1475
1408
1270
1500
1415
1310
1246
1225
1109
1041
389
935
1268
931
1421
1301
1699
1226
964
1574
525
507
465
419
409
398
374
348
1498
912
1729
1147
1853
1673
1122
420
1641
1159
1531
1862
1472
1322
1876
1686
1529
1482
1296
1260
1166
1070
1052
1010
994
1794
1526
1464
1429
1324
1189
517
1903
1661
1636
1583
1573
1495
1448
1432
1350
1345
1303
1281
1231
1227
1129
1100
1060
1036
1019
1009
896
1778
1744
1616
1606
1358
1357
1300
917
669
580
561
559
542
538
524
513
436
428
400
363
3304
2752
1677
1383
1245
1095
936
1651
1830
1727
1427
1423
1298
641
1114
1051
968
1424
1870
353
1897
1731
1696
1719
998
1473
1881
1397
1900
1165
1527
1461
1401
913
1453
1069
1537
1442
1497
1178
973
1220
1407
1885
1646
1844
1650
1418
1874
1508
1155
1908
1847
1371
1039
1519
484
1177
1808
1774
1821
1278
1956
2217
2621
2015
2503
2505
2442
2517
2227
1697
1866
1615
1555
1518
1511
1307
260
65
31
297
276
224
178
158
38
345
329
323
232
170
164
109
7
257
236
25
21
119
332
331
313
265
261
252
223
222
221
213
185
172
118
104
88
75
67
60
30
26
13
9
342
341
340
338
337
334
333
327
325
324
321
319
314
311
310
308
307
304
303
298
293
291
290
281
278
277
275
272
271
267
259
256
254
248
241
239
237
230
229
227
225
217
215
212
211
207
206
203
199
197
193
188
186
179
177
176
175
174
168
167
161
155
154
152
148
147
146
145
143
142
139
137
135
134
133
130
129
128
122
120
116
115
114
113
111
99
94
92
91
90
84
83
82
80
79
73
70
68
66
62
61
