0
3995
705
15
90
1386
3709
692
892
3974
613
3748
2817
775
3846
43
4008
4029
3856
3560
1233
358
3268
282
4001
2774
4015
891
854
4006
279
2527
3916
1346
4005
234
453
3973
1581
1105
125
699
2788
12
1443
1417
4022
2442
875
3597
1834
3570
668
1755
255
1145
2380
3765
3704
2422
3125
3408
3885
253
145
210
3935
3678
2441
233
327
3882
2470
443
447
97
2269
1854
247
1065
3227
263
333
1430
3134
3922
2195
608
386
910
3983
411
1353
47
2808
95
3691
749
757
3074
3147
3127
3055
859
879
885
873
790
886
882
895
881
871
852
877
874
872
867
850
744
785
723
893
863
689
767
691
888
832
763
782
806
725
716
855
714
894
889
887
884
878
876
870
866
864
861
860
858
798
776
729
794
777
759
741
711
792
796
789
771
800
762
808
797
755
720
807
836
826
795
779
740
880
838
793
739
816
848
799
768
764
737
734
733
890
869
810
849
835
780
772
769
754
726
724
834
824
745
727
688
844
837
853
820
856
846
843
842
839
831
825
823
822
821
815
813
812
811
809
805
804
803
791
786
784
783
781
770
765
761
760
758
756
753
752
750
743
742
738
736
732
730
728
718
717
715
712
710
709
707
704
703
702
700
698
695
694
687
851
847
845
840
833
830
829
828
827
819
818
817
814
787
778
774
773
766
751
748
747
746
731
722
721
719
708
706
701
697
696
693
690
686
713
735
841
802
788
865
883
868
4037
4002
3999
4038
4013
3996
4020
3994
3987
4025
4018
3998
4031
3989
4016
4009
4021
3982
4019
4017
4014
4004
3988
4036
4035
4034
4033
4028
4027
4023
4012
4011
4007
4003
3997
3993
3991
3990
3986
3985
3984
3981
4030
4026
3980
4000
3992
4032
4024
4010
594
667
1961
201
1937
2621
2535
2421
260
36
225
131
259
24
307
70
218
91
49
68
202
166
4
309
281
99
32
301
177
143
243
111
42
312
226
61
149
44
2
343
293
227
115
112
17
326
110
191
317
57
1
648
356
498
467
399
189
2382
2017
2580
2015
2431
2263
2255
1922
2360
2281
1924
2094
2251
2373
1949
1933
2587
2105
2260
1915
2051
2160
2437
2204
2650
2513
2487
2091
2424
2146
73
254
229
51
106
77
16
208
300
299
346
330
194
180
101
92
268
126
251
184
127
108
338
265
60
318
298
133
59
29
341
222
88
10
221
336
290
283
270
84
39
231
30
228
85
337
328
321
320
319
311
310
306
302
296
295
292
289
288
287
286
280
278
275
273
266
264
262
256
250
245
242
240
237
235
230
220
219
216
214
212
207
206
197
196
195
193
192
190
187
183
182
181
178
175
174
173
167
165
164
162
160
157
152
151
147
144
140
139
137
135
124
123
121
117
116
105
102
93
89
86
83
78
76
72
71
69
65
63
62
50
46
41
35
33
28
23
20
19
18
14
13
8
6
294
204
159
134
130
104
98
334
329
142
340
314
271
258
129
103
38
3175
3389
3413
3251
3180
2898
342
323
176
163
148
146
82
79
64
54
48
27
380
427
1759
1657
1731
1474
663
406
622
600
615
577
598
588
679
574
647
672
657
618
626
671
619
573
625
623
681
675
650
643
632
640
635
627
599
582
592
685
682
678
617
579
3723
371
571
440
472
466
532
437
421
490
364
529
522
541
485
564
680
590
568
410
424
357
445
413
562
361
478
501
351
100
81
1326
1253
2515
2444
2320
2193
2173
2632
2614
2548
2528
2456
2388
2217
2041
2433
2532
2122
1984
1938
2454
2393
1963
1942
2300
2443
2628
2497
1978
2089
2049
1977
2488
2411
2405
2317
2158
2200
2591
2299
2213
2172
2164
2655
2604
2586
2500
2386
2201
2058
2037
2618
2505
2236
2397
1960
2357
2085
2657
2011
1957
2341
2331
1989
2486
2568
2219
2230
2654
2638
2561
2546
2140
2136
2123
2055
2043
1997
2559
2507
2499
2430
2404
2323
2190
2184
2124
2083
2064
2005
2644
2403
2371
2186
2126
2023
1936
2566
2623
2601
2387
2551
2298
2426
2631
2624
2563
2553
2552
2395
2374
2356
2326
2290
2288
2271
2244
2220
2218
2206
2112
2109
2074
1953
2040
2625
2615
2600
2593
2590
2564
2560
2556
2460
2428
2408
2370
2340
2308
2240
2229
2121
2108
2093
2090
2088
2078
2063
2059
2046
2030
1979
1918
2656
2651
2646
2634
2630
2622
2619
2613
2607
2606
2602
2579
2578
2577
2576
2575
2574
2573
2570
2562
2558
2554
2549
2545
2541
2539
2536
2534
2526
2524
2523
2521
2520
2506
2504
2503
2495
2493
2492
2490
2489
2485
2484
2482
2478
2477
2469
2467
2464
2457
2455
2453
2452
2450
2448
2446
2439
2423
2418
2414
2412
2410
2409
2407
2402
2401
2392
2391
2383
2381
2376
2375
2369
2363
2361
2359
2358
2354
2353
2352
2350
2349
2348
2342
2339
2335
2329
2321
2316
2314
2311
2307
2306
2301
2286
2277
2276
2275
2265
2262
2261
2258
2257
2253
2248
2245
2238
2237
2228
2227
2216
2212
2207
2197
2188
2182
2181
2179
2168
2167
2165
2162
2156
2154
2152
2150
2147
2139
2131
2130
2129
2120
2119
2118
2115
2114
2113
2107
2106
2104
2103
2100
2098
2095
2086
2082
2080
2077
2076
2073
2070
2069
2060
2056
2045
2036
2035
2034
2033
2025
2021
2020
2019
2013
2008
1993
1992
1990
1986
1983
1982
1971
1966
1962
1956
1946
1943
1934
1930
1929
1917
2278
2192
2658
2585
2337
2050
1921
2012
2581
2202
2014
2000
1958
2099
2209
2287
2633
2365
1998
1980
2659
2494
2435
2378
2018
2016
1973
1927
1914
2660
2648
2647
2645
2636
2626
2346
2225
2159
2097
2061
1995
1950
2639
2583
2459
2171
2157
2024
2022
2006
2001
1999
1972
1931
1928
331
297
238
339
313
303
285
223
211
199
185
170
158
132
94
347
257
249
172
168
118
113
109
75
31
26
21
332
291
128
96
80
67
56
53
40
345
344
325
322
284
276
274
272
261
252
248
239
236
232
224
203
200
188
186
169
156
141
66
55
45
25
9
5
3
277
308
246
161
22
7
2802
3398
2685
3370
2684
3099
3197
3093
3424
3305
3373
3358
3315
3190
2954
3151
2771
2686
3425
3024
3181
2981
3323
3189
3208
3337
3067
3039
3216
3122
3105
2799
2884
3428
2963
2751
3292
3281
3194
2805
3317
3166
3123
3270
3242
3421
2739
3126
3066
3246
2820
3368
3427
3401
2811
3106
3322
3199
3015
2871
2672
3008
3144
3313
3384
2850
3006
2984
2847
2715
2784
3390
3367
2807
2726
3157
2893
3016
3170
3075
2868
2962
2831
3394
3333
3030
3121
2734
3224
3150
3021
2992
3059
2978
2888
2769
3272
3138
3058
3352
3048
2765
3267
3112
3141
2861
3062
3419
3188
3049
2924
2821
3329
2667
3303
3167
2816
2718
2917
3250
3117
2880
3312
3050
3153
2864
3369
3365
2772
3073
3036
3418
2932
3372
2930
2902
3241
2662
3405
3334
3266
3203
3069
3068
2947
2830
2682
3009
2690
3091
2671
3378
3297
3274
3351
3299
3277
3132
2853
2849
3115
2796
2781
3213
2910
2695
2889
3280
2812
3212
3209
3435
2915
3293
3228
3056
3054
2943
2927
2891
3417
3364
3257
3238
3220
3046
3029
3014
2928
2810
2756
2741
2729
3387
3363
3301
3193
3096
3078
2994
2913
2815
2666
3324
3052
2948
2839
3423
3382
3325
3318
3311
2959
2767
2699
3362
3174
3129
3085
3065
3004
2985
2974
2969
2956
2944
2925
2896
2800
2782
2738
2689
3357
3307
3215
3204
3110
2727
2702
3240
2675
3232
3195
3184
3040
3033
3022
2966
2940
2929
2897
2872
2862
2835
2777
2754
2750
2698
2694
3430
3426
3231
2873
2786
2731
2710
3416
3347
3316
3296
3291
3247
3182
3172
3152
3146
3120
3082
3070
3038
3007
2970
2950
2914
2876
3177
3043
2858
2841
2787
2716
2674
3335
3236
3192
3034
2996
2955
2844
2819
2783
3259
3061
2946
2845
2885
2704
217
150
119
676
521
495
403
683
469
418
355
368
388
385
540
404
3371
3176
3103
2713
3374
3211
2848
2709
2697
2696
1855
1385
551
505
486
381
2688
2677
1892
1562
1967
645
569
549
534
531
528
516
510
504
477
442
435
425
416
350
3361
899
3404
3162
2752
1147
593
1696
945
1602
1526
2938
2725
1342
1308
1521
1660
1896
1176
1143
1552
1599
1762
1887
1875
1364
1093
912
1372
1869
1486
1670
1286
1295
937
1481
1906
1141
943
1578
1859
1830
1424
1586
1046
1699
1631
1139
1814
1129
1082
1383
1476
1244
1749
1248
1120
975
902
1760
1504
1587
1550
1907
957
919
1478
1094
1564
1315
1167
1412
1152
1037
1252
649
1903
1596
1448
1413
1298
994
1884
1862
1715
1350
1279
1060
1403
1713
1051
1573
1531
1890
1506
3328
3248
3245
2941
1655
1628
1438
1322
1231
1100
981
1840
1090
956
1748
1169
986
1134
1000
1556
1304
1299
1225
1664
1089
1837
1137
1479
941
1766
1378
1706
939
1710
1763
1247
1097
971
1122
629
394
1650
1576
1103
1032
1022
630
584
1882
1743
1606
1565
545
398
374
1878
1848
1824
1679
1654
1429
1425
1400
1373
1303
1273
641
639
614
507
500
463
430
392
367
1549
1545
1358
962
930
669
651
561
512
479
475
465
423
405
387
684
677
670
666
665
664
662
661
660
659
658
656
655
654
653
644
642
638
636
634
633
631
628
621
620
616
612
611
609
607
605
604
603
597
595
591
589
583
581
578
576
575
496
461
422
395
1777
673
652
646
610
587
586
567
557
546
542
527
491
489
487
458
450
432
420
1790
1490
1142
514
493
438
431
417
402
400
572
570
565
560
558
556
555
554
553
552
550
548
547
543
539
537
535
533
524
523
520
519
518
513
509
508
506
502
492
488
482
481
480
474
473
471
470
468
464
462
460
459
457
455
454
452
451
449
448
446
444
441
439
434
433
429
426
415
409
407
397
396
393
391
390
384
383
382
379
378
377
373
372
370
369
365
362
360
359
354
352
349
198
34
3290
269
1193
2542
1202
1729
1382
1009
969
1899
1872
1828
1820
1751
1732
1636
1583
1462
1454
1392
1345
1324
1282
1257
1235
1227
1204
1192
1108
1036
1018
1015
989
942
896
2641
2540
2296
2272
2270
2233
2531
2312
2611
2429
2427
2084
2044
2057
2466
2170
1988
1975
1974
1987
2249
2396
2210
2208
1925
2362
2211
2166
1965
2313
2310
2029
2389
2480
2584
2550
2476
2449
2334
2309
2303
2266
2234
2142
2092
2067
2635
2226
2048
2496
2530
2610
2557
2514
2474
2440
2416
2318
2267
2256
2231
2214
2175
2141
2612
2400
2305
2285
2163
2479
2462
2324
2252
2177
2065
1985
1964
2415
2232
2572
2379
2223
2603
2537
2518
2390
2110
2096
2599
2280
2259
2525
2425
2406
2366
2325
2322
2291
2242
2205
2185
2145
2066
1944
2605
2502
2295
2134
2273
2243
2235
2101
1959
2522
2445
2330
2640
2627
2620
2297
2116
2009
1968
1951
1935
1919
2652
2637
2501
2438
2432
2355
2304
2274
2222
2132
2075
1981
1926
2567
2473
2367
2345
2338
2328
2327
2283
2268
2254
2161
1923
2420
2372
2351
2138
2117
2002
1948
2608
2543
2516
2463
2347
2194
2137
2053
2047
2038
2007
2434
2384
2221
2052
1970
1952
1939
1527
2653
2616
2609
2598
2597
2594
2592
2588
2582
2544
2519
2510
2509
2498
2468
2465
2458
2419
2413
2394
2385
2377
2343
2332
2315
2302
2293
2264
2241
2215
2196
2191
2176
2169
2144
2143
2125
2111
2071
2062
2026
1994
1941
1940
1913
1912
1294
2649
2629
2571
2538
2533
2511
2472
2447
2436
2417
2398
2364
2292
2284
2279
2247
2203
2199
2183
2174
2135
2128
2127
2042
2039
2027
2004
1991
1976
324
315
304
213
122
120
87
3434
3353
3345
3344
3321
3154
3145
2976
2936
2869
2748
2720
2693
3262
3191
3116
3060
2903
2833
2797
2742
3412
3275
3201
2999
2997
2935
3415
3380
3379
3359
3331
3285
3233
3210
3168
3086
3051
3002
3001
2730
2711
3332
3179
3081
2823
3411
3320
3302
3287
3254
3136
2894
2882
3101
3432
2813
2790
3436
3433
3431
3429
3422
3414
3409
3407
3406
3403
3402
3400
3399
3397
3396
3395
3393
3392
3391
3388
3383
3381
3377
3376
3375
3366
3360
3356
3355
3354
3350
3349
3348
3346
3343
3342
3341
3340
3339
3338
3336
3330
3327
3326
3319
3314
3310
3309
3308
3306
3304
3300
3298
3295
3294
3289
3288
3286
3284
3283
3279
3276
3273
3271
3269
3265
3264
3261
3260
3256
3255
3253
3252
3249
3244
3243
3239
3237
3235
3234
3230
3229
3226
3225
3223
3221
3219
3218
3217
3214
3207
3206
3205
3202
3200
