3535
3993
733
892
3846
454
2774
883
692
4022
841
4033
215
287
12
3974
3268
2483
3854
356
253
193
2017
8
865
2527
667
3746
860
749
891
4025
700
846
855
3992
4034
3996
1119
3650
209
1206
3935
15
3183
2470
608
292
335
2195
1386
602
1096
1145
358
1581
42
90
3885
52
2382
160
3732
316
153
648
3959
3879
1395
2704
386
3717
3560
321
2922
3413
2952
336
164
1034
1546
2380
2860
552
3121
1937
3619
2885
3653
206
1776
1486
3795
250
3805
671
1498
3652
1974
2632
2805
1731
2175
91
259
351
110
264
3055
2565
201
61
3744
3801
411
182
2595
3407
33
801
4007
699
875
4024
757
750
3987
717
859
4029
4035
4010
594
894
884
852
744
4032
4012
3984
4008
767
735
825
864
788
790
893
854
743
775
4028
4036
4001
777
714
813
746
886
702
882
725
740
796
871
872
802
887
881
879
851
877
785
4011
4016
4015
686
687
688
694
695
696
697
698
701
703
705
706
708
711
713
718
719
724
726
727
728
734
738
739
741
745
747
748
752
754
755
760
764
766
770
772
773
774
780
781
784
787
792
795
797
800
803
805
810
814
815
817
819
820
823
824
827
828
829
830
834
835
838
840
842
845
847
849
853
856
720
731
758
771
783
807
809
818
848
709
779
793
794
804
831
768
806
839
712
737
789
693
730
763
782
837
753
765
769
778
822
833
844
716
751
843
729
736
762
889
732
722
799
836
742
876
723
715
826
850
863
759
756
861
707
878
808
816
690
811
888
821
786
761
880
812
689
710
869
791
890
776
691
867
885
798
874
704
721
873
870
895
858
866
832
4018
3991
3990
3989
4005
3983
4006
4020
4003
3999
4004
4038
3981
4000
3985
4013
4027
4037
3980
4030
4031
4023
3982
3998
4021
4014
3997
3994
4009
3995
3986
4026
4019
4017
3988
4002
11
3709
550
3856
2842
638
2079
911
18
3798
3071
3451
3031
624
447
2269
3230
585
613
918
114
74
668
210
3748
1560
37
3729
607
43
3570
2596
2457
3453
3820
1466
2569
674
3853
1834
642
282
581
244
286
256
145
255
233
241
401
377
47
1224
179
205
1854
443
468
2691
2792
3037
3875
2788
1270
3808
3807
1394
154
1690
2541
1430
70
35
3688
1262
2740
3282
1176
3704
183
1755
1233
1065
1558
2814
279
234
1046
379
138
216
267
305
1326
2857
3125
3922
1586
1967
1276
1208
3942
3589
3134
3006
3408
1627
1027
81
49
97
157
301
383
1693
904
1760
71
2168
1071
1253
1002
3691
155
1105
3733
112
2808
3816
899
293
247
76
1194
3375
499
228
3575
240
3582
3928
3811
294
2178
2998
1252
3699
2481
2798
660
3689
2975
2714
192
3597
3955
571
2722
3467
1353
2442
448
207
1362
191
2106
656
3954
174
124
453
384
307
868
120
327
3147
3781
2204
572
1996
2817
3946
467
2838
3565
1890
270
262
166
3537
1383
3897
1762
3074
202
3939
220
3003
190
3673
3978
3952
289
3686
945
3953
3127
2441
406
3965
2855
2437
996
3882
3588
1031
3910
652
1474
1969
1713
3865
1651
288
3494
125
530
1022
3765
1200
464
3887
1856
3271
673
2971
2963
1510
3742
3143
1797
3637
3544
3849
245
3444
472
1711
219
1442
3694
283
3787
95
3489
3676
2015
1657
6
1157
147
3290
2422
2505
1455
910
929
1057
2230
498
2219
3925
3678
349
3606
1607
3844
2167
2634
3059
1264
152
46
485
2431
2980
2692
1579
1295
1777
3839
3310
34
593
1417
562
3227
3429
3305
27
1476
1038
649
3665
1240
1346
1147
235
2736
610
1354
3890
1133
3477
371
77
2824
2721
1254
1838
3091
3749
3661
269
2671
3513
3963
3751
3727
1664
476
