107
845
4026
1071
306
3916
356
1157
68
3131
3691
3074
3354
873
674
1057
454
692
4008
91
2792
228
4029
3985
476
147
2776
222
2456
3678
3977
3712
3547
3875
3798
3777
3747
3530
3489
273
2457
209
2857
884
4025
3994
305
4028
335
3965
255
1295
154
937
679
2441
4012
206
2885
1711
155
642
3392
3849
1200
2722
1034
3544
250
3746
1105
4032
1510
822
1023
42
3700
3030
207
3552
90
2375
3407
267
1002
893
3887
240
3516
3269
655
3992
4001
2954
1560
110
3993
883
3949
3878
3984
15
3799
872
3763
2805
3588
3141
2817
97
859
3978
3059
1233
472
3408
3370
46
66
3671
3749
3641
3925
164
2634
3894
2483
918
3890
81
3575
3935
2886
2963
3573
3598
3699
3854
3197
262
1417
1065
3698
1657
3954
3744
215
3844
3230
3452
295
3336
1627
1755
3811
3928
3913
3893
1038
3748
1194
383
2481
2725
3688
2903
790
2269
3565
337
2811
3720
2876
533
2281
3310
175
121
163
550
3582
3451
4011
749
210
1401
2517
4034
3268
3317
225
3420
2998
4015
3742
594
3808
2922
3983
3997
2693
4038
3338
20
4024
120
608
3161
31
84
3112
358
1937
192
214
2714
1697
3453
3987
2008
221
863
996
699
888
1254
1089
1834
2971
871
762
755
751
700
880
2814
779
854
179
831
746
1805
2822
858
894
1301
10
757
351
216
1140
1248
243
2527
841
406
201
1481
2834
1445
38
1949
2524
2632
150
3704
1492
2066
485
2252
1544
3806
1586
2442
1874
1262
174
3682
1658
2230
923
1546
3597
534
399
93
624
162
3270
377
895
2569
352
2826
2505
1383
3686
166
282
798
796
202
3183
407
2980
743
3853
1777
1974
1701
1759
2798
1489
138
498
2015
2100
1372
519
114
661
615
379
205
165
462
3044
1762
2195
1111
1251
648
234
1936
899
1386
1526
338
3673
183
288
151
35
139
468
2942
385
1934
386
613
2106
131
1442
2388
3814
1905
1434
964
1838
1087
876
782
804
878
237
226
177
2301
2094
2245
832
2688
3126
156
3717
3733
1776
2595
3963
3961
3923
278
3122
3638
3932
3716
3647
3616
3564
3745
3898
3639
3481
3695
3581
3883
3613
3919
3502
839
714
816
850
3846
1268
1814
581
116
23
1270
171
2422
1785
3996
4009
195
275
3665
3676
3566
3723
3696
3529
3871
3567
3739
3868
3912
3541
3725
3819
3595
3445
3657
3473
3917
3628
3892
3874
3857
3743
3538
2541
2382
2041
3105
3216
319
89
219
6
564
501
4014
3995
4000
3988
3037
8
264
245
4027
4018
4006
4004
3990
3980
3986
4021
441
198
1664
885
887
877
867
776
874
3053
2861
3218
3200
3147
3560
3372
3181
2930
3180
3251
2732
2902
411
3626
3975
3583
3519
3476
3950
3823
3770
3600
3587
3832
3668
3774
3610
3438
3914
3911
3882
3956
3726
3834
3601
3903
3630
3825
3724
3822
3715
3773
3979
3847
3899
3661
3470
3482
3855
3648
3736
3466
3511
3675
3860
3888
3522
3523
3634
3972
3915
3876
3826
3784
3623
3620
3904
3649
3479
3792
3646
3458
3931
3738
3555
3568
3499
3843
3718
3766
3500
3964
3960
3655
3761
3554
3443
3764
3474
3469
3900
3945
3483
3602
3807
3653
3685
3644
3455
3817
3556
3528
3907
3778
3769
3794
3591
3815
3498
3869
3976
3833
3802
3492
3496
3760
3872
3439
3514
3824
3542
3889
3721
3477
3480
3609
3805
3836
3551
3504
3484
3737
3512
3557
3850
3710
3472
3727
3446
3969
3896
3643
3558
3967
3635
3485
3845
3518
3713
3543
3509
3941
3772
3645
3611
3926
3841
3934
3884
3831
3697
3687
3461
3948
3677
3750
3821
3622
3561
3909
3870
3506
3579
3465
3731
3592
3488
3462
3683
3540
3510
3460
3835
3694
3615
3442
3906
3584
3535
3859
3971
3970
3966
3755
3669
3651
3467
3457
3951
3947
3782
3593
3793
3767
3680
3809
3776
3617
3464
3895
3454
3937
3786
3768
3719
3690
3829
3789
3663
3608
3851
3693
3533
3605
3921
3862
3740
3629
3590
3957
3759
3627
3497
3722
3714
3636
3572
3569
3494
3486
3842
3780
3656
3491
3521
3796
3667
3550
3517
862
3790
3672
3838
3702
3658
3586
3578
3450
3449
3549
3756
3741
3692
3674
3642
3618
3456
3858
3800
3785
3440
3828
3757
3701
3515
3968
3962
3873
3852
3525
3902
3877
3804
3753
3599
3508
3505
3664
3612
3468
3771
3546
3487
3952
3711
3791
3930
3545
3526
3475
3706
3797
3779
3640
3604
3527
3501
3495
3958
3955
3944
3943
3938
3936
3927
3924
3920
3918
3891
3886
3881
3867
3866
3865
3861
3856
3840
3830
3812
3810
3803
3783
3775
3762
3758
3752
3751
3735
3734
3730
3728
3708
3707
3705
3703
3684
3666
3662
3633
3631
3607
3603
3596
3589
3585
3580
3577
3576
3574
3571
3563
3559
3553
3537
3536
3534
3532
3531
3513
3493
3478
3471
3463
3459
3448
3441
3437
3942
4
328
152
181
78
218
1253
1202
3982
4019
4030
4017
4007
4031
4023
4016
4005
3998
3999
3981
4033
4020
4003
4013
3991
4036
4035
4022
3989
4037
4002
4010
738
791
788
753
722
813
786
725
702
806
886
882
825
861
712
809
803
711
818
789
889
879
847
756
851
736
869
769
716
750
742
817
793
787
758
709
703
701
792
814
794
720
853
833
740
844
732
765
735
697
698
727
713
708
821
777
785
827
849
795
770
810
715
835
834
724
730
826
726
734
761
807
797
748
718
800
695
783
759
754
747
848
842
830
824
781
774
773
760
752
808
778
739
729
723
704
696
693
690
689
856
819
719
688
846
823
820
805
784
741
731
