107
1912
1684
2229
2073
2142
1516
3437
2045
2564
2560
1126
2347
2180
1966
1390
2233
2081
2240
1799
1191
1827
1945
2384
348
1707
2601
2602
0
2327
2140
3434
1622
2047
1370
2537
2030
2410
2139
1620
1940
2495
3038
2780
1078
2354
376
1431
2250
1972
2125
2782
1669
3280
1563
2337
1345
1637
2068
2755
373
1277
1716
1621
2431
3321
2901
957
2749
1426
2626
2956
2340
1571
2164
2598
1768
2200
527
1115
3966
1837
1584
388
3252
2910
2054
1358
3049
39
1363
835
1659
1656
1225
3051
2839
1915
1719
2853
1119
1539
1180
2424
1783
1488
513
2038
1985
3460
2507
754
67
2350
3089
1250
1032
2533
3119
848
124
1577
7
2334
2091
3553
3909
2822
2318
815
2083
2092
1048
420
1373
2786
1717
75
2823
66
680
3047
2062
2376
2039
2174
3466
2580
1388
2149
3974
3868
1902
880
3145
2161
3615
3033
1401
1721
1054
207
2619
2655
2328
591
1086
3813
1786
3924
403
1114
3714
1929
3852
3895
36
1555
1998
526
3989
730
397
2012
2781
313
3247
3302
70
649
2905
1654
3433
1461
951
3860
3197
2249
2578
3142
2764
3214
2159
484
1377
771
428
504
3350
2757
2676
3478
1991
787
1866
3318
2546
2938
1879
3853
369
1245
2567
3297
930
3531
695
3758
1540
2061
3267
239
1418
2630
138
656
3697
2892
2487
3551
102
3240
2680
3571
1229
2926
1213
3506
2916
1787
287
416
2810
1705
901
1322
3212
1395
1616
1156
2467
3967
2476
2829
947
2844
394
2793
3366
3278
1504
1806
2906
3603
995
1414
2645
2690
517
1112
3075
1195
185
2022
2168
1845
2663
3232
2264
803
1256
1083
3198
3527
1926
2127
3984
3352
618
14
2597
241
3965
1412
3256
3941
3676
2837
223
713
691
2759
3968
631
3026
256
1113
570
1015
2633
2868
1944
3625
467
1623
271
997
1822
3807
1473
1138
1064
1664
264
2425
9
224
142
2360
900
2637
46
1199
2102
1688
608
1509
3154
99
2329
1309
1286
3117
1638
2694
3185
2943
3276
2056
697
3922
924
781
1801
3355
2223
425
2146
3423
1760
1849
2074
499
2459
548
2701
1630
793
1053
1249
2824
2383
3563
727
4025
3783
1077
3548
1320
1515
2622
1093
1020
989
45
2207
1179
412
1347
3796
1529
1108
1006
3740
547
1643
2751
1927
3586
722
3187
2770
3333
3455
2529
888
2071
1641
3273
150
2616
2582
2957
175
3131
1646
3227
3673
2274
1090
1379
3087
1733
1635
511
1381
109
3713
3495
560
1349
3069
3992
1384
2280
1997
2471
2925
2763
3672
3216
278
2361
334
2270
3838
1305
322
1613
525
2393
2944
3339
2803
3374
3540
789
2557
2874
3739
1550
2155
804
1647
1695
2186
891
2211
640
3782
2538
3401
2531
3405
3383
3585
1525
1536
230
884
1857
1002
1236
1056
368
3065
1009
3421
1468
3351
2437
667
3439
3810
2845
2041
3845
3062
2301
1742
561
78
1017
1526
3716
3980
476
1165
1533
1470
418
1296
3123
380
2570
580
2980
95
1116
94
311
2308
204
1151
494
841
3566
1262
3508
4013
3919
2983
620
2513
2096
127
767
1301
851
2858
632
3818
3938
3816
2599
2792
644
366
993
1304
1158
214
1565
1766
2835
3138
988
2418
1402
1
2397
2890
2026
201
3881
332
1016
726
2865
1430
1937
2241
3650
3862
2627
3801
675
355
2984
488
1728
3444
2267
3791
886
1572
2604
2504
2058
1481
2103
3082
827
2712
3340
1166
2321
2456
2304
2049
1521
1307
259
705
1524
2514
3316
3595
3436
522
3830
3994
1233
2138
3241
3262
2144
129
2898
3294
2106
3916
2441
192
1409
190
126
3683
3059
3857
2743
3657
2494
626
320
2762
2006
3043
538
1212
2242
1732
1615
42
2897
2717
1723
916
3356
2502
3192
2213
2217
837
657
4022
684
3675
3741
3041
3822
602
1021
1289
3913
716
1996
2742
1674
3918
2784
721
3484
2307
13
1517
262
928
74
2714
3997
33
3481
2508
146
2372
2635
3127
2710
1826
3390
3166
3698
11
1263
3593
1034
2110
1177
1247
3381
407
3310
2987
2296
3755
2182
1552
1527
1257
3928
375
135
1995
1535
3617
2979
2863
3345
1460
3037
1161
1428
2363
875
2720
2651
3498
2589
2175
2594
1399
288
367
545
813
417
3266
3596
3797
3576
1508
665
738
212
2899
1139
302
2807
1731
427
958
1603
688
1595
2245
1668
289
3839
974
3767
1120
1727
1738
3885
576
650
274
2396
2566
879
3141
828
3764
2738
512
1149
1753
2151
3824
339
4
2114
2536
622
2931
3547
2398
777
642
3244
1232
1475
3457
392
1544
2644
295
3639
260
3312
3368
2998
746
422
3079
1824
1130
3887
1200
1482
3668
944
1169
1050
167
2185
614
887
1636
1495
316
1909
2173
3180
3905
1176
3044
159
2303
3151
2787
2832
3277
1217
3737
252
2565
2443
359
2575
839
133
3346
3337
2758
3018
4000
445
1323
2942
2238
945
1234
1531
3559
3153
1718
44
1274
3701
1144
402
873
3068
584
17
213
3533
3753
374
3821
3172
60
18
1337
3259
3834
1355
1832
3976
1375
134
163
1164
2214
1062
825
3109
2831
3225
3427
1978
2885
3464
294
3869
801
457
528
1336
3083
2744
3163
2023
3875
552
3520
1137
1560
3058
1546
1710
1223
3833
2684
439
3461
2457
663
156
687
2293
2993
1741
1618
3545
2681
2406
2202
3080
3490
3640
3804
2834
960
2243
2101
1047
1095
2685
2973
3072
792
2365
456
2571
3084
702
1453
1807
3914
3584
3521
2884
3190
2259
3203
1505
990
1405
2699
2716
812
2506
2940
3399
971
651
1976
3538
1856
280
3236
2920
2488
2826
3020
724
3223
2652
2466
111
2740
2907
96
1983
878
2172
2048
882
889
3500
3587
1424
3955
3579
2723
335
3090
196
1839
615
3843
2399
283
3208
3111
865
2729
1625
2291
1903
4033
58
182
3487
3493
3768
599
2079
2409
558
3923
270
2947
1269
544
2455
3878
3104
3100
1861
4018
2747
1652
3562
34
612
1489
3619
1848
1192
844
3335
3272
903
1036
2850
2718
2610
578
2145
3854
2160
1743
1136
205
2226
1201
2305
2230
505
3859
2960
1490
1896
3904
122
1311
3874
1720
2913
3243
120
3622
328
1932
2519
3516
3990
149
76
2593
3242
3715
3850
2452
458
3372
251
1333
73
2816
1413
3602
2902
2479
959
3856
1890
2401
759
3271
40
147
286
1157
3249
382
1398
172
2167
3359
349
1496
8
1411
2192
1574
2991
641
3942
4034
3323
3063
752
611
2500
847
1328
3502
2889
4011
3543
4002
2634
3237
2388
2089
3931
1294
3442
272
3382
3215
575
4030
1038
2477
783
1123
249
2851
2731
3837
2386
198
3389
2402
3348
1745
261
1606
1260
1204
2887
1106
3007
1678
3415
3846
1364
405
3030
3048
1619
2640
1888
1570
1554
3746
3504
2366
2255
2665
3199
1626
3269
2950
765
3261
444
3728
3757
3139
3762
3307
2728
748
2130
3930
1818
2227
3246
1900
1869
1513
692
3171
2745
1279
2343
3264
964
1877
2911
3601
831
703
83
3147
323
635
3803
2997
3513
173
1624
298
3731
3633
176
3092
446
2379
284
1858
1846
2691
2662
2016
3336
3045
4035
2806
3298
914
1464
1794
3935
2254
1465
3695
2711
2842
2741
2986
3848
2065
51
3413
797
15
3707
3636
1498
2515
3386
3572
1097
1934
2448
501
3343
895
112
1325
3763
915
436
291
627
1178
3329
3819
88
1024
1518
1605
