0
689
3980
2842
4024
47
3856
860
4022
2079
335
4034
4032
4016
4005
2808
3650
12
894
1176
1194
2740
2457
3429
1326
235
3978
613
215
3811
3125
3746
744
2483
70
2817
117
3230
585
895
131
3717
273
4008
4001
3990
4003
2855
1154
3439
3071
911
3552
2971
3854
2382
3955
3444
2767
244
1071
11
602
205
3565
590
1967
607
3772
3798
167
157
209
333
206
3808
35
411
2269
859
571
233
660
49
327
3661
3820
2595
608
2442
2678
3143
3795
147
120
3954
3709
750
60
112
1134
2596
3853
1755
3885
27
3771
2926
656
996
3408
3483
3582
3504
1713
1262
356
401
3691
15
3467
1693
2899
832
2792
1510
648
2714
2505
2493
1022
910
593
581
43
2541
3282
3961
850
3183
1096
785
875
3266
3946
775
3560
95
6
2527
241
3544
282
3904
3699
4025
4007
195
78
306
275
152
328
4
218
181
3846
3949
871
881
879
3121
4006
4027
301
4011
594
4028
3985
4031
3996
4013
4012
4004
3991
3989
3987
3992
3986
3983
4019
4002
3999
3994
4020
4000
3993
4018
4038
4037
3995
4026
4017
3998
4030
3981
4023
4014
3988
4021
4009
3982
3997
4029
4033
4010
4036
3984
667
4015
4035
802
788
771
870
791
782
833
806
767
725
789
846
858
887
885
867
776
873
826
839
796
732
707
712
710
822
813
704
880
753
855
852
798
790
786
746
743
717
714
702
691
758
837
821
795
736
711
799
768
762
733
812
727
734
715
709
720
892
877
874
872
869
868
866
878
893
825
811
695
740
777
748
814
772
708
803
809
735
836
730
827
810
794
760
731
723
700
835
716
838
737
844
842
818
816
742
722
706
701
690
847
829
808
784
778
770
755
754
738
726
693
843
820
787
781
779
718
890
848
834
819
766
765
721
696
694
686
853
849
845
824
823
815
780
752
751
724
719
828
817
805
774
764
759
739
889
861
698
886
882
876
729
856
840
831
830
807
800
797
793
792
783
773
769
763
745
741
728
713
705
703
697
688
687
888
863
747
804
757
884
864
756
854
841
761
851
749
891
865
699
692
857
801
883
3806
3905
3585
3447
3939
3679
3844
255
2204
294
3894
3863
3580
3546
3531
3638
264
193
99
89
93
8
145
51
155
296
143
32
1253
454
2375
129
190
2634
2437
77
229
3532
3908
3823
3739
3874
3678
3695
3624
3607
3541
3857
3815
3662
3490
3446
3647
3641
3561
3791
3747
3879
3848
3749
3653
3792
3602
3600
3486
3777
3914
3859
3055
305
262
243
111
230
184
135
330
259
57
263
86
343
219
310
281
139
226
149
2
192
140
201
110
179
237
23
286
177
278
337
44
28
187
101
319
289
227
174
214
137
326
144
611
647
595
577
576
627
600
675
658
650
635
583
582
584
379
441
564
351
166
2548
300
134
31
85
156
320
298
159
260
207
323
96
194
92
258
284
197
108
168
84
221
344
274
22
345
257
38
148
212
45
123
2193
2167
1922
2513
2421
3173
40
318
341
288
334
299
30
165
295
161
133
297
270
231
105
94
73
72
3
109
65
53
3644
3941
3715
3615
3592
3871
3868
3567
3445
3594
3619
3895
3864
3803
3724
3959
3548
3668
3554
3464
3583
3755
3789
3473
3743
3725
3538
3784
3758
3569
3976
3969
3870
3539
3649
3671
3706
3909
3822
3509
3745
3648
3623
3834
3474
3752
3726
3769
3616
3663
3740
3967
3783
3587
3816
3608
3505
3708
3892
3819
3595
3719
3718
3562
3523
3481
3720
3903
3862
3840
3778
3698
3498
3568
3825
3673
3529
3468
3835
3636
3634
3591
3458
3443
3973
3896
3818
3763
3711
3646
3620
3558
3493
3479
3476
3837
3757
3622
3534
3459
3922
3727
3549
3524
3499
3919
3958
3829
3566
3511
3952
3932
3799
3927
3723
3933
3920
3766
3450
3690
3676
3530
3901
3472
3964
3960
3809
3776
3655
3940
3773
3553
3972
3956
3915
3761
3510
3466
3975
3918
3836
3701
3519
3951
3869
3861
3794
3793
3714
3555
3506
3881
3786
3782
3768
3630
3979
3888
3575
3753
3543
3730
3934
3659
3471
3105
3354
3030
3175
3428
2961
3270
3229
2922
3063
3127
3074
3283
3309
3044
2952
2710
2917
2884
2769
2746
347
346
338
321
317
314
312
311
307
293
279
271
268
266
254
253
251
249
246
245
242
224
223
220
216
204
202
191
182
180
178
175
170
162
158
154
153
151
130
127
124
121
116
115
97
91
90
88
83
81
68
64
62
54
52
46
41
36
24
20
19
17
16
14
5
621
661
603
636
670
662
659
643
615
625
681
665
632
685
679
639
616
574
619
588
680
664
626
575
3376
2816
3368
929
3418
1202
530
605
666
589
486
554
572
499
467
532
501
364
198
562
2238
2262
2487
2439
2041
2503
329
302
211
87
80
304
7
188
164
9
332
291
239
125
106
10
272
248
232
339
200
172
324
322
313
290
236
213
196
118
75
69
55
21
331
303
277
276
265
252
238
222
186
185
142
141
132
128
113
104
82
66
63
59
2080
1996
2632
2444
2231
2490
1992
2314
2217
2422
2316
1933
1937
2450
2402
2130
2650
2426
2207
2580
2129
1961
2227
2170
2535
2403
2587
2015
2405
2152
1949
1915
2614
2100
2168
2120
2570
2488
2097
