0
833
4009
884
2106
3565
3121
585
443
4011
241
3704
3451
3074
1208
648
358
859
4036
464
4010
1252
550
3744
3037
3955
3597
393
3091
3806
52
3700
3268
3560
164
2195
3820
2569
3125
2691
1103
872
49
4007
90
4033
4029
4018
996
3984
4013
4019
3244
3811
1119
655
2980
1046
11
153
3942
3716
2740
3665
411
110
1854
206
287
3678
2431
4012
3467
3441
1657
2442
3732
3987
3310
2885
321
3053
1776
205
2814
328
892
1262
4001
1202
4035
1394
4032
3846
2651
4024
1386
1693
3444
1065
3974
3952
2217
790
668
841
744
699
692
866
347
3857
757
1096
3946
3699
657
572
3408
2051
448
2842
2382
3230
3499
3398
228
68
1937
586
33
860
216
2736
3217
3805
43
3570
3887
3944
3059
985
1050
3853
3905
157
176
3787
286
3751
1579
15
71
2316
1353
3650
877
2855
351
530
2301
112
3775
891
1442
3112
1560
3410
120
602
2634
84
2704
593
1546
147
282
608
37
2692
289
267
3875
401
3954
2922
279
3808
950
610
2788
1711
385
899
1510
316
377
3885
624
12
3865
106
220
3742
454
124
42
3843
467
437
3823
22
870
881
3638
3849
1240
987
1268
1071
1808
3216
245
259
264
356
3676
3799
3513
1586
3990
3813
3864
2792
1030
887
874
867
776
873
885
2817
3055
2774
3147
3989
3637
3477
2437
2421
2168
893
864
3991
3983
4025
3986
4027
4017
4016
4015
3985
3981
4020
4026
4034
3997
3994
4031
3980
4004
4000
3982
4021
4002
4023
3993
3988
4038
4037
4030
3998
3995
4014
3992
4003
4028
3996
3999
4008
594
4005
4022
4006
667
691
789
832
816
895
871
768
791
746
886
889
882
806
767
702
748
799
721
813
836
831
755
839
704
763
821
880
808
798
794
775
759
758
756
730
720
707
851
700
894
876
778
735
809
761
814
826
822
796
786
742
843
764
733
777
687
854
723
787
722
878
869
863
729
802
725
714
820
783
750
740
716
760
701
713
807
797
793
849
835
709
693
738
726
718
827
734
690
844
838
812
781
708
705
732
752
850
779
728
848
837
804
765
753
741
845
817
762
737
724
715
711
803
694
686
828
815
784
773
731
890
888
879
875
865
861
858
825
819
811
800
774
772
769
703
842
840
834
830
829
823
795
780
727
719
856
771
770
766
754
751
739
697
695
853
847
824
818
810
792
747
745
710
706
698
696
688
805
717
689
855
852
846
801
782
712
736
788
785
743
868
883
749
857
3003
269
3489
3701
3547
3494
3539
3781
3724
3439
3777
2373
2998
3828
3317
2963
3368
3045
2798
2834
3030
2809
3229
2700
3131
3423
2959
3382
3309
3283
2766
3436
3322
3126
3367
3418
2747
58
3326
2771
2898
3156
3590
3562
3763
3663
3818
3620
3652
3647
3519
3957
3653
3773
3465
3899
3837
3774
3603
3747
3606
3671
3585
3770
3483
3958
3792
3866
3768
3977
3816
3786
3583
3690
3836
3904
3916
3470
3627
3450
3568
3582
3639
3481
3581
3766
3632
3587
3669
3511
3616
3522
3827
3735
3936
3602
3754
3610
3507
3738
3829
3474
3937
3601
3913
3681
3642
2100
3128
2997
2826
2957
2444
2656
1949
1933
2358
2251
2146
2523
2193
2080
2262
2070
2493
3088
3157
2791
3175
2722
3094
2772
3934
3707
3888
3824
3462
3929
3817
3649
3574
3479
3640
3884
3578
3760
3211
3161
2895
3010
2835
2673
2725
3067
3133
2929
3300
2745
3192
2804
3254
3210
3425
3323
3394
3080
2727
3402
2982
3333
3170
2762
2717
3213
3400
3257
3047
3269
2852
3190
2954
2790
2990
3069
2811
2662
3392
2861
2808
3034
3228
3124
3339
3042
2726
3163
3036
2769
2882
3388
3315
2985
3352
3058
2801
3166
2987
2731
3270
3028
2983
3431
2851
2789
3092
3303
3336
3085
3153
2706
3236
3427
3376
3364
2864
2759
3284
2897
3180
3389
3325
2767
3231
2807
3044
3008
3348
3095
3054
2891
2827
3123
3029
3242
2856
3399
3243
3004
2960
2940
2757
3174
3014
2986
2887
2874
2735
3424
3414
3193
3184
2925
2872
2815
2761
2754
2676
2721
3362
3220
3056
2763
3000
2948
2912
2854
2805
2800
2741
3354
3039
3135
3073
2966
2743
3271
3384
3293
3238
3104
3025
2977
2945
2931
2928
2773
2681
3177
2913
2878
3202
3119
3108
3098
3033
2916
2910
2908
2890
2880
2755
2689
2666
3149
3078
2943
2920
2919
2911
2905
2786
2664
2818
2930
2783
3129
2896
2669
3314
3311
2972
2699
2670
3417
3387
3324
3142
3064
3022
2988
2974
2956
2782
2729
3292
3001
2682
3365
3349
3435
3363
3301
3237
3096
3084
2994
2993
2953
2927
2837
2738
2679
3189
3171
2962
3307
3305
3134
2832
3329
3313
3050
3137
3130
2899
2710
3281
2840
3204
3197
2836
2819
3421
3380
3093
3249
3075
3194
2770
2687
2831
3277
3308
3187
2918
2787
3155
3066
3063
2858
2686
3259
3017
2825
2768
3173
3385
3167
3043
2955
3151
2984
3276
3165
2976
3395
3327
3264
3255
3219
3214
3196
3138
3097
2871
2843
2812
2758
2737
3224
3110
2780
3295
3246
3107
2934
3979
3659
3831
3493
3458
3914
3696
3500
3771
3533
3891
3800
3542
3917
3473
3867
3715
3713
3623
3860
3527
3452
3509
3580
3490
3919
3613
3594
3782
3908
3822
3835
3710
3498
3482
3844
3976
3593
3506
3718
3591
3921
3845
3762
3737
3670
3503
3973
3764
3463
3807
3466
3920
3809
3478
3953
3975
3965
3918
3757
3579
3476
3720
3666
3608
3599
3455
3745
3802
3778
3675
3571
3803
3714
3858
3790
3557
3644
3812
3662
3882
3963
3863
3736
3960
3901
3776
3785
3541
3750
3558
3617
3524
3951
3924
3711
3584
3655
3769
3753
3740
3629
3648
3739
3978
3814
3546
3536
3447
3931
3532
3758
3895
3893
3618
3861
3852
3730
3635
3611
3528
3514
3464
3847
3796
3596
3838
3794
3869
3705
3486
3810
3767
3531
3446
3661
3859
3605
3892
3874
3595
3567
3468
3761
3752
3668
3510
3898
3695
3516
3832
3497
3488
3933
3840
3791
3698
3615
3607
3530
3487
3911
3821
3719
3693
3940
3471
3930
3702
3526
3485
3553
3521
3505
3442
3972
3956
3945
3927
3915
3825
3726
3634
3630
3561
3554
3460
3443
3534
3819
3725
3703
3545
568
2632
2621
2263
2167
2094
2515
2170
2158
2041
2008
2091
2450
2375
2034
2105
2321
2535
2644
2513
2320
2076
2238
2388
1915
2548
2424
2179
2554
2197
2156
2466
2349
1988
2570
2353
2136
622
2044
1960
2568
2013
2004
2627
2626
2050
2620
2999
3369
2688
3083
2935
2933
2865
2813
3340
2964
2350
2650
2452
2352
2628
1982
1963
2579
2503
2181
2348
2154
2577
2562
2488
2357
2130
2441
2402
2380
2160
2129
1965
1934
1930
2411
2566
1977
2286
2173
1978
2618
2514
2361
2335
1974
2534
2403
1975
2482
2374
2188
2118
2430
2103
2046
2306
2258
2590
2586
2408
2210
1971
2622
2575
2520
2495
2484
2363
2095
1993
2631
2559
2464
2433
2428
2164
2093
2561
2521
2426
2311
2257
2212
2033
2339
2123
2122
2124
2654
2630
2619
2602
2591
2578
2574
2404
2299
2287
2276
2140
2109
2077
2056
2020
1986
1918
1924
2386
2303
2037
2607
2478
2288
2551
2546
2467
2407
2200
2172
2090
2073
1929
2391
2300
2147
2611
2552
2145
2655
2507
2446
2359
2340
2308
2307
2275
2271
2261
2190
2184
2074
2058
1984
2625
2601
2564
2556
2553
2539
2506
2504
2492
2469
2460
2410
2409
2381
2326
2244
2240
2237
2206
2201
2131
2115
2108
2088
2083
2060
2045
2021
2005
1997
1966
1962
1946
1938
2429
2369
2150
2612
2453
2449
2443
2536
2540
2400
2312
2177
2448
2406
2260
2166
2342
2230
2209
2126
2641
2425
2525
2390
2296
2085
2082
3357
3272
3267
3169
3298
3111
2716
3344
3265
2950
2876
2793
3240
3152
3007
3345
3306
3299
3260
2881
2846
3360
3038
3027
3296
3102
3391
3252
3146
3089
2765
3419
3335
3316
3198
3070
2991
2904
2901
2869
3353
3048
3140
3013
2951
3434
3049
2863
2661
3172
2992
2894
2828
3378
2708
3381
3347
3201
3148
3082
3005
2939
2853
2674
3332
3320
3274
3261
3185
3145
2875
2684
3288
3160
3060
2937
2701
3386
3379
3356
3051
3024
2900
2779
2775
2707
3164
955
3684
3563
3552
3741
3731
3559
3962
3672
3501
3712
3692
3517
3449
3448
3938
3576
3968
3950
3872
3496
3966
3841
3780
3656
3970
3889
3873
3842
3721
3683
3674
3512
3851
3830
3734
3633
3495
3438
862
1295
3103
2739
2713
3223
3207
3208
2848
2795
2968
2760
3371
3359
