0
114
287
801
699
692
3230
2842
883
1430
335
286
279
37
2195
3853
638
624
2269
749
806
791
789
704
836
855
854
841
839
822
821
808
802
796
795
790
788
786
785
775
771
767
758
757
750
744
743
742
740
735
732
725
717
715
714
712
710
707
702
700
691
689
3408
3427
3376
2926
3197
3429
3269
2922
3218
2884
2852
3153
3399
3180
2821
2715
3352
3095
2769
2663
3015
2834
3430
3303
3037
3390
3436
3423
3325
2699
3364
3047
2913
2851
3249
3339
3184
3029
2969
2940
2931
2912
2910
2897
2800
2786
2669
2713
2893
3276
846
826
812
737
723
884
779
711
863
729
832
763
761
852
887
873
867
837
783
770
716
799
784
768
762
756
733
728
720
853
851
850
847
833
829
816
813
794
782
778
773
752
751
746
738
736
734
722
706
701
690
869
814
811
797
774
760
755
845
843
838
835
831
817
809
807
793
792
787
764
759
741
739
730
718
687
856
849
848
844
842
834
827
824
820
818
815
805
781
780
777
772
769
766
765
754
753
748
745
731
727
726
724
721
709
705
696
695
694
693
688
686
3992
3999
4037
3988
3994
2878
3117
3374
2904
3275
3192
2783
2762
2712
2819
3169
2701
3371
3307
3106
3009
2742
3347
3174
3036
2839
2705
3255
3144
2803
2690
3113
2900
2860
2820
3267
3204
3170
3049
2936
2881
2853
2849
2833
2753
2674
3191
2739
2682
3335
3405
3266
3256
3431
3190
3046
2898
3282
3219
3187
3087
2675
3072
2730
3435
3434
3433
3428
3426
3425
3424
3422
3421
3419
3418
3417
3416
3415
3414
3413
3411
3407
3403
3402
3401
3400
3398
3397
3396
3395
3394
3393
3392
3391
3389
3388
3387
3384
3383
3382
3381
3380
3379
3378
3377
3375
3373
3372
3370
3369
3368
3367
3365
3363
3362
3360
3359
3358
3357
3356
3354
3353
3351
3350
3349
3348
3346
3345
3344
3343
3342
3341
3340
3338
3337
3336
3334
3333
3332
3330
3329
3328
3327
3326
3324
3323
3322
3321
3320
3318
3317
3316
3315
3314
3313
3312
3311
3310
3309
3308
3306
3305
3302
3301
3300
3299
3298
3297
3296
3294
3293
3292
3291
3288
3287
3286
3285
3284
3283
3281
3280
3279
3277
3274
3273
3272
3271
3270
3268
3264
3262
3261
3260
3259
3257
3254
3253
3252
3251
3250
3247
3246
3244
3243
3242
3241
3240
3239
3238
3237
3236
3235
3234
3232
3231
3229
3228
3227
3226
3225
3224
3223
3221
3220
3217
3216
3215
3214
3213
3212
3211
3210
3209
3208
3207
3206
3203
3202
3200
3199
3198
3196
3195
3194
3193
3189
3188
3185
3183
3182
3181
3177
3176
3175
3172
3171
3167
3166
3163
3161
3160
3159
3158
3157
3156
3155
3154
3152
3151
3150
3149
3148
3147
3146
3145
3143
3142
3141
3140
3139
3138
3137
3135
3134
3133
3132
3131
3130
3129
3128
3127
3126
3125
3124
3123
3122
3121
3120
3119
3118
3116
3115
3114
3112
3110
3109
3108
3107
3105
3104
3103
3102
3099
3098
3096
3094
3093
3092
3091
3090
3089
3088
3086
3085
3084
3083
3082
3081
3080
3078
3077
3076
3075
3074
3073
3071
3070
3069
3068
3067
3066
3065
3064
3063
3061
3060
3059
3058
3056
3055
3054
3053
3052
3051
3050
3048
3045
3044
3043
3042
3041
3040
3039
3038
3035
3033
3032
3031
3030
3028
3027
3026
3025
3024
3023
3022
3021
3018
3017
3016
3014
3013
3012
3010
3008
3007
3006
3004
3002
3000
2999
2998
2997
2996
2995
2994
2993
2992
2991
2990
2989
2988
2987
2986
2985
2984
2983
2982
2981
2980
2978
2977
2974
2973
2972
2970
2967
2966
2965
2963
2961
2960
2959
2958
2957
2956
2955
2954
2953
2952
2951
2950
2949
2948
2947
2946
2945
2944
2943
2942
2939
2938
2937
2935
2934
2933
2932
2930
2929
2928
2927
2925
2924
2923
2921
2920
2919
2918
2917
2916
2915
2914
2911
2909
2908
2907
2906
2905
2903
2902
2901
2899
2896
2895
2894
2891
2890
2889
2888
2887
2886
2882
2880
2879
2877
2876
2875
2874
2873
2872
2871
2870
2868
2867
2866
2865
2864
2863
2862
2861
2859
2858
2857
2856
2855
2854
2850
2848
2847
2846
2845
2844
2843
2841
2840
2837
2836
2835
2832
2831
2830
2829
2828
2827
2825
2824
2823
2818
2817
2816
2815
2812
2811
2810
2809
2808
2807
2806
2805
2804
2802
2801
2799
2798
2797
2796
2795
2794
2793
2792
2791
2790
2789
2788
2787
2785
2784
2782
2781
2780
2779
2778
2777
2776
2774
2773
2772
2771
2770
2768
2767
2766
2765
2763
2761
2759
2758
2757
2756
2755
2754
2752
2751
2750
2749
2748
2747
2746
2745
2743
2741
2738
2737
2736
2735
2733
2732
2731
2729
2728
2727
2726
2723
2722
2721
2720
2719
2718
2717
2716
2714
2711
2710
2709
2708
2707
2706
2703
2702
2700
2698
2697
2696
2695
2694
2692
2691
2689
2688
2687
2686
2685
2684
2683
2681
2680
2679
2676
2673
2672
2671
2670
2668
2667
2666
2665
2664
2662
2661
3420
3410
3178
3034
2971
3432
2813
3409
3386
3205
3079
3062
2976
2734
327
153
63
160
256
70
90
2740
2704
131
311
157
283
2
174
164
255
73
1
177
221
135
337
41
302
53
267
237
239
105
40
39
17
20
313
238
223
332
295
258
176
79
56
89
273
170
25
3928
895
858
894
893
892
891
890
889
888
886
885
882
881
880
879
878
877
876
875
874
872
870
866
864
861
859
840
830
828
825
823
819
810
804
803
800
798
776
747
719
713
708
703
697
2595
2106
1969
2358
2051
2113
2167
2584
2568
2456
2034
2426
2303
2193
1942
2656
2265
2448
2197
2162
2152
2481
2050
1981
2057
2286
1990
1978
2411
2049
2374
2306
2379
2637
2226
2029
2365
2630
2625
2552
2546
2520
2045
2655
2646
2631
2602
2593
2499
2492
2477
2423
2409
2407
2324
2275
2212
2206
2123
2118
2083
2055
2037
1993
1946
1943
2518
2156
1922
2627
2585
2097
2022
1980
2052
2635
2583
2529
2027
2001
1955
1939
169
125
7
3173
3003
2885
2838
2814
3290
4038
4036
4035
4034
4033
4032
4030
4029
4028
4027
4026
4025
4024
4023
4022
4021
4020
4019
4018
4017
4016
4015
4014
4013
4012
4010
4009
4008
4007
4006
4005
4004
4003
4002
4001
4000
3998
3997
3996
3995
3993
3991
3990
3987
3986
3985
3984
3983
3982
3981
320
94
1546
1276
1065
2744
3258
3186
3111
3020
3165
3097
2964
2826
3355
3319
3201
2725
2677
2594
2498
2436
2294
2273
2176
2087
2062
2039
2010
3385
3265
3101
2979
2883
2764
2693
2555
2533
2508
2458
2399
2282
2264
2247
2187
2125
2117
3289
3179
3011
3412
3406
3404
3366
3331
3304
3295
3233
3168
3162
3100
3019
3001
2962
2892
2869
2775
2724
1865
929
1414
904
1498
1784
1501
937
1838
1858
1202
1851
1254
1133
3361
3278
3263
3248
3245
3222
3164
3136
3057
3005
2968
2941
2822
2760
2678
1684
1419
1484
1439
1561
1691
1499
901
941
974
1758
1505
992
1776
955
1795
1757
1279
1442
971
1058
922
1873
1454
1100
989
347
346
345
344
343
342
341
340
339
338
336
334
333
331
330
329
328
326
325
324
323
322
321
319
318
317
316
315
314
312
310
309
308
307
306
305
304
303
301
300
299
298
297
296
294
293
292
291
290
289
288
285
284
282
281
280
278
277
276
275
274
272
271
270
269
268
266
265
264
263
262
261
260
259
257
254
253
252
251
250
249
248
247
246
245
243
242
241
240
236
235
234
233
232
231
230
229
228
227
226
225
224
222
220
219
218
217
216
215
214
213
212
211
210
209
208
207
206
205
204
203
201
200
199
197
196
195
194
193
192
191
190
189
188
187
186
185
184
183
182
181
180
179
178
175
172
171
168
167
165
163
162
161
159
158
156
155
154
152
151
150
149
148
147
146
145
144
143
142
141
140
139
138
137
134
133
132
130
129
128
127
126
124
123
122
121
120
119
118
117
116
115
113
112
111
110
109
108
106
104
103
102
101
100
99
98
97
96
95
93
92
91
88
87
86
85
84
83
82
81
78
77
76
75
74
72
71
69
68
67
66
65
64
62
60
59
57
55
54
52
51
50
49
48
47
46
45
44
43
42
38
36
35
33
32
31
30
29
28
27
26
24
23
22
21
19
18
16
15
14
13
12
10
9
8
6
5
4
3
3461
3749
3457
3839
3882
3537
3676
3816
3844
3953
3447
3503
3768
3939
3828
3595
3622
3564
3471
3970
3656
3597
3627
3760
3507
3700
3783
3520
3908
3788
3446
3672
3640
3542
3485
3969
3870
3572
3475
3832
3639
3581
3776
3696
3587
3565
3836
3465
3598
3459
3878
3895
3777
3583
3924
3794
3714
3810
3792
3719
3873
3841
3800
3557
3449
3448
3438
3827
3966
3737
3497
3868
3628
3582
3466
3460
3907
3867
3778
3710
3705
3615
3470
3716
3647
3501
1410
1187
1088
3517
3626
871
868
865
698
1649
1538
2660
2659
2658
2657
2654
2653
2652
2651
2650
2649
2648
2647
2645
2644
2643
2642
2641
2640
2639
2638
2636
2634
2633
2632
2629
2628
2626
2624
2623
2622
2621
2620
2619
2618
2617
2616
2615
2614
2613
2612
2611
2610
2609
2608
2607
2606
2605
2604
2603
2601
2600
2599
2598
2597
2596
2592
2591
2590
2589
2588
2587
2586
2582
2581
2580
2579
2578
2577
2576
2575
2574
2573
2572
2571
2570
2569
2567
2566
2565
2564
2563
2562
2561
2560
2559
2558
2557
2556
2554
2553
2551
2550
2549
2548
2547
2545
2544
2543
2542
2541
2540
2539
2538
2537
2536
2535
2534
2532
2531
2530
2528
2527
2526
2525
2524
2523
2522
2521
2519
2517
2516
2515
2514
2513
2512
2511
2510
2509
2507
2506
2505
2504
2503
2502
2501
2500
2497
2496
2495
2494
2493
2491
2490
2489
2488
2487
2486
2485
2484
2483
2482
2480
2479
2478
2476
2475
2474
2473
2472
2471
2469
2468
2467
2466
2465
2464
2463
2462
2461
2460
2459
2457
2455
2454
2453
2452
2451
2450
2449
2447
2446
2445
2444
2443
2442
2441
2440
2439
2438
2437
2435
2434
2433
2432
2431
2430
2429
2428
2427
2425
2424
2422
2421
2420
2419
2418
2417
2416
2415
2414
2413
2412
2410
2408
2406
2405
2404
2403
2402
2401
2400
2398
2397
2396
2395
2394
2393
2392
2391
2390
2389
2388
2387
2386
2385
2384
2383
2382
2381
2380
2378
2377
2376
2375
2373
2372
2371
2370
2369
2368
2367
2366
2364
2363
2362
2361
2360
2359
2357
2356
2355
2354
2353
2352
2351
2350
2349
2348
2347
2346
2345
2344
2343
2342
2341
2340
2339
2338
2337
2336
2335
2334
2333
2332
2331
2330
2329
2328
2327
2326
2325
2323
2322
2321
2320
2319
2318
2317
2316
2315
2314
2313
2312
2311
2310
2309
2308
2307
2305
2304
2302
2301
2300
2299
2298
2297
2296
2295
2293
2292
2291
2290
2289
2288
2287
2285
2284
2283
2281
2280
2279
2278
2277
2276
2274
2272
2271
2270
2268
2267
2266
2263
2262
2261
2260
2259
2258
2257
2256
2255
2254
2253
2252
2251
2250
2249
2248
2246
2245
2244
2243
2242
2241
2240
2239
2238
2237
2236
2235
2234
2233
2232
2231
2230
2229
2228
2227
2225
2224
2223
2222
