0
4003
743
3991
4032
749
860
859
1854
1967
1627
2527
3407
668
52
1145
386
2860
3807
883
2971
3582
3006
2792
321
892
3748
2596
155
1301
2808
301
3820
3935
1022
287
2691
1466
1326
3125
911
1233
581
3974
2963
1346
2437
3694
1353
1461
1383
174
875
1560
2814
1208
335
3268
854
3709
1008
3875
4024
613
1430
2798
443
97
2470
294
282
2541
42
3282
145
3890
3959
2998
3789
205
3801
15
1176
182
1651
624
1194
945
1065
256
1693
255
220
244
1002
3816
2106
642
47
401
1027
757
4011
4031
4034
3988
3986
4038
4029
4030
4026
4017
3992
3994
3993
3989
4004
4027
4023
4018
4005
3982
4036
4022
4021
4019
4015
4014
4013
4012
4010
4009
4006
4001
4000
3999
3997
3995
3987
3985
3984
4020
3998
3980
4002
788
855
852
702
808
725
871
870
704
839
806
791
732
714
750
736
707
846
833
832
822
802
798
796
789
786
785
767
746
744
733
717
712
692
689
836
793
795
783
821
737
696
826
723
711
812
886
773
716
771
766
740
727
879
858
895
838
777
864
843
818
807
772
715
710
880
837
720
811
761
885
874
797
792
770
763
799
790
762
755
751
700
847
768
756
718
853
851
850
845
840
831
829
819
816
814
813
794
784
782
781
778
752
742
738
734
722
721
706
705
695
690
686
835
824
823
817
809
787
779
765
764
759
758
754
741
739
730
709
890
849
848
844
842
834
827
820
780
769
760
748
731
726
724
708
701
694
693
729
893
878
828
815
804
774
753
735
728
688
687
894
891
888
887
884
881
877
873
872
869
868
867
866
865
830
825
810
805
803
800
776
747
745
719
713
703
697
889
882
876
861
856
698
863
841
775
699
691
801
4016
3981
3990
4037
4033
4025
4007
3983
594
3996
4028
4035
4008
667
3899
3457
3606
3811
3652
3489
3704
3863
3447
3834
3671
3754
3679
3446
3977
3682
3775
3888
3688
3744
3717
3939
3806
3546
3805
3749
3548
3661
3619
3700
3712
3957
3910
3976
3612
3913
3848
3638
3973
3882
3776
3766
3655
3632
3503
3499
3565
3462
3831
3662
3949
3689
3740
3713
3969
3907
3465
3722
3590
3572
3519
3498
3527
3774
3560
3955
3895
3781
3507
3483
3665
3960
3696
3500
3720
3646
3558
3920
3587
3686
3937
3622
3534
3568
3479
3953
3772
3933
3478
3578
3835
3786
3768
3862
3893
3818
3825
3759
3476
3860
3658
3891
3452
3975
3965
3675
3594
3443
3687
3892
3874
3743
3739
3567
3887
3624
3549
3441
3524
3795
3467
3804
3681
3605
3488
3649
3936
3815
3769
3753
3735
3470
3858
3832
3640
3883
3639
3581
3555
3460
3821
3770
3763
3566
3794
3569
3506
3747
3553
3512
3911
3824
3707
3817
3492
3845
3905
3894
3585
3580
3531
3925
3924
3909
3906
3855
3803
3706
3591
3493
3901
3685
3598
3938
3667
3915
3761
3602
3464
3912
3595
3850
3840
3629
3852
3485
3972
3752
3668
3466
3945
3878
3777
3680
3645
3623
3601
3532
3559
3812
3782
3564
3529
3951
3900
3648
3790
3731
3730
3868
3904
3867
3865
3802
3728
3663
3644
3636
3615
3608
3526
3455
3616
3522
3847
3839
3841
3544
3514
3877
3545
3477
3916
3672
3552
3556
3438
3889
3873
3971
3943
3884
3760
3734
3577
3517
3484
3475
3449
3448
3978
3962
3948
3830
3796
3697
3684
3633
3625
3618
3596
3797
3609
3456
660
3600
3463
3642
3621
3586
3979
3970
3968
3967
3966
3964
3963
3961
3958
3956
3954
3952
3950
3947
3946
3944
3941
3940
3934
3932
3931
3930
3929
3928
3927
3926
3923
3922
3921
3919
3918
3917
3914
3908
3903
3902
3898
3897
3896
3886
3885
3881
3880
3879
3876
3871
3870
3869
3866
3864
3859
3857
3854
3851
3849
3844
3843
3842
3838
3837
3836
3833
3829
3828
3827
3826
3823
3822
3819
3813
3810
3809
3808
3800
3799
3793
3792
3791
3788
3787
3785
3784
3783
3780
3779
3778
3773
3771
3767
3765
3764
3762
3758
3757
3756
3755
3751
3750
3745
3742
3741
3738
3737
3736
3733
3732
3729
3727
3726
3725
3724
3721
3719
3718
3716
3715
3714
3711
3710
3708
3705
3703
3702
3701
3699
3698
3695
3693
3692
3691
3690
3683
3678
3676
3673
3670
3666
3664
3660
3659
3657
3656
3654
3653
3647
3643
3641
3637
3635
3634
3631
3630
3628
3627
3626
3620
3617
3614
3613
3611
3610
3607
3604
3603
3599
3593
3589
3588
3584
3583
3579
3576
3574
3573
3571
3570
3563
3562
3561
3557
3554
3551
3547
3543
3542
3541
3539
3538
3537
3536
3535
3533
3530
3528
3523
3521
3520
3518
3516
3515
3513
3511
3510
3509
3508
3505
3504
3502
3497
3496
3494
3491
3490
3487
3486
3482
3481
3480
3474
3473
3472
3471
3469
3468
3461
3459
3458
3451
3450
3445
3444
3442
3440
3439
857
499
657
562
384
286
240
1252
1442
3180
3143
3121
3066
3074
3055
3083
3045
2695
3159
3334
3202
2769
3432
3094
3382
2952
1057
3375
1586
1387
1071
1368
1240
3872
3677
3674
3651
3592
3550
3540
3525
3501
3495
862
937
985
996
1248
647
628
600
583
586
599
679
670
615
595
664
611
682
655
616
584
636
612
609
588
675
643
640
632
582
659
578
654
589
621
684
623
619
617
540
1121
587
3861
3723
3454
3437
568
1762
1200
630
385
639
491
666
372
572
361
381
522
551
468
437
396
505
529
392
533
458
509
422
548
383
683
565
498
433
357
535
543
495
530
472
411
474
470
403
364
564
552
154
81
253
201
267
225
131
86
216
96
139
184
262
226
2167
1961
202
106
183
159
344
222
298
60
1797
1254
1133
1038
3109
3427
2893
3197
3333
2699
2855
2811
2980
3210
2771
3285
3175
3161
3225
2829
2892
3151
2770
3235
3103
2686
3251
2930
3336
3340
3153
2671
3194
3357
3063
3266
3352
3122
3009
2712
3203
3018
2830
2728
2846
3310
2805
3289
2961
3123
3404
3067
2938
2871
3126
2935
2886
3021
2983
3299
3189
3016
3425
3249
2806
3399
3301
2815
3211
3046
2878
2876
2675
3181
2732
3380
3360
3253
3124
2708
2978
3423
3325
3008
2982
3248
3387
2816
3242
3390
2931
3286
3213
3193
3163
3052
3040
2880
3030
2858
3209
3185
3113
3049
3114
2766
3246
2934
2696
3306
3127
2774
3409
2883
2768
3421
3287
2759
2700
3106
3218
3378
3262
2845
3254
3178
3138
3020
3041
2992
2950
2753
2844
2803
3130
2807
3271
3403
3099
2667
3422
3353
3028
2662
3366
3327
3076
2991
2869
3395
3219
2748
2687
3086
3069
3216
2987
3411
3349
3256
3214
3192
2785
2751
3416
3007
3184
3105
2916
2850
2761
2746
2673
2734
3023
2912
3220
3096
2943
2810
2706
3302
3050
3392
3080
2762
3379
3326
3273
3191
3068
2730
2724
2702
3026
2953
2928
2887
2862
2741
3418
2996
2914
2709
2690
3272
3179
3394
3257
3166
3036
2993
2877
2731
2713
3048
2818
2688
3077
2962
2824
3344
3321
3224
3201
3198
3038
3002
2989
2859
2716
3406
3391
3386
3377
3170
3132
3101
3082
3060
3017
2840
2833
2796
3335
3173
3081
3250
3226
2940
2864
2777
2694
2664
3330
3259
3027
2936
2881
2863
2832
2831
3296
3118
2951
2942
2825
2758
2723
2665
3300
3133
3350
3332
3320
3298
3258
2672
3324
3098
2867
2866
2666
3373
3295
3186
3001
2870
3162
2682
2945
2782
2683
2676
2669
3345
3152
2823
2775
2737
3426
3304
3284
3232
3228
3149
3033
3022
2960
2925
2911
2800
2757
2755
2743
3363
3243
3195
3174
3119
3108
3090
3084
3073
3025
2988
2986
2966
2944
2920
2907
2906
2896
2873
2835
2786
2763
2756
2681
3222
2760
3434
3419
3351
3277
3267
3239
3206
3145
3120
3115
3070
2970
2853
2849
2778
2742
2661
3309
2959
2834
2703
3305
3215
3134
3110
3043
2946
3430
3428
3137
3104
2899
2890
2851
3097
2964
2826
3420
1417
1053
1268
