0
2269
3560
3846
3704
3637
4015
3407
210
43
42
3748
18
1206
1119
1065
667
602
585
3230
15
744
33
775
717
733
691
806
791
768
836
855
854
852
841
839
833
832
822
821
808
802
801
796
789
788
786
785
771
767
757
750
749
743
740
736
732
725
714
712
707
704
702
692
690
689
3691
870
893
826
846
812
843
756
739
737
728
710
763
851
810
761
798
735
837
807
803
783
770
741
716
799
795
790
726
723
720
715
711
700
889
853
850
847
829
816
813
794
787
784
782
778
774
773
766
762
752
751
746
742
738
734
731
722
706
814
755
724
845
838
831
827
817
809
797
793
792
781
779
764
759
758
730
718
694
849
848
844
842
835
834
824
820
818
815
780
777
765
760
754
748
727
721
719
709
705
701
696
695
693
688
687
686
336
3771
3806
3901
3751
3666
3910
3882
3489
3755
3978
3848
3844
3686
3973
3843
3614
3524
3883
3613
3516
3481
3531
3541
3727
3795
3479
3957
3896
3754
3631
3911
3700
3776
3664
3671
3483
3722
3719
3855
3794
3711
3509
3960
3565
3836
3774
3917
3739
3595
3482
3484
3459
3782
3535
3532
3759
3757
3571
3945
3900
3881
3728
3505
3679
3490
3868
3725
3582
3753
3735
3636
3629
3608
3599
3662
3799
3638
3513
895
894
892
890
888
887
886
885
884
883
882
881
880
879
878
877
876
875
874
873
872
871
869
867
866
864
863
861
859
858
856
840
830
828
825
823
819
811
805
804
800
776
772
769
753
747
745
729
713
708
703
697
4034
4037
3992
4005
4028
3985
3988
4025
4026
4014
3982
4009
3994
2722
2899
3143
3194
2799
3008
3227
3425
3338
2884
3382
2879
2767
3354
3141
2703
3388
3059
3352
3095
3163
2878
3139
3073
3399
2726
3231
2981
3422
3402
3208
3050
2832
3009
2667
3300
3130
2663
3138
3294
2928
3311
2670
3430
3303
2948
2723
3013
3433
3293
3014
2810
2681
3195
3337
3052
3390
3237
3228
3000
2943
2920
2911
2908
2872
2705
3380
3357
3276
3048
3384
3084
3026
2689
2921
3184
3022
2966
2940
2839
2835
2750
2717
3107
3215
3374
3146
3313
2954
2771
3391
3316
3267
3041
2712
3063
2983
2795
2768
3039
2836
3296
2733
3434
2950
3246
2692
3182
2803
2727
3159
2696
3351
3152
3082
3051
3049
3035
2980
2936
2881
2863
2742
2661
3415
3359
3332
3223
3176
3154
3736
3916
3521
3964
3950
3886
3750
3548
868
865
3272
3225
3024
2688
3185
3089
3002
3403
3341
3330
3196
3171
3103
3087
3086
2914
2791
2702
3161
151
228
244
153
81
233
262
205
229
321
46
35
139
135
125
279
91
257
179
176
300
294
296
199
10
250
341
222
60
30
261
27
260
196
88
241
326
307
141
167
172
106
266
194
101
83
158
345
271
252
251
232
212
108
39
13
333
144
28
201
273
152
200
122
26
25
9
312
226
115
48
3420
3410
1395
3742
3914
3889
3617
3464
3583
3951
3705
3593
3555
3549
3626
3556
3712
3522
3659
3640
3838
3824
3790
3707
3576
3514
3450
3971
3938
3930
3760
3734
3674
3545
3491
3438
857
3979
3977
3976
3975
3974
3972
3970
3969
3968
3967
3966
3965
3963
3959
3958
3956
3955
3953
3952
3949
3947
3946
3944
3942
3941
3940
3939
3937
3936
3934
3933
3932
3931
3929
3928
3927
3926
3924
3923
3922
3921
3920
3919
3918
3915
3913
3912
3909
3908
3907
3906
3905
3903
3902
3899
3898
3897
3895
3894
3893
3892
3891
3890
3888
3887
3885
3884
3879
3878
3877
3876
3875
3874
3873
3871
3870
3869
3867
3866
3865
3864
3863
3862
3860
3858
3857
3856
3854
3853
3852
3850
3847
3845
3842
3841
3840
3839
3837
3835
3834
3833
3832
3831
3830
3829
3828
3827
3826
3825
3823
3822
3821
3820
3819
3818
3817
3816
3815
3814
3813
3812
3811
3810
3809
3807
3805
3804
3803
3802
3801
3800
3798
3796
3793
3792
3791
3789
3788
3787
3786
3785
3784
3783
3781
3780
3778
3777
3773
3772
3770
3769
3768
3767
3766
3765
3764
3763
3762
3761
3758
3756
3752
3749
3747
3746
3745
3744
3743
3740
3738
3737
3732
3731
3730
3724
3720
3718
3717
3716
3715
3714
3713
3710
3709
3708
3706
3703
3702
3701
3699
3698
3697
3696
3695
3694
3690
3689
3688
3687
3685
3683
3682
3681
3680
3678
3676
3675
3673
3672
3670
3669
3668
3667
3665
3663
3661
3660
3658
3657
3656
3655
3654
3653
3652
3651
3649
3648
3647
3646
3645
3644
3643
3641
3639
3635
3634
3633
3632
3630
3628
3627
3625
3624
3623
3622
3620
3619
3618
3616
3615
3612
3611
3610
3609
3607
3606
3603
3602
3601
3598
3597
3596
3594
3591
3590
3589
3588
3587
3585
3584
3581
3580
3579
3578
3575
3574
3573
3572
3570
3569
3568
3567
3564
3563
3562
3559
3558
3557
3554
3553
3552
3547
3546
3544
3543
3542
3539
3538
3537
3536
3534
3533
3529
3528
3527
3526
3525
3523
3520
3519
3518
3517
3515
3512
3511
3510
3508
3507
3506
3503
3502
3500
3499
3498
3497
3496
3494
3493
3492
3488
3486
3485
3480
3478
3477
3476
3475
3474
3473
3472
3471
3470
3469
3468
3467
3466
3465
3462
3461
3460
3458
3457
3456
3455
3452
3451
3449
3448
3447
3446
3445
3443
3442
3441
3439
698
2595
2178
2528
2456
2431
2167
2263
2106
2238
2175
2119
2358
2496
2558
2562
2158
2634
2402
2204
2193
2565
2170
2012
2265
2066
1977
1974
2350
2628
2371
2197
2162
2089
2481
2277
2152
2242
2443
2019
2594
2065
2652
2608
2432
2274
2449
2334
2216
2210
2388
2248
1975
2497
2411
2397
2335
2260
2446
2258
2367
2322
2214
2625
2229
2095
2045
1946
2622
2641
2493
2272
2141
2317
2107
2447
2013
2202
2348
2631
2630
2602
2593
2586
2560
2550
2539
2433
2414
2391
2386
2363
2353
2340
2331
2324
2309
2308
2244
2240
2212
2200
2179
2104
2098
2084
2083
2069
2046
2030
1993
1984
1979
1943
2412
2627
2061
1951
1927
2312
2660
2647
2583
2494
2337
1998
1991
1973
1972
285
213
156
120
103
2544
2502
2468
2419
2327
2273
2250
2224
2062
2039
1994
4038
4036
4035
4033
4032
4030
4029
4027
4024
4023
4022
4021
4020
4019
4018
4017
4016
4013
4012
4011
4010
4008
4007
4004
4003
4002
4001
4000
3999
3998
3997
3996
3995
3993
3991
3990
3989
3987
3986
3984
3981
2597
2491
2372
2351
2338
2315
2289
2279
2149
329
1105
996
2813
2744
2649
2642
2588
2555
2547
2512
2475
2471
2463
2436
2394
2319
2282
2267
2223
2187
2176
2125
2072
2068
2052
2038
1945
1932
1697
1521
3436
3435
3432
3431
3429
3428
3427
3426
3424
3423
3421
3419
3418
3417
3416
3414
3413
3411
3408
3406
3405
3401
3400
3398
3397
3396
3395
3394
3393
3392
3389
3387
3383
3381
3379
3378
3377
3376
3375
3373
3372
3371
3370
3369
3368
3367
3365
3364
3363
3362
3360
3358
3356
3355
3353
3350
3349
3348
3347
3346
3345
3344
3343
3342
3340
3339
3336
3335
3334
3333
3329
3327
3326
3325
3324
3323
3322
3321
3320
3318
3317
3315
3314
3312
3310
3309
3308
3307
3306
3305
3304
3302
3301
3299
3298
3297
3292
3291
3288
3287
3286
3285
3284
3283
3282
3281
3280
3279
3277
3275
3274
3273
3271
3270
3269
3268
3266
3265
3264
3262
3261
3260
3259
3257
3256
3255
3254
3253
3252
3251
3250
3249
3247
3244
3243
3242
3241
3240
3239
3238
3236
3235
3234
3233
3232
3229
3226
3224
3221
3220
3219
3218
3217
3216
3214
3213
3212
3211
3210
3209
3207
3206
3205
3204
3203
3202
3200
3199
3198
3197
3193
3192
3191
3190
3189
3188
3187
3186
3183
3181
3180
3178
3177
3175
3174
3173
3172
3170
3169
3167
3166
3160
3158
3157
3156
3155
3153
3151
3150
3149
3148
3147
3145
3144
3142
3140
3137
3135
3134
3133
3132
3131
3129
3128
3127
3126
3125
3124
3123
3122
3121
3120
3119
3118
3117
3116
3115
3114
3113
3112
3110
3109
3108
3106
3105
3104
3102
3099
3098
3096
3094
3093
3092
3091
3090
3088
3085
3083
3081
3080
3078
3077
3076
3075
3074
3072
3071
3070
3069
3068
3067
3066
3065
3064
3061
3060
3058
3056
3055
3054
3053
3047
3046
3045
3044
3043
3042
3040
3038
3037
3036
3034
3033
3032
3030
3029
3028
3027
3025
3023
3021
3018
3017
3016
3015
3012
3010
3007
3006
3004
2998
2997
2996
2995
2994
2993
2992
2991
2990
2989
2988
2987
2986
2985
2984
2982
2978
2977
2975
2974
2973
2972
2971
2970
2969
2967
2965
2963
2961
2960
2959
2958
2957
2956
2955
2953
2952
2951
2949
2947
2946
2945
2944
2942
2939
2938
2937
2935
2934
2933
2932
2931
2930
2929
2927
2926
2925
2924
2923
2922
2919
2918
2917
2916
2915
2913
2912
2910
2909
2907
2906
2905
2904
2902
2901
2900
2898
2897
2896
2895
2894
2893
2891
2890
2889
2888
2887
2886
2882
2880
2877
2876
2875
2874
2873
2871
2870
2868
2867
2866
2865
2864
2862
2861
2860
2859
2858
2857
2856
2855
2854
2853
2852
2851
2850
2849
2848
2847
2846
2845
2844
2843
2842
2841
2840
2837
2834
2833
2831
2830
2829
2828
2827
2825
2824
2823
2821
2820
2819
2818
2817
2816
2815
2812
2811
2809
2808
2807
2806
2805
2804
2802
2801
2800
2798
2797
2796
2794
2793
2792
2790
2789
2788
2787
2786
2785
2784
2783
2782
2781
2780
2779
2778
2777
2776
2775
2774
2773
2772
2770
2769
2766
2765
2763
2762
2761
2759
2758
2757
2756
2755
2754
2753
2751
2749
2748
2747
2746
2745
2743
2741
2739
2738
2737
2736
2735
2732
2731
2730
2729
2728
2721
2720
2719
2718
2716
2715
2714
2713
2711
2710
2709
2708
2706
2701
2700
2699
2698
2697
2695
2694
2691
2690
2687
2686
2685
2684
2683
2682
2680
2679
2676
2675
2674
2673
2672
2671
2669
2668
2666
2665
2664
2662
860
3111
2707
3097
3057
2964
3319
3201
2999
2941
2903
2677
3385
3248
3101
2979
2693
3409
3386
3258
3168
3165
3079
3062
3020
3019
3005
2883
2826
2764
2734
2725
3289
3179
3011
2976
3412
3404
3366
3331
3295
3162
3100
3001
2962
2892
2869
2752
2724
1411
1002
1865
3962
3948
3943
3872
3851
3797
3741
3721
3692
3684
3592
3577
3561
3550
3540
3501
3495
3440
862
1098
1252
1640
1461
3361
3328
3278
3263
3245
3222
3164
3136
2968
2822
2760
2678
1138
1254
1033
973
1817
1384
1111
1045
2838
2814
347
346
344
343
342
340
339
338
337
334
332
331
330
328
327
325
324
323
322
320
319
318
317
316
315
314
313
311
310
309
308
306
305
304
303
302
301
299
298
297
295
293
292
291
290
289
288
287
284
283
282
281
280
278
277
276
275
274
272
270
269
268
267
265
264
263
259
258
256
255
254
253
249
248
247
