107
729
3993
4
4035
37
1119
3885
3688
201
3127
351
2439
3546
3827
278
3632
288
125
3939
3742
219
4015
3991
4012
891
692
801
871
744
757
785
721
550
1096
15
2195
668
3935
2569
638
602
3798
179
70
2595
3808
1627
2541
411
3134
155
247
264
660
2380
2714
3844
1442
1455
3591
326
3579
30
28
178
3763
3556
3621
3878
3631
3888
38
3843
3566
3600
679
3941
3548
3720
3457
3936
263
3806
3447
3805
3444
240
3691
3147
153
305
316
160
216
42
3451
287
4022
870
865
4018
4031
4037
4008
3588
4025
3987
4033
152
4034
4032
4020
749
858
699
855
873
790
725
861
733
732
813
837
4010
114
607
3974
335
1560
74
3230
3820
18
3650
3856
3853
3570
613
2842
241
233
1224
2792
47
182
3807
3875
2814
81
2168
3879
253
2740
183
1693
1276
1558
1071
234
1967
499
61
1252
2808
192
174
3413
572
552
571
3928
1362
166
164
147
406
1200
1937
910
3606
2441
1657
3887
498
2634
1856
3180
673
3727
2855
1240
3513
2015
2422
3227
3839
3848
649
562
3216
533
2487
987
2528
3336
3218
2493
2651
657
3126
985
1731
923
1506
385
2066
1562
2826
2801
3099
1933
477
3292
2744
1641
1089
590
2820
1434
970
3208
2185
357
1424
369
1085
3437
3448
3456
3488
3495
3501
3521
3545
3558
3576
3577
3584
3586
3593
3596
3604
3611
3625
3633
3640
3672
3684
3692
3702
3705
3728
3731
3734
3737
3756
3758
3790
3793
3794
3797
3800
3804
3824
3829
3830
3838
3841
3851
3860
3873
3877
3884
3902
3906
3924
3926
3930
3938
3945
3948
3962
3966
3968
3971
3442
3449
3506
3514
3525
3528
3568
3599
3605
3674
3677
3680
3722
3750
3826
3842
3858
3869
3455
3464
3475
3518
3529
3540
3590
3629
3651
3687
3693
3810
3822
3900
3947
3951
3486
3526
3542
3553
3617
3764
3833
3886
0
9
21
25
26
40
56
67
98
113
119
122
170
172
186
188
200
203
213
239
252
271
272
277
280
285
304
315
322
332
342
3710
3740
3782
118
142
169
199
236
261
291
313
323
3557
3609
3711
3713
3730
3870
104
109
211
3460
3469
3738
53
329
334
3440
3468
3569
3921
13
82
128
224
3559
3721
3907
62
185
223
3466
3706
3714
3718
3821
3835
3867
3969
141
3636
3828
265
3480
3527
3578
3831
3909
297
3471
3497
3635
3643
3753
3943
232
3508
3690
3918
339
3463
3707
3768
3825
3956
161
3505
3915
158
242
3786
238
346
3443
3534
3573
3438
3927
72
204
3491
3634
3656
3719
3761
862
249
308
3891
324
3896
3462
3509
3667
3933
80
3601
3642
3697
31
48
94
3845
3931
3485
3510
3803
3852
3866
331
3499
41
3554
3615
248
3458
3862
299
320
3747
3850
92
148
302
3500
3511
3623
101
303
3493
3618
312
3836
3648
3741
3550
3972
3776
3627
3450
3555
3608
134
2641
180
7
194
231
3785
3903
266
3517
3791
3913
212
3498
3474
3881
59
115
123
3628
3779
88
257
3535
3957
3752
3762
3774
133
3496
3587
3602
3698
3620
3519
3612
3837
3646
276
3960
254
3538
3683
55
3760
3564
3658
3802
3571
3735
3478
3563
116
3743
103
3757
3920
1
187
343
3465
184
345
330
3452
3524
3
3889
3725
3780
3976
3868
130
3708
3685
3792
132
258
281
24
3476
3929
3472
57
284
3696
197
3470
3815
3967
3975
66
127
3532
3574
3473
3484
3703
3937
144
3818
3855
39
3726
3533
3655
75
290
3964
3917
14
3695
584
3562
3898
274
85
105
3459
3663
3773
3950
196
176
3715
3630
3561
3613
3739
3512
159
3644
3595
246
314
3675
3944
137
3454
3883
3783
3567
3912
3874
3769
3872
226
87
149
3547
3482
3823
108
3503
3778
3483
3523
3654
5
3817
79
3892
341
3610
17
3832
3622
3788
3895
65
3784
84
111
45
3819
3840
3592
3581
29
3657
3861
3919
156
3796
121
318
3541
268
50
3515
165
140
298
3979
3639
3490
19
631
3624
168
3598
3857
3594
3668
36
295
1599
23
3520
22
3777
10
3641
310
3847
222
3681
3770
73
3767
3934
69
227
3614
3543
135
3583
309
150
3666
3603
3876
16
344
3659
3664
1218
3679
3492
3880
3958
3446
139
3507
3522
96
3712
3572
3973
3671
60
221
3754
106
3871
162
3539
54
3607
208
143
3531
3914
177
3834
337
338
3487
3775
3901
225
300
217
3445
317
126
129
3580
