0
3991
825
918
2382
3846
2457
3974
12
49
15
3282
3746
891
883
859
790
832
3570
2842
4012
2168
550
114
4015
892
2596
294
244
335
3820
1586
401
935
267
384
1145
4010
3031
1354
33
860
884
3709
358
316
3748
3856
3935
1353
1119
674
216
1834
2691
801
183
841
233
4001
3407
472
480
288
4036
43
4022
585
453
3910
155
668
1560
468
1194
1395
2470
145
3537
3953
3589
3816
3451
2079
179
1046
282
241
255
877
874
873
878
767
858
894
871
870
887
881
885
867
861
811
740
886
876
717
839
702
689
888
714
791
725
822
691
789
759
833
895
893
889
882
879
875
872
869
866
864
863
776
890
755
720
880
835
807
758
856
819
812
797
769
739
723
855
852
851
849
845
838
837
836
817
809
808
806
804
802
798
793
792
788
779
775
771
768
765
757
753
743
737
735
732
730
729
721
716
712
707
699
692
796
733
843
818
764
761
728
715
710
709
703
696
687
854
795
774
722
711
706
700
690
820
803
799
783
772
763
750
741
704
800
708
848
826
821
786
731
719
850
831
827
816
814
813
810
787
782
773
766
762
748
747
746
742
736
698
697
853
847
840
834
815
794
781
780
777
754
752
751
745
738
726
718
701
694
688
844
824
823
778
705
830
828
727
686
842
829
805
784
770
760
756
724
713
695
693
846
734
785
749
744
4032
4027
3983
4020
3989
3985
4038
4034
4004
4002
3998
4017
3981
4037
4035
4033
4031
4029
4026
4025
4016
4014
4013
4011
4009
4008
4007
4006
4005
3997
3996
3995
3993
3992
3990
3988
3984
3982
594
4023
4021
4019
4018
4003
4000
3994
3986
3980
4030
4024
4028
3999
3987
91
8
2899
2952
3059
2963
2798
110
182
177
154
102
164
240
61
321
131
63
309
279
289
262
221
336
3336
3024
3375
3139
3305
3122
2948
2855
3088
2776
2980
3092
2942
3229
2884
2895
3141
3009
2930
3210
2733
3050
2811
3127
3357
3334
2779
3028
3153
3388
3315
2868
3235
2801
2809
2805
3163
2804
3392
3045
2934
2739
2735
3246
3094
2998
2983
3044
3429
2695
2751
3389
3159
3303
3202
3144
3170
3294
3430
3095
2726
2710
2663
2771
3281
3383
3243
2712
3190
2759
2697
3421
3074
2774
2987
3286
3014
3124
3200
3053
2861
3419
3204
3199
3148
2753
2720
2812
2700
2783
2723
2715
3435
3238
2953
2756
3431
2846
3342
3211
3300
3130
2807
3242
3413
3025
2929
3213
3259
3228
3105
2945
2928
2741
2681
2679
3220
2853
2687
2831
3352
3132
3013
2845
3372
3400
3114
3257
3158
3137
3135
3123
3090
3084
2810
2738
2683
3402
3167
2832
3096
3047
2897
3085
2925
2916
3382
3318
3119
3104
3026
2986
2956
2873
3244
2870
3099
2667
3404
2702
2692
2960
2911
2891
2839
2800
2743
2669
3364
3226
3056
3040
3033
3022
2969
2867
2827
2782
2745
2689
2666
3247
3239
3116
2828
3363
3193
3023
3004
2944
2890
2761
2706
2721
3325
3008
2972
2959
2889
2767
2703
3362
3284
3184
3149
3078
3064
2988
2974
2967
2909
2755
2694
3296
3115
2431
2481
1974
2524
2704
1065
1053
3396
3344
3321
3288
3224
3212
3201
2989
2904
2772
3066
2675
2965
2175
937
2885
1057
1252
243
196
57
71
96
259
253
190
135
36
52
263
227
99
86
293
232
103
124
127
168
2
219
317
10
276
258
257
144
137
125
120
242
347
269
208
163
50
268
331
211
113
167
32
246
213
22
117
270
85
296
344
324
303
212
45
314
297
189
261
285
250
2838
2814
185
266
260
249
101
24
23
130
126
80
115
143
84
200
56
338
231
82
16
295
199
186
176
161
123
72
342
323
313
284
251
239
236
203
184
122
121
105
40
39
25
13
116
111
19
343
326
312
310
214
151
28
20
322
38
187
180
195
181
283
9
346
133
92
88
54
3075
3299
3215
3117
3107
3027
1822
2995
2829
3380
3359
3133
2830
2711
2662
2672
3254
3186
3157
3121
2752
1442
3371
2728
3208
3138
3048
2892
2709
2668
2971
2818
3304
2869
2775
1797
3196
3089
3061
2946
2921
2859
2685
3411
3262
3191
3079
2708
3422
3350
3279
3261
3189
2958
2894
2778
3154
2781
2727
2724
3368
3012
2949
2933
2923
2865
2665
3343
2719
3005
2941
3365
3236
3198
3187
3034
3002
2955
2730
2716
3077
2822
3424
3395
3327
3274
3205
3001
3416
3373
3366
3360
3353
3351
3347
3320
3316
3302
3291
3277
3252
3225
3188
3185
3155
3145
3076
3072
3060
3041
2991
2973
2914
2863
2849
2844
2780
2770
2661
3297
2856
2714
3340
2677
3436
3434
3433
3428
3427
3426
3425
3423
3420
3418
3417
3415
3414
3412
3408
3406
3405
3403
3401
3399
3398
3397
3394
3393
3391
3390
3387
3386
3384
3381
3379
3378
3377
3376
3374
3370
3369
3367
3358
3356
3354
3349
3348
3346
3345
3341
3339
3338
3337
3335
3332
3331
3330
3329
3328
3326
3324
3323
3322
3317
3314
3313
3312
3311
3310
3309
3308
3307
3306
3301
3298
3295
3293
3292
3287
3285
3283
3280
3276
3275
3273
3272
3271
3270
3269
3267
3266
3265
3264
3260
3256
3255
3253
3251
3250
3249
3241
3240
3237
3234
3233
3232
3231
3230
3227
3223
3221
3219
3218
3217
3216
3214
3209
3207
3206
3203
3197
3195
3194
3192
3182
3181
3180
3177
3176
3175
3174
3173
3172
3171
3169
3168
3166
3162
3160
3156
3152
3151
3150
3147
3146
3142
3140
3136
3134
3131
3129
3128
3126
3125
3120
3118
3113
3112
3110
3109
3108
3106
3103
3102
3098
3093
3091
3087
3086
3083
3082
3081
3080
3073
3071
3070
3069
3068
3067
3065
3063
3058
3055
3054
3052
3051
3049
3046
3043
3042
3039
3038
3036
3035
3032
3030
3029
3021
3018
3017
3016
3015
3010
3007
3006
3003
3000
2997
2996
2994
2993
2992
2990
2985
2984
2982
2981
2978
2977
2976
2975
2970
2966
2962
2961
2957
2954
2951
2950
2947
2943
2940
2939
2937
2936
2935
2932
2931
2927
2926
2924
2922
2920
2919
2918
2917
2915
2913
2912
2910
2908
2907
2906
2905
2902
2901
2900
2898
2896
2893
2888
2887
2886
2882
2881
2880
2879
2878
2877
2876
2875
2874
2872
2871
2866
2864
2862
2860
2858
2857
2854
2852
2851
2850
2848
2847
2843
2841
2840
2837
2836
2835
2834
2833
2824
2823
2821
2820
2819
2817
2816
2815
2808
2806
2803
2802
2799
2797
2796
2795
2794
2793
2792
2791
2790
2789
2787
2786
2785
2784
2777
2773
2769
2768
2766
2765
2763
2762
2760
2758
2757
2754
2750
2749
2748
2747
2746
2744
2742
2740
2737
2736
2732
2731
2729
2722
2718
2717
2713
2705
2701
2699
2698
2696
2693
2690
2688
2686
2684
2682
2680
2676
2674
2673
2671
2670
2664
3179
1270
945
2441
2245
2621
2528
1934
2426
2632
2456
2375
2487
1956
2249
2454
1924
2238
2158
2082
2263
2605
2651
1952
2048
2515
2650
2255
1992
2094
2114
2391
2262
1915
2305
2373
1961
2312
2008
2613
1930
2450
2217
2358
1958
2618
2252
2568
2137
2260
2496
2390
2288
2017
2442
2242
2214
2066
2182
2609
2628
2366
2091
2067
2014
1989
2591
2574
2552
2397
2522
2085
1988
1950
2265
2639
2024
1968
2248
2156
2459
2346
2337
2225
2050
1921
2583
2389
2302
2012
1998
2556
2549
2253
2049
2448
2440
2335
2317
2286
2197
2166
2162
2105
2592
2572
2315
2074
2055
2040
2236
2152
2479
2461
2243
2133
2062
1970
2590
2520
2348
2210
2179
2154
2122
2073
1997
1925
2417
2232
2038
2584
2499
2443
2429
2387
2303
2092
2084
2571
2495
2489
2398
2381
2370
2276
2233
2206
2153
2144
2090
2059
2058
2057
2021
2002
1985
1918
2498
2472
2194
2163
1994
1920
2652
2603
2432
2415
2280
2274
2235
2161
1981
2357
2562
2503
2403
2314
2035
2364
2654
2646
2601
2593
2553
2536
2462
2446
2414
2369
2308
2278
2244
2131
2093
2064
1962
1943
1938
2013
2657
2585
2202
2171
2022
2641
2637
2610
2581
2557
2511
2493
2480
2419
2270
2145
2047
1964
1944
2587
2424
2412
2120
2655
2638
2631
2624
2623
2611
2586
2575
2563
2561
2554
2551
2550
2539
2526
2521
2507
2478
2464
2418
2410
2376
2374
2354
2339
2334
2331
2324
2309
2275
2257
2218
2216
2150
2142
2136
2124
2121
2115
2103
2083
2069
2063
2056
2046
2043
2030
2020
1986
1984
1983
1979
2616
2434
2318
2304
2298
2273
2203
2151
2039
2647
2627
2626
2620
2378
2365
2284
2116
2001
2000
1951
1931
1919
2582
2502
2413
2250
171
1486
679
1664
1372
1739
1607
2653
2589
2543
2529
2491
2436
2344
2343
2325
2294
2246
2241
2223
2196
2176
2174
2155
2143
2132
2042
1955
1954
1948
1932
1926
1840
3355
3319
2999
2938
2903
1476
1090
1546
1731
2643
2642
2598
2547
2530
2512
2508
2420
2399
2372
2347
2332
2319
2282
2191
2183
2135
2134
2125
2111
2102
2087
2068
2054
2007
1266
1648
1234
1759
1264
904
1733
1443
1268
1071
1900
3290
1058
1093
1562
1468
1802
1672
1005
1043
1403
956
1890
1208
1225
1000
1138
1319
1368
1254
910
1889
1880
1568
1601
1186
1438
981
345
341
340
339
337
334
333
332
330
329
328
325
320
319
318
315
311
308
307
306
305
304
302
301
300
299
298
291
290
287
281
280
278
277
275
274
273
272
271
265
264
254
252
248
247
238
237
235
234
230
229
226
225
224
223
222
218
217
215
209
207
206
205
204
201
197
194
192
191
188
178
175
174
172
170
169
166
165
162
160
159
158
157
156
153
152
150
149
148
147
146
142
141
140
139
138
136
134
132
129
128
119
118
112
109
108
106
104
100
98
97
95
94
93
90
87
83
81
79
78
77
76
75
73
70
69
68
67
66
65
64
62
60
59
58
55
53
51
48
47
46
44
42
41
35
31
30
29
27
26
21
17
14
7
6
5
4
3
1
1869
943
1348
1670
1346
1895
1378
1333
1232
958
938
1798
1747
1314
1137
992
3432
