2755
53
68
619
931
2142
2711
308
1295
2201
2568
2757
3201
3781
217
246
254
354
440
715
888
933
949
1190
1197
1302
1320
1321
1362
1373
1419
1534
1649
1694
1848
2047
2297
2320
2368
2377
2571
2715
3114
3202
3214
3436
3492
3689
3943
7
27
42
92
169
186
187
190
200
251
275
279
282
286
346
369
415
442
457
493
494
500
502
514
549
625
639
821
822
902
921
953
975
1004
1017
1039
1049
1051
1091
1118
1155
1231
1358
1367
1411
1460
1462
1471
1499
1501
1536
1589
1613
1661
1679
1689
1770
1775
1841
1876
1916
2086
2087
2133
2143
2164
2187
2225
2229
2233
2268
2348
2407
2487
2522
2577
2622
2632
2644
2714
2748
2754
2786
2809
2813
2873
2904
2936
3084
3119
3121
3149
3180
3237
3289
3293
3294
3370
3371
3380
3394
3435
3446
3462
3475
3490
3515
3600
3624
3667
3747
3757
3789
3821
3834
3873
3976
3994
1
36
69
79
93
101
114
128
133
135
144
153
168
179
198
213
216
232
236
271
287
304
307
316
322
328
391
436
438
448
465
467
507
516
529
557
571
594
596
606
609
611
613
626
660
671
686
723
736
739
743
759
795
803
819
830
836
838
854
876
882
915
998
1015
1019
1057
1058
1065
1088
1107
1117
1144
1153
1161
1165
1168
1186
1203
1207
1219
1245
1246
1278
1287
1288
1308
1310
1325
1326
1332
1352
1357
1368
1372
1383
1398
1423
1451
1452
1472
1483
1492
1495
1509
1535
1548
1555
1581
1587
1611
1642
1643
1656
1672
1700
1715
1719
1743
1748
1786
1810
1834
1838
1842
1843
1856
1868
1893
1897
1901
1927
1929
1956
1973
1974
1986
2012
2046
2050
2071
2074
2077
2078
2083
2134
2146
2159
2205
2207
2241
2339
2356
2378
2413
2430
2443
2445
2459
2469
2502
2519
2521
2567
2573
2581
2586
2596
2614
2624
2635
2638
2646
2647
2696
2729
2738
2751
2779
2792
2808
2827
2848
2853
2862
2885
2886
2897
2922
2925
2928
2937
2955
2956
2974
3015
3020
3043
3058
3066
3086
3089
3098
3100
3101
3105
3107
3113
3128
3131
3143
3156
3186
3195
3209
3215
3220
3240
3243
3255
3260
3268
3286
3318
3327
3328
3359
3376
3386
3392
3408
3414
3415
3416
3450
3452
3465
3471
3474
3478
3488
3509
3516
3527
3542
3548
3554
3556
3568
3612
3616
3646
3686
3694
3698
3708
3714
3728
3732
3746
3762
3767
3779
3783
3787
3797
3809
3827
3829
3830
3836
3865
3894
3917
3936
3952
3971
3973
3984
4014
4019
0
4
15
17
39
44
48
52
55
56
77
78
89
94
95
99
102
119
122
123
131
139
143
151
154
170
177
180
183
199
205
208
212
215
221
228
229
235
241
262
263
281
292
312
313
315
338
341
344
350
355
359
373
375
379
394
397
405
410
412
424
425
433
443
446
463
473
478
480
484
488
492
498
508
511
513
520
540
560
561
575
576
582
583
587
597
601
604
607
610
615
630
640
642
643
649
661
663
670
679
693
694
700
704
709
713
717
719
722
730
732
749
756
761
766
767
778
788
790
791
801
806
809
820
827
837
843
864
868
870
874
881
892
905
906
908
909
922
938
943
948
950
956
967
974
977
978
982
988
994
997
1027
1028
1037
1040
1055
1059
1062
1071
1082
1095
1102
1106
1112
1120
1124
1125
1128
1130
1133
1135
1138
1140
1152
1158
1162
1163
1171
1175
1180
1182
1189
1200
1212
1214
1216
1218
1227
1233
1244
1248
1255
1258
1261
1265
1270
1283
1296
1303
1313
1318
1328
1333
1334
1342
1343
1349
1351
1354
1379
1382
1385
1387
1392
1393
1405
1406
1413
1428
1429
1439
1442
1447
1448
1450
1461
1463
1466
1475
1485
1497
1508
1510
1511
1514
1519
1520
1541
1549
1562
1571
1577
1580
1610
1617
1625
1626
1628
1633
1636
1641
1645
1653
1659
1670
1671
1687
1701
1705
1709
1710
1712
1718
1728
1730
1738
1751
1755
1757
1758
1760
1762
1764
1766
1774
1776
1779
1790
1802
1808
1815
1820
1823
1824
1832
1837
1846
1847
1853
1858
1859
1862
1867
1874
1877
1879
1883
1891
1894
1905
1911
1913
1914
1915
1920
1922
1923
1926
1930
1931
1939
1942
1944
1945
1946
1950
1952
1961
1968
1969
1978
1988
1995
2001
2007
2016
2020
2026
2027
2028
2043
2049
2051
2063
2069
2076
2096
2097
2110
2113
2116
2123
2152
2157
2166
2168
2175
2178
2181
2184
2195
2197
2203
2213
2219
2223
2226
2227
2234
2245
2247
2252
2253
2255
2257
2263
2265
2269
2274
2277
2283
2295
2296
2303
2304
2305
2310
2318
2319
2328
2332
2335
2336
2337
2342
2352
2357
2360
2362
2365
2371
2376
2381
2385
2387
2396
2399
2409
2411
2414
2415
2434
2450
2458
2472
2473
2480
2481
2483
2489
2511
2523
2526
2529
2534
2550
2560
2569
2580
2585
2587
2589
2598
2602
2603
2604
2605
2608
2609
2615
2617
2619
2620
2631
2636
2639
2642
2651
2664
2668
2671
2672
2686
2697
2704
2717
2734
2735
2744
2750
2758
2765
2770
2774
2784
2789
2793
2794
2797
2798
2804
2806
2819
2828
2830
2832
2833
2850
2855
2859
2868
2871
2875
2877
2887
2891
2896
2898
2901
2903
2908
2909
2911
2920
2943
2947
2958
2966
2971
2979
2989
2994
3001
3003
3009
3014
3018
3019
3028
3030
3038
3041
3049
3050
3054
3059
3085
3099
3118
3136
3138
3142
3146
3147
3159
3163
3169
3184
3187
3194
3205
3207
3227
3231
3233
3235
3246
3250
3253
3258
3259
3267
3269
3270
3276
3288
3291
3296
3299
3301
3314
3317
3319
3322
3323
3334
3341
3343
3345
3353
3358
3360
3372
3373
3377
3387
3402
3412
3418
3420
3427
3432
3456
3472
3499
3503
3507
3517
3525
3526
3530
3531
3534
3538
3550
3560
3566
3573
3579
3611
3614
3644
3645
3659
3660
3662
3666
3678
3679
3680
3685
3691
3696
3715
3734
3735
3740
3741
3744
3745
3751
3756
3772
3788
3790
3795
3798
3805
3807
3808
3823
3833
3840
3841
3847
3848
3851
3858
3864
3867
3892
3900
3909
3910
3925
3926
3931
3937
3940
3949
3956
3965
3970
3974
3980
3983
3985
3997
3998
3999
4000
4005
4006
4007
4015
4029
4036
11
13
14
19
20
22
25
28
29
31
35
41
43
49
54
58
61
62
63
66
67
74
75
76
83
85
96
107
108
110
118
124
126
137
142
148
150
152
156
157
159
162
164
165
167
171
174
175
181
188
189
194
195
201
202
203
209
210
218
219
220
222
223
224
226
227
233
237
247
255
259
264
265
266
267
270
277
278
280
283
288
289
291
293
294
295
298
299
301
302
306
310
317
318
324
326
331
333
334
336
337
340
342
349
351
352
353
358
360
363
364
365
366
368
371
376
378
381
383
386
389
390
396
400
401
403
406
411
414
418
422
430
432
441
444
445
449
453
458
459
461
462
472
474
479
482
485
487
497
499
510
512
515
518
521
524
533
534
538
539
542
544
545
548
551
553
555
556
559
562
563
564
568
577
578
579
580
586
590
591
595
605
614
618
622
623
629
631
641
644
646
648
650
651
655
656
658
664
666
669
672
675
676
677
678
681
682
683
691
697
698
699
703
706
708
712
720
729
737
740
742
744
746
751
754
763
764
775
776
777
780
782
783
786
787
802
804
805
811
812
813
815
816
818
823
824
829
835
845
846
850
851
852
853
855
859
863
866
872
877
885
896
904
910
912
913
916
917
918
920
926
927
930
934
939
942
945
951
960
962
971
972
976
979
980
983
985
986
992
995
999
1003
1008
1009
1013
1018
1025
1033
1043
1044
1046
1048
1052
1054
1056
1061
1063
1064
1067
1068
1074
1077
1078
1079
1083
1087
1089
1092
1098
1100
1103
1109
1110
1113
1131
1136
1137
1142
1147
1154
1160
1169
1173
1174
1177
1178
1179
1181
1183
1184
1196
1198
1204
1205
1213
1221
1234
1242
1243
1253
1256
1259
1262
1263
1268
1271
1274
1275
1282
1286
1289
1290
1293
1297
1301
1304
1305
1306
1307
1312
1316
1317
1322
1323
1324
1329
1331
1340
1344
1345
1346
1347
1353
1360
1361
1363
1371
1388
1395
1397
1401
1404
1409
1412
1415
1416
1417
1420
1422
1425
1432
1433
1434
1435
1438
1453
1454
1458
1476
1479
1482
1487
1488
1490
1491
1506
1507
1521
1526
1538
1539
1545
1546
1550
1553
1561
1563
1568
1569
1573
1575
1576
1578
1585
1586
1592
1596
1598
1599
1609
1612
1615
1619
1621
1622
1629
1631
1632
1639
1640
1647
1648
1651
1658
1677
1685
1688
1691
1692
1693
1699
1708
1711
1714
1716
1717
1722
1723
1727
1729
1731
1735
1736
1741
1742
1744
1753
1754
1765
1772
1783
1787
1788
1794
1795
1796
1797
1798
1803
1804
1807
1813
1814
1816
1817
1821
1826
1828
1831
1845
1852
1857
1861
1863
1864
1865
1880
1882
1885
1890
1892
1896
1898
1900
1902
1903
1904
1906
1910
1912
1932
1935
1936
1937
1943
1949
1953
1954
1958
1963
1972
1976
1981
1983
1985
1987
1990
1991
1992
1993
1994
2000
2004
2013
2014
2019
2021
2023
2024
2025
2029
2031
2033
2036
2038
2041
2044
2045
2048
2053
2054
2067
2072
2073
2075
2084
2088
2098
2107
2111
2112
2117
2120
2124
2125
2127
2144
2148
2149
2156
2160
2163
2169
2170
2172
2177
2179
2180
2183
2190
2193
2200
2206
2208
2211
2215
2217
2218
2221
2224
2232
2240
2243
2250
2256
2261
2267
2273
2278
2279
2281
2288
2289
2293
2300
2306
2307
2309
2321
2322
2323
2325
2327
2330
2331
2333
2340
2343
2345
2346
2347
2349
2353
2355
2363
2364
2366
2369
2370
2372
2373
2375
2379
2386
2393
2395
2397
2400
2401
2404
2410
2418
2425
2426
2427
2428
2429
2432
2433
2435
2438
2439
2440
2452
2453
2456
2457
2461
2462
2463
2466
2467
2470
2474
2475
2476
2491
2492
2494
2500
2503
2512
2516
2517
2525
2527
2530
2537
2542
2544
2552
2553
2564
2565
2566
2570
2574
2575
2579
2583
2590
2597
2600
2601
2606
2610
2611
2616
2618
2621
2629
2633
2634
2649
2654
2656
2657
2662
2665
2666
2667
2670
2673
2676
2677
2679
2681
2683
2692
2694
2699
2700
2709
2712
2718
2719
2723
2727
2728
2731
2737
2739
2741
2742
2743
2749
2752
2756
2760
2762
2767
2768
2778
2780
2781
2782
2785
2795
2801
2802
2803
2815
2816
2818
2821
2822
2825
2829
2837
2842
2844
2846
2847
2852
2856
2861
2865
2869
2870
2879
2881
2883
2888
2894
2899
2900
2907
2910
2917
2918
2919
2923
2933
2939
2940
2950
2960
2961
2965
2977
2978
2980
2982
2993
2996
2999
3000
3005
3007
3012
3013
3016
3021
3025
3026
3033
3036
3040
3042
3045
3051
3052
3056
3060
3065
3072
3073
3074
3077
3081
3082
3083
3090
3091
3093
3094
3106
3108
3110
3115
3116
3117
3124
3126
3132
3140
3141
3150
3151
3154
3167
3170
3171
3173
3174
3178
3181
3182
3188
3192
3196
3197
3199
3203
3211
3213
3217
3219
3223
3228
3251
3261
3272
3274
3277
3280
3282
3287
3292
3295
3303
3304
3305
3308
3311
3316
3320
3325
3326
3329
3330
3331
3332
3333
3336
3337
3338
3339
3344
3347
3356
3362
3367
3369
3374
3375
3379
3381
3383
3385
3390
3393
3406
3409
3430
3439
3444
3445
3448
3454
3458
3460
3463
3468
3469
3470
3479
3484
3486
3487
3489
3493
3495
3496
3498
3504
3508
3510
3511
3513
3514
3518
3523
3524
3533
3535
3537
3549
3555
3563
3565
3574
3577
3582
3587
3590
3592
3593
3595
3597
3599
3603
3604
3605
3606
3613
3618
3619
3623
3626
3629
3630
3632
3633
3635
3636
3640
3641
3642
3649
3650
3657
3663
3671
3673
3677
3681
3682
3684
3688
3690
3692
3697
3703
3704
3705
3706
3711
3713
3720
3730
3733
3742
3749
3750
3753
3755
3760
3764
3775
3777
3786
3793
3794
3796
3799
3802
3806
3812
3814
3815
3816
3822
3824
3825
3838
3839
3849
3852
3854
3855
3856
3861
3868
3869
3871
3872
3876
3877
3879
3883
3885
3887
3888
3890
3891
3893
3895
3901
3905
3906
3908
3912
3914
3916
3919
3921
3932
3934
3941
3945
3946
3955
3957
3962
3963
3967
3972
3979
3981
3982
3986
3987
3988
3989
3990
3991
3993
4004
4008
4012
4020
4024
4027
4030
4037
4038
3
5
6
8
10
12
30
33
37
38
40
45
50
57
60
64
70
71
72
80
81
82
84
86
87
90
91
100
103
105
106
109
111
115
117
120
121
125
127
129
130
141
145
146
149
155
158
161
166
178
182
184
185
191
192
193
197
207
211
214
225
230
231
234
238
240
244
245
253
257
260
261
269
273
276
296
303
305
309
314
319
320
321
323
327
330
335
343
347
348
357
362
367
372
382
384
393
399
408
409
417
419
420
421
427
428
429
431
434
435
437
439
447
451
454
456
466
468
469
470
471
475
476
481
483
486
490
491
495
496
501
505
519
522
523
525
527
528
530
532
536
537
543
546
547
550
558
566
567
569
570
572
573
574
581
584
585
588
592
593
598
600
603
608
617
620
628
632
633
634
635
636
637
645
647
652
653
659
662
665
673
680
688
689
690
695
701
702
711
716
724
725
726
728
745
747
748
750
752
753
757
758
760
765
768
769
771
772
773
774
781
785
792
794
796
797
798
800
808
810
825
826
831
832
833
834
839
840
847
848
857
858
861
862
867
871
873
875
879
883
887
889
890
891
897
899
907
911
914
919
923
925
941
944
946
954
957
958
959
961
963
965
966
969
973
981
984
987
989
991
993
996
1000
1001
1005
1006
1010
1011
1012
1020
1022
1023
1024
1030
1032
1035
1036
1041
1045
1047
1060
1066
1070
1072
1073
1076
1080
1081
1093
1094
1096
1097
1101
1104
1105
1108
1114
1116
1119
1121
1122
1123
1126
1127
1129
1134
1141
1143
1149
1150
1151
1156
1157
1159
1164
1166
1167
1170
1172
1176
1185
1188
1192
1193
1194
1195
1202
1206
1208
1211
1217
1222
1223
1224
1226
1229
1235
1237
1238
1241
1247
1249
1250
1257
1266
1269
1272
1273
1276
1279
1280
1284
1291
1292
1294
1299
1300
1311
1315
1319
1330
1335
1336
1337
1339
1341
1348
1350
1355
1356
1359
1364
1369
1374
1375
1377
1378
1381
1386
1390
1391
1394
1399
1400
1402
1403
1407
1408
1418
1421
1424
1427
1431
1440
1441
1443
1445
1446
1449
1455
1456
1467
1469
1470
1473
1474
1478
1480
1481
