107
770
3980
18
102
4025
145
3798
3074
3801
872
3181
883
2595
3616
289
3502
1208
879
110
3619
3729
2245
209
377
2817
411
3999
3887
3531
4029
3305
904
1713
335
2714
1834
61
1013
4035
3688
1510
1755
3983
43
1586
656
1395
358
83
572
3970
1346
2230
37
610
1224
699
3533
2621
3849
192
294
181
1394
33
2382
1693
2178
3946
401
12
3811
602
168
245
2281
870
175
3901
3582
3537
2256
73
66
3767
3911
3813
3899
3638
153
3942
336
3105
874
867
124
114
179
100
278
4019
4033
193
3996
4027
189
3984
594
4013
3773
328
3952
4001
4037
3888
3588
3652
390
1200
2219
2017
3910
3723
1295
2421
3575
2740
3805
3606
1956
3704
3597
8
564
1297
95
4015
3748
3990
3987
3846
125
998
3626
678
3555
3561
3839
3806
270
1967
1961
1969
1996
1007
864
761
855
638
778
2269
851
813
799
788
775
744
704
714
796
692
1177
1838
574
206
215
3807
3268
2106
2857
613
3127
3461
1033
1016
3398
2963
356
3965
233
90
3856
2700
3694
3408
2942
155
191
3134
2826
1326
1854
1676
3374
892
2439
875
1822
403
154
2802
3436
1546
1498
3093
2879
468
1414
157
3133
2971
3565
3210
3368
3724
3282
3890
1157
1657
2902
790
1422
2878
505
1053
652
74
832
3935
3549
1252
802
642
1901
338
1027
2790
2704
3686
3875
3044
629
2821
3180
3407
3310
406
2752
2980
2736
3922
2651
234
3954
256
1417
3156
2805
3037
1145
307
2541
3673
241
1203
3955
3091
205
859
673
1887
3487
1065
3923
911
3457
2922
3227
2898
340
3271
3682
2596
1061
2691
129
47
1455
2792
3600
3128
945
1560
174
1168
2998
210
3689
3974
1797
2899
3859
3375
3249
918
2883
86
891
801
3978
490
522
660
344
1096
1461
49
2771
3389
516
3314
3055
929
1701
725
798
852
884
76
3504
351
441
393
501
476
399
364
3536
3665
3489
3827
4038
3994
3981
3998
150
163
2975
3632
3791
227
321
858
871
881
2167
2487
195
306
218
78
273
3444
467
437
498
84
237
1194
1777
3863
3585
3446
3814
3662
3546
3490
4036
383
2535
895
866
1105
1002
1890
3700
3669
3864
3647
3439
3932
3799
3716
3513
3848
3844
2483
3372
2930
3251
885
887
776
877
3885
2774
3147
4007
4016
263
68
177
99
46
225
143
4017
3993
4004
4030
4000
3988
4032
4020
4021
4009
4003
3982
4031
4028
4011
4010
4006
4002
3997
3992
3989
4018
4023
3985
4014
3995
3986
4022
4005
3991
4026
4024
4034
4008
4012
667
825
886
878
863
889
882
876
729
804
808
869
893
888
811
890
698
847
846
750
797
763
853
753
835
723
716
719
774
720
745
831
820
849
755
740
708
743
856
706
697
795
844
837
772
737
880
734
710
814
829
724
854
727
810
718
695
735
828
826
824
792
780
728
709
800
711
768
731
693
827
842
830
782
751
762
738
843
838
807
787
779
730
794
834
773
760
690
823
821
819
766
747
701
696
764
739
836
809
758
748
848
845
841
840
833
817
815
812
805
803
786
784
781
777
769
765
759
756
754
752
746
736
733
726
722
715
713
705
703
700
694
688
687
816
793
839
742
707
686
689
850
767
712
702
806
822
818
732
791
789
771
861
691
757
873
865
749
717
783
741
785
894
721
868
860
857
862
3861
3621
4
293
112
87
343
190
3787
3882
3541
246
152
320
50
337
20
19
5
326
23
2
3837
3671
3843
3595
3754
7
339
288
48
60
314
298
162
111
208
156
302
254
180
333
116
310
59
85
204
196
3459
3766
3747
3587
3776
3751
3641
3675
3759
3757
3836
3774
3732
3602
3583
3770
3778
3655
3878
3949
3914
3825
3917
3725
3927
258
117
286
221
217
22
586
2015
2357
311
318
132
268
55
313
317
199
238
341
290
232
126
249
94
141
135
45
69
185
65
57
159
63
331
158
10
16
284
178
248
182
261
250
79
72
88
62
30
133
242
194
139
312
140
17
300
347
222
211
188
148
295
229
281
251
36
29
299
266
80
24
214
144
115
28
14
51
325
257
176
91
274
200
92
3613
3594
3645
3607
3967
3809
3783
3612
3789
3960
3696
3957
3708
3975
3519
3476
3623
3483
3610
3499
3904
3524
3535
3931
3768
3539
3494
3897
3599
3470
3500
3660
3622
3493
3468
3631
3601
3591
3511
3507
3771
3745
3907
3976
3794
3892
3445
3786
3568
3644
3977
3769
3698
3871
3628
3668
3532
3529
3973
3945
3738
2814
291
231
81
169
223
186
134
82
75
324
584
634
681
599
628
2207
2251
1936
1988
2173
1937
2632
2618
2277
2456
2402
2119
2105
2450
2113
2166
1915
2314
277
161
272
103
9
53
334
323
271
239
212
203
170
128
122
98
40
13
322
315
304
197
165
142
123
104
39
25
346
345
342
332
329
309
303
279
276
275
265
260
253
252
236
228
224
201
187
184
172
160
149
147
137
131
130
127
121
118
113
109
108
106
101
97
96
64
54
41
32
31
26
3
1
2577
2341
2301
2442
1974
2454
3919
3562
3695
3523
3581
3681
3753
3472
3802
3950
3670
3527
3972
3752
3634
3554
3443
3895
3834
3823
3777
3491
3485
3780
3933
3920
3478
3894
3958
3810
3509
3893
3542
3749
3720
3664
3571
3465
3707
3701
3906
3726
3969
3821
3764
3908
3953
3775
3712
3947
3793
3584
3558
3463
3866
3782
3869
3690
3564
3829
3534
3474
3715
3548
3528
3850
3835
3608
3508
3758
3680
3924
3870
3792
3719
3646
3900
3593
3442
3763
3620
3506
3855
3883
3479
3921
3713
3666
3447
3727
3574
3815
3710
3705
3615
3822
3833
3486
3743
3912
3868
3857
3819
3865
3460
3505
3867
3862
3728
3629
3455
3637
3739
3464
3956
3937
3784
3510
3559
3730
58
1387
297
280
269
105
56
27
658
679
672
616
666
664
618
647
615
670
662
659
650
675
661
635
582
665
579
509
530
657
617
547
568
562
534
2291
2270
2337
2265
2515
2431
2622
2580
2424
2238
2527
2644
2082
2286
2034
2620
2466
2316
2158
2656
2335
1949
2349
1992
2360
2570
2405
2373
2412
2342
2260
2156
2236
2523
2614
2444
2411
2397
1990
2371
1975
2231
1960
2013
2152
2659
2626
2097
1976
2297
2014
1995
1958
1998
2452
2587
2657
2025
1935
2192
2202
2016
2346
2585
2171
2022
2012
1968
1927
2583
2365
2157
2061
2011
1921
2048
2576
2044
2584
2147
2427
2383
2179
2606
1963
2613
2109
2063
1918
2395
2331
2220
2391
2552
2532
2299
2084
2078
2074
2513
2317
2288
2197
1977
2459
2162
1952
2433
2326
2311
2060
2043
1946
2493
2628
2480
2477
2083
1962
2647
2633
2447
2435
1914
2099
2611
2488
2448
2441
2263
2227
2217
2130
2120
2100
2051
2635
2096
2640
1919
2295
2627
1999
1973
2534
2503
2497
2361
2186
2107
1978
2660
2538
2027
1951
308
285
213
67
21
0
2579
2298
2271
2210
2103
1984
2126
2211
2322
2182
2029
2364
2004
1928
2558
2554
2531
2318
1939
2549
2021
2561
2208
2572
2485
2460
2374
2354
2200
2140
2077
2045
2625
2624
2619
2607
2586
2499
2303
2275
2164
2150
1979
2601
2564
2172
2064
2059
2240
2593
2590
2563
2539
2504
2300
2108
2093
2037
2612
2272
2175
2036
2467
2309
2290
2218
2088
2525
2214
2185
2604
2507
2500
2492
2484
2418
2414
2407
2393
2392
2381
2356
2340
2324
2266
2212
2201
2190
2131
2122
2112
2046
1997
1993
1953
1929
2334
3471
3944
3731
3642
3741
3898
3860
3832
3804
3765
3649
3516
3481
3467
3790
3514
3540
3943
3627
3518
3788
3697
3966
3891
3672
3735
3685
3598
3553
3482
3929
3785
3603
3480
3889
3693
3651
3884
3449
3438
3576
3760
3702
3635
3517
3971
3736
3578
3557
3488
3654
3495
3938
3762
3915
3902
3617
3611
3497
3934
3930
3845
3779
3596
3979
3964
3963
3961
3951
3941
3926
3918
3913
3909
3905
3903
3896
3881
3880
3876
3858
3854
3852
3847
3838
3826
3818
3812
3808
3803
3761
3750
3746
3740
3737
3734
3722
3718
3714
3711
3709
3706
3699
3683
3676
3667
3663
3659
3658
3648
3643
3640
3639
3636
3630
3624
3605
3590
3572
3569
3567
3563
3556
3543
3538
3526
3515
3512
3503
3498
3496
3492
3484
3477
3473
3469
3466
3462
3450
3441
1154
956
1403
987
1264
682
3003
119
1698
1697
636
620
592
589
684
626
611
575
595
577
623
654
653
612
625
609
605
573
677
633
643
632
583
627
600
663
381
543
529
429
539
477
558
415
372
519
449
385
685
655
631
425
557
590
470
450
382
555
531
405
359
413
362
458
511
508
387
360
445
512
460
395
523
1855
1089
1481
2473
2274
2350
2425
2406
2366
2242
2400
1913
2610
