0
882
3981
864
3984
4016
855
642
1194
3147
1607
871
875
749
3983
3992
841
114
3729
3974
47
2541
3807
3922
183
3704
2168
3134
201
3954
2860
3963
3813
3908
296
2487
263
3700
3806
3447
91
667
4028
854
725
700
886
873
788
4024
4015
4006
4035
4036
4005
4022
865
750
3995
4008
1466
2457
3935
287
3453
43
12
3856
624
215
3071
1386
3853
2470
292
602
3798
3709
668
607
918
210
18
2842
1560
256
42
90
3268
282
145
255
401
3885
1224
468
443
52
2792
3808
1394
3875
2382
1208
182
2595
1046
216
2857
70
35
157
1627
1276
3006
1395
3879
1262
3732
3408
3125
1430
234
1233
454
112
3717
3744
3733
1252
1353
247
2922
3816
1546
3689
191
207
2998
3582
307
270
2565
219
3653
3946
351
3781
206
1762
996
3953
1510
3910
3544
2634
3844
46
2930
3513
1838
610
671
649
2980
1038
399
340
3432
3660
163
306
2358
3457
3771
1301
1961
1263
3161
2799
64
2651
3723
151
2256
3165
2008
3376
3323
3333
3585
3914
3894
2548
3398
3754
3607
1506
1788
587
950
3766
3940
1696
2357
3281
3919
2847
3788
2238
2070
196
284
103
2503
1453
194
3245
3546
3861
3624
3799
177
2113
2051
143
3536
3682
2535
1053
3401
217
2281
3626
3502
1956
2456
437
564
2245
364
102
532
2094
1664
3864
3911
3669
1057
498
2167
3849
3939
3742
406
120
264
193
572
467
3127
192
2527
2106
3801
386
2483
1586
244
581
863
876
889
751
836
861
878
691
791
872
895
785
874
717
743
790
851
757
877
4017
744
892
4007
3999
4025
594
692
852
259
8
2301
4029
799
723
753
714
837
806
765
839
722
818
794
769
804
831
822
730
795
778
779
809
783
748
848
772
741
803
793
701
835
758
755
711
807
847
838
817
845
840
792
738
727
718
849
814
797
787
764
760
731
708
696
687
856
853
842
834
830
829
828
827
824
823
820
819
815
810
805
800
784
781
780
774
773
770
766
754
752
747
745
739
728
726
724
719
713
705
703
698
697
695
694
688
686
689
812
786
821
813
690
715
782
742
789
732
833
771
768
843
763
844
693
720
709
706
777
734
811
707
756
729
712
762
736
737
740
702
761
710
733
746
850
716
802
767
880
869
796
826
846
759
704
887
879
867
885
776
832
870
884
735
866
894
721
859
883
798
881
857
868
2774
3055
3074
2817
825
893
4001
860
801
4012
4010
4034
4032
3987
3996
891
4033
3990
4011
3989
4037
3991
3997
4002
3993
4013
4031
4038
4019
4020
3985
4027
775
3994
699
4018
4000
4023
3998
4014
4026
3988
4003
3980
4030
3982
4021
4009
4004
3986
858
890
816
888
808
1206
585
2079
3650
11
1119
638
3031
550
3451
1581
335
3570
358
209
1145
911
1096
674
3820
3183
3230
3748
613
2569
37
1834
74
2596
447
2269
15
2195
608
33
3846
3746
233
3407
241
179
377
286
205
3037
154
2691
1270
2788
1854
1326
379
1027
3282
3688
3959
1065
49
648
2814
316
279
1755
160
3942
2704
356
138
1105
3589
153
267
81
1967
411
305
97
253
2740
3854
1002
1693
1690
1558
1176
1071
1253
71
155
383
293
301
904
1760
61
899
3691
499
3560
2481
76
2808
228
174
2178
294
327
3811
453
240
3699
321
2975
2952
3575
3413
2204
552
3375
656
660
3955
2442
3467
571
448
384
110
3928
2714
1034
164
2437
1890
3597
1362
3897
3121
2380
166
2722
336
2798
3565
1996
3003
3537
2838
124
3952
202
464
95
3619
190
262
6
147
3271
2441
1937
3787
220
245
2885
3673
1474
1776
3887
3494
289
910
1383
3489
1200
3588
3676
1969
472
3865
1657
673
3444
3978
3637
3882
2855
3143
2963
1713
3925
3751
1442
1022
3965
530
1856
3765
1031
3686
125
2971
288
945
1711
3606
1651
1797
652
929
2902
3372
3227
283
476
319
3694
152
2015
2431
3290
2421
1264
89
2422
1157
1486
1295
3839
3131
1240
3749
3665
3181
3180
2671
3727
349
3890
3059
1133
1455
2505
3429
2692
250
3805
2824
27
2732
1354
1777
3678
371
2776
2219
593
562
3661
2230
1346
2721
3745
3310
1476
77
3477
2736
1579
1254
3305
393
1147
485
269
235
3923
3091
34
2621
3848
2017
3795
3970
