0
4020
743
2842
210
52
608
911
358
3147
401
3709
11
1353
1046
757
854
704
4036
3071
377
120
287
3733
125
3408
3939
1276
3816
3451
202
256
3885
2195
3959
336
12
3856
3935
1430
316
292
3031
865
220
3270
3134
875
3688
3798
1002
216
587
1206
1058
3704
801
2595
2269
4029
3808
3537
2798
552
1065
74
2975
581
3875
1690
3974
3407
2922
3846
15
3987
1270
209
3729
3513
267
2632
166
1586
1240
1394
3127
3074
3055
2817
2774
895
866
871
884
886
878
855
702
879
867
887
776
881
858
825
882
890
888
863
700
788
785
893
876
861
740
735
756
791
832
742
889
837
793
707
691
786
725
714
852
798
822
869
811
833
894
891
883
877
874
873
872
870
864
859
729
744
721
748
695
851
846
844
812
769
727
840
780
754
696
803
750
804
824
847
845
794
737
720
706
736
734
726
701
768
711
842
778
772
755
739
715
693
880
856
827
815
809
807
781
709
694
838
797
774
759
728
688
850
843
841
839
836
835
834
829
826
821
819
818
817
816
814
813
810
808
806
805
802
800
799
796
795
792
790
789
787
784
782
779
777
775
773
771
767
766
765
764
762
761
758
753
751
747
746
738
733
732
731
730
723
719
718
717
716
713
712
710
708
699
698
697
690
689
853
849
848
831
830
828
823
783
770
763
760
752
745
741
724
722
705
703
687
686
820
892
885
749
692
4033
4001
4038
4000
3992
3986
4025
3981
3996
4018
3997
4007
3991
4014
4004
4026
4037
4035
4032
4031
4030
4028
4027
4024
4023
4022
4021
4019
4017
4016
4013
4012
4009
4006
4005
4003
4002
3999
3998
3995
3994
3993
3990
3989
3988
3985
3983
3982
3980
4008
4034
4015
4011
594
667
3984
4010
283
454
351
2168
3723
3637
3949
3520
3879
3854
648
379
393
441
498
626
603
670
640
632
595
650
600
262
328
181
218
228
564
364
151
307
70
317
296
2
28
138
294
201
347
129
2382
2106
260
247
235
406
383
3575
3522
3967
3823
3622
3749
3805
3908
3911
3700
3502
3772
3746
3588
3890
3654
3766
3778
3834
3727
3932
3572
3457
3616
3560
3781
3563
3878
3489
3789
3920
3587
3844
3647
3439
3681
3776
3953
3659
3880
3543
3818
3589
3815
3663
3976
3539
3837
3503
3672
3899
3803
3914
3481
3969
3870
3768
3643
3730
3905
3894
3811
3892
3857
3657
3441
3887
3922
3812
3682
3606
3623
3559
3450
3542
3770
3645
3468
3675
3476
3635
3497
3790
3866
3763
3648
3566
3515
3632
3607
3500
3958
3855
3593
3507
3936
3719
3532
3903
3792
3711
3814
3771
3624
3731
3895
3898
3695
3783
3747
3565
3485
3484
3595
3698
3821
3975
3836
3759
3708
3956
3829
3726
3724
3634
3906
3794
3591
3555
3486
3891
3934
3931
3761
3443
3782
3564
3469
3810
3793
3867
3850
3713
3636
3498
3775
3673
3838
3788
3845
3640
3662
3585
3531
3868
3904
3742
3977
3865
3835
3753
3722
3608
3597
3553
3526
1008
3736
3661
3521
3926
3919
3918
3813
3795
3717
3639
3617
3594
3574
3533
3852
3689
3945
3942
3752
3738
3471
3780
3656
3824
3548
3440
1253
1071
1776
639
636
605
657
682
666
684
660
622
621
574
680
589
631
619
617
671
647
562
529
433
384
1664
424
381
485
477
365
474
382
448
652
572
571
568
551
550
535
532
530
522
518
509
501
499
478
476
472
470
467
466
464
459
457
453
447
443
437
429
415
411
399
390
386
372
349
34
403
371
570
541
539
560
445
416
385
685
681
677
675
672
665
664
662
661
659
658
654
644
643
635
633
628
627
625
623
620
615
612
611
599
598
597
592
590
588
586
585
583
582
579
578
577
576
575
573
558
547
533
362
495
462
456
455
540
60
54
338
208
10
117
81
311
84
298
312
341
248
165
309
275
273
78
4
222
221
57
303
206
212
223
176
3
198
226
162
144
14
123
122
109
40
31
337
139
113
320
284
36
211
98
263
131
182
62
310
41
330
302
242
204
196
94
219
130
1
5
278
177
318
199
169
158
13
346
173
230
25
268
238
118
239
26
143
132
104
20
257
339
167
331
224
188
73
48
16
249
194
180
53
190
175
155
83
61
51
326
140
116
115
111
19
342
323
277
272
258
134
133
105
85
75
72
66
259
91
340
304
291
246
319
147
2493
2167
2349
2651
2178
2580
1922
2528
2094
2265
2008
2263
2656
2251
1949
2523
2160
1915
2548
2558
2358
2230
2162
1934
2402
2107
2320
2255
2383
2456
2437
2440
2316
2197
2357
2633
2027
2012
2000
2017
2444
2650
2490
2401
2476
2513
2085
2011
2503
2335
2156
2119
1990
2505
2050
2016
1931
2535
2236
2152
2146
2129
2639
2627
2585
2006
2626
2276
2412
2583
1991
1914
2207
2640
2297
1919
2590
2500
2477
2240
2647
2636
2337
1951
322
213
67
56
21
2426
2082
2514
2452
1976
2641
2556
2469
2172
2078
2214
2342
2126
2584
2092
2067
2061
2658
2024
1935
508
479
425
387
604
679
614
584
395
512
3491
3779
3930
3712
3674
3962
3944
3889
3693
3618
3968
3950
3872
3552
3496
3760
3545
3517
3938
3851
3842
3841
3734
3697
3692
3677
3596
3979
3978
3973
3972
3971
3970
3966
3965
3964
3963
3961
3960
3957
3955
3954
3952
3951
3947
3946
3941
3940
3937
3933
3929
3928
3927
3925
3924
3923
3921
3917
3916
3915
3913
3912
3910
3909
3907
3902
3901
3900
3897
3896
3893
3888
3886
3884
3883
3882
3881
3877
3876
3874
3873
3871
3869
3864
3863
3862
3861
3860
3859
3858
3853
3848
3847
3843
3840
3839
3833
3832
3831
3828
3827
3826
3825
3822
3819
3817
3809
3807
3806
3804
3802
3801
3800
3799
3796
3791
3787
3786
3785
3784
3777
3774
3773
3769
3767
3764
3762
3758
3757
3755
3754
3751
3748
3745
3743
3740
3739
3737
3735
3732
3728
3725
3720
3718
3716
3715
3714
3710
3707
3706
3705
3703
3702
3701
3699
3696
3694
3691
3690
3687
3685
3684
3683
3680
3679
3678
3676
3671
3670
3668
3667
3666
3665
3664
3660
3658
3655
3653
3652
3650
3649
3646
3644
3642
3641
3638
3633
3631
3630
3629
3628
3627
3625
3621
3620
3619
3615
3614
3613
3612
3611
3610
3605
3604
3603
3602
3601
3600
3599
3598
3592
3590
3584
3583
3581
3580
3579
3578
3576
3573
3571
3570
3569
3568
3567
3562
3558
3557
3554
3551
3549
3547
3546
3544
3541
3538
3536
3535
3534
3530
3529
3528
3527
3524
3523
3519
3518
3516
3514
3512
3511
3510
3509
3508
3506
3505
3504
3499
3494
3493
3492
3490
3488
3487
3483
3482
3480
3479
3478
3477
3475
3474
3473
3472
3470
3467
3466
3465
3464
3463
3462
3461
3460
3459
3458
3455
3454
3452
3449
3448
3447
3446
3445
3444
3442
3438
3626
868
329
128
189
119
1856
1860
1401
1654
1264
1855
1526
1218
1194
1704
1829
1455
1244
945
1157
1599
1747
1378
1695
1784
963
1773
1147
1414
1073
1602
1443
1000
1005
994
1895
903
901
987
1481
1696
1490
939
1499
1251
1248
1764
1884
905
3948
3943
3830
3756
3750
3741
3721
3651
3561
3556
3540
3525
3495
1699
1910
1372
1356
1342
1202
931
1174
928
1716
1578
1152
1896
1808
1607
1062
1634
943
1541
1121
1296
1252
1901
1133
1508
1432
1350
1036
1229
1582
1286
1257
1141
922
1715
1655
1347
1345
1090
1649
956
1249
1131
601
986
944
1667
1624
1743
1493
1319
1137
1045
1794
1729
1502
1245
941
1630
1786
1638
1108
1548
1452
1232
1118
1097
1740
1223
1482
1355
1310
1236
1188
1127
974
1876
1770
1739
1733
1686
1507
1504
1503
1454
1429
1418
1324
1314
1299
1241
1225
1221
1216
1158
1066
1051
933
1763
1425
1142
1889
1436
1043
1464
1611
1279
1067
957
1848
1382
971
919
1875
1873
1857
1841
1824
1812
1742
1732
1728
1691
1628
1596
1583
1448
1392
1277
1273
1227
1102
1081
1044
1032
1021
1018
1009
989
981
975
1830
1606
1459
1446
1235
630
629
1680
1515
1022
678
663
655
653
618
616
609
422
593
545
645
634
554
549
543
534
531
528
510
504
480
449
435
427
421
407
405
369
357
350
1565
536
375
1778
1543
494
440
404
398
352
1313
676
565
546
506
490
452
432
418
410
392
388
569
567
556
537
465
451
1745
1469
1275
1037
516
505
486
469
380
683
673
669
646
610
557
548
544
523
520
519
513
511
502
496
491
489
488
481
473
471
463
458
450
444
442
439
434
426
423
419
417
413
397
396
361
360
359
355
354
1878
1767
1694
1692
1408
1400
1320
1300
1237
1113
930
580
559
555
517
515
503
497
460
446
438
436
431
430
408
402
400
394
391
373
348
1673
1545
1529
1427
1318
1179
1080
656
651
591
561
553
542
527
525
524
521
514
507
500
493
492
487
483
482
461
414
412
409
378
374
370
368
367
353
345
344
343
335
334
333
332
327
325
324
321
315
314
313
308
306
305
300
299
297
295
290
289
288
286
285
281
280
276
274
271
270
269
266
265
264
261
254
253
252
251
250
245
244
243
240
237
236
233
232
231
229
227
225
214
207
205
203
200
197
195
193
192
191
187
186
185
184
178
174
172
170
168
164
163
161
160
159
156
154
152
149
148
146
142
141
137
135
127
126
124
121
112
110
108
106
103
102
101
100
99
97
96
95
93
92
89
88
87
86
82
80
79
77
71
69
68
65
63
59
55
50
46
45
44
43
39
38
35
32
30
29
27
24
23
22
18
17
9
8
7
6
2522
2331
2136
1946
2624
2611
2551
2536
2532
2506
2484
2418
2404
2395
2386
2308
2300
2216
2184
2123
2121
2108
2104
2098
2045
2030
1984
1962
1938
1925
1965
2660
2406
2364
2157
2018
1995
2655
2638
2631
2586
2573
2563
2553
2549
2546
2499
2449
2446
2443
2381
2356
2353
2306
2299
2288
2261
2258
2218
2200
2154
2140
2124
2115
2109
2077
2069
2064
2060
2044
1997
1993
1979
1966
1942
2473
2480
2242
2531
2389
2432
2361
2544
2390
2324
2287
1972
2205
2145
2031
2496
2110
1952
2610
2325
2116
2568
2501
2222
2221
2075
1981
1970
2637
2612
2497
2416
2403
2397
2345
2322
2272
2231
2226
2211
2186
2185
2141
2080
2065
2057
2049
1936
1923
2599
2653
2315
2298
2163
2010
2537
2468
2445
2409
2396
2303
2149
2019
2472
2273
2138
2087
1939
2602
2578
2564
2559
2550
2492
2462
2429
2428
2379
2354
2348
2340
2253
2244
2206
2194
2188
2183
2131
2095
2093
2063
2053
2039
2033
2021
1985
1964
1959
2659
2657
2654
2652
2648
2646
2645
2644
2635
2634
2630
2628
2625
2623
2622
2621
2620
2619
2618
2615
2614
2613
2607
2606
2604
2603
2601
2600
2593
2591
2587
2582
2581
2579
2577
2576
2575
2574
2572
2571
2570
2569
2566
2565
2562
2561
2560
2557
2554
2552
2545
2540
2539
2538
2534
2530
2527
2526
2525
2524
2521
2520
2519
2518
2517
2515
2512
2507
2504
2495
2494
2489
2488
2487
2486
2485
2483
2482
2481
2479
2478
2474
2470
2467
2466
2464
2460
2459
2455
2454
2453
2450
2448
2447
2442
2439
2438
2435
2434
2433
2431
2430
2427
2425
2424
2423
2422
2421
2415
2414
2411
2410
2408
2407
2405
2400
2393
2392
2391
2388
2387
2380
2378
2377
2376
2375
2374
2373
2371
2370
2369
2367
2366
2365
2363
2362
2360
2359
2352
2350
2346
2341
2339
2336
2334
2329
2328
2326
2323
2321
2318
2317
2314
2313
2312
2311
2310
2309
2307
2305
2304
2301
2296
2295
2291
2290
2286
2284
2281
2280
2278
2277
2275
2274
2271
2270
2262
2260
2259
2257
2256
2252
2249
2248
2245
2243
2238
2237
2235
2234
2233
2232
2229
2228
2227
2225
2220
2219
2217
2213
2212
2210
2209
2208
2204
2202
2201
2193
2192
2190
2182
2181
2179
2177
2175
2173
2171
2170
2166
2165
2164
2161
2159
2158
2150
2147
2144
2142
2139
2137
2130
2122
2120
2118
2114
2113
2112
2105
2103
2100
2099
2097
2096
2091
2090
2089
2088
2086
2084
2083
2076
2074
2073
2070
2066
2059
2058
2056
2055
2051
2048
2046
2043
2041
2040
2037
2036
2035
2034
2029
2026
2025
2023
2022
2020
2015
2014
2013
2009
2005
2004
2002
2001
1999
1998
1996
1994
1992
1989
1988
1987
1986
1983
1982
1980
1978
1977
1975
1974
1973
1971
1969
1968
1967
1963
1961
1960
1958
1957
1956
1953
1950
1944
1943
1937
1933
1930
1929
1928
1927
1924
1921
1920
1918
1917
1913
136
2617
2616
2511
2510
2463
2461
2451
2436
2330
2254
2180
2169
2155
2151
2148
2133
2127
2125
2042
2003
1955
1926
2642
2609
2605
2594
2592
2589
2588
2547
2529
2516
2502
2498
2491
2475
2471
2465
2419
2417
2413
2394
2385
2384
2368
2355
2347
2344
2343
2327
2319
2302
2294
2285
2283
2246
2241
2224
2215
2196
2191
2189
2176
2174
2143
2101
2081
2072
2071
2068
2062
2052
2038
1954
1947
1945
1940
1932
1916
1498
1777
1713
1574
1549
1385
428
1771
1023
1239
1518
606
1340
1523
1293
1897
1532
1258
1159
968
637
1189
900
1476
1737
1069
1049
1209
1075
983
1734
1683
1539
1290
1821
1068
1339
1242
1196
1128
1092
999
925
1891
1230
1184
1149
1877
1389
978
1823
1789
1643
1547
1516
1302
1291
1156
982
921
916
1617
1012
526
1864
1598
1898
1868
1336
1180
1559
1289
1047
1885
1807
1709
1688
1453
1052
1888
1219
1084
1029
947
1818
1444
1435
1902
1879
1843
1839
1827
1761
1746
1619
1610
1597
1571
1488
1409
1388
1380
1335
1267
1255
1181
1083
1079
932
1280
3797
3609
3586
3577
3550
3501
3456
3437
857
1544
1312
2814
3003
1387
1297
217
150
64
1193
996
3372
3389
1837
