0
733
3982
699
895
71
3717
4035
4008
875
750
4020
2596
608
3729
607
3268
42
3037
1627
3807
3922
1176
1755
2817
3121
91
2015
2732
3716
195
3961
2227
1403
3932
230
3131
1890
2792
3407
707
887
788
852
785
877
749
858
775
866
4015
4036
4001
3987
4010
3983
4032
4022
883
3996
860
3985
4013
3995
743
3798
335
3856
1466
1096
1145
3183
1206
3820
114
18
3853
911
210
602
74
1560
3746
233
256
90
145
47
401
3885
2691
2788
1854
2483
1394
1326
160
2382
305
3688
3589
183
411
35
81
648
1395
234
3879
1253
3134
3854
904
301
1760
3744
112
3733
499
2178
2481
3816
174
294
321
571
2714
3928
660
3689
3565
3897
3952
270
2441
3939
120
3494
3787
1031
1776
3953
3978
1510
3882
3765
288
3606
1264
3749
2431
2721
2230
393
1455
3310
3305
371
3669
671
485
2884
2017
2094
229
1956
3161
365
3336
3370
2767
937
129
3834
3333
1414
1896
2251
574
268
943
3512
3644
3613
3583
857
3536
3566
3487
2301
2805
3723
3647
2487
4
2041
275
181
1961
218
3502
3908
306
273
328
2321
2245
3632
3813
3661
3251
3091
3181
3372
2902
3637
3271
868
307
264
3074
3055
201
1105
70
182
33
826
753
822
806
794
843
771
722
763
844
804
737
741
772
720
795
709
783
779
777
758
755
809
848
807
711
793
835
817
706
734
792
731
845
838
770
738
708
701
847
840
819
797
787
784
780
754
739
726
856
853
849
842
834
830
829
828
827
824
823
820
815
814
810
805
800
781
774
773
766
764
760
752
747
745
728
724
719
718
713
705
703
698
697
696
695
694
688
687
686
740
715
850
756
876
799
714
762
730
693
831
778
803
748
727
889
729
732
833
723
751
837
789
765
818
839
812
808
816
878
759
836
712
769
689
786
690
863
813
742
716
846
725
761
821
798
890
882
880
710
861
767
869
791
886
776
704
867
825
885
832
851
735
870
854
893
864
4027
4002
801
872
1002
253
78
3127
2774
3147
667
865
594
4029
4011
4012
3984
3991
892
4016
4006
4024
4033
4005
4034
4028
692
3999
3989
859
3990
4037
4025
4007
891
3992
4003
717
841
3993
3981
3988
884
4031
4038
790
894
744
3994
4026
4023
3998
3997
4004
3986
4019
4018
873
4014
4021
4009
4000
4017
881
757
3980
4030
871
879
855
874
691
721
796
700
802
702
811
746
888
736
782
768
358
37
3031
2470
918
2569
2195
2079
3570
638
2269
3451
1834
3935
215
292
613
550
3453
15
11
3974
3071
674
3650
3230
1119
287
3709
43
624
668
209
2457
585
3748
2842
1386
447
12
1581
3846
581
282
244
642
377
255
179
241
286
1224
205
468
154
3875
443
52
3808
1270
1586
379
1208
1046
2595
49
1027
216
2541
2857
3959
356
157
267
2740
1065
2704
1430
138
1233
3125
2814
386
3704
3732
1262
1276
1693
1967
97
2168
316
153
3006
279
383
1558
1690
3942
3408
1071
3282
899
3801
454
3560
3691
2106
293
61
1252
1194
247
2527
155
228
2808
76
327
3699
192
2975
2922
453
1353
2952
3954
2204
1546
3955
3467
240
572
2798
207
3811
656
1362
467
384
3413
2998
2860
193
552
3375
2722
2380
164
336
110
448
3597
191
3575
2442
1034
2437
3582
124
166
1996
3537
2565
2838
406
202
219
3946
351
3781
3653
262
6
220
3619
147
95
3742
245
3003
464
996
190
3444
1937
2885
206
3887
3849
1200
1474
3673
1383
1762
1657
8
3676
3489
1022
259
1713
3143
1442
2971
3965
3588
910
2167
3686
2855
1969
1856
289
2634
3544
652
3910
530
125
3865
2963
472
673
1607
1057
1651
3751
3925
1711
945
2421
283
498
152
3844
476
3694
1295
3290
1797
319
2930
1157
1486
929
1240
2422
3227
649
2505
1476
3180
46
2980
89
3839
1254
2776
349
3678
3727
1346
3805
3665
3963
1777
3477
1038
1147
3890
3745
1133
1417
2671
250
34
3513
27
3429
593
3059
2219
2824
269
1354
610
2736
3795
1838
235
3923
3806
1579
2692
3864
399
562
32
3789
102
441
1664
77
501
3848
3700
3447
3911
533
564
3970
2375
86
2621
987
3270
163
3441
1297
3893
2034
532
117
3724
3216
2358
364
3652
2100
3977
3904
2263
3044
3432
1792
1168
2528
2388
1301
1151
3660
296
3859
1759
3936
2899
2517
3217
340
2580
3457
167
263
63
1701
655
1498
2456
1263
390
44
2493
437
3175
64
1924
1521
1202
3530
189
1087
131
1855
3916
2651
3439
3812
1974
3504
237
2799
260
1654
549
480
83
2281
51
347
3424
3771
126
1058
243
3941
657
1552
621
3159
3317
3899
3548
3354
2256
985
586
679
3600
3389
1372
151
3045
3122
317
311
3165
338
3445
3323
935
3720
2893
217
3552
3436
3376
3218
3126
3094
2752
3551
198
