0
796
3988
3183
1002
4022
2740
1560
3589
1046
215
264
1854
3308
859
2470
2441
1145
3451
1270
286
2079
2442
2824
648
182
1119
154
255
1760
2788
70
4028
1394
33
3946
3963
1974
157
3673
2817
351
1224
1558
81
1586
4007
4034
4035
3987
4032
209
47
3717
485
336
3551
317
1708
1466
3444
3742
3647
3806
3974
476
3882
1038
2195
250
2975
210
593
1206
892
3282
4001
2041
1096
3467
1395
244
581
3754
448
18
74
1022
1031
3334
4024
3141
4010
305
1521
3565
11
3175
2265
3552
2388
1253
3513
3961
2380
3709
832
775
750
2008
841
785
744
865
893
2857
884
860
3935
234
624
146
549
2106
1546
1776
2885
43
656
602
3681
1581
289
3879
3457
61
90
1498
356
2722
3816
918
608
174
160
3689
3537
3686
468
2541
3621
2158
453
1111
2692
1065
472
825
3952
2634
2321
2178
3932
3716
3744
4012
269
454
399
501
364
564
441
393
3530
124
3781
42
97
253
1711
873
874
885
887
872
867
776
110
91
193
3992
3983
4002
4038
4019
3999
3995
4025
4017
4023
4014
4009
3994
4011
4037
4033
4031
4030
4026
4021
4018
4016
4005
4004
4000
3998
3997
3993
3990
3986
3985
3982
3981
594
3980
1208
1627
1105
1890
1027
4020
3989
4003
4027
667
4013
4029
3991
3984
3996
4015
4036
4008
4006
689
733
717
786
714
767
732
822
712
749
839
725
771
710
723
751
715
742
722
850
720
782
701
876
880
797
716
737
835
728
759
855
854
852
833
818
816
809
806
802
801
799
798
793
791
790
789
788
768
765
757
746
740
707
702
700
692
691
853
762
836
831
808
780
778
824
821
795
784
690
777
748
727
849
783
758
756
755
851
766
735
719
753
820
794
745
738
736
711
688
882
729
815
807
823
709
695
848
846
845
842
826
812
810
781
779
773
760
741
731
726
706
693
869
847
844
838
834
829
817
792
764
761
754
713
703
697
889
888
878
747
837
787
770
763
734
730
718
843
819
752
739
696
687
686
814
705
694
830
827
800
769
724
895
879
891
890
886
883
864
863
861
858
856
840
828
811
805
804
803
774
772
708
894
881
871
698
870
866
743
877
704
813
721
699
868
857
875
3787
3807
3585
3861
3955
3878
3489
3812
572
498
3432
3923
3751
3720
3789
3660
3698
3778
3767
3498
3876
3531
3580
3694
3753
3770
3865
3685
3827
3532
3759
3904
3690
3441
3866
3614
3600
3900
3784
3783
3478
3678
3809
3696
3587
3970
3912
3567
3771
3671
3665
3459
3630
2483
437
499
386
3322
2893
3045
2721
3128
3083
3067
3749
3653
3502
3919
3683
3622
3564
3468
3890
3944
3640
3925
3979
3626
640
595
600
578
3579
3465
3822
3920
3655
3894
3718
3543
3757
3870
3775
3643
3539
3483
3825
3916
3792
3892
3538
3657
3591
3485
3644
3508
3957
3654
3949
3534
3458
3670
3542
3527
3518
3793
3782
3503
3910
3701
3476
3850
3505
3847
3629
3553
3470
3499
3619
3606
3857
3628
3445
3705
3620
3802
3442
3864
3813
3939
3905
3447
3712
3522
3612
3707
3603
3945
3710
3862
3950
3610
3828
3617
3535
3562
3722
3788
3656
3863
3546
3490
3638
3867
3835
3776
3664
3817
3635
3462
3921
3907
3735
3599
3933
3869
3482
3472
3906
3818
3758
3719
3711
3680
3631
3584
3815
3740
3526
3521
3455
3931
3695
3523
3514
3557
3837
3708
3675
3519
3511
3838
3762
3627
3909
3881
3826
3768
3648
3646
3493
3463
3972
3634
3474
3662
3446
3888
3808
3491
3623
3568
3958
3829
3555
3951
3833
3794
3706
3569
3486
3506
3487
3438
3964
3960
3791
3747
3641
3934
3929
3880
3872
3697
3461
3475
3471
3613
3516
3917
3871
3739
3725
3595
3541
3956
3821
3726
3652
3823
3761
3601
3529
3658
3573
3488
3790
3730
3528
3456
3937
3582
3469
3460
3699
598
589
2527
2437
2168
2245
2562
2570
2070
459
532
530
3354
3122
2799
3066
3401
2980
3376
3389
3167
3305
2917
2834
3190
3235
3229
3059
2855
3125
2671
2957
2942
2859
2707
3088
3126
3028
3012
2886
3103
3043
3189
3259
3144
2752
3069
3159
3217
3009
3199
3094
2791
2700
486
3577
3971
3930
3918
3898
3860
3858
3800
3765
3750
3734
3687
3674
3649
3605
3604
3594
3576
3563
3560
3512
3479
3448
3948
3693
3938
3877
3842
3831
3721
3702
3667
3618
3545
3496
3480
3927
3803
3752
3738
3968
3962
3873
3756
3737
3625
3596
3550
3851
3805
3703
3779
3609
3592
3517
655
631
575
1840
582
577
670
612
677
633
617
661
650
662
657
643
635
627
576
625
597
681
659
658
583
666
654
603
449
685
679
672
636
605
592
588
477
466
410
682
586
623
609
579
3723
3642
3586
3978
3977
3976
3975
3973
3969
3967
3966
3947
3941
3940
3936
3926
3924
3922
3915
3913
3903
3902
3901
3899
3896
3895
3893
3891
3889
3886
3884
3883
3874
3868
3856
3855
3854
3852
3845
3844
3843
3841
3840
3839
3836
3834
3832
3824
3819
3814
3811
3810
3804
3799
3797
3796
3795
3786
3785
3780
3777
3774
3773
3772
3769
3766
3764
3763
3760
3755
3746
3745
3743
3741
3736
3733
3732
3731
3728
3715
3714
3713
3700
3691
3682
3679
3677
3676
3672
3669
3668
3666
3663
3659
3651
3650
3645
3639
3637
3636
3633
3632
3624
3616
3615
3611
3608
3607
3602
3598
3597
3593
3590
3588
3583
3581
3578
3574
3572
3571
3570
3566
3559
3558
3556
3554
3549
3548
3547
3544
3540
3536
3533
3524
3520
3515
3510
3509
3507
3504
3501
3500
3497
3495
3492
3484
3481
3473
3466
3464
3452
3450
3449
3443
3439
375
680
522
429
508
455
510
539
620
562
470
361
676
413
551
516
357
2515
2443
2119
2375
2528
2193
2421
1996
2301
2167
2650
2401
2584
2545
2656
2166
2466
2456
2076
2023
2524
2357
2238
2170
2523
2152
2503
2251
2424
2405
1949
2181
1960
2156
2105
2034
1922
2217
2051
2487
2281
2576
2107
2035
2314
2049
1936
2412
2587
2488
2360
2126
2624
2258
1988
86
568
558
557
543
533
489
469
457
440
435
379
377
372
358
2703
3410
3371
3273
3208
3268
3312
2831
2726
2918
2959
2879
3181
2930
2685
3341
2972
2746
2705
2798
3015
2845
3292
3032
3007
2736
2962
2965
2961
2884
3092
2801
3053
3200
2829
2948
2761
3329
2904
2876
3110
2805
3029
3431
2896
2851
3251
2852
3326
3241
3129
3298
3281
2733
3034
3368
2727
2749
3194
2963
2931
2862
2695
3356
2900
2662
3340
2895
2819
2783
3039
2875
3379
3310
3072
2935
2933
3014
2681
2840
2697
3123
2710
3149
2680
3223
3344
3343
3435
3052
2987
3415
3018
2739
3257
3163
2797
2701
3044
2912
3427
3425
3042
2993
3426
3390
2897
3131
3360
2718
3314
3155
2756
3124
3133
3339
3213
3033
2985
2891
2666
3238
3250
3234
3232
2911
2669
3006
3404
3075
2923
2782
3267
3402
3171
2832
3421
2954
2898
2771
3011
2936
2828
3177
3236
3084
3025
2867
2794
3317
3080
2837
3060
3016
3254
3046
3288
3160
2989
3428
2745
3209
3109
2846
3374
3247
3102
2687
3285
3098
3085
3056
2969
2925
2916
2850
2673
2861
3328
3319
3296
2668
3139
2807
3035
3202
3095
3369
3196
3081
2955
2816
3301
3065
3040
2763
2755
2694
3113
3093
2868
3315
3243
3184
2929
2928
2924
2873
2743
2679
3307
2996
2709
3433
3394
3279
3166
3158
3104
3089
3073
2977
2956
2944
2907
2887
2683
2920
2905
2866
2827
2815
2689
3256
3187
3050
3106
2728
3299
2748
3417
3414
3324
2986
2967
2960
2943
2806
2800
3325
3318
3186
2934
2820
3383
3349
3275
2787
2784
2723
3264
3115
2702
3262
3079
2976
2823
2672
2737
3434
3397
3291
3150
3097
2770
2742
3309
3283
3313
3211
3406
3337
3151
3136
3027
2984
2844
2675
3363
3195
3064
3054
3004
2910
2908
2906
