107
3320
2554
3437
686
0
1548
3830
713
703
3774
4033
3460
3708
588
2170
3715
2670
1713
632
3476
3534
3697
1023
3628
2968
5
777
1325
1602
3128
359
600
833
187
579
3819
3719
3611
3783
908
3740
3598
867
453
618
3793
24
2023
3216
20
824
163
3671
874
775
1988
3171
650
3646
32
509
831
1594
2120
300
2528
3660
788
2089
2160
2173
9
1829
182
1301
303
74
310
3481
336
3168
3607
311
2365
2231
3648
911
424
1428
491
3187
2933
3069
2870
3777
3912
1913
3987
615
915
1421
3805
1687
1512
629
3657
3606
3517
3845
1784
2182
164
3531
251
2017
923
1005
197
2938
3383
3309
351
2426
4027
224
3601
1924
3395
4032
1150
1450
1138
1368
3046
675
3405
3030
3904
3173
835
3467
3918
2972
3292
2167
2779
565
891
3775
3134
3544
302
3968
3619
782
2534
1362
192
2569
2207
743
3227
4020
386
3616
3063
1468
773
797
1415
1731
910
3624
1651
43
3551
306
672
3474
3995
3644
198
2455
286
2857
3893
2016
1884
477
529
469
154
534
331
1476
3020
2776
116
2975
78
3200
3949
1808
3513
3849
1111
1521
1371
3898
501
1314
3536
1444
2739
369
3784
3346
111
1641
3413
188
329
2025
447
209
1493
1930
2227
260
732
3979
2728
1738
380
3694
3816
4008
2733
268
1806
185
83
3608
2158
648
22
888
3099
772
377
3820
814
1234
3981
3573
3045
1097
226
333
841
1226
3271
2587
1140
3290
3974
254
3058
48
3822
3786
2963
3866
3157
437
776
3850
1638
278
1058
372
1654
1430
3728
1204
3941
2767
3470
1000
2470
175
3655
2801
938
3518
3503
3993
3454
210
212
6
3984
3821
3649
589
573
1057
3748
742
230
564
1008
1593
1038
1119
240
1433
3244
4017
2450
749
3444
153
3983
1043
61
120
1627
1762
1364
1865
2544
1408
2688
3944
16
2568
3741
3543
2752
2818
292
3489
769
2802
3037
1896
3965
1558
1728
4003
117
2721
1830
3623
2834
392
1189
269
3733
327
2050
1992
267
3957
2817
2487
3443
984
757
3931
3906
371
1151
3815
870
3554
3696
68
602
2825
3899
3231
2358
2891
3122
2740
1715
2860
1168
4023
1760
3249
1869
1745
441
2548
572
1633
3637
3530
2671
548
2955
1674
3382
102
1779
11
894
3492
715
1167
711
2954
1268
551
832
2886
2774
2375
3432
1193
3225
689
1239
174
338
3767
2456
751
1252
3854
860
282
2622
892
425
3754
761
3367
3755
796
1815
1253
2635
3507
1770
664
2893
863
1821
3668
3377
528
1937
1974
692
350
3911
2195
411
3479
3192
2710
289
3540
1178
3795
3659
1412
3430
3394
3920
941
3859
3992
3861
3640
909
4000
961
3245
1561
1045
1607
1664
95
417
2816
1020
3268
3129
1751
3787
143
3472
3698
3459
3645
3620
3188
2577
3576
726
722
960
740
770
2784
1466
170
3929
2178
3086
3359
3626
339
2371
2197
2260
2373
3361
3806
3393
1634
1062
3724
3523
3695
3919
1137
1568
3848
987
3354
312
3908
3846
3905
3939
172
50
523
3808
1438
476
3999
3980
3985
3453
3464
612
678
195
3446
3549
1776
1814
1599
2536
808
2226
787
3689
3653
3942
2166
3376
813
804
3703
3092
204
482
2846
3439
3799
765
1657
2735
3266
3308
3081
599
681
2923
1822
3011
1792
973
3189
3331
3529
3535
3864
85
66
3883
208
2298
39
3879
2349
2982
510
2545
3318
2707
159
179
2034
2421
998
3163
135
3662
3691
3888
3538
1588
1136
4013
2743
1436
928
1227
1251
3175
1545
2531
1165
1027
3009
3421
3955
3425
502
1311
964
977
2185
3945
3506
957
2277
2497
3100
1972
231
248
3798
3042
1756
3897
2390
3451
277
1145
2977
1356
3935
105
103
2797
79
1001
3024
161
308
1490
2714
54
3807
2502
2704
3070
2660
3673
1883
2222
2192
3059
2296
2984
3427
1387
3068
2747
2529
2228
3780
3610
2214
3389
2970
3716
1780
3414
3269
486
690
2525
3228
326
456
578
635
1285
1346
698
3882
150
1306
118
401
7
1492
674
493
223
2798
199
325
3990
3264
1099
109
1897
186
838
1218
695
737
2217
2343
878
871
1200
3153
1701
2876
1373
933
986
115
2727
3909
657
3355
3291
3141
1922
536
1564
2424
3688
1961
1773
3234
4028
2565
3951
3794
3509
3631
623
951
3365
3927
3829
3614
3600
2137
167
558
1397
3814
287
1944
3685
1748
3720
1510
3629
3921
596
1143
3663
2711
3166
1203
2790
3072
2924
3563
785
2736
3766
656
3615
3185
3963
2066
3901
3687
3838
601
3707
1484
2441
1103
1395
241
1921
383
394
1392
3532
2827
3473
3743
1110
630
684
2518
636
3102
2682
2837
2454
1224
1477
3597
1379
2900
1383
2805
438
473
2903
1456
607
1625
1565
3572
1579
3632
3537
866
3061
3447
3273
822
2382
1197
3638
851
837
508
912
3202
696
524
3871
3760
3533
3874
3739
2141
2687
2732
595
1254
3875
1478
649
3618
3388
3693
3765
1838
2530
3943
646
3792
3449
2580
402
3948
4001
1270
3884
3522
654
1233
3843
3323
3218
2697
1759
3643
3203
1152
3887
801
3564
3199
671
1326
3283
3278
2703
3123
2693
1418
4022
540
1096
1127
2380
2512
3988
1121
4009
3675
1354
3972
1350
3581
3896
3243
3372
3742
3561
3752
1228
2791
1905
3229
3781
3996
4026
3465
1781
3571
3837
3579
1511
846
794
1231
1677
145
1489
3052
826
405
3704
2065
693
1790
2079
848
1479
720
3125
3952
1485
2012
3040
3650
3112
845
3183
1870
2725
2008
763
895
882
364
746
4007
948
2641
676
1645
778
1180
1706
2100
1263
201
1581
2799
1297
799
727
1414
3247
4025
571
704
798
2768
2230
2422
1834
2238
489
2814
3130
1862
3910
567
3971
3594
2913
2519
2562
3966
3686
71
2393
138
1091
3452
442
1635
4011
3779
875
1797
3566
4019
2305
3690
3140
234
3440
530
2934
575
3751
677
33
1105
3796
679
3681
2705
3852
202
1531
1206
1112
2312
1247
2824
206
464
1313
3717
1871
3238
2908
2810
448
58
193
3552
1996
1053
3343
2962
3289
3762
3772
638
2858
3998
2775
3656
454
1710
3709
518
3477
1084
3461
356
3048
3813
3970
1967
2202
3565
3986
3954
1063
1394
1141
3399
3139
3669
2851
2383
468
3164
490
1363
3003
3158
3276
2869
3415
2425
3035
3004
3131
60
514
293
979
1775
750
259
176
1139
1823
3230
2855
222
1002
317
4002
344
3215
2387
345
1461
2256
191
183
166
3818
52
341
4024
55
203
3211
3014
2807
943
2766
73
1025
3409
1161
4012
3958
3010
100
1090
3682
2656
49
1911
2444
86
334
1977
2415
313
301
1873
152
70
3152
836
937
985
2186
133
714
349
608
1740
2262
1
1649
3977
207
2245
178
790
1585
2887
1264
852
218
2899
2666
156
1850
28
298
3110
3520
87
2958
1881
3431
155
3347
34
2360
741
294
189
284
262
219
413
945
215
253
205
91
434
316
2712
1343
2350
549
8
3193
228
2022
125
258
3348
4035
64
890
1592
121
19
569
1381
112
160
3746
1805
216
2085
1854
996
264
3997
2956
969
2113
1320
1423
1142
2215
3294
1082
3701
3180
1229
3205
2822
3295
3842
3962
3609
496
805
535
3001
3356
3145
1923
2419
3892
3541
3785
3672
3702
3327
3248
639
362
495
460
3555
1033
663
574
616
625
3855
3315
2535
3240
655
1503
858
1016
1595
1907
1661
82
409
238
825
559
506
352
2761
1863
130
265
2337
1998
1801
1549
1106
1425
3013
1100
2931
1494
1537
1498
2437
281
2466
3499
3738
3076
3208
755
584
4006
4038
439
59
3679
1319
1452
1798
1837
3516
3613
1042
2105
2156
2091
2082
2448
340
146
3018
2724
3329
2868
719
701
724
731
3764
3812
3553
1824
1104
449
543
545
4021
3832
1010
1419
3692
3300
2769
2505
2357
856
753
3159
1624
1041
389
1213
965
1496
1225
1275
1071
2486
2490
3803
3127
2999
2771
738
3841
3314
3221
3345
2989
2665
1575
1013
1906
1472
1035
924
1037
1324
896
1015
1682
3053
3317
3137
3400
2726
2809
2942
177
3791
3776
3587
3956
3915
3599
3706
3630
2647
2378
2639
2024
2000
319
1011
869
2813
3605
3926
3527
3902
3877
3831
3457
1030
280
2439
4014
3223
1705
1825
970
1505
1337
1555
1085
1073
393
736
598
3639
3466
147
3880
3596
2865
225
1699
1667
1840
3710
3666
3773
2889
3835
3802
3769
539
522
455
1552
131
3482
872
2998
3568
3718
3810
3352
1656
2861
144
903
2789
3526
784
781
780
706
739
705
819
807
2856
2690
148
1445
1908
2812
1052
2829
3839
3916
3592
347
168
2146
2035
2129
2335
1960
1333
1216
1895
2626
1171
1642
3144
3711
3480
3438
435
3326
3162
944
1299
1134
1703
1569
1260
1258
1118
963
1733
1601
1378
1186
1440
1626
1321
3105
140
151
1666
1384
2878
2677
2935
3212
2949
1527
211
113
217
119
271
949
516
554
458
381
429
2018
1915
2412
3508
3771
685
680
653
592
609
273
181
4
3496
3925
3585
1482
1847
1672
718
809
764
827
1232
2983
3647
532
2314
2175
2286
2403
729
691
3889
3501
3550
249
92
57
242
194
3895
3953
560
2281
3049
3038
3260
2820
2699
3008
3932
3789
779
687
880
792
815
3080
2685
670
576
2992
2793
1177
3593
3558
56
134
322
239
232
276
285
171
169
25
2515
2401
2959
2879
3423
3311
3190
127
330
101
94
320
2041
2204
2168
309
36
3490
3745
2452
2480
2540
1629
3491
3851
3727
990
1534
900
1719
1676
1061
1410
1144
1803
627
582
2971
1758
3177
2696
3336
3066
3236
3385
3358
3341
3087
3369
1249
3612
3903
3758
3947
3584
2317
2411
2322
2126
2236
2152
2645
1968
2636
2585
2027
1995
132
40
38
3933
3103
3176
3562
337
137
17
45
221
1088
922
1817
1212
1831
1385
10
67
62
236
200
323
290
3
31
26
246
304
315
213
272
53
21
30
2080
2193
2251
1975
2162
2341
2659
2640
2571
2284
1935
2346
2225
2171
1951
2620
1950
1919
2657
2648
2001
1927
1957
2097
1980
2006
1973
1976
2397
2031
2523
1965
2361
2342
2070
2614
2107
2570
2119
791
3847
2288
2219
2621
2313
346
80
1909
747
661
628
665
640
659
662
2832
2668
885
3770
342
128
252
318
332
324
13
261
65
158
847
810
842
823
849
830
881
877
840
728
723
843
760
828
800
752
708
766
697
694
343
149
214
44
162
14
2272
2644
2488
1964
2406
2366
3486
3976
3973
3833
3890
3881
3617
3825
3763
3569
3924
611
682
631
443
859
3455
3907
3867
3590
3801
3705
3713
3753
3505
1187
3722
3636
3442
3827
3747
3964
3500
3731
3545
3627
3578
3804
3860
3934
3497
3557
3488
3514
3450
3458
3869
3826
3878
3680
3870
617
597
619
622
789
768
767
643
583
367
445
620
422
481
450
3322
3083
1210
1526
1794
1866
950
1307
1274
1098
1698
1328
1615
3721
803
3161
2957
3595
3725
3567
3868
3857
3917
1694
3824
3525
3677
3456
3858
3684
3683
3528
3930
862
3642
3938
3817
3542
3790
3788
3604
3468
3463
3900
3591
3622
3809
3759
3975
3836
3325
3521
2650
2320
2076
633
626
3757
3519
3515
3937
3714
3768
3510
3726
3511
4016
3982
3994
3991
793
820
795
853
688
758
754
709
812
857
868
774
834
818
745
762
748
734
730
850
817
829
716
821
887
756
786
811
3469
3730
3574
3471
3891
3658
3635
3886
3913
3734
3750
3674
3756
3633
3603
3828
3448
3736
3494
3744
3651
3478
3625
3621
3495
3586
3485
3559
3737
3577
3873
3475
3800
3797
3560
3670
3928
1567
3872
3712
3940
3512
3462
3556
3547
1880
1648
1533
901
1802
992
1892
1424
1787
917
958
1747
142
250
297
266
141
72
84
98
165
321
263
122
291
123
29
283
257
288
244
99
47
88
41
93
23
18
104
295
106
314
184
96
328
305
235
220
69
27
274
173
75
77
124
279
35
2
129
237
227
139
51
12
275
108
243
229
46
42
196
63
296
76
180
299
89
255
233
90
126
307
247
15
759
771
844
744
839
712
710
854
733
806
702
725
735
816
721
700
873
889
861
783
717
865
883
864
893
802
707
855
3654
3969
3967
3483
3493
3960
3778
3602
3634
