1912
107
2347
1800
1684
1730
2511
3437
1714
2598
2340
483
1509
0
2174
3397
2956
2133
2839
1126
1104
348
1736
2719
2351
366
3226
3434
1636
2786
2292
917
1600
3101
2533
484
2782
414
3033
1284
686
1230
1447
1786
2877
1358
56
1338
2679
475
1610
2327
2661
3027
3140
26
713
1620
2730
2344
1409
1536
1515
2254
3830
3090
460
1897
1376
1876
1583
3004
378
1160
2271
3327
3672
3207
3330
1366
3284
3219
1615
3417
1920
1932
2313
954
252
353
1729
1964
2938
1763
3176
1820
2726
694
3596
1082
2936
2914
3499
805
3185
3545
1312
1189
2629
2048
2022
2928
3342
1590
3223
3280
2827
627
1258
463
3263
172
3002
561
563
3442
783
1222
1083
1568
901
3347
2966
1909
9
3363
1487
793
3455
1408
2660
2497
2488
3671
3982
3079
1947
1606
476
2116
3933
3938
3525
1322
224
1441
3620
2100
2143
2202
3721
3569
719
236
1665
2405
3838
828
359
1276
3743
395
3276
3288
3465
1333
1234
1779
1047
3192
422
1305
1374
2639
187
119
1347
1634
1328
2050
2529
3521
2489
1567
3558
110
450
1852
1940
2708
2669
3859
3385
2802
519
3066
1419
3026
2039
3758
643
3722
2226
485
1939
1192
1120
1166
2650
3973
1179
3471
617
3421
63
1460
1757
645
821
523
1695
824
3557
1604
526
913
3391
781
698
2398
2724
2910
1118
3376
3832
3474
4018
1252
2869
3614
1830
2637
3927
2107
267
1815
173
1348
607
673
682
1618
3264
2221
693
1103
1774
419
2723
2469
1454
3654
2585
3770
3727
2006
3351
3123
2806
3687
1873
3449
438
1100
2156
2436
254
3616
3629
2091
3491
2316
493
1781
3326
3849
3682
2457
785
3662
170
3046
280
445
1294
3531
1645
3655
599
4008
3274
3576
1177
3423
934
122
128
3826
826
2829
1878
1919
1828
3725
3610
942
2584
2029
1235
3162
1188
13
2211
226
2748
3567
1784
2750
2940
3016
2496
2871
2009
3747
3759
890
2824
91
1075
843
1044
569
1843
1868
669
1671
1270
3668
3164
2503
597
666
3522
3178
135
4001
3275
209
2519
2419
3969
3181
1869
705
1206
3913
1749
1656
541
2676
3124
1593
3665
2456
1224
1648
1244
790
3319
257
3968
1375
1098
2710
1203
908
2998
3942
2443
3905
29
3827
2166
1216
863
3579
2978
1035
1286
104
1654
3854
1484
1832
1451
2999
3272
1473
3338
1037
186
2577
2008
2448
3835
3590
531
182
3929
3454
3225
112
2736
3369
296
795
3658
336
3286
1911
3818
711
657
1
1249
2760
3538
2021
2092
909
4027
777
3187
926
3092
1719
66
1477
327
642
2836
185
3974
2114
3617
2230
3476
3431
644
1111
2657
3723
1265
2458
3603
17
258
3478
856
2170
3847
2270
2528
250
2049
2892
767
1074
3591
726
1934
915
3001
3564
134
3866
3184
3651
860
1001
1642
3422
1261
1742
2887
2371
3108
1806
1769
1107
832
2636
2751
3497
4022
2501
1240
99
4034
3954
2412
3726
784
1617
2293
1314
1752
1488
3775
938
3075
3520
2076
3810
1145
2870
1432
1225
2571
45
3706
1892
3816
3865
3657
471
1728
2417
1053
3659
1790
453
2599
3999
574
1676
3817
2889
1797
1080
2245
274
804
1186
2487
556
60
740
615
2267
131
3112
1996
3536
3991
2797
4012
1226
394
676
1633
2729
1340
218
421
564
551
3572
156
3106
2014
3429
859
3985
3741
108
320
2065
65
2013
3131
447
380
527
3350
2304
1578
1122
655
1052
3971
3198
1459
2975
30
2656
3935
1365
189
3215
3029
3400
1503
679
1228
3315
3961
261
3680
1393
3970
695
1531
876
207
739
237
229
2415
3371
2787
3730
1428
2358
174
479
1011
3715
3742
1434
3470
501
423
76
520
3644
1840
3806
339
1534
1440
2393
2953
911
3677
3480
2238
3304
1739
39
3681
1631
102
1510
800
3290
521
3086
789
653
2776
758
620
3062
584
2536
1771
3524
2191
1811
251
183
1858
311
1546
3699
401
2796
2874
3441
2167
439
2799
2800
3951
2632
3093
3883
2888
1561
214
20
28
3585
3583
216
2367
3789
77
3943
202
1720
1655
1257
786
3126
3516
3413
4026
2572
3511
3068
3409
3811
31
2066
743
1091
3206
1139
94
2987
1794
3127
1343
2929
3018
709
857
158
1924
3713
1309
3416
2318
190
3916
390
449
2834
462
2247
114
2651
2818
2596
505
127
1251
1927
2182
2980
628
1949
3694
3083
582
681
2859
1565
330
579
2808
3472
1809
2473
3623
3925
2486
2513
1105
2569
1533
1424
3898
3049
1524
874
3923
3992
998
3221
744
700
279
2852
1523
2129
2000
3003
3311
986
3292
165
3890
1856
1133
3870
2687
3118
3948
4011
3147
1282
1245
2673
2595
3031
3245
1461
2175
3705
2762
109
1218
495
3645
3183
116
549
2389
3652
2004
1439
2171
238
2159
1114
3355
1013
3173
3190
101
4006
4020
3294
3094
3716
6
1498
379
1193
1764
598
3332
614
547
3526
2885
1586
1650
3574
256
3791
2105
3712
3166
1481
2983
1280
923
894
3361
4017
949
1958
3744
1332
3080
470
2665
3957
287
2850
2745
699
1437
3675
3012
411
1854
887
2421
2809
1330
2663
55
3787
3201
2355
179
1877
2321
516
1660
219
1307
303
487
3592
2155
3802
2423
822
1681
2704
1904
2527
3986
3980
3191
1862
3889
3609
3825
3549
2305
611
1368
3250
152
32
3293
2165
1517
1818
3281
1445
3374
2234
50
849
3669
3041
2688
3346
2961
3667
1490
196
979
2249
1965
1639
2698
716
2666
3006
264
497
528
2702
2082
85
383
1259
1169
2735
703
3167
1061
3678
100
2774
1009
1200
4037
3136
1821
674
2375
4028
2959
3254
1751
589
1089
2023
1227
3551
