107
2839
3437
2040
686
0
3442
834
1360
101
3510
261
3495
2982
777
1960
312
4023
796
3818
3122
1837
3774
1240
3505
2667
2670
24
2048
1493
284
2791
3803
3753
790
839
857
3557
1494
278
707
3919
37
3432
3993
460
2011
300
3481
298
194
678
1234
1889
647
2156
3956
755
3978
3398
1193
1353
1588
1043
589
1905
390
215
216
442
3468
3732
175
241
771
3876
3676
159
108
2454
2692
3500
3769
4032
114
2584
125
174
259
894
1187
2983
3219
3831
1995
3328
1011
3969
3582
2448
2380
2106
2105
1701
20
2166
1808
466
2080
3212
121
600
1641
776
626
2487
396
3570
3863
381
3556
1031
2483
273
2851
2819
3872
653
1119
663
2076
244
3730
867
3848
207
3614
656
18
2181
2808
3628
341
1870
132
214
2767
424
3879
478
2879
2737
1297
3563
804
1362
2794
260
2050
1194
888
179
2456
1504
2388
2291
3370
1466
1618
2899
697
1321
2807
4013
1005
3601
228
2715
2979
1442
3357
3130
1408
1510
96
40
2595
3679
664
657
39
3013
3088
1127
3785
2935
3066
264
3887
3412
149
623
1178
3986
1627
1544
3658
970
2375
3209
1696
1634
171
87
3901
3031
797
758
3469
117
3976
3593
605
3680
3829
1760
2405
29
2587
2034
1268
974
636
3428
343
3999
346
145
299
3716
2447
4003
2825
4009
4004
1805
1038
3649
2721
2079
1762
782
99
3389
1018
1825
2843
408
871
789
2288
54
843
788
2764
3061
3644
728
3599
1430
3663
3555
3275
3102
3048
1798
862
3638
757
485
890
3382
1974
3311
3283
2829
247
2505
1599
2014
2673
3579
382
3836
548
3899
1755
502
3755
981
1118
963
2362
372
2175
1913
286
4016
1206
399
1949
2157
3105
2517
3874
301
2401
190
1526
1486
3895
3631
365
1848
4035
1224
2884
629
806
2192
3966
3322
4021
2990
3124
2954
1392
1357
129
1200
220
3992
2204
1990
3788
2158
1933
2766
166
2269
2540
3861
3093
3549
1776
3541
426
2523
12
2466
2961
1656
3565
3694
3742
704
931
205
2830
2736
3953
1566
153
830
3640
447
3279
3839
1356
3143
1308
1455
859
1138
3269
3885
2513
1476
2930
2017
3814
3159
3503
1065
2818
2085
1121
562
756
501
582
3390
34
3307
3216
557
1266
3092
3941
572
585
3559
3673
1512
383
116
2857
3943
510
4024
646
2918
3453
1022
342
161
2718
1233
1474
1564
870
3806
240
3230
803
2824
1301
1936
4029
1
210
3566
2746
1263
1015
1942
2941
3538
2274
1499
2817
338
2709
1883
3039
2727
1350
5
613
3666
2804
3733
4005
2596
3243
1105
608
1646
2496
3903
2898
3253
2565
1890
3530
571
181
147
3502
3704
1909
3404
1094
3949
3600
3766
3271
3771
3227
3121
1147
1677
2871
2662
63
661
643
2813
1831
3847
2557
1975
3221
3418
4026
3126
3926
1387
324
3251
1991
491
3571
3757
3589
539
3318
3501
3431
3203
3114
948
3607
3472
3405
1758
480
2688
2980
102
743
302
28
326
226
3383
1236
1531
2659
3534
3870
677
3924
3763
3799
3767
799
1785
1847
1131
1162
1368
3982
998
923
162
3909
3931
3809
1095
535
3329
224
134
133
2663
1434
2734
3340
3374
3027
3524
2710
1543
754
1896
1412
1299
377
949
2814
1244
1167
1338
1906
1586
448
2946
206
170
2809
2528
3844
863
1828
662
477
289
88
3477
2740
540
2126
2412
331
1276
3661
3195
2170
620
633
3166
2803
2996
3341
328
306
1676
469
378
3446
1490
3112
692
1177
1477
624
2316
2193
3741
1091
910
2162
3820
2503
2
1384
2402
2397
2361
893
1640
4002
2400
2647
2987
937
522
1259
2635
1651
990
2303
3015
3736
3255
1450
1803
245
3587
587
197
3615
689
394
131
225
3427
86
23
3610
1057
3459
3591
744
430
1089
558
547
3423
420
243
1822
684
1030
1982
3386
1708
1274
1203
1325
1567
3193
303
3748
2745
3588
7
3319
3961
3
972
285
141
3050
3028
655
1769
3520
3684
3609
1433
3323
920
730
727
3006
1779
2536
3822
3786
3711
1252
666
3424
1508
3499
1342
2009
3634
1937
832
595
2653
1498
627
3000
3967
1546
1039
2450
3205
2185
3014
266
621
1766
336
164
556
249
3516
3613
3594
3523
242
1817
94
2934
3429
1958
3981
4000
4030
3996
749
2678
1581
2701
1853
3581
699
3883
742
3798
593
3071
1251
3760
583
1369
3550
2075
1775
733
3421
2724
814
708
1397
827
977
612
1151
710
800
739
721
1481
1170
3266
1326
1154
3125
3840
3043
3508
1988
2816
2057
3821
3622
1506
3690
1892
3654
453
2975
1489
251
4011
3268
2859
1137
3069
356
3984
875
2868
2856
3636
3773
3735
2783
1690
3854
674
3921
1838
3920
3964
3171
3910
3675
1401
3465
2558
2263
904
4022
3560
958
2939
2981
2217
2797
2632
2130
1306
1378
884
1797
3407
2822
1767
1529
2799
3354
2776
3218
1049
379
3167
3770
3511
416
1295
3705
3483
3493
551
3896
400
598
682
2256
725
836
1801
1771
1174
3998
393
310
111
1346
2152
3371
2049
2035
2581
1443
2569
3816
2411
4033
2238
3244
816
1961
2314
2008
954
2697
1875
2656
821
2605
527
844
3714
855
2295
2580
818
773
2845
615
831
2490
1239
392
2739
74
2732
1967
2422
3109
2421
3709
2641
1195
3795
3930
3651
1654
3484
1854
405
1349
1711
2978
1168
2141
690
494
3454
4012
2929
913
3734
3691
3452
866
3749
2262
3210
490
3577
1464
3533
1134
3543
2360
3807
1441
3301
3451
1592
3642
2453
2312
3712
3627
2945
488
3375
652
2622
3018
2963
911
3701
3164
3970
3083
3402
523
926
741
3796
918
1454
1012
401
3029
498
3977
1152
3670
3245
3169
915
73
52
3447
1562
470
2524
268
1035
66
269
3410
97
1697
648
47
1606
2470
3882
2747
3265
3492
2651
3237
3306
2167
996
1218
597
1446
3099
440
3727
3103
3657
156
308
3583
1253
1002
2952
2922
798
2281
973
1096
1262
2114
1417
3717
3619
1122
2914
3834
2230
2355
1999
32
3155
1023
468
196
2685
389
1179
2788
4031
1027
3184
3235
2330
2195
3637
3057
3561
2902
454
1996
3871
3744
2933
406
3067
761
1415
734
883
2514
3080
2926
785
1852
292
735
738
3401
3059
3811
3461
2119
3621
693
3189
778
1042
764
864
2434
3281
759
2358
851
2182
2431
3315
364
3007
3946
3720
2531
508
2442
2522
979
3791
3376
581
1954
120
1756
55
250
3729
3983
3032
3928
2835
1157
314
2177
327
588
1458
701
137
3519
222
3890
2704
3942
3859
3975
3894
411
72
237
65
282
3127
564
154
3875
3333
13
1202
886
235
2441
319
89
3944
1856
68
3988
3620
2971
3997
565
3546
2858
246
3812
4007
3639
75
258
533
209
83
140
2671
471
2494
3768
1013
157
4019
255
150
2998
71
3202
3194
2022
3170
590
3544
3801
1874
51
3467
6
100
3723
651
681
3817
198
1090
3845
184
58
126
191
3016
3667
160
2519
267
1484
201
2066
2792
146
3908
1569
2714
93
2848
288
775
2802
2854
3696
4015
3597
2424
3700
3425
307
95
1354
1176
1664
2301
155
3485
263
82
2949
3063
3725
3435
1850
1649
1706
2886
3880
2917
881
1885
3496
3750
3860
3068
41
3200
2751
2901
3655
2758
3989
1794
3703
3878
3564
3685
3077
939
760
715
769
869
658
632
576
3076
3289
1911
3479
3562
1294
3242
650
3630
2417
1281
3643
3825
3782
3793
763
3971
1445
1008
618
1607
1098
2847
2801
940
2577
2082
2089
2023
1403
397
152
275
218
4
2675
2702
3123
16
2051
130
427
425
3388
274
223
334
461
413
1482
1041
1869
984
1166
986
1686
1424
2888
1300
1111
1901
1064
1169
1748
1249
1624
1109
1709
792
709
835
3470
3758
3706
2538
2841
151
144
14
2677
3698
1565
1695
3240
3157
560
329
315
109
3528
3605
3737
3336
2875
3248
3772
1671
1642
1534
2883
3331
3662
3531
3187
1780
219
3551
3337
2730
3264
3358
3385
3648
1093
1208
2836
1884
1298
1019
1859
1229
1765
2700
3074
1903
2335
2248
858
596
3369
325
123
3173
2955
423
403
3873
3573
437
467
418
463
474
354
826
1311
1770
2366
2610
2566
2265
1419
2893
3682
956
1228
3326
3603
840
849
724
1731
1497
3379
3849
2826
3001
2964
3303
504
407
3743
3536
3585
2637
2474
1978
168
2744
2772
2882
3128
3886
3852
3940
3762
3687
3514
850
732
3506
3617
1171
1237
2349
1973
2636
1928
2657
1921
2660
2004
2171
476
81
543
355
410
2425
1747
1333
1319
1784
1371
903
1601
446
3837
3612
3708
3476
3023
2695
2699
3314
2972
2959
3692
1787
1568
1648
2889
2832
3777
1660
3867
703
815
731
810
2957
1670
2903
791
439
227
813
3091
1865
1860
1337
3985
3994
2337
204
187
609
1304
1183
1525
1343
2645
2202
2260
2061
2024
3900
3718
584
592
644
3719
3439
3932
3513
3764
3927
3726
787
688
845
770
3537
22
3003
64
1141
1355
1073
3891
1197
4034
4028
4014
3980
3086
2999
3222
1666
3278
3361
3274
3138
3152
3491
3440
3545
985
2846
3905
84
26
304
3300
2789
3335
2780
2687
3360
2844
3411
3214
3296
3881
3535
1213
1725
3362
3056
2948
3065
3025
2806
2944
2757
2680
2925
842
825
698
880
856
747
752
694
805
748
772
1858
1161
1540
1296
1188
1159
1052
1247
1541
1226
1428
1189
1469
1246
2342
90
729
270
323
290
25
105
62
322
67
339
3135
882
2775
3334
2682
2703
554
518
457
459
128
104
56
199
257
172
203
3868
3917
2371
3790
3635
3832
3482
3488
2255
2650
1924
2207
616
619
3672
3207
2904
3229
3139
2726
78
1165
3688
369
591
604
3624
489
519
359
481
2094
630
617
685
887
872
628
578
635
599
280
69
2785
531
1422
912
2440
2286
333
929
1317
1561
2570
2168
2197
1037
1703
1815
1348
1507
1904
1072
1980
3877
3576
3731
3804
3518
3824
3596
3800
3338
3087
1144
1410
1511
1866
8
2811
3162
127
281
272
236
277
3713
3629
3778
3592
3979
3945
3951
3463
3826
530
361
569
1374
546
537
376
1585
1788
909
1687
1698
908
1678
178
98
119
122
60
212
186
229
313
297
271
239
200
3308
3625
1085
1806
781
696
716
3532
3752
3972
3915
3443
3906
3833
3947
3738
3869
3509
3486
3569
3529
3761
3554
3460
2146
2120
2236
1915
2107
2497
2160
2403
2231
675
665
659
1363
1733
1548
1314
1364
1743
1212
603
574
80
180
92
48
2633
1935
445
362
371
496
517
4037
4018
4036
2760
3695
746
736
768
143
900
1615
1421
1908
928
1705
1555
1307
3851
3586
3756
3702
3512
3830
879
3693
765
828
745
774
819
719
713
853
726
720
847
705
829
723
3553
3827
3608
3850
3466
3665
3652
320
309
21
345
901
1533
1216
2544
3728
3521
3498
3907
3722
3835
3590
1394
3918
3957
1629
1880
992
1895
1097
938
1186
1468
1802
1232
2861
3053
3855
3623
3646
3794
3671
3474
3584
3458
767
3995
4038
115
279
192
1965
1930
2357
2228
2488
2145
2614
2634
2313
2341
2455
2277
2373
695
837
766
822
820
838
823
718
809
740
687
711
807
3325
3548
3780
3929
3842
3449
3884
3797
3858
3968
3677
3480
3633
3611
3462
3913
3448
3438
3540
3889
3525
3574
3948
3450
3542
3721
3838
3475
3938
3707
3950
3656
3962
3683
3841
3604
3471
3578
330
169
291
103
118
231
248
9
238
332
252
232
208
79
221
142
113
59
10
276
38
30
295
185
45
188
176
265
57
85
158
148
3558
3568
3792
3668
3464
3602
3933
53
217
1593
1537
1518
1328
1579
1045
1033
1136
824
846
706
784
700
780
812
737
817
722
762
795
793
3455
3710
3598
3526
3740
3862
3936
