1912
107
2543
1888
1684
1800
2201
3437
1376
2333
0
2754
483
2283
1471
2901
1746
2292
2742
2007
2643
2839
1591
686
348
1021
2679
1842
3321
2770
484
3280
1611
2943
2271
136
1786
3800
2223
1898
3387
538
606
3038
1675
1655
2645
2674
637
2384
2777
118
1014
3253
203
566
1571
2322
1470
25
3830
3198
1783
3142
1523
3104
3488
2224
1431
641
3233
716
1436
3971
2786
780
2141
2024
3822
2801
432
1275
2473
2950
2087
3625
2284
711
2994
1009
2785
2719
414
1662
402
2196
800
3351
3860
3756
592
1242
1020
116
2960
1454
236
3947
174
1141
3162
3476
271
1203
9
176
252
2880
2904
828
2815
2282
829
3235
2256
1279
3362
442
2931
2091
789
3549
3787
3753
1892
3921
1588
2675
1774
3378
227
3712
728
1913
2393
256
1876
1380
61
2816
3584
3966
3557
1369
2211
2730
3455
1596
784
2913
1357
2146
2214
1493
123
3649
3285
2622
2676
2958
4014
57
1368
2934
1201
500
2498
3265
3141
2355
84
2494
2289
3207
523
2673
595
218
3711
596
2221
1580
1787
1284
1692
3759
1375
1391
636
1159
824
687
3932
2702
1312
1656
469
3232
650
3515
1217
2110
3167
1553
691
1733
1358
3119
188
2620
1829
1252
1666
428
1386
3980
3651
1950
3427
3884
2894
1541
1414
80
698
770
1724
2285
3614
2749
1991
189
1994
3569
2751
3229
3340
1806
720
3336
2652
3981
1160
1944
2179
2938
1314
618
2930
1041
63
1965
2014
900
2323
2440
3466
3131
3067
3897
3898
3482
1186
1960
3637
912
1042
1420
502
309
2723
794
825
2848
3785
473
3412
3473
1383
847
3845
3255
2527
1419
1709
1472
2378
1759
1080
2798
50
3615
3355
816
1261
2663
2427
2935
3656
2708
2699
3227
3951
3156
644
1695
2888
948
761
642
2524
3634
10
2152
1606
3460
3540
2765
3051
1840
745
2876
892
2181
2129
3915
313
1601
3893
3778
1087
617
1497
3293
3219
3158
2890
430
811
2159
2856
1587
3108
3036
787
887
894
2907
2055
3521
3341
3670
3587
1602
1408
463
1236
1131
3905
979
53
3710
2618
2717
1477
971
3173
903
3589
962
1028
2523
2296
3609
1364
3400
2807
3290
2641
2831
2696
809
3091
3503
863
3977
3139
721
2160
1443
2488
3713
1682
2844
127
3127
2501
315
3924
493
647
732
2192
1415
3128
444
2474
3512
1597
3126
2241
666
1969
3991
3691
880
843
3902
486
2513
3772
3305
1396
2114
211
955
3254
3097
191
1055
3754
3343
488
3249
651
715
4016
1914
3012
2820
2490
1227
973
3475
2437
1859
3479
1670
2548
2685
1860
3739
1901
928
1054
1812
2921
1000
404
1980
421
3032
1413
2424
3077
1874
3721
2232
1342
94
1189
1188
354
3641
2262
2255
3608
3606
2919
3432
981
3037
2660
3223
891
1594
3635
713
815
3978
4037
2957
695
2882
72
422
611
1253
3833
329
2684
963
249
1394
2833
2168
1878
1931
1259
530
2714
3836
3487
318
205
3095
4003
3887
3402
722
1128
1077
3908
3008
2069
1964
2885
11
3814
2176
1106
2167
1402
3299
1642
623
1088
3438
813
212
583
2422
3741
2829
1433
160
1445
3603
589
2251
1066
3909
4023
1951
3496
3491
2297
1486
1177
849
1286
3773
2704
2682
3744
2417
1038
1798
3092
3982
198
1744
2681
153
3205
292
455
3196
2273
386
2729
2774
871
1779
3644
3270
1218
3798
279
2678
663
3954
2337
2314
3544
1455
2280
3758
3519
904
1638
1145
3247
143
2688
3213
1323
217
253
2317
3919
3197
754
1492
2846
1313
68
1050
1928
4031
1451
3853
1350
2889
3338
3172
178
3626
668
2690
2389
1517
3406
338
3241
1304
85
1810
3796
1484
3483
1636
3302
555
3317
3323
2830
1961
993
1688
1652
1183
2057
3940
1715
661
2860
3990
827
1763
1169
221
1166
3934
3058
868
945
2319
504
1005
3271
791
3524
3052
87
841
2372
228
281
3456
2955
3274
251
3815
1356
2899
660
586
2898
90
2651
2379
1184
152
3431
1648
3136
181
3698
3199
961
3493
328
1417
3240
1906
2460
872
3854
306
3536
62
3226
4038
3518
3426
1939
1448
681
667
1136
3585
1220
73
527
302
563
2535
420
3364
1336
175
190
1738
3022
3310
2712
339
3352
2797
814
524
2847
20
2737
1233
746
3306
1393
3559
2826
2819
1320
2388
224
1868
471
341
697
3399
753
3829
95
3165
3613
604
1490
689
2245
2079
2350
3541
1797
331
3376
349
3872
3789
2902
546
560
1296
3122
3571
1093
3191
2767
3640
333
1266
1847
1285
3300
1023
501
358
2380
2261
2310
2550
183
3474
2274
3929
1581
89
2695
298
406
3749
657
54
3530
1337
2745
2303
39
975
2298
2175
1024
1288
1115
2949
786
35
714
3322
2304
1537
2576
3788
196
384
4026
3961
3278
2360
133
1063
547
3425
56
569
3652
2813
237
3168
2853
1422
1825
600
2683
2098
2661
3060
3117
2571
2566
1788
1743
3194
3899
3164
1828
2351
562
2510
235
3762
3904
658
1841
2891
913
620
1600
1006
3531
1143
509
1135
3110
914
1116
32
1010
390
3260
3401
3832
3520
826
1401
3353
669
492
812
2313
3134
3583
2308
2438
3674
3936
1317
2731
3177
1119
3550
757
615
1533
738
2001
2202
3486
861
664
970
1511
3535
2632
3877
3517
605
2312
2805
730
232
2354
3121
629
3975
2086
2031
1752
3262
2517
3774
1072
3996
3059
3258
2721
3973
648
844
2707
856
878
2178
778
3624
3588
3357
362
2435
3243
3709
3390
312
3590
319
1500
1507
700
320
2366
1464
1280
2671
1657
3538
3441
1716
3767
3369
2859
385
1430
3539
2565
45
3676
3695
3841
3564
645
3221
551
3148
6
1475
2453
699
3958
3527
3354
3848
3001
1690
2947
958
2483
656
1351
2822
3093
1632
3942
3855
476
296
692
634
2465
3109
2636
33
935
1739
260
199
2191
255
1240
192
233
3715
3578
3891
3837
3607
755
3912
24
2656
3878
3647
257
2061
3645
1147
2236
3561
1355
860
1626
2470
3118
337
185
1561
2162
3575
2015
3992
1117
3655
1988
1043
3573
3309
2401
2887
335
2219
81
3956
37
817
2265
1837
3040
2263
3781
3650
2997
100
1347
516
1838
731
2659
111
1751
3993
3729
109
131
3467
480
3689
919
293
3031
2759
1560
287
1679
3125
707
2530
1830
927
3826
3968
4017
1817
1664
3200
2239
2824
565
3694
36
854
3994
3374
359
1776
301
4033
929
3297
149
3693
2248
3529
3069
3922
521
275
30
2878
194
141
2134
2941
2505
2954
3622
3594
1109
3722
3862
151
3669
243
864
3075
3827
740
1726
1325
654
3660
1137
2573
1936
3181
3494
2540
1130
1713
79
3717
1566
1111
2082
229
3272
1952
1450
3176
269
2132
2810
2177
1182
3384
3704
2669
1283
3180
2405
2243
2318
2359
124
601
162
3041
155
1170
2732
911
1978
103
110
3874
2399
3114
418
3668
120
3666
2762
567
336
3842
1616
1625
3779
865
1081
1513
1377
3371
1740
2341
2335
494
1996
3348
3917
225
102
749
549
2929
429
3085
575
2698
214
161
602
2462
3175
3664
3612
2514
3039
3685
3418
340
2736
2204
1572
2021
4015
3024
704
443
3147
3636
2665
1542
3081
3768
2776
838
2541
184
3743
64
67
635
1987
3581
4007
1053
3719
3245
1881
1134
270
1832
3881
1723
1321
1775
1756
649
106
1704
1903
729
3632
1556
1619
1173
291
4012
2952
768
3383
3382
1727
3572
177
3053
1889
1569
3638
398
169
2545
1745
1790
3318
678
286
244
2004
3442
3701
874
267
2766
2747
3124
2900
2758
2193
3732
1094
2925
3570
1297
1216
2365
364
1583
857
3938
3088
250
2418
148
1555
1463
261
3750
3873
1193
879
91
2531
3250
3203
1697
3627
2486
1749
3870
2425
3765
923
1940
673
941
2691
1900
3470
441
3999
2186
3447
187
895
3334
3359
3784
3885
533
3678
3688
3566
742
3600
3133
2633
3453
3465
3661
2869
2999
