136
754
4030
127
3863
3074
3789
4038
3548
3595
1193
3673
195
3716
91
2774
241
3523
263
3742
3811
219
3901
3536
3694
692
4019
864
602
1096
33
3031
205
379
1071
1262
2167
2017
3864
3044
371
1499
2051
3235
3008
1641
2349
16
1138
1043
229
3765
125
2281
3910
207
275
3887
3897
3691
166
3704
110
3942
3959
209
335
762
761
833
839
768
821
714
735
3984
4001
893
757
4014
860
3720
3787
3932
3616
3492
3979
150
3888
3659
100
3949
3647
167
3588
594
3781
3544
8
228
247
147
3589
35
3922
216
52
3885
3820
287
4005
4022
3759
3763
3465
3823
3754
3827
2
3893
250
3477
269
3686
3441
220
81
4013
3812
3913
123
3646
3658
3602
3574
66
79
3668
3796
165
168
111
311
3886
3825
3690
3505
3850
3715
3772
225
895
775
875
3986
4010
885
886
887
4035
878
889
763
831
911
608
1466
613
3183
233
1206
3798
358
2195
468
1586
1208
1046
411
1027
279
1002
454
1854
2814
1558
1693
467
1252
3271
1690
383
1176
3939
3125
3006
2527
1967
190
2902
1353
384
660
464
1776
2998
3467
2441
1474
571
2245
2971
3218
3053
1295
649
2855
3059
2980
3126
485
198
3432
1579
1087
2219
2899
3270
3401
1788
621
985
1058
586
478
1162
3333
3266
3083
1372
3425
2898
1697
540
3028
2514
2790
2013
3334
950
1239
961
541
1708
2158
1696
628
974
2014
639
381
3190
2703
2959
502
2723
2997
2816
1251
1602
2710
3402
2949
528
1739
1000
900
590
3024
1978
931
1817
2818
521
2962
518
582
991
2305
2248
2859
3276
1965
2948
1852
597
1805
565
617
451
2673
2987
1232
1137
1673
1682
2192
455
1988
1098
1187
658
615
583
627
662
600
578
640
635
643
670
661
681
599
577
632
675
1478
1860
2170
665
2650
2820
2320
2513
490
1992
1088
568
1808
2982
178
1140
1177
60
1889
3641
1154
923
1562
338
173
2886
1896
23
1701
1030
979
1016
162
3899
1202
3795
1403
3660
987
333
99
64
243
3626
34
437
3865
3669
3814
929
3597
3965
498
4
3946
3676
164
2930
3953
289
3928
3745
202
3575
3925
262
2732
3806
3003
3444
3727
3180
