0
4025
4001
4036
602
692
215
292
3031
3453
2569
49
3856
860
749
3744
4022
4011
3037
3407
2814
70
613
499
15
77
3807
3846
3942
256
2975
2788
220
468
3597
3801
305
2269
2481
3565
1760
3748
1233
18
443
3230
74
377
1354
1353
1395
2470
1967
1034
4012
287
3729
801
335
316
624
71
2441
3984
3808
585
1581
383
581
81
911
4035
52
3457
855
112
2457
3885
233
3268
2691
2792
255
241
192
775
877
874
776
757
885
873
867
858
882
785
743
699
813
804
846
693
880
837
761
890
869
793
727
739
790
768
797
728
886
861
845
688
821
786
766
803
720
763
795
710
836
814
787
762
755
741
799
778
774
895
894
893
892
891
889
888
887
884
879
878
876
872
871
870
866
864
863
811
849
835
815
777
731
721
719
708
810
794
751
853
831
784
856
838
823
780
759
747
703
789
824
760
734
722
713
696
694
833
725
791
788
689
782
742
854
851
850
848
847
844
843
842
841
840
834
832
830
828
827
826
825
820
819
818
817
816
812
809
808
807
805
800
798
792
783
781
779
773
772
771
770
769
765
764
758
756
754
753
752
750
748
746
745
744
740
738
737
736
735
733
730
729
726
724
723
718
716
715
714
711
709
707
706
705
704
701
700
698
697
695
691
690
687
839
829
806
796
767
732
712
702
686
822
4029
3990
3991
4000
4016
4007
3992
3985
3995
3993
4031
4028
4038
3988
3986
4019
3997
4021
4009
3994
4037
4033
4030
4026
4023
4020
4018
4017
4014
4013
4010
4004
4003
4002
3996
3989
3982
3981
3998
3980
4005
3999
3983
4027
4034
4032
4015
4008
4006
3987
594
4024
667
802
852
881
717
3673
2505
2281
2168
1924
2178
218
152
195
181
201
240
300
190
155
97
268
336
164
859
3700
3844
3537
3530
3678
3811
3899
3582
3632
3977
2752
2565
1996
2651
2036
2442
2535
2621
2186
1990
2422
2388
2380
2130
2454
2528
2431
2158
2100
2349
2076
2193
2373
1961
2455
2162
1949
2119
1915
2424
1922
2487
2167
2383
2105
2152
2277
2113
2288
2311
2147
2614
2049
2204
2628
2341
2236
1960
2421
2041
2297
2213
2353
2466
2426
2207
2622
2444
2474
2248
2173
2156
2050
2570
2301
2245
2376
2165
2046
1989
2182
2443
2058
2562
2286
1978
1934
2574
2354
2309
2171
2659
2006
2016
2655
2408
2290
2172
2118
2098
2658
2626
2494
2225
2027
2316
2549
2546
2404
2359
2258
2212
2201
2150
2140
2124
2121
2115
2108
1986
1963
2568
2631
2602
2590
2561
2339
2329
2299
2271
2188
2154
2122
2093
2077
2074
2043
2033
1962
1943
1918
1925
3954
129
196
184
162
149
16
290
14
151
135
4
7
47
275
78
338
311
91
8
234
131
68
13
262
154
340
10
222
284
45
145
90
85
38
28
167
2636
2284
2018
2004
1991
120
183
96
139
36
260
157
345
235
5
134
259
324
281
251
257
175
99
94
342
319
330
266
249
204
278
237
51
31
23
238
158
65
59
29
271
117
270
308
130
80
325
313
297
272
265
211
172
142
104
63
60
40
21
320
302
177
20
230
144
121
187
180
168
87
293
115
341
334
315
291
276
258
169
69
30
147
89
274
188
170
72
26
25
326
116
88
73
54
53
3053
3251
3218
2884
2767
3131
2930
3436
875
3305
3006
2540
2208
2000
1972
2480
2640
2060
2573
1966
1952
2534
2403
2066
1930
2620
2585
2538
2009
1973
1951
1921
3805
3575
3953
3845
3911
3813
3765
3560
3928
3913
868
3925
3682
3619
3669
3502
3799
3616
3976
3890
3893
3445
3855
3566
3773
3500
3789
3795
3812
3784
3763
3572
3494
3654
3965
3759
3791
3664
3781
3539
3483
3969
3843
3511
3897
3776
3720
3919
3524
3960
3587
3627
3716
3647
3917
3916
3552
3446
3719
3815
3608
3772
3660
3860
3936
3686
3681
3557
3450
3857
3725
3581
3562
3523
3818
3591
3515
3589
3867
3722
3710
3666
3836
3708
3768
3804
3730
3658
3543
3514
3497
3538
3440
3881
3694
3931
3771
3900
3614
3510
3459
3858
3528
3639
3952
3803
3794
3754
3648
3646
3643
3620
3555
3507
3486
3551
3834
3564
3814
3662
3580
3549
3546
3665
3883
3695
3613
3481
3964
3809
3607
3637
3485
3912
3871
3743
3739
3567
3685
3940
3876
3767
3774
3571
3476
3823
3668
3617
3612
3947
3924
3869
3786
3630
3602
3601
3474
3792
3584
3493
3862
3802
3588
3891
3576
3679
3956
3752
3634
3466
3941
3921
3918
3865
3740
3698
3663
3644
3636
3599
3553
3508
3505
3699
865
2709
3279
2818
2630
2619
2611
2586
2578
2564
2521
2495
2482
2467
2464
2462
2433
2423
2374
2370
2363
2340
2323
2300
2275
2257
2253
2220
2218
2206
2136
2123
2103
2095
2073
2055
2037
1971
1938
2459
1982
2536
2635
2324
2142
2429
2243
2581
2406
2260
2310
2029
2400
2222
2099
2116
2603
2361
2252
2228
2003
2526
2476
2387
2056
1985
1983
2379
2599
2312
2641
2317
2205
2652
2479
2274
2235
2221
2544
2522
1987
2637
2318
2161
2096
2557
2514
2425
2416
2362
2325
2291
2270
2209
2145
2605
2646
2601
2560
2419
2396
2240
2234
2211
2067
2063
1964
2616
2468
2524
2344
2302
2589
2537
2518
2417
2304
2280
2232
2133
2010
2465
2445
2246
2002
2582
2516
2463
2151
2135
2072
2071
2660
2657
2656
2654
2650
2648
2647
2645
2644
2639
2638
2634
2633
2632
2627
2625
2624
2623
2618
2615
2613
2612
2610
2607
2606
2604
2600
2598
2596
2595
2593
2591
2587
2584
2583
2580
2579
2577
2576
2575
2572
2571
2566
2563
2559
2558
2556
2554
2553
2552
2551
2550
2548
2545
2541
2539
2532
2531
2527
2525
2523
2520
2517
2515
2513
2507
2506
2504
2503
2502
2500
2499
2498
2497
2496
2493
2492
2490
2489
2488
2486
2485
2484
2483
2478
2477
2473
2469
2460
2456
2453
2452
2450
2449
2448
2447
2446
2440
2439
2438
2437
2435
2434
2432
2430
2428
2427
2418
2415
2414
2412
2411
2410
2409
2407
2405
2402
2401
2399
2398
2397
2395
2393
2392
2391
2390
2386
2381
2378
2375
2371
2369
2367
2366
2365
2364
2360
2358
2357
2356
2352
2350
2348
2346
2345
2342
2337
2335
2334
2331
2326
2322
2321
2320
2314
2313
2308
2307
2306
2305
2303
2296
2287
2278
2276
2272
2266
2265
2263
2262
2261
2259
2256
2255
2254
2251
2249
2244
2242
2238
2237
2233
2231
2230
2229
2227
2226
2219
2217
2216
2215
2214
2210
2202
2200
2197
2192
2190
2185
2184
2181
2179
2177
2175
2174
2170
2166
2164
2160
2159
2157
2155
2146
2141
2139
2132
2131
2129
2128
2126
2120
2114
2112
2110
2109
2107
2106
2104
2097
2094
2092
2091
2090
2089
2088
2086
2085
2084
2083
2082
2080
2078
2075
2070
2069
2065
2064
2061
2059
2057
2051
2048
2045
2044
2040
2039
2035
2034
2030
2026
2025
2024
2023
2022
2021
2020
2019
2017
2015
2014
2013
2012
2011
2008
2005
2001
1999
1998
1997
1995
1994
1993
1992
1988
1984
1981
1980
1979
1977
1976
1975
1974
1970
1969
1968
1965
1958
1957
1956
1953
1950
1947
1946
1944
1942
1941
1939
1937
1936
1935
1933
1931
1929
1928
1927
1926
1923
1919
1917
1916
1914
2597
2592
2542
2530
2509
2501
2458
2420
2385
2372
2347
2333
2332
2194
2053
1959
128
339
331
323
280
269
229
208
203
185
163
132
113
67
3859
3742
3733
3726
3600
3775
575
529
533
522
329
347
346
344
343
337
333
332
328
327
322
321
318
317
314
312
310
309
307
306
304
303
301
299
298
296
295
294
289
288
285
282
279
277
273
264
263
261
254
253
252
250
248
247
246
245
244
243
242
239
236
232
231
227
226
225
224
223
221
219
214
213
212
210
209
207
206
205
200
199
197
194
193
191
186
182
179
178
176
174
165
161
160
159
156
153
148
146
143
141
140
138
137
136
133
127
126
125
124
123
122
118
114
111
110
109
108
106
105
103
102
101
100
98
95
93
92
86
84
83
82
79
76
75
66
62
61
57
56
55
50
48
46
44
41
39
33
32
27
24
22
19
17
9
6
3
2
1
2700
3428
2899
2972
3427
2926
2799
3209
3190
3425
3099
2856
2670
2957
2855
3061
3156
3319
3215
3409
2861
3315
3352
3408
2902
2998
3254
3235
3418
3200
3141
2922
2914
3423
2699
3212
3227
3045
3357
3322
2733
3034
2667
3042
2848
3389
2771
2959
3310
3128
3311
3008
2751
2953
2977
2929
3231
2726
3299
2981
2948
2746
2956
3318
2703
2795
2747
3285
2934
3055
3333
3317
3030
3414
3012
3422
2833
2821
2729
3303
3381
3225
3109
2850
3271
3105
3074
2904
3119
2673
3202
3095
2816
2854
3166
3065
3040
2908
3348
3339
2969
2919
2680
2664
3194
3175
3058
3041
2846
3394
3153
3139
2960
2994
3050
2954
2702
3307
2844
3121
3181
3369
3221
3167
2801
2783
2768
3374
3138
2668
3009
3160
3140
2868
3367
3347
3281
3170
2840
3098
2676
3312
3208
3224
3038
2769
3304
3056
2925
2874
3064
3052
3047
3033
3022
2974
2912
2905
2866
2827
2669
2802
3383
3242
2996
2762
3284
3108
3096
2945
2920
2896
2815
2706
2694
2666
3079
3400
3362
3301
3293
3257
3232
3123
3080
3026
2944
2931
2754
2741
2681
3426
3384
3238
3195
3174
3142
3073
3054
3004
3000
2987
2986
2946
2928
2915
2910
2906
2887
2810
2773
2763
2756
3298
2701
3342
3326
3249
2989
2791
3300
3229
3130
3114
3104
2890
2888
2789
2786
2731
2804
3344
3320
3291
3116
3102
2894
2790
2785
2687
3406
3107
3072
2865
2716
3434
3391
3296
3272
3267
3261
3206
3120
3115
3106
3076
3070
3049
3035
2863
2765
2712
2780
3361
2688
2653
2643
2642
2609
2608
2594
2567
2533
2519
2510
2508
2472
2471
2461
2413
2389
2384
2377
2355
2351
2343
2338
2327
2315
2298
2295
2293
2285
2283
2279
2273
2268
2241
2191
2183
2163
2153
2143
2138
2137
2134
2125
2111
2101
2087
2081
2062
2052
2047
1954
1940
1913
3210
3005
2830
3353
2870
3370
3356
2995
2711
3405
2738
3359
3255
2847
2728
2692
3182
2951
2803
3377
3350
3177
2900
2881
2779
2724
2682
3373
3207
2958
2775
2696
3273
2824
2697
3154
2787
3416
3378
3302
3270
3252
3172
3145
3101
2980
2828
2812
2753
2742
2737
1252
937
955
1865
1038
3760
3635
3563
3731
3574
3573
3488
3950
3971
3966
3736
3702
3672
3667
3656
3550
3526
3521
3491
3712
3496
3847
3884
3873
3741
3944
3938
3889
3886
3841
3800
3501
3456
3448
3945
3927
3604
3469
3611
3930
3908
3830
3734
3721
3687
3633
3548
3545
862
3979
3978
3975
3974
3973
3972
3970
3968
3967
3963
3962
3961
3959
3958
3957
3955
3951
3949
3946
3939
3937
3935
3934
3933
3932
3929
3926
3923
3922
3920
3915
3914
3910
3909
3907
3906
3905
3904
3903
3902
3901
3898
3896
3895
3894
3892
3888
3887
3882
3880
3878
3875
3874
3870
3868
3866
3864
3863
3854
3853
3852
3850
3849
3848
3842
3840
3839
3838
3837
3835
3833
3832
3831
3829
3828
3827
3826
3825
3824
3822
3821
3820
3819
3817
3816
3810
3806
3798
3797
3796
3793
3790
3788
3787
3785
3783
3782
3780
3779
3778
3777
3770
3769
3766
3764
3762
3761
3758
3757
3755
3753
3751
3750
3749
3747
3746
3745
3738
3737
3735
3732
3728
3727
3724
3723
3718
3717
3715
3714
3713
3711
3709
3707
3706
3705
3704
3703
3701
3697
3696
3693
3692
3690
3689
3683
3680
3676
3675
3671
3670
3661
3659
3657
3655
3653
3652
3649
3645
3642
3641
3640
3638
3631
3629
3628
3626
3625
3624
3623
3622
3621
3618
3615
3610
3605
3603
3598
3596
3595
3594
3593
3592
3590
3586
3585
3583
3579
3578
3570
3569
3568
3559
3558
3554
3547
3544
3542
3541
3540
3536
3535
3534
3533
3532
3531
3529
3527
3525
3522
3520
3519
3518
3517
3516
3513
3512
3509
3506
3504
3503
3499
3498
3492
3490
3489
3484
3482
3480
3479
3478
3477
3475
3473
3472
3471
3470
3468
3467
3465
3464
3463
3462
3461
3460
3458
3455
3452
3451
3449
3447
3444
3443
3442
3439
3438
857
1105
3343
3024
3017
2965
2772
3185
3424
3313
3274
3214
2875
2841
2836
2736
3067
3365
3335
3327
3256
3253
3198
3189
3171
3111
3103
3087
2932
2843
2793
2784
2781
2718
2686
2685
2675
2678
3161
3097
3077
2882
2955
3385
3258
3289
3020
2707
1031
3011
3432
2825
2813
1053
1814
3062
2964
2649
2629
2617
2588
2555
2547
2543
2529
2512
2511
2491
2475
2451
2436
2394
2368
2336
2330
2328
2319
2294
2292
2289
2282
2267
2264
2250
2247
2239
2224
2223
2203
2199
2198
2196
2189
2187
2180
2176
2169
2149
2148
2144
2127
2117
2102
2068
2054
2042
2038
2032
2031
2028
2007
1955
1948
1945
1932
1920
1912
1465
1058
3003
2838
2704
217
189
150
119
64
621
573
665
583
605
625
682
655
603
588
644
623
617
631
618
670
632
600
595
582
662
647
640
681
675
658
627
616
579
3861
3487
3454
540
671
630
371
386
433
407
593
382
453
652
646
534
541
539
466
455
372
510
451
425
413
432
543
485
355
518
505
680
360
516
486
435
495
568
562
547
359
509
469
472
552
531
504
508
476
399
364
549
427
202
166
601
494
473
416
388
945
974
1414
1492
614
1415
1546
1193
1270
1640
1134
3435
3433
3431
3430
3429
3421
3420
3419
3417
