107
778
4004
3181
219
286
3037
4020
4022
233
674
1776
3885
2774
3003
1046
2195
2714
744
138
437
192
3992
190
3686
3531
1002
4032
1690
911
306
356
3268
2621
2857
2422
321
534
3816
2100
2842
3749
1252
70
485
371
1240
4025
2230
3671
3984
3781
210
1150
3904
447
4028
1797
301
3879
150
564
1295
868
3589
1176
3754
1693
49
76
1395
2799
287
1263
624
1755
855
895
112
3729
885
1760
3444
550
3694
3978
3407
3848
3839
3669
3914
3727
3955
406
401
499
3522
3572
2838
43
470
480
2817
3492
384
256
4003
3882
4026
877
4024
4016
4006
3946
3059
2804
2902
383
3859
3853
3536
3216
358
3276
610
3032
3996
671
3315
3254
464
2959
912
3679
3588
3999
961
289
3837
899
3165
1887
4011
530
167
891
1254
4037
1264
607
1346
1521
3983
2805
1892
4008
140
939
1103
330
86
689
808
888
649
785
114
893
1490
841
802
790
707
759
851
875
3732
825
3134
2678
283
3091
16
1317
3083
451
2094
12
207
2632
145
237
1057
61
3217
3183
1759
854
52
3701
221
2776
2670
1058
8
305
873
867
1814
3784
468
3661
864
3798
3846
3446
3071
3742
1586
1325
174
3349
2079
2483
2860
2269
3230
1268
183
1417
3560
125
3673
1546
2788
3942
2963
106
2167
2380
2569
3806
1967
124
2596
638
3887
3928
522
182
904
194
2442
202
88
307
1206
1233
347
2998
2481
2182
282
937
1096
3441
1996
704
264
146
35
234
3567
2855
1194
673
1145
3856
1558
1031
541
3408
749
3570
90
110
1486
3453
3227
2166
801
1762
250
11
3457
47
1008
1969
3717
3597
2245
1224
2541
3436
735
151
235
1157
2808
365
2722
692
2421
2527
2595
293
3548
2301
1140
1838
732
2922
1368
3682
2732
3180
3045
776
4030
3952
3647
3638
3439
859
881
879
870
866
894
852
798
717
3122
3105
3200
2861
3354
255
865
351
393
399
441
476
198
501
189
81
217
163
269
100
3861
3958
2358
3990
4007
1394
1203
267
240
155
23
230
3720
3918
3653
2113
478
405
508
278
177
131
175
46
227
225
143
99
2263
152
4
275
195
273
78
181
218
4027
1208
229
96
205
453
411
498
386
532
572
3127
3147
3074
3055
1657
4000
4023
4017
4009
3993
4031
4001
3986
3988
3982
3997
3980
3994
3981
4021
4019
4018
4002
3998
4014
4038
147
95
6
319
327
3251
3372
3131
2930
3995
4033
4029
4013
3989
4035
3991
3985
4036
4010
594
4015
3987
4034
4005
4012
890
863
753
886
743
882
861
804
729
782
702
876
871
712
839
791
796
889
811
850
736
846
806
725
714
767
746
809
856
765
792
748
793
783
803
763
843
835
799
762
710
700
833
816
813
734
721
768
691
789
818
771
755
812
751
836
761
720
827
805
831
821
847
838
880
837
730
840
797
708
697
823
807
764
687
769
703
787
758
849
817
770
741
718
690
728
810
884
772
719
706
693
688
853
795
713
822
777
742
686
752
726
722
830
819
705
715
694
845
834
794
754
747
739
727
844
828
815
780
779
774
820
800
731
814
781
773
760
737
711
698
695
848
842
829
784
738
701
696
824
766
745
724
723
826
874
869
788
887
786
756
740
709
878
716
892
775
699
872
733
883
832
750
860
757
3487
3723
3551
3530
3504
3626
857
858
3619
3871
3513
3880
3739
3745
3632
3649
3613
3766
3549
3939
3819
3494
3631
3791
3598
3876
3775
3461
3606
635
3454
3897
3540
3941
3700
603
664
3283
3325
2699
3965
3579
3519
3675
3587
3801
3818
3857
3592
3778
3735
3811
3792
3665
3708
3899
3780
3741
3844
3944
3710
3740
3594
3898
3562
3523
3702
3933
3696
3662
3580
3473
3538
3445
3743
3690
3648
3646
3643
3602
3630
3823
3668
3913
3462
3805
3832
3866
3869
3591
3515
3969
3826
3714
3711
3463
3776
3753
3850
3678
3773
3698
3867
3835
3827
3769
3629
3553
3470
3834
3895
3767
3719
3559
3855
3903
3821
3622
3617
3627
3528
3520
3485
3845
3658
3603
582
576
640
578
670
658
681
665
600
3860
3779
3452
3795
3563
3645
3911
3502
3889
3851
3736
3471
3858
3656
3547
3902
575
605
588
685
631
579
677
612
590
3375
2834
2727
2926
3368
3028
2898
2747
3318
2879
2982
2968
3340
3121
3190
2721
2671
2769
3836
3759
3476
3465
3772
3937
3738
3460
3703
3906
3896
3833
3822
3569
3964
3883
3921
3715
3705
3636
3608
3628
3912
3657
3733
3979
3934
3450
3884
3842
3614
3612
3564
3561
3469
3556
3484
3521
3949
3722
3973
3768
3718
3534
3601
3931
3763
3623
3568
3774
3571
3886
3785
3927
3507
3968
3877
3873
3667
3799
3862
3599
3590
3498
3681
3581
3481
3479
3491
3966
3762
3730
3652
3610
3960
3500
3478
3516
3670
3514
3474
3692
3905
3863
3447
3618
3804
3731
3574
3543
3518
3917
3725
3541
3976
3951
3810
3593
3539
3493
3458
3525
3794
3909
3870
3829
3620
3506
3737
3803
3777
3758
3511
3972
3956
3915
3761
3752
3726
3529
3510
3466
3464
3443
3891
3800
3674
3611
3578
3440
3790
3527
3532
3468
3438
3947
3900
3706
3486
3809
3747
3728
3685
3644
3607
3442
3526
3512
3482
3455
3881
3764
3824
3576
3771
3878
3724
3625
3604
3971
3948
3940
3930
3852
3488
3812
3721
3828
3697
3642
3640
684
626
562
568
655
662
623
615
661
659
650
647
643
599
675
632
627
449
2437
28
1218
945
3596
3495
3962
3750
3683
3680
3654
3577
3938
3841
3586
3496
3456
3684
3651
3517
3621
639
636
349
666
654
644
616
611
680
625
619
618
609
598
573
617
467
601
593
529
502
474
2889
2903
2677
2972
3197
3138
3133
2811
3292
3161
3279
3402
3282
3322
3249
2886
3063
3012
2709
2841
3281
3312
3314
2703
3155
3333
3309
3109
3392
2999
3044
3367
3112
3429
3067
2882
2734
3383
2803
3400
3129
2948
3137
3030
3300
3061
3341
3323
2783
2687
2802
2715
3244
3237
3202
3229
2749
2710
2986
2887
2974
3235
974
3977
3970
3967
3957
3953
3950
3945
3936
3929
3926
3925
3924
3923
3920
3919
3907
3893
3890
3874
3872
3868
3865
3849
3847
3838
3831
3825
3817
3815
3814
3808
3802
3797
3796
3793
3786
3783
3782
3760
3757
3756
3744
3734
3716
3713
3707
3695
3693
3687
3676
3672
3666
3663
3660
3655
3639
3635
3634
3633
3624
3609
3605
3595
3585
3584
3583
3573
3558
3557
3555
3554
3552
3550
3545
3544
3542
3535
3533
3509
3508
3505
3503
3499
3497
3490
3483
3480
3475
3459
3449
3448
630
510
458
418
547
403
361
490
489
382
372
488
434
571
543
539
350
410
682
657
648
633
628
621
597
595
584
583
577
1607
1739
477
459
469
2822
3210
3359
2779
2768
2825
2723
2856
2846
2852
2943
3285
2696
2682
2848
3346
2995
2853
2707
1414
1748
3222
3208
3272
3110
2964
3313
3416
3058
2895
2770
2614
2106
83
552
310
979
1197
1855
1412
1027
1016
1566
1202
1055
1905
396
359
1023
1005
1089
1406
1143
1234
3943
3830
3677
3501
1187
862
1704
1503
1099
1144
1251
1141
969
898
1869
1638
1489
629
1044
1492
646
1000
1526
1455
1756
1478
1356
1162
1378
1428
1903
1716
1875
1379
988
1438
1292
1257
679
678
1694
1363
634
362
385
1592
1015
1350
622
592
1422
1353
1246
494
1300
560
398
352
653
373
415
495
1313
683
473
375
620
471
565
479
445
409
444
416
392
424
369
540
535
512
511
505
491
472
455
450
448
446
442
422
413
412
407
391
390
388
387
367
116
2958
3404
2918
3194
3169
3075
3343
3204
2858
2941
1642
2697
3196
2923
3296
3191
3170
2765
3253
3242
3049
2976
2840
3266
2884
3423
3148
3345
3035
3427
3126
2819
2904
3178
3294
3095
3415
3273
3162
2829
3177
3260
3225
2761
2674
3203
3097
3377
3145
2735
2686
2950
2684
3425
3376
3050
2921
2772
3424
3221
2954
2807
3420
3176
3381
3297
3265
3113
3076
2996
2991
2796
3395
3351
3255
3219
3189
2702
3163
2897
3332
3011
2947
2728
2801
3057
3187
3215
3224
3124
2833
2778
2751
3241
3136
2668
3344
3046
2843
2816
2675
2667
3284
2949
3421
3321
3299
2936
3269
3034
2797
2733
3086
3066
2935
3399
3149
2911
3357
2973
2780
3422
3274
