0
4024
1119
668
4022
287
209
3006
3407
3183
215
1394
282
3984
607
2691
292
2857
1262
155
3820
3744
749
1466
468
401
42
571
2483
37
891
2596
2569
2079
15
447
602
3709
3935
256
613
33
386
157
3037
4028
4034
4013
3991
4019
3996
4023
4003
4038
4037
4036
4035
4033
4032
4031
4030
4029
4027
4026
4025
4020
4018
4017
4016
4015
4014
4012
4011
4009
4008
4007
4006
4004
4001
4000
3995
3993
3992
3990
3989
3988
3987
3986
3985
3983
3981
4021
4002
3997
3994
3982
3980
3999
3998
4005
3716
3865
4010
3848
3751
3910
3965
3745
3439
3781
3955
3537
3812
3720
3976
3977
3932
3647
3638
3513
3694
3893
3631
3843
3942
3870
3786
3657
3890
3823
3678
3473
3782
3459
3754
3623
3620
3534
3507
3920
3671
3483
3646
3676
3569
3644
3791
3607
3809
3821
3918
3836
3708
3701
3675
3519
3945
3895
3764
3510
3951
3869
3794
3714
3768
3711
3468
3894
3624
3819
3972
3829
3738
3630
3593
785
699
791
854
750
796
740
788
725
716
736
836
822
839
714
712
3663
3599
3498
3710
3615
3565
3747
3808
3957
3669
3639
3560
3516
3907
3773
3753
3740
3705
3508
3442
3619
3897
3470
3628
3485
3914
3601
3474
3469
3765
3784
3790
3640
3557
3497
3450
379
467
377
3904
3859
3849
3742
3444
3566
3673
3975
3974
3973
3969
3967
3964
3963
3960
3959
3958
3956
3954
3953
3952
3949
3947
3946
3941
3940
3939
3937
3936
3933
3931
3927
3925
3924
3923
3921
3919
3917
3916
3915
3913
3912
3911
3909
3906
3905
3903
3901
3900
3899
3898
3896
3892
3891
3888
3887
3885
3883
3882
3881
3879
3878
3876
3875
3874
3871
3868
3867
3866
3864
3863
3862
3857
3856
3855
3850
3844
3840
3839
3837
3835
3834
3833
3832
3827
3826
3825
3822
3818
3816
3815
3814
3813
3810
3807
3806
3803
3802
3801
3799
3798
3795
3793
3792
3789
3787
3783
3778
3777
3776
3775
3774
3771
3770
3769
3767
3766
3763
3761
3759
3758
3757
3752
3749
3746
3743
3739
3736
3735
3733
3732
3730
3729
3728
3727
3726
3725
3724
3722
3719
3718
3717
3715
3713
3706
3704
3700
3699
3698
3696
3695
3691
3690
3688
3686
3685
3682
3681
3680
3679
3668
3666
3665
3664
3662
3660
3659
3658
3655
3653
3652
3650
3649
3648
3645
3643
3641
3637
3636
3635
3634
3632
3629
3627
3626
3622
3617
3616
3614
3613
3612
3610
3608
3606
3602
3598
3597
3595
3594
3591
3589
3588
3587
3585
3584
3583
3582
3581
3580
3579
3574
3572
3571
3568
3567
3564
3562
3561
3558
3555
3554
3553
3551
3549
3548
3546
3543
3542
3541
3539
3538
3536
3535
3532
3531
3530
3529
3528
3526
3524
3523
3522
3520
3518
3515
3511
3509
3506
3505
3504
3503
3502
3500
3499
3494
3493
3490
3489
3487
3486
3484
3482
3481
3479
3478
3476
3475
3472
3467
3466
3465
3464
3463
3460
3458
3457
3453
3451
3447
3446
3445
3443
3441
356
453
411
2380
216
267
124
340
61
858
846
812
711
855
717
872
867
761
880
831
763
790
723
889
882
863
804
814
774
773
768
755
734
797
793
781
758
827
824
823
820
701
695
694
688
853
852
851
850
849
848
847
845
844
843
842
841
838
837
835
834
833
832
829
826
821
818
817
816
815
813
809
808
807
806
802
801
799
795
794
792
789
787
786
784
783
782
780
779
778
777
775
771
770
767
766
765
764
762
760
759
757
756
754
753
752
751
748
746
744
743
742
741
739
738
737
735
733
732
731
730
728
727
726
724
722
721
720
718
715
713
710
709
707
706
705
704
702
700
696
693
692
691
690
689
687
1295
3670
3661
3926
3552
3455
3902
3731
3573
3559
3488
3471
3462
3452
3575
3845
3838
3817
3672
3527
3491
3785
3772
3707
3605
3603
3590
3477
3966
3852
3702
3621
3847
3712
3592
3547
3496
3979
3544
3683
3928
3828
3800
3788
3760
3578
3550
3533
3517
3480
3779
3929
3830
3656
3642
3611
3521
3492
3970
3950
3889
3737
3563
3540
3512
3978
3971
3944
3934
3930
3908
3880
3860
3824
3796
3750
3667
3625
3449
857
3968
3962
3938
3884
3873
3858
3841
3831
3804
3762
3693
3687
3654
3618
3604
3586
3514
3461
3448
3438
3842
3805
3780
3755
3734
3703
3697
3684
3600
3596
3576
3545
3501
433
384
648
665
647
600
670
576
681
632
578
577
625
616
611
685
663
631
684
654
636
626
619
605
635
572
562
552
550
532
530
499
466
464
454
448
443
441
437
406
383
358
351
477
509
505
381
380
357
568
372
349
470
449
1654
522
429
535
371
3961
3861
3723
3454
3437
365
382
478
495
510
472
541
551
369
533
529
445
652
570
519
490
489
473
396
361
359
354
498
450
421
362
565
458
413
360
2621
2263
2527
2041
2515
2422
2413
2106
2251
2119
2034
2008
2439
2100
2587
2358
2230
2260
2130
2177
2262
2450
2562
2158
2544
1930
2209
2316
2017
2644
1922
2426
2170
2076
2393
2606
2147
2513
2243
2576
2534
2503
2265
2505
2237
2216
2479
2581
2506
2454
2610
2557
2256
2219
2186
2066
2035
1944
1923
2624
2550
2477
2391
2060
1986
1953
2535
2618
2474
2405
2335
2317
2231
2228
2089
2070
1975
2603
2390
2280
2110
1987
2226
2146
2067
2044
2539
2379
2367
2101
2021
2015
2373
2313
1936
2126
2564
2428
2418
2258
2253
2233
2077
2585
2006
1919
1914
2619
2600
2590
2573
2504
2495
2464
2414
2218
2078
2207
2636
2620
2459
2297
2502
2399
2638
2593
2579
2574
2559
2549
2521
2507
2485
2484
2467
2386
2376
2353
2348
2329
2299
2287
2278
2257
2244
2240
2188
2140
2121
2109
2108
2088
2083
2073
2059
2055
2046
2030
2020
1984
1963
1946
1943
1938
1917
2455
2531
569
543
534
528
508
504
485
455
426
416
415
407
397
243
162
233
250
192
564
501
476
399
393
364
86
202
166
2589
2494
2447
2024
2001
1939
1926
120
177
191
139
36
262
20
44
296
182
314
190
300
306
117
274
99
10
254
196
23
255
73
307
167
83
303
213
247
211
104
69
62
3
270
257
239
221
113
103
84
346
299
92
7
121
108
227
172
41
59
329
304
295
277
258
224
188
161
142
193
328
195
116
3127
3134
3121
3428
1558
895
893
890
888
887
886
885
884
883
881
879
878
877
876
875
874
873
871
870
869
868
866
865
864
862
861
859
856
840
830
828
825
819
811
810
805
803
800
798
776
772
769
747
745
729
719
708
703
697
686
100
339
285
261
248
203
199
170
148
128
98
82
54
50
1
1395
1546
2475
2451
2294
2254
2224
649
2588
2472
2465
2463
2436
2377
2268
2250
2215
2176
2174
2163
2133
2072
1994
1948
1947
1916
1762
1157
2649
2608
2598
2555
2512
2509
2496
2347
2332
2266
2198
2128
2125
2117
2102
2007
1945
1599
1093
1268
1759
1887
1034
1588
1247
937
1362
1141
986
1797
1253
1200
1731
1785
1865
1618
1251
1218
1723
1805
1585
1248
1710
1311
1579
1802
985
1838
3948
3943
3886
3877
3872
3851
3797
3756
3741
3721
3692
3677
3674
3651
3633
3609
3577
3556
3525
3495
3456
3440
928
1544
1524
1664
1266
1055
1586
1904
1413
1646
1531
1697
1165
1650
1309
1187
1713
1592
1708
1437
1667
1415
1213
964
1843
1890
1722
1537
1651
1569
1492
1877
1028
1346
1351
1239
932
956
1874
1440
1198
988
951
1359
1847
1814
1183
1062
1839
1717
1101
1789
1665
1571
1380
1288
1285
1271
1201
1040
1232
1636
1392
902
1254
1197
909
1445
1121
1106
907
1845
1832
1754
1287
1886
1836
1736
1735
1714
1632
1580
1402
1238
1163
1004
967
926
916
1249
965
1167
1582
969
1764
1412
1104
1491
1291
1269
1267
1649
1502
1566
1695
1831
1819
1675
1621
1603
1460
1026
925
1525
1482
1338
1308
1258
1127
1000
974
940
1863
1780
1399
1477
1334
921
1820
1602
962
1807
1719
1325
1816
1804
1800
1796
1689
1653
1652
1623
1600
1547
1375
1344
1209
1078
992
1629
1468
1333
938
1825
1136
1442
1751
1099
1066
1842
1741
1620
1467
1409
1388
1331
1323
1191
1074
1903
1857
1841
1812
1691
1583
1495
1462
1277
1257
1129
1120
1108
1081
1044
1019
1014
1007
1763
1709
1565
683
634
587
1871
1808
1766
1595
1573
1526
1475
1436
1423
1012
1223
644
1720
1235
1148
1086
1032
917
422
593
494
462
417
1813
1677
1604
953
913
536
503
440
420
398
375
352
350
557
548
547
546
531
527
523
502
491
488
474
442
439
418
410
403
394
390
355
676
549
545
525
520
512
511
479
456
452
451
444
425
405
392
387
682
680
679
678
677
675
674
673
672
671
667
666
664
662
661
660
659
658
657
655
653
650
646
645
643
641
640
639
633
630
628
627
623
622
621
620
618
617
615
614
612
610
609
608
604
603
599
598
597
595
594
592
590
589
588
586
584
583
582
579
575
574
573
558
556
542
480
465
436
427
423
395
348
1496
1473
1070
1010
554
518
516
486
469
459
457
435
424
1878
1142
1001
555
539
497
482
460
438
434
1574
1506
669
656
591
561
553
544
526
521
507
506
493
487
483
481
463
461
402
385
378
374
368
367
1744
1679
1645
1425
1320
606
567
560
559
540
538
537
524
515
514
513
500
496
492
471
446
432
431
430
419
412
409
408
404
400
391
388
376
373
370
2660
2659
2658
2657
2656
2655
2654
2653
2652
2651
2650
2648
2647
2646
2645
2643
2642
2641
2640
2639
2637
2635
2634
2633
2632
2631
2630
2629
2628
2627
2626
2625
2623
2622
2617
2616
2615
2614
2613
2612
2611
2609
2607
2605
2604
2602
2601
2599
2597
2595
2594
2592
2591
2586
2584
2583
2582
2580
2578
2577
2575
2572
2571
2570
2568
2567
2566
2565
2563
2561
2560
2558
2556
2554
2553
2552
2551
2548
2547
2546
2545
2543
2542
2541
2540
2538
2537
2536
2533
2532
2530
2529
2528
2526
2525
2524
2523
2522
2520
2519
2518
2517
2516
2514
2511
2510
2508
2501
2500
2499
2498
2497
2493
2492
2491
2490
2489
2488
2487
2486
2482
2481
2480
2478
2476
2473
2471
2470
2469
2468
2466
2462
2461
2460
2458
2457
2456
2453
2452
2449
2448
2446
2445
2444
2443
2442
2441
2440
2438
2437
2435
2434
2433
2432
2431
2430
2429
2427
2425
2424
2423
2421
2420
2419
2417
2416
2415
2412
2411
2410
2409
2408
2407
2406
2404
2403
2402
2401
2400
2398
2397
2396
2395
2394
2392
2389
2388
2387
2385
2384
2383
2382
2381
2378
2375
2374
2372
2371
2370
2369
2368
2366
2365
2364
2363
2362
2361
2360
2359
2357
2356
2355
2354
2352
2351
2350
2349
2346
2345
2344
2343
2342
2341
2340
2339
2338
2337
2336
2334
2333
2331
2330
2328
2327
2326
2325
2324
2323
2322
2321
2320
2319
2318
2315
2314
2312
2311
2310
2309
2308
2307
2306
2305
2304
2303
2302
2301
2300
2298
2296
2295
2293
2292
2291
2290
2289
2288
2286
2285
2284
2283
2282
2281
2279
2277
2276
2275
2274
2273
2272
2271
2270
2269
2267
2264
2261
2259
2255
2252
2249
2248
2247
2246
2245
2242
2241
2239
2238
2236
2235
2234
2232
2229
2227
2225
2223
2222
2221
2220
2217
2214
2213
2212
2211
2210
2208
2206
2205
2204
2203
2202
2201
2200
2199
2197
2196
2195
2194
2193
2192
2191
2190
2189
2187
2185
2184
2183
2182
2181
2180
2179
2178
2175
2173
2172
2171
2169
2168
2167
2166
2165
2164
2162
2161
2160
2159
2157
2156
2155
2154
2153
2152
2151
2150
2149
2148
2145
2144
2143
2142
2141
2139
2138
2137
2136
2135
2134
2132
2131
2129
2127
2124
