107
1684
3437
2351
686
0
734
3793
1232
3917
3758
3521
908
2411
579
754
3675
659
245
3706
3661
2699
3552
850
254
449
3255
4033
2450
616
3980
4028
3679
3527
3875
3945
277
787
1133
963
195
2856
3322
4035
669
2251
171
3748
2622
293
3566
3732
2814
804
642
2569
1969
3749
3613
1992
2938
118
3972
4022
47
3251
3886
3765
1177
3480
3944
855
2245
1785
3716
328
674
3564
1183
603
2696
3704
215
2791
1956
1474
2448
4006
1356
2105
3975
1328
3553
2788
3612
2080
1034
206
1053
3393
3547
3864
1254
3
201
2545
1455
3450
1814
1425
2968
3587
4021
3668
149
3243
3739
99
3769
327
1186
2167
2883
1784
632
480
868
998
115
1501
1043
3181
1676
3507
1854
704
3544
3990
911
534
3849
260
3878
3771
3533
3979
486
15
2903
3726
2263
3707
329
951
1055
775
1713
3912
3628
3595
1317
3715
219
1743
2281
3457
3891
3712
4
283
3361
405
3516
3961
3376
3290
101
38
74
18
3030
852
396
578
416
847
1526
501
532
569
462
2996
1202
2962
912
1097
2832
958
949
330
1758
793
764
772
3175
19
3787
1450
2885
1372
844
742
113
342
2841
1745
3837
3057
3887
3500
3812
867
288
3333
1934
1057
3452
3563
799
3471
90
3984
3755
4029
584
2375
2580
648
1168
1296
3992
2955
189
181
2844
612
187
3364
166
1961
314
628
795
1138
3796
1090
531
2764
1417
512
1362
3631
253
3673
788
3024
3109
3436
1262
1738
3591
979
3794
3705
3770
384
689
3110
3776
2382
2449
2524
1883
3751
264
627
3759
3574
2647
1141
2481
1415
3168
1874
2789
633
1241
3565
3905
12
863
112
2301
668
2752
3130
630
2704
214
3792
1089
3451
1270
2270
2700
2523
2361
3279
2129
721
728
2595
1672
3223
907
2178
3133
5
3429
2291
2277
595
383
179
910
3850
1023
2249
3222
757
468
3987
349
1581
3012
3603
725
1081
2898
516
3481
73
1727
1368
3627
3865
3442
798
1253
3916
2860
1019
3483
994
750
3665
3021
2829
1252
2444
3973
6
157
3857
1387
3489
3278
3908
3205
1585
3983
3388
562
498
3487
3163
105
3808
351
1579
3584
2219
2775
894
3373
3567
2726
3441
3427
138
3836
2917
884
1268
1406
3717
2834
3823
2948
3729
3754
282
3650
914
3733
3370
3292
2269
3957
4018
1592
3202
1771
1776
1176
1518
2952
761
3331
120
2923
3652
3086
1045
2995
2836
3342
2483
2341
3458
1027
672
2981
3137
3300
1507
1109
1228
3774
3664
3620
352
3950
678
598
152
3159
3157
1667
4009
682
657
3573
2091
872
776
981
3899
1284
759
4001
302
2760
959
858
670
1364
3358
1392
3681
2227
624
3194
3258
505
3727
1540
3888
810
763
2732
17
262
3577
1316
1843
2763
3440
646
885
992
2813
3424
3629
495
177
131
3538
1393
3871
585
3819
1466
14
28
4017
638
3074
4026
3982
3791
3783
3224
1374
1263
212
2466
955
3502
3700
1016
1481
2812
3959
1087
2288
2618
3895
3969
3955
3803
985
3482
3590
2772
3921
3067
2830
3313
3508
3472
2558
2522
1575
2402
2644
2397
3088
2416
611
1640
2973
275
1469
1500
1525
1169
1701
1119
956
1907
3656
1846
3692
533
220
1436
3341
2349
3919
3562
608
3281
876
882
888
58
3662
3099
2234
248
1
590
4038
1142
408
1744
673
2722
525
2985
1300
1217
1210
1204
1512
645
1012
3338
427
1766
377
1313
1151
2911
410
1422
634
465
1321
1805
1606
463
2929
3994
3165
375
2635
2076
419
1464
1692
913
1896
2686
3412
1349
482
975
996
1878
2810
554
502
1968
2997
443
380
365
541
937
3580
1135
4032
3217
1798
1319
3248
1544
3306
1178
1442
803
748
696
1936
718
1414
3084
2639
739
826
2854
1479
784
741
3549
3942
435
4012
2599
2627
2886
755
1162
720
2514
3337
706
3369
789
142
614
186
170
1438
238
334
148
34
3141
257
208
104
2493
163
331
268
65
2852
211
2835
950
39
22
2393
3308
1084
1411
45
2260
3474
790
476
454
2008
3466
1497
1483
3365
1842
3856
2256
3702
2678
1061
1486
3624
4008
2362
3999
4025
3991
1562
3095
1234
3111
2628
1215
2771
2051
2342
1022
1638
3244
3329
1627
604
2296
1194
1013
286
44
57
2447
883
2745
237
613
84
313
3410
1807
3216
3126
1710
3522
3788
3059
1110
1112
3477
2612
2705
1958
1409
1134
3625
1754
2795
3050
3503
2141
2707
1884
3456
1773
1203
3860
1386
3249
1477
2746
2879
2972
3311
2959
892
2442
3555
1851
931
3786
3822
3425
3909
3826
3648
3374
2817
1700
2926
3534
3810
2935
802
1303
1245
1279
660
643
2811
1748
1429
3408
448
1652
602
3214
2703
3085
582
3009
2000
426
1582
2626
2265
2581
2989
845
618
573
3197
372
1208
3301
3092
287
605
2321
485
333
3235
3055
1726
2252
3192
1922
2049
2540
1702
2565
1462
1779
2158
1197
3589
2497
3213
3161
3720
102
744
629
3153
466
796
900
782
1679
3965
3760
3839
1806
535
1866
860
4037
3663
3180
3666
3778
2980
2858
550
3840
607
920
2106
2680
1602
846
3683
3015
3413
3747
3462
3709
2736
3100
2837
3525
1264
971
2878
2185
2204
3354
2808
3798
1062
2503
3927
3622
3764
3623
656
2221
3772
3964
626
2405
2965
1218
3931
3868
3892
899
3239
1601
1749
2152
702
1686
1892
1463
2690
4016
1906
385
1889
1116
3539
2217
447
871
3855
869
2437
3091
1660
3925
2692
3616
1276
3903
1396
3777
918
749
3929
2784
3122
2713
437
1145
1226
2457
3409
3556
1724
2691
813
2739
3682
3619
3691
3746
3784
3524
1716
3601
1070
572
552
3816
1543
3671
701
1394
4023
778
1389
783
961
756
3061
3432
3880
1586
1821
817
594
2685
827
2116
792
765
723
1301
474
715
2721
774
1937
3575
3686
743
2044
1240
1711
3465
989
1780
3380
2568
693
42
3653
3444
3123
1484
4011
3953
837
477
3644
895
108
2162
1651
832
386
2990
2636
878
276
2701
2848
2827
875
209
173
3985
88
1441
1996
3970
699
1863
221
889
1031
2499
1550
2518
1691
519
2714
111
78
3827
3775
3904
2208
901
3069
244
3492
1229
2899
596
2166
3266
472
3312
1890
1967
153
251
137
1309
1760
1728
3160
2712
3958
923
2694
3323
100
298
231
2975
79
223
91
2415
343
202
292
93
1708
8
2079
3745
3467
318
2528
175
309
2799
3854
86
1460
2895
2876
307
865
3981
1594
126
1127
390
216
190
110
2855
1625
3511
2621
71
1737
2671
192
1656
205
1641
3579
3807
409
3879
3200
2822
2748
1478
167
43
1731
2272
3121
3659
2792
647
2
1999
1193
281
3063
1073
3142
3811
714
3694
4002
3336
255
49
610
3815
3882
207
3893
3138
3356
2684
311
204
3399
3781
2716
2798
1699
70
347
1280
2147
1103
2825
1974
841
2596
905
1723
2429
151
1664
3897
174
144
37
886
267
1952
3941
3225
2195
1631
3853
3513
240
1853
3405
234
3375
270
1098
3268
523
786
690
768
20
77
3660
303
3098
3241
870
758
1051
3688
965
3583
1704
3512
3495
1588
1593
833
791
3229
1077
2637
2440
429
1950
3211
3309
1903
935
2048
2017
434
2870
2632
1790
3531
3949
1136
3164
3542
3087
3761
3967
2160
339
332
165
1315
3167
2665
3259
459
766
3025
3080
2337
880
823
815
724
890
824
708
747
3422
3155
491
2766
1860
565
3062
3366
2682
2906
1706
1818
400
48
194
729
1403
1258
1829
2439
3075
3801
3710
2751
3722
2843
304
1885
1740
1453
1694
4019
3986
4014
683
378
676
3753
3867
3713
3636
3178
1216
3193
1166
3367
3320
2687
1448
1010
3328
3001
3550
3646
3430
3392
2871
3219
3190
1788
1384
842
1038
1067
3571
3519
1247
2800
3324
3294
2706
3414
945
3708
2978
3468
3976
3818
564
2987
359
403
458
470
3276
3351
3343
3302
3676
3445
3725
3207
3177
3176
1658
1715
1682
1899
3677
3592
3977
3615
3907
457
1794
968
771
478
453
649
3835
661
650
615
323
258
156
3273
2797
3186
3191
2527
737
2070
2954
1965
2085
2226
2566
2031
3924
326
621
663
574
3228
664
653
592
2807
2851
2892
1259
1348
1847
1624
1541
1072
1472
1299
2535
2011
2585
2538
3930
3576
3609
3830
3741
3632
3918
681
2427
2456
3901
3960
3766
3572
3711
3509
3914
3463
3690
3506
3680
3397
3089
230
398
479
2688
539
522
455
350
3841
3257
588
609
589
684
2715
218
3421
2951
3264
4000
2236
2322
639
655
3654
3817
3831
3557
3938
3902
3621
3454
3475
3488
874
873
887
469
563
3389
252
250
687
1534
3245
89
3013
814
835
838
80
92
53
346
1529
3016
1424
1363
1405
1071
537
467
651
751
738
848
727
500
577
662
658
635
583
576
640
599
367
547
3551
3581
3479
3523
568
418
2826
3578
3670
3640
3611
3528
976
1187
1567
970
1140
3473
1822
1564
1905
1337
150
9
2431
3469
3829
3532
3956
2833
1505
389
551
381
3962
3674
3861
4007
719
705
797
770
777
2930
140
3693
3633
3948
862
3797
3501
3684
3596
3780
3618
3971
540
420
370
1747
1733
3357
3043
3032
3256
2718
2487
1118
3728
143
68
263
227
225
2977
116
3988
3809
3933
3478
1599
3605
3642
3737
3449
3672
3790
1000
1304
1473
1901
1982
2262
259
338
31
200
308
161
1030
3911
3813
3669
3496
121
1283
1838
2656
2313
1960
2145
3602
3554
3464
3685
3773
1511
1698
1494
1410
3701
1443
4027
2193
2130
2380
2818
273
3638
1159
1308
1634
1139
1482
1131
1314
1499
3651
3667
3630
3460
69
7
246
2964
2320
2486
3883
3898
3649
581
3490
3546
3446
2490
2515
2650
2401
64
3003
2838
1297
24
119
2173
680
553
591
496
388
1397
1549
1357
1427
606
506
387
1179
1114
1565
1514
1318
1673
1358
518
666
439
452
520
1446
1654
382
1574
545
586
556
543
444
510
357
489
507
371
484
440
1696
948
1882
1767
620
404
355
492
373
428
665
461
637
544
421
517
570
432
431
566
397
1122
487
460
538
471
456
1645
1320
1080
557
962
366
560
1777
1487
1095
515
497
360
414
395
445
1237
402
417
391
481
475
1616
394
493
641
436
392
376
511
499
559
527
363
1400
526
513
580
542
423
369
503
353
198
561
483
567
555
494
473
441
438
362
348
3083
2949
2979
2957
306
1880
1378
1548
1452
1568
1468
1493
1787
1837
1371
697
805
780
808
762
695
745
773
700
794
752
781
840
769
831
834
828
853
736
713
324
236
85
290
26
239
109
203
272
132
265
122
30
325
269
172
271
229
59
13
21
169
56
87
98
36
320
40
25
188
297
62
3915
3634
3782
3906
3529
3443
3834
3881
3510
3804
3852
3845
3545
3828
3585
3894
3963
3998
4004
3996
4024
622
2230
2228
2317
2371
3140
2672
3319
3404
2932
2730
671
619
422
593
196
94
249
266
299
180
146
213
82
3884
3756
3687
3604
3695
3594
3785
3873
3586
3966
3543
3877
3851
3968
3943
3842
3731
3559
3838
3485
3697
3858
3824
2670
3325
2982
3318
3869
3718
3714
3643
3593
3719
601
644
636
600
3476
821
829
836
779
703
597
654
361
685
677
625
575
623
2557
2562
2570
2197
2242
1975
2424
2314
2412
2120
2107
2488
2403
2534
2474
2231
1990
2358
1933
1978
2357
1498
1705
1537
1719
1421
1825
1433
1033
1307
1615
1325
1360
1803
1174
3455
3505
3703
3448
3520
3926
3470
3497
3484
3658
3734
3800
3721
3514
3913
3900
3896
3610
3920
3535
3825
3951
3874
3541
3743
1895
1629
1333
1533
1137
938
903
1445
1687
1274
3763
3870
3493
3569
3947
3568
3518
3617
3779
3872
3438
3889
3491
3540
3866
3558
3768
3833
3486
3821
830
849
726
819
716
688
731
807
710
698
820
740
800
856
709
753
722
694
843
816
711
760
812
159
129
133
128
232
285
199
178
242
123
54
345
158
322
66
261
315
280
291
67
51
341
141
114
83
46
11
29
72
55
185
75
312
305
183
117
96
295
134
197
127
296
222
130
60
184
139
106
50
316
191
124
300
284
274
176
23
278
10
103
33
168
344
247
228
164
52
32
233
125
224
317
340
337
301
76
321
217
35
27
16
182
147
135
335
95
61
41
160
81
97
289
319
235
63
226
241
294
336
310
155
145
785
730
809
806
818
859
851
733
3626
857
825
811
691
767
839
717
822
735
732
712
801
854
692
861
746
707
877
2494
1919
2583
2459
2050
1972
1921
2346
2640
2571
2157
1927
2171
2022
2364
1928
2658
2143
2159
1914
2016
1951
1935
1976
1995
2027
2025
2156
1998
1980
2645
2009
2365
2284
2225
1991
2004
1973
2648
2335
2035
2286
2620
2018
2657
2192
2097
2443
2587
2238
2353
2334
2367
2060
2383
2258
2092
1513
2529
2378
2024
2467
2552
2561
1918
2646
2329
1925
2546
2122
2172
2602
2408
2352
2454
2404
1942
2532
2359
2417
1989
2290
2574
2495
2606
2489
2577
2140
2222
2366
2041
2136
2391
1983
2083
2536
2477
2387
2307
2591
2326
2363
2550
2240
2257
2074
2624
2409
2213
2576
2020
2306
2630
2469
2559
2073
1963
2553
2386
2093
2601
2033
2554
2109
2542
2037
2244
1953
1923
2578
2376
2271
1946
2611
2423
2123
2077
2005
2484
2339
2212
2374
2369
2200
2142
2098
2115
2056
2579
2539
2478
2299
2462
2395
2046
2433
1971
2502
2268
2001
2615
2124
2064
2655
2407
2184
2086
2607
2428
2104
2590
2506
2460
2356
2278
2276
2206
1943
2623
2507
2485
2253
2165
2164
2150
2112
1993
2654
2625
1984
2210
2057
2370
2190
2586
2549
2430
2381
2261
2084
2264
2567
2287
2211
2425
2319
2564
2350
2311
2043
1929
2241
2394
2573
2446
2392
2348
2323
2118
2161
2247
1913
2146
2023
2594
2318
2468
2183
2010
1947
2465
2029
2526
2201
2556
2418
2414
2410
2331
2308
2188
2638
2354
2063
1985
1917
2303
2631
2600
2593
2476
2229
2220
2040
1997
2551
2482
2237
2121
2069
1986
2154
2108
2088
1979
1966
2179
2095
2643
2592
2516
2266
1941
2501
2560
2310
1944
2604
2575
2309
2218
2090
2078
2045
1962
2280
2132
1465
2101
1964
2163
2533
1959
136
2584
2563
2520
2504
2500
2492
2452
2389
2324
2275
2215
2139
2059
2015
1981
2649
2426
2345
2196
2254
2653
2026
1916
2479
2328
2434
2189
2432
2209
2283
2137
2305
2233
2125
2148
2508
2619
2216
2491
2384
1945
2608
2239
2176
2572
2471
2294
2525
2133
2081
2521
2464
2340
2333
2300
2131
2103
2030
1938
2295
2246
2071
2007
1954
2458
2480
2155
2420
2072
2038
2512
2343
1987
2399
2289
2187
2543
2282
2588
2149
1926
2498
2603
2368
2203
1970
1940
2436
2315
2598
2519
2330
1912
2445
2510
2267
2068
2153
2002
1932
2555
2390
2250
2235
2052
2616
2372
2293
2191
2135
2652
2274
2062
2544
2128
2102
2055
2042
2461
2047
2039
2377
2075
2547
2332
2325
2223
2151
2117
2610
2582
2347
2224
2537
2438
1948
2174
1718
2285
2169
2054
2032
2609
2144
1939
2279
2087
2053
2028
2617
2589
2127
2509
2292
2642
2597
2463
2344
2302
1955
2475
2327
2199
2496
2419
2398
2396
2338
2180
2134
1920
2629
2511
2451
2336
2273
2111
1577
2194
1915
2202
2013
2298
2214
2110
2633
1957
2006
1931
2297
2186
2605
2406
2659
2061
2003
2531
2385
2096
2472
2304
2019
2067
2243
2473
2198
2379
2065
2058
2177
2530
2435
2613
1994
2259
2138
2181
1626
2014
2119
2312
2316
2248
2505
1150
2413
2651
2453
2099
1911
2232
2660
1930
1977
2641
2470
2036
2021
2422
243
2126
2355
2441
