0
4022
642
624
602
3885
3453
3451
1560
1466
1386
1096
335
287
215
207
15
3407
12
2079
581
4032
4006
4034
4038
3999
4026
4012
3993
4014
3986
3994
3910
775
702
1046
3704
4013
4037
4036
4035
4033
4030
4028
4027
4025
4024
4023
4021
4020
4019
4018
4017
4016
4015
4010
4009
4007
4005
4004
4003
4002
4000
3998
3997
3996
3995
3992
3991
3990
3988
3987
3985
3983
3982
3981
599
681
643
633
625
2442
2527
2632
2621
2528
2422
2263
2100
1956
2444
2106
2070
2217
2051
2227
2358
2170
2402
2082
2321
2017
1992
2158
2514
2373
2152
2576
2023
2360
2504
2077
2412
1922
3733
3805
3801
3953
3671
3923
3955
3686
3502
3789
3844
3720
3977
3863
3818
3784
3631
3549
3620
3963
3939
3531
3785
3725
3887
3622
3623
3675
3707
3635
3920
3740
3450
3792
3646
3976
3869
3794
3509
3506
3463
3878
3754
3499
3901
3598
3809
3766
3747
3739
3567
3876
3652
3836
3579
3476
3895
3823
3452
3761
3630
3602
3568
3763
3534
3951
3718
3569
3468
3769
3722
3640
3580
3814
3490
3906
3582
3529
3469
3907
3791
3778
3735
3728
3710
3608
3647
3616
3941
3828
822
796
788
712
716
802
791
854
841
839
836
832
821
808
806
789
786
785
783
771
767
757
750
749
744
743
740
732
725
715
714
711
707
704
699
693
691
689
1586
3628
3852
3574
3838
3527
3911
3864
3832
3717
3700
3691
3649
3639
3617
3578
3560
3479
3467
3736
3702
3484
3610
3891
3521
3471
3656
3563
3889
3760
3475
3934
3880
3873
3831
3804
3693
3687
3677
3449
3438
3734
622
660
4031
4011
3989
3980
680
612
616
657
654
619
449
574
464
590
568
371
551
472
411
552
543
519
534
478
476
2426
2014
2016
1950
2346
2025
2012
2657
2202
1927
685
684
682
677
675
674
672
670
666
665
664
663
662
661
659
658
655
653
652
650
648
647
644
640
636
635
632
631
628
627
626
623
621
620
618
617
615
613
611
608
605
603
600
598
597
595
593
592
589
588
585
583
582
579
578
577
576
575
573
305
2000
2627
1919
2517
1558
2540
2423
2021
2532
2353
2350
2290
2140
1997
2069
1974
2624
2607
2574
2559
2499
2485
2427
2386
2374
2369
2326
2271
2220
2216
2118
2037
2005
1971
1966
2177
2055
2448
2291
1965
2635
2531
2329
2278
2116
2610
2317
2205
2198
2222
2221
1952
2274
2003
2536
2566
2474
2361
2322
2318
2310
2296
2277
2272
2145
1944
1930
2449
2409
2345
2234
2058
1985
2161
2586
2575
2573
2556
2482
2460
2381
2253
2206
2165
2150
2108
2088
2059
2046
2040
2033
2659
2658
2656
2655
2654
2652
2651
2650
2648
2647
2646
2645
2644
2641
2640
2639
2638
2637
2634
2633
2631
2630
2628
2626
2625
2623
2622
2620
2619
2618
2615
2614
2613
2612
2611
2606
2604
2603
2602
2601
2600
2599
2596
2595
2593
2592
2591
2590
2588
2587
2585
2584
2583
2581
2580
2579
2578
2577
2572
2570
2569
2568
2565
2564
2563
2562
2561
2560
2558
2557
2554
2553
2552
2551
2550
2549
2548
2546
2545
2541
2539
2537
2535
2534
2530
2526
2525
2524
2523
2522
2521
2520
2518
2515
2513
2507
2506
2505
2503
2500
2497
2495
2493
2492
2490
2489
2488
2487
2486
2484
2483
2481
2480
2479
2478
2477
2476
2473
2470
2469
2467
2466
2464
2463
2462
2457
2456
2455
2454
2453
2452
2450
2446
2443
2441
2440
2439
2438
2437
2435
2434
2433
2432
2431
2430
2429
2428
2425
2424
2421
2418
2417
2416
2415
2414
2413
2411
2410
2408
2407
2406
2405
2404
2403
2401
2400
2397
2396
2395
2393
2392
2391
2390
2389
2388
2387
2383
2382
2380
2379
2376
2375
2371
2370
2367
2366
2365
2363
2362
2359
2357
2356
2354
2352
2349
2348
2342
2341
2340
2339
2335
2334
2332
2331
2325
2324
2323
2320
2316
2314
2313
2312
2311
2309
2308
2307
2306
2305
2304
2303
2301
2300
2299
2297
2288
2287
2286
2285
2281
2280
2276
2275
2270
2266
2265
2262
2261
2260
2259
2258
2257
2256
2255
2252
2251
2249
2248
2245
2244
2243
2242
2240
2238
2237
2236
2235
2233
2232
2231
2230
2229
2228
2226
2219
2218
2214
2213
2212
2211
2210
2209
2208
2207
2204
2201
2200
2197
2195
2193
2192
2190
2188
2186
2185
2184
2182
2181
2179
2178
2175
2173
2172
2168
2167
2166
2164
2162
2160
2159
2156
2154
2147
2146
2142
2141
2139
2136
2131
2130
2129
2126
2124
2123
2122
2121
2120
2119
2115
2114
2113
2112
2110
2109
2107
2105
2104
2103
2099
2098
2097
2096
2095
2094
2093
2092
2091
2090
2089
2086
2085
2084
2083
2080
2078
2076
2075
2074
2073
2067
2066
2064
2063
2061
2060
2057
2056
2050
2049
2048
2045
2044
2043
2041
2036
2035
2034
2031
2030
2029
2024
2022
2020
2019
2015
2013
2011
2008
2006
2001
1999
1996
1993
1990
1989
1988
1987
1986
1984
1983
1982
1981
1980
1979
1978
1977
1975
1970
1969
1968
1964
1963
1962
1961
1960
1958
1957
1953
1949
1946
1943
1942
1938
1937
1936
1935
1934
1933
1931
1929
1928
1925
1924
1923
1921
1918
1917
1915
1914
1913
2617
2547
2399
2330
2294
2155
2072
2068
2054
1954
1262
3979
3978
3975
3974
3973
3972
3971
3970
3969
3968
3967
3966
3965
3964
3961
3960
3959
3958
3957
3956
3954
3952
3950
3949
3947
3946
3945
3944
3942
3940
3938
3937
3936
3935
3933
3932
3931
3930
3929
3928
3927
3926
3925
3924
3922
3921
3919
3918
3917
3916
3915
3914
3913
3912
3909
3908
3905
3904
3903
3902
3900
3899
3898
3897
3896
3894
3893
3892
3890
3888
3884
3883
3882
3881
3879
3875
3874
3871
3870
3868
3867
3866
3865
3862
3861
3860
3859
3858
3857
3856
3855
3854
3850
3849
3848
3847
3846
3845
3843
3842
3841
3840
3839
3837
3835
3834
3833
3829
3827
3826
3825
3824
3822
3821
3820
3819
3817
3816
3815
3813
3812
3811
3810
3808
3807
3806
3803
3802
3800
3799
3798
3796
3795
3793
3790
3788
3787
3786
3783
3782
3781
3780
3777
3776
3775
3774
3773
3772
3771
3770
3768
3767
3765
3764
3762
3759
3758
3757
3756
3755
3753
3752
3751
3749
3748
3746
3745
3744
3743
3742
3741
3738
3737
3732
3731
3730
3729
3727
3726
3724
3723
3719
3716
3715
3714
3713
3712
3711
3709
3708
3706
3705
3703
3701
3699
3698
3697
3696
3695
3694
3690
3689
3685
3683
3682
3681
3680
3679
3678
3676
3673
3672
3670
3669
3668
3667
3666
3665
3664
3663
3662
3661
3660
3659
3658
3657
3655
3654
3653
3651
3650
3648
3645
3644
3643
3642
3641
3638
3637
3636
3634
3632
3629
3627
3625
3624
3619
3618
3615
3614
3613
3612
3611
3607
3606
3605
3604
3603
3601
3600
3599
3597
3596
3595
3594
3593
3591
3590
3588
3587
3585
3584
3583
3581
3576
3575
3573
3572
3571
3570
3566
3565
3564
3562
3559
3558
3557
3555
3554
3553
3552
3551
3548
3547
3546
3545
3544
3543
3542
3541
3539
3538
3537
3536
3535
3533
3532
3530
3528
3526
3524
3523
3522
3520
3519
3518
3516
3515
3514
3513
3512
3511
3510
3508
3507
3505
3504
3503
3500
3498
3497
3496
3494
3493
3492
3491
3489
3488
3487
3486
3485
3483
3482
3481
3480
3478
3477
3474
3473
3472
3470
3466
3465
3464
3462
3461
3460
3459
3458
3457
3455
3454
3448
3447
3446
3445
3444
3443
3442
3441
3439
874
872
776
881
866
895
894
858
877
873
3779
3633
3621
3517
3626
3586
868
846
826
812
779
837
807
710
889
888
886
878
761
855
852
717
735
729
838
819
770
763
799
795
790
738
723
700
794
784
774
768
764
756
755
737
733
720
696
853
851
850
847
833
831
829
816
814
813
787
782
778
773
762
752
751
746
742
736
734
722
721
706
690
688
845
843
835
824
817
809
797
793
792
759
758
741
739
730
728
718
709
856
849
848
844
842
834
827
820
818
815
781
780
777
772
766
765
760
754
748
