0
732
4021
3991
624
1586
286
3180
2470
3744
287
241
166
858
453
3989
3987
4004
1253
411
3147
3709
3398
4029
3589
2798
892
3846
3723
1777
256
3565
1096
3560
3694
3751
279
904
3990
174
2634
2855
3798
2714
3268
3451
210
1834
4001
867
868
3849
801
3336
911
884
3952
865
95
1546
3749
3816
3890
1202
571
443
3492
1797
3978
749
4011
717
4003
2079
4037
4034
4032
4015
4012
1560
3997
3494
3996
3322
3763
3961
3787
3999
2885
2736
1657
3059
2926
4005
1607
3094
2722
3305
3539
875
735
3983
321
3606
316
3801
341
3939
945
3686
3552
467
638
4024
2997
3689
3594
2817
2774
2882
244
15
667
796
910
806
2382
872
704
740
715
377
292
273
846
893
878
869
379
833
811
3230
1262
832
1654
785
3748
1187
137
899
522
209
117
151
253
3922
153
164
43
1506
1206
699
216
1486
1145
3661
90
3765
2792
2358
1030
154
2527
2740
1301
1430
2842
1422
2204
1627
282
576
3699
3619
138
2441
1760
2541
447
648
3650
480
854
642
613
3811
3121
3165
1058
91
585
1233
3905
3935
42
1033
305
3282
671
1552
3125
3808
918
1151
449
35
152
3820
1119
1961
668
3963
76
2857
1915
191
2565
245
267
2178
2457
572
3928
2998
1023
201
234
673
3965
71
1792
1065
1093
533
145
472
3310
33
2421
2230
568
1133
289
32
167
729
863
886
78
383
839
767
3546
3885
143
3429
58
3290
3632
4002
757
1071
1499
147
219
89
864
825
885
859
873
887
112
327
319
293
19
4007
4025
3720
3923
3691
3530
3504
3551
3592
3522
3074
3127
498
1326
3985
4013
468
881
866
895
870
871
894
879
202
3181
2732
3131
3372
2930
269
81
1046
1194
594
3986
4038
4031
4014
4009
4035
4033
4030
4028
4023
4016
3998
3995
3993
3982
3994
3981
3980
4019
4018
4026
4020
4000
3988
4017
4027
4036
4022
4006
3984
4010
3992
4008
771
702
791
725
714
874
850
818
746
742
822
759
783
816
736
689
803
793
889
848
838
845
883
877
804
880
760
770
748
730
840
797
758
778
695
826
727
690
764
888
882
876
769
765
798
779
709
837
752
772
761
719
728
703
836
817
809
808
743
754
701
819
805
789
786
823
763
829
781
773
724
861
820
718
851
844
842
834
813
780
766
762
751
738
693
849
827
755
698
847
831
828
810
807
784
737
722
706
697
794
745
830
824
756
747
739
734
726
723
696
694
687
856
855
853
852
841
835
815
814
800
799
795
792
787
782
777
776
774
768
753
741
733
731
720
716
713
712
711
710
708
707
705
700
688
686
691
890
721
812
802
821
843
775
788
750
744
790
692
860
891
862
857
3839
3626
3783
3892
3868
3657
3445
3696
3655
3561
3478
3500
3523
3639
3874
3227
3045
3325
2980
3813
3912
3739
3567
3541
3917
3871
3819
3725
3595
3538
3583
3893
3587
3867
3708
3774
3535
3673
3895
3855
3834
3568
3964
3809
3766
3960
3953
3711
3572
3509
3524
3631
3979
3812
3745
3536
3724
3769
3636
3936
3827
3776
3482
3588
3887
3843
3610
3754
3679
3580
3549
3660
3705
3900
3458
3899
3837
3465
3977
3941
3608
3947
3460
655
476
278
3093
3333
2963
2809
3929
3575
3704
3452
3516
3883
3562
3967
3913
3628
3566
3401
2982
2972
2699
3309
3099
3404
3083
3141
3122
3269
3231
3300
2710
2721
3092
2933
2922
3044
2821
3436
2884
2747
3314
3008
2879
2769
2987
2974
3193
2948
2731
3304
2917
3029
3307
1808
3270
3103
3175
3063
2686
3357
1562
1053
3764
3806
3733
3814
3969
3869
3719
3975
3864
3700
3919
3502
3743
3473
3835
3685
3474
3483
3513
3976
3825
3463
3822
3718
3933
3920
3678
3973
3659
3544
3663
3464
3909
3752
3554
3789
3616
3753
3728
3569
3957
3759
3579
3571
3519
3955
3866
3782
3770
3768
3638
3833
3574
3454
3818
3758
3645
3506
3803
3617
3532
3836
3600
3747
3644
3505
3907
3862
3715
3666
3615
3603
3888
3847
3951
3903
3794
3786
3648
3646
3620
3584
3872
3894
3662
3441
3901
3906
3810
3593
3925
3511
3487
3921
3876
3840
3802
3735
3722
3710
3629
3598
3553
3508
3498
3472
3455
3931
3829
3602
3529
3927
3555
3564
3707
3624
3585
3446
3870
3714
3680
3493
3817
3681
3940
3757
3675
3773
3442
3630
3459
3443
3881
3826
3956
3945
3937
3915
3668
3634
657
364
518
225
86
2735
3088
2895
3246
3312
3190
3043
3236
2713
3197
2712
2811
3192
2804
2952
2858
3164
3388
3317
3036
235
3326
3217
3110
3013
2671
2935
3832
3563
3790
3762
3730
3512
3845
3658
3601
3578
3573
3556
3934
3672
3559
3902
3891
3475
3581
3526
3520
3858
3480
3518
3488
3667
3525
3517
3649
3703
3914
3712
3693
3576
3528
3785
3737
3731
3450
3527
3736
3950
3841
3750
3677
3514
3547
3804
3687
3654
3627
3611
3542
3471
3797
3760
3838
3828
3756
3697
3640
3449
3780
3329
3420
3241
3425
3376
3390
2807
2745
2795
3403
2688
3034
2707
3382
3311
3283
2959
2767
2670
3210
3294
3052
2978
2761
3238
2850
2762
2690
3189
3219
3144
2957
3286
3370
3202
2723
2902
3123
3066
3138
3242
2836
3053
2776
2989
2753
3364
3129
2668
3248
3058
3352
3084
2873
2738
2698
3368
2983
2856
2665
2805
2685
3109
2928
3137
3343
3161
3234
3040
3022
2977
2887
2862
2681
3243
3195
3158
3153
2749
2680
3260
3387
3324
2961
2924
2913
3348
3226
2852
3047
2877
2673
3363
3250
3174
3065
2905
3426
3096
2911
2909
2999
3399
3073
3054
3000
2666
3042
2985
2773
2729
2726
2664
2825
3362
3284
3108
3004
2940
2919
2915
2839
2800
2694
3216
3200
2799
3430
3213
3080
2927
2782
3392
3139
3130
2888
2744
3389
3208
3089
2771
2751
3367
2727
3257
3435
3098
3090
3064
3033
2906
2872
2866
2717
2669
3091
2975
2818
3428
3104
2663
3028
3119
2929
2794
3414
2960
2891
2810
2750
3095
3417
3301
3114
2988
2931
2907
2880
2777
2741
2954
3385
3173
2955
2932
2832
2916
2874
3423
3023
2943
2806
3433
3220
3085
2986
2969
2966
2945
2867
2815
2706
2683
2676
3384
3184
3135
3025
3014
2994
2953
2896
2835
2786
2757
2756
2755
3276
2950
1264
3107
2834
3225
3178
3167
2816
3279
2830
3285
2820
2870
3272
3038
2796
3212
3288
3291
3347
3015
3316
3050
2765
2716
3321
2787
2754
3247
3206
3194
2901
2785
2780
2770
2748
3386
3377
3017
3396
3240
3007
3371
2802
3397
3334
3353
3287
2934
2859
3359
3221
3211
3196
3097
2801
2768
3346
3100
3018
3297
3277
3267
3035
3422
3281
3150
3116
3060
3381
3373
3265
3239
2973
2793
3209
3188
3132
3072
2846
2833
2675
3261
3185
2853
3411
3344
3169
3146
3082
3051
3350
2733
2976
2672
1372
381
457
435
551
1218
1138
1403
532
3742
3496
3974
3972
3970
3966
3958
3954
3949
3946
3924
3918
3916
3911
3898
3896
3889
3880
3879
3863
3857
3850
3844
3842
3824
3823
3821
3815
3807
3799
3793
3792
3791
3788
3784
3781
3779
3778
3777
3775
3761
3755
3740
3738
3734
3726
3716
3713
3706
3701
3698
3690
3676
3671
3664
3647
3643
3642
3623
3622
3621
3612
3607
3599
3596
3591
3590
3558
3557
3550
3537
3534
3531
3521
3515
3510
3507
3499
3497
3491
3490
3486
3485
3484
3481
3476
3470
3469
3468
3466
3462
3439
3438
448
478
349
470
359
621
615
575
672
577
633
626
589
617
597
588
670
536
539
564
540
528
501
486
454
440
386
357
356
198
416
494
505
369
390
367
365
541
510
433
407
397
466
175
259
195
255
263
307
333
337
93
17
296
131
68
149
3393
3369
3256
3124
3032
3383
3296
3016
2996
2904
2876
2772
3415
3295
2829
2715
3341
3253
3187
3111
3087
3027
2942
2871
2702
3421
3391
3345
3299
3274
3198
3159
3086
3075
2844
2779
2711
2662
2734
2700
3349
2667
943
1704
3406
3405
3308
3118
3081
2984
2946
2921
2847
1450
3151
3057
3010
2704
1297
38
64
237
84
139
36
5
3409
3340
2964
3302
3201
2923
3360
3332
2937
2823
3172
3160
2875
2684
3331
3306
2938
3077
2949
2941
1896
3968
3944
3884
3873
3741
3721
3702
3656
3635
3456
3877
3800
3609
3604
3962
3852
3674
3625
3971
3930
3926
3795
3695
3684
3683
3670
3651
3613
3605
3586
3540
3533
3479
3467
3457
3938
3860
3851
3831
3796
3692
3633
