0
4003
852
2269
1834
3854
2483
2470
138
74
292
4008
2704
3071
1430
383
883
860
210
613
3121
264
147
1560
4029
1466
4006
3659
206
1096
3953
1455
244
287
4022
1627
2857
18
4036
3856
42
179
3037
2824
1693
145
607
1206
81
624
3230
3811
4010
182
2975
335
2514
3451
1022
379
11
2596
2493
209
183
3820
207
1760
1208
674
4015
234
71
2860
2922
12
305
3729
358
1262
602
160
851
90
219
2808
377
2527
2595
870
859
881
867
888
878
863
887
873
710
812
772
876
761
740
837
704
717
767
811
735
711
845
840
738
715
757
709
785
693
791
789
804
843
783
849
756
708
758
716
844
824
809
800
764
737
731
720
815
792
787
741
895
894
893
892
891
890
889
886
885
884
882
880
879
877
875
874
872
871
869
866
864
861
858
810
776
853
831
694
714
807
747
822
768
707
691
829
828
823
786
777
752
695
688
830
827
781
778
726
722
697
696
742
856
855
854
848
847
846
842
841
839
838
836
835
834
833
832
826
825
821
820
819
818
817
814
813
808
806
805
803
801
799
798
797
796
795
794
793
790
784
780
779
775
774
773
771
770
769
766
765
763
762
760
759
755
754
753
751
750
748
745
744
743
739
734
733
732
730
729
728
727
725
723
721
719
718
706
705
703
702
701
700
698
690
689
687
850
816
782
746
724
713
712
686
736
788
699
802
749
868
865
3992
3983
4007
4016
4017
3989
4027
4002
4013
4034
4032
4028
4025
4024
4011
4005
3999
3991
3990
3984
4021
4000
4038
4031
4037
3986
3981
3995
3998
4023
4019
4018
3996
3982
3980
3988
3985
4026
4020
4014
4009
4004
3997
3994
3993
4030
4035
4012
3987
594
4033
4001
692
3727
3890
3575
3795
3772
3887
3641
3671
3622
3541
3588
3771
3616
3946
3949
3916
3901
3678
3807
3751
3696
3655
3539
3653
3715
3509
3965
3864
3955
3806
3489
3745
3682
3606
3511
3951
3647
3630
3602
3474
3666
3905
3694
3583
3663
3462
3906
3818
3591
3493
3478
3896
3893
3870
3794
3620
3714
3486
3934
3573
3956
3777
3507
3814
3585
3490
3897
3681
3642
3452
3658
3657
3628
3922
3812
3810
3614
3927
3767
3610
3468
3546
3446
3979
3936
3753
3740
3553
3497
3932
3439
3776
3685
3607
3840
3813
3964
3766
3664
3615
3947
3758
3564
3568
3782
3754
3690
3524
3581
3892
3857
3819
3739
3595
3567
3482
3852
3829
3821
3761
3652
3443
3759
3757
3675
3476
3668
3510
3705
3558
3937
3881
3786
3529
3770
3645
3969
3822
3719
3506
3921
3815
3713
3498
3442
3730
3845
3640
3580
3743
3725
3755
3576
1326
1253
1252
2736
3044
3143
3413
2855
2879
2895
3515
3722
3672
3838
3707
3514
3488
657
660
648
201
110
131
279
44
3944
3533
3475
3970
3919
3913
3902
3790
3744
3736
3734
3669
3649
3635
3613
3594
3574
3516
3457
3741
3702
3683
3828
3788
3592
3804
3750
3604
3577
3438
3779
3618
3942
3803
3738
3554
3469
3930
3873
3831
3684
3667
3625
3968
3943
3938
3858
3824
3756
3703
3674
3651
3461
3978
3976
3975
3973
3972
3971
3967
3966
3963
3962
3960
3957
3952
3950
3945
3941
3940
3939
3935
3933
3931
3929
3928
3926
3924
3923
3920
3918
3917
3915
3914
3912
3911
3910
3909
3908
3907
3904
3903
3900
3899
3898
3895
3894
3891
3889
3888
3886
3884
3883
3882
3879
3878
3877
3876
3874
3872
3871
3869
3868
3867
3866
3865
3863
3862
3861
3860
3859
3855
3851
3850
3849
3848
3847
3844
3843
3842
3841
3839
3837
3836
3835
3834
3833
3832
3827
3826
3825
3823
3817
3816
3809
3808
3805
3802
3800
3799
3798
3796
3793
3792
3791
3789
3787
3785
3784
3783
3781
3780
3778
3775
3774
3773
3769
3768
3765
3764
3763
3762
3760
3752
3749
3748
3747
3746
3742
3737
3735
3731
3728
3726
3724
3720
3718
3717
3716
3712
3711
3710
3709
3708
3706
3704
3701
3700
3699
3698
3697
3695
3691
3689
3688
3687
3686
3680
3679
3676
3670
3665
3662
3661
3660
3656
3654
3650
3648
3646
3644
3643
3639
3638
3637
3636
3634
3632
3631
3629
3627
3626
3624
3623
3621
3619
3617
3612
3611
3608
3603
3601
3600
3599
3598
3597
3596
3593
3590
3587
3584
3582
3579
3578
3572
3571
3569
3565
3563
3562
3560
3559
3557
3555
3552
3549
3548
3547
3545
3544
3543
3542
3540
3538
3537
3536
3535
3534
3532
3531
3528
3527
3526
3525
3523
3522
3521
3520
3519
3518
3517
3513
3512
3508
3505
3503
3502
3501
3500
3499
3492
3491
3485
3484
3483
3481
3480
3479
3477
3473
3472
3471
3470
3467
3466
3465
3464
3463
3460
3459
3458
3455
3453
3450
3449
3448
3447
3445
3444
3441
3440
862
857
1057
1202
1254
986
628
655
632
605
597
599
670
647
643
685
672
636
3418
2723
3151
3398
3427
3300
3305
3349
3358
3161
2801
3167
3048
3379
3334
3144
2779
2692
3370
3346
2762
2720
3153
2914
3128
3285
2667
2713
2829
3336
2707
3367
3147
2861
2739
3059
3428
2963
3235
2844
2784
3270
3373
3317
2888
3359
2892
2870
2947
2972
2703
2699
3081
3061
2771
3012
2886
2759
2955
2674
2995
3171
3368
2935
3372
2902
3429
3338
2961
2942
2825
2690
3173
2884
2682
3159
3325
3311
2982
3422
3199
3133
3112
2715
2848
3435
2923
2770
3229
3130
3095
2789
2856
3032
3225
3176
2747
3312
3170
3292
3421
3306
2996
3276
3067
2882
2758
3249
3030
2710
2734
3309
3327
3218
3122
3105
3416
3214
3088
3326
2958
3216
3273
3186
2737
3127
3074
2803
3242
3072
3020
3419
3094
3286
3414
2917
3238
3163
3040
2769
2705
3204
2878
2868
2841
3342
3224
3215
2711
3023
3352
3277
3021
3007
3084
2978
2663
3137
3166
2977
2928
2915
2821
3100
2668
3114
2866
3206
3110
3109
3097
3058
3051
3041
3027
3013
2992
2990
2901
2846
3288
2785
3211
2795
2780
2735
2828
3362
3294
3213
3052
2940
2920
2695
3395
3234
2960
2927
2697
3388
3202
2908
2787
2664
3310
3069
2792
3135
3117
2910
2680
3328
3205
2903
3209
2661
3217
3433
3400
3394
3257
3232
3123
3104
3080
2993
2953
2810
2807
2794
2786
3324
3129
3085
2994
2944
2929
2741
2679
3390
3363
3195
2969
2913
2873
2815
2800
2745
3337
3259
3196
3107
3087
2904
2730
2665
3436
3426
3193
2943
2912
2890
2877
2864
3351
2797
3423
3382
3318
3008
2767
3384
3364
3284
3226
3149
3108
3096
3078
3033
3022
2897
2872
2827
2749
2669
3415
3353
3198
2830
2728
2724
3403
3298
3289
3287
3185
3118
3076
3017
2875
2783
2753
2701
1854
3136
102
240
83
1776
1268
3961
3925
3723
3566
3551
3530
3504
3496
3880
3693
3673
3605
3586
1147
682
616
1690
1233
584
653
619
574
675
661
659
658
600
595
583
620
571
671
680
633
617
448
529
406
410
427
349
562
540
552
505
522
466
564
509
501
441
393
568
530
489
243
151
282
253
97
70
181
306
78
259
46
293
166
34
157
162
20
95
343
321
289
226
41
2
8
164
278
227
270
263
225
99
23
80
73
93
14
319
112
140
111
275
228
2968
2760
1087
1008
3948
3830
3797
3721
3692
3677
3633
3609
3561
3556
3550
3495
3456
3437
1395
1043
1218
1414
1234
1434
1213
3355
1106
1046
1814
1478
1499
1802
1194
1869
1664
1354
1695
3420
3410
3295
3233
3019
3001
2869
1113
1443
1372
1629
1410
1708
1602
1625
937
1362
1152
1353
1062
904
1884
1495
979
1696
1188
1284
1295
1650
1403
1016
956
1144
1474
899
1785
1640
1000
974
1263
1248
955
1002
1468
1064
1749
1244
1131
985
1672
1667
1355
1904
1412
1299
1011
1550
1525
1368
1073
1859
1857
1432
1166
1872
989
1459
963
1899
1583
1100
1756
1169
1072
1682
1655
1231
1502
1099
1634
1500
1275
1781
1428
1308
1304
1168
1704
1906
1418
1236
1212
1895
1747
1424
1216
1508
1676
1174
1611
1786
1739
1507
1481
1373
1241
1225
1121
1066
1042
964
944
942
1801
1628
1576
1190
1019
1892
1880
1798
1733
1568
1452
1232
1137
958
903
1848
1732
1396
1382
1309
919
1903
1841
1824
1720
1691
1647
1454
1381
1350
1347
1345
1322
1261
1257
1235
1229
1082
1081
1067
1044
1015
984
1716
1573
1526
1277
1192
1104
957
629
1876
1671
976
644
609
1142
931
1882
1446
684
681
679
678
677
666
665
664
663
662
656
654
650
649
642
640
631
630
627
626
625
623
622
621
618
615
612
611
608
603
598
593
592
589
588
586
582
581
579
578
577
576
575
573
1681
1415
1348
1041
1010
380
1777
481
3361
3299
3262
3182
3038
3011
2733
2684
3378
3377
3350
3261
3253
3157
3145
3005
2932
2894
2796
2778
2719
3223
2813
3179
2744
1055
1822
1266
3316
3267
3188
3115
3102
3082
2863
2849
3279
3256
3089
2951
2859
2718
2685
3360
3313
3274
3046
2836
2700
3409
2865
2826
2714
3432
2677
1593
1533
1371
3434
3431
3430
3425
3424
3417
3412
3411
3408
3407
3406
3405
3404
3402
3401
3399
3397
3396
3393
3392
3391
3389
3387
3386
3385
3383
3381
3380
3374
3371
3369
3366
3365
3357
3356
3354
3348
3347
3345
3344
3343
3341
3340
3339
3335
3333
3332
3331
3330
3329
3323
3322
3321
3320
3319
3315
3314
3308
3307
3304
3303
3302
3301
3297
3296
3293
3291
3283
3281
3280
3275
3272
3271
3269
3268
3264
3260
3255
3254
3252
3251
3250
3247
3246
3245
3244
3243
3241
3240
3239
3237
3236
3231
3228
3227
3222
3221
3220
3219
3212
3210
3208
3207
3203
3201
3200
3197
3194
3192
3191
3190
3189
3187
3184
3181
3180
3178
3177
3175
3174
3172
3169
3168
3165
3164
3162
3160
3158
3156
3155
3154
3152
3150
3148
3146
3142
3141
3140
3139
3138
3134
3132
3131
3126
3125
3124
3120
3119
3116
3113
3106
3103
3101
3099
3098
3093
3092
3091
3090
3086
3083
3079
3077
3075
3073
3070
3068
3066
3065
3064
3063
3062
3060
3057
3056
3055
3054
3053
3050
3049
3047
3045
3043
3042
3039
3036
3035
3034
3029
3028
3026
3025
3024
3018
3016
3015
3014
3010
3009
3006
3004
3002
3000
2999
2998
2997
2991
2989
2988
2987
2986
2985
2984
2983
2981
2980
2974
2973
2971
2970
2967
2966
2965
2964
2962
2959
2957
2956
2954
2952
2950
2949
2948
2946
2945
2941
2939
2938
2937
2936
2934
2933
2931
2930
2926
2925
2924
2921
2919
2918
2916
2911
2909
2907
2906
2905
2900
2899
2898
2896
2893
2891
2889
2887
2881
2880
2876
2874
2871
2867
2862
2858
2854
2853
2852
2851
2850
2847
2845
2843
2842
2840
2839
2837
2835
2834
2833
2832
2831
2823
2822
2820
2819
2818
2817
2816
2812
2811
2809
2806
2805
2804
2802
2799
2793
2791
2790
2782
2781
2777
2776
2775
2774
2773
2772
2768
2766
2765
2764
2763
2761
2757
2756
2755
2754
2752
2751
2750
2748
2746
2743
2742
2740
2738
2732
2731
2729
2727
2726
2725
2722
2721
2717
2716
2712
2709
2708
2706
2702
2698
2696
2694
2693
2691
2689
2688
2687
2686
2683
2681
2678
2676
2675
2673
2672
2671
2670
2666
2662
2976
1116
1797
1442
1830
1273
1678
990
1051
1910
1853
1464
1397
1025
968
1527
1451
1556
1401
1562
907
1670
1630
1497
1436
1247
1865
1594
1521
1847
1440
1091
1063
1775
1531
1095
935
948
1384
1771
1881
1734
1818
926
1856
1389
1151
1053
1039
1810
1101
959
1653
1331
1877
1761
1652
1530
1416
1198
1754
1457
1897
1512
1357
1155
1122
536
330
92
24
77
288
38
316
317
242
101
175
57
63
311
124
150
16
10
260
130
126
281
79
268
265
39
222
178
309
135
314
346
139
108
165
318
331
258
334
274
272
29
338
51
323
298
238
341
297
176
2431
2422
2167
1498
1180
1588
1274
1187
1422
912
1770
1529
1496
1338
1170
1070
924
1825
1656
1567
1555
1445
1061
950
1699
1658
1453
1444
1366
1364
1334
1183
1001
914
1385
3487
3454
610
472
512
534
415
646
634
365
547
519
409
382
1907
1894
1893
1875
1783
1778
1763
1742
1706
1660
1616
1595
1574
1475
1473
1408
1406
1400
1392
1349
1282
1245
1237
1210
1148
1108
1102
1080
1032
1018
1014
936
933
639
557
1767
1673
1545
1536
1320
930
474
355
462
398
375
440
538
425
676
596
422
395
673
652
635
434
1740
1300
1109
667
614
549
511
404
360
493
372
494
458
531
539
353
492
423
394
683
669
591
553
545
535
504
482
463
432
651
645
641
590
587
565
544
514
507
473
461
460
413
412
402
400
390
387
362
561
554
551
518
486
455
442
435
433
424
381
419
572
570
569
566
560
559
558
555
550
548
546
543
542
541
537
533
532
527
524
521
516
515
506
503
502
498
497
496
495
491
490
488
487
480
479
478
476
470
469
465
464
457
454
453
452
451
