107
853
3579
204
3980
209
3318
3218
3749
33
4026
3567
28
175
717
150
328
892
918
572
110
3083
2301
3624
3686
3504
4035
3180
1558
6
307
215
3981
4031
32
886
3323
3716
1455
998
4033
2457
1442
377
287
3993
743
1193
3336
2671
78
195
217
791
657
2441
443
3799
1254
608
874
8
3282
208
3699
3814
1224
66
3613
3408
3788
3805
3865
3271
3513
3508
3813
3489
3856
3606
1896
283
2569
3827
3987
3942
1071
155
1176
3216
869
316
660
305
2857
884
206
649
1713
37
518
2767
937
1430
888
229
3227
1417
3729
3055
1775
3173
4024
3044
4037
341
447
2774
1410
3974
3015
1664
2204
3922
891
216
742
979
3653
854
166
1961
2980
3996
4011
3587
3031
3925
1387
47
4016
1253
721
293
1065
2263
2885
2017
590
616
3632
3854
3481
872
1252
1111
1956
2422
3001
2697
3675
1801
2721
1838
816
1027
3388
383
899
3863
878
429
3708
4018
4021
3965
3995
3795
1537
2141
3131
3181
2902
1397
147
160
174
3839
1354
3549
1905
3875
2281
3890
1418
91
2227
3588
437
467
2362
895
629
1701
128
855
143
99
177
3859
2771
237
3655
23
3165
278
46
749
1401
1013
2
2926
17
337
137
93
14
162
343
34
3759
2421
2146
1874
2099
2580
2021
3977
2691
140
3853
3538
3917
3541
2817
1005
521
587
3894
3595
173
671
256
3920
3607
3418
3644
1566
3639
198
3427
234
3063
2288
357
3681
2725
3778
3552
2566
3929
3502
763
3848
2535
2312
2884
3507
3485
2527
533
3373
3492
3810
288
2979
3941
3935
3928
3923
3914
3901
3893
3897
3880
3808
3807
3717
860
3676
3673
3767
3306
534
2321
3515
3811
3618
3466
3493
3614
1965
3499
3450
3764
3539
1403
3972
2963
3895
3973
1055
3454
2455
2855
3565
210
3589
3772
3820
3691
433
821
3918
3771
2834
3423
282
3405
690
1463
2982
3775
812
3637
1264
3477
2432
4008
3030
1696
3990
2752
693
4012
550
2707
3197
1627
2439
3245
61
2541
2517
1510
3057
4022
1586
2651
2120
4034
335
3989
1792
11
4006
552
87
2515
92
164
5
3476
2860
240
207
154
114
76
43
31
435
253
1177
922
3370
1046
910
390
2814
1002
3798
472
2766
393
1150
1949
3147
49
381
349
581
2388
1579
3175
466
3954
801
191
468
2158
74
3413
1197
83
2792
120
1952
1834
4010
179
3210
1498
2193
652
411
1342
3451
3032
1697
3992
1202
336
530
852
648
2256
656
1492
2842
356
269
529
3217
2790
365
3094
2050
3709
1096
568
1346
2838
875
510
762
1474
167
639
401
522
986
1400
2682
1797
2486
3946
52
2634
811
802
1239
1262
1353
1119
1755
783
929
2788
3183
602
549
3134
613
3127
832
1208
3071
658
638
85
1967
2382
2898
3650
406
2041
2400
2168
212
3143
192
2167
459
3375
3404
3068
1461
70
562
2975
3190
806
3414
2178
135
841
3885
1581
1297
36
157
1270
1206
790
1854
2692
1134
2656
399
2821
1808
168
22
1974
3161
2375
3159
3382
2424
956
1499
1552
1058
3678
3951
3787
2826
2714
3646
716
3864
3550
3402
3840
202
3679
3806
3874
2107
44
115
1777
3500
3221
68
881
871
2558
264
259
3585
3580
3446
3531
3662
3490
3533
3988
3701
3546
1133
1890
714
712
707
3757
3837
3571
2775
2481
1045
873
3516
3562
3883
3594
3523
3581
612
2621
1486
3551
3723
3961
3530
3696
3783
4028
3789
3720
782
733
833
786
736
759
2437
1057
1676
1144
1803
950
2918
729
863
554
380
864
893
3200
3354
663
574
621
3122
2799
3053
2861
1043
3745
3812
3536
3459
3825
3600
3665
3911
3700
3141
3950
3888
3649
3479
245
776
955
3844
3616
3439
100
2740
2704
171
301
324
4
273
275
218
181
2934
3275
2962
2824
3091
3126
2886
746
3986
4000
3932
882
889
4004
4023
3998
4009
4003
3982
4030
3997
230
71
97
95
319
89
1860
2732
2930
3372
3251
3741
3780
3566
3905
2245
2487
3128
2949
3310
3322
499
532
152
306
64
163
798
263
227
102
131
86
225
296
321
226
214
289
41
243
149
310
116
111
262
333
312
20
326
3912
3739
3857
3743
3892
3473
3868
3657
3725
3445
3819
3628
3641
3664
3698
3776
3747
3608
3960
3478
3482
3695
3898
3505
3713
3498
3852
868
3647
3979
3769
3520
3598
3563
3472
3862
3815
3441
3919
3750
3704
3556
3936
3832
3779
3707
3851
3603
3491
3480
3835
3728
3777
3535
3886
3683
3440
1328
862
3638
3801
3735
3809
3659
3522
3526
3471
3873
3654
3452
3967
3867
3710
3553
3455
3907
3970
3949
3442
3740
3590
3496
3913
3841
3525
3876
3762
3737
3891
3877
3721
3781
3703
3971
3518
3503
3670
3557
3797
3521
3475
3528
3461
3610
3926
3800
3576
3692
3677
3625
3756
3448
3968
3578
3527
3457
3540
3948
3889
3651
857
3609
3495
3842
3734
3488
3937
3956
3958
3754
3773
3636
3629
3866
3645
3532
3765
3656
3517
1085
3903
3620
3833
3786
3474
3584
3978
3953
3952
3930
3921
3887
3872
3858
3850
3845
3824
3816
3792
3791
3785
3763
3753
3751
3748
3736
3733
3715
3712
3693
3689
3669
3667
3660
3622
3615
3599
3592
3548
3547
3545
3509
3501
3470
3804
3731
3687
3642
3577
3702
3611
3823
3902
3838
3790
3684
3672
3633
3627
3605
3497
3966
3559
3760
3674
3640
3962
3943
3938
3884
3831
3697
3586
3449
3438
3730
3881
3758
3443
3506
3802
3722
3643
3511
3818
3690
3568
3483
3468
3927
3711
3458
3486
3843
3830
3969
3718
3591
3906
3671
3623
3909
3900
3870
3564
3945
3726
3634
3602
3821
3437
3860
3828
3658
3635
3617
3596
3542
3514
3456
3612
3829
3915
3752
3529
3896
3822
3706
3705
3648
3569
3770
3524
3782
3719
3714
3680
3855
3826
3793
3794
3555
3803
3761
3604
3630
3554
3924
3768
3593
3558
3463
3869
3469
3464
3947
3510
3460
3931
4017
3105
2699
2972
3283
2959
2879
2889
3311
2703
3314
3008
3325
3309
2670
4027
4025
4019
4002
4014
4038
4020
4007
3984
3994
4001
594
3999
4036
4013
3991
3983
3985
4005
24
197
346
274
80
330
194
299
187
309
251
159
331
267
75
295
139
57
1
106
266
249
101
242
246
129
178
146
38
196
79
318
308
303
96
53
184
72
30
7
276
344
332
281
291
304
254
221
205
133
126
108
81
60
45
29
248
323
9
320
298
65
50
345
250
88
188
169
132
314
302
158
297
285
73
69
3
347
339
127
40
224
211
161
231
148
121
56
16
176
141
67
252
62
334
213
170
313
119
329
315
232
185
122
39
26
0
236
134
290
272
48
265
203
322
113
109
55
103
342
172
25
21
261
118
82
239
199
13
280
142
123
271
238
186
98
277
268
223
200
59
325
300
180
94
284
311
189
222
51
63
144
130
156
54
104
165
294
19
182
257
338
317
258
183
138
125
124
117
105
84
193
151
27
340
233
220
77
15
10
260
270
286
235
219
35
42
58
279
12
327
112
153
228
1171
255
190
904
241
90
201
3727
3685
3668
3561
3512
3916
3766
3738
3534
3694
3976
3666
3663
3462
3755
3955
3882
3621
3963
3447
3682
3601
3574
3573
3847
870
3908
3661
3861
3583
3484
3582
3572
3940
865
3934
3933
3878
3871
3849
3817
3688
3626
3560
3543
3453
3957
3910
3465
3774
3836
3519
3742
3444
3904
3959
3537
3796
3487
3964
3724
3467
3899
900
1178
961
1825
1088
3784
3494
3631
3744
3975
3834
3597
3944
3879
3575
3544
3619
3939
3732
3652
804
765
813
722
837
826
772
758
701
829
848
831
689
748
720
774
849
757
756
703
784
695
795
835
711
738
779
754
766
761
741
809
705
842
794
709
836
817
820
708
800
727
824
777
760
694
793
764
778
879
724
688
840
838
815
807
792
739
719
713
780
696
687
847
805
731
828
730
827
814
755
745
843
773
728
845
781
752
697
839
818
732
718
834
894
887
825
823
819
747
856
851
850
830
810
797
787
768
767
753
737
726
725
710
706
699
698
686
785
723
734
770
788
751
858
861
715
769
803
844
880
789
799
876
691
890
735
822
771
702
740
796
700
867
3570
750
885
866
808
846
775
704
859
877
692
883
744
145
3266
3028
2444
2170
3003
928
2997
2783
2811
3328
2830
3308
2685
3080
3193
2710
3368
3428
2837
3041
2807
3436
3114
3284
3040
3394
672
589
617
1760
1174
2938
3157
3289
3208
3167
3043
2320
2094
2577
2260
1998
2251
2548
1942
2130
2015
2350
2262
2025
2016
1494
2935
2955
3286
2891
2736
2772
2702
3139
2700
3062
3177
3326
2893
2977
3369
2804
2846
3333
3255
2990
2967
2733
3229
3095
3046
3345
3270
2773
3149
3029
2953
2858
3399
3033
2680
3052
2916
2852
2810
2806
2974
2945
2919
3009
2667
2668
3435
3092
2809
2815
2872
3362
2943
3420
3412
2933
2747
3429
3365
2715
3421
3224
3109
3364
3078
3166
2794
2978
2899
2851
2745
2789
3170
3189
2673
3174
2946
2862
2694
3384
3047
2969
2910
2866
2986
2908
3054
2828
2718
3093
3257
3220
2929
2800
3064
3004
2912
2909
2759
2755
2706
2741
3433
3025
2940
2754
3387
3195
2994
3129
3301
3023
2896
2782
2756
2729
3293
3243
3238
3000
2928
2911
2683
2669
3425
3358
3338
3236
3391
3254
3148
1443
551
628
681
670
654
684
677
573
618
1693
1421
3241
3103
3341
3340
3331
2779
3292
2882
3343
3259
2690
2762
3273
3048
3361
2734
2713
3199
3356
3334
3191
3069
2829
2758
3011
2708
2939
2853
3355
2849
3351
3235
3211
3152
2684
2781
3252
2661
3099
3397
3203
2996
2914
2976
2819
3332
3112
2674
3396
3262
3244
3138
3087
2865
2688
2875
2284
2248
2452
2296
2272
2205
2650
2160
2341
2337
2270
2222
2658
1921
2181
1951
2163
2447
2157
2013
2080
2175
2644
2618
2450
2113
2534
2335
2317
2454
2092
2255
2036
2027
2627
1980
2647
2636
2633
2503
1922
2622
2513
2540
1960
2448
2089
2303
2476
2387
2311
2156
2402
2371
2523
2416
2645
2364
2587
2449
2581
2061
2012
2001
2004
2648
2365
1999
1958
2020
2067
2477
2520
2407
2442
2019
2489
1986
2539
2276
2576
2657
2018
2011
1705
1251
1588
413
1008
3072
3401
3196
3305
2964
2795
3415
2687
3349
3234
2763
2761
3327
2958
2748
2746
3014
2906
2854
3204
3146
2770
3231
3431
3346
3176
3100
3097
3383
3379
3342
3279
2786
3434
3058
3330
3316
3265
3060
2937
3013
3027
3264
2843
2812
3294
3226
3096
3065
2948
2676
2847
3385
3021
2778
3417
3090
2987
2874
3247
2917
2864
3395
3242
2870
3250
2920
2880
3263
2841
2818
3321
3298
2991
2831
3237
3137
2981
2877
3406
3380
3335
3302
3198
2901
3136
3168
3240
2869
3119
2927
2890
2750
2698
3353
3206
3084
3172
3144
3075
3117
3036
2960
2850
2705
2985
2839
2749
2666
3363
3098
3056
2924
2827
3400
3135
3073
2679
3007
2711
2904
2751
3339
3123
3104
3022
2993
2966
2931
2915
3002
2844
3118
2892
2727
3124
3012
2922
3277
3132
3113
3039
2737
3312
3116
2863
3089
3409
3179
3034
3419
3416
3352
3319
3299
3267
3260
3188
3106
3082
3070
3049
2973
2780
2765
3026
3171
3162
3392
3045
3386
3291
2932
2753
3426
3348
2956
2913
2867
2777
2664
3347
3296
2735
3133
3274
3246
3232
3142
3324
3228
2944
2835
2757
2743
2738
3256
3150
3280
3130
1855
1360
1356
1829
1798
557
3846
541
407
647
620
595
605
662
661
643
577
578
685
664
579
678
630
1458
1240
1567
3156
1726
3285
3219
3086
2989
2739
2665
2803
3287
3276
3151
2921
3248
2941
2678
3366
3207
3178
2820
3160
3154
3077
3076
2724
2662
3422
3281
3272
3258
3239
3209
3101
3079
3035
2793
2716
3378
3377
3350
3182
3115
2970
2856
3140
3381
3288
3261
3145
3111
3102
3017
2936
2894
2833
2797
2730
2677
3411
3020
2378
2249
1928
2390
2497
2242
1944
1970
2524
2635
2522
2366
2610
2425
2318
2599
2192
2379
2557
2440
1939
1923
1969
2226
1968
1931
2473
2396
2389
2531
2310
2518
2609
2401
1932
2361
2236
2173
2162
2051
2252
2583
2529
2116
2009
2180
2525
2101
2427
2155
2003
1981
2519
2415
2282
2496
2305
2274
2572
2259
2394
1916
2538
2465
2438
2405
2346
2297
2202
2197
2091
1957
1935
2485
2129
2159
2097
1950
2591
2105
2579
2547
2295
2597
2267
2593
2353
2108
2605
2298
2198
2137
2542
2278
2106
2345
2186
2085
1971
2553
2147
2641
2459
1913
2655
2563
2261
2165
2088
2479
2133
2029
2399
2526
2495
2340
2652
2510
2508
2367
2075
2038
2642
2114
2023
2614
2562
2342
2217
1975
2561
2208
1930
2474
2411
2482
2446
2290
1929
2631
2606
2308
2287
2206
2235
2104
2059
1983
1963
2215
2172
2115
2056
1964
2619
2590
2554
2140
2507
2462
2408
1946
2076
1924
2420
2330
1987
1926
2024
1991
1973
1972
2373
1990
2637
2325
2624
2443
2404
2356
2323
2164
2110
2109
1984
1982
2603
2594
2475
2304
2250
2048
2376
2257
2220
2179
2123
1953
2536
2460
2423
2392
2258
2253
2122
2093
2045
2352
2078
2040
2480
2054
2601
2573
2552
2532
2468
2418
2369
2334
2300
2121
2043
1997
2555
2273
2469
2410
2374
2309
2044
1962
1918
2613
2359
2184
2488
2397
2049
2354
2218
2190
2150
2136
2131
2095
2638
2607
2550
2381
2329
2299
2244
2229
2112
2086
1943
2224
2646
2615
2611
2500
2467
2464
2326
2064
2200
2188
2033
2005
1989
2034
2231
2228
2612
2291
2209
2640
2639
1976
1919
2225
2412
2604
2445
2434
2414
2239
2234
2211
2189
2174
2660
2620
2494
2417
2006
2000
2586
2574
2564
2560
2546
2506
2492
2393
2386
2370
2348
2201
2124
2058
2030
2403
2625
2602
2600
2484
2240
2233
2210
2154
2074
2037
1925
1917
2630
2623
2578
2521
2478
2433
2429
2409
2363
2339
2324
2307
2275
2139
2060
2046
1993
1979
2585
1927
2185
2151
2616
2589
2458
2436
2042
1307
908
1061
1830
1151
1216
535
1127
1223
1690
1357
912
1866
1073
3403
3374
3371
3360
3344
3329
3315
3313
3304
3303
3297
3278
3269
3253
3233
3225
3223
3222
3215
3214
3213
3212
3205
3201
3194
3192
3187
3186
3184
3169
3158
3120
3108
3107
3085
3081
3067
3051
3050
3042
3038
3018
3016
3006
2995
2992
2988
2984
2983
2950
2947
2925
2907
2905
2897
2888
2887
2881
2878
2876
2873
2871
2845
2840
2832
2823
2805
2801
2796
2787
2785
2784
2742
2731
2728
2726
2722
2720
2717
2712
2709
2701
2696
2689
2681
2675
2672
2663
1247
1704
