107
752
41
3599
99
3980
892
3949
251
3816
499
337
218
3638
3997
1776
2949
2792
3653
4005
886
1105
1676
749
864
35
3894
3868
1270
1266
441
264
4007
286
2651
2704
607
790
2767
1403
2034
2861
658
1233
256
3923
253
3659
1027
3967
3454
937
145
467
789
255
3055
327
3691
2650
3105
282
3946
3733
2269
2079
3908
911
49
3673
3939
909
3175
3008
364
3874
3676
3964
884
893
877
3457
3227
985
3689
3570
1631
3446
167
841
347
241
262
245
159
147
61
3925
3682
2857
581
3565
1252
3613
3539
3744
1178
872
4035
11
4037
4000
3492
2671
2596
1022
498
4029
3929
429
3992
874
1031
1521
3637
3955
518
60
2922
151
296
1996
2558
191
138
895
3398
3865
3846
2481
883
860
1498
3766
3402
2722
215
267
3181
668
568
1251
3957
918
3883
875
655
2678
3619
2693
868
2814
533
855
2008
2373
2441
1276
1119
3180
1838
270
743
1263
1073
1145
2439
1546
3849
2740
1395
2808
3664
1218
2799
91
1856
1586
3864
2980
1708
873
1386
3953
3443
243
443
1394
1368
2732
3131
3401
3669
2450
2217
102
648
4033
3809
1466
3368
3639
1326
1053
3628
3657
3283
2834
3982
2975
2486
2349
2622
3230
19
319
2487
3262
349
786
742
90
3914
3641
3827
3121
3751
3789
661
3491
2437
776
2230
732
710
2195
2041
234
1174
1023
3139
2562
717
1177
1016
2889
2453
3712
1206
750
3318
3309
1937
689
674
2360
202
1430
1055
2947
3857
2130
3671
3328
3587
3566
3200
1560
887
2493
1353
861
1103
3322
2886
3066
3312
3854
3904
791
912
3994
2791
3439
3616
3798
273
328
306
152
685
1450
3317
78
17
1739
310
532
3088
146
132
174
106
168
120
66
274
295
139
117
75
369
345
123
331
24
307
221
3974
3294
1212
1974
227
2984
2426
173
530
85
2613
46
45
42
850
1240
3863
3531
3679
2605
2221
3814
2141
2013
153
3811
1239
3405
2691
2361
3996
4028
4020
1043
528
206
4022
1433
124
1956
233
335
287
183
74
1700
196
621
3407
2938
569
1093
1062
477
1797
52
735
945
2517
34
163
2424
110
767
584
1726
2382
1855
3046
879
2106
485
2798
692
624
594
2981
15
12
3544
201
1670
3991
1058
3910
899
3451
3650
1234
2710
639
562
3031
2700
1297
1615
1220
2860
3954
1461
3796
3408
3585
943
486
3367
1489
522
701
356
1852
1244
1696
2884
157
859
1969
3069
1342
2779
1674
1579
1042
340
108
1091
190
570
636
1762
3393
247
1401
471
2794
2957
3699
1654
1151
1354
1510
2595
3235
1526
652
664
656
1033
425
289
931
65
1785
1701
403
1664
2483
2971
1769
217
2899
2893
904
1262
2695
851
383
160
587
550
2535
237
229
762
779
3389
1531
2870
3875
2301
480
2918
505
1755
3305
84
2790
3162
1704
1784
3808
796
3999
1364
1771
1304
4008
462
1434
778
2251
2524
1224
1254
240
3893
3695
3425
3197
4003
3872
1054
3603
1834
2822
3855
2826
3590
3781
3494
3663
4006
1208
3990
2066
3496
3623
3610
3503
3527
3493
3823
1760
3483
801
3453
744
3760
3217
381
3888
1978
3731
3773
3271
2836
3620
3059
3432
3761
3472
3107
292
2697
351
4032
3818
2523
1061
3124
3937
3942
3644
1924
1544
2953
1607
2168
649
807
491
3333
4015
1965
2427
3133
2474
3643
3646
3594
551
427
1552
777
516
1537
1356
1527
894
839
1406
1638
964
1705
1896
2197
2848
987
80
2804
86
1566
77
27
329
1065
140
305
214
312
279
111
4
275
3861
3126
3905
3662
2772
3882
991
2316
2656
2402
2614
3153
1806
2456
714
702
818
885
577
615
595
707
768
508
2733
3067
2797
3079
2094
95
2982
3382
2703
2972
3700
3464
3870
3859
1046
3122
3218
3053
979
1138
1499
1889
3742
3444
2621
1908
76
1193
2422
2181
1949
2152
871
857
865
2760
3919
3516
3562
3898
3581
3523
3899
410
541
372
3372
2930
23
3427
3478
3607
3791
3526
2632
2548
263
424
457
3821
3690
543
504
3533
3512
3649
3477
3922
3812
3536
3530
3504
3626
127
197
137
1474
1134
1759
974
1127
3269
3747
3743
3445
3538
3595
3473
3917
3819
3892
393
2959
3423
3661
244
3251
2776
2255
2490
2170
2207
2320
2076
2817
833
179
3880
3621
3779
3783
3776
3500
3696
1890
1627
3522
97
182
3720
3519
3918
3774
3757
659
635
599
582
643
627
632
600
670
640
583
662
675
647
665
681
576
578
3216
956
2670
2879
3314
2699
3325
2505
8
399
501
198
476
166
1564
1822
1779
1050
1905
1711
3912
3567
3725
3541
3549
3490
3806
143
698
757
1713
1002
863
889
878
888
729
3836
3465
3675
3571
3037
3310
3012
2935
3083
3155
2805
2983
2933
3063
2997
3128
1657
4009
3981
4018
4030
3799
3647
3848
3844
3716
3708
3837
181
195
93
32
379
194
346
309
320
135
302
48
50
69
223
276
164
119
341
31
141
314
211
59
212
105
63
258
325
238
1
232
297
203
148
222
121
178
285
235
98
246
129
291
158
134
344
281
342
104
133
40
334
39
272
261
161
113
88
82
26
315
199
16
318
186
109
313
169
322
299
187
330
277
5
303
62
67
122
21
13
57
7
332
248
130
180
239
220
236
118
103
29
25
68
224
165
56
55
10
280
170
22
9
188
271
231
128
266
254
242
249
204
278
142
323
304
213
87
53
339
338
317
257
252
210
200
185
177
176
172
101
92
71
47
38
36
3
2
308
54
0
3771
3546
3624
3727
3745
3447
3739
3441
4014
4021
4004
3986
3984
3985
3989
4013
4002
4023
4019
4026
4010
4001
4038
4027
4024
4011
73
300
94
116
131
144
192
115
225
326
162
301
150
265
321
259
207
149
14
96
298
284
260
208
175
324
156
79
250
72
184
336
290
226
311
288
30
268
155
100
283
3901
3481
3933
862
3759
3612
3867
3602
3787
3588
3920
3528
3452
3817
3479
3710
3665
3532
3792
3979
3542
3681
3921
3715
3784
3583
3510
3591
3632
3740
3862
3685
3655
3660
3543
3797
3654
3497
3788
3672
3902
3578
3525
3485
3640
3547
3873
3609
3697
3962
3702
3442
3835
3769
3482
3498
3728
3698
3947
3931
3726
3770
3601
3515
3706
3458
3869
3645
3535
3975
3948
3651
3518
3559
3707
3677
3907
3945
3630
3480
3448
3756
3573
3736
3802
3803
3622
3466
3564
3555
3569
3909
3701
3815
3713
3455
3785
3488
3780
3471
3683
3667
3633
3971
3838
3449
3930
3684
3475
3438
3790
3734
3730
3501
3804
3737
3841
3750
3721
3563
3495
3467
3884
3762
3687
3886
3540
3891
3845
3722
3553
3470
3903
3615
3608
3521
3786
3782
3833
3829
3534
3460
3822
3793
3509
3924
3866
3768
3558
3579
3605
3456
3943
3858
3851
3831
3828
3629
3469
3693
3772
3703
3576
3450
3896
3714
3680
3652
3758
3927
3554
3529
3966
3617
3810
3511
3906
3900
3794
3636
3860
3574
3877
3692
3618
3604
3586
3517
3800
3670
3596
3830
3824
3674
3627
3611
3753
3834
3976
3969
3705
3593
3506
3463
3881
3826
3764
3584
3568
3938
3545
3977
3973
3972
3970
3960
3958
3951
3950
3926
3913
3895
3885
3850
3843
3840
3825
3777
3767
3752
3741
3724
3719
3718
3711
3666
3642
3577
3557
3514
3505
3499
3489
3486
3468
3440
3437
3508
3597
3648
3778
3474
3755
3944
3754
3631
3484
3561
3847
3968
3805
3934
3556
3936
3635
3572
3524
3915
3889
3738
3956
3668
3842
3634
3735
3459
3961
3580
3952
3978
3550
3658
3462
3965
3941
3887
3852
3832
3775
3763
3723
3688
3625
3548
3537
3476
3749
3694
3890
3871
3876
3461
3940
3813
3729
3614
3552
3502
3520
3686
1085
3878
3928
3592
3656
3795
3678
3600
3575
3598
3551
3487
3911
3839
3932
3820
3513
3765
3582
3507
3963
3853
3801
3807
3916
3704
3606
3717
3748
3879
3746
3560
1486
1387
230
20
64
333
51
83
126
343
294
43
293
316
228
209
189
154
112
89
125
216
44
6
219
549
28
205
33
81
269
58
171
70
751
724
738
736
826
794
876
816
734
784
831
832
804
746
739
829
706
835
820
845
803
711
755
817
770
730
782
819
812
754
774
720
844
840
834
813
722
700
728
799
758
705
694
838
847
836
828
797
764
686
849
733
695
824
853
792
781
756
848
718
716
745
737
731
696
814
809
800
780
726
687
880
810
773
703
766
719
713
843
805
747
830
827
823
815
765
760
748
688
708
697
856
882
811
783
846
869
769
740
837
723
825
798
821
787
822
795
772
727
715
793
842
741
763
761
721
709
699
690
753
691
852
806
771
725
854
712
759
808
704
693
890
881
870
785
867
858
802
788
866
3897
891
