0
3999
891
749
3984
4010
4028
3746
1326
35
904
841
883
875
3996
4024
4006
2457
3071
602
447
1386
2079
1145
1206
2470
2195
1581
215
3453
12
3570
3183
613
1119
209
3935
145
401
241
47
1270
305
138
2814
1262
3704
234
3942
3688
1176
2483
81
1208
386
301
1693
356
1071
3691
112
1546
3781
3003
1969
2885
406
1711
3787
77
117
2902
3389
3401
3322
3892
1240
1890
865
868
1353
2527
1105
1002
3560
411
1760
49
2595
699
179
255
892
775
740
886
704
864
790
785
860
744
859
801
692
757
686
687
688
694
695
696
697
698
701
703
705
706
708
709
711
712
713
718
719
720
724
726
727
728
730
731
734
737
738
739
742
745
747
748
752
754
755
758
760
762
763
764
765
766
768
770
771
772
773
774
777
778
779
780
781
783
784
787
792
793
794
795
797
800
803
804
805
807
809
810
814
815
817
819
820
822
823
824
827
828
829
830
831
833
834
835
837
838
839
840
842
845
847
848
849
853
856
889
714
722
729
736
741
753
782
789
799
806
818
836
843
844
693
732
751
769
759
863
716
723
876
715
826
861
888
878
813
756
786
850
707
808
690
816
821
811
812
767
746
761
710
880
702
689
882
725
733
776
791
796
700
885
890
869
867
871
874
691
872
846
798
870
881
873
887
825
735
802
879
895
721
858
594
866
851
877
832
788
894
893
884
852
717
855
743
854
750
4022
4012
3987
3991
4029
4001
4035
4015
4016
3990
4025
4032
4008
3989
4007
4034
4011
4033
3992
4005
4036
4018
4003
3983
4031
3980
3982
4021
4023
4030
3998
3997
4014
4026
4009
4004
3994
4038
3995
3986
3981
4017
4019
4000
4020
3988
4002
3985
3993
4013
4027
4037
3031
1466
550
3798
607
585
3709
3451
1560
292
3748
287
624
918
114
18
1096
3853
1834
674
668
3974
15
3230
37
3856
210
2569
335
3650
2596
2842
2269
358
638
11
608
3820
3729
43
911
74
33
3846
3407
42
3268
642
581
282
244
256
233
90
286
1224
377
3885
52
1854
468
2691
3875
2382
443
154
3808
2792
2788
3037
205
3732
1065
160
3959
1394
1558
1690
1233
3589
2541
3125
3879
1395
183
153
3807
267
216
2740
379
316
279
1755
3006
2704
2857
3854
1276
70
3408
1430
3282
648
3134
1967
3922
1046
182
1586
3801
1627
1027
157
253
383
97
1253
3717
155
3744
2168
71
293
899
247
76
3733
2808
454
667
2481
2975
228
164
656
2860
3816
3699
3811
3582
61
2998
2952
1194
660
571
3689
2442
1034
2178
3575
2922
294
1252
448
336
3928
3375
2380
3467
3955
2722
2714
3597
1362
499
3413
321
240
191
2798
207
174
192
2106
3954
307
552
3121
270
384
120
124
453
202
1996
166
3565
3897
2204
201
467
2565
3946
3537
327
2817
3673
289
1200
1856
1762
1383
262
3952
572
190
3765
3588
3865
3653
3619
996
673
3953
945
530
206
3978
3686
1713
2441
1937
3494
2855
1510
2971
2838
3143
1651
220
125
3882
288
3910
1474
1031
3939
3147
3887
652
2963
1022
3965
464
3271
1797
3544
3127
3055
2774
3074
193
1657
3849
264
3742
2437
283
910
2431
1295
110
3444
1442
3925
3489
1038
351
1776
3290
3227
245
3637
3676
1157
1057
472
1607
2505
2422
27
2167
1264
3606
2634
3305
219
1486
3694
3678
485
3844
34
3839
46
1346
929
152
1777
593
250
2219
1147
610
3795
1455
1579
2015
235
2230
649
2736
671
3059
1354
371
349
3310
1476
562
3429
2692
1417
147
95
3805
2980
1133
6
3751
3661
498
3091
3890
3477
3745
1254
229
3727
3665
3513
1664
2375
3370
269
3963
3848
2721
1498
3270
1838
3970
1151
3457
102
3806
2824
1297
987
3217
3161
3660
3632
3441
1263
2358
2767
1168
3749
2884
2899
2621
86
3044
2388
3432
3936
1924
32
3175
2776
2671
1301
476
3724
655
2517
1792
2100
1521
44
2580
340
2493
1759
533
63
3859
3893
3447
3372
365
3977
2421
1855
2017
230
163
8
393
3923
2651
259
1654
1087
390
3904
3323
2094
3911
3180
1701
319
83
3600
3216
2256
549
3916
3700
2321
935
89
3864
3789
3669
3652
985
3813
2528
2008
317
3834
2930
2263
1552
91
480
131
51
3181
2456
3908
3771
2245
1974
64
3961
937
311
3159
129
3716
3336
657
3812
3436
2805
347
338
300
3552
1956
237
3424
3251
3094
2732
208
151
3165
2632
1202
167
3333
3266
3045
2811
2227
1961
296
263
3899
3317
3131
189
3445
679
2752
586
501
126
2893
3901
3504
1949
1372
1162
260
3197
1203
1058
478
399
3932
3827
2034
441
3941
3548
3626
54
3585
2175
1248
1053
532
3502
1414
534
3530
3428
3030
2898
2041
1506
333
243
3843
3712
3607
2182
1775
1731
564
3871
3754
2903
1697
1640
221
93
3376
