0
3996
744
335
642
883
3570
1834
287
750
699
893
891
2691
4035
2219
2714
3885
3999
3589
2269
1176
316
2195
3071
256
1362
210
2860
3748
215
4008
2569
4029
668
1096
607
12
33
660
1353
240
145
1326
1386
1627
47
602
1270
613
1145
97
153
3689
3879
406
1558
267
875
3268
321
1224
1253
1838
3709
253
1967
2441
3935
649
1560
358
1581
2457
3744
1065
2885
301
179
42
4001
4005
4036
3801
3037
2792
796
775
767
732
822
743
791
786
852
740
691
793
836
808
855
854
839
816
806
802
801
799
789
788
785
757
749
746
725
717
714
712
707
702
689
716
783
880
843
809
715
704
735
835
779
837
797
741
730
821
812
736
850
833
818
742
693
794
831
829
798
795
722
710
690
853
771
756
739
825
866
858
894
877
882
876
864
846
844
826
748
851
848
838
814
807
792
784
780
778
770
759
754
751
731
709
706
687
782
763
729
832
728
761
847
813
790
758
738
723
718
711
700
845
842
840
834
823
817
810
787
774
773
768
764
762
755
752
737
734
733
720
705
703
686
849
824
819
800
753
890
827
820
815
805
781
777
769
766
765
760
747
727
726
724
721
713
701
696
695
694
688
887
895
892
889
888
886
884
881
879
878
871
870
869
867
863
861
859
856
830
828
811
804
803
772
745
719
708
697
885
873
872
776
698
874
841
692
865
860
4018
4026
3992
3990
4002
3998
4013
4000
3995
4030
4023
4019
4038
4037
4033
4031
4028
4027
4025
4024
4021
4020
4017
4016
4015
4014
4011
4009
4007
4006
4004
4003
3997
3994
3993
3991
3989
3988
3987
3986
3985
3983
3982
3981
3980
4034
4032
4010
4022
4012
3984
594
3530
247
144
207
298
868
3626
3504
3977
3694
3897
3834
3865
288
54
38
2
78
262
268
8
205
206
263
155
310
278
46
258
48
16
159
131
102
68
300
264
259
177
24
270
250
302
242
204
314
255
29
320
127
137
93
51
295
79
115
140
111
326
226
214
41
28
20
297
319
147
89
152
73
2251
2301
338
272
246
168
66
257
106
53
284
123
104
45
5
315
261
158
113
75
232
172
134
82
72
62
30
322
281
274
212
186
910
3882
3483
3581
3477
3893
3665
3936
3811
3531
3973
3843
3805
3660
3444
3911
3887
3960
3659
3470
3931
3619
3582
3923
3789
3607
3445
3610
3778
3753
3965
3910
3655
3955
3494
3814
3839
3489
3620
3498
3937
3630
3720
3806
3532
3848
3647
3941
3745
3574
3480
3450
3818
3623
3907
3740
3666
3663
3608
3599
3478
3447
3642
3728
3629
3520
3894
3863
3917
3871
3657
3664
3679
3770
3499
3906
3535
3542
3514
3497
3555
3460
3719
3671
3507
3821
3469
3466
3840
3615
3500
3896
3829
3754
3711
3558
3463
3700
3908
3461
3788
3771
3549
3446
3860
3730
3707
3658
3528
3462
3452
3909
3855
3826
3591
3572
3509
3493
3901
3883
3837
3759
3967
3912
3892
3857
3739
3725
3628
3567
3956
3881
3878
3810
3568
3975
3836
3579
3571
3519
3915
3895
3777
3761
3724
3583
3443
3812
3782
3758
3529
3793
3718
3593
3584
3944
3876
3850
3835
3827
3815
3773
3769
3710
3526
3505
3442
3775
3662
3932
3799
3716
3904
3726
3566
3925
3496
655
628
662
632
611
575
681
661
658
640
600
599
650
675
615
583
633
598
364
349
399
499
501
383
476
603
672
636
625
605
574
612
623
498
654
618
592
584
332
252
203
249
331
313
285
239
200
199
188
109
39
27
25
347
346
345
344
343
342
341
340
339
337
336
334
333
330
329
328
327
325
323
318
317
312
311
309
307
306
305
303
299
296
294
293
292
291
290
289
286
280
279
277
276
275
273
271
269
266
265
260
254
251
248
245
243
241
238
237
236
235
233
231
230
229
227
225
224
223
222
221
220
219
218
213
211
209
208
202
201
197
196
195
194
193
192
190
187
185
184
183
182
181
180
178
176
175
174
170
167
166
165
164
162
161
160
157
156
154
151
149
148
143
142
141
139
138
135
133
132
130
129
128
126
124
121
120
118
117
116
114
112
110
108
105
101
99
98
96
95
94
92
91
90
88
87
86
85
84
83
80
77
76
74
71
70
69
65
63
61
60
59
57
55
52
50
49
44
40
36
35
32
31
26
23
22
19
18
17
15
14
13
10
9
7
6
4
3
1
2014
2450
2481
2595
1933
2106
2515
2167
2094
2650
2486
2076
2405
2160
2105
2017
2466
2245
1957
2622
2587
1922
2513
2349
2639
2626
2025
1958
2006
2435
1968
1950
1927
1914
2647
2337
2159
1928
2341
2284
2202
2565
2321
2402
2166
2618
2548
2456
2358
2130
2100
2051
2577
2129
2265
1977
2448
2314
2503
2411
2360
2119
2452
2644
2562
2388
1990
1934
2286
2260
2207
2505
2236
2035
2023
2455
2008
2540
2256
2066
2011
1988
2085
2186
2545
2387
1961
2443
1942
2323
1963
2576
2500
2258
2122
2552
2499
2464
2409
2354
2109
2037
2553
2446
2418
2376
2271
2115
2112
2574
2485
2299
2201
2123
2020
1946
1929
2654
2631
2606
2374
2275
2237
2220
2216
2172
2165
2136
2043
2033
1997
1953
1943
2048
2162
2061
1999
1980
2107
2640
1919
2636
2447
2225
