107
805
3734
322
3061
4037
3912
41
166
658
742
328
3995
4027
850
1840
2505
1202
895
3200
243
4000
3876
775
3614
3863
3701
155
68
3141
3326
3398
3401
126
292
181
189
552
675
3920
3923
2437
3479
3846
3801
804
1145
3746
3727
1087
111
4015
2983
1031
192
1065
3407
1208
1527
860
660
750
3700
260
4008
820
168
3424
1805
3673
3329
3543
448
3165
2722
3630
3502
991
205
17
838
3720
2483
3641
1383
3703
150
306
714
3376
100
454
3724
1676
691
3910
974
3875
3490
3037
1631
4016
3436
2935
1362
2693
3323
3045
2882
3638
3124
3856
1629
3367
3582
3254
3216
881
1253
2260
2650
3147
806
457
228
4024
4002
4026
4038
2704
2450
255
139
3885
786
3935
2798
121
891
3900
3780
639
3820
616
2439
356
532
950
798
202
534
2269
1474
2263
3942
2431
3844
909
3857
3739
1043
2442
701
2321
91
3504
1889
27
3922
198
106
145
372
52
3583
15
505
1822
2634
1552
3180
3978
2802
377
3831
1295
3451
3808
1908
1627
390
1050
3958
94
35
3552
3318
841
1760
71
42
1463
865
771
55
1937
443
677
3904
287
892
3251
3161
3879
3372
3916
3676
3408
46
3775
671
3901
626
743
1905
1579
575
2316
1466
3670
3805
244
1096
1442
264
449
3974
3457
1640
253
2251
2817
3645
3952
472
1147
712
2178
175
3550
1441
1027
1266
441
3536
873
1403
3839
1870
3530
3567
1239
2528
985
621
682
49
2100
509
796
2401
2444
958
1787
1424
1371
1638
3205
3126
3990
345
666
3539
3425
365
349
702
767
410
839
3811
3230
3755
3653
1016
12
3940
3612
2898
2836
2771
880
1310
3972
1002
2971
912
3368
474
3905
3963
3447
215
1705
2886
894
730
749
3598
2204
3751
3789
1731
3933
37
3738
899
600
628
594
583
3432
1386
3644
1490
58
464
384
648
195
4
218
1664
4031
88
3427
3151
3122
3558
3105
296
883
157
3965
3850
3957
3848
3759
3439
3465
536
1866
3044
3597
3708
3841
3008
3006
437
1042
305
3229
3580
721
562
282
1169
3629
2980
4020
4012
3985
3986
337
3130
36
3183
3414
3063
2807
3849
2764
84
3095
2744
2837
2947
2924
3156
3420
3338
593
3301
3092
2723
3228
3236
159
1089
3564
3279
2686
3087
197
3223
3415
3374
3359
2893
3133
2714
3334
3281
3241
3050
3197
2804
3358
854
2995
2733
3170
3370
3307
3269
3210
3001
2957
572
3798
863
3431
3138
2796
874
1301
3015
2587
3928
1936
3763
1412
2013
1965
1933
1176
2570
2435
2012
2181
2130
1498
2016
2119
1958
2050
2205
2515
609
2497
1417
1154
2173
4022
2613
2303
2049
2522
2207
2565
2379
2249
533
2270
2635
2503
2177
2034
2393
2366
478
2641
2355
2265
2209
2456
2036
3429
4018
1755
3777
3983
3994
1081
4029
380
3271
928
3134
2252
4034
2752
1022
3897
1560
972
3648
3143
1134
529
1974
2808
3882
519
426
2380
1549
3934
875
3094
20
1831
1461
338
3770
344
858
3665
955
149
3661
3865
279
413
2403
3628
3892
623
3819
1546
3071
3561
1777
491
1878
835
281
911
301
2230
1708
286
3742
1875
1977
233
1830
910
829
3402
3723
945
302
3390
2535
2884
3649
3754
131
297
240
102
717
1385
3711
3852
274
2885
1193
3709
608
3691
89
300
87
2820
1140
757
3352
179
2692
160
146
3586
1506
521
646
761
1252
1949
2930
1061
73
663
1091
922
668
313
3732
54
649
831
3484
836
3125
246
1651
1801
1854
996
1353
3139
1364
3477
447
148
153
163
364
735
212
900
81
379
845
1379
2441
1762
2541
3619
7
2900
3600
699
411
2855
3733
65
242
2470
22
1860
624
704
857
3944
3936
3984
3459
3483
406
167
1455
3572
890
3164
307
83
270
3400
3946
602
85
3091
351
3818
3765
2792
923
1654
3409
1586
1773
1233
134
2779
1241
2566
1701
3647
63
3509
1566
383
247
3729
3222
2580
1057
2740
814
1581
664
190
2922
2834
1072
248
309
1263
3853
2760
2424
477
3131
2227
3601
2990
709
3927
550
2195
3894
2860
2382
631
66
1264
3781
1913
3792
3989
3533
1764
3866
362
3767
1817
276
907
3305
603
3697
234
1046
2360
3563
711
867
807
3609
3637
4032
3954
2015
1395
2375
3705
846
2523
3692
381
3217
1478
2079
546
3494
1776
3976
3953
267
598
998
269
498
571
1346
904
3816
3973
3847
3873
327
1896
1139
2219
790
1286
851
710
262
64
3997
2736
249
1694
3689
3121
3859
3588
1244
1343
1411
1071
715
2388
283
3659
3610
3535
311
120
2829
204
564
339
13
229
1625
787
299
1
3712
3889
213
340
319
3542
852
266
1687
1174
47
502
3917
3657
3652
1165
1297
531
3671
3998
2041
2345
2085
2158
2644
2262
2545
2091
2656
2405
1283
108
57
3264
2865
2715
3340
3309
3757
3519
99
3719
2814
3173
4011
643
3937
2421
3508
1421
1657
3460
3474
3554
3761
3140
2889
2858
620
3322
3020
3263
2170
2320
551
1090
3679
1666
3950
816
768
1106
944
1770
3799
3855
3764
3593
3055
3970
3880
3548
3908
2577
1098
1055
833
782
657
644
654
3482
604
3547
3544
86
278
3187
3592
3626
3181
2732
990
2968
3861
589
2562
2357
104
791
689
740
3325
194
3515
1033
3461
3817
3496
3750
979
1499
424
501
393
3441
1218
3551
3925
8
201
688
843
792
824
777
1111
1030
3871
3725
3868
1788
1368
1045
3616
1000
508
908
1136
499
2621
2113
679
618
622
2632
2051
4019
486
818
802
789
2513
2105
1930
2412
866
879
3053
3218
3510
3752
1468
1747
1837
1137
938
1568
1319
1895
1548
1378
1186
963
901
1493
1880
1533
903
1798
1314
1363
1452
1333
1118
992
1733
3932
3716
3057
2952
3361
1642
1476
2688
3310
3128
2933
2949
3083
3066
4025
2691
3682
3531
1713
725
732
1157
3749
137
3639
3898
3864
3634
3843
3534
3499
3469
2826
2762
2784
2690
803
763
797
823
53
3911
3669
3813
1240
2903
1105
3155
116
32
93
3662
3814
3745
3939
3949
3624
3806
729
888
882
861
876
708
698
840
3921
3753
3516
3523
3695
3787
3791
3809
3964
3766
3776
3472
3664
3696
3607
3587
3478
681
627
595
661
632
650
665
659
647
662
615
670
640
577
576
217
152
78
273
164
336
2926
3266
2799
2861
3354
2975
2776
225
263
3899
3571
3442
3975
3836
3918
3476
3774
3837
3579
3546
3549
3585
3812
3590
3698
3722
3615
3685
3827
3802
3526
3815
3728
3521
3498
3713
3455
3505
3608
3636
3907
3740
3735
3715
3835
3599
3867
3663
3553
3710
4014
3988
4030
4006
4001
3980
4017
2769
3286
2888
3278
3025
2961
2825
3430
2726
3023
3303
3129
2953
2703
3193
3163
2756
2713
2815
2854
3304
2946
3231
3030
2666
2663
3108
3234
2746
3135
3123
3026
2917
3315
2890
3085
3065
3014
2689
2994
3399
3250
2919
3283
3213
2929
2896
2810
3166
3319
2790
3393
2734
3412
2954
3410
3096
2680
3184
2866
2891
2759
3098
2908
2806
3195
3052
2872
2789
3317
3292
3137
2839
2772
3004
3394
2977
2956
3080
2707
2943
2912
3036
2749
3084
2911
3056
2897
3029
2873
3293
2782
3047
3040
2974
2761
3257
2906
2864
2821
3417
3114
2987
2755
2945
2835
2794
2681
2920
2763
3387
3033
3284
3054
3022
2757
3435
3384
3243
3220
3433
2874
2867
2738
2754
2664
2982
2979
3362
2850
3174
2910
2862
3027
3366
2966
2880
2913
2822
2859
2696
3168
3167
3324
3238
2993
2931
2928
2750
2830
3233
2803
3186
3077
2934
2697
2662
2892
3404
3365
3403
2708
2999
3189
3221
3176
2728
3313
2739
3142
2827
3348
2940
2925
2909
2877
2717
2698
2879
3190
3405
3242
2984
3010
3275
3039
3357
3285
3069
3073
2960
2743
3328
3078
2915
2729
1505
2727
3356
2676
3364
3339
2986
2916
2773
3363
3149
2927
2907
2673
3119
3090
3000
2683
3232
3226
3064
2786
2741
2669
2670
3043
2942
3237
2905
2800
3383
3100
3295
3267
3018
3191
3377
3192
3093
3117
2868
2751
3273
3207
3289
2941
2783
1317
1150
2843
3296
2996
2848
2831
3107
2737
3196
3002
2950
3373
3369
3048
2679
3118
3422
2958
2936
3079
3019
3262
2881
2840
2970
2770
3380
3206
2870
3154
3110
2665
3306
3199
3148
3298
3185
3136
2781
3115
2894
2765
3194
3219
3005
2932
2797
2845
2813
2775
2758
3255
3032
2955
2871
2724
3346
3259
2823
2712
3152
2991
3349
2795
2768
2716
2668
3302
2976
3379
2694
3347
2901
3428
3426
3423
3371
3341
3331
3276
3274
3246
3225
3178
3162
3159
3158
3157
3104
3103
3062
3024
2985
2969
2964
2948
2944
2887
2801
2777
2774
2767
2718
2711
2706
2705
2700
2682
1405
3160
3385
3381
3351
3419
3277
2992
2869
3343
2914
3038
3017
3215
3177
2841
2730
1656
3378
3342
3035
2849
2675
3214
3106
3312
3261
3075
3321
3287
2937
2720
2989
3416
3330
3265
3224
3272
3249
3101
3041
3256
3060
3046
2687
3396
3288
3011
2753
2684
2672
3239
3172
3132
3102
2939
2863
3335
3009
2833
3327
3280
3169
3051
2674
3434
3332
3297
3240
3145
3076
2973
3360
3198
3182
3150
2951
2846
3253
2921
2778
2742
3353
3204
2875
2828
2787
2701
2661
1684
3386
3355
3344
3316
3252
3247
3146
3021
2853
3411
3291
3097
2904
2793
3211
3034
2844
3406
3391
3120
3082
2785
2780
3013
3350
3201
3116
3113
2719
3397
3345
3320
3175
3070
3049
3072
2856
3299
3209
3179
2748
3212
3188
3109
870
1200
2371
2156
2035
2584
2152
2490
2236
2342
2297
2192
1950
2009
1991
2373
1975
2618
2317
2626
2014
1998
2197
1915
2476
1990
2426
2534
2146
2411
2459
2337
2011
2159
2658
2097
2027
2000
2647
2284
1935
1921
2160
2114
2129
2126
2147
2067
2660
2538
2024
2449
2120
2645
1999
2116
1931
2659
2389
2001
2157
2648
2583
2365
2341
2061
2291
2066
2019
2606
2486
2576
2021
2601
2554
2391
2136
2619
2404
2615
2427
2166
2432
2271
2258
2312
2206
2383
2464
2349
2310
2474
2193
2531
1952
2585
2494
2364
2171
1927
2550
2275
2234
2046
2602
2484
2433
2122
2559
2407
1929
2654
2604
2560
2213
2571
2225
2202
1972
2633
1976
2485
2298
2611
2546
2253
2625
2607
2387
2369
2278
2266
1989
1983
2089
2098
1942
2361
2313
2095
2092
2078
2200
2593
2499
2460
2004
1995
2190
1993
1979
1917
2591
2216
2188
2109
2539
2477
2414
2386
2306
2210
2093
2084
1943
2572
1960
2638
2575
2329
2179
1997
2392
2115
2020
2640
2447
2018
2083
2378
2022
1980
1973
2346
2006
1957
1928
1919
1988
2132
1939
2211
1013
2504
2376
2353
2172
2150
2063
1963
1925
2655
2573
2370
2037
2624
2429
2348
2340
2300
2299
2257
2244
2131
1953
2469
2354
2311
2103
2074
2058
2578
2446
2410
2374
2237
2212
2579
2551
2521
2492
2430
2045
1946
2549
2532
2323
2287
2104
2090
2056
2564
2561
2556
2553
2467
2363
2307
2240
2164
2154
2140
2118
2586
2574
2500
2495
2408
2356
2331
2324
2112
2077
2043
1962
2542
2536
2359
2339
2184
2124
2069
2059
2229
2121
2060
1984
1966
2162
2155
2107
2110
2272
2242
2478
2274
2471
2142
2563
2233
2108
2033
2529
2496
2350
2568
2646
2623
2507
2381
2290
2086
1971
1955
2567
2468
2322
1982
2191
2637
2525
2397
2318
2314
2277
2185
2145
2023
2425
1987
2003
2588
2413
136
