0
4034
114
883
918
3746
4008
447
2596
3732
292
602
1022
855
750
233
610
4035
2483
550
1430
49
1206
316
624
1581
2470
286
1027
3444
3853
1386
1394
453
210
3844
3978
4032
3748
2079
90
801
379
2855
608
3953
145
2195
2792
44
3709
3336
3910
125
2168
244
2569
1208
2842
1119
3688
3942
1096
2722
2269
3729
1627
52
255
192
2527
2595
3846
884
885
879
858
895
894
881
887
877
864
725
802
886
852
717
749
841
833
788
888
816
892
891
890
889
882
878
876
874
873
872
871
870
867
861
859
776
782
732
854
808
799
707
893
869
863
704
769
850
839
832
825
818
811
806
804
798
791
789
775
768
767
757
746
744
743
740
736
730
729
714
712
702
699
692
691
689
822
796
786
733
741
880
759
722
846
792
843
826
779
763
716
838
835
753
735
807
756
710
703
698
761
813
793
783
755
836
831
728
771
727
827
795
790
758
737
723
812
809
803
797
787
770
764
720
687
814
851
847
845
817
780
772
762
748
742
706
690
688
821
774
856
849
848
815
777
765
747
731
721
709
708
840
739
738
724
711
686
842
829
810
794
754
752
751
734
719
700
694
837
828
823
705
853
844
830
824
820
819
805
800
784
781
778
773
766
760
745
726
718
715
713
701
697
696
695
693
834
875
866
785
4005
4014
3991
4001
4038
4017
4000
3986
3989
4019
3981
4020
4028
3993
3985
4030
3998
4021
3988
667
4037
4036
4033
4031
4029
4027
4026
4025
4024
4023
4022
4018
4016
4015
4013
4012
4011
4009
4004
4003
4002
3997
3996
3995
3994
3990
3982
594
3980
3984
3999
4010
4007
4006
3987
3983
3992
3653
3901
3834
3973
3857
3461
468
1996
2178
2105
154
110
2442
3806
3787
3801
3548
3588
3781
3720
3855
3789
3751
3917
3572
3812
3539
3612
3537
3725
3595
3676
3489
3816
3933
3952
3770
3835
3815
3636
3631
3494
3679
3786
3961
3593
3515
3912
3874
3868
3567
3473
3445
3727
3441
3866
3975
3507
3896
3714
3951
3792
3486
3905
3894
3863
3771
3937
3895
3793
3724
3644
3460
3840
3598
3764
3622
3532
3524
3476
3956
3680
3668
3554
3909
3906
3794
3706
3810
3643
3506
3753
3470
3814
3662
3624
3699
3513
2431
2422
3659
3457
3899
3759
3757
3571
3848
3632
3579
3442
3883
3931
3690
3645
3534
3581
3562
3613
3479
3649
3707
3477
3778
3769
3698
3608
3508
3498
3967
3836
3791
3500
3777
3767
3881
3829
3738
3630
3529
3466
3459
3443
3552
3784
3628
3573
3736
3542
3605
3934
3601
3880
3503
3497
3514
3755
3731
3681
3627
3817
3547
3526
3520
3492
3928
3804
3480
3512
386
3954
3733
3600
3454
3530
3925
3504
648
576
642
675
670
659
640
595
681
662
650
632
599
582
623
530
411
356
448
377
2565
2439
2621
2651
2130
2486
2456
2545
2256
2455
2358
2263
2548
2375
2357
2360
2251
1933
2523
2424
2080
2008
2656
2152
2281
2361
2342
2341
2197
1934
2618
2371
2515
2466
2092
2632
2614
2566
2204
2120
2041
2628
2488
2316
2193
1960
2421
2321
2170
1950
2248
2613
2403
1936
2499
1975
2265
2219
2085
1977
1974
2237
2570
2487
2301
2245
2277
2236
2126
2311
2412
2015
2049
2035
2352
2058
1979
2622
2624
2539
2504
2477
2467
2418
2363
2356
2154
2156
1922
219
95
89
6
264
399
2633
2097
2050
2626
2202
1995
2636
1957
2006
1999
1998
2660
2648
2627
2435
2061
2012
1914
283
234
288
300
8
157
289
60
165
2550
2485
2454
2392
2122
2064
2600
2593
2586
2576
2553
2492
2484
2476
2460
2443
2410
2404
2350
2340
2339
2326
2212
2200
2179
2147
2074
2063
2056
2055
2037
1971
1962
1943
1938
3977
3976
3974
3972
3969
3965
3963
3960
3959
3958
3955
3949
3947
3946
3945
3941
3940
3939
3936
3932
3929
3927
3924
3923
3922
3921
3920
3919
3916
3915
3914
3908
3907
3904
3903
3900
3897
3893
3892
3890
3887
3882
3879
3878
3876
3875
3871
3870
3869
3867
3865
3864
3862
3859
3856
3854
3850
3849
3843
3839
3837
3833
3832
3828
3827
3826
3825
3823
3822
3821
3820
3819
3818
3811
3809
3808
3807
3802
3799
3788
3785
3783
3782
3779
3776
3775
3774
3773
3772
3768
3766
3763
3761
3758
3754
3752
3749
3747
3745
3744
3743
3742
3740
3739
3737
3735
3730
3728
3726
3722
3719
3718
3716
3715
3713
3712
3711
3710
3708
3705
3701
3696
3695
3694
3689
3686
3685
3682
3678
3675
3673
3671
3669
3666
3665
3664
3663
3660
3658
3657
3655
3652
3648
3647
3646
3642
3641
3640
3638
3637
3634
3629
3623
3620
3619
3616
3615
3614
3610
3607
3603
3602
3599
3597
3591
3590
3587
3585
3584
3583
3582
3580
3578
3576
3570
3569
3568
3566
3565
3564
3558
3556
3555
3553
3551
3549
3546
3544
3543
3541
3538
3536
3535
3531
3528
3519
3511
3510
3509
3505
3502
3499
3493
3490
3488
3485
3483
3482
3478
3474
3472
3468
3467
3465
3464
3463
3458
3455
3453
3452
3451
3450
3447
3446
3439
868
2270
2426
2096
2645
1928
2274
2298
2387
2205
2082
1988
2522
2638
2615
2601
2579
2578
2521
2469
2423
2409
2407
2261
2220
2218
2201
2136
2115
2098
2078
2046
2040
1997
1993
1989
1984
2427
2044
2639
2192
2000
2493
2389
2536
2652
2208
2177
2029
2448
2310
2214
1913
2599
2620
2159
1982
2557
2362
2313
2272
2242
2210
2066
1923
2462
2396
2048
2367
2603
2568
2221
1970
2189
1987
2610
2318
2226
2186
2141
2658
2640
2538
2116
2009
1951
1931
1921
2163
2637
2479
2438
2415
2222
2062
2602
2575
2563
2561
2556
2526
2489
2468
2464
2428
2395
2354
2334
2306
2257
2244
2240
2206
2150
2123
2108
2099
2090
2088
2057
2053
2033
1918
2336
2176
2283
2282
2047
2434
2302
2151
2137
2032
1994
1959
1558
3670
3661
3926
3838
3930
3902
3852
3611
3574
3559
3533
3475
3471
3462
3950
3888
3575
3966
3845
3831
3693
3672
3527
3491
3970
3957
3918
3913
3911
3898
3813
3790
3765
3734
3717
3702
3700
3697
3691
3683
3656
3654
3639
3635
3617
3594
3563
3560
3523
3518
3516
3481
3741
3795
3860
3796
3609
3979
3891
3847
3626
3589
3522
3521
3964
3803
3469
3625
3496
3889
3760
3756
3674
3484
3448
3438
3962
3944
3938
3692
3687
3667
3586
3577
3525
3968
3884
3873
3858
3841
3824
3800
3762
3677
3651
3618
3604
3596
3557
3449
857
3971
3886
3842
3805
3780
3703
3545
3540
3684
3633
3621
3517
1176
1038
1264
1664
1892
597
663
660
625
622
664
636
626
598
592
589
1276
532
945
631
630
618
579
381
647
3861
3723
3487
543
685
684
682
680
679
678
677
674
672
668
665
661
658
657
655
652
643
635
633
628
627
621
619
617
615
613
612
611
605
603
600
593
588
584
583
581
578
577
575
573
406
470
359
478
1690
671
620
590
522
372
424
547
646
654
519
355
418
403
558
405
683
502
548
528
498
362
666
645
360
572
571
568
562
552
540
535
533
529
505
499
495
489
485
474
472
467
466
450
449
445
443
437
429
413
398
396
393
390
384
383
382
380
371
365
364
357
354
351
349
50
2659
2657
2655
