107
715
3980
2776
638
3733
4028
70
881
1233
775
868
2195
3055
3974
895
2382
3745
95
674
4029
1386
1145
3996
4016
790
3665
90
743
401
33
749
228
3037
564
210
335
1755
608
2380
1270
287
2483
1046
3180
255
256
585
1394
642
854
336
447
852
3846
3808
3744
3134
3805
316
3748
1417
3853
207
35
3885
384
1157
179
4001
154
219
155
1854
3812
3727
2481
866
2524
652
3856
4031
3453
3183
4036
4005
3935
3982
1924
4034
4032
3003
3432
358
4000
2079
3699
3894
467
3595
2855
3489
865
2704
3575
1065
3834
550
875
2442
260
2168
3973
613
1865
3890
2017
448
3882
4008
3911
3243
1057
174
306
4035
4006
3519
2722
667
3751
3954
3772
1834
3952
891
2898
2565
791
802
782
740
721
793
756
869
735
884
76
2798
498
3723
3159
138
338
411
3548
2838
3796
3537
2998
2678
1937
12
2767
2808
3370
1759
2457
3923
191
209
441
91
562
153
5
3513
476
1693
71
1969
860
3467
3849
1977
3879
1756
37
2922
2792
911
1664
1362
435
2714
3955
3059
253
2774
530
1008
3230
215
2975
1105
2541
1760
1657
1967
3570
1194
624
32
234
940
1455
1220
2842
440
1414
1701
1581
1395
3413
222
899
2952
244
3689
920
1430
657
8
3408
2725
2990
3928
1713
3925
114
3905
2487
2942
1731
2860
883
656
18
305
1915
699
3742
2596
1579
110
310
264
245
850
78
3700
3864
3813
160
3657
437
3682
3662
3863
3992
4014
4037
4020
147
6
319
145
464
552
3801
3717
581
1353
1240
3181
3372
3251
3131
1711
351
454
364
399
501
2691
283
89
327
2456
858
870
871
879
3147
3074
4011
4002
3271
3141
3216
2861
3354
3200
3122
4021
3981
3999
3990
3987
594
4026
3994
3988
3995
3998
4038
4025
4022
4018
4015
4013
4012
4007
3989
3985
3983
4030
4023
4019
4009
3997
4017
3991
3986
4004
4003
3993
4024
4010
4027
4033
3984
746
818
725
714
796
839
767
804
816
789
788
732
704
689
822
813
712
768
783
786
751
716
736
799
837
741
849
826
773
690
693
833
806
794
777
771
744
711
702
691
863
886
836
766
738
710
706
781
742
722
764
755
827
724
757
821
779
703
761
709
795
762
737
847
733
731
845
819
770
723
713
835
728
808
758
730
880
838
831
815
809
763
753
752
705
893
807
846
844
824
820
778
748
701
696
695
694
842
834
810
805
784
774
772
697
686
811
889
878
861
729
876
853
829
817
797
760
759
754
739
727
726
718
687
848
843
780
765
745
719
688
840
832
792
787
747
734
720
856
830
814
800
769
890
888
882
874
872
864
828
823
803
708
698
776
859
877
873
885
867
887
798
812
855
700
707
894
892
750
785
717
851
692
825
841
801
857
3757
3446
3957
3836
3476
2982
2889
3490
3580
3624
3585
3531
3701
3571
3541
3875
3716
3855
3447
3675
3774
3423
3318
2972
2879
2703
3336
1961
2656
2439
2431
3382
3311
3283
3539
3622
3823
3754
3679
3549
3917
3473
3857
3739
3538
3781
3975
3708
3871
3445
3771
3887
3766
3631
3859
3664
3653
3632
3483
3660
3937
3671
3638
3932
3439
3826
3591
3572
3478
3509
3486
3463
3706
3569
3953
3496
3759
3901
3641
3715
3598
3977
3685
3322
3314
2886
2826
3130
2961
3612
3732
2437
2106
2545
2535
2181
2412
2034
2621
2528
2388
2015
2158
3325
2790
3424
3401
3338
3909
3507
3532
3534
3927
3906
3763
3958
3951
3895
3646
3487
3500
3546
3964
3738
3725
3878
3976
3544
3868
3628
3567
3881
3690
3645
3465
3767
3726
3714
3743
3949
3822
3648
3458
3920
3900
3947
3793
3809
3587
3602
3474
3466
3833
3782
3777
3614
3583
3535
3499
3529
3443
3861
3918
3719
3718
3643
3669
3883
3516
3652
3960
3919
3581
3815
3524
3468
3870
3764
3558
3464
3460
3710
3663
3821
3678
3639
3566
3799
3616
3904
3794
3931
3869
3668
3634
3630
3776
3615
3924
3680
3593
3479
3825
3503
3457
3658
3832
3775
3747
3921
3705
3505
3728
3607
3482
3840
3753
3470
3850
3735
3608
3590
3588
3907
3876
3867
3835
3769
3740
3666
3553
3472
3442
333
226
2949
2963
2899
2732
3105
3368
3309
3083
3388
2884
3165
3315
3436
2852
3202
2888
2789
2967
3193
3286
2695
2851
3389
3241
3294
2821
2794
2766
3029
2891
2749
2731
3941
3659
3610
1934
247
2357
2248
2474
1992
2454
2515
2320
2421
2444
2562
2587
1933
2503
2595
2349
2170
2262
2401
2041
2490
1988
1978
2321
2301
2167
2644
2580
2360
1949
2373
2146
2080
2570
2160
2156
2558
2548
2217
2450
2342
2614
2366
2197
2455
2152
2346
2050
2000
2049
2633
2335
2639
2497
2424
2014
2536
2091
1960
2426
1942
2311
2584
2613
2532
2575
2216
2464
2095
2045
2064
2147
2393
2539
2520
2414
2404
2201
2108
2093
2552
2391
2354
2348
2083
1979
2579
2553
2495
2307
2055
2546
2625
2433
2299
2164
2136
2122
2021
1986
2556
2507
2504
2499
2492
2188
2098
3068
2834
2848
3211
2954
2685
2696
3334
3190
3175
3289
2882
3254
929
2935
3103
2775
3215
3260
3425
2926
3358
3402
2938
3276
1301
3637
3568
3950
3492
3891
3452
3970
3880
3617
3562
3533
3502
3945
3803
3554
3469
3944
3956
3810
3600
3584
3506
3972
3969
3967
3963
3933
3915
3912
3903
3898
3896
3893
3892
3888
3874
3866
3865
3854
3844
3843
3837
3829
3819
3818
3811
3807
3802
3792
3791
3790
3789
3787
3786
3784
3783
3778
3770
3768
3761
3758
3752
3729
3724
3720
3713
3711
3704
3695
3686
3681
3676
3655
3649
3647
3644
3636
3623
3620
3613
3601
3599
3597
3594
3564
3523
3515
3514
3511
3510
3508
3498
3493
3481
3459
3441
3603
3565
862
3461
3707
3557
3485
3627
3528
3670
3542
3736
3635
3712
3667
3462
3913
3858
3730
3788
3497
3697
3640
3845
3804
3703
3576
3605
3852
3563
3527
3929
3683
3525
3702
3547
3574
3862
3773
3722
3698
3629
3573
3543
3455
3831
3521
289
44
326
220
162
2
262
149
20
51
300
117
3020
3329
3013
2665
3310
2924
3109
3058
2846
3367
3039
3405
3398
2962
3112
2845
2923
2858
3383
3379
2803
2762
3194
3359
3093
2918
3431
2693
3046
3377
3095
3042
2726
2917
2705
2799
3306
3088
3237
2779
3030
3303
2974
3396
3025
2743
3217
3257
3010
2666
3213
2761
2673
2997
3081
2968
2670
2871
2870
3163
3014
3064
2805
3073
3139
3045
2710
2663
3089
2953
2681
2847
3117
3107
2864
2944
3015
3066
3400
3324
3238
2741
3390
2977
2698
3232
3119
3033
2985
2706
2747
2771
3052
3004
2807
2738
3435
3387
3166
3123
2773
2756
2729
3430
3047
2994
2909
3380
3171
3218
2906
2734
2874
2763
3341
3098
3040
2912
3249
3394
3333
2837
2683
3417
3174
2890
2880
2854
2680
2669
3148
3364
3304
3301
3096
2960
2920
2913
2877
2862
2839
2827
2750
3363
3228
3220
3085
2988
2925
2908
2757
2694
3374
3357
3300
2943
3285
3236
3339
3293
3234
3108
2945
2919
2916
2896
2867
2806
2746
3392
3284
3153
3022
3307
3173
2709
3327
3253
3221
3187
3138
3420
3371
3356
3207
2682
3348
3250
3142
3065
2966
2897
2872
2676
2664
3312
3208
3050
2859
2832
3248
2791
3349
3099
2881
2787
3337
3262
3433
3362
3184
3158
3135
3104
3090
3084
3056
3000
2929
2928
2907
2905
2810
2786
2755
2689
3091
2751
2903
2865
2816
2718
3979
3779
3626
3522
3552
3750
2361
1974
120
2337
2097
1980
2583
2018
2044
1983
2500
2395
2339
2258
2212
2121
2112
1963
2632
2441
2251
2628
2488
2411
2402
2089
2082
2210
2205
2107
2403
2371
2314
2277
2173
2126
2023
1990
2602
2561
2275
2165
2060
1993
2369
2449
2326
2257
2237
2150
2073
2063
2316
2207
2476
2303
2288
2234
2184
2092
2067
2056
2566
2296
2186
2076
2270
2345
2175
2036
2182
2641
2255
1991
2659
2645
2171
2013
2636
2364
2009
1928
2660
2658
2022
2004
1914
2657
2647
2494
2025
1931
2648
2447
2284
2157
1995
1925
2065
1985
2522
2486
2265
2145
1982
2287
2048
1970
2568
2581
2452
2192
1921
2619
2601
2600
2573
2559
2549
2485
2477
2430
2407
2350
2331
2271
2244
2190
2124
2058
2033
1984
1918
2627
2365
2061
2001
1919
2612
2305
2479
2390
2480
2392
2615
2606
2519
2469
2386
2356
2340
2323
2290
2261
2253
2140
2139
2118
2103
2037
2020
1962
2142
2448
2440
2310
2571
2654
2650
2646
2640
2634
2622
2618
2586
2578
2577
2576
2574
2572
2540
2534
2527
2523
2517
2513
2506
2505
2470
2466
2446
2443
2435
2405
2397
2381
2379
2378
2374
2359
2353
2352
2341
2322
2309
2306
2298
2286
2281
2276
2269
2263
2256
2236
2231
2230
2226
2225
2220
2213
2204
2202
2193
2179
2166
2162
2159
2129
2120
2119
2115
2114
2113
2109
2104
2100
2099
2090
2085
2070
2066
2051
2043
2035
2027
2024
2019
2016
2012
2011
2008
2006
1999
1998
1989
1976
1975
1968
1965
1958
1957
1950
1946
1936
1930
1922
1917
3393
2818
2272
2141
2626
2312
1972
2208
2655
2638
2631
2630
2624
2611
2593
2591
2590
2563
2554
2551
2542
2484
2467
2460
2418
2410
2376
2370
2329
2278
2240
2239
2218
2200
2172
2154
2131
2088
2086
2084
2078
2077
2074
2069
2046
2005
1997
1966
1953
1943
1938
1929
2652
2427
2096
2529
2137
2377
2635
1987
2317
2525
2242
2185
2604
2526
2429
2409
2387
2383
2211
1981
2637
2029
2607
2564
2560
2550
2521
2489
2482
2478
2428
2423
2408
2363
2351
2334
2324
2308
2300
2266
2229
2206
2123
2059
2040
2030
1971
2400
3323
2687
3422
3176
3161
2712
2783
3024
3041
3118
3097
3007
3350
3281
2701
3274
2697
3328
3210
3133
2785
3409
3365
2947
3009
2723
2667
3019
1792
3168
3279
3136
3273
3186
2892
2820
2932
2675
3240
3203
3069
3038
2836
2720
3082
2748
3321
3102
3265
2802
3344
3272
3261
3247
3113
2778
2875
3353
3192
2733
3391
3316
3212
3252
3078
2970
2770
2841
3416
3206
3106
2804
2849
2796
3170
2995
2797
2742
2737
3406
3381
3299
3115
3076
3035
2674
3335
3291
3277
3060
2958
2752
3419
3347
3330
3280
3188
3120
2914
2904
2828
1838
1087
923
1552
3144
