107
705
3842
265
632
4031
689
3375
540
23
328
326
4009
3546
3901
885
1430
631
2493
1087
114
3989
4034
4033
336
4020
3676
3836
721
3823
2596
1034
3310
437
1368
2963
1961
1562
554
1161
938
516
2360
639
1992
1445
923
2256
2805
288
2621
1240
76
32
219
321
873
3598
878
3583
3783
3566
3682
111
3905
2301
237
306
259
253
305
643
77
3875
4024
4006
3746
126
307
3801
3453
299
3638
3939
3441
290
3580
3565
3544
3814
3806
3766
3941
3843
3772
3695
700
3478
3614
857
886
746
3630
3876
801
875
788
744
785
870
750
767
725
674
1145
2569
358
581
3230
2195
1206
443
1105
2814
386
1252
8
351
86
1353
383
1690
552
1276
3216
3413
3141
3322
2798
2824
955
649
1856
979
1157
1701
2855
3305
3266
1162
586
1061
1697
2175
568
1696
3418
3088
2801
1251
2957
626
3246
2766
1174
3095
375
2825
3081
2337
2440
901
2129
2566
2050
1314
3032
951
2405
1784
1317
3208
2402
1922
2070
2677
2453
1933
171
2545
961
2255
2456
1301
2439
1788
125
2034
2321
3126
1956
3290
2487
2565
206
230
78
2178
131
1002
245
279
192
3811
293
110
2595
61
155
49
97
182
90
42
33
3451
892
736
3634
3599
3510
3921
3907
889
3827
3613
732
3666
3919
3665
3531
31
3982
3887
3723
6
3585
270
3984
264
4001
2652
2379
2613
2197
1982
2298
2048
618
2524
2265
2444
1915
2182
58
73
1193
1043
1969
2041
135
2230
117
243
102
301
201
74
3748
874
887
872
867
3465
3476
4013
4000
14
4035
3996
647
45
284
269
3439
190
240
3787
95
71
174
3846
4019
3983
178
281
139
129
175
27
220
112
241
157
3570
4032
116
3955
3965
3653
3589
3985
159
146
3744
224
132
94
180
101
24
254
268
106
3720
3626
871
4022
4002
103
66
30
246
3661
3575
3749
3925
3897
3916
3771
212
194
3610
3473
3673
3864
26
172
3657
3908
3765
3754
3859
3502
3582
3970
3572
3567
3548
854
3861
3770
3834
3817
3964
707
3524
3547
3914
3556
882
3681
3878
846
863
3763
3840
890
692
3889
3779
710
3460
861
3555
3728
4011
3561
768
3866
3484
699
3550
3841
3719
3663
3568
859
3643
3627
808
880
3534
3563
717
812
803
837
844
743
737
895
879
831
835
817
790
815
209
1119
1386
2269
2079
335
624
2842
602
286
1581
608
377
550
3407
2168
3031
454
468
411
2691
2792
2106
193
1270
147
1627
2704
1253
2740
904
899
1558
3372
2902
3408
2167
441
2838
3282
1194
1176
564
1233
1395
660
910
1776
3121
1657
2634
2998
1838
3336
120
2380
1762
1713
472
2431
3091
2721
349
2015
2100
3059
2671
2505
1297
3432
945
652
485
1133
1455
1651
562
3045
1168
2980
987
621
3161
3311
2219
3368
1498
655
3389
3044
390
478
1372
3425
1521
935
2982
3423
1949
663
3066
2898
3030
466
1154
1008
1905
3436
1908
3099
1599
3334
1134
1266
2895
622
1342
2804
1670
2771
974
3358
1094
986
2727
1441
502
3092
551
2837
2747
2852
2562
646
3242
2990
3205
939
920
1518
357
3392
1860
2181
1829
3210
1077
508
2923
3340
2858
2979
603
2682
3328
2883
3173
3093
3326
3138
940
2735
1830
1700
1141
3404
1779
1213
3009
3189
2779
2917
474
450
558
3431
1212
1223
1439
1805
3039
654
609
1870
3275
1106
1681
1704
1561
933
1667
1785
560
3203
512
1044
1878
614
3250
496
3316
3272
1529
1774
1389
1102
1724
4028
567
3214
2479
2057
2758
1976
504
1183
555
1733
1371
1895
1548
2021
1787
1533
903
1216
2557
1837
2371
2840
922
1333
1118
2231
963
2355
2448
1798
1097
1850
1378
2350
2432
1452
2272
1880
2335
1555
1656
992
1944
1360
1568
1468
2540
2427
1593
1232
1137
1781
2836
1493
396
1847
2173
1825
1321
354
2412
958
1705
489
1526
1629
2214
1674
2443
1165
1494
1747
1363
2288
2803
2019
1803
403
1913
2870
2918
2156
636
2618
678
3042
1952
2185
1531
3171
2605
1098
1144
2305
1936
2260
1171
2934
2312
1186
991
1424
1678
1566
2012
1719
2523
589
2270
634
1325
2570
684
2584
1478
2162
1594
2291
2205
2587
1585
457
2152
3157
2277
1033
1853
2656
2962
2614
1150
3244
616
2426
1364
1892
612
675
1950
2568
490
2820
588
584
2177
1564
595
1808
2014
2486
2942
1934
2357
2076
2490
2013
1384
2373
2320
2558
2997
682
2949
2983
