0
4009
808
335
3589
1546
801
2483
3451
240
183
294
2470
3537
1176
3729
2195
667
859
875
866
867
2714
301
911
6
4012
3323
3125
892
3853
3990
3575
321
195
613
3879
1065
282
2963
4001
891
3846
270
3709
1386
2671
126
3856
244
1395
4035
260
468
358
987
2079
854
581
586
1157
3897
638
868
3812
3723
1016
3955
4024
3765
1206
356
699
692
3772
1031
267
2569
43
1394
179
2691
1581
1071
1586
3942
1834
2740
2382
220
3376
2722
2269
1119
3606
4018
2541
1890
2736
1466
3999
3704
1233
3744
215
1560
157
1967
125
1937
607
2704
286
1022
2814
3407
1346
3878
377
2885
3522
1627
253
205
3037
209
3268
3003
443
2792
1002
3847
206
76
4
328
306
78
275
181
273
3987
594
4011
77
2527
2595
871
895
858
870
894
746
869
888
804
861
802
791
691
743
733
786
893
887
886
884
881
880
879
878
877
873
872
865
763
721
863
710
846
759
736
737
885
874
890
817
813
783
708
889
882
876
751
732
832
755
803
797
762
852
818
771
839
822
789
782
768
711
829
722
705
690
784
781
693
843
807
792
787
777
773
779
724
837
831
820
809
793
741
716
701
698
849
827
810
764
752
731
728
713
703
697
845
819
815
800
772
770
766
739
734
723
687
856
855
853
850
847
844
842
838
836
835
834
833
830
828
826
825
821
816
814
811
806
805
799
798
796
795
794
790
788
785
778
776
775
774
769
767
765
761
760
758
756
753
750
748
745
742
740
738
730
729
727
726
725
720
718
717
715
714
712
709
707
706
704
700
695
694
689
848
824
823
780
754
747
719
696
688
686
840
735
864
757
812
851
702
841
744
883
749
4032
4006
3991
3985
4036
4005
4027
3988
4003
4025
4007
3989
4020
4031
3982
3994
4004
3993
3997
4038
4030
4023
4016
4015
4013
4002
3996
3983
3981
4021
4019
3995
4037
3998
4033
3980
4026
4014
4000
3986
4017
4010
3984
4034
3992
4029
4028
4022
4008
3910
46
3751
3653
3513
3699
3963
3894
3441
3961
3901
3582
3572
3893
3763
3819
3774
3614
3946
3781
3752
2565
2421
3147
228
44
278
135
293
259
217
3859
3823
3655
3789
3720
3493
3892
3445
3822
3622
3499
3887
3439
3964
3871
3754
3539
3792
3791
3776
3641
3536
3882
3768
3931
3816
3459
3833
3716
3647
3616
3806
3558
3673
3694
3727
3460
3663
3912
3567
3949
3883
3447
3446
3969
3714
3947
3843
3786
3623
3726
3939
3657
3810
3900
3866
3770
3507
3593
3958
3951
3924
3829
3706
3646
3631
3591
3515
3583
3905
3771
3662
3549
3531
3566
3793
3524
3933
3783
3587
3500
3967
3630
3945
3758
3718
3529
3458
3972
3937
3680
3510
3464
3443
3975
3836
3759
3753
3598
3685
3644
3508
3876
3862
3815
3713
3615
3553
3486
3463
3442
3907
3666
3590
3498
3742
3444
3530
3504
3896
3584
3874
3857
3739
3538
3473
3505
3899
3701
3571
3864
3523
3686
3895
3825
3803
3719
3690
3516
3898
3695
3747
3561
3555
3469
3600
2017
2245
2167
2481
2094
2281
250
317
283
247
73
320
202
27
3127
2899
2505
2
3
162
116
20
102
68
187
180
49
149
28
309
108
145
90
238
219
14
35
326
289
167
343
262
214
91
229
295
296
225
177
330
299
194
48
237
84
310
184
111
19
245
89
302
266
101
24
189
501
399
351
499
453
3543
3450
3941
3953
3979
3927
3764
3660
3532
3832
3681
3485
3978
3977
3976
3973
3965
3960
3959
3956
3932
3928
3925
3923
3922
3921
3920
3919
3918
3917
3915
3914
3909
3908
3906
3904
3903
3890
3881
3870
3869
3868
3863
3855
3849
3848
3844
3837
3834
3827
3826
3821
3818
3814
3811
3809
3807
3805
3802
3799
3794
3782
3777
3767
3766
3761
3757
3746
3745
3743
3738
3735
3733
3732
3728
3725
3724
3722
3715
3711
3710
3708
3700
3698
3696
3688
3682
3679
3678
3676
3675
3671
3668
3665
3664
3652
3648
3645
3643
3639
3638
3636
3634
3632
3624
3620
3613
3612
3608
3607
3602
3601
3599
3595
3588
3585
3581
3580
3579
3570
3569
3568
3564
3554
3548
3546
3541
3535
3534
3526
3519
3511
3509
3506
3502
3494
3490
3488
3487
3483
3482
3479
3478
3476
3474
3472
3470
3468
3466
3465
3455
3916
3659
3936
3867
3850
3840
3835
3778
3773
3769
3740
3705
3629
3861
3551
3891
3542
3462
3492
3784
3628
3619
3689
3556
3552
3785
3559
3528
3497
3970
3512
3940
3845
3852
3520
3926
3838
3736
3670
3642
3817
3672
3517
3491
3957
3913
3911
3858
3813
3795
3755
3717
3703
3683
3669
3649
3635
3617
3594
3562
3481
3457
3658
3503
3574
3712
3640
3654
3547
3873
3804
3692
3656
3611
3578
3533
3860
3828
3790
3737
3731
3730
3687
3627
3604
3527
3518
3934
3884
3831
3796
3667
3618
3440
3626
3621
2614
2321
2041
1956
2650
2008
2380
2644
2402
2360
1915
2051
2204
2487
2373
2130
2070
2528
2450
2227
2019
1974
2255
2349
2207
1992
2562
2236
2228
2105
2217
2082
1936
2193
2314
2577
2535
2301
1949
1922
2570
2497
2424
1950
331
290
133
117
344
234
196
75
72
130
85
139
63
59
338
123
65
31
236
53
38
5
298
158
268
118
29
199
1
261
82
25
308
185
69
313
212
165
159
40
329
297
276
141
79
200
175
161
113
57
39
13
231
211
132
304
324
3418
3143
2817
3428
2767
3030
3354
3251
2975
2888
3229
3175
3392
3095
3092
2917
3367
2895
2628
2317
2219
2523
2156
2152
2357
2146
2651
269
346
342
341
337
334
333
327
323
319
318
316
314
312
311
307
288
281
265
263
255
254
251
243
242
241
230
227
226
224
223
221
218
216
208
207
204
197
193
191
188
178
172
170
166
164
160
156
154
153
151
150
147
144
143
142
140
138
137
134
131
127
121
115
114
112
110
109
106
105
104
99
95
94
93
92
88
86
83
81
80
62
61
60
54
51
50
45
41
37
36
32
17
16
12
8
659
647
384
249
100
1254
3427
3880
3779
3775
590
552
349
459
562
532
476
364
198
437
2426
2383
2021
2613
2136
2287
2486
2401
3389
3902
3780
3702
3471
3452
3944
3929
3889
3824
3707
3684
3637
3609
3605
3603
3577
3576
3477
3930
3788
3586
3480
3449
3948
3888
3886
3651
3610
3596
3544
3514
3437
3950
3573
3521
3496
3966
3841
3750
3563
3438
3943
3842
3797
3760
3741
3721
3625
3545
3525
3484
3475
3448
862
3971
3968
3962
3938
3851
3830
3800
3762
3734
3697
3693
3633
3557
3495
3461
857
571
433
3242
3099
2495
2045
2476
2084
2521
2353
2532
2407
2300
2164
2077
1963
1943
1924
2397
2656
1977
2066
2545
2363
2172
2092
2654
2611
2554
2504
2477
2469
2467
2216
2122
2056
2205
2488
2441
2439
2431
2388
2251
2129
2119
2100
2452
2076
2014
2341
2615
2253
1918
2634
2632
2625
2622
2621
2587
2580
2576
2573
2548
2515
2514
2513
2503
2500
2490
2456
2455
2448
2444
2442
2422
2412
2411
2405
2393
2376
2375
2361
2359
2320
2311
2265
2263
2262
2260
2238
2182
2181
2178
2173
2168
2162
2160
2158
2120
2114
2113
2106
2089
2049
2035
2034
2015
1996
1975
1965
1961
1934
1933
2602
2591
2575
2553
2460
2418
2370
2306
2290
2276
2090
2086
2083
2060
1946
2536
2371
2197
2091
2023
1960
2316
2546
2323
2257
2237
2150
2123
2063
2558
2329
2058
2584
2427
2303
2147
2566
2291
2214
2085
2095
2466
2170
2013
2499
2309
2073
2440
2166
2618
2358
2342
2230
2540
2655
2630
2624
2586
2579
2574
2492
2423
2409
2404
2395
2374
2261
2179
2005
1982
2121
2069
2612
2534
2453
2403
2335
2305
2286
2277
2248
2141
2080
1990
1978
2346
1921
2641
2099
2159
2025
2126
2107
1930
2337
2061
2016
2012
1999
2568
2659
2647
2001
1958
1914
2604
2489
2414
2234
2067
1942
2657
2633
2225
1957
2658
2639
2626
2585
2494
2447
2435
2364
2284
2202
2192
2097
2050
2011
2009
2006
2000
1998
1995
1980
1968
1927
246
168
152
148
146
103
285
272
96
30
332
291
280
257
239
67
56
10
345
325
322
303
284
274
271
252
248
235
232
203
186
176
128
119
98
66
55
26
21
9
277
315
347
340
22
3069
2941
3133
2692
3217
3088
2965
2667
2832
3190
3401
2893
2809
2926
3388
3144
3283
2959
2834
2670
2831
3382
2972
2699
3430
2851
2762
2858
2820
3358
2735
2726
3053
2900
2932
2718
2696
3225
2733
3131
2930
3065
3218
3153
2663
3171
2779
3317
3055
2774
3399
3212
3202
2952
2789
3391
3235
2802
2770
3368
2933
3234
3137
2981
2766
2717
2765
3103
2723
3249
2805
3329
3083
2769
3243
3014
3201
3276
2791
3336
3155
3128
3126
3149
3119
2707
3160
2854
2961
3032
3042
2679
3272
3206
3132
3180
2732
3424
2841
3286
3054
3318
3066
3227
3378
3261
2840
3314
3008
2982
2703
3384
3337
2741
3050
2747
3200
2799
2715
2897
3419
3316
3288
3239
3169
3173
2856
3238
3163
3108
2909
2880
2852
2782
2673
3421
2759
3400
3130
3010
2837
3416
2991
3433
3158
2907
2743
3431
3013
3326
3148
2853
3041
2939
2846
3422
3265
3199
3115
3113
3112
3039
3016
2901
3105
3084
2953
2756
2694
2683
2681
3296
2709
2674
3315
2919
2994
2956
2943
2927
2810
2750
2710
3292
2954
2702
3121
2836
3257
2993
2987
2738
3346
3327
3167
3110
3097
2819
2816
2801
3435
3364
3135
3123
3114
3073
3036
2944
2890
2887
2873
2821
3140
3048
3024
3215
3313
3209
3188
3109
3027
3015
2793
2783
2712
2687
2661
3285
2937
2828
2672
3426
3213
3000
2974
2960
2928
2910
2827
2800
2754
3301
2924
2689
2676
3303
3023
2920
3146
2725
2976
2701
3193
3078
3029
2966
2916
3404
3087
2914
2843
3091
3390
3363
3324
3274
3228
3226
3184
3098
3047
3004
2986
2969
2913
2911
2905
2877
2872
2864
2777
2761
2745
2666
3357
3321
3204
3138
3093
2795
2751
3387
3348
3339
3284
3142
3096
3090
3033
2967
2940
2929
2866
2862
2835
2806
2786
2757
2755
2698
3398
3107
3072
2685
3076
3038
2875
2823
2797
3377
3353
3287
3060
3017
3063
2878
2690
3161
3340
2646
2606
2601
2564
2559
2552
2506
2482
2352
2348
2339
2326
2288
2278
2258
2213
2088
2020
1962
1953
1929
1935
1925
2310
2660
2645
2583
2538
2459
2157
2027
2022
2018
2004
1976
1928
2413
2561
2517
2474
2406
2272
2256
2231
2036
1972
2242
2186
2145
2318
2531
2355
2312
64
58
1353
1264
380
945
673
576
682
625
661
615
600
677
623
631
675
650
640
632
627
670
643
635
595
582
577
654
685
672
664
633
626
649
464
427
163
1368
3256
3156
3075
2868
2744
3375
2923
1228
636
622
616
605
592
3454
435
477
534
619
617
612
579
466
644
618
597
372
543
350
449
396
382
478
546
646
413
530
489
474
362
568
564
554
551
550
549
541
522
516
509
505
490
486
472
470
467
457
454
448
441
429
407
406
393
383
381
369
354
540
555
455
518
469
424
357
528
498
425
2496
2529
2392
2638
2623
2619
2590
2526
2462
2446
2381
2340
2275
2271
2244
2220
2212
2210
2206
2109
2108
2103
2098
2059
2033
2030
1984
1983
1938
2631
2607
2600
2593
2578
2563
2556
2551
2550
2549
2539
2507
2485
2484
2464
2454
2443
2433
2430
2428
2410
2408
2391
2387
2386
2369
2356
2354
2334
2308
2307
2299
2240
2229
2218
2201
2200
2190
2188
2184
2165
2154
2140
2139
2131
2124
2118
2115
2112
2104
2093
2078
2074
2064
2046
2043
2037
1997
1993
1986
1979
1971
1966
1917
2331
2040
1989
1952
1988
2233
2652
2530
2055
1969
2208
2221
2110
3248
3307
2848
3365
3152
3079
3043
2863
2844
2787
2686
3214
2883
2818
1203
3877
3872
3756
3677
3674
3550
3540
3501
3456
3355
3319
508
365
570
504
510
610
523
519
495
418
462
440
426
444
445
421
415
629
3254
3150
2784
2768
3369
3124
3343
2964
385
2480
2416
2366
2296
2270
1923
2520
2478
2449
2266
2142
2044
2096
2259
2525
2226
2522
2177
2493
2322
2211
2209
2031
2350
1994
2581
2560
2048
1985
2502
2232
2345
2313
2274
2252
2417
2215
2362
2175
1944
2557
2425
2648
2627
2239
1919
2518
2415
2185
2075
1981
1970
2537
2498
2400
2161
1941
2610
2325
2138
2057
1912
2479
2445
2432
2396
2390
2324
2235
2065
2039
2029
2026
2003
1964
1955
2597
2429
2053
2572
2385
2379
2280
2249
2194
2599
2594
2519
2473
2367
2304
2254
2189
1926
2616
2298
2148
2567
2399
2151
2002
2640
2620
2365
2297
2174
1973
1931
2524
2510
2472
2465
2344
2294
2289
2283
2169
2135
2637
2603
2547
2377
2368
2347
2338
2327
2273
2243
2222
2101
2062
2609
2438
2434
2420
2372
2293
2285
2246
2241
2191
2047
1987
1940
1939
2649
2636
2635
2617
2571
2533
2384
2378
2247
2187
2171
2153
2117
2116
2072
2054
2024
2007
1991
1951
339
213
169
122
120
87
7
2764
3420
3410
3241
3223
3118
3007
2662
3397
3299
3291
3260
3224
3189
3106
3089
2996
2973
2870
2753
2748
2719
2665
3403
3334
3154
3101
3068
3005
2711
3373
3219
3198
2894
2876
3159
2892
2728
3379
3191
3176
3179
3162
2682
3380
3306
3233
2951
2860
2845
2829
3273
2947
3386
3347
3335
3330
3320
3302
3289
3280
3277
3252
3082
2833
2742
3405
3253
3221
3210
3177
3011
3001
2934
2737
3436
3434
3432
3425
3423
3417
3415
3414
3411
3408
3402
3396
3395
3394
3393
3385
3383
3381
3374
3372
3371
3370
3362
3361
3360
3359
3356
3352
3351
3350
3349
3345
3344
3342
3341
3338
3333
3332
3328
3325
3322
3312
3311
3309
3308
3305
3304
3300
3298
3297
3294
3293
3290
3282
3281
3279
3275
3271
3270
3269
3267
3266
3264
3262
3259
3255
3250
3247
3246
3245
3244
3240
3237
3236
3232
3231
3230
3220
3216
3211
3208
3207
3203
3197
3196
3195
3194
3192
3187
3186
3185
3182
3181
3174
3172
3170
3166
3165
3164
3157
3151
3145
3141
3139
3136
3134
3129
3120
3117
3116
3104
3102
3094
3086
3085
3081
3080
3077
3074
3070
3067
3064
3061
3058
3056
3052
3051
3049
3046
3045
3044
3040
3035
3031
3028
3026
3025
3022
3021
3018
3012
3009
3002
2999
2997
2995
2992
2990
2989
2988
2985
2984
2983
2980
2979
2978
2977
2970
2958
2957
2955
2950
2949
2948
2946
2945
2942
2938
2936
2935
2931
2925
2921
2918
2915
2912
2908
2906
2904
2903
2902
2898
2896
2891
2889
2886
2884
2881
2879
2874
2871
2867
2865
2861
2859
2850
2849
2847
2842
2839
2830
2824
2822
2815
2812
2811
2808
2807
2804
2803
2796
2794
2790
2788
2785
2781
2780
2778
2776
2775
2773
2772
2771
2763
2758
2749
2746
2739
2734
2731
2730
2729
2727
2720
2716
2713
2708
2706
2705
2700
2697
2695
2693
2688
2684
2680
2675
2669
2668
2664
1263
3278
3263
3258
3111
3020
2968
990
1713
1177
950
645
3222
3057
976
671
535
503
397
1759
1748
1640
929
1044
2605
2582
2544
2511
2491
2468
2436
2389
2343
2336
2333
2332
2315
2295
2282
2268
2267
2250
2224
2203
2163
2137
2134
2133
2128
2052
2042
2038
1945
1932
1916
1913
1801
1363
1855
1745
1385
1348
1633
956
171
1624
1190
1100
1134
1747
1896
1240
1606
1094
1798
1784
1042
1308
1139
1127
943
1829
1592
1587
1036
1284
1021
1884
1413
1785
1304
1010
1892
1629
955
1011
940
1903
1716
1082
1309
1168
1749
985
1667
1354
1838
1869
1781
1296
1259
1876
1686
1681
1188
924
1045
1704
1638
954
1889
1403
1423
389
1105
1899
1355
977
1636
1138
1236
1000
1880
1319
1216
1097
901
1306
1169
1131
1061
942
1906
