0
782
3994
3732
3742
81
3990
2817
4015
3807
1176
749
1224
2178
210
292
4029
607
3781
3407
1581
2094
1386
160
895
3268
3074
3582
27
44
1924
202
3897
2456
2167
3992
4033
4037
4035
4034
4012
4008
282
4005
2013
3942
2760
3844
912
472
43
2740
2799
1760
3724
3673
1119
1046
90
454
2380
1956
2621
1254
2269
585
245
216
1654
899
3865
674
256
775
174
379
1560
501
83
3006
642
3704
3887
2704
3183
4022
453
1445
4010
8
1693
447
798
2569
865
893
875
2722
215
860
854
846
3678
721
673
801
757
2788
35
61
71
327
540
154
429
233
182
2933
3905
1262
3970
961
656
117
75
911
3372
550
613
34
918
157
3765
234
11
3746
288
1690
3908
386
1150
1443
270
3457
209
1096
624
344
2079
3290
859
316
884
852
855
717
91
581
955
1252
1194
411
356
3952
3616
3699
3799
3647
3439
3848
3638
244
2541
2382
3055
3147
3127
2774
894
870
879
866
881
858
904
4025
4007
286
269
217
100
3954
3849
3996
3983
3999
3982
3995
4017
4026
4009
3998
4006
4016
3991
4018
4004
4000
3988
4021
3986
4019
4027
4013
3989
3985
4030
4014
4002
3997
3981
4038
3980
4023
4020
594
4031
4011
4032
4003
4036
4028
4001
3993
4024
3987
3984
857
890
871
887
874
872
785
886
702
832
888
882
789
689
869
811
878
863
876
790
746
736
712
892
885
873
868
867
864
776
690
756
710
715
777
848
707
691
751
889
753
732
791
725
711
761
738
806
735
696
720
804
743
844
796
714
697
794
880
769
708
758
839
774
861
856
817
765
745
850
816
813
742
726
807
779
709
698
695
853
843
808
784
773
759
752
737
849
847
842
838
835
829
828
827
826
780
754
693
755
803
834
797
793
781
764
719
687
845
840
821
815
771
727
724
723
701
694
851
837
836
833
831
830
825
823
822
820
819
818
814
812
810
809
805
802
800
795
792
787
786
778
772
768
767
766
762
760
748
747
741
740
739
734
733
731
730
729
728
722
716
713
706
703
700
705
824
783
763
750
718
688
686
799
770
704
841
788
891
877
692
744
883
699
3727
3922
3091
3429
3859
3916
3494
3716
3537
3910
3676
3585
3919
3695
3837
3949
3546
3536
3777
3524
3894
3694
3666
3936
3660
3825
2824
2671
3376
2752
2709
2898
3155
3167
2952
2899
3325
3311
2767
3153
3428
2961
3333
2884
2798
2926
3165
3424
3161
2811
3099
2744
2801
3282
2995
3912
3543
3589
3977
3876
3681
3973
3784
3539
3979
3619
3847
3583
3630
3963
3641
3607
3500
3767
3610
3854
3871
3510
3657
3584
3595
3567
3976
3890
3715
3833
3620
3960
3901
3907
3885
3655
3920
3783
3664
3964
3778
3773
3751
3735
3608
3553
3498
3789
3636
3747
3870
3617
3957
3836
3774
3759
3579
3519
3465
3768
3489
3772
3637
3763
3764
3562
3956
3602
3787
3508
3806
3679
3549
3447
3532
3883
3893
3818
3718
3568
3458
3696
3478
3523
3516
3481
3975
3899
3951
3463
3548
3892
3874
3743
3473
3739
3725
3445
3441
3761
3468
3947
3900
3668
3601
3896
3794
3754
3895
3758
3711
3646
3643
3631
3558
3515
3493
3864
3700
3834
3821
3535
3483
3863
3580
3531
3482
3945
3931
3786
3782
3466
3614
3867
3862
3710
3663
3599
3590
3505
3470
3442
3775
3814
3972
3915
3909
3752
3469
3513
135
306
195
181
273
218
193
2255
2548
2113
2527
2041
2162
2441
1974
2405
2245
2403
2158
2321
3555
3626
3343
2895
2517
2514
2651
2505
2584
2427
2230
2941
2687
2954
2841
2736
2962
3058
3007
2727
3124
2998
3312
3425
3401
2685
3338
3228
2861
3276
2826
3294
2889
2879
3398
2846
2812
3015
2858
3094
3109
2700
2686
3209
2825
3436
3194
2893
3216
2776
3042
2917
2731
2821
3418
2710
2791
3358
2843
3356
2989
2721
3128
2759
3368
2720
3013
2963
3273
3210
3177
2955
3269
2946
2746
3423
3139
3089
3422
3160
3382
3008
3102
2993
2891
3193
3163
3243
2852
3184
2854
3251
2902
2988
2835
3028
2997
3226
3092
3126
2949
2928
2909
3306
3400
3158
2749
3293
2850
2820
2697
3430
3047
2750
3384
2887
2702
2690
2667
3300
3229
2663
2784
3173
3174
2967
2761
2670
3393
3342
3341
2996
2705
2754
2983
3433
3213
3098
3040
2960
2956
2925
2877
2867
2864
3218
3200
3122
3105
3053
3135
2907
3037
3104
3045
2888
3417
3166
3073
3033
3026
3022
3014
3000
2994
2981
2969
2827
2745
2681
3364
3234
3025
2944
2896
2773
2698
2676
2666
3146
2674
3413
2810
3232
3065
3054
2974
2912
2911
2755
2689
2680
2679
3181
3131
3392
3231
3114
2890
3208
3050
2868
3224
2785
2959
2703
2751
3303
2706
3388
3304
3202
3149
3108
3085
3078
3004
2920
2916
2913
2905
2717
2664
2737
3286
3257
3237
3220
3090
3084
3080
2906
2809
2807
2756
2743
2741
2669
3324
3052
2777
2763
3148
2947
2938
2707
2738
2742
3359
2934
2830
3272
2882
3039
2965
3266
2957
2921
2682
2892
3292
3068
3207
2729
3395
3345
3038
2748
3360
3256
3169
2853
2753
2665
3192
3145
2783
2735
3379
3154
3133
3069
2829
2775
2711
3350
3240
2849
2793
3288
2716
3403
3182
3067
2950
2818
2701
3412
3377
3295
3111
2662
3416
3386
3349
3335
3235
3206
3049
2980
2939
3367
3112
2881
2734
3383
3337
3279
3249
3151
3072
2836
2832
2803
3138
3404
2675
3415
3321
3264
3241
3203
3176
3162
3075
3016
3002
3001
2990
2984
2779
2728
3307
3110
3046
2668
3274
2918
2730
3369
3365
3255
3233
3081
3032
2932
2865
3103
3003
3219
3136
3262
2958
2937
2708
3205
3012
2878
3196
3061
2823
2797
2733
3374
3157
3062
3051
3043
2718
3628
3497
3552
3503
3934
3891
3658
3462
3592
3850
3835
3769
3713
3685
3615
3689
3526
3629
3518
3712
3603
3661
3574
3566
3730
3654
3440
3533
3438
3485
3793
3714
3706
3690
3564
3486
3842
3873
3702
3731
3640
3790
3817
3898
3880
3813
3795
3755
3703
3683
3670
3479
3889
3886
3576
3525
3779
3674
3760
3477
3540
3926
3914
3869
3627
3512
3474
3464
3450
3913
3824
3804
3557
3542
3796
3737
3969
3967
3958
3955
3953
3950
3946
3944
3941
3940
3939
3937
3933
3932
3930
3927
3924
3923
3921
3918
3917
3911
3906
3904
3903
3881
3878
3868
3866
3857
3855
3845
3843
3840
3832
3829
3827
3826
3823
3822
3819
3815
3812
3811
3810
3809
3805
3802
3801
3800
3792
3791
3788
3785
3776
3771
3770
3766
3762
3753
3749
3744
3740
3738
3728
3726
3722
3720
3719
3708
3707
3705
3701
3698
3697
3691
3686
3682
3680
3675
3671
3669
3665
3662
3659
3653
3652
3649
3648
3645
3644
3639
3635
3634
3632
3624
3623
3622
3613
3612
3598
3597
3594
3593
3591
3587
3581
3572
3571
3569
3565
3560
3554
3547
3544
3541
3538
3534
3529
3528
3527
3511
3509
3507
3506
3502
3499
3492
3491
3490
3480
3476
3472
3467
3461
3460
3459
3455
3454
3453
3451
3446
3443
1061
2885
58
1759
1854
2185
301
309
139
320
328
275
78
319
6
294
150
250
87
99
333
340
221
131
347
96
222
59
298
317
109
60
5
323
293
289
628
582
2080
2217
1977
1996
2357
2049
2641
2481
2650
2019
2580
2523
2238
2034
2263
2486
2424
2181
2152
1934
2633
2277
1992
2291
2286
2166
1988
2534
2248
2173
1990
2450
2443
2422
2411
2342
1930
2281
2017
2036
1965
2639
2358
2222
2454
2262
2449
2493
1991
1914
2288
2466
2444
2316
2435
2429
2256
2432
2096
2540
2146
2448
2360
2051
1949
2628
2587
2105
2082
1922
2644
2260
2156
2008
2558
2063
2440
2402
2228
2265
2164
2170
2221
2418
2179
2524
2485
2210
2309
2383
2545
2350
2311
2303
2124
2469
1993
2391
2326
2073
2574
2393
2261
2067
1997
1986
2107
1975
2361
2236
2231
2091
1960
1937
2453
2012
1976
1968
2157
2016
2001
2631
2606
2590
2638
2624
2623
2542
2504
2476
2409
2387
2386
2103
2084
2046
2044
2020
1979
2513
2092
2659
2202
2097
2014
2503
1936
2646
2630
2579
2575
2550
2536
2499
2423
2376
2374
2276
2021
1963
2645
2620
2050
2000
2634
2487
2416
2602
2521
2492
2307
2278
2218
2213
2188
2154
2139
2078
1962
1953
2362
2182
2657
2585
2583
2159
1927
2577
2497
2488
2627
2061
2022
2011
2006
1995
1957
2655
2593
2573
2561
2553
2552
2464
2395
2369
2339
2331
2290
2287
2201
2172
2142
2123
2121
2064
2005
1943
2626
2494
2297
2004
1951
2586
2554
2551
2549
2546
2532
2526
2500
2495
2467
2433
2407
2404
2370
2359
2352
2308
2300
2275
2271
2229
2216
2206
2200
2165
2131
2118
2112
2108
2040
1984
1966
1938
2341
2251
464
3733
3600
3444
3530
3961
3925
3551
3504
1168
3411
3344
3316
3280
3204
3017
2904
2901
2833
2828
2780
2770
2765
2661
2725
2923
2688
1058
2322
2233
2145
2066
2095
2438
2392
1921
2274
2252
2324
1925
1972
2652
2235
2177
2018
1928
2473
2389
2608
2599
2377
2028
2582
2465
2163
2496
2149
2032
2603
2518
2501
2332
2298
2295
2544
2310
2242
1923
2612
2588
2259
2254
2224
2116
2057
2010
2468
2394
2062
2026
1970
2425
2318
2209
2141
2053
2031
2653
2567
2511
2428
2249
2232
2211
2161
2086
1994
1981
1964
1942
2537
2516
2434
2273
2246
2151
2137
2087
2081
2029
2538
2461
2365
2196
2143
1973
1948
1940
2625
2615
2611
2600
2597
2564
2560
2539
2507
2482
2462
2458
2420
2410
2408
2381
2363
2355
2348
2347
2334
2323
2257
2239
2184
2111
2101
2099
2093
2088
2065
2054
2052
2033
1985
1947
1926
1918
2400
2312
2555
2351
2319
2293
2264
2194
2135
2047
2042
1945
2999
2914
3389
3327
2771
3373
3355
3332
3302
3252
3188
3185
3179
3150
3140
3115
3113
3097
3070
3027
2992
2979
2936
2796
2787
2781
3435
3434
3431
3427
3426
3421
3420
3419
3414
3405
3402
3399
3396
3394
3391
3390
3387
3381
3380
3378
3375
3371
3370
3363
3362
3357
3354
3353
3352
3351
3348
3347
3346
3340
3339
3336
3334
3330
3329
3326
3323
3322
3320
3318
3317
3315
3314
3310
3309
3308
3305
3301
3299
3298
3297
3296
3291
3289
3287
3284
3283
3281
3277
3275
3270
3267
3265
3260
3259
3254
3253
3250
3247
3246
3244
3242
3239
3238
3236
3230
3227
3225
3221
3217
3215
3212
3211
3199
3198
3197
3195
3191
3190
3189
3187
3186
3180
3175
3172
3170
3159
3156
3152
3144
3142
3141
3137
3132
3130
3129
3125
3123
3121
3120
3119
3117
3116
3107
3106
3096
3095
3093
3088
3087
3086
3083
3082
3077
3076
3066
3064
3063
3060
3059
3056
3048
3044
3041
3036
3035
3031
3030
3029
3024
3023
3021
3019
3018
3010
3009
2991
2987
2986
2985
2982
2978
2977
2976
2975
2973
2972
2970
2966
2953
2948
2945
2943
2942
2940
2935
2931
2930
2929
2927
2924
2922
2919
2915
2910
2908
2900
2897
2894
2886
2880
2876
2875
2874
2873
2872
2871
2870
2866
2862
2859
2856
2855
2851
2848
2847
2845
2844
2839
2837
2834
2831
2822
2819
2816
2815
2808
2806
2805
2802
2800
2794
2792
2790
2789
2786
2782
2778
2772
2769
2766
2762
2757
2747
2732
2726
2723
2719
2715
2712
2699
2696
2695
2694
2693
2692
2691
2684
2683
2673
2672
3331
3168
2869
2724
3328
3245
3057
3005
3263
3258
3100
3285
3223
2739
2713
3406
3397
3385
3366
3319
3313
3261
3118
2863
2840
3214
3178
3171
2951
2795
2768
2758
2677
3164
2838
1579
1713
1016
1822
956
1749
3409
3079
3020
3011
2968
2964
2883
2678
1477
1193
3966
3962
3902
3838
3672
3611
3605
3573
3559
3488
3475
3471
3452
3888
3522
3550
3521
3852
3563
3858
3621
3495
3736
3692
3667
3556
3520
3496
3484
3968
3943
3928
3860
3693
3687
3677
3596
3586
3578
862
3948
3929
3828
3780
3656
3642
3625
3545
3517
3501
3448
3803
3971
3938
3884
3851
3841
3831
3830
3756
3750
3734
3651
3618
3609
3604
3514
3449
3437
1719
970
1762
1640
928
1301
1144
1038
1856
1498
950
1387
1031
1133
1851
1731
1681
1106
1651
1000
1797
1045
1401
920
2543
2512
2463
2451
2399
2344
2343
2330
2325
2294
2198
2180
2176
2155
2153
2148
2068
1005
1748
1244
1428
1308
1121
945
1906
974
1724
1632
1802
1077
1073
1829
1453
1152
935
1022
1414
1015
682
598
657
621
1738
1646
1030
162
324
14
238
84
284
108
85
161
65
63
206
130
337
132
149
28
262
115
325
274
31
314
231
211
118
92
254
187
205
49
229
346
251
197
159
127
36
133
296
263
227
68
103
137
121
4
176
13
219
89
2647
2643
2640
2636
2635
2629
2502
2491
2475
2445
2417
2337
2279
2223
2199
2171
2071
2027
2009
246
120
142
208
188
125
50
77
140
2
214
93
39
295
128
98
266
330
180
24
259
201
164
25
225
249
213
9
258
170
299
1
113
342
334
315
308
290
285
280
265
203
156
141
69
66
56
3
302
204
53
48
278
303
312
20
339
322
178
143
310
331
247
106
82
40
304
297
277
276
248
239
236
232
224
186
172
158
134
122
62
21
237
7
144
41
19
662
584
659
658
647
605
597
625
670
665
661
643
640
599
615
595
681
627
600
578
399
351
198
1776
910
664
619
603
653
636
163
1188
2660
2658
2656
2654
2649
2648
2637
2632
2622
2619
2618
2617
2614
2613
2610
2609
2607
2604
2601
2596
2595
2594
2591
2581
2578
2576
2572
2571
2570
2566
2565
2563
2562
2559
2557
2556
2535
2531
2530
2528
2525
2522
2520
2515
2506
2490
2489
2484
2480
2479
2478
2477
2474
2472
2470
2460
2459
2455
2452
2447
2446
2439
2437
2436
2431
2430
2426
2415
2414
2413
2412
2406
2401
2397
2396
2390
2388
2385
2384
2379
2378
2375
2373
2372
2371
2367
2366
2364
2356
2354
2353
2349
2346
2345
2340
2338
2336
2335
2329
2328
2320
2317
2315
2314
2313
2306
2305
2304
2301
2299
2296
2289
2284
2283
2280
2272
2270
2266
2258
2253
2247
2244
2243
2240
2237
2234
2227
2226
2225
2220
2219
2215
2214
2212
2208
2207
2205
2197
2195
2193
2192
2190
