0
4037
4035
241
1326
215
256
3846
892
3885
2857
2569
602
12
42
2855
4022
3984
2565
192
899
1038
775
74
286
1022
138
2470
358
260
2178
379
305
234
1558
164
401
267
216
4029
2596
35
1586
11
3853
157
294
2528
4006
1224
3071
2740
1065
642
2431
3688
3717
668
2269
624
1176
3709
1394
1581
3282
613
585
1924
2595
674
43
4010
1276
875
743
750
699
891
883
3489
2817
865
3935
3910
3807
581
904
1046
4001
757
33
3801
3746
233
1253
1202
1071
49
255
4036
4028
4025
4007
3991
3994
4003
4031
4019
3998
4038
4027
4024
4020
4016
4013
4011
4005
4002
3999
3996
3993
3990
3989
3985
3983
3982
3981
4023
4021
4018
4009
4004
3997
3988
3992
3995
4033
4014
3980
4030
4017
4000
3986
4026
4034
4032
4015
4012
3987
594
667
4008
893
689
858
887
851
855
844
744
785
884
788
796
700
836
707
783
765
716
854
839
755
767
712
736
797
835
807
764
730
732
831
812
837
778
833
822
782
821
792
777
770
701
889
881
870
874
876
861
804
729
803
709
828
826
754
723
880
687
762
752
705
760
741
869
753
853
845
820
817
813
758
751
738
726
696
695
842
834
824
819
799
794
787
718
697
856
852
850
849
848
847
846
843
841
838
832
829
827
825
818
816
815
814
811
809
808
806
805
802
801
795
793
791
790
789
786
784
781
780
779
776
774
773
772
771
768
766
763
761
759
756
748
747
746
742
740
739
737
735
734
733
731
728
727
725
724
722
721
720
717
715
714
713
711
710
708
706
704
703
702
694
693
692
691
690
688
3588
3447
3494
3922
3808
3914
895
894
890
888
886
885
882
879
878
877
873
872
871
867
866
864
863
840
830
823
810
800
798
769
745
719
686
3855
3520
3805
3679
3809
3783
3513
3854
3848
3571
3916
3694
3736
3560
3843
3781
3445
3963
3890
3509
3844
3826
3718
3896
3767
3763
3975
3836
3465
3964
3701
3579
3476
3565
3727
3606
3954
3912
3539
3923
3749
3647
3638
3616
3439
3870
3591
3569
3598
3967
3791
3759
3708
3519
3958
3864
3700
3502
3636
3652
3901
3537
3868
3628
3479
3816
3643
3920
3655
3587
3500
3523
3787
3978
3893
3478
3574
3862
3567
3924
3463
3863
3580
3594
3706
3486
3764
3645
3558
3506
3534
3942
3762
3810
3794
3778
3470
3905
3682
3662
3897
3622
3468
3915
3614
3919
3695
3613
3481
3913
3670
3635
3511
3487
3758
3617
3835
3728
3711
3680
3646
3584
3458
3894
3814
3771
3624
3546
3446
3627
3821
3754
3690
3524
3917
3874
3871
3857
3541
3538
3644
3508
3505
3738
3474
3464
3459
3937
3583
3956
3945
3931
3881
3829
3786
3768
3761
3630
3602
3601
3515
3443
3880
3673
3573
3838
3640
3977
3936
3907
3802
3722
3715
3713
3705
3685
3663
3615
3597
3590
3526
3949
3536
3074
3455
3731
3683
3462
3790
3491
3547
3852
3712
3522
3888
3847
3544
3804
3796
3656
3533
3841
3618
3512
3540
3492
3521
3889
3884
3842
3684
3484
3962
3831
3824
3800
3703
3693
3604
3449
857
3780
3600
3596
3948
3779
3517
3495
868
698
3566
3742
3726
3496
3979
3976
3974
3973
3972
3971
3970
3969
3968
3966
3965
3960
3957
3955
3953
3952
3951
3950
3947
3944
3941
3940
3939
3938
3934
3933
3932
3930
3929
3928
3927
3926
3925
3921
3918
3911
3909
3908
3906
3904
3903
3902
3900
3899
3898
3895
3892
3891
3887
3883
3882
3879
3878
3876
3873
3869
3867
3866
3865
3860
3859
3858
3850
3849
3845
3840
3839
3837
3834
3833
3832
3830
3828
3827
3825
3823
3822
3820
3819
3818
3817
3815
3813
3812
3811
3806
3803
3799
3795
3793
3792
3789
3788
3785
3784
3782
3777
3776
3775
3774
3773
3772
3770
3769
3766
3760
3757
3756
3755
3753
3752
3751
3748
3747
3745
3744
3743
3740
3739
3737
3735
3734
3733
3732
3730
3725
3724
3720
3719
3716
3714
3710
3707
3702
3698
3697
3696
3692
3691
3689
3687
3686
3681
3678
3675
3672
3671
3669
3668
3667
3666
3665
3664
3661
3660
3659
3658
3657
3654
3653
3649
3648
3642
3641
3639
3637
3634
3632
3631
3629
3626
3625
3623
3621
3620
3619
3612
3611
3610
3609
3608
3607
3605
3603
3599
3595
3593
3589
3586
3585
3582
3581
3578
3576
3575
3572
3570
3568
3564
3563
3562
3561
3559
3557
3555
3554
3553
3552
3551
3549
3548
3545
3543
3542
3535
3532
3531
3530
3529
3528
3527
3525
3518
3516
3514
3510
3507
3504
3503
3499
3498
3497
3493
3490
3488
3485
3483
3482
3480
3477
3475
3473
3472
3471
3469
3467
3466
3461
3460
3457
3454
3453
3452
3451
3450
3448
3442
3441
3438
3268
3401
2893
3227
3197
3309
3088
2837
3092
3024
3127
3218
2727
3428
3143
3421
3317
3269
3030
3125
2900
2824
3367
3200
3235
2860
3196
2972
3323
3159
2840
2870
3153
3423
2933
2961
2995
3429
3427
3376
3018
2942
3042
3402
3369
3156
2801
3122
2799
2889
3430
3394
3405
3203
3352
3260
3089
3144
2825
2852
2874
3208
2715
3209
3378
2794
3246
2758
3331
3044
2684
3419
3377
2691
2975
3300
2666
3326
3148
3356
3039
3105
3055
3119
3192
2958
2709
3239
3151
3094
3315
3237
3238
2888
2887
3163
3014
2911
2862
2850
2746
2741
2673
3093
2878
3041
3384
2809
2798
2771
3165
2808
3372
3251
3181
3180
3131
2873
3365
3110
3114
3036
3025
2977
2928
2915
2766
2698
3392
3231
3229
2899
2890
3415
3273
3133
2934
3344
3297
3281
3267
3170
3079
2936
3064
3371
3241
3176
3103
3240
2853
2851
2807
2663
2845
2672
3414
3362
3294
3293
3234
3000
2927
2891
2749
3129
3054
2924
3341
2739
3373
3292
2696
3213
2920
3364
2988
2956
2948
2940
2919
2786
2777
2881
2803
2759
3417
3387
3158
2943
2867
2810
2757
2750
2683
2681
2680
2679
3404
3217
3034
2932
3295
3068
2737
2692
3426
3390
3363
3339
3232
3193
3149
3142
3108
3010
2994
2986
2985
2944
2866
2815
2745
2669
2664
2721
3283
2879
2834
2703
3380
3307
3279
3099
3050
2711
3207
3051
2804
3416
3406
3391
3351
3277
3274
3038
2914
2876
648
665
576
582
633
675
643
632
628
595
578
575
681
670
615
453
356
386
377
2382
2017
351
3393
3178
3171
2790
3067
3157
3117
3107
3043
3027
3355
3330
3320
3265
3206
3120
3116
3021
2904
2863
2742
2935
2675
3289
2955
2818
3275
3219
3187
3169
3167
3136
2843
2819
2744
2735
2941
3424
2898
2841
2836
2700
2784
2780
2714
3223
3319
3069
2903
3072
3061
3020
2951
2716
2685
2665
3161
3350
3332
3280
3247
3154
3150
3113
2970
2849
2674
3298
3287
3182
3172
3118
3060
2973
2701
3412
3233
2962
2775
3420
1252
955
3943
3886
3877
3872
3851
3797
3750
3741
3721
3677
3674
3651
3633
3592
3577
3556
3550
3501
3456
3440
862
3386
3005
2964
2764
3328
2678
1476
1430
987
1640
996
1134
1354
1797
588
685
636
589
672
653
619
573
684
630
626
623
612
605
603
598
682
678
660
631
663
621
472
654
384
3961
3861
3723
3437
1690
1762
380
382
381
528
680
568
530
474
470
1853
679
555
504
529
466
543
392
372
634
416
375
365
495
452
451
360
3335
3221
2901
2747
2718
3436
3435
3434
3433
3431
3425
3422
3418
3411
3410
3409
3408
3407
3403
3400
3399
3398
3397
3396
3395
3389
3388
3383
3382
3381
3379
3375
3374
3370
3368
3366
3360
3359
3358
3357
3354
3353
3349
3348
3347
3346
3345
3343
3342
3340
3338
3337
3336
3334
3333
3329
3327
3325
3324
3322
3321
3318
3316
3314
3313
3312
3311
3310
3308
3306
3305
3304
3303
3302
3301
3299
3296
3291
3290
3288
3286
3285
3284
3276
3272
3271
3270
3266
3264
3262
3261
3259
3258
3257
3256
3255
3254
3253
3252
3250
3249
3244
3243
3242
3236
3228
3226
3225
3224
3220
3216
3215
3214
3212
3211
3210
3205
3204
3202
3199
3198
3195
3194
3191
3190
3189
3188
3186
3185
3184
3183
3177
3175
3174
3168
3166
3162
3160
3155
3152
3147
3146
3145
3141
3140
3139
3138
3137
3135
3132
3130
3128
3126
3124
3123
3121
3115
3112
3111
3109
3106
3104
3102
3101
3100
3098
3096
3095
3091
3090
3087
3086
3085
3084
3083
3082
3081
3080
3078
3077
3076
3075
3073
3070
3066
3065
3063
3062
3059
3058
3056
3053
3052
3049
3048
3047
3046
3045
3040
3037
3035
3033
3032
3031
3029
3028
3026
3023
3022
3019
3017
3016
3015
3013
3012
3011
3009
3008
3007
3004
3002
3001
2998
2997
2996
2993
2992
2991
2990
2989
2987
2984
2983
2982
2981
2980
2978
2974
2969
2967
2966
2965
2963
2960
2959
2957
2954
2953
2952
2950
2949
2947
2946
2945
2939
2937
2931
2930
2929
2926
2925
2923
2921
2918
2917
2916
2913
2912
2910
2909
2908
2907
2906
2905
2902
2897
2896
2895
2894
2892
2886
2884
2882
2880
2877
2875
2872
2871
2869
2868
2865
2864
2861
2859
2858
2856
2854
2848
2847
2846
2844
2842
2839
2835
2833
2832
2831
2830
2829
2828
2827
2826
2823
2822
2821
2820
2816
2812
2811
2806
2805
2802
2800
2797
2796
2795
2793
2792
2791
2789
2788
2787
2785
2783
2782
2781
2779
2778
2776
2774
2773
2772
2770
2769
2768
2767
2765
2763
2762
2761
2760
2756
2755
2754
2753
2752
2751
2748
2743
2738
2736
2734
2733
2732
2731
2730
2729
2728
2726
2724
2723
2722
2720
2719
2717
2713
2712
2710
2708
2707
2706
2705
2702
2699
2697
2695
2694
2690
2689
2688
2687
2686
2682
2676
2671
2670
2668
2667
2662
2661
3003
2885
2704
1486
671
666
664
662
661
659
658
657
656
650
647
640
638
635
627
625
622
617
611
608
607
600
599
597
593
592
590
587
583
579
577
572
571
570
569
562
552
540
535
533
532
522
518
509
501
499
498
491
480
478
468
464
454
449
445
437
433
429
418
411
407
406
399
393
385
383
371
362
349
2380
2527
2441
2403
2490
2486
2621
2456
2439
2263
2119
2051
2041
1934
2089
2651
2375
2514
2256
2228
2316
2023
2255
2523
2114
1915
2373
1975
1960
2421
2558
2450
2113
2535
2371
2260
2160
2105
2070
2120
2236
2580
2411
2286
2066
2311
2288
1977
2204
2182
2013
2287
2644
2397
2077
2466
2444
2207
2076
2591
2482
2513
1950
2497
2505
2453
2454
2387
2104
1943
2049
2386
2370
2350
2112
2301
2181
2428
2258
2540
2631
2443
2234
2044
2388
2314
2035
2577
2360
2085
2553
2552
2507
2504
2164
2122
2037
1971
2493
2452
2455
2424
2129
2107
2564
2536
2339
2308
2172
2140
2124
2074
2056
1963
2624
2576
2550
2520
2492
2462
2433
2391
2352
2326
2299
2290
2271
2165
2136
2108
2088
2084
2059
1993
1979
1953
1929
2392
2162
2358
2342
2230
2270
2432
1254
564
476
441
364
264
1865
1419
1193
1087
910
3432
2813
1239
3222
3164
1749
1005
1270
935
3097
3057
3201
2999
2938
2725
1027
1196
1057
1674
970
1769
1905
3385
3361
3278
3248
2979
2883
2693
1552
1546
1226
1654
3263
3245
3179
2976
2968
1055
912
1157
1532
1463
1268
1801
1050
1615
1880
1701
1561
1759
1034
1836
1091
1585
1508
1362
1353
1177
1103
1356
1887
988
1588
1307
1682
1244
1511
1439
1700
1405
1851
1705
1144
2677
1387
1297
1151
1246
1901
1039
1667
1053
1533
1830
1263
1030
1360
1601
1468
1803
1301
1085
1292
1437
1198
1393
1008
1181
1443
1077
1092
1681
1188
1042
943
947
1015
1896
1384
1348
1213
1542
1862
1413
1433
1495
1489
1666
1513
1220
1164
1530
1501
1458
1578
1713
1131
1650
1633
1529
1308
1459
1021
1741
1641
1840
1346
1772
1470
1388
1280
1180
1630
1492
1634
1090
1662
1856
1644
1460
1874
1535
1391
1475
1448
1423
1104
1505
1461
1321
990
1359
1850
1818
1364
913
1891
1843
1626
1149
1826
1737
1556
1457
1449
1351
1335
1017
1428
1089
1062
1802
1747
1232
1527
1488
1123
1101
1006
926
1598
1519
1447
1409
1402
1285
1207
1107
1857
1691
1636
1392
1379
981
902
979
1066
1842
1722
1670
1604
1517
1243
1201
1056
932
1572
1516
1806
1274
1537
1337
908
1660
1565
1526
1464
1815
1249
1072
977
1812
1404
1316
1020
1794
1635
1582
1462
1281
1273
1109
1566
1497
1342
1154
1106
1721
1668
1610
1491
1456
1376
1146
1079
1704
1503
1829
1494
1061
1906
1781
1709
1482
1412
1366
1236
1159
1127
1035
974
1178
961
1909
1858
1839
1817
1805
1130
991
897
1845
1833
1793
1765
1683
1669
1663
1603
1589
1570
1509
1467
1377
1341
1135
1124
995
927
1860
1792
1871
1848
1703
1686
1569
1531
1469
1444
1418
1396
1309
1260
1241
1225
1166
1121
1108
984
965
938
1900
1849
1835
1809
1746
1637
1632
1471
1399
1361
1305
1290
1288
1255
1230
1214
1211
1076
1004
999
946
1897
1766
1763
1671
1602
1425
1453
1877
1816
1811
1652
1622
1551
1222
1199
1059
1787
1629
1493
1378
1895
1733
1568
1452
1118
992
958
1136
1442
1824
1454
1406
1373
1102
1099
969
919
1875
1859
1841
1786
1783
1647
1595
1576
1573
1550
1502
1426
1381
1303
1282
1257
1235
1231
1100
1081
1067
1014
1007
1023
1548
1210
1183
1110
1012
905
641
644
629
422
1828
1720
1322
1086
1019
677
655
639
620
618
616
609
584
574
1777
1070
645
546
541
534
510
485
477
455
431
425
421
415
405
397
357
1800
1791
1768
1754
1688
1584
1540
1407
1329
1278
1250
1075
993
1543
1095
580
537
462
409
368
1694
1677
1506
1408
1238
1217
1114
1080
560
536
515
503
494
479
440
420
398
352
350
1882
1844
1435
930
567
565
556
544
521
442
439
403
390
388
355
1574
1536
683
669
651
561
558
549
512
508
507
506
500
497
463
444
402
387
1545
1507
1415
1275
1037
949
554
551
516
505
486
469
459
457
435
424
369
1487
1357
1179
676
673
652
646
614
610
604
591
586
559
557
553
547
545
542
538
531
527
525
523
520
519
514
511
502
490
489
488
487
481
473
471
465
461
458
456
450
432
426
423
419
413
412
410
396
394
378
373
370
367
361
359
354
1790
1740
1692
1658
1549
1514
1427
1320
1155
1142
976
936
637
566
548
539
524
513
496
493
492
483
482
460
446
438
436
434
430
417
408
404
400
395
391
374
363
353
3173
1684
171
427
414
348
34
97
321
152
296
120
316
2654
2630
2625
2615
2611
2606
2604
2602
2593
2590
2579
2542
2467
2408
2363
2329
2323
2309
2300
2275
2257
2220
2212
2150
2139
2123
2118
2109
2073
2033
2030
2020
1997
1983
1938
1952
1999
2055
2448
2440
2362
2175
2406
