107
794
4030
1276
42
1560
3925
2792
190
1270
3691
3218
143
1581
15
1417
1240
3560
61
1762
3985
191
4028
4027
674
2634
97
1233
638
301
733
138
218
550
3183
2535
2380
1111
311
3704
851
74
2788
899
3742
286
3652
607
2106
401
12
846
911
288
464
608
1071
1466
3436
244
841
2079
215
1034
4008
692
1096
1430
3942
2857
1194
1937
3666
293
585
2281
8
3006
2814
35
296
1053
3375
3094
3105
1176
3746
929
399
3827
1776
3834
3775
1239
2842
3859
3467
155
3992
3991
4013
868
3946
117
47
883
1208
668
1486
3407
173
2596
207
71
3451
202
2168
3589
3055
3965
10
691
145
250
4011
1760
86
160
3807
4033
937
442
1834
2230
309
282
2470
652
3813
1797
4001
889
233
4010
44
112
4015
2456
3987
259
2113
4035
761
832
877
777
700
869
885
881
865
788
3854
521
1386
3121
3317
2263
2903
552
3268
3548
152
1134
1627
3131
965
43
3500
3606
1930
3408
3282
3935
1498
3235
3502
3751
90
1996
321
2441
3811
241
1693
114
910
956
1145
300
3389
3723
648
3270
498
1713
3532
2899
1362
1346
1264
2595
2580
206
3370
3489
3798
3619
2824
3537
3134
3689
2357
209
3315
3155
2195
685
210
448
1023
624
377
2952
11
411
2269
2513
3801
945
217
3588
1103
998
2902
3181
2732
2930
2217
2375
245
2382
166
307
1105
3781
157
1657
3251
3200
193
2015
1046
1202
384
785
386
3665
81
3954
3849
1368
909
1788
1030
1043
2487
2481
275
195
78
306
328
273
181
182
2421
2041
4038
3996
264
110
91
240
23
227
1394
1353
987
1203
68
46
278
131
99
177
225
2975
2799
2776
3354
3053
3216
3141
3122
2861
3271
1711
229
2691
3037
3551
33
3983
4017
4026
4014
4021
4025
4000
4003
3998
3982
4004
4002
3999
3990
3986
3984
3997
3981
4031
4019
3994
3980
4034
4018
4009
4023
3989
4006
4020
3993
3995
4037
4029
4012
3988
594
4007
4016
4032
4024
4022
4036
4005
894
863
744
844
876
812
750
779
735
839
890
740
756
765
748
826
792
859
895
870
866
879
888
737
886
782
873
872
764
847
726
711
710
815
880
795
848
693
789
729
799
701
754
820
837
835
780
770
753
791
786
728
849
797
783
755
830
800
772
762
731
719
690
850
806
689
722
738
694
687
836
749
739
827
747
724
706
705
697
829
778
784
766
808
803
793
790
718
814
838
742
736
892
891
878
874
871
861
811
810
805
804
776
708
703
842
823
774
695
853
834
828
821
752
751
723
713
714
702
856
845
843
840
833
831
825
824
819
818
817
816
813
809
807
802
787
781
773
771
769
768
760
759
758
757
746
745
743
741
734
727
721
720
716
715
709
707
698
696
688
822
686
767
852
712
725
730
867
887
858
717
732
893
882
855
854
704
699
796
763
864
884
875
860
801
798
775
857
319
201
102
95
70
327
151
3700
3952
3579
3894
3939
3905
279
57
302
267
230
89
137
262
144
226
312
2
194
266
135
101
338
3641
3769
3607
3749
3892
3616
3678
3632
3857
3445
3759
3638
3815
3694
3757
3957
3918
3675
3910
3806
3963
3679
3662
3716
111
28
320
197
175
58
346
256
94
253
19
326
167
149
115
41
20
219
7
330
317
242
204
196
180
92
24
1
73
314
178
16
80
65
184
126
2752
2852
2245
1961
38
153
290
281
127
36
297
79
159
249
168
258
231
82
276
29
344
274
121
239
283
83
51
39
211
3893
3655
3818
3695
3523
3792
3659
3583
3631
3566
3623
3555
3536
3754
3462
3778
3698
3713
3747
3508
3657
3538
3823
3789
3669
3541
3575
3844
3715
3564
3782
3920
3791
3802
3912
3567
3473
3610
3949
3868
3743
3951
3571
3636
3569
3519
3933
3903
3810
3646
3932
3482
3472
3896
3876
3710
3599
3468
3766
3696
3865
3553
3867
3975
3809
3836
3774
3701
3624
3580
3531
3546
3799
3513
3600
337
336
310
299
294
289
284
269
263
254
246
243
237
228
216
214
189
187
186
163
162
147
139
130
120
116
96
93
84
76
60
59
50
32
17
14
6
3
165
260
129
22
331
53
48
176
133
85
30
236
55
298
238
222
268
124
75
329
324
45
213
31
315
148
285
158
98
72
54
295
265
257
188
134
118
69
62
345
334
272
161
123
108
88
40
3067
3159
3151
2812
2990
3030
2900
3325
2834
3099
2790
2922
3217
2818
3222
3244
2703
3283
3221
3328
3043
3012
3249
3402
3128
3266
2794
3133
3392
2967
3269
3042
3044
2671
3057
3009
3292
2858
3041
3069
3399
3227
3135
2771
3093
3313
3390
2731
2907
2827
2917
3092
3036
2798
2726
3258
3429
3425
3418
3358
2051
2466
1992
2301
2094
322
142
87
66
323
280
277
251
235
224
156
104
9
5
172
341
325
304
303
291
261
252
232
223
221
212
203
185
169
141
113
25
13
2548
2100
3612
3776
3478
3777
3601
3855
3668
3458
3506
3947
3784
3620
3558
3833
3463
3572
3493
3744
3516
3898
3613
3479
3958
3584
3535
3455
3779
3592
3973
3924
3870
3758
3714
3591
3483
3955
3803
3711
3499
3866
3603
3503
3485
3780
3574
3593
3900
3768
3515
3825
3812
3645
3534
3967
3738
3540
3817
3656
3438
3772
3934
3908
3773
3921
3862
3735
3728
3936
3840
3618
3615
3598
3556
3492
3663
3505
3573
3889
3873
3627
3471
3707
3916
3841
3525
3839
3788
3712
3522
3917
3871
3595
3979
3974
3969
3960
3959
3937
3931
3927
3923
3922
3919
3911
3907
3904
3901
3897
3890
3887
3883
3878
3874
3872
3863
3848
3843
3842
3837
3835
3828
3821
3819
3816
3814
3795
3786
3783
3763
3755
3753
3740
3739
3733
3732
3727
3725
3718
3708
3705
3699
3688
3685
3664
3660
3650
3648
3647
3644
3643
3630
3629
3626
3622
3614
3587
3581
3562
3559
3544
3539
3526
3512
3498
3484
3476
3465
3461
3447
3446
3441
3439
3852
3440
3767
0
342
339
332
318
313
271
248
200
199
170
150
132
128
109
105
100
67
27
26
21
2697
3164
3349
3275
3103
3405
2684
3260
3340
3186
2802
3083
2997
2933
2856
1073
2779
3307
2768
2737
2665
3273
2870
3039
3189
3112
3394
3080
2809
3170
3048
3167
3013
3096
2819
3424
3366
3110
2736
3386
3281
3188
2797
2982
2972
2670
3393
3382
3398
3045
2769
3234
3331
2869
3326
2816
2718
2815
3329
2868
2929
3197
3215
2803
3173
2914
3337
2796
2996
2954
3419
3278
3225
2939
2894
2770
3021
2783
3180
2848
3062
2813
2976
2964
3072
3229
2789
2905
3342
2875
3430
3139
2888
3384
2915
3298
2791
2833
2823
2733
3228
3028
3345
2846
2908
3364
3010
3365
3380
3296
3198
3192
2895
2882
2873
3246
3245
3223
3154
2962
2775
2778
2901
3163
2993
2746
2741
3301
3047
2804
3130
3391
3355
3344
3239
3416
3106
3423
3309
2889
2879
2699
3011
2772
3346
3196
2999
3421
3299
3075
2825
2692
3395
3144
3060
2871
2780
3066
2983
3187
3136
3107
3401
3376
3338
2911
2676
3360
3267
3212
3206
3016
3126
2949
3272
3152
3433
2928
2919
3174
3090
2891
2745
3081
3050
2831
2747
2931
3259
3208
3097
2946
2832
2667
3417
3238
2927
2689
3003
3140
2898
3334
2724
3377
3350
3277
3265
3261
3148
3132
2936
2941
2766
3257
3231
3025
2837
3237
2880
2723
2715
3431
3240
3109
2849
2687
3116
3049
2674
3339
3166
3084
3004
2977
2953
2786
2664
3318
3169
3102
2913
2864
2810
2679
3255
3426
3213
2961
2690
3400
3362
3195
3078
3029
3022
2906
2874
2850
2835
2717
2673
3232
3108
2988
2940
2909
2897
2800
2755
3435
3158
3073
2945
2943
3285
3207
3176
3138
2795
2668
3091
3353
3087
3396
3297
3204
3201
3179
3120
2991
2753
2701
2672
3406
3347
3291
3280
3191
3038
2859
2742
3434
3411
3335
3321
3150
2853
3162
2923
2921
2748
2978
2851
2663
3015
3397
3145
2938
3414
3363
3303
3193
2920
2777
2749
2694
3304
2916
2680
3387
3324
3119
3064
3052
3026
2960
2912
2890
2877
2782
2729
2666
3295
3248
2751
3056
2969
2862
2756
2683
2688
3404
2843
2702
3274
3226
3184
3149
3142
3129
3098
3085
3054
3000
2994
2974
2966
2956
2944
2910
2896
2872
2757
2738
3351
3252
3172
3146
3070
3035
2937
2863
2793
3256
3253
3236
3219
3101
2934
2918
2844
2744
2735
2760
3797
3654
3693
3586
3517
923
3621
577
2558
2439
2105
2444
1924
2632
2515
2442
2251
2070
2349
2170
2490
2432
2599
2544
2044
1977
2562
2089
2023
2335
2019
2234
308
146
122
103
56
2383
2014
2621
2422
2360
2114
2534
2048
2656
2505
2265
2185
1974
3764
3964
3771
3529
3466
3976
3945
3822
3511
3509
3561
3443
3914
3703
3667
3906
3826
3794
3706
3602
3486
3913
3884
3687
3721
3970
3943
3765
3736
3717
3651
3649
3639
3594
3563
3481
3838
3681
3635
3719
3671
3524
3948
3944
3929
3734
3590
3501
3480
3477
3930
3661
3448
3824
3762
3832
3888
3886
3847
3760
3692
3533
3785
3895
3793
3690
3680
3568
3926
3880
3543
3683
3518
3804
3800
3670
3642
3611
3596
3528
3514
3542
3966
3938
3877
3845
3640
3576
3452
3881
3829
3634
3510
3460
3459
3761
3474
3962
3796
3684
3625
3545
3491
3456
3697
3457
3968
3609
3495
3850
3608
3521
3442
3940
3928
3891
3851
3702
3527
3475
3450
3504
3950
3677
3628
3437
3971
3470
2298
119
443
476
1445
2221
2175
2166
2310
2295
2249
1952
3379
3077
2942
2881
2820
3288
2995
1599
985
3263
1564
979
1656
951
3082
2784
3415
3412
3359
3203
3168
3113
3076
3068
3051
2845
2758
2739
2682
2662
3302
3287
3254
3214
3165
3017
2965
2734
3361
2693
3205
2979
3111
3020
2968
1822
1534
1450
1325
1905
3241
3086
2730
2713
3002
2840
2686
3428
3427
3422
3410
3403
3388
3383
3381
3378
3374
3373
3372
3371
3369
3368
3367
3357
3356
3352
3348
3343
3341
3336
3332
3330
3327
3323
3322
3320
3319
3316
3314
3312
3311
3310
3308
3306
3300
3294
3293
3289
3286
3284
3279
3276
3264
3262
3250
3247
3243
3242
3224
3220
3211
3210
3209
3202
3199
3190
3185
3182
3178
3177
3171
3161
3160
3157
3156
3153
3137
3124
3123
3118
3117
3115
3114
3104
3100
3095
3089
3088
3079
3065
3063
3061
3059
3058
3046
3040
3033
3032
3027
3024
3023
3018
3014
3008
3007
3001
2992
2989
2987
2986
2985
2984
2981
2973
2970
2959
2958
2957
2955
2951
2950
2948
2947
2935
2932
2926
2925
2924
2904
2887
2886
2883
2878
2876
2867
2866
2865
2860
2854
2841
2839
2838
2836
2830
2829
2828
2822
2821
2807
2806
2787
2785
2781
2773
2767
2765
2763
2762
2761
2759
2754
2750
2743
2728
2727
2721
2720
2719
2716
2714
2712
2711
2710
2709
2708
2707
2706
2705
2704
2698
2696
2685
2681
2677
2675
2669
2661
3385
990
1061
1434
1050
950
1218
1016
955
1254
3741
3633
3577
1178
862
1038
1249
1747
1319
1601
958
970
1511
1251
1441
1150
1008
1186
938
1869
576
582
622
675
583
643
406
379
2627
2364
1981
2628
2119
2605
2228
2519
1933
2262
2529
2637
2361
1934
2085
2517
1982
2198
2135
2013
1928
2332
2101
2238
2528
2181
2160
2120
2622
2259
2387
2067
2214
2450
2213
2427
2096
2452
2650
2207
1988
2629
2557
2525
2488
2440
2402
1960
1922
2252
2199
2169
2132
2545
2057
2623
2261
2381
2502
2472
2499
2454
2040
1989
2449
2582
2399
2611
2524
2443
2150
2136
2077
2060
2055
2208
2153
2641
2270
2155
2141
2351
2635
2597
2264
2311
2037
1946
2609
2516
2471
2272
2068
2631
2058
2021
2411
2587
2412
1915
2407
2323
2179
2373
2008
2424
2162
1949
2552
2354
2164
2618
