107
800
3980
3771
129
121
3616
3549
1788
3808
333
3641
47
3445
235
175
147
3704
4007
3972
3982
881
642
138
1002
1967
2885
3122
2824
1016
478
661
1254
3200
336
273
102
3942
209
4032
3613
4019
3665
3979
108
250
251
93
3637
91
3570
4038
4006
3741
3603
3818
3812
3494
3647
3513
3994
3983
3769
3630
3911
3954
3791
3550
3776
3772
877
879
743
788
791
721
861
880
761
891
693
751
12
244
1581
3031
1560
911
256
3183
1834
624
581
2541
2792
2106
1252
234
2975
399
2421
1395
2565
2838
1607
1776
3216
2281
2015
1031
1476
2100
2263
2230
371
956
1087
1053
655
549
1498
2834
2493
3398
3333
3266
2811
3012
3066
1477
1013
2983
2193
2152
1325
1803
1847
1165
1328
1178
3405
2450
1045
2358
34
64
283
278
3354
3218
167
1890
32
3251
247
2740
3732
327
3688
201
305
2857
3846
52
33
287
286
114
292
889
867
4018
3908
3901
3457
3840
3763
3988
4009
3765
3890
3893
3492
3473
3998
38
268
4013
6
3676
68
347
135
3479
4033
171
1197
1193
51
125
3720
594
270
3781
207
195
294
220
76
3939
174
245
193
97
255
3453
3451
3984
3987
3865
3539
3666
3515
3644
3832
3905
3682
3795
3743
22
3964
3836
3896
3681
3740
3775
212
318
2
340
3686
3477
3588
3882
3632
3669
3444
3560
857
4028
3977
3937
3645
3855
3976
3466
3524
3823
3737
3947
3728
105
176
180
30
342
3815
3668
3960
3505
3631
84
31
134
314
156
3914
311
3566
3970
269
3813
3597
3814
3923
3875
3995
3592
3591
66
16
3583
3594
3548
3854
4022
3999
3784
4029
3861
4001
4024
3992
4012
4036
832
868
855
872
767
785
802
888
790
869
851
707
704
712
812
723
690
801
778
837
730
692
775
731
739
819
918
18
608
3071
282
607
1096
638
1466
443
447
3746
3407
3974
2596
585
216
70
2168
1208
1224
279
1270
454
3147
356
2817
499
904
3879
1065
1430
1558
572
2902
1233
46
1176
2527
667
164
464
3121
3375
2998
498
2487
1034
2714
2722
3290
1956
996
1937
3143
2431
3227
1713
151
2505
2971
1762
1856
472
2721
2034
2855
2963
1038
3059
1510
945
1797
1969
1651
1579
2535
2692
1792
1777
2884
3401
2219
1147
3128
2899
1301
3270
3217
3338
937
3161
621
1552
2456
985
909
2580
2256
586
1521
2008
3165
1387
534
3428
540
663
1008
3197
1814
928
1949
529
429
3235
1506
459
2790
2175
1822
2826
1140
2882
1342
380
1631
1708
1239
435
1266
3388
2105
1915
3088
974
2360
2265
2801
1934
2769
2709
3358
629
575
986
2177
2695
2900
490
3092
2957
2700
382
2837
3246
1434
1748
3244
551
3222
3156
2114
2455
590
1005
3057
3024
970
1422
931
3392
3144
518
357
623
521
2979
1784
1478
3093
940
1566
2831
462
375
2016
1952
2570
1646
2779
3404
1883
3276
2160
2918
2089
1526
1069
1484
1629
3420
418
990
2686
1705
3163
2733
2044
1858
2908
2628
938
908
511
3331
2049
3304
3177
1109
1671
3255
1136
2739
2397
1666
2035
1464
964
1274
1615
1421
369
2156
1642
1965
469
1144
1719
1161
1174
2099
615
578
600
635
675
577
1585
1829
1860
3300
647
1676
2697
612
424
2614
3343
1641
1527
2949
1808
477
1670
3318
3325
2670
2935
2933
628
2703
3309
3382
1073
2959
3008
1908
2972
1177
69
2982
2699
58
1562
2051
3847
3311
3368
2113
3159
1138
3083
3427
912
1218
1043
1499
317
1896
3376
3045
1030
2548
1368
979
237
649
1297
1403
3126
3336
2621
2017
3961
243
3053
120
3789
2799
3619
364
2245
131
910
3003
202
124
3953
1996
501
2930
78
3653
2776
3925
319
3131
190
289
307
393
3742
259
3537
240
1546
2437
3127
2204
183
3074
8
3055
192
155
3589
61
264
71
1105
3922
267
1027
179
3820
233
145
11
3798
3935
3729
687
770
734
3989
4011
804
736
816
768
839
878
846
732
822
863
776
885
887
4035
866
3571
1085
3990
4030
3941
3973
3543
3788
4026
3986
4014
3536
3904
3675
3520
3499
3779
3912
3508
3933
3837
4005
4023
3678
3799
63
139
3649
10
159
298
79
246
320
258
24
194
3
88
257
345
92
55
80
242
339
158
53
232
297
62
265
223
118
261
3500
3663
3997
3787
3652
338
3581
3919
3639
326
295
178
196
65
87
341
187
330
1
290
39
266
299
7
133
48
303
331
3638
3915
3825
119
59
281
3509
3534
3469
3752
3634
3981
4002
4020
3447
3661
309
173
3481
36
3503
3931
3739
3874
3679
3868
3897
218
143
3105
83
955
3516
3695
310
3892
3541
3538
3628
214
137
3725
3917
3950
3567
871
476
1588
583
640
643
658
670
662
659
627
681
650
599
582
632
595
665
2217
1889
17
2439
300
217
117
100
229
1111
189
3551
27
3660
3916
3694
198
2861
3910
3673
3467
3441
3489
181
275
3582
3849
3744
86
3952
153
