0
3986
746
114
581
2691
801
4016
3983
3748
2470
292
1206
3875
1586
1690
97
2971
245
46
3338
667
841
692
892
893
4034
798
4006
788
877
3984
4005
4014
3031
358
287
2457
43
918
602
608
624
3183
668
3974
335
3451
550
2569
3230
447
37
3856
33
3407
90
401
286
205
2788
3808
1208
216
1233
2814
3942
1176
648
3854
1627
2704
3704
1967
305
356
904
3801
1760
899
3717
293
2808
454
2922
294
2952
2106
1034
3811
660
2442
3928
3147
2565
166
3781
652
288
1713
1295
3290
2505
3181
102
2930
1297
393
441
3716
3723
1058
2182
3754
1193
3427
2997
857
364
1552
564
501
2651
230
3074
2774
3127
3055
1890
3121
307
865
1194
71
1105
386
3037
179
3268
42
4025
868
2792
642
4007
3990
891
4024
775
883
4022
749
4010
750
859
4001
594
884
854
743
717
852
860
744
875
4015
871
785
4028
4012
4029
4008
4035
855
3987
691
825
832
864
790
894
846
887
873
879
699
4032
4036
880
882
740
791
867
704
874
802
735
881
851
858
866
757
3996
3992
720
844
690
811
710
689
761
733
812
869
885
721
870
895
686
687
688
694
695
696
697
698
701
703
705
708
711
713
718
719
724
726
727
728
731
738
739
745
747
748
752
754
758
760
764
766
770
773
774
780
781
784
787
792
797
800
803
805
807
810
815
817
819
820
823
824
827
828
829
830
834
835
838
840
842
849
853
856
772
783
793
795
814
845
847
848
734
737
779
809
709
741
755
777
839
771
706
778
818
730
804
822
831
763
768
693
714
722
762
806
765
769
794
753
712
729
833
723
751
889
732
736
782
789
837
716
742
836
843
826
799
876
863
861
813
707
850
715
756
759
878
816
821
786
808
888
886
725
702
767
890
700
796
776
872
3989
4033
3991
3999
4011
3988
4003
4037
3981
3993
4019
4018
4002
4013
3985
4023
3982
4031
3997
3994
4004
4009
3995
4017
3980
4030
3998
4021
4038
4026
4000
4020
4027
607
3820
209
3071
2195
2842
3709
210
3570
2269
3798
2079
1581
1119
2596
3935
11
3853
74
1386
1560
1096
15
613
638
1466
3729
1145
3453
585
12
3650
1834
215
18
674
911
256
233
145
282
244
3846
3746
255
377
1224
241
47
3885
52
443
468
154
1854
1270
1394
70
2541
2382
379
1326
160
2595
3807
1395
2740
3732
3589
1065
3125
1430
3134
3688
1046
182
3922
2483
3959
35
279
1276
3282
234
1558
1262
138
183
153
1755
267
2857
316
3408
3006
49
1027
81
411
3879
157
1693
383
253
301
1253
155
2168
1071
1002
3560
3744
3733
247
3691
499
112
61
76
2527
228
1252
2380
2178
3816
1353
2481
3689
3699
3467
571
321
192
1362
1546
191
174
2975
2798
3375
336
656
2722
2714
3575
207
3597
240
3955
448
3954
3582
2860
164
3413
2817
2998
327
2204
453
201
552
384
467
124
202
120
1996
3565
572
270
3537
3897
193
3946
2838
1937
3653
3939
3003
220
3952
110
406
3865
3619
2441
3953
3143
1200
262
673
190
1383
2437
1762
264
2963
2885
1031
1510
1022
3271
2855
3494
3673
125
3910
289
3588
530
3887
3444
3978
3965
3882
206
1969
996
1651
1856
3765
3742
3849
1474
945
472
3686
464
351
3544
219
1797
1442
1657
1607
3489
3637
283
95
3787
1776
3676
6
910
1711
147
2015
3925
1057
2431
498
3694
2422
1264
1157
2167
3606
2634
2230
259
1486
3227
152
649
2980
3844
3059
3678
3795
671
3805
1579
1147
1476
91
3429
593
3751
929
562
3305
1455
27
3890
3310
235
2736
349
610
1240
485
1133
250
1777
34
2219
1417
8
2692
1254
371
3727
3963
1346
3839
1354
3477
269
1038
77
3745
2824
2776
476
3513
2721
2421
1838
3848
89
2902
1664
533
3749
3661
3372
3665
3091
3632
229
2671
319
3270
2017
3970
32
3441
2884
117
3044
2621
2358
3864
2375
2732
340
1759
3806
3447
3432
987
3923
3370
3131
2899
1301
3180
3175
1855
3789
1792
3660
1263
1168
3911
2388
1498
163
86
2580
1521
3859
390
2100
3161
3217
3977
3813
3457
655
3893
365
3700
44
3724
63
3652
3669
2493
3936
3216
2767
2517
2456
2321
1151
3904
3908
1654
2263
1924
532
2094
2528
3961
1974
167
