0
778
4000
386
306
2470
15
244
33
3922
2541
71
2902
453
692
4012
4033
892
743
864
788
881
674
3856
3846
145
377
411
253
2527
3147
336
3003
3787
289
2245
1346
2884
533
3530
126
3015
499
42
3995
4009
4037
443
3984
860
4006
4010
4035
4001
868
883
4007
4005
4024
4025
841
3996
802
851
890
716
813
850
3729
3798
37
215
2195
447
335
11
287
1581
585
3451
2842
3935
1119
3853
43
608
3230
74
1145
638
581
241
286
1224
3037
1046
1270
379
3807
2857
1326
356
3704
1690
3589
3134
157
3879
234
648
3282
1967
3942
3125
1071
904
1760
899
3560
76
2481
2808
2817
1353
2922
3816
2204
3413
191
1362
3928
2722
3582
2714
164
3537
2437
3565
220
2441
6
1762
464
1657
3849
3588
3143
2167
3953
1510
1776
652
945
125
1797
1295
476
2015
2505
2776
3805
3839
2230
3745
2980
3678
269
34
2824
610
250
1664
32
501
3970
1168
3660
3724
987
131
3502
3771
3548
586
3053
3894
3914
3580
3398
3755
3531
2514
3958
3425
3388
146
3857
1045
502
3847
1934
3594
2766
646
3292
1422
2205
3343
290
2656
2277
2818
1784
973
19
173
2066
427
3141
2535
2805
3720
260
2456
2487
437
3904
364
532
3923
2094
319
3181
152
3637
498
3444
1442
472
3673
270
3121
307
467
572
3055
2774
3074
192
3691
49
81
160
1586
2483
2691
468
2792
205
282
763
4021
4014
4030
4023
3980
879
3998
3982
893
3988
4017
4038
4004
3994
4027
4018
4020
3986
4019
4013
4002
4031
3989
3985
3983
4034
3999
4011
4015
3997
857
4
273
2930
2732
3180
3372
3751
3127
858
871
870
275
181
218
195
328
78
3251
3131
594
4036
865
401
875
4029
801
4028
3987
4008
4022
855
859
891
4016
3990
4032
852
699
750
744
749
3991
775
3992
877
884
894
717
854
3993
757
4026
3981
4003
798
874
887
895
866
785
704
867
691
735
872
873
846
832
790
821
811
702
776
721
882
689
791
700
825
885
843
723
715
888
761
767
794
742
789
826
759
863
878
756
707
861
786
880
746
886
725
869
740
796
755
720
804
730
844
839
693
771
769
753
837
732
799
833
889
690
733
710
812
686
688
694
695
696
697
698
703
705
708
713
719
724
726
727
728
731
745
747
752
754
760
773
774
780
781
784
787
800
805
810
815
819
820
823
824
827
828
829
830
834
842
845
847
849
853
856
764
766
817
840
687
718
739
770
792
797
738
701
711
734
814
838
835
848
758
807
706
741
777
783
803
748
795
709
793
772
779
737
809
818
831
765
722
806
762
836
822
712
714
736
768
729
751
782
876
808
816
114
624
3974
1834
1466
209
3570
3650
1096
3748
911
2569
602
550
358
1560
210
292
3183
2269
607
1206
3071
12
3709
3031
1386
18
3820
613
2596
3453
2079
918
668
2457
3746
3407
3268
233
256
642
90
255
52
47
3885
182
179
3875
3808
154
70
2788
2595
1854
1394
1208
216
1627
1027
2382
138
2814
316
267
279
1262
1276
1065
35
1755
3006
2168
183
3959
1395
1176
2704
1558
2740
3732
97
1430
3408
305
1105
1693
1233
1253
3688
3854
454
153
1002
383
301
155
3801
3717
3744
293
112
2106
1194
247
667
61
228
3733
174
1252
2178
3699
1546
201
294
2975
327
3575
2952
656
3597
193
264
321
3375
240
3954
3811
660
552
3689
207
2860
2442
110
448
3467
2998
1996
1034
384
2380
166
2798
3897
2565
1890
3955
571
202
124
262
95
120
2838
219
3271
245
3952
406
3939
3653
147
3619
351
2885
3742
190
3946
3781
3887
1383
206
1937
1200
3544
996
910
3978
8
1651
3882
3494
3676
3489
