107
781
3838
169
662
3988
624
501
3249
306
2527
3523
3531
3901
1266
102
3134
3799
4021
3998
335
1651
42
3905
707
3987
3779
3679
3585
4034
1218
275
2732
3349
2959
3083
3427
2320
2980
216
447
149
1295
3864
206
114
3999
384
3736
1013
607
4033
3708
631
3743
1560
171
2997
2975
429
2017
1797
2861
1326
2596
4029
202
887
3266
855
505
267
530
150
3993
3911
327
3595
2740
3963
3560
699
736
3003
702
4013
3847
881
459
1055
3701
3675
3374
588
221
3771
1869
243
3453
224
3671
192
1301
3562
3653
1936
1950
2277
2584
1977
2541
78
3742
583
3045
260
646
3133
3125
2934
2804
3431
379
3128
3181
103
3217
2678
3126
3057
2269
3622
140
576
2505
3063
2838
91
3443
2963
528
100
184
3681
365
3904
602
3773
2605
1860
393
1552
2842
3788
2442
242
23
1144
717
3200
1276
581
3447
803
628
3923
642
4036
3807
650
656
1631
1788
3798
3889
585
3939
1244
4028
3852
3965
1252
129
801
857
4011
381
2375
733
167
3467
1890
4007
872
1031
245
682
3670
3183
1147
3618
1077
1200
3802
1262
788
3641
562
806
3724
4027
3854
294
3452
3665
1490
1961
454
3787
3878
77
864
655
877
3451
2470
3834
635
3789
3105
86
227
132
80
57
441
3849
543
3251
2935
3246
587
3392
1792
3897
600
4
52
70
674
310
41
3465
2566
1002
850
3691
3819
3725
89
3502
4023
64
424
1095
3061
2685
551
1658
875
804
634
1233
2952
2421
1949
2106
3719
3673
3541
3871
3857
161
622
684
4012
449
3992
885
1713
2942
876
137
12
3314
2767
2972
3325
2879
3099
2837
51
1403
979
987
3235
3772
3659
1934
1969
2569
3
274
130
4030
340
3638
3716
3932
111
3823
1478
46
2671
1314
1564
3809
3537
1937
3975
90
3589
3977
3549
3516
3883
3498
3445
314
3806
1071
3575
159
1034
3165
1978
2402
3792
2265
2621
2256
390
2260
2105
2635
1924
2067
3853
2295
2612
1430
2249
2288
2245
2066
3333
2366
2305
2096
112
2454
2476
608
2391
1038
1395
31
1974
2968
3151
722
3059
3678
3156
3970
3072
3292
822
2831
3279
2964
968
2918
2801
2812
2100
2852
3428
647
3667
3310
3023
2981
2961
1419
2893
2714
743
3075
3817
3160
3186
2686
3388
3095
3092
3723
2933
357
2651
2910
3876
2757
3414
2948
3640
3068
3260
4022
3058
2938
3093
2859
3112
2784
3393
1555
3312
3159
3100
1599
3007
1224
2821
2759
3067
863
3608
3503
3942
1586
636
229
3729
3635
668
2752
316
3513
639
164
336
1005
1650
660
97
3147
1030
262
1840
1579
2251
3778
201
831
2744
3650
1313
3074
125
3031
1194
3305
3943
541
1353
1805
3946
265
2195
1775
37
3626
778
704
2114
69
2262
2885
79
2431
1762
3848
2178
3775
20
2878
3334
3483
865
939
2514
720
162
761
375
796
3482
1838
1103
783
3623
2487
448
509
3071
416
3765
1558
351
3515
895
2441
3522
3612
3561
679
226
3859
839
965
1678
2080
3197
3976
3832
2490
93
911
3777
1408
50
3887
401
2382
964
1138
998
1311
3583
3529
3578
3856
1582
1027
832
1541
1422
3696
217
1084
1354
1880
765
2824
120
3478
382
3986
1306
131
1486
3984
92
3551
794
3727
3875
2170
3268
138
603
1892
1206
3940
3548
3874
385
3709
2632
860
54
3840
3959
3630
1241
2422
1900
3978
1134
3839
825
1058
3164
797
305
15
890
3879
371
3704
3991
3732
1657
2707
2721
633
1254
943
535
74
3925
2456
3989
1240
3805
910
3037
485
986
2776
2805
1350
1265
228
2094
2816
3616
3570
464
623
182
723
4010
1087
4005
909
1992
1145
841
2424
3937
2312
3796
256
1251
1111
572
869
2160
154
1202
377
45
1162
3699
1461
1046
1439
776
2792
210
3816
1176
891
1141
508
2481
3390
2517
970
892
413
193
928
4016
279
2522
4037
621
1223
1913
295
255
1855
307
2884
922
1493
2650
234
1644
1887
710
333
1511
1907
1167
4035
3606
35
3507
3568
215
270
160
3492
3909
935
1731
1096
2388
512
1356
1466
985
645
3893
721
3439
971
3955
207
1708
3808
846
2457
2185
2230
38
179
648
808
550
337
883
2405
4024
2826
3844
3855
569
663
667
2809
151
907
1188
759
785
2255
1042
1640
2051
3487
1387
3783
1747
189
1681
1189
1627
3906
386
618
3555
3782
3601
755
793
3850
1064
3547
3950
844
2774
2817
230
3740
1566
1901
1803
2813
3642
3436
554
3328
3024
3389
2771
3227
2673
3138
2709
2865
732
3066
2044
2576
354
450
3711
1253
3894
96
3649
3481
3814
2015
4017
191
1562
1016
956
616
625
2437
2204
886
861
729
889
2957
435
380
369
95
147
3657
3567
1105
1208
2523
3757
14
328
3661
2899
3012
539
529
455
187
302
204
249
346
5
158
296
3218
640
670
3764
884
231
3720
3632
564
2301
3676
833
3636
3605
677
1165
768
2439
2548
868
3741
1043
1368
661
643
665
730
3624
3141
263
175
177
237
61
198
2502
309
433
3582
3652
3466
264
8
259
110
115
312
17
2790
2760
3322
3222
338
29
211
3372
3131
3361
2886
2999
532
437
499
3248
126
3153
3130
2978
273
2403
961
3770
3768
3690
84
3972
3474
3956
3490
3211
3571
3910
3579
3774
1905
1441
870
3953
742
3546
3912
3628
19
293
174
3898
4004
389
2979
3405
3081
3398
3308
867
879
859
698
166
3053
3354
3122
3271
2581
2565
1996
466
522
372
3368
2983
1297
3290
3538
3917
678
644
619
3995
4000
4006
3981
3980
594
3983
1154
144
28
326
2486
3338
3401
3382
2699
3283
2703
2982
2834
3423
3309
2670
3318
2856
2930
195
181
1499
1177
3863
3745
3446
3662
3979
789
712
767
746
816
3580
4019
4018
3994
4038
4014
3982
4031
4002
4026
3812
3763
3614
3459
3480
3647
99
1050
3664
3519
3918
3759
3837
3811
3949
3919
3639
3581
3695
3594
3479
3613
2228
1914
2335
2534
2656
2540
1930
2156
2497
2025
2013
2361
2314
2202
1995
2558
2129
1933
2448
1968
2130
2455
2397
2435
2225
1928
2525
2236
2197
1975
2474
1957
2186
2357
2647
2061
2006
2627
2447
2009
2000
2001
1951
2263
2214
2580
2107
2570
2158
2488
2440
2360
2342
1931
2659
2004
2341
2538
2577
2050
2645
2337
1999
1972
2171
2027
2626
2494
2480
2557
2141
2231
1965
2036
2119
2035
1960
2633
2620
2296
2452
2298
2248
2145
2637
2159
2660
2097
2012
1973
2157
2024
1998
1958
2297
1980
1921
2313
2281
2411
2049
2317
2181
2089
2658
2657
2192
1919
2284
2023
2639
2022
2018
2583
2365
2016
1991
2628
2496
2425
2242
1923
2443
2091
2362
2519
2355
2128
2610
2322
2291
1954
2618
2588
2209
2459
2346
1982
1952
2572
1916
2498
2432
2599
2416
2280
2221
2473
2274
2472
2268
2133
2325
2246
1994
2147
2390
2406
2286
2163
2315
2241
2232
2438
2417
2177
1945
2211
2293
2533
2640
2636
2364
2143
2530
2327
2648
2585
2571
2545
2529
2516
2380
2378
2358
2321
2318
2203
2173
2126
2011
1987
1944
1935
2641
1577
2415
2396
2215
2153
2071
1939
2344
2161
1947
2224
2057
2138
2531
2377
2338
2191
1976
2116
2544
2420
2208
2052
2010
2547
2235
2117
2111
1964
2568
2511
2379
2367
2264
2479
1970
2465
2332
2259
2589
2053
2345
2183
2099
2002
2319
2310
2226
2132
1948
2652
2518
2501
2054
2617
2445
2243
2189
2629
2336
2267
2304
2272
2175
2169
2102
2028
2649
2616
2509
2475
2434
2239
1940
1926
2643
2289
2250
2155
2031
2426
2019
2597
2283
1955
2306
2389
2383
2563
2092
2303
2407
2350
2427
2299
2559
2631
2574
2122
2552
2258
2506
2055
2508
2451
2598
2594
2413
2222
2199
2125
2068
1465
2471
2436
2419
2328
2151
2134
2038
2032
2603
2075
2003
2329
1966
2653
2491
2463
2387
2351
2273
2223
2196
2187
2087
