107
734
3986
256
2799
3748
4027
1586
3820
406
3733
4008
411
3183
37
2034
3801
894
2470
259
638
895
1176
207
4020
646
911
233
3537
219
2114
230
2505
244
4029
2595
1326
86
1233
3630
205
1855
386
286
1776
3127
3444
1937
1386
865
945
3167
3646
3536
3783
42
3653
3720
1240
27
4012
195
1046
18
2382
3853
602
192
3180
3071
3934
145
717
12
3560
775
216
3652
2826
860
267
788
855
2752
3055
3147
871
245
499
2961
552
2204
3566
2818
3954
3742
3551
405
3648
1057
1640
1510
1792
1417
956
3723
940
1218
4036
4016
4015
1838
4010
4026
588
84
175
150
112
3432
1150
1177
189
4024
1202
593
904
2106
1797
1346
1607
3991
1762
3955
3987
3268
3349
494
4022
4006
3992
382
2466
3368
2882
3990
453
3682
2722
3531
1521
4035
1860
3890
1089
2721
628
167
1297
2732
757
743
846
885
873
3925
841
832
744
699
826
716
864
1657
106
1034
443
379
679
2263
2255
3407
279
2517
1162
1592
229
690
447
311
909
585
1119
30
3875
2942
3515
2166
2269
854
2568
321
2852
293
785
52
1474
2596
3848
71
153
2195
31
1151
3691
15
3483
3813
76
1490
1701
610
505
1486
1301
607
859
2457
3839
198
3091
3958
3834
1157
114
33
3575
54
608
3441
3447
1713
6
3827
1016
282
3744
674
3457
73
70
3767
335
1996
3619
1961
3227
801
51
3031
1208
3413
11
287
154
191
253
3729
240
3816
43
1354
2168
3282
1466
3375
1262
327
1073
1027
2714
3859
1087
2599
1270
624
581
319
918
3905
255
3485
1206
3125
3513
1977
1854
3717
3581
2380
3770
3840
3037
3408
1145
371
572
3270
2842
38
3453
2321
1890
138
1755
2358
2256
77
3451
1690
750
883
3370
3660
294
893
209
1065
530
237
241
3928
3544
3134
2860
316
1422
307
3709
3818
3755
872
2360
3597
3059
384
877
160
1071
667
3899
858
692
2980
3616
2565
2017
351
3724
3638
3799
2431
776
887
337
137
32
3745
3662
3949
3585
3063
2935
2805
2997
1992
1476
163
263
19
4025
4007
1889
920
3849
2437
427
464
857
3489
243
179
3461
3372
3181
2930
2902
3251
4
306
328
273
152
275
987
3923
3749
3751
3789
3771
3922
3727
3606
3812
2801
868
3074
912
532
401
177
278
46
143
97
182
3887
4004
4031
4013
4038
110
8
193
91
264
866
881
870
879
2421
356
3861
1194
594
4011
3989
3354
3271
3053
2861
3141
3200
3105
3122
2776
3218
2857
4021
4033
4017
4018
4002
3988
3980
4034
3998
3985
3997
4019
3995
4023
4014
4009
3994
3993
3982
4030
4037
3981
4003
4000
4001
3983
4005
3999
4032
4028
3984
3996
863
702
725
837
886
794
874
867
802
791
789
689
852
767
839
806
771
833
799
742
737
759
764
706
812
795
693
768
712
843
763
755
748
779
884
876
814
760
715
701
889
869
861
804
847
745
710
851
836
822
808
807
796
732
714
695
818
772
754
850
740
811
783
813
751
700
829
824
758
835
797
741
687
809
790
730
793
703
845
821
777
770
756
849
834
820
723
694
890
828
781
778
752
738
736
726
711
696
844
842
831
816
782
705
882
878
840
838
825
810
729
761
727
853
827
805
780
774
709
698
815
803
765
739
686
697
817
800
787
784
773
766
762
747
733
731
728
722
720
718
688
830
769
724
713
856
848
823
792
753
719
708
819
888
707
704
746
880
749
691
721
891
798
786
735
892
875
3952
3932
3626
3920
3942
3543
3530
3688
3500
3909
3784
3766
3696
3814
3806
3939
3574
3522
3911
3700
3439
3753
3661
3673
3817
3697
3504
3888
3589
3708
3757
3815
3561
3823
3865
3713
3466
3726
3512
3487
3476
3637
3807
3481
3579
3668
3639
3658
3686
3867
3857
3862
3759
3556
3845
3602
3878
3622
3458
3821
3671
3569
3679
3874
3884
3804
3913
3452
3608
3643
3493
3881
3631
3714
3860
3615
3931
3866
3768
3951
3900
3833
3747
3933
3541
3936
3835
3728
3666
3614
3894
3624
3546
3858
3790
3654
3611
3527
3438
3891
3944
3880
3621
3269
3376
3045
3683
3578
3702
3618
3588
3669
3605
3517
3502
3831
3762
3687
3670
3491
3456
3842
3780
3805
3547
3721
1562
3659
3855
3571
3776
3966
3838
3902
3795
3533
3710
3548
3973
3794
3758
3534
3836
3612
3943
3484
3904
3471
3916
3677
3592
3477
3545
3975
3774
3519
3690
3532
3636
3927
3763
3584
3535
3442
3977
3972
3738
3469
3460
3657
3731
3948
3760
3692
3577
3488
3957
3910
3465
3919
3826
3718
3960
3901
3968
3756
3562
3918
3941
3524
3459
3448
3956
3443
3725
3786
3764
3898
3914
3828
3730
3635
3627
3559
3557
3542
3497
3462
3672
3825
3735
3663
3498
3567
3907
3740
3705
3655
3930
3788
3693
3475
3752
3947
3601
3564
3529
3468
3961
3511
3526
3924
3719
3593
3863
3962
3868
3926
3737
3681
3640
3518
3514
3450
3573
3883
3594
3479
3722
3632
3969
3903
3869
3822
3711
3509
3463
3850
3698
3644
3598
3482
3472
3800
3785
3596
3617
3629
3793
3706
3591
3809
3607
3967
3829
3892
3871
3739
3796
3778
3553
3521
3945
3777
3583
3510
3490
3938
3797
3703
3576
3495
2837
2886
2710
3333
3216
3427
3338
2769
2685
3436
3424
2893
3428
3877
3684
3667
3609
3455
3501
3830
3750
3610
3851
3824
3480
3449
3971
3950
3625
3552
3520
3633
1138
3779
3979
3976
3965
3964
3946
3940
3937
3929
3921
3917
3915
3912
3908
3906
3897
3896
3895
3893
3889
3879
3876
3873
3870
3852
3847
3843
3841
3837
3832
3819
3811
3810
3803
3802
3792
3791
3782
3773
3772
3769
3761
3743
3736
3734
3712
3707
3701
3695
3689
3680
3664
3656
3649
3647
3645
3642
3641
3634
3628
3623
3620
3613
3604
3603
3600
3599
3595
3590
3587
3586
3582
3580
3568
3563
3558
3554
3549
3540
3538
3528
3525
3523
3508
3507
3506
3505
3503
3499
3496
3486
3478
3474
3473
3470
3464
3446
3440
510
478
424
377
310
3420
3343
2767
2982
2700
2923
3292
3157
3080
3030
3398
2774
3155
2933
3283
3423
2670
3336
3310
3329
3210
3130
3315
3139
3042
2761
3314
3388
3317
2876
2858
2747
2759
2874
3340
3275
2949
2725
3425
3401
2926
2953
3243
3312
2807
2978
3112
2965
3156
3058
3110
3050
3061
2959
2948
3092
3294
3429
3364
3202
2908
3158
3220
2756
2680
3135
3178
2962
2697
3099
2918
2898
2771
3403
3221
2865
2702
3194
2841
3237
3250
3117
2763
3153
2929
2789
2815
3119
2695
2891
2746
2912
2723
2715
2762
3276
2727
3383
3410
3241
3170
3024
3009
2791
3075
3272
2784
2819
2973
1088
357
477
1443
1372
3016
2760
385
1544
1055
3405
2947
3886
3741
3674
3651
3550
862
1892
568
551
540
590
597
612
685
622
623
665
577
582
578
595
535
489
684
573
654
3454
3437
673
450
396
522
1801
362
474
562
429
521
398
462
457
426
365
490
565
78
558
498
486
468
459
449
437
383
381
380
364
358
349
111
262
20
28
220
914
1038
3205
2825
1664
1499
1178
528
425
397
3300
3195
3047
2854
3254
3124
3285
3223
3133
3086
2779
3331
3176
3041
2856
2932
2688
3302
2713
3258
3225
3005
2889
2879
2957
3015
2812
3296
3215
2712
2996
2853
3032
3299
3077
2820
2843
3421
3171
2921
3186
3341
2954
2836
2783
2976
2894
2684
3029
2666
3100
2900
2829
2968
3371
3069
3326
3214
3351
3261
3199
2707
2847
2745
2970
2849
3422
3259
3400
2987
2887
2806
2729
3231
2913
2755
3014
2994
3396
3039
3011
2881
2817
3433
3303
3228
3184
3166
3010
3324
2967
2673
3260
3060
3028
2983
3382
3318
3309
2703
2890
2679
3249
2934
2892
2840
2728
3373
3159
3435
3128
2693
3419
3416
3377
3288
2991
2936
2830
3409
3129
2786
3346
3067
3415
3391
3379
3107
3103
3018
2984
2768
2711
3304
3293
3163
3073
2907
2835
3399
2988
2981
2928
2810
3335
3148
3102
3049
2796
2765
3040
2681
2862
2800
2832
2831
2781
3392
2931
2919
2749
3430
3226
3052
3365
3111
2950
2844
3359
2990
3095
3193
2924
3306
3203
3397
3188
2748
2742
3325
3378
3172
3169
3146
3106
3027
2833
3211
3165
2671
2966
2794
2766
3394
3344
3247
3152
3097
3046
2787
2720
3234
3213
3142
2915
2909
2750
2743
2698
3093
2958
2674
3201
3020
2903
3264
3256
3233
3219
3081
2816
2813
3355
3120
3198
3035
2868
3417
3238
3098
3026
2993
2969
2956
3273
2730
3362
3257
3036
2960
2888
2873
2731
2683
2664
2663
3160
3434
3298
3137
3402
3187
3136
2911
2864
3353
3352
3350
3240
3212
3209
3109
3089
3034
3017
2859
2780
2665
3307
3138
2795
3079
2995
2719
3033
3262
2823
2797
2972
3360
2735
3363
3339
3301
3108
3104
3065
3064
3022
2925
2897
2880
2863
2839
2777
2773
2706
3387
3232
3085
2920
2827
2757
2754
3334
3295
3068
2775
2724
3369
3330
3327
3196
3189
3087
2914
2904
2686
3255
3113
2937
2778
3390
3384
3348
3284
3149
3078
3056
2986
2985
2974
2944
2927
2910
2905
2877
2867
2866
2676
3357
3305
3291
3279
3048
2690
3412
3207
3177
3051
3019
2804
3406
3381
3347
3332
3274
3239
3206
3150
3140
3116
2989
2875
2785
2687
1650
3038
3179
3245
1452
1118
1064
1445
2941
3297
3082
3070
3021
2770
3395
3072
2678
3385
3278
3101
3043
1908
1904
1362
1748
3319
3263
2938
2822
2677
1552
1719
1203
1594
1808
1381
1759
554
509
369
1775
1187
1234
1216
440
1356
1212
1818
1453
1681
1541
1733
1629
1847
986
1507
1749
1866
1251
950
3289
2869
990
1875
1473
1870
512
436
1441
1727
1183
1492
1822
1564
1404
1423
902
1190
994
1111
1115
1009
1635
1906
1189
1121
1106
3168
3062
2734
1317
929
1364
1085
1090
1147
1081
1019
969
1704
1247
1468
1097
1802
1493
1378
1787
901
1691
1263
988
957
1316
1298
1543
1874
1315
1347
1108
1533
1880
944
435
570
523
508
418
394
543
539
442
350
491
470
469
413
360
403
547
410
359
354
661
682
631
632
633
609
675
670
647
635
664
611
592
640
619
605
1103
678
655
618
616
677
625
620
575
659
658
650
643
615
583
557
415
479
452
549
173
680
663
653
579
567
368
1694
1773
1602
634
1901
645
905
669
431
495
378
439
556
519
421
1606
1429
1025
671
537
404
560
361
541
529
506
407
372
569
482
444
416
375
352
1213
1113
1215
629
1677
1093
1506
976
630
513
591
388
511
503
461
373
614
460
683
561
548
504
438
417
408
395
545
536
497
456
451
445
430
392
391
