0
4033
893
43
1176
581
4029
642
1145
3935
2596
4022
3798
3987
335
145
743
859
790
692
870
244
2195
1253
301
3125
193
81
3984
3709
3729
1276
37
305
841
2505
406
649
4007
3748
3183
3882
3910
1834
467
4035
3031
154
1586
216
256
1096
33
182
875
1386
220
4008
3230
2998
607
210
1119
3413
336
3996
377
673
1755
2382
2178
2788
602
114
1430
3451
638
3848
2808
3407
1346
286
1326
1202
1071
282
179
4012
4001
802
879
873
846
836
852
756
791
690
700
732
783
748
775
715
850
821
832
806
777
701
724
771
789
792
866
894
871
848
803
837
778
741
727
687
773
734
710
874
872
798
735
762
731
723
711
834
830
784
764
718
708
851
847
844
842
833
829
827
813
800
787
780
772
752
742
722
721
706
695
694
693
880
831
824
817
815
797
793
781
779
759
754
747
739
728
709
705
855
854
853
845
843
839
838
835
826
825
823
822
820
819
818
816
814
812
809
808
807
799
796
795
794
788
786
785
774
770
768
767
766
765
761
760
758
757
755
751
746
744
740
738
737
736
733
730
726
725
720
717
716
714
712
707
704
702
699
697
696
691
689
688
856
849
782
763
895
892
890
887
886
885
884
882
881
877
869
867
864
858
840
828
811
810
805
776
769
753
745
719
713
703
686
889
878
876
863
861
804
729
698
888
750
868
749
891
801
865
860
3992
3983
4005
4000
4037
3991
4020
4021
4017
4004
4023
4018
4002
4009
3998
3981
3995
4038
3982
3988
4031
667
4036
4034
4032
4030
4028
4027
4026
4019
4015
4014
4013
4011
4010
4006
4003
3999
3997
3994
3993
3990
3989
3986
3985
594
4025
4016
3980
4024
3952
2893
2774
3045
3376
3789
3857
3689
3537
3513
3905
3876
3580
3441
883
3871
3445
3619
3704
3632
3765
3717
2481
1105
3282
3235
3058
3370
3375
2855
2776
3338
2851
3281
3389
2771
3141
2799
3408
3180
3024
2817
3053
2861
2721
3427
2900
3147
3055
3322
3153
3260
3217
3155
3333
2888
3151
3341
2804
3249
2942
2671
3227
2767
3404
3337
2686
3131
3429
3425
2687
3229
2858
3336
3083
3199
2945
3144
2791
3014
2984
3288
2965
3013
3317
2726
3423
3318
2972
3312
2990
3276
3226
2987
3421
2766
2854
2997
2966
2821
2891
3112
3109
3016
2921
2770
3328
2789
2918
3213
3041
2820
3414
3286
2981
3399
3243
3234
3137
3105
2940
2877
2852
2681
2944
3430
3080
2954
2702
3294
3114
2731
3251
2902
2819
2801
2675
3422
3367
3357
3240
3009
2829
2978
2663
2924
2874
3373
3325
3311
2703
2670
3303
2949
2871
2836
3348
2969
2763
2717
2823
3435
3433
3238
3158
3123
3104
3029
3025
3000
2977
2867
2807
2743
2741
2729
3436
3193
3184
2706
3324
3232
3228
3108
3085
2986
2956
2943
2913
2908
2827
2777
2761
2680
2679
2666
3138
2727
3214
3099
2868
3362
3250
3195
3149
3096
3040
2960
2912
2909
2866
2839
2800
2773
2755
2750
2698
3391
3297
3265
3261
3120
2950
2790
3224
3344
3316
3206
3204
3169
3070
2765
3246
3191
2934
2935
2856
3347
3252
3239
3116
3082
3021
2936
3007
2713
3110
3048
3419
3397
3212
2785
2780
3363
3215
3119
2952
2928
2927
2906
2864
2862
2786
2751
2694
2676
3050
2863
2715
3307
2709
2696
3402
2901
163
321
206
191
71
70
317
243
234
250
121
245
3396
3331
3247
3188
3140
3115
3076
3049
3035
2970
2939
2828
3196
2937
2999
229
3358
3264
3255
3253
3198
3101
3072
2844
2716
2665
2760
3365
2762
3477
3928
3688
3939
3811
3887
3801
3923
3879
3854
3749
3720
3892
3641
3567
3917
3595
3473
3813
3669
3502
3746
3778
3588
3781
3739
3725
3538
3470
3621
3799
3911
3946
3575
3573
3676
3901
3710
3920
3489
3862
3740
3662
3932
3844
3745
3589
3776
3500
3893
3833
3774
3519
3678
3639
3792
3711
3620
3493
3507
3743
3657
3812
3679
3777
3950
3483
3883
3728
3608
3597
3695
3649
3958
3724
3648
3924
3906
3714
3569
3486
3895
3794
3786
3631
3591
3463
3821
3671
3534
3615
3894
3863
3698
3598
3581
3481
3975
3850
3526
3554
3927
3900
3758
3622
3458
3957
3837
3836
3757
3602
3464
3614
3815
3802
3773
3715
3629
3599
3553
3442
3585
3546
3531
3937
3909
3805
3699
3647
3628
3492
3461
3660
3618
3590
3625
3915
3914
3869
3617
3601
3760
3979
3533
3484
3940
3548
3686
3578
3658
3462
3913
3891
3889
3845
3734
3731
3703
3702
3681
3640
3559
3527
3514
3452
3790
3542
3497
3707
3750
3960
3791
3783
3696
3644
3607
3508
3478
3966
3830
3741
3736
3697
3667
3563
3495
3491
3471
2245
1956
2301
1937
1996
1936
2014
2535
2493
2219
2524
3248
3345
3107
2841
2793
2787
2674
1890
3329
3219
3185
3136
3361
3152
2797
2708
3351
2742
3386
3378
3360
3089
3017
2783
2748
2701
3161
3374
2957
2938
3150
3340
2979
2822
3157
3057
2752
3302
2923
2688
3379
3233
3159
3086
3068
2892
2860
3320
3182
3154
2947
2803
3415
3405
3366
3308
3273
3223
3203
3177
3176
3162
3019
3018
3001
2951
2865
2775
2758
2728
2662
3434
3431
3428
3426
3424
3417
3416
3412
3411
3406
3403
3401
3400
3398
3395
3394
3393
3392
3390
3388
3387
3384
3383
3382
3381
3380
3377
3372
3371
3369
3368
3364
3359
3356
3354
3353
3352
3350
3349
3346
3343
3342
3339
3334
3332
3330
3327
3326
3323
3321
3319
3315
3314
3313
3310
3309
3306
3305
3304
3301
3300
3299
3298
3296
3295
3293
3292
3291
3287
3285
3284
3283
3280
3279
3277
3275
3274
3272
3271
3270
3269
3267
3266
3262
3259
3257
3256
3254
3244
3242
3241
3237
3236
3231
3225
3221
3220
3218
3216
3211
3209
3208
3207
3202
3200
3197
3194
3192
3190
3189
3187
3181
3175
3174
3172
3171
3170
3167
3166
3163
3160
3156
3148
3146
3145
3143
3142
3139
3135
3133
3132
3130
3129
3128
3127
3126
3122
3121
3118
3117
3113
3111
3106
3103
3102
3098
3095
3094
3093
3092
3091
3090
3088
3087
3084
3081
3078
3077
3075
3074
3073
3071
3069
3067
3066
3065
3064
3063
3062
3061
3060
3056
3054
3052
3051
3047
3046
3044
3043
3042
3039
3038
3037
3036
3034
3033
3032
3030
3028
3027
3026
3023
3022
3015
3012
3010
3008
3006
3005
3004
3002
2996
2995
2994
2993
2992
2991
2989
2988
2985
2983
2982
2980
2975
2974
2973
2967
2963
2962
2961
2959
2958
2955
2953
2948
2933
2932
2931
2930
2929
2926
2925
2922
2920
2919
2917
2916
2915
2914
2911
2910
2907
2905
2904
2899
2898
2897
2896
2895
2894
2890
2889
2887
2886
2884
2882
2881
2880
2879
2878
2876
2875
2873
2872
2870
2859
2853
2850
2849
2848
2847
2846
2845
2843
2840
2837
2835
2834
2833
2832
2831
2830
2825
2824
2818
2816
2815
2813
2812
2811
2810
2809
2806
2805
2802
2798
2796
2795
2794
2792
2784
2782
2781
2779
2778
2772
2769
2768
2759
2757
2756
2754
2753
2749
2746
2745
2740
2739
2738
2737
2736
2733
2732
2730
2723
2722
2720
2719
2714
2712
2711
2710
2705
2700
2699
2697
2695
2693
2692
2690
2689
2685
2684
2683
2682
2678
2673
2672
2669
2668
2667
2664
2661
1546
3355
3201
2941
2903
3186
3020
2869
2707
3420
3410
3178
2971
3432
1394
3418
3335
3210
3124
2946
2747
2735
2718
63
38
150
27
174
311
233
246
344
274
36
195
24
68
260
275
4
125
120
248
183
96
143
309
135
235
238
259
281
251
197
159
194
102
147
178
126
106
227
346
330
300
92
218
39
345
308
212
339
204
53
192
314
146
30
1
278
303
337
310
230
151
140
28
167
83
211
313
276
232
176
66
55
291
290
280
237
236
104
103
94
84
51
40
3
267
190
155
61
347
158
7
162
319
312
115
331
82
343
214
239
199
21
323
277
285
272
271
252
169
141
128
85
72
56
91
187
156
87
326
3289
3245
3179
3011
2677
1297
119
100
3385
3263
3222
2744
986
3651
3633
3561
3556
3550
3456
1562
3539
3738
3956
3945
3829
3583
3817
3520
3505
3978
3977
3976
3974
3973
3972
3971
3969
3968
3967
3965
3964
3963
3955
3953
3951
3949
3947
3944
3942
3941
3936
3934
3933
3931
3929
3921
3919
3918
3916
3912
3907
3903
3902
3899
3898
3897
3896
3890
3888
3886
3884
3881
3878
3874
3873
3872
3870
3868
3867
3866
3865
3864
3858
3855
3853
3852
3849
3846
3843
3842
3841
3840
3839
3835
3834
3832
3831
3827
3826
3825
3824
3823
3822
3820
3819
3818
3816
3814
3810
3809
3808
3807
3806
3804
3803
3796
3795
3793
3787
3784
3782
3780
3775
3772
3771
3770
3769
3768
3767
3766
3764
3763
3762
3761
3759
3755
3754
3753
3752
3751
3742
3735
3732
3730
3727
3722
3721
3719
3718
3716
3713
3708
3706
3705
3701
3700
3694
3693
3692
3691
3690
3685
3683
3682
3680
3675
3672
3670
3668
3666
3665
3664
3663
3661
3659
3656
3655
3654
3653
3652
3650
3646
3645
3643
3642
3638
3637
3636
3634
3630
3627
3626
3624
3623
3616
3613
3612
3610
3609
3606
3603
3594
3593
3592
3587
3584
3582
3579
3577
3572
3571
3570
3568
3565
3564
3562
3560
3558
3557
3555
3552
3549
3544
3543
3541
3540
3536
3535
3532
3529
3525
3524
3523
3521
3517
3516
3515
3512
3511
3510
3509
3506
3503
3499
3498
3494
3490
3488
3485
3482
3479
3476
3475
3474
3472
3469
3468
3467
3466
3465
3460
3459
3457
3455
3453
3450
3449
3447
3446
3443
3440
3439
3438
857
3970
3908
3962
3948
3943
3938
3930
3851
3847
3797
3788
3756
3712
3674
3604
3586
3522
3501
3480
3448
862
3926
3877
3860
3838
3828
3800
3785
3737
3687
3635
3611
3596
3576
3574
3545
3528
3518
3779
3747
3684
1295
990
1065
1664
2454
2522
1974
2584
2373
2119
2432
2656
2456
2534
2528
2450
2439
2029
1977
2641
2562
2358
2099
2375
2113
2100
2650
1924
2581
2490
2487
2281
2094
2523
2130
2015
1990
1934
2544
2272
1965
2048
1961
1933
2228
1952
2168
2519
2448
2162
2070
2343
1969
2540
2440
2221
2096
1931
2342
2644
2453
2411
2314
2286
2277
2242
2107
2080
2057
1994
1975
1930
2137
2311
2208
2566
2288
2214
2437
2204
2532
1963
2612
2514
2480
2330
2488
2412
2316
2197
2193
2129
2089
2035
1960
2016
2565
2041
2645
2622
2255
2626
2426
1982
2305
2393
2083
2307
2303
2110
2258
2210
2122
2397
2248
2049
2583
2494
2337
2025
2606
2499
2427
2407
2261
2237
2605
2377
2226
2447
1957
2385
2293
2215
2460
2418
2370
2118
2074
2660
2006
1998
1973
2004
2236
2181
2126
2603
2588
2436
2274
2243
2062
2003
1939
2643
2635
2571
2473
2472
1940
1916
2525
2209
2182
1923
2495
2489
2414
2408
2392
2334
2331
2323
2308
2276
2253
2147
2115
2092
2063
2055
2020
1993
2552
2387
2234
2019
2585
2364
2346
2192
2097
2011
1980
1958
1914
2555
2511
2135
2615
2556
2462
2430
2428
2359
2356
2257
2229
2184
2131
2121
2108
2103
2005
2640
2018
2013
1995
1976
1927
2617
2589
2396
2345
2291
2285
2280
2235
2205
2186
2161
2101
2085
2002
1964
2625
2624
2607
2564
2340
2240
2172
2164
2150
2098
2095
1984
1966
1946
2658
2647
2633
2627
2459
2202
2024
1919
2597
2567
2465
2434
2420
2351
2294
2223
2183
2138
2052
2032
2007
2654
2611
2604
2602
2593
2591
2578
2563
2546
2526
2492
2423
2404
2369
2354
2352
2348
2347
2309
2299
2278
2275
2271
2233
2220
2212
2200
2139
2123
2104
2084
2073
2069
2064
2046
2043
1997
1985
1962
1941
1938
1917
2455
2341
1922
2529
2116
2592
2543
2516
2509
2458
2399
2398
2372
2250
2203
2194
2134
2065
1168
628
576
670
658
627
665
577
1244
2649
2475
2463
2451
2328
2325
2282
2246
2239
2199
2198
2189
2187
2180
2176
2151
2144
2117
2081
2054
2010
1954
1534
1760
1518
1476
3165
3097
1022
1027
3409
3278
3258
3205
3164
3079
2976
2968
2964
2883
2826
2764
2734
2725
1140
1731
3168
3100
2724
1883
1684
1499
1177
1157
1477
1434
1252
1548
923
1629
1030
1642
1822
955
1896
1197
909
1161
1666
1218
979
956
1592
1474
926
1860
1419
1239
1084
1424
1378
1216
1758
1240
1461
1150
1527
1063
901
1264
1892
1880
1837
1798
1648
1601
1533
1137
1097
991
1044
3173
2885
342
341
340
338
334
333
332
329
328
327
325
324
322
320
318
315
307
306
304
302
299
298
297
296
295
294
293
289
288
284
283
279
273
270
269
268
266
265
264
263
261
258
257
254
253
249
247
242
240
231
228
226
225
224
223
222
221
219
213
208
203
201
200
196
188
186
185
184
181
180
177
175
172
170
168
165
164
161
157
152
149
148
144
142
139
137
136
134
133
132
131
130
129
127
123
122
118
117
116
113
112
111
110
109
108
105
101
99
98
97
95
93
90
89
88
86
80
79
78
77
76
75
74
