3844
2720
963
1591
2334
125
928
1032
1203
1363
1716
1896
2274
2436
2439
2578
2669
718
1069
1312
1313
1400
2041
2070
2246
2349
2560
2733
2896
3104
3191
3224
3789
99
157
279
327
379
434
702
704
981
1154
1561
1571
1720
1922
2145
2280
2614
2767
3056
3208
3366
3420
3561
52
86
184
250
278
438
505
536
560
651
740
775
837
923
952
1084
1162
1174
1274
1300
1388
1610
1666
1751
1844
1849
2119
2168
2212
2290
2306
2503
2909
2920
3310
3445
3549
3577
3762
3764
3784
3791
3820
3932
58
59
75
132
163
268
300
307
310
311
349
378
446
468
533
544
562
630
776
840
1096
1130
1253
1321
1393
1625
1631
1647
1675
1753
1840
1905
2223
2256
2313
2372
2397
2456
2581
2623
2646
3241
3263
3283
3321
3378
3492
3527
3658
3675
3749
3859
3931
3968
33
251
263
314
346
395
445
450
559
739
756
826
838
1015
1266
1281
1354
1397
1434
1471
1479
1540
1580
1618
1623
1644
1676
1706
1723
1850
2031
2061
2110
2133
2163
2228
2319
2333
2351
2482
2564
2568
2577
2619
2697
2713
2714
2756
2787
2849
2858
2897
2903
2958
2963
3026
3100
3114
3121
3140
3157
3169
3238
3257
3324
3348
3414
3415
3441
3449
3466
3483
3496
3546
3575
3576
3589
3603
3635
3639
3694
3704
3709
3725
3741
3742
3945
3977
4002
4025
4029
4033
12
17
42
65
92
97
98
103
111
116
126
142
158
169
198
206
233
242
244
261
264
273
289
330
355
366
368
390
433
470
507
542
547
609
658
664
679
693
694
804
814
818
845
869
901
922
933
985
1050
1059
1061
1112
1168
1235
1254
1263
1278
1285
1287
1402
1408
1429
1438
1440
1441
1472
1475
1511
1518
1650
1653
1697
1762
1777
1800
1810
1817
1880
1904
1913
1949
1985
2013
2100
2182
2200
2235
2268
2275
2300
2315
2337
2343
2354
2401
2406
2427
2432
2435
2441
2515
2534
2547
2548
2553
2586
2677
2681
2707
2715
2718
2732
2772
2776
2793
2846
2870
2891
2905
2914
2938
2948
2960
2987
3016
3042
3125
3186
3196
3207
3225
3227
3232
3278
3293
3309
3370
3444
3482
3504
3506
3514
3516
3543
3596
3666
3698
3733
3746
3752
3800
3835
3836
3848
3965
3994
4014
4017
19
20
27
67
77
78
90
117
122
129
144
147
150
152
181
211
291
303
318
334
344
357
377
394
401
436
502
516
525
528
530
568
578
596
644
648
662
665
723
726
727
744
750
774
788
813
825
827
839
846
902
904
964
970
986
999
1005
1008
1022
1036
1045
1067
1082
1113
1115
1153
1167
1183
1205
1218
1226
1248
1261
1265
1291
1329
1335
1339
1350
1370
1373
1392
1409
1419
1423
1427
1428
1451
1468
1469
1496
1550
1583
1592
1594
1600
1617
1632
1659
1673
1703
1718
1719
1721
1725
1771
1822
1848
1851
1875
1879
1941
1960
1970
2015
2020
2044
2055
2066
2088
2092
2102
2105
2113
2127
2277
2282
2285
2321
2324
2355
2359
2367
2370
2373
2446
2455
2458
2469
2491
2519
2532
2544
2557
2562
2598
2620
2639
2653
2658
2671
2691
2709
2734
2765
2818
2851
2935
2962
2980
2993
2997
3002
3021
3065
3075
3082
3138
3154
3166
3179
3206
3221
3270
3311
3323
3332
3342
3350
3351
3352
3400
3406
3410
3413
3428
3446
3451
3452
3468
3480
3511
3542
3545
3548
3567
3579
3592
3594
3602
3608
3625
3628
3646
3655
3702
3715
3719
3740
3755
3761
3790
3806
3831
3850
3861
3862
3907
3909
3919
3921
3935
3985
5
14
91
95
108
110
153
154
166
175
182
196
222
229
230
256
272
274
369
399
400
405
448
463
464
466
495
498
518
521
531
539
541
549
553
581
616
629
631
645
667
673
674
676
697
717
724
748
769
771
797
810
821
863
881
890
894
907
914
925
944
950
983
990
1013
1016
1017
1043
1049
1055
1056
1058
1060
1079
1086
1108
1118
1122
1125
1132
1155
1171
1195
1238
1257
1269
1307
1317
1348
1364
1369
1425
1430
1460
1520
1524
1543
1586
1608
1609
1611
1654
1664
1669
1677
1681
1686
1687
1732
1757
1786
1830
1863
1867
1870
1885
1911
1914
1924
1940
1952
2091
2116
2126
2146
2154
2248
2266
2287
2326
2356
2357
2391
2395
2405
2414
2426
2445
2473
2475
2478
2479
2493
2514
2556
2576
2585
2589
2592
2607
2621
2627
2641
2647
2648
2659
2661
2664
2693
2710
2719
2729
2746
2749
2757
2777
2781
2823
2829
2844
2855
2857
2865
2883
2898
2908
2917
2932
2943
2957
2959
2968
2983
2996
3025
3039
3041
3063
3072
3089
3090
3094
3095
3109
3123
3136
3190
3216
3223
3229
3233
3243
3258
3268
3299
3326
3338
3339
3341
3373
3382
3384
3397
3399
3403
3436
3439
3453
3459
3461
3491
3510
3519
3555
3572
3578
3580
3581
3617
3632
3682
3700
3723
3743
3753
3759
3785
3799
3888
3910
3927
3934
3949
3962
3969
3975
3979
3995
4011
4032
1
26
72
83
85
94
96
105
107
109
113
115
121
143
151
159
161
173
174
177
180
192
202
204
209
218
248
260
287
312
316
322
338
367
370
375
416
426
437
440
443
473
474
483
497
506
520
535
563
576
577
600
641
642
709
735
741
768
770
798
822
824
871
877
878
889
892
893
895
898
917
946
947
948
953
979
980
997
1003
1029
1040
1062
1089
1099
1156
1191
1192
1194
1224
1225
1234
1244
1251
1271
1282
1334
1336
1368
1377
1379
1382
1411
1415
1416
1418
1448
1455
1466
1505
1515
1516
1533
1534
1537
1567
1587
1588
1601
1622
1626
1629
1630
1633
1643
1682
1684
1735
1790
1839
1847
1866
1894
1895
1917
1927
1938
1942
1943
1955
2008
2016
2036
2048
2060
2063
2076
2080
2087
2114
2118
2131
2140
2143
2171
2175
2206
2207
2237
2243
2253
2267
2283
2286
2320
2340
2342
2348
2378
2384
2396
2412
2413
2425
2431
2442
2443
2448
2453
2454
2459
2465
2484
2488
2489
2507
2523
2539
2541
2550
2573
2582
2583
2587
2588
2591
2595
2600
2604
2622
2625
2628
2696
2705
2726
2778
2786
2799
2810
2812
2819
2821
2825
2854
2864
2873
2884
2895
2907
2978
2982
2984
3001
3019
3040
3047
3128
3129
3139
3142
3145
3147
3159
3174
3185
3201
3204
3218
3239
3242
3251
3275
3280
3289
3302
3353
3359
3408
3429
3431
3438
3440
3454
3456
3474
3481
3493
3498
3520
3521
3524
3530
3532
3533
3534
3563
3571
3573
3610
3621
3624
3626
3662
3663
3674
3676
3684
3688
3703
3710
3724
3768
3779
3810
3814
3827
3832
3841
3886
3896
3902
3905
3906
3920
3937
3942
3946
3948
3964
3971
3983
3984
3991
4024
0
6
7
11
30
31
43
50
55
61
64
68
82
123
128
155
156
165
178
221
