0
4013
864
112
1096
3451
1466
4024
3709
891
692
3389
215
43
3922
152
356
338
3071
3983
875
1394
47
3820
3978
668
401
447
287
114
2596
210
3700
2740
1834
15
608
3732
1854
581
2595
899
1581
1430
3952
90
3816
233
4015
3935
4035
3589
3856
642
3765
3813
3864
3502
411
174
884
893
894
866
859
775
788
874
895
881
879
870
885
872
816
744
750
704
717
743
691
802
890
855
822
791
832
806
733
757
764
793
888
886
882
876
861
854
732
714
730
892
889
887
883
878
877
873
871
867
863
858
825
776
839
771
712
702
797
741
716
880
813
703
869
826
838
759
758
720
700
843
768
851
827
800
794
766
742
736
734
708
705
856
849
848
824
769
721
840
834
778
751
711
706
821
819
770
740
739
723
687
852
850
846
845
844
837
836
835
833
831
828
818
817
814
811
809
808
807
804
803
799
798
796
792
790
789
787
786
785
783
782
779
777
773
772
767
765
763
762
761
760
755
753
749
748
747
746
735
729
728
727
725
722
718
715
709
707
701
698
696
693
689
853
847
842
830
829
823
820
815
812
810
805
795
784
781
780
774
756
754
752
745
738
737
731
726
724
719
713
710
697
695
690
688
686
694
860
841
699
4036
4025
4028
4012
3993
3991
3999
3992
4033
4032
4029
4027
4022
4011
4008
4007
4006
4005
3996
3989
3987
3985
3984
594
3995
4014
4000
3988
4002
4038
4031
4019
3998
3997
3981
4017
3980
4026
4023
4021
4020
4018
4009
4004
4003
3994
3986
3982
4030
4001
667
4037
4034
4016
4010
3990
2857
286
3322
3336
3074
3271
2922
3200
2799
2776
3375
3323
3282
2714
2752
81
228
70
60
2168
2541
2382
2634
2431
2041
2442
295
2899
3427
3333
2722
3429
3401
3376
2926
3092
2852
2930
2811
3218
2721
3126
3155
3128
2949
2817
2774
3153
3354
3216
3141
2861
3217
2731
2970
2687
3269
3420
3368
3012
2805
2859
3309
2879
2699
2713
3315
3024
3111
2675
2918
2685
3094
2747
3075
3390
3206
3229
3381
2765
3144
3087
3032
2816
3208
3190
3281
2835
3030
2809
3325
2718
3050
2715
3241
2766
3088
3428
3231
3435
3394
2981
2928
2756
2745
2741
3099
2700
3369
3192
3028
3377
3213
3042
2967
2880
2904
3095
3399
3228
3202
3166
3105
2812
2743
2868
3364
2710
3247
3175
3418
3173
2709
3165
2818
3131
3410
3379
3371
3114
3045
2978
2663
3313
3110
3082
3070
3058
3015
2936
2796
2785
3414
3303
2761
3193
2815
3234
3098
3047
2909
2890
2866
3149
3090
3022
2956
2877
2806
2773
2750
2676
2673
3037
2667
3387
3220
3073
2943
2910
2777
2717
3146
3029
2988
2986
2960
2953
2931
2929
2927
2873
2755
2729
2683
2681
2797
2962
3423
3318
3314
3283
3008
2982
2959
2889
2767
2703
3363
3362
3324
3284
3232
3184
3108
3104
3096
3078
2985
2969
2919
2908
2906
2874
2867
2850
2827
2782
2757
2680
2666
3307
3093
3332
3182
3076
2708
2701
3246
3191
3107
2870
3351
3270
3170
3016
2980
2753
3274
3236
2882
3046
2973
2772
3434
3416
3411
3391
3320
3316
3297
3280
3272
3169
3132
3120
3115
3102
2991
2937
2901
2833
2828
2742
2674
2661
2983
2886
3329
3406
3403
3396
3355
3321
3291
3240
3225
3145
2989
2793
3395
3219
2739
3196
2935
2933
2856
3302
1061
3365
3261
3178
2702
2686
3393
2803
2795
3199
3140
3136
2895
3056
2946
2925
2920
2905
2896
2664
2830
2738
2730
3350
3177
3160
2958
2900
2711
2682
3244
3159
2820
3295
2995
2845
2787
3415
3370
3285
3253
3223
3203
3100
3069
3002
2779
2775
2758
2662
3340
3335
3185
3398
3089
3086
3061
2720
3327
3221
3043
2665
3366
3347
3287
3214
3198
3172
3151
3113
3060
3039
2965
2923
2894
2875
2836
2781
2719
3161
3077
3011
2955
2790
3289
165
63
341
100
221
45
254
1
220
245
309
36
117
86
240
5
97
124
2
226
312
116
337
96
318
269
150
125
27
283
268
343
214
229
197
184
57
178
164
276
320
300
299
266
194
195
270
132
177
297
128
62
250
238
317
260
249
242
204
180
101
92
24
314
146
255
192
73
54
334
307
113
77
121
42
93
237
329
247
106
310
151
257
170
104
66
9
3
230
190
99
185
158
313
272
248
235
232
223
212
203
186
159
127
25
44
14
289
175
115
41
331
304
252
236
285
200
201
193
110
347
340
322
129
65
38
219
1664
2375
2051
2483
2545
2076
2621
2548
2441
2106
2270
2119
2456
1961
2178
2528
1956
2580
2158
2486
1949
2238
2502
2525
2517
2480
1923
2160
2342
1933
2312
2301
2146
2008
1915
2163
2587
2562
2424
2227
2531
2217
2113
2358
2167
2448
2105
2120
2096
2570
2260
2584
2393
1950
2044
2572
2613
2350
2568
2249
2496
2603
2574
2516
2614
2049
1930
2321
2055
2514
2362
2214
2141
2066
1944
2540
2272
2242
2193
2500
2300
1996
2014
2605
2351
2427
2258
2170
2497
2405
1922
2490
2426
2320
2303
2288
1942
2513
2443
2092
2526
2423
2391
2021
1986
2036
2474
2411
2286
2197
2175
2156
2047
1965
1960
2651
2453
2012
2654
2600
2546
2276
2098
2327
2318
2573
2290
2088
1929
2599
2396
2101
1920
1957
2148
2138
2652
2509
2344
2243
2117
2630
2601
2492
2485
2482
2414
2376
2353
2233
2200
2184
2073
2069
1925
2624
2615
2602
2579
2560
2552
2495
2462
2449
2446
2433
2409
2392
2381
2369
2359
2339
2307
2306
2271
2257
2206
2190
2122
2104
2090
2064
2060
2037
1984
1966
1962
1943
1918
2440
2373
2145
1936
2658
2018
2612
2608
2537
2313
2304
2273
2226
2209
2186
2169
2161
2085
2071
2026
1964
1941
2622
2401
2627
2633
2341
2297
2202
2159
2011
1999
1995
1980
1935
2655
2638
2604
2586
2561
2520
2499
2478
2469
2467
2429
2408
2407
2404
2395
2352
2340
2331
2324
2309
2253
2240
2136
2131
2093
2084
2083
2074
2063
2059
2046
2005
1997
1985
1953
2659
2657
2648
2647
2620
2585
2583
2009
2000
1927
2643
2582
2419
2333
2328
2176
1945
2660
2635
2589
2571
2511
2494
2471
2458
2436
2337
2319
2302
2289
2284
2264
2247
2224
2223
2135
2039
2032
2004
1998
1973
1939
1932
339
169
156
120
103
87
56
582
650
643
615
1151
622
640
681
670
658
599
351
611
660
2693
1486
217
189
1627
1027
1038
1759
1162
1693
3432
2825
1264
937
1651
3385
3179
1387
3436
3433
3431
3430
3426
3425
3424
3422
3421
3419
3417
3413
3412
3408
3407
3405
3404
3402
3400
3397
3392
3388
3384
3383
3382
3380
3378
3374
3373
3372
3367
3360
3359
3358
3357
3356
3353
3352
3349
3348
3346
3345
3344
3343
3342
3341
3339
3338
3337
3334
3330
3328
3326
3317
3312
3311
3310
3308
3306
3305
3301
3300
3299
3298
3296
3294
3293
3292
3288
3286
3279
3277
3276
3275
3273
3267
3266
3265
3264
3262
3260
3259
3257
3256
3255
3254
3252
3251
3250
3249
3243
3242
3239
3238
3237
3235
3233
3230
3227
3226
3224
3215
3212
3211
3210
3209
3207
3205
3204
3197
3195
3194
3189
3188
3187
3181
3180
3176
3174
3171
3167
3163
3162
3158
3157
3156
3154
3152
3150
3148
3147
3143
3142
3139
3138
3137
3135
3133
3130
3129
3127
3124
3123
3122
3119
3118
3117
3116
3112
3109
3106
3103
3101
3091
3085
3084
3083
3081
3080
3079
3072
3068
3067
3066
3065
3064
3063
3059
3055
3054
3053
3052
3051
3049
3048
3044
3041
3040
3038
3036
3035
3033
3027
3026
3025
3023
3021
3018
3017
3014
3013
3010
3009
3007
3006
3004
3000
2998
2997
2996
2994
2993
2992
2990
2987
2984
2979
2977
2976
2975
2974
2972
2966
2963
2961
2957
2954
2952
2951
2950
2948
2947
2945
2944
2942
2940
2939
2934
2932
2924
2921
2917
2916
2915
2914
2913
2912
2911
2907
2903
2902
2898
2897
2893
2891
2888
2887
2885
2884
2881
2878
2876
2872
2871
2865
2864
2863
2862
2860
2858
2854
2853
2851
2849
2848
2847
2846
2844
2843
2842
2841
2840
2839
2837
2834
2832
2831
2829
2824
2823
2821
2819
2810
2808
2807
2804
2802
2801
2800
2794
2792
2791
2789
2786
2784
2783
2780
2778
2771
2770
2769
2768
2763
2762
2759
2754
2751
2749
2748
2746
2744
2737
2736
2735
2734
2733
2732
2728
2727
2726
2723
2716
2712
2707
2706
2705
2704
2698
2697
2696
2695
2694
