107
829
3980
260
3218
61
866
356
4004
2902
192
585
979
945
219
1581
552
52
275
2487
1776
3624
1206
1854
2456
3729
3940
4025
154
1119
3952
875
895
881
850
796
832
3998
256
110
12
220
273
3092
383
717
237
3854
81
3798
892
667
3595
2119
124
3638
2899
112
3467
3489
2792
707
3808
3888
283
602
1890
3928
2452
935
3382
3665
1270
1252
216
11
3991
657
872
1443
1690
2269
801
3322
3125
704
3887
2876
379
3375
358
1057
406
3789
4018
1233
839
3963
3037
3439
3874
8
871
3953
3894
3606
3774
3812
3760
3561
3769
910
868
3981
480
181
3925
3727
6
319
4034
205
3290
241
3131
861
2505
3621
4031
3522
3985
3648
3504
2799
888
1474
1713
3271
3334
1564
217
63
83
51
3746
54
266
84
321
46
327
3742
225
629
338
2691
17
59
206
3094
295
85
230
129
121
120
79
2954
42
18
740
3112
3574
1007
93
2595
802
1701
1822
293
2388
3781
586
3003
3959
3984
2
3650
3643
2457
2842
501
564
1276
202
1498
3889
4033
3827
877
722
911
3055
3717
1455
562
1544
613
624
3398
3147
3770
3600
100
775
3691
3408
852
76
498
44
2168
996
336
2256
1937
3849
2814
2722
3230
1855
201
2721
3371
2204
2017
4001
2980
1268
37
468
3227
210
593
603
3380
3134
3570
643
3879
2975
3453
499
146
1401
3807
2358
2522
656
2442
1176
447
1151
3310
2838
3447
1486
3839
3973
2470
3689
3688
3441
689
2852
1853
950
3268
1586
3651
3582
1579
1262
2860
3451
3409
634
3875
1022
3686
1693
145
965
3059
574
1560
841
3444
3632
786
762
1477
674
164
1178
3389
207
581
411
1996
750
3058
3420
2375
1154
282
3589
1755
3270
1838
899
744
2453
3311
3159
3704
3572
279
3635
1967
3006
1640
2898
442
3109
1045
2952
43
785
2857
3520
2634
788
3432
3428
3788
3846
2725
2426
3787
2569
3370
2186
1952
3358
1792
267
1034
3748
663
1133
2596
702
2565
2437
3308
3127
2817
3515
3855
167
247
70
23
177
86
64
2788
1840
3354
3122
3200
3723
3530
3673
3454
2930
3961
3551
540
862
3977
3942
3619
3899
3957
3837
3757
3836
3759
3701
3519
3579
3476
3975
3571
3708
3465
3918
3720
3490
3585
3775
91
264
259
822
3751
1664
1607
1896
1043
3336
885
873
874
626
3989
4038
243
955
1254
3676
3314
2972
2889
3283
3318
3325
3008
2959
2982
2879
3423
3309
2767
2703
2670
2182
1105
1627
1027
3659
733
768
19
174
3699
3616
3799
3917
3725
3538
3743
3871
3445
3912
3739
3657
3628
3868
3892
3567
3541
3819
3473
798
195
262
4014
3986
3982
4030
4009
3997
4023
4019
3994
3996
790
818
791
817
858
879
3990
4007
4016
2382
2041
1797
3922
3536
3531
3580
3549
3446
3546
3814
3662
3905
3679
3863
1808
912
2301
2245
1956
218
152
306
464
95
147
1016
1403
1138
1562
991
1177
49
3180
2732
3181
3251
3372
4013
3995
3993
4020
4037
870
2861
2776
3141
3216
3053
254
101
339
73
65
346
5
48
108
194
57
300
24
329
294
213
189
50
27
148
242
13
1
3
222
29
311
82
102
325
221
204
251
126
72
331
342
123
276
320
281
141
330
94
92
53
299
106
171
268
16
165
103
186
117
77
31
197
21
169
274
246
98
188
170
119
308
224
158
109
62
89
236
334
323
159
10
332
118
104
30
252
248
238
176
172
71
263
99
68
289
313
232
161
285
180
297
135
280
132
26
223
203
122
56
272
39
315
249
187
88
150
261
345
200
67
317
258
257
231
212
142
127
156
113
75
25
304
291
168
162
245
240
175
344
341
324
322
314
298
290
278
277
271
265
239
235
227
214
211
199
196
185
184
178
160
153
134
133
128
111
105
96
80
74
55
47
45
40
36
9
7
116
28
0
343
144
326
115
337
137
310
328
4
302
296
151
140
14
149
347
340
269
20
78
131
312
38
226
155
284
318
87
130
333
286
250
229
208
179
90
66
60
41
35
139
22
303
69
163
125
288
309
307
301
255
244
143
97
4027
4000
3983
4017
4029
4024
3992
4028
4002
4021
4003
4006
4026
594
3988
4011
4010
4036
4035
4008
3987
4005
3999
4032
4022
4015
4012
732
789
836
691
746
890
693
837
760
756
737
754
842
821
833
690
781
706
835
830
787
831
709
809
730
703
853
808
886
876
844
701
803
777
739
727
893
882
729
763
770
765
687
855
843
816
779
749
736
712
711
700
696
869
800
769
840
726
721
688
784
724
811
731
805
799
845
823
793
758
720
716
773
752
738
734
694
848
723
827
748
713
812
810
792
695
838
807
783
820
819
797
759
705
3752
878
863
834
814
780
772
766
884
856
849
782
747
686
708
697
813
795
774
755
751
718
715
847
824
815
794
764
728
3911
3972
3602
3876
857
828
825
804
753
745
719
3784
3631
3610
3864
3700
3818
3634
3564
3636
3778
3562
865
698
3550
3944
3970
3847
3544
3896
3481
3763
3646
3810
3524
3958
3714
3512
3675
3761
3945
3903
3620
3493
3486
3960
3802
3641
3933
3484
3964
3655
3967
3664
3690
3554
3762
3642
3603
3687
3949
3862
3459
3765
3503
3559
3658
3703
3736
3832
3669
3914
3645
3474
3652
3464
3792
3878
3951
3593
3683
3552
3670
3462
3682
3463
3906
3617
3535
3553
3498
3753
3710
3452
3919
3695
3613
3479
3591
3719
3566
3644
3575
3817
3492
1085
3920
3828
3731
3702
3877
3501
3491
3627
3845
3790
3514
3521
3590
3625
3525
3542
3450
3950
3578
3518
3740
3773
3741
3693
3605
3457
3674
3931
3793
3718
3623
3534
3749
3833
3639
3806
3924
3794
3711
3705
3584
3558
3884
3858
3576
3976
3822
3509
3929
3873
3633
3915
3510
3506
3499
3907
3901
3587
3777
3618
3609
3456
3750
3568
3776
3821
3767
3696
3547
3861
3859
3782
3443
3712
3692
3677
3533
3891
3756
3672
3640
3910
3816
3556
3596
3528
3599
3908
3930
3804
3921
3496
3926
3852
3497
3881
3786
3468
3482
3971
3948
3830
3604
3825
3466
3969
3826
3680
3458
3886
3667
3656
3540
3824
3730
3527
3771
3869
3758
3840
3722
3713
3573
3472
3649
3594
3581
3516
3577
3438
3706
3555
3927
3511
3936
3698
3508
3968
3872
3831
3697
3461
3895
3841
3545
3783
3607
3500
3966
3902
3684
3488
3485
3956
3630
3469
3850
3835
3735
3728
3715
3608
3962
3943
3838
3800
3796
3737
3448
3791
3470
3938
3851
3965
3955
3947
3937
3923
3913
3909
3900
3898
3897
3870
3867
3866
3860
3842
3829
3815
3813
3809
3803
3797
3795
3785
3780
3779
3768
3766
3764
3747
3738
3734
3721
3707
3694
3681
3666
3663
3661
3660
3654
3629
3615
3612
3611
3601
3598
3586
3583
3569
3563
3557
3529
3526
3523
3517
3507
3505
3502
3495
3487
3483
3480
3478
3475
3460
3455
3449
3442
3440
3437
3754
864
891
757
710
761
771
889
851
826
725
714
742
854
806
778
767
735
699
741
846
880
887
883
743
