107
714
3985
2596
2704
3846
138
35
2788
3451
244
4016
4010
3999
3984
674
3733
267
2798
76
608
1362
356
4015
668
3282
593
1262
1194
179
883
1581
49
1776
1053
3159
1119
1208
287
656
1096
218
411
4018
3935
3689
1386
2971
1486
269
3686
3183
33
679
2041
3589
114
3959
120
2814
1276
1690
3059
955
191
157
1755
3413
147
1956
3269
1353
985
3765
1031
2269
155
336
52
295
610
4008
4006
3603
1264
263
3709
3904
1797
293
3742
1087
2178
2219
11
3268
18
870
878
1430
743
867
1670
1896
855
790
785
749
704
253
3755
529
875
1206
167
3588
884
1034
3660
3472
918
2922
70
2380
2808
1924
1627
894
892
891
3530
3653
3037
3678
2857
2281
3333
2481
3820
377
3942
379
3338
3370
216
798
358
571
624
613
2382
207
289
1394
2457
2167
3748
10
3801
3879
2776
2106
247
1607
1151
2767
3807
1030
1176
3853
3885
210
532
2487
32
1476
872
887
885
874
776
886
804
895
871
858
881
879
3407
2321
3849
3954
156
124
2634
100
286
81
181
273
306
275
195
4
328
78
1890
1002
1105
910
192
1046
1586
533
472
270
4036
4005
4025
4007
3990
282
3746
3986
4037
4033
4011
4020
3995
3993
4000
4002
4004
4026
4031
3989
4017
4030
4014
3988
4021
3996
4023
4038
4034
4019
4013
4009
4003
3992
3991
3987
3983
3982
594
3998
3997
3994
3981
3980
4027
4035
4032
4024
4029
667
4001
4022
4012
4028
816
717
813
768
746
702
822
806
802
789
890
861
796
854
690
763
809
722
729
876
889
863
873
851
812
753
693
765
723
759
793
733
706
700
850
845
833
826
808
791
788
786
782
767
760
757
751
750
744
742
738
735
725
721
712
710
707
692
691
689
847
831
856
737
792
779
839
771
736
732
724
842
836
794
715
708
811
810
731
827
800
797
769
741
799
795
762
758
755
711
764
740
696
846
829
784
843
807
803
787
783
730
716
821
778
773
713
697
694
834
770
720
705
888
882
880
866
865
828
820
819
835
824
815
754
703
849
780
777
766
752
748
727
719
701
695
688
687
686
853
844
840
837
823
818
817
814
781
774
772
761
756
747
745
739
734
728
726
718
698
848
838
830
805
709
877
859
869
801
775
699
825
832
893
852
860
841
864
868
857
3682
3963
3949
3539
3890
3565
3839
2094
2437
2168
3939
3441
3645
3679
3923
3745
3606
3478
3871
3787
3920
3664
3967
3933
3809
3747
3769
3936
3865
3665
3899
3893
3476
3465
3895
3770
3493
3818
3671
3607
3508
3977
3598
3498
3536
3662
3777
3668
3754
3492
3840
3903
3591
3803
3972
3706
3613
3941
3681
3637
3663
3953
3477
3940
3970
3626
182
2621
1915
2301
2455
2421
1996
2008
1949
2545
2632
2388
2375
2230
2562
2580
2314
2181
2013
1240
384
657
605
3833
3696
3916
3784
3781
3978
3538
3546
3834
3619
3509
3444
3583
3617
3445
3855
3646
3555
3468
3905
3918
3524
3727
3500
3965
3701
3519
3743
3628
3595
3567
3473
3464
3961
3566
3504
3789
3632
3715
3822
3802
3572
3864
3892
3868
3964
3791
3776
3587
3924
3909
3883
3479
3945
3761
3529
3510
3921
3867
3862
3535
3648
3652
3600
3728
3615
3521
3442
3931
3768
3719
3569
3486
3458
3969
3870
3866
3792
3975
3957
3836
3774
3757
3675
3891
3611
3837
3708
3764
3601
3558
3752
3528
3485
3827
3778
3698
3872
3808
3658
3506
3459
3592
3900
3896
3821
3794
3515
3793
3758
3483
3814
3551
3496
3644
3602
3469
3460
3767
3876
3850
3835
3753
3740
3735
3722
3685
3599
3505
3585
3580
3549
3531
3937
3915
3906
3829
3738
3630
3582
468
3556
3832
3562
3516
3481
3934
3475
3790
3730
3640
3457
3831
3672
3547
3526
3491
3951
3882
3878
3826
3718
3714
3690
3564
3554
3466
3463
3804
3635
3741
3667
3625
3898
3523
3514
3785
3731
3488
3852
3930
3913
3838
3737
3627
3557
3518
3497
3452
3440
3700
3800
3642
3527
3659
3828
3590
3480
3462
3927
3847
3779
3532
3938
3929
3604
3517
3971
3966
3760
3889
3525
862
3968
3948
3884
3797
3654
3438
243
2585
97
321
146
2540
2522
2362
2656
2497
2166
2427
2618
2358
2177
987
2000
2270
2538
1958
2486
1992
2568
2403
2248
2439
2320
2100
2527
2422
2476
2383
2587
2552
2158
2316
2082
2513
2170
1968
1933
2262
2197
2021
2523
2263
2651
2265
2256
2591
2452
2311
2524
2366
2080
2412
2397
2070
1961
2121
2371
2156
2217
2228
1922
2570
2238
2393
2162
2160
2130
2650
2515
2444
2349
2255
2207
2546
2517
2147
2011
2614
2017
2258
2204
1914
2237
2056
1942
1973
2152
2447
2261
2060
2435
2192
2337
2027
1995
2001
2625
2423
2131
2112
2644
2286
2454
2118
2088
2044
2549
2410
2391
2376
2339
2300
2299
2150
2139
2069
2313
2049
2406
2023
2554
2532
2477
2460
2212
2164
2098
2093
2084
1917
2628
2577
2488
2448
2405
2361
2342
2317
2236
2173
2120
2089
2035
1975
2329
2271
2257
2210
2095
1957
2655
2563
2499
2418
2409
2404
2387
2348
2307
2206
2104
2078
2077
2059
2058
1986
1925
2638
2631
2607
2556
2504
2485
2469
2428
2326
2303
2619
2604
2575
2564
2331
2306
2229
2220
2190
2172
2154
2142
2123
1997
1984
2503
2440
2633
2626
2202
2022
2654
2646
2630
2624
2593
2561
2559
2408
2392
2359
2354
2352
2340
2324
2308
2290
2253
2218
2200
2109
2045
1971
1963
1918
2583
2364
2346
2297
2159
2018
2657
2648
2627
2620
2494
2024
1980
1935
2413
1693
355
501
441
351
655
464
393
166
628
640
665
643
633
616
626
588
615
660
618
670
599
666
597
589
681
675
659
573
685
654
631
381
477
661
632
595
583
578
466
429
3979
3976
3974
3973
3962
3960
3958
3956
3955
3950
3947
3946
3944
3925
3917
3914
3912
3908
3907
3897
3894
3881
3880
3877
3875
3874
3869
3861
3860
3859
3857
3845
3825
3823
3819
3817
3815
3810
3806
3799
3788
3786
3783
3782
3780
3773
3772
3771
3766
3763
3762
3759
3739
3726
3725
3724
3723
3721
3720
3713
