0
4008
4015
3984
613
2596
1145
358
335
287
3453
875
1834
43
3729
3885
1854
2691
3037
2792
4034
4024
594
3980
3981
3982
3985
3986
3988
3989
3993
3994
3995
3997
3998
4000
4002
4004
4009
4014
4017
4018
4019
4020
4021
4023
4026
4027
4030
4031
4038
4003
4013
4011
4037
3996
3999
3990
4025
4007
4016
4005
3992
4033
3991
3983
4028
4006
4032
4036
4029
4001
3987
4012
4010
4035
4022
892
602
2079
1560
3974
801
668
210
18
209
607
15
292
114
674
2842
1581
585
11
2269
3570
1386
3451
608
918
2470
3856
2457
3709
911
550
3183
2569
3798
891
3748
3935
1206
3031
1466
447
3230
12
3820
3071
74
1096
883
638
2195
215
37
624
1119
692
3853
3650
581
3268
33
3407
3746
3846
42
244
642
233
256
282
286
47
1224
401
145
52
316
255
241
70
3942
2541
138
1233
90
1690
749
3854
1395
750
377
2382
153
775
468
305
3807
2788
3408
1326
3589
1262
205
3879
3704
859
183
443
3959
3808
160
3688
3134
744
1270
279
154
3922
2857
379
234
2704
1558
1394
1176
2814
1967
3875
3006
3282
841
2740
860
1430
1755
648
699
1065
1276
35
3732
3125
216
267
179
3801
81
301
1046
904
3560
386
356
743
2483
411
157
3691
2595
3413
1586
1253
2922
155
2178
1071
2975
2952
656
383
2714
2380
293
253
3811
3699
3582
182
3717
2798
97
2168
1546
899
336
321
112
2722
660
448
240
3575
3467
3375
1760
71
2860
1252
228
76
2808
1353
785
499
207
3928
1627
1362
667
571
3816
1208
454
164
61
3955
3597
1034
3744
2442
1693
1027
247
191
3733
2998
49
3689
2481
294
854
2527
1383
2838
757
1194
2441
201
166
3946
3882
3619
2971
1713
1105
1002
270
262
3953
3897
3494
893
855
552
384
174
124
120
3939
3143
3121
3003
1510
788
327
3954
3865
3765
3653
1856
1031
894
877
652
3565
2106
1969
1022
996
884
467
406
307
190
3910
3887
3781
3673
3588
3537
2963
2885
1937
1762
1651
1200
865
852
717
673
289
220
3686
945
832
453
288
206
202
125
3978
1996
1797
1579
851
790
572
530
192
3965
3227
3059
2855
2167
1474
1455
351
264
3952
3849
3429
2219
2204
864
3795
3742
3694
3290
3271
2634
2565
1776
1486
868
721
671
610
593
485
250
34
3925
3848
3839
3805
3544
3477
3444
2817
2774
2736
2692
2437
2230
1890
1777
1417
1295
1147
1057
866
3844
3787
3678
3676
3489
3310
3305
3270
3147
3074
2980
2721
2580
2431
2015
1838
1607
1476
1264
1038
929
873
802
735
562
472
283
219
193
110
86
32
3977
3963
3932
3893
3751
3749
3727
3724
3661
3660
3637
3626
3606
3502
3432
3127
3055
3044
2824
2671
2621
2528
2505
2493
2422
2375
2263
2227
1924
1792
1657
1521
1498
1442
1354
1346
1151
987
887
870
816
796
679
649
621
549
533
464
393
365
349
338
269
263
245
235
229
163
147
117
95
77
46
27
3979
3976
3975
3973
3972
3971
3970
3969
3968
3967
3966
3964
3962
3961
3960
3958
3957
3956
3951
3950
3949
3948
3947
3945
3944
3943
3941
3940
3938
3937
3936
3934
3933
3931
3930
3929
3927
3926
3924
3923
3921
3920
3919
3918
3917
3916
3915
3914
3913
3912
3911
3909
3908
3907
3906
3905
3904
3903
3902
3901
3900
3899
3898
3896
3895
3894
3892
3891
3890
3889
3888
3886
3884
3883
3881
3880
3878
3877
3876
3874
3873
3872
3871
3870
3869
3868
3867
3866
3864
3863
3862
3861
3860
3859
3858
3857
3855
3852
3851
3850
3847
3845
3843
3842
3841
3840
3838
3837
3836
3835
3834
3833
3832
3831
3830
3829
3828
3827
3826
3825
3824
3823
3822
3821
3819
3818
3817
3815
3814
3813
3812
3810
3809
3806
3804
3803
3802
3800
3799
3797
3796
3794
3793
3792
3791
3790
3789
3788
3786
3785
3784
3783
3782
3780
3779
3778
3777
3776
3775
3774
3773
3772
3771
3770
3769
3768
3767
3766
3764
3763
3762
3761
3760
3759
3758
3757
3756
3755
3754
3753
3752
3750
3747
3745
3743
3741
3740
3739
3738
3737
3736
3735
3734
3731
3730
3728
3726
3725
3723
3722
3721
3720
3719
3718
3716
3715
3714
3713
3712
3711
3710
3708
3707
3706
3705
3703
3702
3701
3700
3698
3697
3696
3695
3693
3692
3690
3687
3685
3684
3683
3682
3681
3680
3679
3677
3675
3674
3672
3671
3670
3669
3668
3667
3666
3665
3664
3663
3662
3659
3658
3657
3656
3655
3654
3652
3651
3649
