107
781
3907
184
4023
3999
19
2922
3624
4006
4009
264
3974
71
3382
1713
3519
1206
3479
3567
81
1586
218
275
3122
4037
3905
3787
3894
2513
3789
301
3953
895
887
1386
1096
3322
689
1027
892
3742
3699
1797
533
18
518
2596
3961
3156
2167
3283
14
1178
574
893
135
3745
871
1046
3401
3649
3747
3477
1197
153
3561
4010
582
3445
337
508
2703
1403
2732
377
1200
91
58
904
320
1154
273
5
568
302
344
23
15
2493
3908
3998
4014
4032
1362
4027
3626
2569
3536
1240
1937
293
3671
572
262
2079
3180
707
2752
1977
3489
3995
490
3147
3530
638
3143
1776
2262
2256
4033
1119
2041
2130
1915
2570
1651
2422
2421
2160
3061
253
3511
552
3133
2975
247
3003
68
1266
163
3846
464
1218
602
3959
3925
3031
46
1354
3950
624
3748
3928
3333
3012
761
2814
1430
3934
3920
505
1711
3244
1670
3088
6
3977
3839
571
3691
564
1193
3893
1007
1002
1755
2740
1607
27
2380
3856
1145
3767
929
894
1138
3901
3709
1658
386
816
881
145
43
1103
660
1585
3461
411
1499
1889
3724
3555
2412
2106
2558
2667
3993
2265
2930
3181
2942
190
240
187
3552
3844
1224
201
2957
349
243
32
1161
647
600
576
665
658
1030
3565
3613
3481
3376
3193
289
17
3008
2535
3418
1579
877
3723
477
935
1854
3439
3932
791
3644
806
3773
732
691
1013
3083
3128
2949
3664
3859
3807
2622
2426
562
3806
3682
2595
3354
181
918
286
2746
3015
3874
3898
3217
3502
699
2692
3581
744
3144
2838
3975
3557
3013
403
2845
1248
1144
3708
3628
2858
3770
2804
2515
3614
1356
476
3007
909
3048
1233
307
65
4
208
3121
150
2885
3470
10
336
276
309
3930
3836
3408
258
267
238
2737
317
290
3474
3093
100
12
1
939
648
3941
3110
3635
1264
3996
1474
4029
2727
1073
3161
619
3990
3361
383
1000
2789
4002
3197
426
4016
4012
502
3984
3963
3834
749
3729
3227
3074
3763
296
3700
131
2846
2522
138
1023
3016
1297
594
4013
3413
556
608
3954
3991
3983
1541
3655
4005
2012
949
4028
2687
3037
1127
900
365
3771
2688
340
3712
453
2852
2541
3547
3903
1548
2725
474
1234
2715
2926
3676
3788
3533
1254
1775
1346
2811
3587
64
855
3681
1445
875
987
381
3564
682
874
3623
1058
174
2812
3781
341
393
794
1167
668
1727
494
1176
3165
2168
2517
288
3952
1077
757
1856
3375
2634
382
979
678
1157
3173
2503
1223
1629
3246
1543
351
3749
3570
255
2696
221
217
379
4007
3600
3326
813
1518
2998
2286
825
851
3936
1063
850
3784
3189
177
676
3663
1401
860
644
1627
1252
3498
3694
3610
2799
3269
832
1174
3696
3725
3603
2685
2373
3879
534
1492
1325
3808
371
1263
1834
2119
343
3718
95
3661
4008
2968
303
1042
1033
282
416
210
3139
569
388
586
90
1220
2816
2776
2219
3310
3865
902
1326
1802
2204
3716
1648
390
3916
890
671
3929
356
3451
3746
1930
468
973
3569
837
3494
447
256
848
233
846
769
114
35
3125
164
338
868
2842
720
558
3827
2470
76
2230
863
3665
3432
443
3424
811
3632
52
2971
3885
300
143
3802
3006
3673
974
245
154
34
3071
2182
1276
120
459
943
3843
3572
287
3650
2281
3282
152
743
2790
1353
784
1372
209
2437
3582
802
3487
86
2857
3850
826
937
216
3307
2565
2158
2013
2388
182
2452
610
2113
3459
2531
2270
1865
2034
3421
2792
2860
808
858
3765
1933
2107
2146
864
2366
2217
1071
1996
2249
244
2441
192
730
3486
487
3897
425
2656
3713
3615
3466
2751
49
1385
2514
3343
3878
1533
1758
798
3208
1910
512
3911
2774
2961
1134
4025
3100
4001
3957
3492
3707
197
284
2808
364
1453
950
1136
1676
1061
435
555
3571
2527
3887
3537
2886
789
822
3566
776
867
873
885
1098
2972
3427
3637
951
259
242
330
249
94
229
4004
3329
3099
2439
2621
2548
2450
1441
1055
1822
1477
879
768
818
736
1053
1552
3958
3803
171
1105
3560
3504
147
89
1476
1678
2735
457
3500
3967
3960
3776
2805
2997
3020
2983
2837
3010
3317
3030
2809
3888
3872
3522
3551
3503
1016
1562
1779
1564
99
227
2791
3777
3507
3896
2995
2238
1965
2455
2156
2114
2260
2120
2405
2403
2341
2360
2431
2227
1657
912
910
491
4021
3988
2291
467
3882
1203
3727
3922
4031
3989
4038
4019
3880
3548
61
124
101
24
418
78
195
139
108
159
110
1202
3325
2834
478
137
167
310
41
44
3743
3857
3912
3892
3595
3541
3657
578
681
650
659
643
599
583
640
662
628
595
577
670
661
615
627
961
3607
3505
3639
3562
3338
616
663
1088
1641
1165
140
214
2767
2959
2879
3318
3309
2699
2094
2487
2301
2245
2693
357
485
554
551
516
486
433
472
3513
3638
3799
3647
3616
839
788
833
771
725
702
3336
3126
2650
2320
2401
2486
2349
1992
2170
2076
2444
1982
1988
3447
3814
3679
3751
3923
3720
3812
3662
3053
2861
3200
328
306
3739
3917
3516
3919
3883
3594
3523
3695
3837
3918
3675
3476
3942
3701
3579
3965
3465
3612
3759
3757
2889
3311
3314
2982
2670
3423
251
148
127
50
126
235
206
88
84
257
222
75
66
297
146
318
69
7
265
82
48
21
231
156
31
3
2
121
105
329
246
325
232
271
158
79
281
169
98
141
104
59
56
295
188
185
334
272
119
342
331
172
298
261
212
118
72
304
252
203
161
9
311
291
134
122
180
20
315
224
332
109
339
213
200
178
40
236
25
36
170
285
280
239
186
26
113
277
123
211
199
67
248
54
254
204
196
92
326
324
323
322
314
308
279
274
241
176
142
132
102
85
83
60
55
47
13
11
53
346
73
0
299
57
80
8
4003
4030
3981
3997
3982
4020
3986
3994
3980
4011
4026
4018
4035
4024
3985
4015
4036
4022
3546
3863
3549
3490
3441
278
175
230
112
312
333
226
115
319
327
4017
4000
4034
3992
129
165
263
194
62
30
133
96
39
130
106
313
268
345
215
193
103
87
77
168
29
266
162
116
157
149
427
155
144
166
111
173
347
237
220
202
70
37
260
22
234
223
128
16
28
63
207
283
74
125
45
316
93
305
294
42
38
219
225
250
205
160
151
97
189
270
183
51
228
191
117
2335
2070
2497
2474
2181
2166
2618
2488
2049
2636
2017
2490
2089
2251
2091
2173
2577
2614
2562
2277
2371
2231
2193
1949
2581
2035
2424
2228
2082
2402
2092
2362
2523
2085
2044
2303
2214
2258
2393
2383
2208
2544
1952
2211
2126
2141
2606
2021
2645
2027
2350
1983
1995
2391
2459
2312
1931
1914
2263
2482
2448
1961
2093
1956
2628
2080
2308
2342
1960
2322
2152
2462
2443
2637
1942
2397
2644
2540
2361
2197
2440
2226
1944
2205
2480
1963
2658
2626
2585
2329
2489
2409
2576
2504
2484
2433
2611
2520
2244
2136
2449
2122
1953
1986
2020
2096
2552
2363
2253
1917
2550
2370
2055
1984
2048
2296
2162
2233
2155
2568
2425
2406
2473
2612
2036
1969
2553
2460
2210
2164
1962
2561
2418
2307
2237
2593
2542
2353
2339
2655
2331
2266
2058
1929
2578
2485
2340
2200
2112
2056
2033
2037
2005
2590
2469
2376
2352
2323
2104
1989
2619
2430
2115
2077
2539
2507
2495
2464
2206
2179
2098
2654
2564
2454
2395
2387
2359
2356
2311
2309
2190
2123
2103
2090
2624
2591
2532
2477
2428
2218
2216
1993
2615
2559
2554
2551
2348
2229
2201
2131
2499
2410
2354
2213
2154
2109
2095
1971
2549
2546
2506
2500
2446
2386
2369
2326
2184
2121
2086
2046
1938
1918
2646
2638
2404
2324
2299
2240
2188
1946
2264
2536
2423
2278
2257
2259
1970
2432
2222
2232
1966
2652
2560
2242
2060
2610
1964
2416
2379
2209
2186
2605
2630
2623
2604
2586
2526
2468
2355
2300
2276
2271
2088
1979
1973
2014
2024
2000
1958
2192
2389
2447
2025
2538
2061
2011
2659
2337
2297
2004
2006
1919
2159
2648
2157
2221
2603
2392
2496
2438
2429
2288
2147
2525
2185
2417
2415
1932
2414
2234
2529
2318
2633
2631
2625
2613
2602
2574
2524
2502
2492
2476
2442
2435
2346
2317
2287
2272
2261
2236
2212
2202
2177
2129
2078
2075
2073
2069
2067
2066
2065
2059
2030
2029
2019
2016
2009
2008
1987
1967
1934
2285
2252
2137
2343
2161
2411
2313
2145
2023
1975
2198
2246
1923
2589
2512
2031
2298
2436
2385
2063
2003
1985
1981
1920
2547
2458
2328
2471
2445
2143
2274
2110
1948
2330
2203
2057
2588
2508
2649
2582
1968
1951
1935
1921
1465
2530
2040
2600
2579
2575
2521
2478
2374
2306
2290
2275
2220
2165
2150
2140
2139
2118
2108
2083
2064
2032
1997
1943
1718
2390
2345
2519
2617
2498
2325
2235
2169
2153
1939
2133
2463
2396
2315
2243
2191
2054
2609
2597
2132
1994
2642
2472
2344
2268
2336
2332
2289
2239
2087
1947
2180
2196
2071
2607
2601
2592
2573
2563
2556
2518
2510
2467
2427
2408
2407
2381
2334
2172
2142
2124
2084
2074
2045
2043
2372
2176
1940
1925
2451
2377
2135
2068
1926
2338
2053
2042
2608
2516
2434
2223
2215
2062
2101
2026
1577
2501
2479
2394
2293
2279
2254
2102
2052
2571
2475
2419
2399
2367
2304
2148
2038
2002
1941
2284
2050
2639
2627
2225
2097
1980
1976
1928
2620
2116
2018
1972
2001
2657
2583
2365
1957
2647
2364
1999
1991
1927
2653
2511
2509
2465
2398
2327
2280
2189
2174
2163
2149
2072
2007
2400
2319
2151
1916
1912
2635
2491
2351
2295
2282
2111
2047
2010
2598
2533
2305
2273
2267
2127
2125
2028
1959
1955
2616
2594
2384
2302
2292
1954
2643
2567
2557
2543
2537
2368
2294
2247
2199
2187
2144
2629
2555
2461
2420
2347
2333
2241
2194
2183
2134
2081
1945
2494
2171
2022
2660
2640
2378
2283
2250
2224
2138
2128
2117
2039
1998
179
136
335
3886
3535
3656
3563
3617
3601
3473
3659
3667
3622
3568
3823
3464
3460
3979
3550
3829
3921
3782
3881
3927
3866
3956
3529
3833
3485
3438
3496
3809
3766
3508
3625
3517
3855
3714
3534
3586
1085
3841
3573
3793
3690
3821
3469
3524
3945
3583
3869
3931
3969
3909
3760
3731
3540
3501
3790
3711
3605
3940
3715
3636
3858
3575
3800
3440
3797
3654
862
3899
3783
3478
3933
3915
3971
3780
3462
3737
3491
3480
3873
3948
3944
3851
3904
3794
3947
3810
3590
3705
3618
3526
3970
3633
3756
3692
3525
3449
3768
3764
3951
3792
3758
3558
3463
3906
3721
3450
3943
3889
3734
3677
3674
3669
3828
3804
3785
3640
3574
3556
3620
3703
3687
3824
3762
3750
3651
3578
3913
3838
3627
3902
3852
3862
3815
3666
3772
3609
3710
3867
3791
3685
3835
3826
3506
3704
3672
3658
3576
3452
3697
3456
3774
3964
3698
3966
3817
3621
3545
3484
3448
3499
3472
3924
3648
3740
3521
3693
3518
3497
3495
3818
3706
3584
3642
3512
3680
3443
3471
3871
3868
3604
3528
3938
3830
3670
3611
3542
3646
3458
3926
3884
3877
3860
3845
3730
3702
3559
3475
3847
3728
3629
3861
3779
3553
3442
3900
3895
3891
3876
3864
3842
3831
3738
3736
3735
3684
3668
3643
3608
3599
3598
3596
3593
3591
3580
3577
3554
3543
3538
3527
3514
3493
3488
3455
3454
3778
3437
3753
3539
3652
3786
3849
3822
3769
3972
3631
3683
3482
3630
3468
3444
3678
3914
3531
3825
3976
3832
3813
3532
3840
3592
3483
3870
3962
3634
3602
3719
3722
3741
3968
3761
3653
3588
3467
1537
3805
3775
3732
3754
1283
991
3446
3796
1087
3544
3510
3515
3457
1838
923
3645
3939
3811
3752
3744
3726
3689
3688
3520
3795
3955
857
3509
3937
3819
3801
3453
3910
3686
3755
3816
3890
3978
3973
3619
3589
3946
3848
3585
3949
3717
3935
3854
3820
3641
3597
865
3606
3798
3660
767
712
714
878
742
733
807
844
760
854
710
856
779
786
772
715
734
687
777
711
690
845
756
810
783
766
716
696
812
754
738
741
706
838
835
830
765
701
843
709
869
800
751
748
724
708
694
795
755
841
831
840
829
770
759
737
849
834
787
753
747
718
803
842
688
836
728
695
752
731
727
847
820
809
780
763
726
722
705
703
697
693
824
817
814
774
773
713
700
758
740
828
827
823
792
853
805
797
793
686
745
739
819
815
799
764
719
762
790
880
821
889
778
891
861
721
796
723
698
717
692
729
888
886
804
735
876
882
704
884
750
782
746
872
866
785
870
3733
852
859
3875
883
801
3853
1251
1825
1494
775
3290
1171
3400
3176
2807
2954
3273
3275
2456
2632
3103
3405
3218
2710
3243
3383
3001
2587
2321
2545
2015
1922
2534
3095
2798
3174
3042
2945
3039
3264
3241
2818
3151
3249
2762
2734
3207
3380
3308
3250
2917
1505
2923
2747
3271
3428
3229
2899
2731
2761
3300
3130
3228
3257
2756
3414
3388
3045
3127
3315
2854
3029
2773
3044
2850
2741
3080
3054
3085
2908
2794
2907
2874
2777
3158
3023
2743
2673
3410
3323
3313
2702
2841
2918
3349
2843
3260
2684
1450
3212
3058
3270
3263
2686
2984
2801
2744
3404
3289
2958
3109
3043
1342
2584
2100
2175
1978
2413
2815
3293
3226
2749
2929
3426
2974
2800
2759
2695
2977
2821
2698
3163
3135
3004
2872
3303
2827
2745
3184
3064
2877
2755
3433
3304
2896
2664
3234
2967
2867
3305
3287
3248
3395
3187
2964
2848
3285
3041
3032
3167
3379
3062
2965
3196
3077
2914
3242
3223
2990
2709
3204
3005
3221
3107
2690
3331
2900
3186
2892
3199
2973
2946
3266
3288
3256
2831
3390
3108
3026
2668
3105
3386
3261
3292
3365
3225
2847
3142
2786
3202
3098
2897
2675
3141
2919
3178
3392
3123
2993
2987
2981
2890
2851
2729
2931
2835
3430
3104
2663
2938
2810
3036
2888
3327
3435
2683
3324
3065
2978
2680
2986
2943
2681
2676
3384
2766
2738
3056
2864
2757
3238
3090
3052
3040
2913
2905
2891
3364
