107
745
3584
265
3980
2703
2822
564
3682
226
3669
3892
2817
2349
3820
858
4002
3897
3708
3911
733
157
1176
979
1788
928
600
1421
2898
2855
1030
175
190
476
18
3459
3446
3994
140
4029
895
2686
2818
3423
3161
2963
3105
206
328
321
335
3990
4032
2702
3410
2766
3530
125
3865
3717
4024
3928
3565
298
17
237
294
3965
3523
3941
3863
38
3538
3465
3899
346
689
3562
3815
888
721
877
811
894
792
209
674
608
585
2596
1096
467
2814
1558
1071
3271
572
2167
2776
464
2885
1607
1937
1486
2441
1016
1295
1713
1476
2034
1711
679
2388
3338
2358
480
2255
663
1822
380
2558
405
623
1064
495
933
1733
3138
554
2744
2900
2723
2727
2685
2357
3388
950
2826
1865
1889
3333
1387
909
1664
3305
3429
1297
2798
3290
3218
243
2952
202
2975
110
264
2857
81
3031
3807
6
114
182
35
256
154
33
37
718
870
732
789
3645
72
3995
115
4015
28
4017
3986
3309
46
441
3997
3988
1579
4036
2984
3231
2967
3194
3171
2965
3139
2856
2962
2990
3222
661
3254
2954
1088
3015
2895
2933
3099
1177
2959
2980
956
307
2922
259
3074
3589
138
160
327
47
15
3549
3301
2672
3260
3390
3262
3275
3286
2762
2697
3242
2879
3370
3487
23
177
3955
191
336
3963
3954
3787
147
3811
3798
3746
255
3650
90
4025
235
181
3727
3704
3447
3879
3732
112
4022
3961
189
3489
3716
3952
43
208
229
860
24
222
22
3649
3843
3827
3457
3970
3946
3781
88
106
3977
340
3795
3616
868
268
65
156
197
29
3890
30
3837
3452
224
3503
318
3878
3627
272
3712
876
3768
3760
3803
3927
3876
3634
3762
3561
3933
3614
3835
3867
3707
3591
3772
3825
3903
3791
3557
3518
3620
707
863
746
816
818
850
710
826
799
769
887
884
864
763
762
717
872
693
848
802
777
727
758
731
747
1834
2569
70
1586
668
602
2792
379
447
1394
1224
358
1270
2382
386
3037
1105
356
1693
2481
3181
3282
1690
648
667
3408
1395
3006
1967
660
1233
2094
1996
2799
3003
3121
2634
498
1383
2015
2442
929
2722
349
656
571
2100
1157
3376
1961
1442
1856
649
1346
1038
2805
1455
652
1168
1301
593
2219
1777
1498
2632
3217
2651
1640
2517
610
657
3389
1731
1521
2051
365
1045
3436
935
1008
1905
576
1445
2514
433
2316
2515
2545
2080
2949
2166
2452
491
1411
1934
2014
2105
584
986
1013
2695
2453
1892
2070
1748
551
598
2181
1478
611
470
521
666
2082
2298
905
1308
543
1658
489
536
1667
1870
1928
1321
1738
2035
1592
2025
1081
1451
1884
915
2067
2660
1275
1751
1639
1732
1505
596
1001
1960
3213
2029
1337
994
1656
1567
2908
1671
3319
