107
1912
2104
1684
1966
2220
2347
2078
2410
1086
3437
1557
2064
1429
1730
1941
1204
1456
3412
2047
2289
1431
2553
1617
1809
2369
2880
1352
896
1971
2604
1766
771
2115
1662
957
1516
2430
2007
3277
2083
2211
3254
1845
2683
2124
309
1335
2133
2815
1479
2550
2117
2325
997
3842
1160
2399
1269
2866
2883
1589
1668
2359
67
1893
2200
3291
3241
3380
2129
1591
0
617
2897
698
348
2142
1578
2032
1491
3449
984
2937
526
2838
3256
856
2929
165
1827
3077
2040
3523
951
2451
1277
483
2863
2630
1967
89
258
955
2474
1637
2214
669
2634
913
2749
1555
2087
2315
1691
546
2174
609
3233
392
1060
605
2386
1038
1077
418
1291
1078
3295
2658
3060
1930
3208
2296
1366
2665
3384
3800
1940
2591
2057
1318
1358
2191
1984
1737
1205
1652
1390
2994
2946
3252
1769
843
1700
2694
2906
3818
2343
2894
1630
2059
226
3970
1375
2969
11
1604
1573
25
3676
1811
2752
3684
2379
2663
3757
3962
307
1881
2986
3873
653
1049
1241
1626
3979
80
958
2720
2182
2065
3022
3550
2037
1551
1196
3267
3212
2810
3348
1816
2030
2498
2318
3143
2000
963
426
1857
1259
2247
1136
2629
2039
1012
399
3121
3821
391
103
3244
1886
3872
1325
514
641
2396
2072
86
874
3340
2920
3637
773
3974
186
1862
500
315
2116
2302
2628
3740
3571
2796
2236
996
3986
2729
1949
556
2568
99
157
344
98
2727
362
3194
804
2118
1513
146
659
118
682
1707
2449
2855
3748
3738
2995
281
738
2173
2336
687
2304
2390
3719
2735
458
479
2284
581
2482
3339
3213
2659
2229
3190
2488
3442
3027
3542
3151
2777
1671
2123
7
699
1041
2996
2728
1116
2861
2952
3705
4031
2425
1097
1621
2073
871
1224
3454
3933
3011
1706
2520
3228
3448
3824
3327
1884
1627
1191
3958
2716
1613
1977
2753
2275
2884
1067
1576
3985
2044
1655
2217
394
3036
319
3989
2922
2953
1408
1278
3703
1019
3071
2842
97
1858
455
196
1414
2028
1594
3793
3237
797
1778
2187
1166
1748
220
893
3187
3508
3938
240
1735
3318
751
1664
2459
2204
2987
2476
2804
422
3998
175
410
31
3851
2144
2654
2467
1685
1285
3921
3302
2478
1831
3628
2999
2570
1866
2648
2156
2927
2097
3372
853
1585
993
3988
3093
2101
2534
2332
506
430
397
1424
3683
1231
1592
952
3504
1420
1973
1180
3706
2424
3417
4007
1079
439
2010
897
78
1213
820
3266
837
855
2801
2669
2941
323
3847
3888
454
1548
1359
66
571
2222
1595
3145
909
892
2900
1742
329
1531
3049
1497
138
534
3653
710
2502
2915
41
3319
3716
857
1745
3552
2885
3627
1271
1164
4017
1995
761
1942
1529
582
1364
2625
3485
877
1148
852
3756
3943
3422
3411
126
3727
3346
1311
3251
1347
492
841
3690
3725
2891
1022
1340
2725
2147
1374
2483
3239
94
1107
3146
1518
3614
1252
1140
1176
750
2082
2402
2141
508
1928
373
558
1182
1791
1104
1903
3910
621
2737
2345
1927
844
2340
3750
3370
486
3713
635
3156
3649
84
38
3268
117
263
47
1379
2501
3021
591
2961
3265
1478
453
1559
3984
3059
3080
2988
2193
3531
3557
1826
1275
3707
727
3616
1047
2878
284
1406
1281
1715
1029
3000
1914
3474
1846
1619
3837
3525
541
465
200
3177
1395
847
2001
3343
170
3070
3753
3585
2054
3971
3917
2303
3087
1877
3114
1812
2529
1439
3207
293
3518
1716
163
366
318
2199
2038
1174
768
2782
207
2374
180
2748
3150
1118
1570
1990
1163
652
3141
2342
2713
3330
1457
306
2195
2743
1568
2763
3663
1701
889
3043
3368
2707
1013
2022
538
404
2895
3336
780
2582
1093
1137
821
239
317
1840
1544
3089
187
496
2691
2049
2536
1511
3789
448
379
1937
113
213
160
3433
1348
2295
2196
2394
402
928
2385
3911
1690
3389
1121
1463
3188
1972
3219
1739
716
3937
899
49
4018
2468
3747
470
123
1793
298
2002
1220
1410
3668
1216
1708
573
443
3189
1867
2259
3357
2434
4012
615
33
2391
1869
3200
1346
2681
2031
1254
2163
1292
441
531
1736
3399
3620
3324
518
3426
3413
3635
3693
3597
942
1265
2504
578
616
1818
295
1048
3288
1355
2954
724
2527
1509
3870
2853
846
1307
3568
299
1244
1542
3983
1572
1660
2513
1283
3952
3408
3823
3811
792
364
3772
2820
3498
1539
72
1356
53
3593
3755
1569
2854
3469
1582
2171
2006
1466
3334
3846
3375
2375
3465
3982
880
645
2178
658
3167
3770
3652
1279
1851
3157
2053
2256
3773
2337
1805
2958
1894
2890
43
2127
756
3358
1724
70
3250
2700
3242
2503
2405
992
613
79
1970
1670
3902
3538
3734
8
705
119
1427
2061
1906
1035
3596
1635
1723
1225
3524
2833
385
2077
1628
1554
3050
2828
3034
1692
520
1304
2316
3829
894
3427
198
2411
1313
550
85
225
2902
1645
1332
1299
376
2788
73
3488
1373
1788
3904
3926
840
775
1923
2948
2609
234
3463
3292
1222
709
1514
2682
1679
3512
1217
2135
2522
719
1666
2017
292
365
631
2389
125
111
2258
2519
1593
2875
3116
1114
2631
3866
2172
801
3040
3591
2086
3580
3195
3328
842
23
3677
189
2330
815
835
1419
1440
2709
1011
1321
1459
776
1771
1674
3012
1997
1018
3894
2423
1257
2227
2003
3193
2380
3510
1760
3305
2008
1758
3895
2741
3691
2237
588
2955
3670
1172
3816
3541
1141
2671
1331
693
3814
2574
2252
3699
3313
411
368
663
1601
1552
723
489
3053
3726
1044
1905
2161
135
2980
3607
1237
760
10
480
446
2387
764
1258
599
2426
3930
1354
90
3852
1477
1979
3443
647
729
445
3192
400
1023
2322
2618
2802
4027
2181
148
4004
2806
3020
1907
1640
962
718
237
1874
3694
2155
1731
6
1061
3509
3361
758
1624
1253
676
2807
827
2656
3879
152
523
1651
452
3255
2959
3919
654
1484
2982
3880
1034
2524
3484
2774
60
2789
629
2431
976
1170
2893
1523
3
2812
882
2403
3203
51
1603
2525
3079
540
2756
1462
2860
3364
2963
3885
528
3367
3054
618
1007
3679
2851
3777
1150
1982
3532
3100
2990
3395
2979
3301
1936
3421
71
886
332
3344
1002
905
1139
16
3630
3838
2746
1962
3272
3158
2346
1678
2702
3173
3391
3148
2992
1422
335
3224
1135
1931
1844
814
3762
3830
3329
2005
2419
1138
1255
1958
2494
1025
1282
3459
1632
314
2015
2361
1965
742
948
1110
1519
104
1575
2569
3893
1729
3490
459
2452
2773
2831
1264
3230
782
2328
967
3899
1868
1879
2621
59
252
34
2560
3961
158
282
559
1987
2294
3099
3117
2465
2194
1115
1326
172
3270
3533
3425
396
2320
784
694
542
2024
991
1492
328
2908
753
333
796
2943
722
1618
2445
217
3410
2357
1120
2219
864
3780
2203
74
3802
3351
62
1353
1119
2660
2689
959
1084
1872
406
3450
3317
3052
2978
3010
3045
1919
345
597
2122
3613
3599
3547
717
2965
2617
2662
2627
3271
3601
387
3282
3068
3018
3999
884
2168
3534
3460
2092
3314
530
3325
2905
3831
3606
787
3801
3797
564
1342
65
1814
2358
732
2968
155
462
725
3822
1336
2251
1527
3666
680
3183
3796
1832
195
1162
2245
251
131
1581
1922
1689
1643
114
872
1396
457
229
2458
876
1560
300
640
3359
132
3119
2442
1915
1855
1165
1698
2393
2356
216
3648
1428
478
2607
2680
3511
869
4000
3924
785
2349
648
657
359
3992
660
1719
1952
3884
1020
3745
3997
1633
4022
3994
184
3891
3862
2308
3791
3890
929
1233
543
3473
3576
3600
627
2100
290
2265
3461
2531
2841
1654
809
2787
786
4015
740
3122
3225
1090
2721
2418
1206
2566
3164
4024
3009
1068
3493
2699
2516
3714
936
3107
3382
2164
2414
3029
2208
1057
2260
4011
3965
3972
1095
1722
3577
1372
1066
2169
671
1458
1605
1489
685
3553
1672
145
2889
730
27
1779
3281
425
3566
2840
350
203
4016
4009
143
1344
3608
1510
1629
3790
1016
3046
2312
3916
1485
2678
810
416
1234
4032
656
1455
759
1194
19
57
3782
861
327
1944
2903
1328
1089
3355
3795
417
720
2711
3543
191
1871
2243
2589
1590
906
278
3423
3280
3090
2911
3147
2091
357
26
829
267
1198
2378
960
3865
3669
3419
3169
3172
1726
257
1631
3605
1308
2013
1446
3160
2967
1550
1449
3563
181
703
3394
964
881
3826
428
2673
421
650
3859
3527
353
3105
1371
3808
3248
625
1985
1175
1293
440
3844
2084
3037
2928
156
915
3405
1562
3903
2454
2759
3179
139
1334
1772
2653
688
779
316
3545
3452
1882
1300
351
2565
3015
3376
3209
3247
3932
2576
2201
4037
3113
3235
2548
3737
3672
121
2657
778
3667
2587
1317
3428
2708
427
2668
2209
3262
3390
4033
690
3210
595
254
2583
941
1705
291
1309
2490
501
340
3813
1075
2545
1908
1765
256
2215
607
3234
2710
923
1720
3360
1425
1959
668
3415
592
619
3761
521
1056
3407
2917
166
2734
1098
2826
2541
795
1031
2951
2011
1957
3296
1169
4003
900
2480
2176
1240
1469
3483
141
1567
1676
674
388
2577
408
169
2558
325
271
1333
3632
1606
352
2444
1798
1452
620
2400
3153
2839
2638
20
3007
2764
839
1801
1092
2230
1733
415
1069
55
3478
2521
2814
2632
1775
2670
1964
334
3717
3798
1512
173
3131
233
3743
447
3754
3001
604
1445
2672
2106
471
2612
3246
3197
593
1236
1156
811
2439
3662
3436
667
2898
3746
2605
1821
137
3303
2034
914
102
3562
2910
3835
2843
4001
2870
611
2538
2775
2998
1436
1686
985
1286
1154
4036
859
360
3733
3631
463
1496
2421
2089
3825
75
1199
1132
3871
3175
435
1834
3680
1368
777
741
1454
3804
77
2766
3741
3671
1885
1989
1276
1781
594
3942
1055
1599
280
3140
879
42
2651
2067
3565
1644
3675
1246
1437
3142
2705
3470
3781
805
5
1946
494
3445
487
3337
677
1295
3990
1961
2636
468
1190
3520
569
2643
2715
2126
1184
382
989
2676
2693
3323
2783
3579
222
3365
1549
3476
1797
1394
3618
3491
664
3689
2950
3061
2020
4035
1274
3311
3573
3438
3536
576
1316
2052
968
2248
3486
3833
3951
2288
633
1697
466
3031
3575
3686
3472
670
2158
227
15
2514
3243
1712
552
1247
748
3086
3588
1743
1392
2162
105
3806
35
3312
3767
3289
3655
3764
3285
2119
3819
28
64
1713
3128
515
3223
3975
3561
3499
1504
1734
2926
2518
3222
1242
1360
1695
3435
2150
1925
2069
2376
2080
3922
1533
1536
1378
1122
651
600
1852
3004
3023
1870
2780
2850
2913
2679
434
1133
1369
3700
3062
3623
2397
692
370
1563
2152
1524
1367
1710
3981
4021
54
708
1757
3259
1571
911
3589
3572
2136
2287
1607
793
808
2762
2610
2406
205
3112
336
1711
3544
1301
2606
1189
1541
2334
2026
790
2977
2646
551
381
1620
1639
1083
536
806
895
1101
2981
2189
3784
241
3850
3853
2095
2794
2341
2633
2888
3286
1596
1207
3108
3065
214
507
436
1860
1404
2071
1939
1642
2722
510
2564
437
1416
3377
1214
1653
347
983
2177
3810
2588
3326
3771
3978
2286
2012
2159
2622
2025
3832
3687
1696
1954
1094
3610
3381
2718
3275
3320
3619
3134
1566
860
1487
3058
3016
3111
3002
2719
3084
2733
636
1287
3935
188
601
3925
301
1759
868
255
824
224
3165
1338
3807
828
2075
1228
3439
1916
2554
3216
3184
3132
32
2697
632
202
1124
2962
3641
2824
1859
2146
2938
2140
3763
972
3991
883
129
3728
1587
1009
995
765
1978
862
3647
3063
2457
3546
2212
2642
2611
1450
2016
3120
3431
1494
533
2377
1561
3594
1822
485
3848
2264
1476
1393
2416
3664
1699
1042
1756
1102
986
2113
731
3385
3332
2869
998
1256
2769
449
870
1106
1270
763
3432
2848
3261
3495
1658
646
1904
1876
