0
3990
602
74
3746
4035
883
550
3650
1466
11
3688
1096
114
744
854
775
743
692
4034
4010
4006
3846
183
3467
2569
4029
3451
3733
3691
448
593
292
656
2358
1627
1586
1581
1105
336
911
97
286
279
383
4008
233
3781
3751
52
42
2704
3808
3031
287
585
3689
608
3407
1430
3230
43
607
866
399
3959
3856
356
3853
3942
875
2788
15
624
1002
1208
1046
1027
895
859
870
881
858
872
884
885
894
893
891
888
887
879
874
873
871
867
864
860
776
812
890
869
811
735
788
852
798
717
889
832
750
804
749
716
886
882
878
876
863
861
748
807
720
769
836
779
809
787
761
758
880
835
856
814
764
715
709
698
690
687
824
794
786
738
826
800
799
745
733
718
708
703
844
842
810
774
754
737
727
722
845
840
819
792
772
752
751
747
739
850
829
816
736
855
851
849
848
847
846
843
838
837
833
831
830
825
821
817
813
808
803
797
795
793
791
790
785
783
782
781
780
778
777
773
770
765
763
762
757
756
755
753
746
741
740
734
730
729
728
721
713
711
710
706
705
704
701
700
699
696
693
802
796
697
768
742
853
834
828
827
823
820
815
805
784
760
759
731
726
724
723
719
695
694
688
806
767
732
707
822
839
712
702
686
818
789
766
725
714
691
689
771
3993
4003
4000
3988
4038
4027
3995
3985
4002
3982
3991
4033
4023
4019
4018
4009
3994
4037
4036
4031
4030
4026
4024
4022
4021
4020
4017
4015
4014
4013
4012
4004
3999
3998
3997
3992
3989
3987
3986
3981
3980
3984
4032
667
4007
594
4025
4016
4011
4005
4001
3996
3983
4028
841
3807
3537
3910
3515
3612
3619
3755
3806
3789
3749
3653
3941
3848
3896
3916
3512
3796
3901
3946
3759
3606
3871
3655
3955
3579
3928
3575
3520
3720
3907
3839
3447
3758
3878
3719
3815
3664
3498
3732
3782
3505
3880
3730
3686
3503
3599
3976
3870
3818
3784
3631
3539
3905
3894
3679
3642
3965
3899
3836
3774
3701
3843
3558
3617
3827
3773
3908
3775
3657
3628
3567
3682
3694
3931
3771
3468
3557
3483
3516
3975
3837
3476
3465
3602
3900
3826
3506
3911
3967
3933
3641
3587
3478
3534
3658
3543
3542
3690
3593
3486
3546
3817
3475
3594
3637
3868
3857
3541
3482
3825
3761
3561
3474
3459
3881
3726
3460
3869
3591
3951
3903
3793
3643
3569
3921
3769
3588
3470
3737
3860
3845
3485
3471
3849
3937
3645
3634
3554
3977
3876
3802
3778
3728
3685
3663
3608
3597
3526
3508
3799
3638
3513
3521
877
865
3662
3511
3504
3742
3600
3979
3556
3926
3640
3491
3438
3372
3055
3099
2714
3180
2930
3091
3375
3282
2860
3635
3889
3929
3683
3573
3488
3452
3902
3898
3864
3832
3790
3736
3717
3613
3578
3518
3481
3795
3656
3496
3888
3760
3604
3533
3525
3480
3962
3934
3930
3618
3461
3968
3873
3841
3756
3692
3687
3654
3501
3449
3971
3851
3734
3684
3633
3545
3540
3978
3974
3973
3972
3969
3966
3964
3963
3960
3958
3957
3956
3954
3953
3952
3950
3949
3947
3945
3944
3940
3939
3938
3936
3932
3927
3924
3923
3922
3920
3919
3918
3917
3915
3914
3913
3912
3909
3906
3904
3897
3895
3893
3892
3891
3890
3887
3884
3883
3882
3875
3874
3872
3867
3866
3865
3863
3862
3859
3858
3855
3852
3850
3847
3844
3842
3840
3838
3835
3834
3833
3831
3829
3828
3824
3823
3822
3821
3820
3819
3816
3814
3813
3812
3811
3810
3809
3805
3804
3803
3800
3798
3797
3794
3792
3791
3788
3787
3786
3785
3783
3780
3777
3776
3772
3770
3768
3767
3766
3764
3763
3762
3757
3753
3752
3747
3745
3744
3743
3741
3740
3739
3738
3735
3731
3729
3727
3725
3724
3722
3718
3716
3715
3714
3713
3712
3711
3710
3709
3708
3707
3706
3705
3704
3703
3702
3700
3699
3698
3697
3696
3695
3681
3680
3676
3675
3672
3671
3670
3669
3668
3667
3666
3665
3661
3660
3659
3652
3651
3649
3648
3647
3646
3644
3639
3636
3632
3630
3629
3627
3626
3625
3624
3623
3622
3620
3616
3615
3614
3611
3610
3607
3603
3601
3598
3596
3595
3592
3590
3585
3584
3583
3582
3581
3580
3576
3574
3572
3571
3568
3565
3564
3563
3562
3560
3559
3555
3553
3552
3549
3548
3547
3544
3538
3536
3535
3532
3531
3529
3528
3527
3524
3523
3522
3519
3514
3510
3509
3507
3502
3500
3499
3497
3494
3493
3492
3490
3489
3484
3479
3477
3473
3472
3469
3466
3464
3463
3462
3458
3455
3453
3450
3448
3446
3445
3444
3443
3442
3441
3439
3609
3577
3550
3517
868
857
3566
3925
3551
3530
3861
3779
3693
3621
3605
3586
2705
2695
3112
3427
3425
2893
2926
3325
2855
2858
2895
3197
2857
3175
3156
2816
3370
3143
3095
3235
3428
2726
3260
3251
2975
3322
3266
3269
3367
3147
3127
3398
3045
3315
3276
2973
3042
2699
3242
3159
2768
3128
2886
3066
3337
2745
3430
3163
2675
3229
3382
3227
3077
2850
3270
3006
3141
3329
3405
2878
3208
3190
2771
2739
3334
3075
2942
2766
3001
2696
2774
3317
3300
3130
3028
3012
2983
3377
3218
3053
3203
3249
3067
2846
2913
2665
3395
3209
3018
3002
2892
3349
2789
2667
3383
3412
2801
2711
3166
2763
3202
3023
3129
2974
2810
2680
3148
3046
3041
3013
3234
3293
3026
3000
2756
2731
2681
3327
3157
2840
3172
3060
3181
2902
2990
2713
3359
3356
3308
3223
3221
3210
3176
2921
2845
2824
2671
3391
3287
3274
3262
3239
3170
3102
2991
2936
2833
2753
2720
2707
3253
3032
3259
2978
2851
2663
3178
3015
3034
2954
2871
2811
3373
2934
2682
3037
3089
3136
2976
3400
3394
3362
3286
3010
2953
2854
2837
2794
3417
3243
3220
3142
2800
2729
3301
3226
3193
3022
2873
2827
3419
3416
3381
3344
3150
3070
3021
3016
2770
2765
3436
3414
2890
2806
3320
2881
2796
3283
2982
2959
2879
2703
3204
2727
3084
3040
2993
2985
2966
2689
2669
3426
3384
3250
3033
2920
2919
2912
2909
2908
2877
2872
2866
2815
2777
3346
3177
3168
3051
2737
1924
2106
2034
1038
3297
2784
3353
3236
3196
3192
3017
2865
2843
2795
2783
2730
3350
3169
3035
2937
2701
2661
2903
2802
3420
3410
3948
3943
3886
3877
3830
3750
3721
3677
3674
3495
3456
3440
3437
862
1065
1034
2688
3005
2964
3258
2813
3186
3165
2764
1701
3245
3011
1474
1264
1372
3406
3404
3366
3331
3162
3100
1042
1856
1301
1353
672
1200
571
433
3961
3723
3487
3454
454
351
386
379
551
552
384
590
350
403
572
467
478
349
529
372
476
377
457
539
568
562
470
519
396
501
441
364
2219
1977
2013
154
193
1486
1224
3357
3278
3261
3247
3233
2950
2853
2751
2712
3393
3185
2894
2831
3339
3304
3098
3078
3056
3027
3020
2940
2905
2896
2755
3387
3228
3119
3104
3097
3085
3065
3054
2969
2952
2928
2916
2867
2839
2835
2818
2786
2748
2706
2698
2694
3255
3087
3431
3411
3380
3378
3351
3342
3330
3321
3291
3275
3256
3252
3224
3206
3198
3167
3120
3110
2996
2849
2828
2716
3365
2832
3244
2914
2819
2690
3435
3434
3433
3432
3429
3424
3423
3422
3421
3418
3415
3413
3409
3408
3403
3402
3401
3399
3397
3396
3392
3390
3389
3388
3386
3379
3376
3374
3371
3369
3368
3364
3363
3361
3360
3358
3355
3354
3352
3348
3347
3345
3343
3341
3340
3338
3336
3333
3332
3326
3324
3323
3319
3318
3316
3314
3313
3312
3311
3310
3309
3307
3306
3305
3303
3302
3299
3298
3296
3295
3294
3292
3289
3288
3285
3284
3281
3280
3279
3277
3273
3272
3271
3268
3267
3265
3264
3263
3257
3254
3248
3246
3241
3240
3238
3237
3232
3231
3225
3222
3219
3217
3216
3215
3214
3213
3212
3211
3207
3205
3201
3200
3199
3195
3194
3191
3189
3188
3187
3184
3182
3174
3171
3161
3160
3158
3155
3154
3153
3152
3151
3149
3146
3145
3144
3140
3139
3138
3137
3135
3133
3132
3131
3126
3125
3123
3122
3121
3118
3116
3115
3114
3113
3111
3109
3108
3107
3106
3105
3103
3101
3096
3094
3093
3092
3090
3088
3086
3083
3082
3081
3080
3079
3076
3074
3073
3072
3071
3069
3068
3064
3063
3062
3061
3059
3058
3052
3050
3049
3048
3047
3044
3043
3039
3038
3036
3030
3029
3025
3024
3019
3014
3009
3008
3007
3004
2999
2998
2997
2995
2994
2992
2989
2988
2987
2986
2984
2981
2980
2977
2972
2971
2970
2967
2965
2963
2962
2961
2960
2958
2957
2956
2955
2951
2949
2948
2947
2945
2944
2943
2939
2935
2933
2932
2931
2929
2927
2925
2924
2923
2922
2917
2915
2911
2910
2907
2906
2904
2900
2899
2898
2897
2891
2889
2888
2887
2884
2882
2880
2876
2875
2874
2870
2869
2868
2864
2863
2862
2861
2859
2856
2852
2848
2847
2844
2841
2838
2836
2834
2830
2829
2826
2825
2823
2822
2821
2820
2817
2814
2812
2809
2808
2807
2805
2804
2803
2799
2797
2793
2791
2790
2787
2785
2782
2781
2780
2779
2778
2776
2775
2773
2772
2769
2767
2762
2761
2759
2758
2757
2754
2750
2749
2746
2744
2743
2742
2741
2740
2738
2736
2734
2733
2732
2728
2724
2723
2722
2721
2719
2718
2717
2715
2710
2709
2708
2702
2700
2697
2692
2691
2687
2686
2685
2684
2683
2679
2677
2676
2674
2673
2672
2670
2668
2666
2664
2662
2402
2527
2483
2051
2375
2113
2481
2517
2442
2515
2401
1992
2082
2621
2444
2076
2441
2168
2207
2041
2170
1956
2618
2265
2256
2341
2146
2251
2130
1949
2181
1933
2119
2587
2089
1915
2450
2230
2262
2019
2197
2156
2260
2440
2158
2580
2305
2186
2080
1978
2482
2126
2017
2405
2397
1922
2650
2320
2086
2561
2553
2495
2513
2443
2349
2085
2236
2505
2453
2407
2237
2095
2493
2619
2549
2044
1942
2656
2474
2335
2301
2540
2488
2371
2342
2313
2231
2129
2105
2615
2477
2409
2363
2356
2311
2290
2164
2090
1997
2611
2507
2504
2492
2485
2464
2414
2395
2386
2369
2353
2326
2165
2121
2103
2084
1963
2654
2602
2601
2539
2500
2478
2467
2348
2334
2323
2307
2216
2179
2109
2104
2074
2060
1993
1962
1953
1918
2412
2357
2015
2644
2503
2023
1934
2411
2035
2625
2624
2593
2578
2574
2556
2484
2430
2428
2418
2392
2381
2376
2370
2352
2329
2278
2257
2253
2244
2240
2206
2201
2188
2154
2150
2124
2123
2118
2115
2093
2088
2083
2073
2037
2033
2020
1984
1979
1925
1917
2557
2211
534
485
477
435
427
1395
1414
1262
935
1817
961
2979
3385
3179
1008
1510
2938
2725
2693
1162
1297
1892
1585
1696
933
1157
1731
1455
1664
1887
1005
1602
1631
1365
1901
1821
1865
1521
1161
1150
929
1802
1633
1711
1646
1481
987
1723
1531
1356
1593
1143
1268
1710
1441
1618
1167
1511
1845
1794
1461
923
1265
1093
943
1419
1094
1492
1562
1016
979
1442
1306
1841
