107
815
4023
326
3541
273
1138
401
143
674
47
1326
3539
406
3227
872
1057
2079
4020
3465
771
2722
27
162
207
899
3844
775
301
247
193
3723
541
2776
2857
632
214
184
117
3006
594
1476
4004
336
801
1206
4016
192
454
3894
4000
110
1403
1087
911
319
112
1905
2767
822
3754
867
2732
3649
1442
3876
3871
4027
443
3661
3626
1856
3989
1061
1890
327
81
4037
881
3974
3127
1631
1297
71
522
4018
790
1988
3088
167
3181
2245
2217
1065
3996
3376
3575
3811
380
260
1353
871
3700
217
2990
1627
3159
3164
3999
3632
288
950
540
4003
2968
1253
1395
3037
3882
929
1050
2320
832
858
95
1027
1676
918
3917
3445
1478
2051
3131
3581
3732
3963
4022
77
3094
2255
384
310
3669
3003
576
3490
3024
3879
90
3846
671
1264
2388
639
3285
2034
3744
1779
3432
2437
3928
3551
1414
3504
3489
3638
691
3984
3544
2321
3883
215
3699
1581
2692
3942
818
802
806
3965
3701
3579
3519
3720
2312
3789
1064
2269
2474
3748
874
262
3897
3890
177
54
305
1252
168
46
2709
174
1046
2805
429
2981
979
279
1546
195
275
237
94
234
344
3555
3515
3602
3685
3727
3903
349
3972
3678
3597
3706
3175
3973
3694
3447
3958
1586
3644
1430
3620
3825
2811
3472
3815
3686
3520
3030
3801
3954
3773
572
3646
907
868
3934
3664
3940
3913
3908
3755
3893
2595
3865
3834
3724
3688
2822
3891
3788
3797
4024
987
1453
3746
2008
2596
2736
3071
3197
3031
1186
904
1892
476
1362
3716
399
3062
1466
1244
2650
2421
633
3572
63
3218
3303
2699
2963
163
178
2747
735
3483
910
621
298
3202
2487
248
2168
1354
129
3229
164
876
2360
3183
1967
3631
182
2834
332
3099
603
1384
1544
3650
3960
1016
340
2452
3742
3170
3057
354
268
2228
1197
3410
1690
717
1908
300
287
2050
283
1731
124
3859
509
613
3058
335
3427
826
3424
3173
76
986
2517
1240
3200
656
1140
750
2707
256
706
267
1560
2435
35
3323
672
1780
472
2808
888
657
377
4028
3103
744
2442
2935
457
2898
692
574
2100
3588
749
3745
730
880
585
943
1696
501
3368
2760
679
3807
42
3717
2826
39
1641
139
2493
3582
883
1200
1701
3765
3436
1143
2688
1045
3922
879
114
2105
2195
3402
166
2455
642
2695
485
2644
3813
660
154
861
938
3292
2971
996
768
2362
1013
3978
1058
2439
3143
3408
1031
3537
1400
1834
3091
2847
3673
2019
4010
3055
1174
2310
4008
3399
3832
1386
4005
673
668
1167
1152
155
704
1672
1579
2403
2541
165
2814
740
2422
869
3570
743
1776
2251
2632
2431
3372
1486
508
859
446
667
2998
2899
1034
3151
1419
624
3654
183
145
912
3028
2983
393
2799
1693
852
1043
889
3311
590
2426
1224
2015
2152
3885
3843
3878
3507
1492
1194
86
278
131
225
3647
3799
3952
3513
3932
3652
3925
3487
2204
622
1248
1749
3662
3771
111
294
2450
1829
3868
3725
147
803
3792
3671
2792
2691
1071
480
4036
64
870
160
3546
3949
3425
2926
3994
3998
2113
2614
2094
32
93
137
2490
1924
2622
2486
4030
230
3147
895
3981
4009
3982
286
89
1002
4038
4006
3874
3473
3628
3912
3657
3595
3567
3538
3778
3639
3594
3695
3523
3919
3898
3180
2902
3251
767
2670
1822
956
4033
3939
205
4011
3988
3985
3980
4007
1642
4031
231
236
272
5
156
281
135
149
116
115
140
144
151
28
14
681
661
675
659
595
582
628
600
662
643
577
670
578
665
615
650
635
583
640
627
599
647
658
3216
3354
3141
3530
61
8
324
3616
337
243
289
41
17
312
226
2
333
20
732
714
789
725
3774
3837
3759
3975
3571
3708
3476
3757
3918
3675
3899
3957
4013
887
467
437
3895
68
227
175
102
99
296
263
386
1896
1177
1562
1218
1053
1499
328
4
306
218
181
78
152
3979
3751
3803
3532
3610
3630
3767
3946
3564
3821
3977
3601
3777
3956
3482
3590
3740
3881
3464
3976
3927
3474
3718
3855
3770
3655
3641
3923
3794
3458
3936
3629
3690
3510
3969
3648
3623
3931
3823
3822
3486
3900
3862
3722
3769
3663
3455
3728
3866
3809
3459
3829
3634
3761
3598
3553
3442
3907
3867
3967
3945
3660
3526
3450
3454
3691
3896
3593
3591
3584
3569
3509
3466
3924
3833
3826
3764
3947
3810
3793
3535
3460
3503
3920
3791
3910
3511
3818
3612
3558
3696
3587
3500
3787
3705
3506
3505
3955
3869
3711
3645
3617
3499
3463
3870
3719
3713
3710
3735
3836
3668
3614
3568
3768
3783
3534
3915
3738
1085
873
857
3658
3850
3921
3835
3636
3498
3933
3681
3635
3528
3828
3670
3485
3785
3726
3838
3527
3457
3796
3847
3775
3872
3491
3609
3574
3475
3741
3839
3512
3518
3780
3543
3860
3605
3560
3943
3687
3533
3577
3971
3970
3959
3951
3950
3937
3909
3906
3892
3887
3861
3856
3845
3804
3802
3786
3782
3779
3776
3772
3763
3758
3753
3747
3714
3698
3680
3676
3643
3622
3608
3600
3599
3529
3524
3516
3496
3493
3478
3468
3461
3443
3441
862
698
3462
3790
3731
3618
3556
3762
3737
3578
3488
3840
3827
3615
3508
3484
3470
3721
3548
3627
3557
3514
3841
3824
3697
3640
3576
3452
3559
3707
3672
3752
3554
3966
3930
3611
3831
3944
3637
3449
3851
3592
3547
3522
3540
3877
3852
3948
3586
3517
3456
3438
3884
3873
3858
3842
3693
3674
3471
3440
3692
3830
3800
3760
3651
3633
3480
3437
3926
3902
3750
3736
3702
3625
3596
3521
3495
3730
3545
3542
3497
3469
3448
3968
3889
3756
