107
752
3998
73
3754
3982
885
2457
4033
310
3271
3739
498
1560
149
4022
4029
68
90
240
138
870
2727
328
796
3650
3811
1908
3863
3901
216
1096
225
1599
3423
945
635
1240
2721
3679
3624
2168
699
2884
935
2760
262
269
207
162
2
50
36
298
283
215
210
386
1474
3009
171
865
3305
3789
3141
3181
3091
337
4012
3992
1521
1383
4018
3985
3665
2437
336
1558
593
2034
785
2422
2431
454
3787
2650
3935
2811
347
3952
2822
10
1417
788
1154
1788
2548
1562
286
3523
3807
3783
112
1586
2541
3661
1967
1193
3673
3805
3959
530
3820
3563
3955
2799
775
1422
1168
2483
883
467
652
464
3659
3736
3723
3322
191
3853
892
3413
3333
585
3848
1297
365
2752
691
3589
2998
3923
804
2767
562
864
746
2487
154
3356
443
3925
3749
1403
2113
3911
2120
144
1176
3922
1561
3597
3905
2824
1693
662
582
3175
15
2899
3724
1045
2295
2879
3325
3309
2703
3290
86
177
3781
3546
2923
3544
76
2442
536
3549
1498
2893
3374
894
179
2886
46
1090
3798
998
32
230
3619
197
190
2443
311
63
757
234
610
987
258
55
294
79
38
159
3946
335
289
305
282
264
204
300
108
105
37
11
401
1992
532
572
411
157
317
1607
1625
1141
3857
3266
991
2744
301
256
3050
3379
2634
740
3053
1987
340
4013
4011
958
3974
877
887
874
909
1974
338
2205
43
4019
64
1053
4009
377
2818
3991
3254
8
4006
2722
4003
1477
3983
1646
61
3999
2130
270
3310
4010
4008
3898
656
2704
3873
3533
3745
3817
1088
1103
3564
3165
1615
3552
3457
3654
2801
3438
3852
973
2245
478
2453
3587
3866
1362
3897
202
3921
1855
3888
49
3678
3777
2517
2971
327
3608
3494
3583
3572
3965
263
3949
1046
3003
3832
3742
217
3709
3681
3328
2528
3530
3489
1213
3470
3451
3554
3630
3300
3823
3638
3631
3844
673
267
1295
3616
369
2695
2885
3978
3733
850
1430
491
737
3668
509
3691
4024
2621
3269
3699
1834
2013
183
3808
2193
1206
3370
2957
1157
3024
682
1073
956
3436
2788
3334
878
730
1023
3059
2855
3928
2769
3061
1854
869
2152
1978
3582
307
551
2614
2562
2252
3063
2514
1145
3405
2301
855
2714
3885
1386
306
2975
1555
1713
3849
1016
3349
965
624
910
3143
911
2774
2186
3177
649
2651
499
69
2802
2105
868
888
1212
287
2671
1815
1401
2321
1442
2263
3292
2952
744
2688
2167
2691
1776
160
1027
3199
808
735
3045
839
765
1708
2486
1354
1755
3194
714
692
2860
1510
3961
1640
4036
1008
480
2596
1749
1384
2667
485
750
3686
3230
851
812
1228
621
3134
790
3887
129
2119
533
664
1690
890
715
1830
528
1731
35
1270
803
3880
405
613
3402
1134
2008
1065
918
571
552
3813
1119
3703
2692
4016
1252
704
293
1262
2568
3131
3180
3323
2177
2805
859
875
3006
1394
468
1759
2249
2481
2942
1654
581
2015
755
2963
3425
550
278
3932
1775
29
866
34
595
802
2922
751
1797
3748
425
2817
1682
3746
442
1503
689
1139
472
356
789
1133
2505
3093
3380
950
852
2094
3159
2089
2049
2570
2178
2316
486
516
816
3876
3444
1672
3663
3666
3641
3766
3719
1178
3512
4027
1889
873
872
867
4031
97
3814
3314
647
658
3490
19
17
6
219
742
786
884
1486
3336
3128
3126
3487
3839
3504
3637
427
437
943
3916
1838
929
1701
3548
1194
3964
3809
3747
3478
3920
3933
3696
3791
3500
3776
3562
3695
3594
3479
1138
1499
2375
2217
2439
1043
1111
1368
1030
955
2426
3720
351
2558
2632
2166
2405
1922
2041
3931
3676
3993
3994
3981
4000
3987
226
343
14
115
41
312
111
167
243
3372
3122
3354
3218
2861
3751
1387
904
150
2838
1840
1000
228
20
333
220
3432
768
743
833
707
2106
3536
3606
3727
3939
3662
3963
3447
3894
3806
1203
1760
628
670
578
681
643
632
583
659
599
661
615
675
600
577
627
2889
3008
2699
3283
2972
2959
3382
3318
3311
2670
175
131
99
3537
3580
3812
3441
3531
3446
1670
1858
1077
767
273
218
78
4
321
143
227
4001
137
139
284
214
81
251
290
3
62
346
212
339
314
23
65
135
309
27
51
325
288
276
39
57
252
117
313
104
113
274
170
342
334
324
185
265
172
232
118
59
158
122
329
72
60
331
268
188
98
91
13
332
259
302
254
239
238
223
211
161
9
116
326
96
82
297
320
296
119
84
25
213
156
24
94
92
186
141
128
80
285
165
103
26
21
277
53
75
31
280
203
169
40
304
303
224
56
257
67
260
344
308
295
291
279
271
261
255
249
248
246
245
241
237
229
199
184
176
163
151
147
146
133
127
124
121
109
102
100
95
83
66
5
196
187
101
323
315
200
130
85
45
7
142
30
272
231
206
0
330
180
322
236
178
106
48
88
126
299
1
194
453
3819
3445
3917
3541
3868
3874
3657
3538
3743
3595
3725
3628
3473
3567
3912
3547
2776
3200
93
594
3980
4026
4030
3986
4021
4017
776
3988
3995
4014
4023
3997
4005
4002
4020
4037
4004
4015
3989
3984
4032
3836
3708
3685
3579
3804
3649
3919
3689
3913
3840
3768
3775
3644
3615
3701
3675
3759
3977
3605
3488
3471
3670
3635
3481
3621
3858
3461
3721
3687
3824
3484
3850
3622
3770
3601
3780
3522
3505
3698
3713
3642
3578
3462
3878
3625
3618
3508
3482
3762
3731
3603
3647
3975
3476
3465
3802
3710
3636
3629
3526
3498
3485
3518
3750
3737
3527
3475
3651
3841
3730
3877
3886
3609
3640
3957
3683
3639
3540
3480
3492
3968
3871
3769
3598
3938
3577
3517
857
3930
3702
3707
3574
3831
3677
3760
3692
3693
3907
3740
3599
3690
3602
3794
3903
3784
3785
3741
3971
3842
3633
1085
3797
3779
3862
3753
3442
3976
3514
3821
3752
3617
3828
3611
3535
3483
3521
3728
3929
3902
3884
3756
3672
3450
3918
3899
3837
3838
3755
3722
3627
3557
3491
3456
3448
3940
3926
3658
3543
3528
3497
3674
3604
3440
3962
3943
3934
3860
3830
3697
3667
862
3892
3553
3861
3586
3891
3576
3851
3734
3684
3652
3960
3738
3443
3915
3634
3469
3826
3515
3835
3590
3706
3510
3869
3947
3643
3973
3966
3954
3948
3908
3893
3889
3872
3867
3855
3845
3829
3825
3801
3800
3796
3790
3782
3771
3767
3765
3735
3656
3655
3614
3610
3596
3581
3571
3561
3559
3545
3542
3539
3501
3495
3454
3453
3452
3449
3529
3466
3843
3532
3967
3956
3460
3909
3645
3591
3568
3506
3499
3507
3705
3969
3870
