0
4005
864
750
2842
3453
335
3031
607
859
883
692
4032
668
1937
2814
11
282
2483
3619
3127
875
1252
3856
674
3570
602
4022
3650
215
3879
550
3798
43
3268
1119
2269
179
3544
860
163
356
1558
1627
2952
1386
2788
2808
3699
18
279
3375
97
1353
1206
160
3922
3282
1065
3748
4015
443
3816
891
1354
210
1027
411
3407
3074
3055
2817
2774
2595
244
839
789
886
888
873
879
881
871
699
889
887
885
877
802
775
749
816
791
788
725
689
707
702
863
861
712
691
806
767
744
704
811
895
894
893
884
882
878
876
874
872
870
867
866
858
825
753
850
700
833
869
804
768
736
832
765
758
770
716
890
721
855
854
852
851
841
821
818
808
807
799
798
793
776
771
769
763
757
746
743
733
732
730
729
717
714
756
761
740
690
856
826
723
701
822
796
786
880
709
687
849
809
797
783
755
741
848
843
840
838
837
835
792
779
739
708
735
820
790
715
698
846
803
785
845
812
773
754
693
688
737
817
815
813
787
782
774
766
760
747
742
795
727
844
836
823
819
780
778
772
764
762
759
748
728
724
720
703
810
805
794
784
781
777
751
738
719
718
706
697
696
694
686
847
842
834
831
830
829
828
827
824
814
800
752
745
734
731
726
722
713
711
710
705
695
853
892
801
868
865
4006
4037
594
4027
3992
4036
4031
4025
4016
4013
4021
4023
3982
4038
4034
4033
4024
4020
4018
4017
4014
4011
4004
4003
4002
4000
3999
3995
3993
3991
3990
3989
3988
3986
3985
3984
3983
4030
4026
4009
3998
3997
3994
3981
3980
4019
4001
3996
4029
4028
4010
4007
4012
4035
3987
4008
3742
3444
3939
3942
3882
3871
3745
3812
3441
3876
3582
3733
3507
2527
3445
3865
3808
3681
3788
3914
3641
3805
3923
3749
3653
3864
3849
3868
3504
3527
3730
3976
3572
3949
3887
3963
3890
3655
3941
3615
3964
3975
3837
3555
3789
3696
3587
3561
3578
3862
3819
3483
3498
3744
3579
3955
3928
3813
3921
3652
3897
3892
3857
3903
3763
3643
3607
3670
3952
3848
3844
3787
3720
3866
3821
3754
3481
3673
3600
3660
3645
3524
3850
3735
3715
3636
3590
3833
3631
3584
3534
3509
3539
3494
3834
3917
3912
3678
3581
3691
3934
3792
3642
3827
3773
3663
3455
3723
3530
3743
3595
3538
3473
3901
3664
3606
3549
3535
3499
3695
3594
3516
3479
3907
3867
3778
3740
3608
3597
3470
3635
3511
3616
3698
3959
3707
3505
3487
3863
3682
3662
3913
3658
3542
3714
3705
3591
3493
3933
3920
3500
3565
3675
3940
3828
3543
3840
3685
3629
3598
3482
3442
3930
3845
3668
3554
3459
3777
3622
3458
3774
3757
3708
3571
3519
3680
3466
3443
3909
3861
3793
3706
3569
3506
3945
3937
3881
3786
3726
3474
3528
3624
3580
3531
3784
384
379
316
2349
2168
2106
2515
2178
1961
2360
2263
2548
2437
2034
1915
2008
2487
2167
2260
2320
2255
1992
2513
2405
2160
2120
2105
2070
1933
2248
2621
2439
2402
2388
2380
2375
2251
2230
2113
2100
2041
2373
1949
2342
2316
2089
2545
2207
3548
3916
3847
3454
2383
2454
2353
2622
2076
2524
2477
2391
2021
2158
2262
2476
2443
2381
2084
1917
2644
2497
1978
2286
2014
1950
1963
2549
2558
2231
2387
2540
2591
2554
2504
2275
2258
2060
2631
2624
2574
2539
2500
2499
2460
2261
2220
2216
1929
2656
2357
2146
2080
1934
2197
2152
2335
2317
2256
2568
2350
3628
3491
3731
3605
3574
3462
3790
3702
3712
3852
3736
3526
3484
3979
3611
3492
3552
3667
3889
3886
3683
3656
3563
3512
3760
3741
3604
3533
3448
3968
3944
3929
3908
3884
3880
3873
3633
3577
3545
3440
3938
3858
3841
3830
3804
3800
3734
3703
3677
3654
3618
3596
3514
3461
3449
3978
3977
3974
3973
3972
3971
3970
3969
3967
3966
3965
3961
3960
3958
3957
3956
3954
3953
3951
3950
3947
3946
3936
3932
3931
3927
3926
3925
3924
3919
3918
3915
3911
3910
3906
3905
3904
3902
3900
3899
3898
3896
3895
3894
3893
3891
3888
3885
3883
3878
3875
3874
3870
3869
3860
3859
3855
3846
3843
3842
3839
3838
3836
3835
3832
3831
3829
3826
3825
3824
3823
3822
3818
3817
3815
3814
3811
3810
3809
3807
3806
3803
3802
3801
3799
3797
3796
3795
3794
3791
3785
3783
3782
3781
3780
3779
3776
3775
3772
3771
3770
3769
3768
3767
3766
3765
3764
3762
3761
3759
3758
3756
3755
3753
3752
3751
3750
3747
3746
3739
3738
3737
3732
3729
3728
3727
3725
3724
3722
3719
3718
3717
3716
3713
3711
3710
3709
3704
3701
3700
3697
3694
3693
3690
3689
3688
3687
3686
3679
3676
3672
3671
3669
3666
3665
3661
3659
3657
3649
3648
3647
3646
3644
3640
3639
3638
3637
3634
3632
3630
3627
3626
3625
3623
3620
3617
3614
3613
3612
3610
3603
3602
3601
3599
3593
3589
3585
3583
3576
3575
3573
3568
3567
3566
3564
3562
3560
3559
3558
3557
3553
3551
3547
3546
3541
3537
3536
3532
3529
3523
3522
3521
3520
3518
3515
3513
3510
3508
3503
3502
3497
3496
3490
3489
3488
3486
3485
3480
3478
3477
3476
3475
3472
3471
3469
3468
3467
3465
3464
3463
3460
3457
3452
3450
3447
3446
3439
3438
464
685
662
628
600
635
625
603
575
665
627
583
599
595
658
588
647
532
468
480
572
386
424
501
2633
2013
1914
2361
2517
2287
2202
2435
2636
2585
2225
2061
2016
2012
2011
1957
1919
2657
2626
2620
2006
2004
1980
138
112
81
145
5
327
1988
2536
2646
2573
2563
2553
2374
2244
2213
2206
2109
2086
2073
2046
2020
1993
2056
2096
2659
2655
2651
2650
2645
2639
2634
2632
2630
2618
2614
2613
2606
2604
2596
2593
2587
2586
2584
2577
2576
2570
2569
2565
2562
2561
2556
2552
2550
2546
2541
2535
2532
2528
2523
2520
2506
2505
2490
2488
2486
2485
2484
2481
2478
2469
2467
2466
2457
2456
2455
2450
2448
2446
2444
2442
2441
2433
2431
2424
2422
2421
2418
2412
2404
2403
2401
2397
2386
2382
2376
2371
2359
2352
2346
2341
2339
2326
2321
2311
2308
2307
2303
2301
2299
2288
2284
2281
2276
2265
2245
2238
2236
2228
2227
2219
2217
2212
2204
2201
2200
2192
2182
2181
2179
2173
2172
2171
2166
2164
2162
2156
2130
2129
2124
2122
2119
2118
2114
2104
2098
2097
2094
2091
2082
2077
2074
2067
2051
2050
2044
2035
2025
2018
2017
2015
2000
1997
1996
1990
1986
1977
1974
1969
1967
1966
1960
1958
1956
1935
1930
1928
1924
1922
2278
2427
2170
2252
2358
1982
2048
2628
2126
2154
2641
2580
2534
2503
2411
2314
2313
2277
2193
2107
2049
2023
1936
2623
2449
2409
2393
2234
2147
2092
2063
2058
2019
1942
2619
2601
2600
