0
4029
114
1581
841
3910
883
1353
383
3974
3935
3709
202
3134
3031
642
1386
335
286
145
42
1760
33
581
4001
802
788
854
767
833
850
796
791
789
851
786
855
852
846
839
836
832
822
821
816
809
808
806
801
785
778
775
771
757
756
750
749
746
744
743
742
740
736
733
732
725
717
714
712
707
704
702
699
692
691
690
689
3983
3897
3811
3955
864
825
870
866
872
776
867
826
812
751
693
735
734
710
782
807
761
811
798
889
848
837
803
793
783
770
763
716
847
813
795
790
752
738
723
722
715
711
706
700
888
876
853
849
829
814
799
794
784
773
768
766
762
737
728
720
688
755
730
713
845
843
838
831
827
817
815
797
792
787
779
764
759
758
741
739
718
709
890
844
842
835
834
830
824
820
818
800
781
780
777
765
760
754
748
731
727
726
724
721
705
701
696
695
694
687
686
3990
4036
4023
3995
3985
4017
4026
3988
4019
2168
2565
1937
377
2980
3059
3660
3661
3704
3544
3489
3807
3701
3949
3473
3923
3787
3509
3587
3757
3519
3476
3537
3676
3665
3732
3893
3818
3792
3447
3957
3837
3774
3708
3571
3465
3767
3840
3585
3446
3747
3657
3595
3874
3567
3727
3679
3441
3694
3614
3564
3802
3952
3855
3785
3813
3933
3641
3834
3617
3715
3615
3940
3543
3528
3450
3629
3814
3682
3546
3627
3754
3690
3505
3516
3776
3485
3602
3769
3455
3466
3464
3881
3878
3866
3823
3764
3532
3822
3705
3591
3569
3486
3782
3903
3711
3643
3819
3904
3645
3630
3593
3582
3529
3460
3835
3508
3472
3799
3616
868
895
894
893
892
891
887
886
885
884
882
881
880
879
878
877
875
874
873
871
869
865
863
861
858
856
840
828
823
819
810
805
804
774
772
769
753
747
745
729
719
708
703
697
3659
3839
3978
4020
4038
4037
4035
4033
4032
4030
4028
4027
4025
4024
4022
4021
4018
4016
4014
4013
4012
4011
4009
4008
4007
4006
4005
4004
4003
4002
4000
3999
3998
3997
3996
3994
3993
3992
3991
3986
3984
3982
3981
552
384
468
476
393
411
454
364
3859
3742
3925
3775
3642
386
2632
2167
2106
2219
2614
2441
2528
2422
2486
2444
1992
2015
2080
2162
1949
2181
1933
2008
2439
2100
2424
2227
2130
1982
2255
2262
2041
2017
2228
2158
2505
2535
2577
2488
2197
2152
2301
2281
2622
2493
2455
2412
2317
2129
1990
1915
2341
198
2448
2260
2016
1950
2013
2645
2627
2659
2620
2050
1958
1928
160
267
240
234
102
3121
2808
3181
3281
2804
3305
3367
2834
3112
3143
2886
3266
3147
2774
3421
2691
2922
2805
3333
2824
2759
3063
2933
3251
2732
3376
3180
3423
3314
3155
3270
2776
3099
3175
3190
3015
3127
3218
3271
3109
2984
3425
2667
3315
3294
2852
3352
3041
2712
2987
2766
2978
2837
3170
3300
2809
2972
2879
3373
3309
2670
3213
3388
3023
2948
2757
2706
2673
3435
3158
3123
3025
2854
3257
3073
3026
3040
3016
2721
3390
3301
3096
3000
2994
2985
2880
2872
2850
2800
2689
2666
3284
3033
3022
2986
2940
2929
2909
2906
2864
2750
2746
3231
3137
2851
2789
2716
2819
3377
2840
3368
3012
2690
2853
2748
3236
3391
3378
3206
3146
3106
2992
2765
3310
3066
2983
2639
2378
2626
2618
2099
2584
1965
2291
2534
2503
2371
2286
2049
1978
1936
2612
2186
2585
1999
1968
1935
1931
2531
2318
2270
2607
2210
1997
2213
2108
1963
1921
2170
1988
2602
2554
2485
2430
2073
1953
1943
1917
2432
2252
2655
2611
2563
2559
2520
2506
2504
2500
2467
2446
2418
2391
2376
2354
2326
2311
2261
2216
2201
2200
2184
2172
2142
2121
2093
2077
2069
2055
2005
1989
1983
1979
2415
2310
2116
2557
2480
2226
2209
1944
1969
2154
2568
2096
2479
2646
2473
2211
2019
1942
2501
2396
2390
2274
2635
2537
2498
2343
2294
2280
2619
2609
2593
2590
2586
2561
2381
2370
2340
2334
2309
2308
2257
2206
2165
2104
2103
2064
2063
2040
1993
1964
1938
2597
2161
3265
3188
3115
3102
3262
2957
2733
2708
2701
3007
3374
3208
3138
3110
3048
2709
3360
3217
3422
3252
3082
2713
3223
2778
3199
3140
2950
2876
3296
3085
2925
2920
2916
2896
2815
2680
2870
2697
2881
2820
2737
2692
2682
3159
2995
3356
3306
3273
3203
3191
3154
2758
2724
2711
1383
3628
3838
3930
3918
3898
3860
3790
3744
3700
3687
3670
3669
3518
3944
3929
3603
3477
3462
3966
3902
3697
3526
3492
3491
3979
3847
3964
3803
3612
3554
3667
3471
3950
3780
3573
3551
3824
3734
3596
3517
3484
3858
3842
3693
3654
3514
3977
3976
3975
3973
3972
3971
3970
3969
3968
3967
3965
3963
3960
3959
3958
3956
3954
3953
3951
3947
3946
3945
3943
3942
3941
3939
3938
3937
3936
3934
3932
3931
3928
3927
3926
3924
3922
3921
3920
3919
3917
3916
3915
3914
3913
3912
3911
3909
3908
3907
3906
3905
3901
3900
3899
3896
3895
3894
3892
3891
3890
3889
3888
3887
3886
3885
3884
3883
3882
3880
3879
3876
3875
3873
3871
3870
3869
3868
3867
3865
3864
3863
3862
3857
3854
3853
3852
3850
3849
3848
3845
3844
3843
3841
3836
3833
3832
3831
3829
3828
3827
3826
3825
3821
3820
3817
3816
3815
3812
3810
3809
3806
3805
3804
3801
3800
3798
3796
3795
3794
3793
3791
3789
3788
3786
3784
3783
3781
3778
3777
3773
3772
3771
3770
3768
3766
3765
3763
3762
3761
3760
3759
3758
3755
3753
3752
3751
3750
3749
3748
3746
3745
3743
3741
3740
3739
3738
3737
3736
3735
3733
3731
3730
3728
3726
3725
3724
3722
3720
3719
3718
3717
3716
3714
3713
3712
3710
3707
3706
3703
3702
3698
3696
3695
3691
3689
3688
3686
3685
3683
3681
3680
3678
3675
3673
3672
3671
3668
3666
3664
3663
3662
3658
3656
3655
3653
3652
3651
3650
3649
3648
3647
3646
3644
3640
3639
3638
3637
3636
3635
3634
3632
3631
3626
3625
3624
3623
3622
3620
3619
3618
3613
3611
3610
3608
3607
3606
3605
3604
3601
3600
3599
3598
3597
3594
3590
3589
3588
3584
3583
3581
3580
3579
3578
3577
3576
3575
3574
3572
3570
3568
3566
3565
3563
3562
3560
3559
3558
3557
3555
3553
3552
3549
3548
3547
3545
3542
3541
3539
3538
3536
3535
3534
3533
3531
3530
3527
3524
3523
3522
3521
3520
3515
3513
3512
3511
3510
3507
3506
3504
3503
3502
3500
3499
3498
3497
3496
3494
3493
3490
3488
3483
3482
3481
3480
3479
3478
3475
3474
3470
3469
3468
3467
3463
3461
3459
3458
3457
3452
3451
3449
3448
3445
3444
3443
3442
3440
3439
3438
857
698
3797
3779
3677
3633
3621
3586
3495
3346
3225
3144
3398
2847
2845
2720
3424
3379
3337
3330
3327
3189
3171
3076
2675
3060
3017
2875
2836
2730
3150
3432
2344
2052
660
551
380
554
466
530
396
470
621
664
4031
3989
3980
667
681
661
582
659
658
627
631
616
666
633
611
597
534
349
685
682
657
644
579
372
529
572
571
568
564
562
550
543
535
533
522
518
516
509
505
501
499
498
486
477
467
464
457
453
448
443
441
433
429
424
406
405
401
399
381
379
358
356
351
3961
3861
3723
3487
3454
539
382
510
355
532
437
541
472
495
521
365
3210
3117
2894
2718
2658
2657
2656
2654
2652
2651
2650
2648
2647
2644
2641
2638
2637
2634
2633
2631
2630
2628
2625
2624
2623
2621
2616
2615
2613
2610
2608
2606
2604
2603
2601
2600
2599
2595
2594
2592
2591
2587
2581
2580
2579
2578
2576
2575
2574
2573
2572
2570
2569
2566
2564
2562
2560
2558
2556
2553
2552
2551
2550
2549
2548
2546
2545
2544
2541
2540
2539
2536
2532
2529
2527
2526
2525
2524
2523
2522
2521
2518
2517
2515
2514
2513
2511
2507
2499
2497
2495
2492
2491
2490
2489
2487
2484
2483
2482
2481
2478
2477
2476
2474
2470
2469
2466
2464
2462
2460
2456
2454
2453
2452
2451
2450
2449
2443
2442
2440
2438
2437
2435
2434
2433
2431
2429
2428
2427
2426
2425
2423
2421
2416
2414
2411
2410
2409
2408
2407
2406
2405
2404
2403
2402
2401
2400
2397
2395
2394
2393
2392
2388
2387
2386
2383
2380
2379
2375
2374
2373
2369
2367
2366
2365
2363
2362
2361
2360
2359
2358
2357
2356
2353
2352
2350
2349
2348
2346
2345
2342
2339
2335
2331
2330
2329
2325
2324
2323
2322
2321
2320
2316
2314
2313
2312
2307
2306
2305
2304
2303
2300
2299
2298
2297
2296
2290
2288
2287
2284
2278
2277
2276
2275
2273
2272
2271
2269
2265
2263
2259
2258
2256
2254
2253
2251
2249
2248
2245
2244
2243
2242
2240
2239
2238
2237
2236
2235
2234
2233
2232
2231
2230
2229
2222
2221
2220
2218
2217
2214
2212
2208
2207
2205
2204
2202
2195
2193
2192
2190
2188
2185
2183
2182
2179
2178
2177
2175
2173
2166
2164
2160
2159
2157
2156
2155
2151
2150
2147
2146
2145
2144
2141
2140
2139
2136
2131
2126
2124
2123
2122
2120
2119
2118
2115
2114
2113
2112
2110
2109
2107
2105
2098
2097
2095
2094
2092
2091
2090
2089
2088
2086
2085
2084
2083
2082
2078
2076
2075
2074
2072
2070
2067
2066
2061
2060
2059
2058
2057
2056
2051
2048
2046
2045
2044
2043
2037
2036
2035
2034
2033
2031
2030
2029
2028
2025
2024
2023
2022
2021
2020
2018
2014
2012
2011
2009
2006
2003
2001
2000
1996
1987
1986
1985
1984
1981
1980
1977
1975
1974
1973
1971
1970
1966
1962
1961
1960
1957
1956
1952
1947
1946
1934
1930
1929
1927
1926
1925
1924
1923
1922
1919
1918
1914
167
73
81
65
139
263
147
340
61
52
90
86
166
333
155
124
68
35
258
2660
2640
2636
2589
2583
2571
2538
2502
2494
2475
2471
2463
2459
2447
2364
2337
2289
2268
2225
2171
2143
2111
2102
2071
2027
2004
1998
1995
1991
1976
1972
1955
1951
1939
99
135
27
262
149
2
50
45
265
182
259
245
8
327
95
6
274
165
307
10
134
132
82
63
60
13
260
242
196
191
101
94
23
54
243
137
320
284
197
184
108
334
304
257
224
336
290
239
237
221
203
84
40
194
319
175
174
17
172
341
329
297
277
188
161
85
66
21
3
291
246
168
204
180
328
306
275
181
78
315
3431
3177
2951
2942
2868
2848
2795
2923
2693
3079
2734
549
371
479
610
508
504
455
418
445
511
478
652
570
525
490
458
387
360
354
683
634
590
548
450
425
413
367
362
655
639
620
589
945
1162
3436
3434
3433
3430
3429
3428
3427
3426
3419
3418
3417
3416
3415
3414
3413
3411
3409
3408
3407
3405
3403
3402
3401
3400
3399
3397
3396
3395
3394
3393
3392
3389
3387
3386
3385
3384
3383
3382
3381
3380
3375
3372
3371
3370
3369
3365
3364
3363
3362
3359
3358
3357
3355
3354
3353
3351
3350
3349
3348
3347
3345
3344
3343
3342
3341
3340
3339
3338
3336
3335
3334
3332
3329
3326
3325
3324
3323
3322
3321
3320
3319
3318
3317
3316
3313
3312
3311
3308
3307
3303
3302
3299
3298
3297
3293
3292
3291
3288
3287
3286
3285
3283
3282
3280
3279
3277
3276
3275
3274
3272
3269
3268
3267
3264
3261
3260
3259
3256
3255
3254
3253
3250
3249
3247
3246
3245
3244
3243
3242
3241
3240
3239
3238
3237
3235
3234
3232
3230
3229
3228
3227
3226
3224
3221
3220
3219
3216
3215
3214
3212
3211
3209
3207
3204
3202
3200
3198
3197
3196
3195
3194
3193
3192
3187
3185
3184
3182
3176
3174
3172
3169
3167
3166
3163
3161
3160
3157
3156
3153
3152
3151
3149
3148
3145
3142
3141
3139
3135
3133
3132
3131
3130
3129
3128
3126
3125
3124
3122
3120
3119
3118
3116
3114
3113
3108
3107
3105
3104
3103
3101
3100
3098
3095
3094
3093
3092
3091
3090
3089
3088
3087
3086
3084
3083
3081
3080
3078
3077
3075
3074
3072
3070
3069
3068
3067
3065
3064
3062
3061
3058
3056
3055
3054
3053
3052
3051
3050
3049
3047
3046
3045
3044
3043
3042
3039
3038
3037
3036
3035
3032
3030
3029
3028
3027
3024
3021
3019
3018
3014
3013
3010
3009
3008
3006
3004
3002
3001
2997
2996
2993
2991
2990
2989
2988
2982
2981
2977
2976
2975
2974
2973
2971
2970
2969
2967
2966
2965
2963
2962
2961
2960
2959
2958
2956
2955
2954
2953
2952
2949
2947
2946
2945
2944
2943
2939
2937
2936
2935
2934
2932
2931
2930
2928
2927
2926
2924
2921
2919
2918
2917
2915
2914
2913
2912
2911
2910
2908
2907
2905
2904
2903
2902
2901
2900
2899
2898
2897
2895
2893
2892
2891
2890
2889
2888
2887
2884
2882
2878
2877
2874
2873
2871
2867
2866
2865
2863
2862
2861
2860
2859
2858
2857
2856
2855
2849
2846
2844
2843
2842
2841
2839
2835
2833
2832
2831
2830
2829
2828
2827
2823
2821
2818
2817
2816
2812
2811
2810
2807
2806
2803
2802
2801
2799
2798
2797
2796
2794
2793
2792
2791
2790
2788
2787
2786
2785
2784
2783
2782
2781
2780
2779
2777
2775
2773
2772
2771
2770
2769
2768
2767
2763
2762
2761
2756
2755
2754
2753
2752
2751
2749
2747
2745
2744
2743
2742
2741
2739
2738
2736
2735
2731
2729
2728
2727
2726
2723
2722
2719
2717
2715
2714
2710
2705
2703
2702
2700
2699
2698
2696
2695
2694
2688
2687
2686
2685
2684
2683
2681
2679
2676
2674
2672
2671
2669
2668
2665
2664
2663
2662
2661
935
3289
3258
3222
3186
3111
3020
2869
2707
3165
3164
3097
2964
3201
2999
2938
2725
2653
2617
2605
2588
2582
2555
2547
2519
2516
2472
2468
2465
2461
2445
2436
2420
2419
2417
2413
2398
2389
2385
2377
2355
2332
2327
2295
2292
2283
2264
2247
2246
2241
2224
2223
2215
2203
2199
2196
2191
2189
2176
2174
2163
2149
2137
2134
2133
2127
2125
2101
2081
2068
2062
2047
2042
2039
2038
2026
2010
2002
1994
1954
1940
1932
1916
1913
1896
1546
1498
1762
2649
2643
2642
2629
2598
2567
2543
2542
2533
2530
2512
2510
2509
2508
2496
2458
2399
2384
2372
2368
2351
2347
2338
2336
2333
2328
2319
2315
2302
2293
2285
2282
2279
2267
2266
2250
2198
2194
2187
2180
2169
2153
2148
2138
2135
2132
2128
2117
2087
2065
2054
2053
2032
2007
1959
1948
1945
1941
1920
3278
3179
3011
1713
3420
3410
3178
3034
3412
3406
3404
3366
3331
3304
3295
3233
3168
3162
1599
1463
1840
1477
1670
1814
1822
1362
1252
1414
2826
1486
1594
1094
899
1759
1723
1147
1140
985
1672
1213
1005
3962
3948
3877
3872
3851
3830
3756
3721
3692
3684
3674
3609
3592
3561
3556
3550
3540
3525
3501
3456
3437
862
1741
1152
1676
1754
1686
1542
1161
961
1412
1908
1368
955
1700
1627
1442
1381
1281
1911
1779
1726
1561
1034
3361
3328
3263
3248
3136
3057
3005
2968
2941
2883
2822
2760
2678
1177
1856
1821
1765
932
1903
1716
1640
1567
1073
1234
1285
1781
1227
941
1852
1641
973
1555
389
1721
1532
1146
1112
1026
1249
1169
1131
1418
1829
1497
1342
1506
1212
1064
1810
1151
997
1886
1879
1774
1538
1132
1310
1308
1228
1035
1000
1317
1909
1702
1590
1833
1761
1683
1608
1603
1563
1520
1516
1393
1352
1291
934
1823
1753
1718
1668
1643
1632
1613
1605
1589
1571
1530
1509
1365
1207
1163
1156
1092
1006
1004
993
983
960
1575
1910
1867
910
1788
1197
1043
1203
1734
1800
1746
1737
1659
1623
1554
1471
1175
966
1263
1873
1636
1553
1020
1799
1791
1612
1460
1409
1388
1331
1323
1305
1205
947
927
1691
1576
1432
1417
1413
1286
1284
1282
1229
1215
1044
1009
1007
1428
646
1853
1573
1204
1018
679
584
1967
1013
528
485
469
459
449
435
426
421
415
407
369
357
350
1408
1864
1768
1730
1557
1519
1407
1377
1367
1344
1329
1278
1074
1049
512
368
1422
1173
953
536
456
440
404
398
375
352
1907
1844
1786
1508
1400
1396
1349
1332
1309
1294
1104
948
671
494
473
416
397
391
385
