107
805
3734
325
4030
2938
3814
4018
34
3336
635
3271
3809
3682
23
3991
863
1016
3614
276
1466
801
1362
3898
80
145
226
732
2281
3502
1138
884
865
2963
3905
2968
2949
2255
1050
3749
1270
3571
182
3539
3952
71
1756
178
929
3606
3513
259
93
2595
3744
3582
3015
35
3847
1043
210
564
3925
301
3765
36
1202
3748
3531
129
890
3788
1071
1933
2584
2014
270
3876
1325
3131
2094
850
152
255
167
179
139
1121
204
2470
3560
846
339
918
155
302
3141
628
2736
562
3865
1061
216
2760
4014
502
3990
3981
3989
1206
3695
872
3370
910
2023
3325
3045
2808
2888
2837
2442
2961
3309
3431
2764
3282
11
928
4020
1937
2771
3813
1087
1771
486
3808
602
740
18
311
3515
2691
677
572
649
1581
923
710
3787
3099
3922
870
351
679
3427
919
3530
234
530
207
1065
2842
3230
3585
202
622
2457
920
377
1880
3745
76
38
1797
380
3701
3868
1141
757
3816
3566
3603
289
1094
4024
91
247
3771
2861
3888
2714
279
2704
581
1627
3482
708
607
3893
2230
3742
3372
282
46
3494
3973
256
3556
3882
75
3746
3689
2792
499
2788
3197
899
1224
3183
60
2975
406
3492
233
3251
3954
1890
3857
2119
1378
3863
3401
2
3780
623
611
841
424
3383
2015
2699
1657
3639
4016
4007
3987
2903
52
293
157
478
1022
310
273
725
839
2930
1249
1008
3778
1326
540
2722
284
476
501
198
1384
1111
955
1254
3772
3659
20
3697
3602
1838
206
298
257
294
3811
3519
2540
2114
2621
3688
2513
2008
2515
2262
2337
146
2439
2570
2288
2096
2350
2383
2652
2524
2678
2097
2480
244
2497
218
2441
1992
261
2650
1690
3653
3580
3388
3063
3624
727
2291
1499
228
1500
1562
73
1961
2535
2838
1000
792
1478
3984
3268
714
305
689
585
974
1700
88
3909
1975
264
2860
1814
943
3453
309
440
1247
2752
407
3663
554
231
3974
1924
84
4033
3825
1417
3534
657
804
3885
3652
1053
3563
3798
813
2569
989
3074
1354
68
227
61
1560
3478
4029
3920
3901
808
105
3776
485
675
576
665
681
3936
1908
3979
2774
3621
1521
181
175
1625
3670
3266
245
2082
3840
3429
4037
3982
1697
3542
3983
372
4038
3993
1579
3269
2807
933
2761
2953
1034
3597
1455
27
2705
2673
590
3163
3010
2819
783
3175
3110
2954
2952
2892
1233
3409
2686
3392
1134
2924
3196
2834
3128
976
3043
3430
1903
3421
3167
2260
3369
4017
3405
72
3329
3199
2881
3178
3420
549
1183
3242
3218
3208
3181
1013
3144
3081
3032
892
3565
2667
7
1778
3007
3024
3247
2751
854
3413
610
2830
3408
937
3334
2748
3061
2685
3462
2682
3270
3072
468
733
4026
2051
3088
3777
388
3180
235
3031
3488
2269
768
2740
269
156
1046
2744
3229
3190
3575
260
3796
3424
3310
3970
3854
1967
3526
1755
449
3520
756
629
3914
1063
1383
1901
3622
383
2373
1696
1385
241
3496
79
2422
415
1023
316
961
814
3871
569
1476
3483
573
1414
287
1664
621
811
3147
1708
334
699
3665
3768
3407
205
3544
949
3694
3958
803
1558
12
15
3843
246
2528
3507
163
379
3800
258
1091
2983
268
103
2034
1564
2922
926
1208
1105
2517
1276
3398
2977
336
3879
2565
3547
3923
3457
726
443
3828
3656
2380
138
3789
663
1220
2895
1353
1990
1176
154
2079
3333
894
1830
350
1251
1286
3512
3978
3867
2166
2632
3006
2178
1
262
193
208
3853
215
3784
459
1498
4001
3846
1240
467
317
3779
22
528
2357
3638
821
1595
160
3931
3059
401
3704
672
594
723
393
4019
54
4028
3436
3699
2776
692
1038
1442
2814
32
3848
453
3812
2998
358
1133
1445
986
3939
852
3852
95
3349
1526
1905
1372
1418
1090
3712
541
74
1805
479
364
3723
4012
3216
1934
3727
1760
3306
3479
3491
1262
1031
786
767
3125
2041
1145
3720
3959
100
2256
775
1157
3003
539
173
3737
1253
656
1676
130
480
3832
676
3736
1544
674
776
2382
114
1337
454
836
165
3721
807
3889
868
3795
584
2811
1777
172
153
799
1701
3844
3532
3799
132
1394
435
3553
3685
1978
3751
1822
2997
2935
150
869
2217
1599
3564
295
3681
3627
3986
3215
2711
3138
2690
3358
3249
3337
3221
633
2854
3394
3130
19
328
306
195
1670
477
809
3641
3960
99
1672
2817
3127
886
878
889
882
3764
3752
3862
1167
1640
1858
1552
956
1403
979
1889
2490
2568
2412
2558
2545
3759
3831
1045
174
1776
3311
680
312
3376
3425
3894
1137
2474
437
532
341
274
3792
3472
3573
3552
3521
3550
3950
3890
3803
3906
827
819
642
2979
3122
120
8
201
1343
1064
1356
3961
3648
3714
3493
3951
3646
3763
3538
3892
3917
3657
3567
3595
3743
3912
3874
3541
3473
3910
3836
3899
3837
3949
1892
1468
1452
1787
963
1333
903
1733
1747
1533
938
1895
958
1118
1314
1216
1798
1568
1363
1232
1186
1648
1601
901
1548
1097
1837
1784
1319
1629
1371
992
1424
639
166
361
900
3338
3402
2816
2865
3312
2926
682
3536
598
597
636
684
357
505
369
996
1641
1283
3669
3864
3164
2941
990
3328
2772
2901
3030
3025
2978
2663
2879
2767
2959
2670
2972
2703
2193
2089
874
3594
3613
3516
4021
4005
3998
3994
4031
4011
3996
3980
3995
266
229
148
785
24
187
249
254
242
251
159
14
151
275
4
806
791
796
822
818
2245
2167
2301
1136
1033
1073
3722
3769
2225
2360
3490
1200
184
320
135
108
127
1030
3626
3637
337
137
44
343
230
214
111
41
3616
3932
40
307
3904
3881
3583
3466
3774
3975
3708
3579
3465
3957
3757
1585
1266
1441
2580
2411
2659
2371
2236
2251
2228
2160
2013
2091
1949
2628
2525
2514
1958
2024
2346
2049
1965
2006
1935
2375
2126
2070
2644
2577
2448
2529
1928
2186
1936
2342
2146
1980
2494
2027
2557
2270
2618
2402
2031
2147
2284
2435
2633
1951
2297
1957
2444
2355
2427
2353
2493
1976
2452
1944
2605
2205
2048
2222
2416
2221
2400
2389
2503
2318
2231
1930
2157
1998
1931
1919
2345
2603
2548
2397
2622
2610
2019
2401
1982
2479
2009
2636
2620
2000
2085
2379
2562
2488
2152
2361
2035
1963
2003
2109
2258
1999
2022
1968
2657
1991
1927
2538
2447
2637
2145
2239
2453
1923
2155
2259
2067
2313
2303
2285
2521
2348
2216
2547
2473
2572
2110
2334
1925
2213
1929
2546
2395
2329
1984
2467
2370
2208
2579
2253
2154
2574
2586
2478
2005
1995
1914
2116
2016
2640
2627
2025
1973
2076
2170
2625
2449
2200
2058
2561
2464
2409
2496
2616
2609
2086
2564
2356
2331
2045
2623
2532
2489
2613
2542
2369
2363
2121
2074
2428
1986
2506
2391
2387
2414
2037
2624
2559
2539
2410
2307
2309
2020
1966
2601
2551
2429
2287
2218
2526
1989
2563
1943
2641
2571
2512
2001
1972
2235
2274
2189
2161
2310
2029
2075
1970
2338
1981
2304
2396
2390
2243
2211
2002
2501
2344
2032
1954
2144
2434
2117
2305
2232
1987
2372
2315
2273
2169
2102
2649
2466
2438
2215
2183
2042
2631
2606
2578
2351
2594
2588
2468
2419
2065
2057
2511
2436
2362
1940
2377
1939
2635
2475
2461
2330
2272
2141
2066
2432
2302
2099
1920
1165
2502
2420
2319
2210
2187
2069
2021
2519
2242
2028
2267
2203
2039
2612
2264
2047
136
2648
2004
1921
2364
2202
2576
2573
2339
2323
2271
2124
2098
2033
2653
2555
2415
2111
2113
2604
2556
2550
2026
2248
2581
2247
1916
2233
2092
2591
2206
2179
2164
2139
2112
2386
2266
2118
1993
2518
1465
2553
2349
2575
2495
2589
2537
2279
1955
2583
2171
2366
2296
2101
2038
2485
2407
2374
2229
2123
2103
2046
1953
1946
2425
2226
2107
1964
2554
2549
2504
2392
2359
2352
2212
2131
2090
2077
2056
2615
2499
2150
1985
1983
2509
2508
2198
2068
2619
2462
2433
2430
2306
2237
2142
2122
2083
2059
2311
2471
2191
2174
2134
2265
2036
2645
2459
2365
2018
2642
2608
2522
2406
2343
2333
2294
2007
2590
2460
2275
2201
2190
2172
2040
1979
1962
2638
2376
2108
2567
2544
2417
2194
2128
2600
2520
2404
2278
2560
2393
2044
1942
2308
2064
2643
2599
2597
2491
2465
2151
2148
2081
1959
2536
2500
2088
2073
2655
2654
2646
2607
2446
2423
2408
2381
2354
2324
2244
2188
2184
2104
2095
1938
2585
2061
2486
2611
2602
2332
2276
2196
2153
2137
2127
2087
2043
1994
1971
2552
2507
2326
2220
2482
2469
2300
2290
2257
2140
2093
2063
2055
1997
2587
2246
2143
2062
2054
2598
2510
2384
2282
2072
1948
1577
2451
2368
2336
2328
2327
1947
1932
2283
2268
2199
2180
2138
2053
1945
2533
2445
2399
2385
2347
2293
2292
2289
2241
2224
2133
2132
2052
1718
2543
2298
2295
2163
2010
1926
2582
2660
2658
2639
2630
2617
2614
2593
2592
2534
2498
2492
2487
2484
2477
2476
2472
2458
2450
2426
2418
2394
2378
2367
2340
2325
2322
2299
2261
2254
2240
2234
2223
2214
2195
2192
2176
2165
2136
2135
2115
2106
2105
2084
2078
2071
2060
2030
2011
1941
1918
1917
1915
2629
2516
2463
2398
2149
2125
1913
1912
2250
2413
3155
2822
3278
1450
1792
3441
3963
3679
864
825
1218
802
702
782
771
736
789
742
788
326
149
333
116
28
140
281
300
197
94
57
346
196
101
53
3883
3562
3649
3481
3523
232
3976
3643
3895
3719
3767
3555
3499
3464
3600
3460
3612
3915
3761
3474
3945
3829
3927
3738
3469
3726
876
888
4023
83
51
240
124
3662
3791
3964
3664
3747
3500
3655
3967
3587
3783
3766
3933
3053
582
658
627
583
643
670
661
632
640
615
577
599
650
647
578
662
600
595
659
3126
3066
3263
3322
3222
2886
2999
3020
1666
4009
4035
3999
3997
4034
4027
4003
4004
3988
4025
4015
3549
3092
2948
3303
2794
2851
2929
3414
3423
2889
2809
2969
3435
3193
2981
3243
3149
2928
2891
2967
2887
3123
3158
2789
3096
2945
2669
2821
3042
2729
3040
2835
3384
2773
2698
3324
2735
2843
2806
2943
3004
2850
2747
3008
3314
2982
2800
2896
3231
2769
3257
2873
3119
2756
2741
3165
3073
2743
3142
3029
3234
3195
3174
3014
2944
2683
3047
3104
3052
2913
3433
3348
3220
2940
3301
2987
2681
2680
2754
3033
2985
2925
3250
2862
3228
2763
3054
2907
2810
2731
2782
3026
3000
2919
2827
2750
3339
3226
2966
3114
3084
3036
2666
2864
2852
2717
2679
2664
3417
3294
3098
2994
2915
2956
3362
3213
2909
2866
2832
2813
2775
2831
3244
3410
3404
2955
3284
3108
2986
2912
2910
2897
1642
3112
3245
3069
2668
2697
3133
2737
3171
2787
3382
3318
3426
3286
3356
3225
3153
2726
3293
2993
3340
3238
2734
2880
2872
2795
2718
3363
3232
2905
2874
2786
2804
3161
2882
2783
3387
3056
2974
2908
2757
2694
3129
2916
2867
2689
3399
3202
3090
2815
2777
2738
3078
2960
2890
2877
2755
3364
2920
2706
2931
3022
2839
2676
3253
3248
3067
3148
3050
3079
3177
2995
2715
2709
2934
3365
3395
3223
3346
3187
3264
3087
2675
3094
3298
3093
3256
2914
2791
2758
2687
2848
2836
3117
3064
3375
1171
3016
2846
2965
3058
3352
3001
3160
3403
3341
3207
2868
2739
3210
2946
3262
3179
3412
3359
3241
3086
2947
2844
2692
3343
3076
3295
3019
2779
2665
3120
3428
3379
3304
3283
3275
3254
3237
3236
3219
3176
3166
3157
3139
3135
3124
3107
3100
3085
3077
3065
3048
3037
3023
3018
2988
2984
2932
2927
2917
2911
2906
2885
2871
2801
2749
2746
2745
2700
3046
3327
2976
2733
3296
2823
3360
3321
3118
3034
3062
3378
2780
3186
2672
3393
2950
3377
3276
3261
3013
3038
3342
3361
2918
2730
3267
3206
2713
3204
3060
3357
3233
3136
3194
3021
2970
3391
3214
3115
3259
3146
2921
2812
2768
2825
2856
2803
2759
3274
3351
3217
3097
2958
2677
3255
2753
2996
3075
3422
3109
2840
2742
3039
2936
3299
3209
3041
3168
3162
2870
2829
2802
3287
3002
2724
2674
3331
3173
2701
2684
2951
2797
3411
3057
2712
3415
3203
3068
2728
2863
3288
1684
3406
3170
3111
3070
2875
2708
3258
3172
3182
3089
3373
3277
3152
2781
3102
3386
3191
3017
3397
3297
3265
3239
3106
2853
3416
2770
2719
3385
3344
3330
3280
3381
3272
2707
3335
3320
3316
2939
3279
3224
3198
3140
2989
2662
3302
3145
3434
3345
3313
3291
3240
3212
2990
2904
2796
2785
3154
3051
3011
2973
2894
2845
3396
3319
3103
2833
2765
2720
3366
3150
2991
2849
3350
3332
3188
3116
3101
2869
3185
3082
3252
3201
3169
2778
2661
3353
3005
2716
3355
2937
2793
3419
3347
3132
3049
3035
3027
2992
3113
2828
3151
3211
3246
3326
2957
2696
3205
2964
2858
2899
2923
2762
3368
1758
3390
2884
3374
3156
3371
3273
2723
2784
3184
3315
3143
2695
3281
2702
1505
2818
3380
3307
2980
2898
2893
3189
3400
3137
3095
2841
2883
3260
3009
3159
3012
2790
2727
1534
1705
1098
2859
2693
2725
3080
2688
3285
3317
3227
3083
3354
3200
2798
2962
2876
3192
2900
1726
2826
3105
2933
2805
3418
3367
3305
2847
2799
2766
2671
3044
1656
2942
3289
3323
2820
3432
3055
3235
1883
1626
1674
3121
1387
1477
1193
2878
3308
4000
3985
4006
4022
4032
314
168
308
77
106
50
288
224
123
330
177
115
128
82
347
96
252
238
186
25
10
291
272
329
39
318
344
303
134
142
31
340
323
296
225
192
121
90
63
297
169
85
26
158
9
290
59
109
62
332
304
133
13
342
285
119
30
250
176
185
67
104
56
21
0
322
248
203
113
271
331
141
299
236
188
170
122
5
313
280
212
66
200
223
324
222
98
315
239
211
118
48
199
3
180
1297
92
147
117
171
319
6
213
16
161
237
164
277
194
162
89
37
265
69
55
338
58
45
345
221
126
65
29
283
267
243
209
191
144
217
78
17
399
327
220
81
3290
278
321
143
49
33
86
64
112
131
263
183
87
125
47
286
70
189
110
335
292
190
43
2321
2173
2341
2207
2403
2120
2335
2159
2050
2647
2626
2454
2156
2238
1960
2320
2197
2440
2130
2129
2443
2162
1988
1952
2252
2523
2405
2175
2012
2182
2456
2249
2219
2017
2566
2280
2209
2530
2317
1421
1317
1486
1077
102
97
1518
951
1593
908
1274
1144
3896
1433
1328
3762
3625
3858
3645
3956
3833
3667
3438
3454
3977
1410
3878
3687
3924
3680
3540
3581
3605
3618
3884
3686
3873
3518
3810
3631
3969
3870
3693
3696
3921
3750
3943
3756
3611
1825
1494
3903
3824
3578
3804
3676
3706
3630
3790
3731
3926
3700
3440
3919
3938
3797
3596
3642
3640
3635
3528
3971
3510
3591
3443
3855
3584
3569
3511
3486
3851
3702
3683
3586
3448
862
3629
3684
3608
3651
3517
3449
3842
1806
1588
1187
3902
3821
3826
3718
3468
3944
3514
3450
3497
3674
3495
3647
3710
3636
3503
3576
3545
3911
3886
3703
3501
3559
3557
3475
3452
3593
3972
3668
3770
3835
3753
3872
3610
3558
3506
3463
3948
3877
3760
3609
3456
3705
3615
3590
3632
3442
3907
3505
3498
3677
3525
1085
3966
3947
3690
3900
3458
3838
3527
3471
3577
3568
3866
3728
3672
3860
3830
3741
3604
3782
3529
3524
