0
869
4018
233
613
1145
3984
2269
335
4022
624
3801
668
377
1176
1560
3003
3729
219
384
2541
3987
4007
4025
383
286
293
3879
1394
43
571
90
443
287
2263
3935
3653
2885
292
3037
356
3733
892
2195
2930
3408
673
3717
3560
2382
3071
244
440
1581
2569
37
1822
76
2380
86
3565
692
2704
1262
652
1233
262
3270
279
3451
608
3996
1693
585
3650
3853
4024
749
802
743
717
699
648
775
1208
3091
49
240
3942
950
2788
1466
3125
1386
52
1430
3709
307
550
447
174
448
3974
207
3407
852
3691
3372
2732
3251
3131
3181
3180
2902
2691
2792
3290
179
145
4016
464
552
6
327
319
89
95
2838
3885
256
3981
4019
3992
4009
3994
4013
4032
4006
4034
4002
3998
4037
3989
4036
4014
4021
3993
4030
4026
4000
3982
4004
4017
4038
4033
4031
4029
4028
4027
4023
4020
4015
4012
4011
4010
4008
4005
4003
4001
3999
3997
3995
3988
3986
3985
3983
3980
3990
3991
594
4035
788
732
757
707
702
818
806
789
725
813
790
761
889
874
888
850
851
794
782
855
854
839
825
798
791
767
750
746
736
735
715
714
712
710
704
691
689
821
742
812
863
826
796
808
833
822
816
722
814
769
763
795
786
723
711
832
765
721
693
778
771
734
799
690
784
745
758
755
842
738
701
783
730
849
793
836
827
770
716
777
740
894
882
878
819
803
867
885
776
811
884
876
856
846
837
817
807
800
797
780
779
751
718
843
838
754
713
687
705
686
847
844
792
774
772
766
762
726
724
709
694
890
708
804
853
848
840
834
830
829
820
815
787
773
768
760
759
756
752
747
737
733
731
728
727
720
706
697
696
695
688
845
835
831
824
809
781
764
748
741
739
870
886
883
880
877
873
872
871
864
861
828
823
810
805
753
729
719
703
895
879
866
698
881
858
700
893
887
865
859
841
744
891
860
801
785
868
875
3606
3864
3699
3745
3727
3531
3865
3771
3632
3539
3936
3770
3878
3630
3602
3882
1937
160
182
3429
2671
3940
3543
3654
3788
3849
3683
3527
3503
3461
3787
3774
3908
3941
3704
3619
3657
3712
3571
3802
3795
3765
3755
3703
3512
3502
3665
3614
3976
3700
3669
3848
3973
3720
3736
3947
3836
3946
3964
3960
3953
3660
3958
3895
3610
3462
3965
3701
3612
3957
3899
3751
3937
3668
3972
3466
3483
3638
3439
3572
3471
3870
3872
3845
3518
3863
3548
3888
3772
3932
3616
3763
3443
3753
3892
3978
3949
3834
3754
3622
3568
3498
3862
3740
3917
3944
3713
3710
3666
3663
3827
3600
3559
3591
3637
3477
3927
3678
3534
3459
3611
3515
3463
3529
3474
3446
3963
3580
3743
3922
3812
3441
3673
3504
3858
3627
3557
3497
3450
3786
3768
3979
3975
3579
3476
3883
3913
3832
3737
3730
3640
3605
3542
3485
3671
3869
3855
3833
3826
3718
3486
3809
3791
3472
3690
3840
3698
3598
3442
3696
3641
3719
3532
3817
3551
3951
3924
3903
3648
3593
3558
3506
3905
3894
3682
3652
3850
3898
3649
3581
3523
3481
3933
3747
3587
3874
3857
3739
3567
3876
3769
3553
3866
3777
3623
3584
3535
3918
3708
3675
3956
3829
3823
3510
3460
3900
3792
3711
3643
3831
3921
3867
3728
3715
3636
3599
3603
3488
3679
3819
3538
3784
3533
2483
2167
2651
2505
2251
2106
2618
2130
1950
2442
1978
2357
2012
2013
2424
91
454
267
260
206
189
154
112
194
97
75
27
228
38
164
51
60
54
276
314
294
208
3059
2857
3147
2899
2975
3311
2917
3130
3092
2726
3015
3349
2876
2562
2632
2548
2227
146
125
2453
2926
2721
3069
3760
3693
3475
3926
3521
3440
3884
3779
3547
3966
3902
3697
3550
3526
3520
3492
3828
3674
3971
3938
3928
3877
3545
3484
3456
3589
3929
3873
3800
3741
3677
3618
3609
3517
3803
3752
3469
3851
3667
3491
3448
3886
3780
3756
3563
3495
3721
3586
3501
2824
3487
3954
3904
3859
3604
3454
3444
3970
3969
3968
3967
3952
3950
3945
3939
3934
3931
3930
3925
3923
3920
3919
3916
3915
3914
3912
3911
3910
3909
3907
3906
3901
3897
3896
3893
3891
3889
3887
3881
3880
3875
3871
3868
3860
3852
3847
3844
3843
3842
3841
3839
3838
3837
3835
3830
3825
3824
3822
3821
3818
3815
3814
3813
3810
3808
3807
3806
3805
3804
3799
3796
3794
3793
3790
3789
3785
3783
3782
3781
3778
3776
3775
3773
3767
3766
3764
3762
3761
3759
3758
3757
3749
3746
3742
3738
3735
3734
3731
3726
3725
3724
3723
3722
3716
3714
3707
3706
3705
3702
3695
3694
3689
3688
3687
3686
3685
3681
3680
3672
3670
3664
3662
3661
3659
3658
3656
3655
3647
3646
3645
3644
3642
3639
3635
3634
3631
3629
3628
3626
3625
3624
3621
3620
3617
3615
3613
3608
3607
3601
3597
3596
3595
3594
3590
3588
3585
3583
3582
3578
3576
3575
3574
3573
3569
3566
3564
3562
3556
3555
3554
3552
3549
3546
3544
3541
3536
3530
3528
3524
3522
3519
3516
3514
3513
3511
3509
3508
3507
3505
3500
3499
3496
3494
3493
3490
3489
3482
3480
3479
3478
3473
3470
3468
3467
3465
3464
3458
3457
3455
3452
3449
3447
3445
3438
857
529
499
379
2493
2527
2441
2422
2375
2113
1934
2094
2513
2650
2439
2217
2486
2570
2119
2014
2230
2622
2426
2076
2545
2494
2050
1930
2245
1961
2129
2443
2207
1924
2049
2089
2411
2402
2613
2256
1974
2437
2000
2255
1992
2346
1949
2406
2186
2301
2146
2008
1965
2181
2238
2401
2160
2070
2454
2517
2477
2568
2614
2342
2456
2034
2082
2418
2287
1963
2552
2303
2061
2628
2371
2213
2421
2447
2633
2546
2644
2314
2173
1922
1986
2320
2503
2397
2236
2158
2156
1960
2593
2506
2499
2376
2021
2659
2504
2261
2164
1943
2440
2219
2197
2639
2620
2365
1998
2340
2118
2103
2090
2626
2116
2655
2654
2623
2590
2556
2549
2500
2446
2433
2410
2352
2326
2201
2139
2121
2115
2095
2069
2037
1993
1984
1962
2534
2388
2335
2193
2587
2577
2284
2027
1976
2647
2627
2583
2459
2378
2337
2157
2018
2004
1995
1991
1980
1957
1935
1931
2566
2657
2640
2636
2225
2171
2024
2011
2006
1921
1914
2455
2114
202
16
341
300
288
305
7
218
176
328
273
195
78
99
345
264
245
344
130
338
272
196
167
180
131
340
324
178
8
564
351
166
139
229
156
85
222
309
159
135
225
143
102
68
46
23
317
22
155
124
2
31
115
339
168
248
223
170
1
342
55
77
291
121
9
310
281
127
318
295
109
56
187
269
64
330
299
32
302
266
19
278
148
84
65
268
250
211
98
346
24
199
73
53
30
337
230
151
28
17
280
274
265
258
232
132
67
165
119
284
251
172
118
325
212
203
122
79
72
62
3
336
322
285
283
270
239
221
141
88
83
226
20
313
304
271
238
236
21
277
316
204
169
181
152
453
562
349
671
406
672
2599
2637
2048
2612
2221
2075
1952
3376
2884
3281
3388
3275
3314
3427
3099
2667
2779
3044
3190
3088
3093
2821
3123
2684
3383
3430
3300
3024
2832
3200
3141
3066
2979
2809
3127
2759
2995
2817
2774
3153
3063
2936
2762
2713
2868
2775
3283
2889
2961
2972
3313
2987
2981
3241
2996
2952
2748
2852
3016
2766
3303
3217
3229
2909
2663
2978
2756
3336
3128
3126
3144
2751
3114
3107
2990
2820
2697
3393
3032
2816
2801
3206
3006
2980
3195
2887
2835
3271
3053
2776
2984
3404
3288
3162
3238
3228
3135
3104
3098
2698
2695
3231
3030
2675
2711
3421
2843
3236
3090
2794
2805
3354
3138
3050
3045
2769
3306
3249
3214
3352
3307
3211
3048
3041
2727
2687
3399
3364
2729
3389
2954
2841
2836
2736
3416
2793
3042
3435
3163
2993
3243
3105
2940
2866
2850
3073
2994
2911
2908
3392
3369
3156
3347
3102
3058
2904
3420
3326
3075
2819
2690
3157
3412
3103
3391
3378
2939
2853
3065
2872
2757
3264
2831
2723
3286
3237
3234
3213
3000
2928
2891
2782
3008
2834
2670
3395
3341
2875
3328
3067
2709
3382
3325
3244
3301
3284
3085
3033
3023
3022
2920
2680
2957
3433
3417
3400
3293
3257
3137
3129
3119
3029
3026
3010
2931
2927
2867
2854
2807
2761
2743
2741
2731
2681
2679
3414
2944
3255
2823
2797
3357
3215
3134
2772
3226
3108
3096
3084
3014
2966
2906
2905
2851
2827
2689
3362
3250
3149
2988
2969
2960
2877
2815
2800
2786
2738
2669
3411
3353
3272
2901
3191
3434
3350
3298
3279
3274
3172
3060
3017
2881
2686
3201
3196
2997
2983
2935
2933
2856
3280
3051
3035
2796
3320
2781
3343
2965
2818
1973
2607
2601
2586
2572
2374
2356
2353
2306
2290
2206
2131
2109
2098
2083
2059
1983
1917
2452
2192
2022
2210
2630
2615
2602
2600
2579
2542
2492
2484
2467
2323
2309
2299
2276
2240
2212
2188
2172
2140
2136
2123
2086
2078
2077
2063
1946
1929
2003
2605
2400
2476
2391
2009
2001
1972
2554
2414
1925
2389
2312
3403
3351
3277
3225
3198
3182
3169
3155
3132
3110
3021
2991
2828
2712
2674
3340
3302
2923
2688
2949
2802
3179
2366
2296
2270
2242
2392
2560
2232
2611
2576
2520
2427
2044
1982
2522
2415
1981
2065
2055
2474
2448
2291
2036
1923
2529
2396
2390
2304
2177
2249
2062
2496
2652
2603
2313
2235
2110
2099
2473
2438
2417
2149
1970
2525
2416
2345
2344
2226
2169
2107
2029
2413
2305
2267
1954
2501
2377
2328
2243
2215
2057
136
2174
2111
2071
2646
2537
2489
2468
2451
2436
2434
2409
2379
2372
2218
2176
2147
2019
1985
1942
2625
2619
2604
2597
2594
2578
2575
2571
2561
2530
2526
2495
2462
2460
2429
2428
2398
2395
2384
2355
2348
2334
2324
2280
2275
2233
2184
2165
2150
2148
2142
2127
2104
2040
2005
1979
1918
2609
2161
2137
2125
2072
2047
2038
1987
1959
1955
3345
3312
3070
3365
2848
2803
3422
3386
3355
3321
3291
3212
3151
3120
3087
3082
3038
2989
2720
2716
3358
3292
3199
3148
3140
3136
3036
2919
2676
3118
3415
3380
3154
3113
3076
3068
2892
2860
2758
2753
2730
3207
3159
2962
3379
3366
3359
3356
3346
3334
3332
3253
3177
3168
3018
2947
2934
2829
2662
1486
2740
904
217
150
3962
3948
3943
3797
3750
3692
3684
3651
3633
3592
3577
3561
3540
3525
862
1627
3205
3405
3287
3266
3086
2921
2665
3396
3005
2964
3077
3150
2718
2999
2941
3432
2790
3097
3165
3079
3011
2826
1498
1558
996
534
470
3961
3861
3437
576
647
639
616
623
644
575
681
635
577
633
586
574
640
632
643
600
670
627
163
80
34
533
539
429
516
466
472
416
568
532
441
399
510
365
3418
3381
2894
2660
2658
2656
2648
2645
2641
2638
2635
2634
2631
2624
2621
2617
2610
2606
2596
2595
2591
2589
2585
2584
2582
2581
2580
2574
2573
2564
2563
2559
2558
2557
2553
2551
2550
2544
2540
2539
2538
2536
2535
2532
2531
2528
2524
2523
2521
2518
2516
2515
2514
2507
2497
2491
2490
2488
2485
2482
2480
2479
2478
2469
2466
2464
2450
2449
2444
2435
2432
2431
2430
2425
2423
2420
2412
2408
2407
2405
2404
2403
2393
2387
2386
2383
2381
2373
2370
2369
2368
2367
2364
2363
2362
2361
2360
2359
2358
2354
2351
2350
2349
2341
2339
2333
2332
2331
2329
2322
2321
2319
2318
2317
2316
2311
2310
2308
2307
2300
2297
2288
2286
2281
2278
2277
2274
2273
2272
2271
2268
2266
2265
2262
2260
2259
2258
2257
2254
2253
2252
2250
2248
2244
2237
2234
2231
2229
2228
2222
2220
2216
2214
2211
2209
2208
2205
2204
2202
2200
2190
2182
2179
2175
2170
2168
2166
2162
2159
2154
2152
2145
2141
2128
2126
2124
2122
2120
2112
2108
2105
2101
2100
2097
2096
2093
2092
2091
2088
2085
2084
2081
2080
2074
2073
2067
2066
2064
2060
2058
2056
2054
2051
2046
2045
2043
2041
2035
2033
2032
2030
2025
2023
2020
2017
2016
2015
2002
1999
1997
1996
1990
1989
1988
1977
1975
1971
1969
1968
1966
1964
1958
1956
1953
1951
1948
1944
1939
1938
1936
1933
1928
1927
1926
1919
1915
347
343
334
333
332
331
329
326
323
320
315
312
311
308
306
303
298
297
296
290
289
282
275
263
261
259
257
254
252
249
247
246
243
242
237
231
227
224
220
216
215
214
213
209
201
200
198
197
192
191
190
188
186
185
184
183
177
175
161
158
157
153
149
147
144
142
140
137
134
133
129
128
126
123
120
117
116
114
113
111
110
108
106
105
104
103
101
100
96
94
93
92
87
82
74
71
70
69
66
63
59
57
50
48
47
45
44
41
40
39
36
35
29
26
25
14
13
10
5
4
1775
1731
551
457
424
381
380
536
478
680
498
684
573
631
664
654
603
597
592
579
1353
519
502
490
488
359
1651
1039
396
361
354
508
442
426
409
590
669
569
446
445
456
547
437
362
570
531
372
676
503
387
685
682
630
593
546
449
543
509
458
678
452
408
398
368
666
565
413
1797
1196
923
1239
2653
2471
2463
2419
2394
2343
2336
2330
2325
2264
2223
2196
2185
2155
2144
2133
2132
2087
2052
2031
1947
1945
1932
1916
3436
3431
3428
3426
3425
3424
3423
3419
3410
3409
3402
3398
3397
3394
3390
3387
3385
3384
3377
3374
3373
3371
3370
3368
3367
3363
3360
3348
3344
3342
3339
3338
3337
3335
3333
3330
3329
3327
3324
3323
3322
3319
3318
3317
3316
3315
3310
3309
3308
3305
3299
3297
3296
3294
3289
3285
3276
3273
3269
3267
3265
3262
3261
3260
3259
3258
3256
3254
3252
3248
3247
3246
3242
3240
3239
3235
3233
3232
3227
3224
3223
3221
3220
3219
3218
3216
3210
3209
3208
3204
3203
3202
3197
3194
3193
3192
3189
3188
3187
3185
3184
3178
3176
3175
3174
3171
3170
3167
3166
3161
3160
3158
3152
3146
3145
3143
3142
3139
3133
3124
3122
3121
3117
3116
3115
3112
3109
3106
3100
3095
3094
3089
3083
3081
3080
3078
3074
3072
3064
3062
3061
3056
3055
3054
3052
3049
3047
3046
3043
3040
3039
3031
3028
3027
3025
3013
3012
3009
3007
3004
3002
2998
2992
2986
2985
2982
2977
2976
2974
2973
2970
2967
2963
2959
2958
2956
2955
2953
2951
2950
2948
2946
2945
2943
2942
2937
2932
2929
2925
2924
2922
2918
2916
2915
2914
2913
2912
2910
2907
2900
2898
2897
2896
2895
2893
2890
2888
2886
2882
2880
2879
2878
2874
2873
2871
2870
2865
2864
2863
2862
2861
2859
2858
2855
2849
2847
2846
2845
2844
2840
2839
2837
2833
2830
2825
