0
3984
4036
1386
1096
447
2691
4035
3798
3974
209
3748
2457
3183
3451
891
3856
210
3570
1206
358
668
2842
918
2195
37
3453
3729
244
3885
775
1394
2541
1854
1233
648
3134
2595
1252
3467
2481
289
201
3544
190
250
2527
2483
3037
2792
282
4006
4034
4005
3991
4016
4025
3992
4007
3996
4011
4003
4013
3993
4027
3985
3989
4002
4020
4018
3995
3986
4017
3981
4019
4009
4031
4026
4004
4000
4038
4030
4023
4021
4014
3998
3997
3994
3982
3980
4001
4032
3990
3999
4033
4037
3988
594
4008
4010
4012
4029
3987
4015
3983
4022
4028
4024
1119
11
801
674
607
2569
608
3230
2079
892
585
15
3031
692
114
335
1145
1466
624
602
292
550
3853
3650
3071
18
2470
875
638
3820
2269
287
3709
613
1834
1581
1560
883
2596
911
3935
43
74
12
215
3407
256
3846
3268
3746
642
33
581
233
42
145
90
377
47
749
1224
286
241
401
255
160
52
1276
2857
179
3959
859
1430
316
205
468
1176
3875
3006
443
154
3922
3808
3807
3282
138
3879
153
3589
3688
750
234
1326
1270
841
744
35
3125
267
1755
3704
3854
1690
216
1262
1065
699
379
1395
279
2788
1967
70
3408
2814
1558
3942
2704
2740
305
2382
183
3732
860
1046
182
1586
81
904
383
301
386
3801
253
1208
1627
157
411
1693
97
356
1760
1027
3691
667
3744
1253
1071
660
155
3560
3717
3413
3733
854
899
2998
228
2808
2168
3699
293
1034
757
207
499
71
321
76
49
3928
247
743
571
3689
2952
454
3816
785
3955
61
2380
448
2722
1362
3582
3811
2714
112
656
2922
2442
240
2178
1546
2798
1194
336
3597
2860
1353
191
3375
164
3575
1105
294
1002
2975
852
174
717
855
832
192
790
202
884
270
894
120
893
124
1996
877
166
125
1937
307
1022
2885
3978
2106
673
453
384
1969
327
3781
3619
2204
3952
3897
3965
3954
865
851
3121
2565
1383
3765
2441
3003
788
3946
1200
3537
3143
3588
3939
3653
3494
2855
1713
3882
1856
1474
996
552
530
220
3673
868
262
2971
467
2838
1510
572
288
1651
1031
945
206
2963
3910
3865
3686
3953
3565
406
3147
1762
464
1890
858
1442
866
652
1797
1711
472
349
3887
562
2817
864
3271
704
3694
3849
2431
735
110
3074
1264
152
3890
3227
3127
802
351
193
2774
2230
283
46
3678
1147
3742
3429
2980
2692
2437
910
264
3787
3055
2736
3637
3444
3290
2422
879
2219
1476
721
3310
2015
1157
235
1777
593
27
3839
1417
3805
3489
2167
3059
2505
1776
1657
1607
1346
825
245
1295
929
671
610
485
3925
3305
1038
881
798
1455
1133
895
873
34
3844
3676
3606
1486
371
2634
1579
1354
1057
846
