0
822
4009
4034
233
358
3074
3699
613
801
1354
4012
859
3513
3991
4032
1607
2470
1627
3729
293
656
870
2528
1395
3801
49
3846
3935
1797
2885
3748
386
3143
3911
3691
2922
124
114
3811
1031
2195
2263
866
1057
872
3732
182
2106
2094
1162
3959
4006
4016
399
3688
250
454
1854
1073
3661
241
234
673
279
593
498
602
1240
4022
3820
4013
3665
4008
2541
2178
3598
3031
3853
3984
581
2177
674
955
163
3989
270
183
160
301
4035
4029
3161
1477
292
3606
3983
1442
3916
2527
3673
100
43
126
340
3071
4015
3781
3879
886
861
832
379
3875
841
1027
744
852
717
2269
3134
1168
1558
899
918
3572
1119
851
3125
883
3689
1924
2740
253
2814
1664
240
12
1956
472
208
74
2788
911
294
155
90
1690
210
3949
34
648
3451
1233
3694
377
96
1581
2565
910
743
3744
608
3974
785
3808
189
71
3704
692
3566
891
875
1693
550
206
1713
945
300
145
2838
2732
3922
3899
860
3863
2975
3660
790
2595
3592
3847
76
4011
1394
441
476
364
501
393
2168
776
874
3746
205
52
192
255
2431
858
871
894
895
881
879
1896
4002
4031
885
877
867
887
3647
3952
3932
3616
3844
3716
3848
3799
3439
3638
2774
3147
3127
3055
256
4033
4000
3993
3994
3985
4003
3995
3986
4019
4018
3998
4023
4004
3997
3988
4036
4030
4027
4026
4021
4010
4005
3992
3990
3981
4038
4017
3982
3980
4014
4037
4007
4025
4020
3996
667
594
4024
4001
4028
3999
3987
816
767
691
882
768
746
732
714
863
890
715
807
757
836
791
786
833
707
821
716
761
837
756
729
700
733
737
782
735
888
876
869
722
763
806
826
740
848
845
844
812
741
724
829
762
758
720
880
710
708
760
738
695
742
702
809
755
804
793
769
718
781
752
705
835
792
787
773
765
764
739
849
846
694
853
831
818
815
813
810
784
766
736
706
701
690
799
843
827
819
779
759
748
709
889
878
873
823
811
805
753
795
778
745
719
711
824
734
839
712
830
800
780
777
772
770
751
726
697
856
838
820
817
774
730
850
847
842
840
834
828
814
808
803
797
796
794
789
783
775
754
750
749
747
731
728
727
723
713
704
703
699
698
696
693
689
688
687
686
802
725
771
825
721
854
798
788
864
893
884
865
855
868
892
857
3354
228
243
3271
3200
2776
3053
101
112
283
191
129
245
32
317
54
194
57
225
338
310
237
3218
3141
2861
2799
2721
3963
3806
260
254
161
288
307
77
187
29
106
128
144
2
265
63
162
151
115
184
174
19
227
177
46
175
39
10
3
13
130
308
117
291
62
238
346
196
259
8
290
79
55
273
195
48
329
213
30
137
142
60
333
226
179
197
134
45
170
50
285
66
25
332
314
122
98
320
272
21
299
266
302
242
53
24
110
319
95
6
258
156
51
331
121
118
65
16
330
328
306
275
88
298
212
165
26
296
143
268
252
337
140
93
28
17
248
251
127
190
116
99
83
111
44
14
280
276
200
176
141
75
69
31
2972
3336
3311
3122
3388
3091
3890
3724
3770
3537
3893
3676
3652
3754
3447
3894
3763
3607
3682
3977
3882
3965
3571
3969
3706
3585
3549
3534
3869
3870
3494
3698
3655
3478
3850
3827
3498
3641
3472
217
2971
1974
2535
2281
304
271
239
232
207
186
133
87
345
339
249
236
223
211
203
199
67
56
40
5
1
172
169
2441
347
344
343
342
341
336
335
334
326
325
324
323
321
318
313
312
311
309
303
297
289
284
282
281
278
277
274
262
261
257
247
246
244
235
231
229
224
222
221
220
219
218
214
204
201
193
188
185
181
180
178
168
167
159
158
157
153
152
149
148
146
139
135
132
131
125
123
119
113
109
108
105
104
102
94
92
91
89
85
84
82
80
78
73
72
68
61
59
41
38
36
33
23
22
20
15
9
7
4
3382
2982
2703
3216
3322
3083
2886
3368
2935
3128
3314
2889
2767
2699
3242
3105
2736
3372
3181
2930
2831
3246
81
3389
2941
3270
2980
3249
3175
2811
3333
3130
2963
3234
3202
3414
3229
2798
2803
2722
3357
2824
2671
2723
3612
3579
3720
3575
3768
3843
3459
3934
3896
3859
3539
3777
3617
3591
3872
3452
3793
3443
3696
3671
3719
3711
3493
3486
3956
3668
3614
3457
3783
3747
3664
3610
3532
3931
3620
3866
3535
3510
3468
3466
3564
3588
3477
3825
3738
3622
3511
3499
3483
3624
3546
3947
3782
3764
3646
3924
3648
3653
3558
3460
3929
3960
3791
3587
3508
3659
3490
3599
3708
3666
3663
3871
3567
3445
3680
3643
3458
3921
3939
3905
3580
3837
3759
3686
3864
3536
3681
3880
3815
3740
3608
3818
3623
3593
3568
3524
3833
3822
3794
3726
3561
3628
3892
3874
3739
3657
3473
3441
3446
3937
3829
3752
3630
3602
3442
3835
3802
3482
3906
3855
3826
3803
3823
3903
3758
3714
3690
3584
3463
3773
3685
3644
3920
3809
3766
3940
3543
3722
3761
3634
3464
3767
3907
3629
3775
150
64
2813
3126
3063
3112
3067
2752
3530
3487
2505
2113
2456
2493
2182
2487
2380
2513
2255
2503
1950
2358
2622
2474
2373
2175
2486
322
315
120
103
2632
2422
2051
2066
2207
2012
2524
2442
2014
2159
443
2209
2185
3075
2942
3300
2816
3281
3058
3276
3401
3376
2688
3423
3318
3325
3288
3170
2770
2926
2686
3424
2954
2663
3393
3431
2744
3334
2713
3235
2899
3316
3421
3021
2674
3042
2710
3427
3317
2807
2978
3416
3146
2765
2846
2785
2726
3260
3197
2805
3217
2832
2772
2715
2769
3066
3092
3399
2821
3193
3243
2981
3247
2997
2983
2938
2918
2735
3238
3044
2940
2884
2759
3114
3015
3008
2959
2670
3152
2789
3293
2924
2865
3030
3265
3209
3148
3390
2993
2874
3121
2806
3307
2709
2668
2766
3391
3239
3132
3041
2836
2825
3378
3291
3224
3093
2878
3312
3430
2994
3180
3131
3166
3061
3418
3043
3299
2901
2748
3296
3240
3337
3323
3236
2870
3107
3383
2945
2729
3194
3013
3345
3400
3257
3137
3104
3025
2809
2761
2987
2929
2873
2756
2960
3145
2797
2708
269
3398
3266
3089
2859
3292
3254
2734
2790
2692
3410
2779
3371
3255
3221
3215
2819
2812
2801
3361
3190
2858
2771
2984
3434
3335
3267
3155
3070
2970
2914
2849
3425
3326
3297
2675
3419
3115
2992
2991
2921
2894
2853
2962
3365
3285
2784
3279
2714
2895
3349
3274
3172
2762
2667
3422
3298
3188
2848
3330
3192
3169
3082
3035
2904
3219
2995
3380
3203
3160
3024
2707
3185
3116
3303
3294
3286
3095
2931
3363
2907
2880
2741
2953
2705
2681
3228
3211
3085
2961
2841
3433
2877
2755
3417
3033
2977
2887
2698
3098
3084
3052
2985
2890
3436
3435
3117
3054
2743
3339
3213
3123
3047
3026
3014
2910
2891
2835
2754
2666
3220
3073
2988
2928
2717
3387
3284
3232
3184
3129
2917
2867
2866
2854
2669
3426
3364
3301
3250
3142
2943
2916
2908
2864
2839
2786
2773
2763
2706
3384
3362
3348
3226
2919
2912
2897
2872
2746
2738
2673
3406
3396
3347
3272
3225
3204
3157
3140
3060
3039
2973
2869
2863
2796
2742
2733
2719
2661
3178
2892
2820
3405
3159
3069
3051
2829
3395
3359
3356
3329
3162
3077
2868
2845
3377
3009
3344
3321
3313
3214
3171
3150
3086
3018
3016
2989
2844
3374
3138
2270
2531
2252
2599
3124
3409
3736
3519
3923
3836
3774
3749
3621
3516
3908
3730
3590
3565
3639
3649
3481
3930
3765
3891
3553
3581
3562
3479
3813
3700
3605
3547
3542
3672
3485
3462
3888
3788
3522
3852
3860
3559
3461
3488
3492
3914
3858
3658
3645
3640
3469
3450
3838
3737
3731
3527
3518
3824
3651
3548
3784
3796
3654
3618
3520
3471
3861
3583
3555
3828
3785
3779
3545
3528
3966
3656
3491
3760
3475
862
3979
3978
3976
3973
3972
3967
3964
3958
3954
3953
3951
3950
3946
3945
3944
3941
3938
3936
3933
3927
3926
3917
3915
3912
3910
3909
3904
3901
3900
3897
3895
3889
3887
3885
3881
3878
3876
3873
3868
3867
3862
3857
3849
3845
3840
3834
3821
3819
3814
3812
3810
3807
3792
3789
3787
3786
3780
3778
3776
3772
3771
3769
3762
3757
3753
3745
3743
3735
3728
3727
3725
3718
3715
3713
3712
3710
3707
3705
3703
3702
3701
3695
3687
3679
3678
3675
3670
3669
3662
3650
3642
3637
3636
3632
3631
3627
3619
3615
3603
3601
3597
3595
3589
3574
3569
3554
3544
3541
3538
3531
3529
3526
3521
3515
3509
3507
3506
3505
3504
3503
3500
3497
3496
3476
3474
3470
3465
3455
3454
3351
3332
2833
3136
3012
2949
2768
2665
3411
3350
3287
3258
2684
3360
3182
3017
2840
2783
3343
2882
2818
1838
3385
173
3925
3551
2317
2025
2311
1988
2070
1996
2248
2173
1978
2050
2082
1933
2584
2443
2393
2019
2044
1944
2515
2490
2383
2260
2286
1968
1934
2530
2119
2105
2610
1927
2572
2523
2411
2041
2529
1913
1969
2208
2065
2048
2453
2362
2318
2166
2583
1957
2399
2112
2652
2651
2568
2558
2437
2413
2400
2346
2518
2236
2130
2099
2023
2285
2316
2021
2067
2424
2341
2160
2367
2357
2296
1999
2544
2502
2514
2155
2476
2577
2405
2371
2181
2152
1949
2519
2641
2205
2029
2342
2314
1915
2612
2026
2480
2245
2287
2549
2300
2448
2402
1942
2163
2057
2638
2288
2172
1925
2656
2277
2404
2650
2466
2425
2643
2305
2058
2229
2103
1981
2630
2604
2492
2460
2348
2140
2123
2108
2060
2545
2391
2387
2303
2262
2234
2092
1985
2496
1920
2495
2212
2406
2250
2215
2141
2614
2440
2397
2231
2129
1936
1930
2156
1976
2648
1931
2283
2241
2657
2639
1980
1958
2620
2585
2447
2435
2364
2061
1991
1935
1919
2571
2574
2551
2550
2506
2427
2326
2290
2237
2020
1989
1986
2401
2320
2170
2417
2372
2268
2522
2349
2602
2593
2563
2542
2386
2276
2206
2030
2228
2114
2049
1965
1960
2660
2626
2538
2459
2297
2192
2016
2001
1972
2479
2377
2110
2637
2618
2525
2416
2366
2325
2242
2226
2214
2091
2085
2036
2615
2536
2504
2485
2467
2433
2410
2381
2363
2359
2275
2043
2040
2601
2600
2482
2477
2468
2271
2282
2603
2491
2415
2274
2243
2128
2007
1954
2635
2473
2379
2351
2344
2343
2247
2232
2191
2169
2151
2144
2081
2047
1923
2616
2588
2472
2327
2176
2174
2148
2042
2028
2617
2434
2432
2384
2332
2199
2180
2052
2003
136
2624
2623
2591
2579
2556
2552
2521
2507
2446
2352
2340
2339
2253
2240
2233
2216
2184
2150
2069
1984
1983
1971
1966
2378
2157
2608
2598
2509
2338
2313
2304
2280
2211
2189
2161
2149
2127
2031
1959
2259
2120
1990
2659
2647
2116
2024
2654
2611
2573
2532
2392
2356
2266
2220
2213
2188
2154
2142
2139
2121
2109
2074
2073
2045
2033
1997
1943
1941
2613
2607
2590
2575
2560
2554
2553
2526
2500
2499
2484
2469
2462
2429
2414
2395
2370
2369
2354
2353
2347
2334
2323
2309
2308
2299
2257
2218
2200
2165
2136
2115
2104
2086
2083
2077
2055
2037
2005
1963
1946
1929
2636
2365
2225
2171
2097
2027
2022
2018
2009
2006
2000
1951
166
1474
665
662
661
599
597
453
505
3341
3253
3076
2955
2653
2649
2629
2567
2547
2543
2516
2511
2420
2419
2398
2333
2319
2298
2295
2293
2196
2138
2137
2134
2132
2101
2039
2002
3397
3212
2936
2720
3222
3201
3310
3420
2923
3432
3428
3415
3413
3408
3407
3404
3403
3402
3394
3392
3386
3381
3375
3373
3370
3369
3367
3352
3342
3340
3338
3328
3319
3315
3309
3308
3305
3302
3283
3280
3277
3275
3269
3264
3262
3261
3259
3256
3252
3251
3248
3244
3237
3231
3208
3207
3206
3199
3196
3195
3191
3187
3186
3183
3179
3177
3174
3173
3167
3163
3158
3156
3154
3153
3151
3149
3144
3139
3135
3133
3120
3119
3113
3111
3110
3109
3108
3106
3103
3102
3097
3096
3090
3088
3087
3081
3080
3078
3072
3065
3064
3059
3050
3049
3048
3046
3045
3040
3038
3036
3034
3032
3029
3028
3027
3023
3022
3010
3004
3001
3000
2999
2998
2996
2986
2974
2967
2966
2965
2957
2956
2948
2944
2939
2937
2934
2933
2932
2927
2925
2913
2911
2909
2906
2903
2902
2898
2888
2881
2879
2876
2875
2871
2862
2856
2852
2851
2850
2847
2843
2837
2828
2827
2823
2817
2815
2810
2808
2802
2800
2795
2794
2793
2791
2787
2780
2753
2751
2750
2749
2747
2745
2739
2737
2731
2724
2718
2716
2712
2702
2701
2700
2697
2696
2695
2690
2689
2687
2685
2683
2680
2679
2676
2672
58
1701
1034
3263
3057
3278
3164
3005
2760
3241
3233
3223
3068
3007
2990
2900
2830
2730
3379
3346
3327
3273
3210
3176
3118
3101
2781
2778
2775
2758
2728
2711
2662
3358
3353
3306
3198
3189
3062
3019
2964
2950
2947
3324
3056
2969
2946
2920
2915
2905
2896
2782
2777
2757
2694
2664
3320
3295
3168
3002
2958
2951
2727
2682
2642
2555
2461
2436
2394
2328
2294
2267
2264
2246
2223
2111
2072
2071
2054
2032
1955
1932
1916
3205
2979
987
1641
1840
1157
3962
3667
3635
3533
3957
3919
3918
3913
3902
3898
3886
3883
3842
3832
3795
3790
3756
3717
3613
3594
3586
3578
3576
3563
3560
3552
3523
3502
3480
3449
3877
3800
3750
3741
3734
3721
3693
3517
3514
3484
3448
3971
3851
3817
3611
3970
3692
3683
3677
3625
3573
3550
3512
3943
3884
3841
3831
3804
3697
3674
3609
3604
3577
3557
3495
3438
3968
3805
3797
3755
3684
3600
3596
3540
3501
3437
1050
1317
1586
1301
1486
171
1546
1266
1218
1053
1697
1274
1465
3245
3079
3020
3011
2976
2968
2883
2725
2678
1461
1140
1087
1307
1228
1534
1527
1892
1254
1252
1043
351
467
406
552
464
530
3961
533
2658
2655
2646
2645
2644
2640
2633
2631
2628
2627
2625
2621
2619
2609
2606
2605
2597
2594
2592
2589
2587
2586
2582
2581
2578
2576
2570
2566
2564
2562
2561
2559
2557
2548
2546
2540
2539
2537
2534
2533
2520
2517
2512
2510
2508
2501
2498
2497
2494
2489
2488
2481
2478
2475
2471
2465
2464
2463
2458
2457
2455
2454
2452
2451
2450
2449
2445
2444
2439
2438
2430
2428
2426
2423
2421
2418
2412
2409
2408
2407
2403
2396
2390
2389
2388
2385
2382
2376
2375
2374
2368
2361
2360
2355
2350
2345
2337
2336
2335
2331
2330
2329
2324
2322
2321
2315
2312
2310
2307
2306
2302
2301
2292
2291
2289
2284
2279
2278
2273
2272
2265
2261
2258
2256
2254
2251
2249
2244
2239
2238
2235
2224
2222
2221
2217
2210
2204
2203
2202
2201
2198
2197
2194
2193
2190
2187
2186
2183
2179
2164
