1912
107
1684
3437
348
2661
0
3363
1871
686
414
2901
363
1277
3082
3633
2061
475
119
2925
3545
1322
3019
828
3182
26
1051
397
1951
3362
3351
455
1413
853
3756
3822
3593
1895
3154
3702
697
2025
792
1673
460
1770
9
481
332
2126
3980
3629
1630
2955
3956
3830
3324
3611
3240
366
3587
1642
3385
3302
3731
1919
940
3365
1555
2412
584
2836
3013
557
3948
930
3886
3645
677
1720
830
3924
3287
659
636
2217
958
1161
1348
2146
2663
2830
1894
2684
3764
1972
3102
339
325
738
487
2097
1304
2816
3559
3171
3728
2839
3757
3741
1273
420
49
3326
2729
3427
2879
1974
1978
892
2497
1212
3343
2701
3500
3231
826
815
555
719
3525
1095
3345
508
1922
2771
3722
634
781
2494
1566
678
303
3242
2979
3909
3979
187
29
2411
1803
1279
3592
620
2984
3510
1872
3571
3774
413
1786
1415
3662
3516
293
938
1363
3368
22
2869
3972
1366
2633
3705
3518
3607
727
43
3617
3543
965
3119
3667
355
3176
3003
3180
1218
1664
1325
1301
2197
1930
1174
1510
912
3269
184
382
101
3474
3503
280
1507
1188
690
2762
1582
1011
3476
563
1473
862
1333
3295
816
813
710
2453
2301
616
3737
3223
698
2027
3036
863
462
2488
3657
3531
216
1249
554
105
3215
271
1001
202
177
619
3274
3843
795
343
3936
3564
300
113
2763
226
214
3128
467
2847
2204
956
1197
3988
832
743
2160
1433
1031
459
3164
381
2688
2903
681
288
340
260
3286
111
309
3506
115
641
24
840
3693
1228
764
809
3812
2662
3465
1100
3651
2846
1677
2787
905
3327
2926
2260
806
1364
3225
2711
396
2843
3626
3453
869
852
292
3373
3081
709
3169
488
503
3950
3715
3458
753
3323
1010
153
3234
3535
35
3743
112
434
3723
217
63
127
3487
377
2838
3216
2691
3389
3423
577
655
3405
1027
1240
2167
1254
2565
1034
2528
2320
1346
2426
1780
2288
1836
95
3839
4003
4010
4014
3994
1975
2490
2651
1588
1154
667
2893
130
295
1025
16
175
1625
232
3015
3285
142
3273
1013
1453
2647
1113
1404
664
2809
1141
3837
3840
3931
3933
523
3137
3714
2878
1866
1382
277
2751
3831
663
1806
2129
1875
3786
532
632
3482
1909
1553
1321
1915
639
1640
3418
2697
2670
345
274
3966
1037
3858
388
2823
3275
528
1667
3892
3103
1468
3490
3794
3562
1410
3250
3954
3919
3676
145
1910
1042
2089
2503
2883
2953
2891
1606
359
3522
3603
1602
3257
2910
3700
3694
3552
52
3922
3093
3112
42
857
2585
590
124
375
96
648
3268
3122
3121
3055
443
379
595
499
2972
3413
2826
2752
1224
2437
1394
2245
2548
1896
1050
2515
1442
935
1150
2019
2416
2637
2303
3998
4020
4032
4028
4013
4008
3995
3991
3990
3570
866
788
761
2235
2610
1463
1220
1030
1168
2487
2106
3245
3861
121
2930
254
350
139
327
99
135
2948
2766
329
2538
2812
3785
318
3092
3473
3937
2757
3442
2759
2937
2825
1481
319
3850
1709
849
1831
1515
3779
3968
3870
3356
1748
2248
2335
2474
147
3763
3795
1432
1744
654
1155
3358
1805
818
1773
1682
3675
1853
272
3616
3613
851
275
1678
2405
1599
551
3067
45
2832
1907
3658
703
779
3622
1019
2999
44
3469
3829
334
834
3212
3010
1097
2758
2764
2859
3875
3664
3660
3632
715
986
2424
2888
1406
2746
362
425
3077
711
2728
3196
1548
3717
836
201
1931
1139
1317
308
3292
3312
466
3425
902
2765
762
3897
151
1490
635
3386
2931
3466
250
183
4
3186
3151
556
194
110
71
1850
3666
23
468
2824
2814
364
3282
464
626
2760
125
2483
1145
910
2388
2450
1711
2656
1171
725
744
4006
4015
4037
4007
884
858
776
757
749
732
689
182
2274
2393
2296
2291
1133
1797
2534
2076
1856
2614
1140
2444
2357
1057
1383
1362
929
529
3217
3048
383
2805
3091
3218
3311
3318
28
3944
116
3070
683
424
2733
1007
160
3600
2989
3248
225
3575
3738
2934
3512
3523
3800
3713
3329
3842
387
1815
1359
3534
513
2000
3340
504
3776
2781
3313
2745
990
3530
3538
1847
2739
1166
473
2768
1906
1355
1462
1114
919
943
1169
1696
890
3659
4026
346
418
2618
3304
2958
2731
1635
1679
3753
643
161
2158
1421
2120
3585
1936
913
3906
4004
3965
3650
3441
3439
746
741
691
282
1411
2277
2455
3057
1956
2858
2744
2725
615
625
622
62
565
103
