0
4000
889
287
749
4001
1145
1224
3121
202
2483
52
4016
1208
35
860
3801
454
1558
3748
282
624
3059
790
750
3676
875
2788
3746
76
1151
3544
358
2814
4010
1194
2774
1206
610
292
2481
918
996
157
307
145
4008
3875
114
667
1346
2885
3650
3582
11
1552
316
3856
3588
3453
1386
1394
3798
183
3839
3451
4036
2066
744
2792
1270
648
90
4035
3661
2798
356
3984
608
3910
2860
3407
2441
674
3745
899
552
4032
638
2857
3928
660
1498
12
4012
2079
2437
244
3217
182
3709
1027
2842
6
240
286
4033
4022
3974
1353
1133
411
179
3127
3147
2817
3074
270
3846
3885
1105
1002
4007
4025
205
192
2595
2527
2808
904
4029
757
767
736
839
802
768
707
791
714
716
742
806
850
833
746
712
702
873
851
771
751
700
792
890
831
721
704
727
778
822
786
782
733
696
741
715
740
763
748
826
843
838
765
784
734
701
793
762
703
869
811
797
730
738
854
847
846
844
841
837
836
832
821
818
816
812
809
808
796
795
789
788
785
783
777
775
773
770
761
759
755
732
725
717
713
693
692
691
690
689
688
874
872
867
776
858
882
828
807
735
864
880
835
819
815
780
779
766
760
754
752
739
726
709
697
687
842
814
800
781
774
695
747
710
855
852
769
853
824
820
813
805
794
758
723
711
705
888
886
863
861
804
753
849
848
845
840
834
830
829
827
817
799
787
772
764
756
737
731
728
724
722
720
718
708
706
694
686
887
885
883
878
877
876
871
866
859
856
825
823
810
803
798
745
729
719
698
879
895
881
870
743
884
894
893
801
891
868
892
699
865
3983
4011
4017
4037
3992
4020
4006
3986
4030
4028
3994
4031
4013
4021
4019
4014
4009
4005
4002
3999
3997
3982
4004
4027
4026
4018
3996
3993
3991
3990
3989
3988
3987
3981
4038
4003
3998
3995
3980
4023
3985
4024
4015
594
4034
3939
3963
3439
3619
3922
3936
3914
3890
3967
3531
3834
3806
3441
3716
3958
3732
3778
3666
3767
3977
3876
3878
3614
3459
3668
3747
3607
3724
3733
3566
3587
3771
3915
3799
3513
3749
3903
3663
3844
3638
3476
3976
3572
3478
3818
3579
3812
3954
3444
3802
3787
3907
3713
3498
3616
3483
3465
3880
3686
3864
3700
3791
3783
3763
3631
3620
3941
3536
3553
3739
3541
3786
3646
3515
3710
3636
3608
3927
3870
3784
3782
3539
3458
3905
3679
3965
3874
3857
3568
3949
3811
3662
3888
3901
3887
3866
3768
3535
3468
3975
3774
3752
3738
3529
3833
3826
3911
3964
3933
3920
3809
3766
3696
3641
3947
3843
3810
3682
3549
3446
3652
3906
3900
3855
3644
3912
3868
3819
3850
3698
3793
3558
3506
3881
3601
3443
3624
3743
572
467
379
3917
3892
3657
3538
3789
3759
3647
3632
3969
3955
3951
3931
3711
3591
3554
3649
3594
3562
3639
3581
3516
3503
3637
3940
3599
3610
3775
3921
3840
3769
3740
3735
3728
3685
3629
3508
3470
3442
3455
3578
3821
3777
3622
3569
3893
3836
3825
3534
3972
3726
3634
3474
3466
3464
3485
3891
3978
3574
3505
3548
3461
3457
3913
3452
3730
3934
3970
3454
3496
3658
3617
3559
3555
3450
3780
3703
3484
3858
3640
3583
3966
3930
3845
3785
3642
3627
3527
3979
3861
3788
3511
3973
3960
3957
3956
3953
3945
3944
3942
3937
3935
3932
3924
3923
3919
3909
3908
3904
3896
3895
3894
3883
3879
3871
3869
3867
3865
3863
3862
3859
3853
3848
3838
3837
3835
3829
3827
3823
3822
3816
3815
3814
3813
3808
3807
3805
3796
3794
3792
3781
3776
3773
3772
3770
3765
3764
3761
3758
3757
3755
3754
3753
3751
3744
3742
3736
3731
3727
3725
3722
3720
3719
3718
3715
3714
3712
3708
3706
3705
3702
3701
3699
3695
3694
3690
3689
3681
3675
3671
3670
3669
3664
3659
3655
3648
3645
3643
3630
3623
3615
3606
3602
3598
3597
3595
3593
3590
3585
3584
3580
3575
3571
3570
3567
3565
3564
3546
3543
3542
3537
3532
3528
3524
3522
3519
3510
3509
3507
3504
3502
3500
3499
3497
3493
3490
3489
3486
3482
3473
3472
3463
3460
3447
3445
582
675
658
632
576
681
659
599
577
665
635
600
595
3055
3322
3317
3153
3143
2878
3305
2714
3281
3270
2980
3367
3429
532
3159
3091
1240
3628
3926
3918
3898
3832
3795
3790
3717
3683
3680
3635
3613
3552
3523
3518
3488
3481
3479
3929
3750
3707
3674
3605
3603
3576
3477
3462
3902
3852
3851
3841
3721
3672
3550
3547
3526
3520
3492
3491
3475
3471
3448
3884
3860
3760
3667
3656
3654
3533
3514
3480
3968
3877
3779
3741
3916
3847
3626
3589
3521
3886
3828
3618
3517
3495
3449
3803
3612
3469
3817
3611
3950
3889
3737
3625
3596
3573
3563
3540
3512
3501
3948
3943
3873
3842
3831
3824
3804
3800
3762
3693
3692
3687
3677
3651
3604
3557
3438
857
3971
3938
3797
3734
3697
3600
3545
3872
3621
3586
1065
575
625
589
663
622
3551
3925
3723
3530
3437
682
679
406
685
684
633
612
677
672
670
668
666
662
661
657
650
647
643
640
639
628
627
621
616
615
611
607
602
588
585
583
578
574
573
671
3425
2926
2893
2799
3093
3376
3197
3334
2972
2834
2830
2884
2801
2762
2861
2776
2876
2990
3218
3122
3053
2917
2701
3112
3203
3024
3251
2930
2791
3323
3141
2856
2812
2667
3398
3208
2829
3126
2952
3110
2950
3012
2837
2959
3191
2935
2848
3042
3308
2700
3315
3094
3244
2938
3388
2746
3088
2787
3399
3234
3309
3155
2879
3300
3336
3310
3128
3083
3349
2841
3173
3065
3351
3276
3411
3156
3075
2942
2790
3158
3084
2821
3269
3428
3394
3130
3080
3010
3286
2695
3044
2872
2680
3211
2687
3306
3225
3016
2987
3318
2794
3007
3303
3213
3414
3226
2854
2669
3400
3293
3174
3166
2867
2761
2756
2706
3339
2986
2920
2777
3215
3194
3175
3124
3058
2751
3237
2966
3041
2846
3433
2993
2953
3326
3384
3362
3294
3243
3231
3029
3014
2977
2931
2890
2731
2679
2709
2797
3181
3180
2902
3374
3048
2668
3229
3139
3114
2978
2824
2671
3009
3418
3107
3259
3187
3050
2881
2747
2723
3406
3285
3103
3038
3345
2989
2849
2716
3095
2769
2663
2937
3304
3382
3311
2703
2670
3430
3149
3119
3098
3026
2915
3275
3246
2992
2962
2870
3387
3324
3250
3104
3023
3004
2919
2908
2880
2763
2755
2673
3383
2803
3096
3064
3056
3000
2974
2945
2916
2827
2815
2750
2743
2729
2717
3332
3262
3079
3363
3054
2994
2969
2929
2862
2835
3364
3348
3078
3047
3040
3036
3033
3022
2985
2960
2946
2944
2913
2909
2905
2877
2866
2782
2683
2666
2664
3196
2843
2686
3419
3381
3021
2796
2772
3412
3346
3274
3434
3212
3160
3279
3256
2984
2921
2865
3391
3330
3297
3277
3267
3261
3206
3146
2979
2901
2781
2661
3397
3319
3358
3252
3236
3034
3017
2758
3416
3316
3188
3150
3102
2991
2853
2831
3321
3291
3260
3224
3051
2936
2863
2793
2672
3344
3089
2875
2840
2783
3165
3302
2818
2688
3011
1154
1627
2677
1664
3369
3060
3360
3313
3072
3046
2898
2771
2736
2665
3365
3171
3076
2914
2784
2780
2702
3254
3185
3101
3039
3027
3068
2955
1417
1748
987
664
626
623
617
605
603
598
437
564
393
501
364
351
71
241
124
216
64
288
108
32
262
144
154
147
327
95
3373
3198
3189
3001
2958
2894
2871
2707
3356
3086
2900
2811
3179
3145
3420
3288
3204
3178
2951
3366
3266
3223
3176
3154
3061
2737
2728
2711
2685
2682
3432
2883
3341
2964
2869
2819
2730
3177
3019
2775
2696
3258
3063
2983
2949
2933
2923
2768
3343
3161
3097
3077
1266
1050
1651
1797
1690
1057
1708
3962
3830
3756
3684
3633
3609
3592
3577
3561
3556
3525
3456
3440
862
1354
1739
1362
630
371
530
618
655
654
653
644
636
631
620
619
597
592
584
579
558
34
3961
3487
472
652
535
678
646
586
387
445
470
680
590
414
390
604
1631
562
540
1901
1822
1414
1193
1087
1249
1094
935
1696
1162
2744
1906
1241
3436
3435
3431
3427
3426
3424
3423
3422
3421
3417
3415
3413
3410
3409
3405
3404
3403
3402
3401
3396
3395
3393
3392
3390
3389
3380
3379
3378
3377
3375
3372
3371
3370
3368
3359
3357
3354
3353
3352
3350
3347
3342
3340
3338
3337
3335
3333
3329
3327
3325
3320
3314
3312
3307
3301
3299
3298
3296
3295
3292
3287
3284
3283
3282
3280
3273
3272
3271
3264
3257
3255
3253
3249
3247
3242
3241
3240
3239
3238
3235
3233
3232
3228
3227
3221
3220
3219
3216
3214
3210
3209
3207
3202
3200
3199
3195
3193
3192
3190
3184
3183
3182
3172
3170
3169
3167
3163
3157
3152
3151
3148
3144
3142
3140
3138
3137
3135
3134
3133
3132
3131
3129
3123
3120
3118
3117
3116
3115
3113
3111
3109
3108
3106
3105
3099
3092
3090
3087
3085
3082
3081
3073
3070
3069
3067
3066
3062
3052
3049
3045
3043
3037
3035
3032
3031
3030
3028
3025
3018
3015
3013
3008
3006
3002
2999
2998
2997
2996
2995
2988
2982
2981
2973
2971
2970
2967
2965
2963
2961
2957
2956
2954
2948
2947
2943
2940
2939
2934
2932
2928
2927
2925
2924
2918
2912
2911
2910
2907
2906
2904
2903
2899
2897
2896
2895
2891
2889
2888
2887
2886
2882
2874
2873
2868
2864
2859
2858
2855
2852
2851
2850
2847
2845
2844
2839
2836
2833
2832
2828
2826
2825
2823
2820
2816
2813
2810
2809
2807
2806
2805
2804
2802
2800
2795
2789
2786
2785
2779
2778
2773
2770
2767
2766
2765
2764
2760
2759
2757
2754
2753
2752
2749
2748
2745
2742
2741
2739
2738
2735
2733
2732
2727
2726
2722
2721
2720
2719
2718
2715
2713
2712
2710
2708
2705
2699
2698
2697
2694
2692
2690
2689
2684
2681
2678
2676
2675
2674
2662
928
1908
1476
1168
1143
3355
3263
3201
2693
1773
1695
1084
1478
3385
3361
3278
3265
2822
1363
3386
3205
3168
3164
2976
2734
2725
1450
1445
1297
1762
1044
1850
1853
1526
1025
1633
1481
1042
1692
1490
1756
1801
1147
1521
903
1812
1840
1225
1141
985
1595
988
1694
1142
1113
1477
1301
1828
1893
1704
1247
1295
1121
1749
1401
937
1167
1451
943
1371
1784
1747
1468
938
1089
1829
1443
1356
962
939
1489
1441
1043
1764
1720
1649
1115
1148
1178
1503
1381
971
1383
1061
1640
1090
1585
992
1030
1348
940
1785
1311
1890
1895
1892
1880
1424
901
944
1896
1343
1432
981
1544
1532
1171
1876
1415
1306
1859
1576
1550
1229
1100
957
902
1857
1635
1903
1636
1508
1347
1286
1215
1166
1129
1018
933
1703
1189
1131
1021
964
1779
3328
3248
3136
3057
3005
2941
1875
1751
1728
1628
1583
1462
1322
1277
1082
1067
1009
1634
1308
1299
977
965
1894
1102
1874
1499
1403
1862
1841
1716
1611
1591
1573
1475
1345
1292
1279
1231
1236
1000
1502
1396
1108
1794
1738
1711
1378
1319
1837
1648
1601
1137
1177
1138
909
1786
1479
1324
1235
1227
1104
1066
941
896
1541
1507
1428
1464
1064
1871
1732
1373
1032
1625
914
1848
1824
1783
1406
1099
1081
942
1727
1300
1012
905
1882
1743
1677
1210
1095
656
1565
1226
1313
1114
1408
609
1681
1645
1506
1349
1237
1122
515
385
1878
1855
1790
1744
1616
1543
1397
1320
1080
976
462
571
533
495
494
485
476
468
463
447
441
410
401
399
398
386
383
382
365
362
349
198
2740
1387
311
221
298
229
189
163
100
265
73
269
251
121
220
116
14
2
47
135
36
153
275
218
78
290
63
110
49
330
94
296
128
59
72
299
208
139
57
302
321
102
23
176
243
93
22
28
217
148
278
68
45
344
284
66
283
16
231
77
38
50
317
266
242
204
187
92
53
24
263
131
261
190
303
225
51
314
238
222
346
300
193
3290
3003
2838
177
111
33
105
25
338
334
141
133
69
13
3
325
313
235
212
197
165
159
134
127
333
326
226
149
343
319
293
289
174
310
140
115
41
297
186
185
129
219
89
306
195
181
48
1008
991
3331
3162
3100
2892
2724
1020
1439
1209
1907
1832
1680
1660
1463
1418
1318
1112
1336
1641
970
1561
1865
1200
1071
1054
1038
1501
907
1518
1436
1242
1527
1789
1156
1556
1484
1542
1040
1039
1290
1810
1721
1662
1341
1198
960
1447
1239
1770
1646
1549
1228
1037
924
1758
1494
1452
1328
1232
1045
1360
1274
1567
1705
1615
1384
1261
922
1033
1652
1375
1351
1302
1909
1183
1411
1877
1816
1528
1488
1380
1181
1604
1517
1359
1843
1419
1851
923
1535
967
1858
1435
1150
1149
961
1513
927
1833
1520
1376
1128
1656
1161
1819
1750
1724
1653
1644
1623
1559
1524
1516
1485
1196
1110
1049
999
978
906
1813
1757
1735
1734
1622
1404
1222
1164
952
1900
1617
1612
1598
1584
1571
1563
1305
1293
1288
1287
1285
1255
1207
1184
1076
946
2070
2321
2158
2105
3289
3245
3222
3186
3020
2968
1564
1480
1055
1619
1530
1491
1437
1390
1126
1101
1092
1006
983
966
1772
1768
1741
1717
1669
1639
1580
1519
1391
1389
1214
1205
1175
998
959
897
912
1830
1885
1811
1804
1800
1754
1752
1393
1377
1357
1339
1278
1230
1160
1075
1004
993
1897
1888
1575
1536
1492
1364
1001
994
917
913
1719
1687
1307
1174
1085
950
1904
1709
1699
1672
1531
1529
1525
1504
1496
1469
1310
1275
1260
1258
1188
1170
1159
1152
1052
1051
1010
1740
651
593
380
489
403
537
536
511
528
480
568
478
405
526
431
375
352
479
415
408
509
440
522
466
449
429
418
601
560
503
484
416
409
404
368
354
425
1673
1374
1155
930
641
542
502
487
474
423
392
355
505
430
381
569
565
553
529
372
359
473
461
442
683
596
561
559
436
394
388
555
551
407
570
521
460
456
451
422
402
400
360
549
464
173
493
395
557
444
350
669
614
567
556
539
527
524
513
512
488
465
458
417
412
1767
1179
676
673
637
591
587
548
547
544
523
519
514
507
506
497
496
492
491
490
483
482
481
471
452
450
446
434
420
413
396
378
374
373
370
367
366
361
518
486
424
419
369
1911
1910
1905
1899
1891
1889
1887
1886
1884
1881
1879
1873
1872
1870
1869
1867
1864
1860
1856
1854
1852
1847
1844
1839
1838
1836
1831
1827
1823
1821
1820
1818
1817
1815
1814
1809
1807
1806
1805
1803
1802
1799
1798
1796
1795
1791
1788
1787
1781
1778
1775
1774
1771
1766
1765
1763
1761
1759
1753
1742
1737
1733
1731
1729
1726
1725
1722
1715
1714
1712
1710
1706
1701
1700
1693
1691
1689
1686
1684
1683
1682
1679
1678
1676
1675
1671
1670
1668
1667
1663
1661
1659
1658
1657
1655
1654
1650
1647
1643
1642
1638
1630
1629
1626
1624
1614
1610
1609
1608
1607
1606
1603
1602
1600
1599
1596
1594
1592
1587
1582
1581
1579
1578
1574
1572
1570
1569
1568
1566
1562
1560
1557
1555
1554
1548
1547
1545
1539
1538
1534
1533
1515
1514
1512
1511
1505
1500
1497
1495
1493
1487
1486
1482
1474
1473
1472
1467
1461
1460
1459
1458
1457
1456
1455
1454
1453
1449
1448
1446
1444
1442
1438
1434
1433
1431
1429
1427
1426
1425
1423
1422
1420
1416
1413
1412
1410
1407
1400
1399
1398
1395
1392
1382
1379
1372
1368
1367
1366
1365
1361
1358
1355
1352
1350
1344
1342
1340
1338
1333
1332
1330
1326
1325
1323
1321
1317
1316
1315
1314
1309
1304
1303
1298
1296
1294
1291
1284
1283
1282
1281
1276
1273
1272
1269
1268
1267
1265
1264
1263
1259
1257
1254
1253
1251
1250
1248
1246
1245
1244
1234
1233
1223
1221
1218
1216
1213
1212
1204
1203
