107
850
4004
859
910
667
877
892
866
1145
3183
209
2079
179
3808
2483
3134
3733
192
3928
1157
218
3812
306
4001
4034
4029
4015
594
801
4028
860
4011
4013
883
3999
868
750
871
841
832
884
788
802
791
813
762
608
3820
18
1096
43
15
624
585
335
11
3853
674
613
3570
114
210
3746
3407
244
47
468
443
2792
2691
1394
3282
81
2857
3688
1755
648
1276
383
411
3717
155
454
112
247
3147
2808
201
1546
228
2922
467
3955
166
448
3565
406
2885
2441
1200
1762
3787
3673
3494
1031
3910
3489
1022
945
652
929
46
3310
3805
649
1579
3911
2245
2321
2358
3457
1961
3932
131
1301
2493
621
679
3317
586
3600
221
956
1061
1696
3567
862
1889
1808
1499
177
3536
3616
2301
3626
2805
3647
3439
2487
1701
2281
4
275
181
1956
3502
328
78
195
273
3652
532
3669
3864
1838
3813
3745
498
152
1776
3544
174
293
3744
301
52
205
90
782
789
833
873
887
867
872
874
870
894
858
895
3989
885
1657
776
4006
4008
3983
4012
4036
4024
857
4033
3990
4010
3984
865
4026
3996
891
4016
4007
4022
875
4032
3987
4002
4003
3993
3991
3992
4025
4035
4031
4018
4017
3985
4027
4037
692
4005
744
3986
3981
3982
4021
3997
3994
4009
4038
3995
4019
4020
4000
3988
775
3980
4030
4023
3998
4014
749
743
852
717
699
798
879
854
855
881
790
704
893
691
721
735
785
864
888
869
757
811
890
825
851
846
786
812
733
707
821
746
816
767
689
753
759
690
740
725
796
702
700
716
729
771
742
799
756
876
878
761
880
710
886
848
795
720
794
839
844
804
714
768
837
806
751
889
723
712
836
826
863
861
808
882
686
688
694
697
698
703
705
708
713
719
724
726
727
728
738
739
745
747
752
754
760
764
766
773
774
780
781
784
787
792
800
805
810
815
819
820
823
824
827
828
829
830
834
842
849
853
856
695
696
718
731
770
840
847
687
797
814
701
711
734
793
817
838
845
755
758
772
779
706
803
835
748
777
