0
3801
4006
2195
1760
660
571
447
1386
918
287
286
216
215
210
97
81
12
2457
1967
3885
775
767
689
699
707
691
841
801
788
786
785
768
757
750
749
743
742
732
725
717
712
702
692
839
822
806
802
796
791
789
714
783
704
716
821
836
808
795
771
740
4033
867
895
881
778
846
826
812
723
864
741
835
838
837
876
832
763
710
735
855
852
874
843
701
770
761
790
758
738
720
715
711
700
882
878
853
847
829
799
756
737
733
851
850
833
816
813
794
784
782
773
766
762
760
752
751
746
736
734
722
706
695
690
827
814
811
755
730
724
845
831
817
809
807
797
793
792
787
779
764
759
739
728
718
687
686
856
849
848
844
842
834
824
820
818
815
781
780
777
769
765
754
753
748
747
731
727
726
721
709
705
696
694
693
688
3560
3882
4001
3990
4005
4000
3988
4021
3986
3939
3746
3671
3890
3781
3507
3631
3445
3447
3754
3848
3727
3539
3965
3869
3527
3871
3901
3679
3786
3498
3958
3896
3770
3555
3766
3587
3478
3894
3682
3446
3509
3499
3739
3881
3459
3510
3579
3761
3583
3529
3951
3810
3793
3792
3569
3506
3468
3735
3710
3891
3634
3593
3460
3921
3713
3932
3716
3626
871
893
892
890
889
888
887
886
885
884
880
879
877
875
873
872
870
869
866
863
861
859
858
840
830
828
825
823
819
810
805
804
803
800
798
776
774
772
745
729
719
713
708
703
697
3661
3911
3691
3680
3639
3457
3738
3573
3884
3873
3618
3461
3703
3592
868
865
4032
4034
4003
3981
3996
4037
4036
4035
4030
4029
4028
4026
4025
4022
4019
4018
4017
4015
4014
4012
4010
4009
4007
4004
3999
3998
3997
3995
3994
3993
3992
3987
3985
3984
3983
3982
3722
3619
3849
3463
3610
3503
3660
3544
3845
3656
3838
3828
3557
3902
3860
3731
3707
3543
3528
3514
3488
3450
3938
3692
3491
3449
3979
3978
3977
3976
3975
3974
3973
3972
3971
3970
3969
3968
3967
3966
3964
3963
3962
3960
3959
3957
3956
3955
3954
3953
3952
3950
3949
3947
3946
3945
3944
3942
3941
3940
3937
3936
3935
3934
3933
3931
3930
3929
3928
3927
3926
3924
3923
3922
3920
3919
3918
3917
3916
3915
3914
3913
3912
3910
3909
3908
3907
3906
3905
3904
3903
3900
3899
3898
3897
3895
3893
3892
3889
3888
3887
3883
3879
3878
3876
3875
3874
3870
3868
3867
3866
3865
3864
3863
3862
3859
3858
3857
3856
3855
3854
3853
3852
3850
3847
3846
3844
3843
3842
3841
3840
3839
3837
3836
3835
3834
3833
3832
3831
3829
3827
3826
3825
3824
3823
3822
3821
3820
3819
3818
3817
3816
3815
3814
3813
3812
3811
3809
3808
3807
3806
3805
3804
3803
3802
3800
3799
3798
3797
3796
3795
3794
3791
3790
3789
3788
3787
3785
3784
3783
3782
3780
3778
3777
3776
3774
3773
3772
3771
3769
3768
3767
3765
3764
3763
3762
3760
3759
3758
3757
3755
3753
3752
3751
3749
3747
3745
3744
3743
3742
3740
3737
3736
3734
3733
3732
3730
3729
3728
3726
3725
3724
3720
3719
3718
3717
3715
3714
3712
3711
3709
3708
3706
3705
3704
3702
3701
3700
3699
3698
3697
3696
3695
3694
3690
3689
3688
3687
3686
3685
3684
3683
3681
3678
3676
3675
3672
3670
3669
3668
3667
3666
3665
3664
3663
3662
3659
3658
3657
3655
3654
3653
3652
3649
3648
3647
3646
3645
3644
3643
3641
3640
3638
3637
3636
3635
3632
3630
3629
3628
3627
3625
3624
3623
3622
3620
3617
3616
3615
3614
3613
3612
3611
3608
3607
3606
3604
3603
3602
3601
3600
3599
3598
3597
3596
3595
3594
3591
3590
3589
3588
3585
3584
3582
3581
3580
3578
3576
3575
3574
3572
3571
3570
3568
3567
3565
3564
3563
3562
3559
3558
3554
3553
3552
3549
3548
3546
3545
3542
3541
3538
3537
3536
3535
3534
3533
3532
3531
3526
3524
3523
3522
3521
3520
3519
3518
3517
3516
3515
3513
3512
3511
3508
3505
3502
3500
3497
3494
3493
3492
3490
3489
3486
3485
3484
3483
3482
3481
3480
3479
3477
3476
3475
3474
3473
3472
3471
3470
3469
3467
3466
3465
3464
3462
3458
3455
3453
3452
3451
3448
3444
3443
3442
3441
3439
3438
857
3268
3358
2963
3322
2935
2886
2952
3427
3338
2855
3159
2767
3227
3235
3218
2799
2898
3200
2695
3055
2922
3271
3216
3147
3213
3163
2850
3380
2715
3399
3315
3180
3166
2766
3367
3170
2723
3303
3052
3423
3323
3283
2792
3123
2809
2794
3228
2891
3433
3417
3243
2993
2928
3390
3080
2943
3184
2944
2761
3008
2972
2959
3305
3093
3099
2841
3348
3250
2966
3363
3284
3064
3054
3022
2897
2877
2862
2698
2669
3300
2890
2789
2786
698
2770
2903
3355
3373
3275
3012
2997
3121
3196
2783
2735
3410
2727
2709
2803
2990
3434
3345
3404
2777
2705
2662
2728
3244
3416
3280
3267
3252
3152
3145
3116
2661
2995
2881
2812
3356
3203
3272
3157
2688
3405
2847
2845
3389
3221
2762
2696
3403
3395
3369
3331
3327
3282
3279
3259
3076
2932
2793
2784
2780
2758
2685
3027
3010
2894
2836
3223
3043
52
3340
3211
2923
3948
3943
3886
3877
3872
3851
3830
3756
3750
3741
3721
3674
3651
3633
3609
3577
3561
3556
3550
3540
3525
3501
3495
3456
3440
862
4038
4027
4023
4020
4013
4002
3991
3980
1362
3925
3566
3551
3530
3504
3496
3880
3861
3779
3775
3693
3677
3673
3642
3621
3605
3586
3547
3437
631
599
600
578
675
658
650
640
615
664
625
588
598
685
468
499
401
552
532
383
562
441
393
2825
1065
1270
3436
3435
3432
3431
3430
3429
3428
3426
3425
3424
3422
3421
3419
3418
3415
3414
3413
3411
3408
3407
3402
3401
3400
3398
3397
3396
3394
3393
3392
3391
3388
3387
3385
3384
3383
3382
3381
3379
3378
3377
3376
3375
3374
3372
3371
3370
3368
3365
3364
3362
3360
3359
3357
3354
3353
3352
3351
3350
3349
3347
3346
3344
3343
3342
3341
3339
3337
3336
3335
3334
3333
3332
3330
3329
3326
3325
3324
3321
3320
3318
3317
3316
3314
3313
3312
3311
3310
3309
3308
3307
3306
3302
3301
3299
3298
3297
3296
3295
3294
3293
3292
3291
3288
3287
3286
3285
3281
3277
3276
3274
3273
3270
3269
3266
3264
3262
3261
3260
3257
3256
3255
3254
3253
3251
3249
3247
3246
3242
3241
3240
3239
3238
3237
3236
3234
3232
3231
3230
3229
3226
3225
3224
3220
3219
3217
3215
3214
3212
3210
3209
3208
3207
3206
3204
3202
3199
3198
3197
3195
3194
3193
3192
3191
3190
3189
3188
3187
3186
3185
3182
3181
3177
3176
3175
3174
3173
3172
3171
3169
3167
3161
3160
3158
3156
3155
3154
3153
3151
3150
3149
3148
3146
3144
3143
3142
3141
3140
3139
3138
3137
3135
3134
3133
3132
3131
3130
