2383
3124
673
2456
3593
3655
3221
3754
76
122
549
1221
1244
1401
1519
1762
1893
2086
2091
2541
2564
2809
2897
2943
3158
3502
3592
3632
3838
3873
3938
53
325
333
385
441
629
636
672
800
851
928
1052
1060
1117
1206
1284
1303
1639
1778
1789
1824
1853
1934
2023
2037
2297
2329
2571
2573
2615
2824
3310
3486
3489
3527
3839
3870
12
19
31
36
106
259
275
281
292
294
322
375
394
652
674
778
844
949
950
955
958
1053
1087
1133
1173
1220
1251
1280
1339
1405
1451
1610
1673
1716
1730
1754
1775
1784
1828
1898
1905
1988
2019
2048
2084
2093
2175
2180
2240
2249
2267
2283
2295
2305
2317
2346
2349
2357
2405
2439
2468
2472
2482
2521
2527
2529
2555
2627
2645
2650
2736
2739
2745
2776
2794
2825
2847
3022
3082
3149
3161
3168
3190
3191
3220
3304
3339
3358
3365
3369
3411
3453
3459
3470
3533
3566
3625
3631
3660
3703
3866
3877
3892
3899
3916
3929
3932
3955
3979
4006
38
45
50
63
104
134
148
149
153
160
174
201
209
221
226
231
238
245
246
274
320
323
337
339
347
388
393
411
432
450
487
516
527
585
586
596
597
698
708
721
733
772
779
788
790
805
809
859
948
956
975
976
997
1009
1016
1042
1055
1077
1103
1114
1122
1131
1132
1135
1211
1212
1225
1231
1245
1261
1268
1281
1297
1306
1322
1358
1372
1382
1453
1461
1487
1537
1543
1600
1617
1627
1651
1663
1670
1741
1766
1782
1783
1810
1848
1878
1884
1888
1901
1924
1926
1985
1992
2012
2033
2096
2156
2170
2171
2185
2196
2230
2269
2382
2389
2395
2399
2413
2416
2458
2484
2511
2519
2531
2546
2568
2570
2596
2614
2630
2643
2673
2674
2678
2689
2705
2708
2714
2716
2726
2738
2785
2838
2846
2857
2864
2866
2883
2891
2898
2900
2904
2917
2931
2959
2976
2997
2998
3018
3030
3040
3052
3069
3097
3100
3130
3132
3148
3197
3250
3251
3306
3313
3322
3329
3346
3354
3357
3364
3373
3383
3389
3416
3418
3436
3469
3478
3492
3500
3507
3511
3519
3532
3585
3591
3618
3636
3654
3657
3670
3688
3692
3741
3757
3775
3801
3804
3818
3851
3904
3947
3991
3998
4011
2
6
14
16
21
33
39
41
66
90
93
105
116
117
118
119
143
145
164
171
188
206
211
236
251
252
280
283
309
319
357
360
376
392
395
433
436
451
453
478
483
489
497
501
510
524
526
530
543
545
579
593
604
608
609
617
624
627
637
638
639
643
678
684
691
695
700
734
750
777
786
797
803
823
826
837
839
864
865
871
874
890
899
901
906
908
916
919
921
922
923
932
941
945
959
990
991
1005
1023
1028
1035
1048
1049
1063
1069
1070
1090
1096
1098
1100
1102
1106
1128
1139
1147
1159
1163
1174
1177
1186
1218
1228
1236
1237
1262
1276
1283
1286
1287
1300
1311
1347
1354
1370
1389
1396
1409
1421
1423
1427
1484
1488
1494
1498
1502
1507
1525
1549
1567
1568
1581
1613
1647
1661
1662
1685
1691
1694
1701
1705
1715
1725
1727
1746
1749
1751
1760
1774
1776
1823
1847
1854
1857
1870
1885
1908
1910
1912
1915
1923
1931
1940
1945
1951
1954
1955
2005
2009
2020
2042
2046
2070
2078
2085
2094
2098
2104
2105
2119
2124
2128
2143
2181
2201
2227
2235
2251
2256
2274
2280
2285
2309
2325
2331
2334
2335
2365
2369
2373
2375
2387
2411
2441
2448
2453
2454
2460
2470
2481
2485
2526
2528
2537
2539
2604
2620
2629
2631
2661
2663
2671
2672
2686
2697
2707
2713
2724
2730
2741
2743
2750
2754
2755
2760
2761
2775
2781
2783
2788
2807
2816
2831
2833
2842
2844
2856
2906
2921
2923
2951
2955
2969
2989
2990
2994
3015
3020
3035
3036
3049
3050
3053
3111
3125
3126
3133
3162
3163
3182
3185
3193
3195
3198
3224
3235
3241
3273
3282
3285
3287
3308
3325
3328
3335
3363
3391
3392
3398
3409
3412
3423
3427
3428
3442
3462
3476
3488
3493
3503
3513
3546
3562
3575
3577
3605
3610
3613
3630
3650
3656
3664
3669
3676
3680
3683
3687
3690
3691
3716
3728
3731
3767
3779
3780
3790
3793
3805
3814
3816
3832
3843
3847
3856
3883
3884
3888
3894
3901
3908
3927
3931
3935
3939
3945
3948
3968
3986
3990
3996
3997
4001
4010
4022
4025
4028
5
32
40
43
59
62
71
72
86
89
91
103
126
130
131
138
154
155
157
166
175
178
194
212
225
244
256
271
272
277
284
285
288
296
305
306
307
332
343
358
368
369
372
386
396
399
403
417
424
425
429
442
445
447
449
456
466
476
481
486
492
506
511
512
513
529
532
546
553
555
566
571
581
583
587
589
601
603
610
614
620
623
626
644
647
654
656
665
681
685
686
687
707
716
717
723
741
742
743
748
760
761
765
767
770
785
792
798
802
804
812
818
821
828
833
840
842
848
856
868
870
887
904
907
918
920
947
965
966
969
972
973
985
1011
1013
1017
1018
1029
1033
1039
1046
1066
1076
1078
1081
1082
1083
1086
1088
1097
1101
1107
1126
1141
1150
1152
1167
1170
1192
1193
1202
1204
1219
1224
1232
1238
1242
1243
1250
1257
1260
1267
1273
1279
1282
1296
1301
1308
1314
1324
1325
1335
1340
1343
1351
1357
1359
1363
1367
1374
1375
1376
1385
1391
1394
1404
1406
1407
1419
1428
1429
1456
1458
1462
1467
1477
1493
1513
1523
1551
1557
1563
1569
1574
1590
1592
1595
1601
1614
1616
1620
1630
1631
1633
1642
1644
1652
1653
1655
1666
1674
1676
1681
1688
1712
1724
1734
1745
1747
1748
1756
1770
1779
1780
1781
1788
1808
1811
1813
1814
1825
1827
1835
1852
1858
1860
1861
1863
1865
1867
1872
1874
1881
1890
1891
1903
1907
1930
1932
1935
1937
1941
1943
1947
1953
1962
1989
1991
2000
2007
2011
2014
2015
2017
2026
2064
2067
2068
2082
2088
2097
2101
2102
2109
2113
2122
2135
2141
2152
2154
2155
2164
2167
2168
2173
2179
2193
2197
2210
2212
2219
2221
2229
2239
2241
2253
2254
2257
2258
2259
2266
2268
2278
2284
2289
2298
2324
2341
2350
2363
2364
2366
2388
2400
2403
2420
2434
2437
2438
2440
2463
2471
2474
2475
2479
2489
2494
2503
2504
2513
2534
2536
2543
2545
2547
2548
2551
2572
2580
2598
2600
2605
2612
2644
2649
2651
2652
2655
2660
2662
2669
2670
2681
2685
2692
2696
2719
2720
2725
2728
2748
2767
2777
2778
2796
2803
2821
2826
2829
2836
2837
2843
2854
2870
2873
2888
2890
2893
2896
2907
2911
2912
2914
2916
2918
2920
2922
2925
2926
2927
2928
2929
2930
2940
2952
2967
2988
2999
3002
3013
3023
3026
3037
3044
3051
3059
3061
3068
3071
3085
3092
3109
3112
3115
3116
3118
3123
3127
3139
3141
3160
3164
3173
3175
3176
3177
3181
3205
3208
3216
3223
3226
3247
3254
3261
3271
3279
3280
3284
3295
3297
3305
3316
3317
3326
3332
3336
3348
3351
3361
3386
3388
3390
3394
3405
3413
3441
3443
3444
3447
3449
3460
3461
3464
3474
3479
3484
3497
3498
3501
3520
3524
3525
3568
3571
3572
3584
3597
3604
3606
3614
3615
3622
3623
3624
3634
3640
3643
3645
3658
3668
3673
3675
3682
3693
3697
3701
3708
3711
3722
3723
3726
3743
3746
3750
3765
3768
3773
3786
3799
3806
3809
3825
3849
3853
3860
3861
3880
3881
3893
3897
3898
3902
3903
3915
3920
3933
3940
3941
3949
3975
3980
3982
3983
3988
3992
4005
4007
4019
4024
4036
4037
3
9
23
25
28
44
48
65
68
77
79
85
87
94
95
96
98
99
100
108
110
112
121
124
125
128
141
144
147
152
158
159
161
169
170
176
186
190
191
196
204
214
215
228
233
241
247
248
250
257
264
287
291
303
304
311
312
324
329
330
331
335
338
341
350
361
362
364
365
366
381
382
383
384
389
390
401
402
405
406
409
410
416
421
427
434
438
455
457
459
475
477
491
494
499
508
517
518
522
537
539
541
542
547
559
562
568
572
573
575
584
588
594
634
640
657
661
662
668
671
675
699
701
704
712
715
725
727
745
749
754
755
756
757
759
763
764
776
782
791
801
808
815
820
822
824
829
830
831
834
845
849
852
867
876
878
881
885
886
889
891
892
893
897
900
910
911
912
914
924
925
927
935
936
938
940
944
946
952
957
960
968
977
978
979
983
988
993
995
1003
1010
1021
1026
1031
1044
1051
1065
1071
1072
1073
1079
1084
1089
1092
1095
1104
1108
1109
1110
1118
1142
1158
1161
1162
1166
1169
1176
1182
1184
1187
1189
1196
1197
1198
1200
1205
1214
1216
1233
1239
1240
1247
1249
1258
1266
1272
1274
1275
1277
1292
1295
1298
1309
1312
1317
1319
1321
1326
1327
1332
1337
1349
1350
1353
1356
1360
1361
1368
1369
1377
1383
1387
1388
1398
1400
1403
1415
1416
1417
1426
1430
1442
1443
1447
1450
1460
1469
1470
1474
1482
1485
1492
1496
1497
1504
1508
1520
1522
1526
1527
1528
1530
1531
1532
1536
1540
1547
1550
1553
1554
1556
1559
1575
1577
1583
1586
1589
1591
1593
1602
1603
1605
1606
1607
1608
1618
1622
1623
1625
1634
1638
1643
1646
1649
1656
1658
1664
1665
1667
1672
1678
1680
1683
1696
1706
1707
1709
1710
1711
1722
1735
1739
1740
1752
1759
1763
1765
1767
1769
1773
1777
1785
1798
1800
1803
1826
1833
1834
1838
1840
1841
1843
1846
1855
1856
1868
1871
1876
1880
1882
1886
1894
1895
1899
1900
1909
1914
1916
1917
1918
1919
1922
1927
1933
1936
1950
1959
1965
1969
1970
1971
1973
1978
1979
1980
1982
1987
1994
1995
2003
2006
2024
2028
2029
2030
2031
2032
2049
2053
2054
2057
2058
2061
2062
2063
2072
2099
2106
2107
2123
2134
2139
2140
2144
2147
2148
2150
2159
2160
2163
2165
2166
2174
2186
2187
2191
2192
2199
2200
2202
2204
2206
2207
2208
2209
2214
2220
2222
2223
2247
2252
2255
2264
2265
2270
2276
2299
2303
2304
2308
2311
2312
2315
2326
2327
2338
2342
2344
2347
2358
2361
2367
2372
2374
2384
2394
2396
2398
2401
2409
2410
2414
2419
2424
2426
2433
2442
2445
2478
2488
2490
2496
2498
2501
2507
2510
2514
2516
2520
2538
2540
2542
2550
2552
2553
2554
2556
2558
2559
2565
2567
2575
2579
2583
2590
2592
2597
2602
2603
2609
2626
2639
2641
2667
2676
2677
2684
2690
2691
2693
2700
2702
2718
2721
2735
2758
2763
2766
2769
2770
2780
2784
2789
2792
2797
2799
2801
2805
2812
2818
2823
2827
2832
2835
2840
2845
2852
2860
2872
2884
2886
2889
2892
2894
2895
2899
2902
2924
2932
2938
2944
2946
2949
2953
2956
2958
2963
2964
2971
2972
2979
2980
2985
2991
2993
2996
3000
3004
3005
3012
3014
3033
3034
3054
3055
3056
3060
3063
3064
3066
3072
3073
3091
3095
3098
3106
3120
3121
3128
3131
3138
3142
3146
3147
3152
3170
3178
3186
3188
3194
3201
3206
3210
3213
3217
3218
3225
3227
3230
3232
3233
3234
3237
3239
3243
3244
3286
3292
3318
3337
3344
3345
3349
3353
3356
3367
3370
3371
3376
3381
3382
3387
3399
3401
3402
3403
3404
3407
3408
3419
3420
3424
3431
3433
3448
3452
3454
3456
3466
3480
3485
3487
3491
3494
3504
3505
3509
3510
3514
3515
3526
3530
3534
3539
3540
3550
3553
3555
3564
3567
3581
3587
3588
3596
3599
3600
3601
3608
3616
3635
3642
3644
3647
3649
3665
3674
3679
3681
3684
3694
3702
3704
3709
3714
3715
3720
3724
3729
3730
3732
3734
3735
3739
3740
3744
3745
3749
3753
3759
3761
3769
3770
3774
3776
3777
3781
3784
3789
3791
3796
3797
3811
3815
3819
3820
3821
3824
3827
3829
3830
3833
3844
3846
3854
3857
3862
3863
3869
3871
3872
3878
3889
3896
3900
3910
3921
3922
3926
3934
3937
3942
3952
3958
3960
3965
3969
3972
3974
3976
3984
4003
4018
4020
4023
4032
4033
4034
8
11
15
20
22
26
27
29
42
47
49
51
55
56
61
64
67
69
70
73
80
84
97
101
107
115
120
133
136
137
142
146
156
162
163
165
168
177
180
182
184
192
195
197
203
207
208
213
217
218
219
222
223
224
229
232
239
243
254
258
261
263
265
266
267
268
269
273
278
289
293
298
299
300
301
310
314
315
317
318
321
326
345
349
355
356
367
370
373
377
379
380
398
407
408
419
420
422
426
428
430
431
435
437
440
454
458
460
461
464
467
468
472
479
480
485
488
490
495
503
504
509
515
531
534
536
538
544
550
552
556
557
558
560
564
577
578
590
598
602
605
606
607
611
613
628
632
633
635
641
645
651
658
659
667
669
670
677
680
682
683
692
694
697
706
713
728
730
737
738
746
747
752
753
758
766
769
773
780
783
784
793
807
810
