0
4002
750
2168
1046
607
1145
4008
164
379
3230
447
550
624
4022
3650
145
788
884
749
891
256
3006
1264
443
692
3856
3691
3413
3709
3565
2457
154
3575
3282
3984
37
1760
2269
1096
207
97
668
279
1560
3965
3942
1834
1346
3712
3781
1206
2792
2596
216
467
43
1224
2541
3935
2483
1713
210
859
2569
2814
2195
335
3268
287
401
674
4010
3732
3729
2382
642
3453
1430
358
15
3375
3071
3597
3801
1693
3748
875
656
904
3560
1194
2421
691
871
854
689
700
822
733
743
836
838
732
704
809
783
756
806
767
725
702
712
863
812
758
761
797
741
760
709
849
793
748
716
821
726
851
833
746
736
881
879
870
864
885
874
887
865
776
848
779
778
728
763
734
855
861
847
829
813
794
787
784
752
718
705
834
827
820
777
766
754
727
721
695
693
853
852
850
846
845
844
843
842
841
839
837
835
832
831
826
824
818
817
816
814
808
805
802
801
799
796
795
792
791
790
789
786
785
782
781
780
775
773
772
771
770
768
764
762
759
755
751
744
742
740
739
738
737
735
731
730
723
722
720
719
717
715
714
711
710
707
706
701
699
696
694
690
688
882
878
825
815
807
804
765
729
703
687
800
890
830
828
823
774
747
724
713
895
894
893
892
889
888
886
883
880
877
876
873
872
869
868
867
866
858
840
819
810
803
798
753
745
697
686
856
769
708
698
811
757
860
4036
4020
3996
3990
4037
4021
3986
4016
4013
4027
3995
4019
3999
4030
3982
3981
4023
3993
4038
4032
4031
4028
4026
4025
4018
4017
4014
4011
4009
4007
4005
4004
4003
4000
3998
3997
3994
3992
3991
3985
3983
3980
4024
4034
4035
4033
4029
4015
4006
3989
3988
3987
4012
594
4001
667
3939
3494
3923
3669
3864
3716
3811
3580
3585
3537
2788
3686
3543
3704
3978
3772
3547
3513
3823
3643
3854
3659
3544
3679
3624
3844
3503
3843
3657
3890
3561
3914
3766
3678
3807
3972
3474
3583
3751
3917
3857
3636
3628
3548
3498
3784
3663
3813
3502
3598
3664
3866
3622
3447
3774
3610
3489
3775
3750
3964
3703
3581
3516
3638
3616
3439
3779
3787
3720
3735
3728
3666
3615
3470
3979
3504
3689
3454
3652
3895
3745
3727
3862
3815
3608
3599
3893
3810
3718
3539
3757
3465
3883
3695
3479
3640
3769
3905
3812
3694
3546
3752
3668
3554
3510
3469
3468
3460
3459
3785
3722
3872
3837
3571
3855
3833
3706
3555
3903
3896
3646
3591
3568
3515
3511
3936
3840
3753
3442
3881
3829
3534
3532
3719
3680
3558
3458
3496
3814
3446
3730
3559
3542
3900
3826
3822
3705
3817
3901
3799
3967
3960
3933
3783
3587
3500
3836
3809
3759
3708
3701
3940
3902
3702
3868
3595
3567
3850
3508
3947
3714
3569
3658
3603
3913
3790
3491
3725
3904
3849
3738
3634
3582
3466
3464
3949
3538
3536
2595
2431
2422
2167
1937
2245
32
167
3305
3175
3271
3218
3200
2014
2441
2380
3235
2802
2714
3455
3898
3765
3755
3687
3670
3617
3611
3594
3523
3518
3481
3929
3637
3605
3576
3449
3943
3860
3804
3796
3667
3891
3847
3684
3521
3520
3693
3618
3841
3563
3842
3800
3741
3625
3577
3484
3938
3873
3831
3604
3586
3514
857
3971
3968
3734
3697
3545
3609
2957
3249
3151
3192
633
622
662
595
665
659
643
660
639
681
600
582
577
661
658
578
605
603
597
3566
3530
3977
3976
3975
3974
3973
3970
3969
3966
3963
3961
3958
3957
3956
3954
3953
3952
3951
3950
3948
3946
3945
3944
3941
3937
3934
3932
3931
3930
3927
3926
3925
3924
3922
3921
3920
3919
3918
3916
3915
3912
3911
3910
3909
3908
3907
3906
3899
3897
3894
3892
3889
3888
3887
3885
3884
3882
3880
3879
3878
3877
3876
3875
3874
3871
3870
3869
3867
3865
3863
3861
3859
3858
3852
3851
3848
3845
3839
3838
3835
3834
3832
3828
3827
3825
3824
3821
3819
3818
3816
3808
3806
3805
3803
3802
3798
3795
3794
3793
3792
3791
3789
3788
3786
3782
3780
3778
3777
3776
3773
3771
3770
3768
3767
3764
3763
3762
3761
3760
3758
3754
3749
3747
3746
3743
3742
3740
3739
3737
3736
3733
3731
3726
3724
3723
3717
3715
3713
3711
3710
3707
3700
3699
3698
3696
3692
3690
3688
3685
3683
3682
3681
3677
3676
3675
3674
3673
3672
3671
3665
3662
3661
3660
3656
3655
3654
3653
3649
3648
3647
3645
3644
3642
3641
3639
3635
3632
3631
3630
3629
3627
3626
3623
3621
3620
3619
3614
3613
3612
3607
3606
3602
3601
3600
3596
3593
3590
3589
3584
3579
3578
3574
3573
3572
3564
3562
3557
3553
3552
3551
3549
3541
3535
3533
3531
3529
3528
3527
3526
3524
3522
3519
3517
3512
3509
3507
3506
3505
3499
3497
3495
3493
3492
3490
3488
3486
3485
3483
3482
3480
3478
3477
3476
3475
3473
3472
3471
3467
3463
3462
3461
3457
3452
3451
3450
3448
3445
3444
3443
3441
3438
612
568
657
571
468
572
529
372
383
2528
2527
2558
2100
2217
2113
2119
2219
2548
2178
2281
2094
1956
2452
2358
2263
1977
2577
2130
2034
2388
2015
2443
2373
2357
2535
2051
1933
2424
2160
2488
2317
2070
1934
2402
2120
2513
2207
2517
2570
2562
2523
2089
2193
2454
2456
2321
2023
1942
2311
2565
2017
2016
2444
2401
2255
1978
1936
2056
1971
2262
2391
2022
1931
2534
1960
2337
2000
2487
2645
2639
2626
2494
2050
2025
1991
1950
2173
2146
2554
2045
2606
2576
2477
2408
2376
2307
2179
2077
1917
2397
2335
2286
2574
2573
2485
2352
2329
2201
2124
2123
1966
1963
2013
1988
2270
2061
1980
2553
2549
2356
2339
2154
2108
2098
2078
2587
2633
2364
1935
1919
93
384
190
337
289
206
347
219
247
227
129
155
191
310
243
183
340
178
38
617
1627
2426
2350
2453
2159
2296
2277
2659
2658
2202
1951
1927
2583
2284
2171
2024
1394
2893
3311
2895
3227
2804
2961
3217
2699
3326
2744
3181
3099
3317
3281
2954
3372
2930
2902
2692
3431
2990
3374
2732
2886
2808
3354
2799
3153
2983
3410
3103
2686
3415
3176
2829
3199
3147
3122
2861
3093
2846
3012
2935
3333
3269
2837
2809
2838
3356
3092
2947
2824
3309
3067
2978
3239
3066
3063
3028
3388
3401
2695
2997
3117
3013
3042
3148
3009
2682
3314
2703
2720
2891
3167
2831
3390
3144
2878
3402
3255
3156
3325
3208
3016
2718
3074
2774
3421
2759
3236
3135
3048
2995
3046
2849
2825
3216
3141
2807
2710
3318
2889
2670
3021
3213
3294
3435
3158
3399
2746
3321
3237
3073
2907
3243
2953
2915
3400
3257
3238
2911
3298
3418
3346
3312
3189
2918
2801
2739
2728
2675
3433
3394
3123
3025
2981
2887
2766
2731
2713
3045
3210
3203
2779
2758
2662
2671
3378
2976
2785
3352
2753
3330
3264
3187
2747
2723
3345
2989
2992
3246
3244
2934
3417
3202
3023
2988
3365
3018
2996
2871
3220
3056
3000
2679
3085
3054
2945
2839
2756
3195
3029
2706
3096
3080
3047
3033
2994
2966
2927
2916
2896
2683
3288
2853
2778
3436
3193
2890
3262
2881
2701
3301
3228
3129
3026
3004
2943
2913
2867
2827
2666
3307
3204
3177
3134
3110
2795
2772
2751
2702
3050
2856
2841
2711
3426
3363
3339
3250
3232
3184
3174
3098
3078
2986
2929
2925
2910
2906
2905
2897
2835
2806
2800
2786
2757
2750
2717
2698
3428
3137
3114
3104
2888
2873
2851
2789
3051
2540
1973
2225
2011
2009
2001
2640
2538
2447
2157
1968
2312
1974
2342
2610
2641
2313
2303
2612
2474
2036
2531
2381
2299
2601
2428
2240
2234
2147
2067
1486
3419
3335
3320
3267
3185
3155
3115
3102
3034
3007
2970
2950
2780
2770
2949
3434
3360
3291
3191
3152
3038
2863
2727
3385
3150
3201
2840
2818
2400
2654
2646
2631
2495
2492
2464
2446
2295
2271
2188
2172
2073
1993
1989
1962
1953
2449
2084
2568
2155
2069
2624
2623
2591
2556
2484
2467
2462
2418
2334
2326
2308
2276
2220
2216
2210
2190
2140
2122
2112
2074
2030
1984
1983
1938
1925
2366
2429
2221
2440
2362
2291
2214
2185
2166
2141
1965
2544
2243
2480
2599
2233
2652
2432
2628
2557
2525
2226
2145
2031
2305
1952
2304
2252
2065
2029
2345
2635
2416
2096
2519
2461
2128
2603
2479
2390
2235
2057
2434
2379
2377
2367
1940
2630
2615
2611
2602
2594
2593
2590
2586
2539
2526
2507
2482
2460
2430
2370
2369
2306
2275
2266
2244
2229
2184
2165
2150
2131
2104
2103
2095
2088
2046
2033
2021
1964
1955
1948
1947
2399
2372
2144
2127
1939
3076
2938
3398
3266
3259
3061
2984
2951
2946
2921
2845
3397
3396
3280
3265
3247
3168
3140
2958
2937
2833
2828
2781
2742
2708
2684
2661
3097
3171
2979
2971
2848
1838
1854
3420
2923
2688
3962
3886
3830
3797
3756
3721
3651
3633
3592
3556
3550
3540
3525
3501
3456
3440
862
2999
1476
1022
3424
3395
3221
2898
2858
2771
2700
3161
3409
3327
3087
2784
2665
3411
3342
3292
3287
3254
3214
3198
3118
3072
3039
3027
3017
3011
2894
2836
3057
3222
987
1103
1050
1657
1176
672
655
644
631
579
573
678
390
532
478
1690
671
534
466
385
490
354
673
635
685
684
682
679
677
675
670
666
664
663
654
653
652
650
649
648
647
640
636
632
628
627
626
625
623
621
619
618
616
615
613
611
608
602
599
598
592
589
588
586
585
584
583
581
576
575
555
680
413
546
530
491
3487
3437
1967
531
480
421
590
405
610
535
425
1664
424
380
516
543
541
510
485
477
457
407
381
357
350
435
362
645
569
558
445
620
574
422
539
426
570
565
562
560
556
554
552
547
536
533
528
522
504
501
499
498
495
489
488
474
472
470
459
454
453
449
446
441
437
433
429
427
418
411
406
403
393
386
382
377
371
365
361
349
2660
2657
2656
2655
2651
2650
2648
2647
2644
2638
2637
2636
2634
2632
2627
2625
2622
2621
2620
2619
2618
2614
2613
2609
2607
2604
2600
2585
2584
2581
2580
2579
2578
2575
2572
2571
2566
2564
2563
2561
2560
2559
2552
2551
2550
2546
2545
2542
2537
2536
2532
2524
2522
2521
2520
2518
2515
2514
2506
2505
2504
2503
2500
2499
2497
2493
2490
2489
2486
2481
2478
2476
2473
2469
2468
2466
2459
2455
2450
2448
2439
2438
2435
2433
2427
2425
2423
2415
2414
2412
2411
2410
2409
2407
2406
2405
2404
2403
2398
2396
2395
2393
2392
2387
2386
2385
2383
2378
2375
2374
2371
2365
2363
2361
2360
2359
2355
2354
2353
2349
2348
2346
2341
2340
2331
2324
2323
2322
2320
2318
2316
2314
2310
2309
2301
2300
2298
2297
2290
2288
2287
2285
2280
2279
2278
2274
2273
2272
2268
2265
2261
2260
2259
2258
2257
2256
2253
2251
2249
2248
2242
2241
2238
2237
2236
2232
2231
2230
2228
2227
2224
2222
2218
2213
2212
2211
2209
2208
2206
2205
2200
2197
2192
2186
2182
2181
2177
2175
2170
2164
2162
2161
2158
2156
2152
2142
2139
2138
2136
2129
2126
2121
2118
2116
2115
2114
2110
2109
2107
2105
2099
2097
2093
2092
2091
2090
2086
2085
2083
2082
2080
2079
2076
2075
2066
2064
2063
2062
2060
2059
2058
2055
2053
2049
2048
2047
2044
2043
2042
2041
2040
2037
2035
2027
2020
2019
2018
