0
3995
725
3230
692
4028
157
4012
3071
1560
3699
2470
35
2704
2457
3987
607
750
743
386
3798
1521
1105
70
2842
1466
233
12
904
3548
358
4029
624
2998
3413
321
74
44
2541
3653
674
4022
207
2691
2922
401
1253
801
3853
3589
4010
245
2569
112
3305
1096
2788
1664
15
2975
585
613
1206
1506
2814
1834
4016
3453
2596
472
3879
1224
61
3597
3974
530
3729
1693
3134
174
3037
155
3996
872
894
885
873
867
786
893
886
881
871
866
887
776
895
858
878
876
790
836
869
864
825
763
771
716
704
689
804
733
729
791
852
746
767
811
816
768
714
822
722
806
736
850
809
741
826
779
701
720
795
751
715
723
711
845
829
821
819
784
742
842
773
772
755
737
706
827
787
770
758
824
889
888
884
883
882
879
877
874
870
865
863
861
840
803
774
769
890
848
835
748
745
721
705
695
828
823
783
780
777
764
730
703
688
856
855
854
851
849
847
846
844
843
841
839
833
832
831
820
817
814
813
812
808
807
802
800
799
798
797
796
794
793
789
782
778
766
765
761
759
757
753
744
735
732
728
717
713
712
710
708
707
702
700
696
694
693
691
690
880
853
838
837
834
830
818
815
810
792
781
762
760
756
754
752
747
739
738
734
731
727
726
724
719
718
709
698
697
687
686
805
775
785
788
749
740
892
868
857
699
859
4036
3999
4002
667
4037
4014
4018
4005
4020
594
3992
4004
3997
4033
3985
4030
4026
4021
3982
3998
3991
4038
4035
4034
4032
4031
4027
4023
4019
4017
4013
4009
4000
3994
3993
3988
3986
3984
3983
3981
3989
3980
4011
4003
4007
4006
4025
3990
4024
4015
4008
4001
3963
3582
3946
3801
3585
3806
3679
3953
3959
3916
3661
3936
3840
3513
3799
3614
3752
3668
3474
3510
3473
3960
3632
3973
3933
3914
3470
3809
3500
3975
3923
3720
3846
3464
3753
3465
3519
3882
3745
3967
3696
3641
3493
3976
3896
3870
3848
3616
3769
3445
3719
3664
3727
3536
3630
3466
3818
3623
3443
3899
3774
3714
3843
3460
3969
3792
3939
3859
3817
3657
3678
3583
3871
3739
3441
3446
3713
3590
3883
3581
3958
3924
3903
3855
3833
3754
3718
3690
3680
3509
3911
3921
3862
3835
3705
3863
3814
3771
3580
3549
3937
3901
3553
3481
3776
3587
3565
3708
3579
3881
3878
3777
3529
3458
3812
3793
3645
3894
3624
3918
3865
3850
3778
3728
3698
3644
3636
3599
3508
875
860
3866
3770
3763
3738
3461
3747
3847
3619
3732
3660
3808
3775
3485
3832
3717
3700
3695
3669
3649
3467
3970
3454
3659
3762
3557
3890
3782
3535
3534
3499
3469
3895
3673
3915
3869
3945
3761
3726
3634
3507
3940
3575
3928
3796
3687
3944
3805
3908
3578
3528
3518
3503
3712
3635
3552
3455
3755
3654
3926
3736
3556
3790
3785
3891
3737
3730
3627
3605
3497
3480
3484
3884
3521
3930
3880
3697
3667
3618
3584
3505
3909
3794
3555
3486
3978
3977
3972
3964
3957
3956
3955
3952
3951
3949
3947
3941
3935
3934
3932
3931
3922
3920
3919
3917
3913
3912
3907
3906
3905
3902
3900
3898
3897
3893
3892
3887
3885
3876
3875
3874
3868
3867
3864
3857
3845
3844
3838
3837
3836
3834
3831
3829
3828
3827
3826
3824
3823
3822
3821
3820
3819
3815
3813
3811
3810
3807
3804
3803
3802
3795
3791
3789
3787
3786
3784
3783
3781
3773
3772
3768
3767
3766
3765
3764
3759
3758
3757
3751
3749
3746
3744
3743
3740
3735
3725
3724
3722
3716
3715
3711
3710
3709
3707
3706
3704
3701
3694
3686
3685
3682
3681
3675
3671
3670
3666
3663
3662
3658
3655
3650
3648
3647
3646
3643
3640
3639
3638
3637
3631
3629
3628
3622
3620
3617
3615
3613
3608
3607
3606
3603
3602
3601
3598
3595
3594
3593
3591
3572
3571
3569
3568
3567
3564
3562
3558
3546
3543
3542
3541
3539
3538
3537
3532
3531
3527
3526
3524
3523
3522
3520
3516
3506
3502
3498
3494
3492
3491
3490
3483
3482
3479
3478
3477
3476
3472
3471
3468
3462
3459
3457
3450
3448
3447
3442
3439
3515
3511
3839
3626
2178
2721
3126
3197
3202
2791
2545
2517
3966
3873
3852
3780
3731
3574
3559
3488
3475
3452
3438
3547
3860
3858
3702
3689
3979
3888
3841
3788
3760
3610
3544
3540
3533
3514
3449
3943
3456
3929
3851
3830
3800
3756
3693
3656
3651
3642
3611
3586
3512
3927
3825
3612
3604
3554
3797
3672
3633
3962
3950
3889
3842
3692
3683
3625
3596
3573
3563
3971
3968
3938
3886
3734
3703
3684
3576
3545
3501
3948
3779
3677
3621
3592
3517
3495
3370
2942
2528
2070
2595
2580
1924
2217
2515
2255
2076
2403
2632
2558
2456
2441
2439
2422
2402
2380
2094
2256
2120
2360
1922
2548
2100
2051
2168
2238
2197
2421
2321
2650
2513
2490
2307
2503
1990
2577
2281
2245
2181
2015
2286
1934
2251
3925
3904
3742
3600
3496
3463
3444
3437
3566
3551
3530
3504
655
648
578
499
371
572
498
453
571
95
552
2358
2622
2613
2262
2231
2236
1933
2179
2316
2523
2373
2207
2082
2213
2164
2352
2136
2614
2455
2374
2237
2074
2060
2383
2216
2104
1917
2504
2423
2376
2123
2121
2033
1943
2651
2514
2488
2440
2371
2265
2214
2035
1977
2063
2424
1950
2493
2453
2362
2114
2539
2482
2478
2464
2370
2581
2452
2638
2600
2546
2507
2492
2348
2078
2046
2043
1962
2170
1974
2252
2524
3268
2884
3058
3382
2879
3092
2961
2982
2855
3375
3227
2857
3436
3262
3251
2902
3131
2732
3210
2801
3368
3163
3053
3194
3392
3380
3338
3398
2824
2671
3225
3296
2963
3012
2983
3356
2962
3128
2935
3157
2933
2662
3409
2714
2769
3102
2699
3402
2783
3159
3336
3391
3094
3343
2733
3404
3372
3429
3376
3065
3088
3418
3432
3374
2726
3318
3309
2767
3083
3066
3272
3340
3270
3199
2992
2980
2720
2907
2850
3156
3354
3122
2799
3406
3203
3133
2878
3367
3039
3190
2858
2804
2668
3396
3170
3145
3246
2934
2697
3127
3055
2774
3121
2882
3213
2880
2854
3045
2851
3249
3212
3234
3010
3326
3148
2665
3399
2673
3216
3105
3273
2969
3329
2667
3219
2918
3184
2763
3029
2862
2734
2946
3386
3378
3355
3175
3160
2702
2831
2931
2843
2772
3243
3135
3085
2924
2681
3068
2954
3257
3229
2974
2771
3244
3075
2696
2987
3289
3221
3211
3136
3086
3043
3032
2816
2812
2768
2675
3123
3080
3073
2928
2877
2679
3383
3313
3288
3191
3027
2845
2830
2797
2753
3312
3214
2863
3285
3176
3299
2923
3095
3423
3008
2972
2670
3258
3090
3052
2988
2915
2909
2827
2815
2664
2806
2682
3018
2881
2787
2759
3038
3013
2914
2846
3198
3196
3111
2950
3061
2937
2894
2737
2672
3433
3301
3238
3220
3129
3025
2944
2837
2810
2761
2741
2689
3193
3064
2927
2917
2706
2694
3419
3330
3267
3204
3146
3113
3082
3016
2742
3228
3056
3033
3022
2960
2943
2925
2920
2919
2912
2906
2864
2754
2750
2745
2705
3384
3339
3098
3078
3047
3014
2993
2916
2905
2872
2866
2839
2755
2749
2717
2676
3430
3428
3426
3231
3139
3114
3104
3084
2899
2873
3434
3411
3397
3297
3247
3224
3120
3035
3021
2973
2876
2853
2833
2828
2793
2770
2719
2708
3319
2903
3373
3291
3201
3188
3116
3070
3041
2991
2989
2796
2780
2778
2765
2040
2655
2615
2574
2563
2561
2559
2553
2408
2395
2391
2387
2353
2308
2244
2115
2095
2037
1966
1963
1946
2410
2044
2426
2572
2448
1965
1944
2618
2342
2230
2654
2646
2607
2590
2579
2576
2556
2536
2520
2454
2430
2418
2407
2404
2369
2363
2356
2350
2340
2339
2311
2290
2278
2275
2234
2190
2188
2172
2165
2150
2147
2122
2090
2073
2059
2058
2020
1989
1942
1938
1929
1918
2329
2221
2305
2560
2154
2497
2425
2397
2366
2361
2248
2193
2175
2145
2107
2066
2049
1713
2779
3103
2728
3307
3208
3138
3048
2709
3365
2784
1354
2825
2293
2677
1855
3164
3097
1073
3877
3872
3750
3741
3721
3674
3609
3577
3561
3550
3525
3440
862
1346
937
3335
3308
3279
3266
3259
3256
3107
2957
2859
2724
2718
3403
3060
3057
2693
3100
2707
3179
3011
3168
3079
3062
3020
2976
2883
2826
2764
2725
1461
996
3366
3331
3304
2155
1411
1176
1103
593
2656
2644
2641
2634
2631
2630
2625
2624
2621
2619
2606
2605
2602
2601
2593
2591
2587
2586
2584
2578
2575
2573
2570
2568
2565
2564
2562
2554
2552
2549
2540
2535
2534
2532
2527
2521
2506
2505
2500
2499
2495
2489
