618
812
3999
1096
3748
292
608
3746
401
183
1693
2565
3946
673
4035
4034
3984
4008
859
891
750
3985
775
879
852
877
767
716
825
729
3709
1119
209
1206
74
18
2842
215
3230
911
918
3268
244
90
3885
1224
3037
52
443
205
154
1326
2483
1395
1027
305
1755
3959
1430
2857
1967
3560
1194
76
3816
499
2178
2817
448
2975
2714
3954
3413
201
120
166
3897
996
3565
3939
406
2971
1856
289
245
1057
27
1777
3059
3305
3890
593
2721
3665
2776
1297
1654
2227
3266
1403
3543
3446
1244
3523
1978
857
979
3045
8
1240
3637
3127
2774
3055
3781
1890
1996
865
1353
1105
904
386
1627
179
3846
4007
3990
4006
4001
4024
886
881
717
870
667
4016
4025
4032
4028
4010
868
3991
3992
883
3987
4022
594
744
3996
3983
875
4029
4012
3981
4000
3989
4013
4027
4011
4037
4033
4036
3980
4030
4023
3982
3998
4031
4021
3994
3997
4014
4009
3986
4004
4026
4038
4017
3995
4019
4020
860
4018
3988
4002
3993
4003
4005
801
892
692
871
864
832
884
699
790
894
757
841
749
851
858
788
854
867
895
866
893
743
785
855
740
791
872
798
735
887
782
813
861
888
761
880
691
846
873
686
687
688
694
695
696
697
698
701
703
705
708
713
718
719
724
726
727
728
731
734
738
739
745
747
748
752
754
760
764
766
770
773
774
777
779
780
781
784
787
792
793
797
800
805
810
814
815
819
820
823
824
827
828
829
830
834
835
840
842
845
847
849
853
856
709
711
772
795
803
807
809
817
838
848
758
783
706
720
737
755
778
818
722
693
741
730
804
839
769
831
714
771
822
843
844
768
753
765
806
736
763
732
762
789
833
837
794
889
723
742
712
751
799
836
826
863
876
759
715
756
850
878
821
690
707
816
746
808
811
710
786
733
689
702
725
700
882
796
869
890
776
885
874
704
721
802
4015
613
114
1386
1466
624
335
3031
3856
602
358
3729
1560
447
2269
2195
43
3071
638
3853
3820
3183
2079
2470
3451
1581
12
37
668
607
2457
15
3453
2569
674
3570
11
210
3935
2596
585
3974
3798
3650
550
1834
287
1145
642
3407
233
256
282
581
33
42
145
255
47
286
241
377
2792
2691
2788
3875
1854
468
3808
1394
379
70
3282
1586
1270
3807
2382
160
182
1233
1208
3879
267
3942
2740
2595
216
2814
1046
648
1276
1558
153
279
1262
3589
3134
1065
3732
3408
3854
3006
81
2704
234
3125
1176
316
3922
2541
138
1690
3704
3688
49
157
35
383
3801
411
356
253
97
71
301
1071
