0
4016
4008
854
642
4015
253
3882
891
4032
4022
4012
4010
3992
1996
1206
3935
2168
1711
2998
607
1854
138
1762
2569
179
2079
384
652
2842
602
2792
1755
3875
114
454
883
97
3911
3147
1834
2722
1560
3537
3570
1430
1301
1276
316
292
3781
3673
18
613
209
153
2596
3408
3854
335
3717
918
608
865
2470
61
801
3565
3709
3807
2860
3798
3560
351
2691
90
581
881
885
887
877
873
871
743
691
855
852
717
874
872
689
788
806
712
707
768
822
886
876
864
895
894
892
879
875
870
867
866
859
858
861
796
791
789
890
700
816
746
889
888
882
721
832
841
839
833
802
798
790
786
785
782
776
775
771
767
750
749
736
732
729
725
714
702
699
692
710
742
733
813
795
711
821
722
844
851
846
751
850
812
808
814
794
695
878
863
825
769
735
826
727
723
708
698
753
843
818
760
756
734
715
706
755
869
853
811
784
731
831
745
737
713
690
766
840
724
701
848
837
830
810
804
763
752
748
697
800
716
792
777
757
740
720
709
696
688
686
849
847
842
836
834
829
820
799
778
772
770
764
762
761
758
738
726
719
694
693
880
845
835
828
827
817
815
809
807
793
787
781
730
718
687
856
838
824
823
819
805
803
797
783
780
779
774
773
765
759
754
747
741
739
705
703
728
4011
4013
4020
4031
4029
4033
4026
4036
4002
4019
4018
3981
3989
3995
4004
4037
4009
3998
3997
3986
4025
4038
4030
4027
4023
4021
4017
4014
4006
4005
4003
4001
4000
3999
3996
3994
3993
3991
3988
3987
3985
3982
4007
3990
3980
4034
667
4028
594
4035
4024
3984
3983
744
704
884
893
3952
3890
3946
3767
3676
3801
3678
2798
3436
3928
3520
3585
3513
3843
3561
3787
3805
3641
3806
3638
3492
3878
3783
3632
3910
3701
3655
3663
3736
3666
3751
3740
3620
3590
3669
3439
3613
3608
3979
3739
3614
3850
3698
3498
3863
3447
3918
3716
3941
3836
3759
3474
3917
3976
3893
3870
3646
3643
3631
3539
3837
3757
3571
3519
3476
3465
3785
3534
3803
3505
3482
3811
3857
3901
3887
3727
3679
3866
3467
3527
3623
3483
3883
3832
3707
3497
3639
3481
3479
3958
3578
3770
3931
3900
3840
3776
3685
3644
3615
3598
3472
3896
3786
3690
3864
3947
3764
3617
3532
3905
3814
3580
3446
3902
3891
3542
3822
3711
3706
3627
3799
3960
3933
3920
3696
3587
3500
3912
3725
3628
3567
3543
3778
3972
3881
3825
3829
3784
3668
3926
3452
3969
3951
3810
3792
3719
3493
3468
3921
3862
3835
3827
3773
3753
3636
3599
3588
3526
3442
3819
3937
3906
3859
3582
3464
3460
3662
868
3094
3742
3733
3849
3752
3738
3554
3529
3794
3705
3549
3970
3619
3660
3860
3450
3839
3548
3496
2541
1977
3155
3427
3126
3401
3153
3218
3246
3053
2975
3317
3398
3371
2714
2987
2783
2805
3092
3088
2811
2717
3382
3044
3008
2745
3122
2799
2667
3283
3112
3127
3055
2789
3318
3314
2670
3413
3042
3315
3163
3014
3399
2867
2852
2920
3199
3294
2888
2681
3372
2902
2918
3257
3158
3135
3123
2981
2907
2731
3139
3045
2851
2663
3303
2944
2695
3311
2959
2703
3052
3244
3104
3078
2948
2913
2806
2782
3328
3400
3237
3084
2956
2953
2931
2890
2837
2809
2794
2741
2679
3129
2743
3364
3047
3036
3010
2994
2985
2927
2827
2666
3363
3284
3250
3232
3195
3149
3096
3064
3054
3029
2988
2967
2864
2815
2800
2786
2749
2673
2669
3194
2926
2687
3411
3422
3039
3066
3028
3012
2983
3197
2980
2802
3367
3099
3015
3013
2846
2712
3189
2954
2715
3431
3410
3374
3219
3944
3670
3521
3475
3667
3930
3852
3702
3559
3966
3838
3800
3672
3831
3788
3674
3522
3929
3683
3477
3796
3611
3550
3438
3830
3779
3943
3889
3517
3512
3449
3448
3817
3688
3684
3625
3950
3780
3737
3721
3573
3563
3858
3756
3687
3654
3545
857
3968
3703
3697
3596
3978
3977
3975
3974
3973
3971
3967
3965
3964
3963
3962
3957
3956
3955
3953
3949
3945
3942
3940
3939
3938
3936
3934
3932
3927
3925
3924
3923
3922
3919
3916
3915
3914
3913
3909
3908
3907
3903
3899
3898
3897
3895
3894
3892
3888
3884
3879
3876
3874
3873
3871
3869
3868
3867
3856
3855
3848
3847
3845
3844
3842
3841
3834
3833
3828
3826
3824
3823
3821
3818
3816
3815
3813
3812
3809
3808
3804
3802
3795
3793
3791
3790
3789
3782
3777
3774
3772
3771
3769
3768
3766
3765
3763
3762
3761
3760
3758
3755
3754
3749
3747
3745
3744
3743
3741
3735
3734
3731
3730
3728
3724
3723
3722
3720
3718
3715
3714
3713
3712
3710
3708
3704
3700
3699
3695
3694
3691
3689
3686
3682
3681
3680
3675
3671
3665
3664
3661
3659
3658
3657
3656
3653
3652
3650
3649
3648
3647
3645
3640
3637
3635
3634
3630
3629
3626
3624
3622
3621
3618
3616
3612
3610
3607
3606
3605
3604
3603
3602
3601
3600
3597
3595
3594
3593
3592
3591
3589
3584
3583
3581
3579
3576
3574
3572
3569
3568
3564
3562
3558
3557
3555
3553
3552
3546
3544
3541
3540
3538
3536
3535
3533
3531
3530
3528
3524
3523
3518
3516
3515
3514
3511
3510
3509
3508
3507
3506
3503
3502
3501
3499
3495
3494
3491
3490
3488
3486
3485
3484
3480
3478
3473
3471
3470
3469
3466
3462
3461
3459
3458
3457
3455
3453
3451
3445
3443
3441
862
2870
2957
1657
3358
3169
3032
2762
3416
3316
2770
3375
2898
3161
3282
2685
2882
3395
3347
3252
3240
3140
3046
3009
2713
3085
2924
2839
2757
3379
3133
3024
2830
2728
2900
2711
3111
3373
2824
2820
2721
2697
3420
2995
3270
3204
3170
2936
3273
3019
2947
3285
3203
3176
3168
3018
3001
2934
2845
2739
2662
3157
2858
3329
3288
3224
3154
3145
3082
2973
2753
3191
3182
3060
2950
2719
2708
3005
3063
2997
2690
2665
3211
2923
2836
2818
2808
467
406
3551
3954
3904
3726
3463
3444
3566
3504
3880
3775
3693
3642
3586
3547
485
648
499
379
3215
3212
3035
2875
3346
3275
3190
2881
3174
3022
2960
2925
2916
2906
2905
2810
2751
2748
2689
2856
2787
3259
2996
3236
3187
3167
3081
2481
2439
2595
2483
2486
2634
2219
2015
2515
2238
2401
2076
1961
2456
2422
2402
2380
2162
2130
2256
2431
2227
2580
2105
2342
2014
2265
2426
2255
1992
1924
2650
2455
2405
2070
2412
2260
2548
2051
2160
1915
2217
2487
2301
2281
2167
2193
2545
2448
2082
2287
2231
2085
2614
2488
2371
2091
2089
2041
2517
2514
2152
2017
1918
2411
2197
2156
1960
2651
2505
2474
2613
2307
2064
2181
2146
2630
2539
2499
2376
2326
2229
2179
1989
1986
2182
2619
2579
2576
2575
2484
2386
2352
2334
2005
2556
2476
2044
2562
2388
2023
2440
2577
2497
2607
2590
2574
2552
2549
2418
2331
2329
2323
2308
2154
2123
2083
2655
2654
2625
2593
2553
2495
2299
2109
2088
2030
2452
2587
2120
1990
2490
1982
2626
2346
2050
2006
1958
2627
2000
1950
2633
2364
2027
2013
2004
1991
1935
1927
2660
2658
2657
2645
2639
2636
2435
2284
2192
2159
2097
2009
1914
70
327
305
77
347
95
183
2893
3027
3156
2843
1973
1913
2521
2485
2467
2464
2462
2423
2414
2374
2370
2363
2353
2300
2290
2240
2216
2206
2201
2165
2131
2124
2115
2112
2098
2093
2090
2073
2055
2046
2040
1993
1971
1938
1917
2581
2641
1988
2536
1985
2210
2208
2350
2177
2029
2272
2358
2230
2099
2605
2312
2584
2478
2395
2067
2557
2061
1999
1931
1919
2415
2096
2243
2612
2116
2522
2274
2427
2305
2273
2057
2637
2211
2145
2604
2601
2489
2428
2409
2383
2234
2232
2019
1981
1964
2603
2479
2390
2377
2075
2629
2222
2524
2597
2566
2471
2366
2325
2322
2280
2226
2186
2512
2259
2235
2161
1994
1987
2518
2221
2010
1939
3330
3272
3267
3172
3152
3106
2853
2828
2793
2674
3327
3128
2933
2886
2675
2932
2725
3302
3310
1693
2984
2720
3298
3261
3253
3116
3115
3113
3102
3049
2970
2939
2894
2849
2661
3350
3332
3254
3076
2823
2684
2672
3435
3434
3433
3430
3429
3428
3426
3425
3424
3423
3421
3419
3417
3414
3412
3405
3402
3396
3394
3392
3391
3390
3389
3388
3387
3384
3383
3381
3380
3378
3377
3376
3370
3369
3368
3362
3359
3357
3356
3355
3354
3353
3352
3351
3349
3348
3344
3343
3342
3341
3340
3339
3338
3337
3336
3334
3333
3331
3326
3325
3324
3323
3322
3321
3320
3313
3309
3308
3306
3305
3301
3300
3299
3297
3296
3293
3292
3291
3286
3281
3280
3279
3277
3276
3274
3271
3269
3266
3264
3262
3260
3256
3255
3251
3249
3247
3243
3242
3241
3239
3238
3235
3234
3231
3229
3228
3227
3226
3225
3223
3220
3216
3213
3210
3209
3207
3206
3205
3202
3200
3198
3196
3193
3192
3188
3185
3184
3181
3180
3177
3175
3166
3160
3159
3151
3150
3148
3146
3144
3143
3142
3141
3138
3137
3134
3132
3131
3130
3121
3120
3119
3114
3109
3108
3107
3105
3103
3101
3098
3095
3093
3091
3090
3089
3087
3086
3083
3080
3079
3077
3075
3074
3073
3069
3068
3065
3062
3061
3059
3058
3056
3051
3050
3041
3040
3037
3033
3031
3030
3026
3025
3023
3021
3017
3016
3007
3006
3004
3000
2993
2992
2991
2990
2989
2986
2982
2979
2978
2977
2976
2974
2972
2969
2966
2965
2964
2961
2958
2955
2952
2949
2946
2945
2943
2942
2940
2937
2935
2930
2929
2928
2922
2919
2917
2915
2914
2912
2911
2910
2909
2908
2904
2901
2899
2897
2896
2895
2891
2889
2887
2884
2880
2879
2878
2877
2876
2874
2873
2872
2871
2868
2866
2865
2862
2861
2859
2857
2855
2854
2850
2841
2835
2834
2833
2832
2831
2829
2821
2819
2817
2816
2814
2812
2807
2804
2801
2797
2796
2791
2790
2788
2785
2781
2779
2778
2777
2776
2774
2773
2772
2771
2769
2767
2766
2765
2763
2761
2759
2756
2755
2754
2750
2746
2742
2738
2737
2736
2733
2732
2730
2729
2727
2726
2723
2710
2706
2705
2701
2700
2699
2698
2696
2694
2692
2688
2686
2683
2682
2680
2676
2671
2668
2664
860
3415
3403
3307
3295
3208
3110
3048
2780
2709
3397
3366
3365
3360
3345
3319
3312
3287
3217
3118
3072
3070
3067
3043
3038
3002
2921
2863
2844
2840
2784
2768
2716
2702
3393
3214
3171
2951
2848
2803
2795
2758
3948
3886
3877
3872
3851
3797
3750
3692
3677
3651
3633
3609
3577
3556
3525
3456
3440
3437
2594
2582
2519
2463
2413
2344
2338
2298
2292
2194
2133
2101
2053
2026
2002
1941
3186
2707
1031
1776
910
3385
3265
3222
1252
2677
3361
3248
3245
3136
2968
2941
3406
3404
3304
3233
3162
3100
2962
2892
2869
2775
2752
2724
3097
3057
3409
3386
3258
3165
3020
2883
2826
2760
2734
2678
2592
2516
2372
2332
2328
2315
2264
2198
1959
1384
1775
1892
1760
349
437
371
647
582
578
619
598
588
612
677
622
662
681
661
643
600
583
685
664
680
603
597
579
1631
3961
3861
3487
3454
610
405
480
571
466
433
565
418
562
403
361
407
498
443
382
362
508
449
646
478
522
477
682
657
617
609
448
415
593
541
426
402
532
552
377
554
505
457
676
495
634
546
360
359
354
543
539
531
683
555
553
548
523
520
423
442
435
357
547
519
491
489
474
355
527
521
455
388
472
411
492
479
427
2838
269
3418
3335
3221
3124
3117
2847
2747
2735
2718
2659
2656
2652
2648
2646
2644
2642
2638
2632
2631
2628
2624
2623
2622
2621
2620
2618
2615
2611
2610
2609
2608
2606
2602
2600
2599
2591
2588
2586
2585
2578
2573
2572
2570
2568
2567
2565
2564
2563
2561
2560
2559
2558
2554
2551
2550
2547
2546
2544
2542
2540
2538
2537
2535
2534
2533
2532
2531
2530
2528
2527
2526
2525
2523
2520
2513
2507
2506
2504
2503
2501
2500
2496
2493
2492
2482
2480
2477
2473
2469
2468
2466
2465
2460
2459
2454
2453
2450
2449
2447
2446
2444
2443
2441
2438
2437
2434
2433
2432
2430
2429
2425
2424
2421
2420
2416
2410
2408
2407
2406
2404
2403
2400
2397
2396
2394
2393
2392
2391
2389
2387
2385
2382
2381
2379
2373
2369
2367
2365
2362
2361
2360
2359
2357
2356
2355
2354
2351
2349
2348
2347
2345
2341
2340
2339
2337
2335
2324
2321
2320
2318
2317
2316
2314
2313
2311
2310
2309
2306
2304
2303
2297
2296
2295
2293
2291
2288
2286
2285
2282
2279
2278
2277
2276
2275
2271
2270
2266
2263
2262
2261
2258
2257
2253
2252
2251
2249
2248
2246
2245
2244
