107
732
4023
253
244
2842
4001
219
3942
2437
3143
875
2817
4033
15
899
4036
3432
865
4012
1194
904
1386
3811
2470
858
2569
1353
613
179
859
572
2269
2596
3268
61
3071
143
2094
733
358
749
52
241
71
1176
532
1233
3147
2441
2774
2902
2168
327
95
154
77
667
4016
3991
4035
4034
4029
4024
4008
146
3993
3709
607
3919
3893
447
743
801
250
2998
3934
399
3922
4037
337
4032
4028
3308
454
1394
1996
699
3987
3686
1657
550
1967
581
841
855
3770
2541
3871
1461
3638
3671
1270
4022
4015
3784
648
3637
3978
110
3745
3914
2704
788
1664
2857
832
757
886
883
228
443
854
750
740
812
852
1119
717
785
453
1262
222
3699
1206
279
3504
1854
1499
270
3333
928
649
3939
2752
1521
892
60
3814
96
1558
459
626
3582
893
276
2816
206
2178
2373
264
3929
3281
1027
3846
3125
235
910
2792
2466
1046
2535
379
138
305
610
3853
1855
3575
2736
117
3444
1956
3570
1005
2952
1518
43
2814
1354
2855
3003
2656
448
1701
1510
2971
3974
1546
1105
911
3451
336
3954
2017
1607
3282
2634
3965
2413
2375
12
608
480
3175
114
267
316
663
2100
985
164
744
2431
153
11
1776
134
656
1034
3230
987
125
1974
377
3849
259
190
3546
3551
468
775
1057
1711
3882
642
912
1240
3061
243
393
364
3461
3985
294
3131
2732
3127
3074
307
230
70
49
255
192
2281
2301
2487
1961
321
3407
467
877
872
885
881
1224
3621
868
857
4005
3999
1133
3055
2106
2204
2421
319
147
282
182
4026
4017
4000
4007
3990
4019
3986
3995
594
4021
3981
4030
3988
4020
4011
3997
4025
3996
3994
4038
4031
4018
3980
4004
4003
4002
3998
4014
4009
4013
3982
4010
3992
3989
3983
4006
4027
3984
870
879
882
873
887
888
871
890
802
789
714
880
712
839
791
797
792
895
894
891
889
878
876
874
869
867
866
864
863
861
811
753
798
756
810
806
691
804
711
826
710
786
808
847
777
758
817
809
720
848
818
846
779
754
704
765
703
695
768
837
836
835
831
825
822
821
796
790
771
767
763
761
748
737
736
735
729
723
721
718
716
715
707
853
795
738
696
843
807
787
708
856
838
709
774
769
741
784
700
815
739
844
693
698
694
814
781
833
782
759
803
724
842
840
805
764
762
834
752
705
766
701
830
793
783
755
730
727
697
828
824
770
747
745
728
726
722
690
687
686
851
829
827
823
819
800
794
780
778
773
772
760
751
746
742
734
731
719
706
688
849
820
713
845
776
884
689
860
850
813
816
799
725
702
692
3716
3218
3759
3757
3724
3678
3647
3946
3972
3958
3890
3698
3806
3447
3122
3053
3661
3691
3445
3628
3783
3476
3519
3571
3539
3515
3861
3911
3791
3482
3727
3682
3585
3565
3964
3766
3607
3500
3941
3915
3923
3844
3916
3839
3522
3492
3802
3754
3859
3601
3623
3690
3855
3967
3836
3483
3652
3940
3499
3464
3874
3567
3857
3517
3507
3547
3639
3738
3561
3937
3730
3450
3620
3648
3909
3949
3446
3643
3869
3826
3822
3931
3676
3489
3835
3641
3494
3747
3862
3815
3722
3666
3663
3629
3850
3963
3679
3812
3354
3216
3305
3227
2767
2856
3845
3543
3832
3462
3477
3573
3548
3712
3635
3717
3574
3560
3913
3578
3518
3889
3681
3485
655
611
643
576
670
615
380
3520
3872
3736
3523
3819
3868
3739
3473
3838
3559
3452
3762
3622
3887
3604
3645
3438
3675
3579
3557
3896
3789
3670
3593
3554
3772
3773
3809
3587
3660
3975
3899
3708
3701
3470
3895
3793
3906
3777
3719
3583
3726
3469
3443
3737
3640
3480
3610
3566
3689
3713
3463
3631
3458
3457
3542
3475
3864
3813
3508
862
3696
3615
3549
3888
3933
3920
3478
3930
3658
3454
3829
3474
3841
3556
3970
3918
3848
3883
3562
3481
3741
3790
3731
3707
3649
3847
3677
3521
3921
3728
3526
3947
3927
3870
3866
3718
3617
3535
3468
3803
3706
3509
3973
3834
3810
3782
3614
3534
3529
3506
3484
3680
3532
3553
3956
3767
3808
3912
3743
3725
3657
3595
3538
3971
3760
3667
3673
3511
3950
3683
3512
3786
3768
3602
3898
3479
3945
3821
3634
3926
3528
3969
3924
3903
3558
3905
3624
3966
3902
3576
3976
3900
3833
3591
3761
3460
3825
3907
3867
3827
3710
3498
3977
3876
3753
3740
3735
3705
3644
3636
3599
3505
3472
3536
3886
3932
3799
3513
381
3197
2861
2776
3279
3046
3309
2761
2961
3129
2899
2722
3094
2682
2695
2808
2743
3414
3023
2747
3428
2933
2852
2769
2746
3423
3314
2982
2670
2835
3029
2824
3269
3010
2837
2731
2977
101
126
112
3192
2847
2744
3357
3402
3410
3012
2997
2886
3389
3043
3371
3241
2834
3380
2728
3068
3099
2811
2846
3429
3032
2690
3292
3190
2831
3072
2942
3395
3188
3199
3352
3209
3057
3260
3156
2918
3340
3264
3306
2707
1443
3596
3491
3873
3817
3780
3672
3611
3527
3471
3877
3797
3586
3948
3514
3858
3577
3501
3928
3860
3800
3756
3550
3533
3495
3449
3938
3830
3824
3697
3687
3618
3545
3448
1792
612
590
529
466
541
621
575
657
628
600
578
574
625
579
658
640
635
660
630
665
659
650
627
675
632
599
577
652
671
472
372
505
586
3496
3979
3968
3960
3959
3957
3955
3953
3952
3951
3943
3936
3935
3925
3917
3910
3901
3892
3891
3885
3884
3881
3880
3878
3875
3865
3863
3852
3843
3842
3840
3837
3831
3828
3823
3820
3818
3807
3805
3804
3801
3798
3796
3795
3794
3792
3787
3785
3781
3779
3778
3776
3775
3774
3769
3765
3764
3758
3752
3744
3734
3733
3732
3723
3721
3715
3714
3711
3703
3702
3700
3695
3693
3685
3684
3668
3665
3664
3662
3659
3656
3655
3654
3646
3642
3632
3630
3627
3626
3625
3619
3616
3613
3612
3609
3608
3605
3598
3597
3594
3592
3590
3588
3584
3581
3569
3568
3564
3563
3555
3552
3544
3541
3540
3530
3525
3524
3516
3510
3503
3497
3493
3490
3488
3486
3466
3465
3459
3455
3442
3441
3440
3439
349
406
569
673
474
548
477
495
666
382
522
429
449
565
361
470
534
458
516
486
568
547
410
405
359
354
558
518
2725
2958
2697
2820
251
133
73
1445
1157
1777
543
504
457
1162
388
2802
2718
3210
3388
3137
2874
2954
3311
2972
2959
2677
3048
3315
3058
3424
2893
3321
2693
2955
2680
3254
2701
3286
3142
3092
3421
2883
3420
3356
3177
2990
2830
2779
3294
2948
3039
3296
3288
2661
3095
3271
3194
2819
2762
2727
2696
3211
2668
2882
3106
3160
3145
3100
2768
2784
3275
3242
3097
3024
2970
2785
3069
3163
3114
3036
2818
2969
2987
2795
2809
3155
3385
3225
2751
2742
3109
3060
2687
2870
2723
3341
3323
2662
3386
3353
3041
3238
3166
3014
3162
3045
3153
3135
2981
2945
3239
2780
2932
3182
2733
3427
3104
2763
3399
3108
3220
3434
3146
2878
2925
2741
3008
2879
3007
2840
3426
3339
3303
3202
2967
3144
3364
3293
3000
2993
2953
2929
2773
2905
3299
3087
2844
2702
3378
3170
2992
2980
2796
3149
2705
2698
3390
2917
2890
2676
3417
3348
2986
2946
2880
2854
2673
3302
3229
2888
2726
2666
3381
3316
3267
3265
2991
2765
