2650
398
419
1597
2245
496
844
1178
1758
3584
3771
170
250
820
878
1382
1501
2151
2185
2285
2451
2852
2887
3686
3948
161
461
507
560
581
905
979
1274
1340
1362
1762
2169
2389
2535
2556
2688
2865
3041
3226
3503
3609
3744
3934
4003
4
174
222
294
310
474
565
627
909
918
1169
1215
1375
1434
1488
1565
1635
1668
1794
1832
1838
1845
1922
1954
1997
2024
2031
2221
2255
2307
2353
2374
2399
2539
2592
2669
2720
2738
3084
3114
3203
3382
3729
3803
3985
1
71
78
83
92
142
209
233
234
277
319
322
404
412
465
510
700
701
768
775
996
1047
1110
1212
1252
1267
1379
1461
1510
1618
1669
1870
2039
2063
2109
2258
2262
2363
2524
2677
2721
2818
2886
2945
3000
3032
3087
3219
3352
3364
3386
3455
3467
3654
3677
3719
3728
3827
3840
3868
3877
3882
22
121
199
205
276
279
317
355
371
453
545
599
601
605
634
756
763
819
970
973
1002
1003
1044
1151
1210
1310
1350
1390
1409
1482
1531
1557
1622
1712
1713
1721
1746
1747
1798
1799
2030
2157
2166
2224
2241
2271
2272
2309
2327
2343
2401
2454
2464
2471
2478
2479
2499
2521
2527
2569
2713
2754
2798
2800
2805
2849
2950
2955
3046
3055
3062
3169
3184
3202
3206
3230
3244
3245
3249
3301
3457
3488
3558
3568
3570
3623
3646
3816
3821
3826
3881
3957
3993
15
26
44
45
60
93
98
106
153
175
180
253
272
289
320
331
358
362
372
463
467
509
637
654
719
722
724
772
773
781
840
841
854
932
938
945
947
953
972
1000
1051
1062
1129
1152
1182
1202
1225
1264
1268
1321
1327
1345
1352
1392
1416
1454
1469
1472
1496
1503
1514
1525
1586
1602
1606
1639
1648
1667
1695
1700
1725
1778
1789
1880
1950
1952
1960
2018
2026
2074
2097
2098
2194
2263
2290
2378
2386
2412
2422
2429
2489
2505
2517
2548
2579
2585
2588
2601
2633
2715
2718
2743
2746
2750
2767
2790
2847
2876
2881
2990
3036
3118
3148
3150
3152
3178
3196
3253
3256
3272
3307
3328
3380
3401
3421
3465
3489
3499
3560
3583
3660
3714
3776
3807
3808
3848
3884
3890
3899
3911
3952
3968
4021
4032
4034
4038
5
30
57
58
77
81
84
90
107
114
118
134
150
166
173
189
193
197
220
230
231
243
292
298
316
370
395
401
414
434
464
526
588
595
610
620
629
662
676
683
684
690
738
741
750
757
790
814
832
865
871
874
902
917
930
933
955
963
975
989
1017
1018
1029
1070
1074
1082
1090
1102
1112
1124
1140
1143
1145
1146
1150
1158
1162
1217
1235
1265
1273
1278
1285
1307
1315
1326
1360
1371
1380
1397
1418
1429
1441
1446
1473
1583
1631
1644
1659
1671
1677
1687
1717
1722
1744
1751
1760
1761
1772
1777
1783
1813
1822
1868
1873
1899
1910
1927
1939
1946
1948
1965
1966
1985
1996
2001
2044
2060
2067
2091
2111
2113
2129
2131
2168
2235
2242
2249
2265
2289
2301
2308
2332
2339
2356
2369
2407
2436
2438
2494
2506
2509
2557
2563
2574
2636
2672
2680
2695
2710
2711
2723
2788
2838
2840
2904
2912
2970
2984
2996
3002
3007
3015
3022
3073
3153
3166
3167
3188
3225
3234
3236
3247
3279
3280
3295
3300
3311
3349
3350
3396
3420
3428
3439
3444
3461
3494
3562
3563
3587
3657
3691
3701
3710
3718
3745
3746
3757
3774
3780
3784
3790
3791
3797
3813
3825
3850
3851
3870
3925
3940
3988
4007
4008
4014
51
55
87
95
128
132
133
135
171
188
198
203
204
210
219
232
236
239
246
249
252
309
354
380
382
383
390
411
418
420
432
493
494
495
500
549
587
592
598
607
623
678
679
705
718
720
727
732
735
770
776
783
804
837
847
880
919
926
927
942
949
957
958
969
981
983
988
998
1012
1043
1048
1053
1093
1107
1135
1136
1138
1154
1165
1171
1172
1181
1189
1200
1226
1230
1237
1242
1266
1271
1279
1284
1297
1300
1313
1322
1355
1357
1368
1376
1391
1412
1420
1440
1462
1475
1492
1493
1499
1512
1522
1527
1543
1545
1578
1584
1591
1600
1601
1614
1650
1655
1682
1699
1723
1741
1775
1803
1810
1816
1833
1837
1844
1863
1890
1894
1903
1938
1942
1957
1961
1967
1981
1993
1999
2008
2038
2045
2069
2079
2108
2122
2125
2167
2182
2187
2228
2240
2243
2277
2298
2323
2352
2371
2376
2400
2430
2444
2450
2458
2462
2476
2487
2497
2503
2508
2510
2528
2547
2549
2560
2576
2578
2587
2589
2593
2618
2630
2643
2645
2668
2670
2674
2681
2691
2744
2755
2758
2769
2779
2781
2784
2785
2793
2795
2810
2823
2843
2882
2884
2888
2901
2909
2921
2924
2931
2939
2944
2947
2954
2971
3004
3014
3029
3045
3048
3053
3056
3085
3103
3110
3113
3146
3158
3168
3183
3214
3223
3243
3265
3266
3316
3332
3343
3360
3375
3432
3440
3490
3498
3501
3535
3544
3627
3633
3662
3688
3692
3697
3698
3751
3752
3766
3767
3788
3796
3804
3898
3905
3922
3927
3945
3956
3986
3989
3990
3994
4001
4012
4019
