0
3984
241
210
877
244
153
286
891
4035
4034
4025
3268
3006
2814
247
74
1096
18
12
3856
3820
3748
2382
3709
3125
613
602
585
550
411
358
1386
1270
1119
801
911
3853
918
3407
282
49
757
707
852
746
864
785
836
793
822
806
802
771
704
763
833
816
808
821
855
854
851
850
841
839
832
798
796
791
789
788
786
783
782
767
750
749
744
743
742
741
740
736
732
725
717
716
714
712
702
700
699
692
691
690
689
157
3744
3879
804
895
893
861
825
729
751
846
826
812
779
778
838
735
847
831
792
764
726
709
837
780
710
807
784
770
761
842
813
795
790
762
738
723
720
715
711
853
849
829
823
799
794
773
768
766
756
752
737
734
733
731
722
706
695
869
814
811
800
755
880
845
843
817
815
809
797
787
781
759
758
748
739
730
728
718
848
844
835
834
827
824
820
818
777
769
765
760
754
753
747
727
724
721
713
705
701
696
694
693
688
687
686
47
4001
4014
3992
3998
3996
4016
3993
4037
3988
3986
300
294
220
120
71
70
181
302
52
97
145
296
86
68
229
35
32
135
279
36
337
167
254
110
319
6
336
320
57
273
106
151
288
73
267
237
155
124
99
159
121
2
19
144
259
193
187
328
3808
3717
3811
3513
3720
3923
3946
3939
3958
3864
3502
3665
3816
3638
3616
3439
3892
3953
3772
3732
3973
3494
3894
3774
3523
3691
3585
3661
3890
3912
3467
3483
3468
3827
3476
3896
3555
3515
3511
3907
3924
3558
3458
3969
3794
3714
3591
3463
3681
3627
3528
3940
3919
3883
3639
3933
3783
3500
3871
3541
3876
3629
3918
3675
3579
3823
3777
3764
3601
3559
3568
3763
3758
3534
3913
3790
3730
3737
3546
3490
3725
3849
3742
3937
3915
3582
3865
3728
3636
3662
3703
3600
894
892
890
889
888
887
886
885
884
883
882
881
879
878
876
874
873
872
871
870
868
867
866
865
863
860
859
858
856
840
830
828
819
810
805
803
776
774
772
745
719
708
703
697
39
1
100
301
150
260
199
338
117
223
130
50
281
274
156
3
323
158
109
45
26
332
290
239
231
207
200
132
118
104
98
82
75
72
66
13
315
304
65
2178
2227
2238
2106
2080
2424
1915
2402
2584
2442
2437
2421
2204
2565
1922
2156
2119
2656
2577
2197
2070
2570
2481
2281
2303
2015
2644
2540
2587
2120
2035
1957
2622
1988
2633
2346
1958
1931
2613
2585
2001
4027
4004
4038
3991
4036
4033
4032
4030
4029
4028
4026
4023
4022
4021
4020
4019
4018
4017
4013
4012
4010
4009
4008
4007
4006
4005
4003
4002
4000
3999
3997
3995
3994
3990
3987
3985
3983
3982
3981
3487
3566
3861
3673
448
3376
2857
3408
2801
3428
3354
2861
2799
2805
3059
3322
2983
3401
3430
3030
3109
3028
3425
3112
2884
3271
3074
3314
3094
3042
3414
2816
2769
2673
2715
3143
3209
3194
3181
2930
3166
2981
2671
3281
3418
2948
3311
2812
2723
3022
2925
3286
3238
3137
3123
2953
2945
2854
2807
2756
2741
2681
2692
3174
3435
3417
3384
3257
3135
3025
2928
2835
3098
3096
2839
2664
3325
2834
3301
3129
3108
3065
2920
2911
2896
2850
2755
2694
3357
3093
3349
3211
3363
3250
3149
3090
3064
2988
2966
2913
2905
2815
2786
2750
2749
3426
3231
3130
2899
2888
2851
2789
2939
2687
3128
3066
3116
2976
3396
2894
2733
2684
2672
3121
2808
2914
3172
677
603
573
600
599
583
661
615
621
163
356
476
454
347
346
345
344
343
342
341
340
335
334
333
331
330
329
327
326
325
321
318
317
316
314
313
312
311
310
309
307
306
305
303
299
298
297
295
293
292
291
289
284
283
280
278
277
276
275
272
271
270
268
266
265
264
263
262
261
258
257
255
253
252
251
250
249
248
245
243
242
240
238
236
235
234
232
230
228
227
226
225
224
222
221
219
218
216
215
214
212
211
208
206
205
204
203
202
201
198
197
196
195
194
192
191
190
188
186
185
184
182
180
179
178
177
176
175
174
172
170
168
166
165
164
162
161
160
154
152
149
148
147
143
142
141
140
139
138
137
134
133
131
129
128
127
126
123
116
115
114
113
112
111
108
105
102
101
96
95
94
93
92
91
90
89
88
87
85
84
83
81
80
79
78
77
76
69
63
62
61
60
59
55
54
53
51
48
46
44
43
41
40
38
31
30
29
28
27
25
24
23
22
21
20
17
16
15
14
11
10
9
8
5
4
3552
3455
3902
3452
3575
3838
3590
3795
3926
3817
3672
3526
3712
3847
3544
3550
3888
3828
3642
3927
3803
3656
3480
3889
3908
3796
3687
3625
3621
3938
3842
3830
3824
3800
3693
3654
3609
3596
3979
3978
3977
3976
3975
3974
3972
3971
3970
3968
3967
3966
3965
3964
3963
3960
3959
3957
3956
3955
3954
3952
3951
3950
3949
3947
3945
3944
3942
3941
3934
3932
3931
3930
3929
3928
3925
3922
3921
3920
3917
3916
3914
3911
3910
3909
3906
3905
3904
3903
3901
3900
3899
3898
3897
3895
3893
3891
3887
3885
3884
3882
3881
3880
3878
3875
3874
3873
3870
3869
3868
3867
3866
3863
3862
3860
3859
3858
3857
3855
3854
3852
3850
3848
3846
3845
3844
3843
3841
3840
3839
3837
3836
3835
3834
3833
3832
3831
3829
3826
3825
3822
3821
3819
3818
3815
3814
3813
3812
3810
3809
3806
3805
3804
3802
3801
3799
3798
3793
3792
3791
3789
3788
3787
3786
3785
3784
3782
3781
3780
3779
3778
3776
3775
3773
3771
3770
3769
3768
3767
3766
3765
3762
3761
3760
3759
3757
3755
3754
3753
3752
3751
3749
3747
3746
3745
3743
3740
3739
3738
3736
3735
3734
3733
3731
3727
3726
3724
3722
3719
3718
3716
3715
3713
3711
3710
3708
3707
3706
3705
3704
3702
3701
3700
3699
3698
3697
3696
3695
3694
3690
3689
3688
3686
3685
3683
3682
3680
3679
3678
3676
3671
3670
3669
3668
3667
3666
3664
3663
3660
3659
3658
3657
3655
3653
3652
3649
3648
3647
3646
3645
3644
3643
3641
3640
3637
3635
3634
3632
3631
3630
3628
3626
3624
3623
3622
3620
3619
3618
3617
3615
3614
3613
3612
3611
3610
3608
3607
3606
3605
3604
3603
3602
3599
3598
3597
3595
3594
3593
3589
3588
3587
3586
3584
3583
3581
3580
3578
3576
3574
3573
3572
3571
3570
3569
3567
3565
3564
3563
3562
3560
3557
3554
3553
3551
3549
3548
3547
3545
3543
3542
3539
3538
3537
3536
3535
3533
3532
3531
3530
3529
3527
3524
3522
3521
3520
3519
3518
3517
3516
3514
3512
3510
3509
3508
3507
3506
3505
3504
3503
3499
3498
3497
3496
3493
3492
3491
3489
3488
3486
3485
3484
3482
3481
3479
3478
3477
3475
3474
3473
3472
3471
3470
3469
3466
3465
3464
3462
3461
3460
3459
3457
3453
3451
3450
3449
3448
3447
3446
3445
3444
3443
3442
3441
3440
3438
862
857
698
2213
2524
2170
2504
2418
2311
2566
2534
2411
2371
2314
2286
2193
904
217
189
119
64
3124
3431
2868
2162
2085
2337
2284
1991
339
324
322
308
285
246
213
169
146
125
122
103
67
56
7
2353
2201
1943
2452
2022
2521
2484
2352
2340
2331
2290
2258
2115
1986
2018
2606
2591
2551
2546
2499
2485
2404
2308
2216
2190
2086
2083
2045
1953
1929
2448
2214
2645
2004
1976
1928
2427
2309
2288
2056
1983
2480
2425
2401
2159
1999
2474
2313
2175
2278
1961
2029
2415
2057
2406
2322
2296
2096
2449
2396
2387
2345
1981
2605
2652
2274
2075
2627
2620
2297
1972
1968
1921
2571
2445
2394
2327
2232
2615
2586
2578
2575
2573
2561
2550
2507
2495
2492
2489
2478
2429
2428
2395
2369
2324
2275
2229
2184
2165
2142
2063
2058
2046
1993
2233
2438
2235
2134
1994
2221
1970
2413
2400
2116
562
2660
2659
2658
2657
2655
2654
2651
2650
2648
2647
2646
2641
2640
2639
2638
2637
2636
2635
2634
2632
2631
2630
2628
2626
2625
2624
2623
2621
2619
2618
2614
2612
2611
2610
2608
2607
2604
2603
2602
2601
2600
2599
2596
2595
2594
2593
2590
2583
2581
2580
2579
2576
2574
2572
2568
2564
2563
2562
2560
2559
2558
2557
2556
2554
2553
2552
2549
2548
2545
2539
2538
2537
2536
2535
2532
2531
2528
2527
2526
2525
2523
2522
2520
2518
2517
2516
2515
2514
2513
2506
2505
2503
2502
2500
2497
2494
2493
2490
2488
2487
2486
2483
2482
2479
2477
2476
2473
2469
2467
2466
2464
2462
2460
2459
2457
2456
2455
2454
2453
2450
2447
2446
2444
2443
2441
2440
2439
2435
2434
2433
2432
2431
2430
2426
2423
2422
2416
2414
2412
2410
2409
2408
2407
2405
2403
2397
2393
2392
2391
2390
2389
2388
2386
2383
2381
2380
2379
2378
2376
2375
2374
2373
2370
2367
2366
2365
2364
2363
2362
2361
2360
2359
2358
2357
2356
2354
2350
2349
2348
2342
2341
2339
2335
2334
2329
2326
2323
2321
2320
2318
2317
2316
2312
2310
2307
2306
2305
2304
2301
2300
2299
2291
2287
2280
2277
2276
2272
2271
2270
2269
2265
2263
2262
2261
2260
2259
2257
2256
2255
2253
2252
2251
2249
2248
2245
2244
2243
2242
2240
2239
2237
2236
2234
2231
2230
2228
2226
2225
2222
2220
2219
2218
2217
2212
2211
2210
2209
2208
2207
2206
2205
2202
2200
2195
2192
2188
2186
2182
2181
2179
2177
2173
2172
2171
2169
2168
2167
2166
2164
2161
2160
2158
2157
2154
2152
2150
2147
2146
2145
2141
2140
2139
2136
2131
2130
2129
2127
2126
2124
2123
2122
2121
2118
2114
2113
2112
2110
2109
2108
2107
2105
2104
2103
2100
2099
2098
2097
2095
2094
2093
2092
2091
2090
2089
2088
2084
2082
2079
2078
2077
2076
2074
2073
2069
2067
2066
2064
2061
2060
2059
2055
2051
2050
2049
2048
2044
2043
2041
2040
2037
2036
2034
2033
2031
2030
2027
2025
2024
2023
2021
2020
2019
2017
2016
2014
2013
2012
2011
2009
2008
2006
2005
2003
2000
1998
1997
1996
1995
