0
15
4012
3984
668
624
114
1466
1119
1034
3006
3729
210
4006
3983
3999
3981
4037
4014
2204
2431
1956
2158
2263
2168
2167
2634
2402
2421
2321
2651
2281
2628
2105
2622
2120
4004
4002
4038
4036
4035
4034
4033
4032
4030
4029
4028
4027
4026
4025
4024
4023
4022
4021
4020
4019
4018
4017
4016
4015
4013
4011
4010
4009
4008
4007
4005
4003
4001
4000
3998
3997
3996
3995
3994
3993
3992
3991
3990
3988
3987
3986
3985
3982
1950
2639
2050
2000
1980
1958
157
2552
2104
2085
2353
2229
2108
2520
2392
2490
2615
2574
2556
2500
2492
2482
2469
2212
2154
2139
2136
2121
2084
2069
2059
2040
2542
2391
2184
1983
2648
2561
2440
2048
2557
2252
2415
2222
2566
2474
2361
2231
2175
2126
2066
1990
1978
2544
2416
2299
2601
2218
2537
2110
1981
2232
1923
2235
1994
1987
2318
1326
1755
2660
2659
2658
2657
2656
2655
2654
2652
2650
2646
2645
2644
2641
2638
2637
2633
2632
2631
2630
2627
2626
2625
2624
2623
2621
2620
2619
2618
2614
2613
2612
2611
2610
2609
2607
2606
2604
2603
2602
2600
2599
2596
2595
2593
2591
2590
2587
2586
2585
2584
2581
2580
2579
2578
2577
2576
2575
2573
2572
2570
2569
2568
2565
2564
2563
2562
2560
2559
2558
2554
2553
2551
2550
2549
2548
2546
2545
2541
2540
2539
2536
2535
2534
2532
2531
2528
2527
2526
2525
2524
2523
2522
2521
2518
2517
2515
2514
2513
2507
2506
2505
2504
2503
2499
2497
2495
2493
2489
2488
2487
2486
2485
2484
2483
2481
2480
2479
2478
2477
2476
2473
2470
2468
2467
2466
2464
2462
2460
2459
2457
2456
2455
2454
2453
2452
2450
2449
2448
2446
2444
2443
2442
2441
2439
2438
2437
2435
2434
2433
2432
2430
2429
2428
2427
2426
2425
2424
2423
2422
2418
2414
2412
2411
2410
2409
2408
2407
2406
2405
2404
2403
2401
2400
2397
2396
2395
2393
2390
2388
2387
2386
2383
2382
2381
2380
2379
2378
2377
2376
2375
2374
2373
2371
2370
2369
2367
2366
2365
2363
2362
2360
2359
2358
2357
2356
2354
2352
2350
2349
2348
2346
2345
2342
2341
2340
2339
2335
2334
2331
2329
2326
2325
2324
2323
2322
2320
2317
2316
2314
2313
2312
2311
2310
2309
2308
2307
2306
2305
2304
2303
2301
2300
2298
2297
2296
2295
2291
2290
2288
2287
2286
2280
2278
2277
2276
2275
2274
2272
2271
2270
2269
2265
2262
2261
2260
2259
2258
2257
2256
2255
2253
2251
2249
2248
2245
2244
2243
2242
2240
2238
2237
2236
2234
2233
2230
2228
2227
2226
2221
2220
2219
2217
2216
2214
2213
2211
2210
2209
2208
2207
2206
2205
2202
2201
2200
2197
2195
2193
2192
2190
2188
2186
2182
2181
2179
2178
2177
2173
2172
2170
2166
2165
2164
2162
2161
2160
2159
2156
2155
2152
2150
2147
2146
2145
2142
2141
2140
2131
2130
2129
2124
2123
2122
2119
2118
2115
2114
2113
2112
2109
2107
2106
2103
2100
2099
2098
2097
2096
2095
2094
2093
2092
2091
2090
2089
2088
2086
2083
2082
2080
2079
2078
2077
2076
2075
2074
2073
2070
2067
2064
2063
2062
2061
2060
2058
2057
2056
2055
2051
2049
2046
2045
2044
2043
2041
2037
2036
2035
2034
2033
2031
2030
2029
2025
2023
2022
2021
2020
2019
2017
2016
2015
2014
2013
2012
2011
2008
2006
2005
2001
1999
1997
1996
1993
1992
1989
1988
1986
1985
1984
1982
1979
1977
1975
1974
1971
1970
1969
1968
1966
1965
1964
1963
1962
1961
1960
1957
1953
1952
1949
1946
1944
1943
1942
1938
1937
1936
1935
1934
1933
1931
1930
1929
1928
1927
1925
1924
1922
1921
1919
1918
1917
1915
1914
4031
3989
3980
626
625
603
642
662
647
640
573
571
349
380
685
592
372
401
509
393
568
234
256
351
253
145
46
2647
2640
2636
2635
2583
2571
2538
2494
2472
2447
2364
2337
2284
2225
2174
2171
2157
2116
2039
2027
2024
2018
2009
2004
1998
1995
1991
1976
1973
1972
1951
1939
120
262
279
263
102
6
164
296
75
261
260
241
126
33
93
77
106
62
130
76
175
155
124
345
109
118
214
151
28
304
272
203
186
201
65
31
316
204
306
274
617
579
371
533
529
445
383
1967
541
459
2592
2530
2501
2496
2372
2266
2065
1948
1941
125
56
13
1
2653
2475
2399
2330
2254
2250
2185
2148
2127
2087
2052
2032
2003
1955
1947
1926
2649
2643
2642
2629
2617
2616
2608
2605
2598
2597
2594
2589
2588
2582
2567
2555
2547
2543
2533
2529
2519
2516
2512
2511
2510
2509
2508
2502
2498
2491
2471
2465
2463
2461
2458
2451
2445
2436
2420
2419
2417
2413
2398
2394
2389
2385
2384
2368
2355
2351
2347
2344
2343
2338
2336
2333
2332
2328
2327
2319
2315
2302
2294
2293
2292
2289
2285
2283
2282
2279
2273
2268
2267
2264
2247
2246
2241
2239
2224
2223
2215
2203
2199
2198
2196
2194
2191
2189
2187
2183
2180
2176
2169
2163
2153
2151
2149
2144
2143
2138
2137
2135
2134
2133
2132
2128
2125
2117
2111
2102
2101
2081
2072
2071
2068
2054
2053
2047
2042
2038
2028
2026
2010
2007
2002
1959
1954
1945
1940
1932
1920
1916
1913
929
1762
1394
1797
1499
1016
956
912
1443
1202
1896
1884
1697
1627
1713
1759
1640
1439
1489
1696
1089
1186
389
1700
1748
1894
1356
1747
1378
1649
1775
1107
1722
1056
960
1836
1344
1265
1198
1258
1449
1845
1793
980
920
1876
1785
1725
1444
1296
1868
1849
1605
1530
1330
1302
1271
1247
1093
1043
1771
1737
1623
1554
1407
1352
1837
1798
1733
1601
1533
903
1316
1691
1417
1347
1292
1019
994
1576
1103
653
656
1724
1160
1899
1763
1661
1464
1373
1294
1282
1261
1032
984
954
919
560
1435
1912
594
684
682
681
680
679
678
677
675
674
672
671
670
667
666
665
664
663
661
660
659
658
657
655
654
652
650
648
644
643
639
638
636
635
633
632
631
630
628
627
623
622
621
620
619
618
616
615
613
612
611
609
608
607
605
602
600
599
598
597
595
593
589
588
585
584
583
582
581
578
577
576
575
574
556
1343
676
673
634
614
587
586
511
1490
1408
1506
1425
1332
669
521
463
455
436
368
1844
1692
1543
1514
1075
606
601
471
1025
572
570
569
565
564
562
558
557
555
554
553
552
551
550
549
548
547
546
545
544
543
540
539
538
536
535
534
532
531
530
528
527
523
522
519
518
516
515
514
512
510
508
507
506
505
504
503
502
501
500
499
498
496
495
494
493
491
490
489
488
487
486
485
482
481
480
479
478
477
476
474
473
470
469
468
467
466
464
462
461
458
457
454
453
452
450
449
448
447
446
444
443
442
441
440
438
437
435
434
433
432
431
430
429
427
426
425
424
423
422
421
418
416
415
413
411
410
409
408
407
406
405
404
403
399
398
397
396
394
392
390
386
385
384
382
381
379
378
377
375
373
369
367
365
364
362
361
359
358
357
356
355
354
352
350
347
346
344
343
342
341
340
339
338
337
336
335
334
333
332
331
330
329
328
327
326
325
324
323
322
321
320
319
318
317
315
314
313
312
311
310
309
308
307
305
303
302
301
300
