1912
107
2142
1684
2073
2240
3437
2218
1352
2611
1943
2507
2347
1126
1946
2352
1059
2104
0
348
1926
2543
1966
1255
2630
2054
1547
1377
1663
2510
2078
1971
1714
1604
1941
1621
2748
2282
1955
2550
2309
559
1391
1491
483
637
2365
1146
2966
2339
1211
2047
2410
3280
2446
2328
2184
828
2786
1175
1799
2521
2199
1199
1449
997
3348
1923
1345
1861
252
2111
1570
3397
2356
3154
2655
2150
1772
398
2866
1718
1323
3860
1995
1380
3526
642
697
1184
953
1052
3027
2560
1920
136
1637
492
1021
3201
1929
2133
3188
2488
3038
2005
3486
3819
2928
1636
3841
3108
465
1880
2045
2414
1115
2737
357
641
2254
1462
2135
787
1823
1163
428
3901
294
3256
2018
1973
1548
2117
2950
630
1736
686
3019
1716
1433
2664
116
2960
1786
2880
3818
2153
2225
1661
2877
1761
342
1049
1703
2423
393
358
2006
3807
1746
3033
989
909
834
3938
3011
200
1758
3272
2582
606
1480
2452
3516
1360
82
3150
2511
1025
2120
60
3828
2763
3090
3137
3185
2390
3136
1339
580
1740
1419
3611
3181
2911
2369
1036
1881
3132
1365
201
1820
2196
3442
3493
104
1871
960
2514
2112
2063
2211
968
1446
1724
878
729
2081
4016
3682
1257
10
681
2506
3095
2793
1256
747
1245
2910
2248
481
391
1390
3025
3470
3495
3302
2668
1738
520
2235
1624
2322
3456
3399
2427
3830
1597
3857
1730
3925
272
2358
1023
2501
129
1121
2585
3482
3298
2032
2956
4038
2186
3196
1647
1263
3178
3168
2896
565
414
2873
2590
240
1183
1839
1357
1599
843
1303
2259
1893
1013
3239
4004
2901
96
1283
2105
1394
1883
3257
592
2348
1089
3634
3358
1627
1198
3146
204
2840
2953
2835
2151
3782
199
1900
1197
2193
366
2088
2523
2730
3596
2651
1395
2538
983
3060
1680
2915
2130
3838
618
1072
2871
3374
1785
3903
3982
3345
3008
487
3275
360
3571
1425
2970
1112
845
3958
3156
2822
3632
3210
19
2076
3998
1436
724
1990
2874
1578
2433
916
1987
1919
923
1781
3522
555
940
2972
3475
2583
3604
2635
2353
3713
3320
81
3327
387
355
3007
1764
755
2156
1882
1588
215
2891
1739
3047
2878
2744
455
3724
1117
44
30
1721
2903
3791
3636
1461
1301
3904
2533
423
1028
1485
187
3056
2985
3577
57
2476
798
1011
822
1261
1906
3871
764
1587
1417
1670
397
1452
3869
3162
349
350
479
1534
2704
540
1802
3074
975
692
2128
947
1815
3800
408
496
1157
3672
1643
980
2312
2477
2743
3335
503
2474
3969
3521
3342
3124
1212
684
3073
1961
877
3266
2241
2024
2939
2275
2561
2223
777
2867
2633
162
2122
1725
2731
645
1821
2846
779
2594
2597
3171
3661
736
3465
870
3751
3229
3319
2588
3932
8
1450
2470
2979
43
2996
4017
598
3649
3793
495
480
835
3691
3481
3462
2577
1202
2982
926
1215
477
1470
185
49
2035
3524
4000
3716
3886
1916
2394
1228
14
3098
2613
950
3492
3624
1633
978
3248
1017
1899
3331
2882
1129
1634
3089
1942
3674
2680
1424
3949
27
1600
3207
994
2929
1672
1382
1114
939
2992
18
874
2517
2990
2758
1370
2677
639
1775
301
1682
1322
1708
738
126
2416
312
3160
1771
700
3899
2948
2660
1568
3555
1538
1847
3878
2405
1690
2917
3147
2995
3545
3816
3753
2826
142
306
3771
2202
2932
3695
2695
3219
47
2270
825
3270
3670
3383
2795
2691
3909
73
69
3772
644
2119
103
2126
3626
3017
3954
1858
2738
1195
748
3959
172
3945
654
2482
3547
3907
3848
345
3850
3564
1348
3600
3882
794
1405
2340
2849
3339
2705
72
1874
3859
3155
333
214
1947
739
1156
516
1489
954
3228
2764
879
707
3778
1237
2343
1142
648
2
1075
2658
3149
222
1018
3177
2144
2149
2031
3130
2064
447
2640
292
3405
2981
1933
3215
3013
371
3558
3446
679
649
58
943
3702
400
1626
3870
177
560
273
772
1476
2711
3242
3532
21
309
1298
1975
2821
1706
489
3224
1162
1294
3708
46
299
2147
3861
3511
3769
3963
1822
3326
416
2155
3079
2723
3448
1991
2879
915
1314
3766
892
433
3843
865
141
1965
266
1745
1806
2067
773
3122
2044
716
4029
3517
3812
750
474
1044
277
410
1451
1222
3553
2812
1812
469
2637
2479
1827
2376
3415
322
3042
3738
4024
3119
625
3833
1748
610
3654
1371
2806
373
2936
3195
3737
3028
988
932
872
2967
3259
80
1154
1751
305
1541
3648
1078
3102
841
4031
198
1392
1863
1729
2217
1165
3360
2760
887
3681
1494
3317
657
262
3192
3164
2198
1368
2177
1711
1934
823
3214
2856
1999
2169
758
3996
2699
821
3264
646
1924
3981
1278
1958
147
331
2650
2441
3381
209
730
612
247
2894
704
2497
1531
3965
2420
3663
883
1652
1349
3984
524
965
1070
873
2338
3968
3388
1562
3652
3587
3378
3246
2860
3430
3894
3846
1783
427
2049
1073
1695
3077
1464
1760
1472
2396
137
25
436
3739
2790
1598
1849
2706
3667
507
3435
2907
1528
651
1756
2323
737
2646
2899
702
576
1546
2672
180
918
403
1272
384
125
3439
761
3091
1805
1027
2807
2134
1970
3572
2342
3454
3285
3186
3241
643
2922
1096
2273
3888
3426
389
386
805
768
2509
1938
543
1463
2170
2984
3561
2531
2818
3145
820
48
523
2490
3255
2938
670
3297
308
3211
3985
117
2733
1458
1244
2272
556
1685
3240
3282
752
712
1282
1396
160
1860
202
383
3310
3366
582
1705
3811
875
2080
2406
2975
3542
2584
2852
2811
3198
2159
4007
3690
3218
3832
3556
1337
1123
1000
2589
86
2091
241
79
2299
