107
701
4030
4016
356
904
3218
2595
4010
4037
216
4033
233
585
286
3798
892
112
4035
4036
1027
3200
83
235
4011
4008
886
219
3439
209
287
3978
2175
852
467
608
4012
3953
181
472
114
613
2704
3575
873
228
3865
1254
2792
448
145
234
841
3632
2842
292
3560
3849
3125
3816
2541
3977
2740
1797
2457
2767
3911
164
3031
264
411
857
377
3946
3183
2256
825
3787
3494
3888
3749
19
2558
3699
3513
2857
2732
860
628
2528
750
3871
987
4005
174
3986
2483
3883
3653
3583
3834
81
3493
2166
3880
4014
3985
3689
3981
1094
4006
3989
301
3492
3935
801
230
2219
47
120
2580
206
293
2051
1950
344
358
2316
166
196
305
3202
165
167
598
129
589
663
3847
2656
3996
4022
371
3453
3666
221
42
661
4032
295
2358
883
789
875
3775
699
691
788
775
744
689
869
2008
1762
769
1008
735
767
3278
1050
895
2882
802
1038
2671
535
1996
1579
3686
3974
406
1698
189
1476
2441
2569
1690
2562
3268
276
909
3582
3548
3801
899
3939
1834
1967
480
3807
1176
1013
3388
3732
468
3964
3650
3305
607
1700
1937
3922
3322
89
1974
1200
2805
3901
2834
2900
911
270
581
918
3925
2195
3765
3044
3955
3245
2860
3709
910
3727
979
1731
2852
3165
1138
832
1445
1748
15
435
3856
336
1276
1251
1141
1775
3055
3127
3704
3282
655
3839
49
3143
35
3694
262
1034
61
2971
986
453
1586
2245
2178
2692
1071
3744
70
3562
12
3134
2596
1253
2442
3781
692
182
602
282
151
1854
1053
76
335
71
427
240
117
3408
638
3451
349
260
263
1856
2952
955
1326
498
192
3147
1057
1776
912
3530
2505
95
2886
1301
961
1822
3222
746
818
3805
3916
202
2402
97
3991
3994
3621
3919
3516
3594
2621
3251
3372
2902
3180
3131
2930
2632
2375
2100
3923
889
876
753
729
868
3626
110
3813
3314
179
3037
872
867
776
3872
3950
4
218
273
328
195
78
499
532
437
572
855
798
717
3638
3848
3799
3647
147
237
3141
2861
3181
2799
3122
2975
3105
1890
1105
1627
3999
4018
3998
3997
256
4020
2776
3216
3354
3053
3290
2885
64
171
58
269
4007
3990
4025
4019
4021
3982
4000
3988
3995
4009
4004
4038
4013
4017
4031
4023
667
4029
4027
4026
4024
4002
3993
3984
594
3980
4003
4015
4001
3992
4034
3987
4028
3983
887
874
859
878
707
796
885
771
791
861
736
768
816
822
877
757
714
712
864
879
811
716
880
732
850
761
844
690
709
840
792
765
740
722
779
854
851
846
839
837
833
812
806
799
749
743
742
723
704
702
884
882
871
865
786
808
700
835
856
780
849
826
770
737
703
759
730
710
845
803
728
764
756
726
719
708
727
819
804
797
836
809
793
748
739
782
777
731
848
830
824
721
694
843
693
688
687
813
738
831
711
734
754
686
814
766
698
829
772
755
695
838
815
807
783
774
741
834
828
817
794
790
787
760
752
751
720
706
847
827
820
805
800
784
778
763
762
758
718
713
697
823
795
724
853
842
821
810
781
747
745
705
696
773
725
858
888
863
870
881
894
890
866
715
733
893
891
785
3751
225
333
20
3504
3551
399
3720
3874
3863
3802
3572
3510
3623
3927
3768
3932
143
86
220
289
226
44
3544
3487
3761
3502
3547
623
501
3931
3895
3879
3757
3907
3615
3696
3641
3965
3519
3882
3445
3868
3657
3754
3483
3724
3904
3763
3498
3710
3735
3920
3675
3612
3837
3843
3875
3740
3706
3690
3546
3915
3602
3914
3818
3878
3726
3835
3663
3869
3458
3909
3777
3591
3511
3921
3773
3769
3629
3463
3786
3620
3685
3442
3825
3881
3668
3771
3532
3782
3524
3945
3561
3616
80
194
5
278
306
180
312
193
279
254
101
343
310
28
2286
2204
2349
2146
2105
1922
2503
2513
1924
3934
3559
3452
3462
3681
3522
3496
3457
3474
3503
3864
3523
3481
3970
3454
3712
619
522
459
198
3444
3764
3460
3655
3515
3918
3708
3701
3941
3680
3646
3917
3743
3937
3866
3821
3803
3569
3509
3664
3543
3753
3472
3973
3900
3486
3482
3867
3636
3791
3766
3508
3635
3485
3933
3759
3476
3671
3892
3819
3725
3567
3617
3464
3518
3584
3792
3806
3728
3599
3447
3581
3660
3862
3455
3960
3500
3478
3975
3836
3571
3465
3870
3829
3810
3628
3887
3705
3564
3535
3662
3752
3634
3601
3568
3468
3466
3876
3713
3592
3556
3470
3896
3855
3826
3822
3794
3758
3714
3648
3631
3593
3827
3747
3722
3698
3553
3947
3793
3940
3969
3719
3676
3695
3649
3639
3526
3614
3469
3956
3645
3630
3554
3716
2838
92
309
307
187
266
204
24
79
103
96
300
57
135
36
6
227
175
330
249
149
116
115
17
259
102
137
111
317
191
299
155
214
41
152
326
2403
2034
2236
2614
2342
2650
2444
2170
2320
1956
2622
2448
1960
2091
2453
2265
2360
1944
2523
2114
2524
2587
2481
2160
1952
2016
2035
2314
2570
2341
2248
2337
2659
2346
1935
2050
2022
2193
2023
2534
2416
2076
1988
2019
1031
3683
3618
3552
3731
3762
3475
3838
3557
3573
3450
3795
3563
3928
3520
3796
3760
3860
3461
3596
3609
3603
3574
3891
3845
3703
3640
3627
3576
3527
3488
3512
3484
3788
3824
3804
3779
3670
3654
3578
3858
3542
3831
3651
3604
3736
3929
3540
3577
3800
3525
3448
3889
3830
3693
3491
1046
1372
626
605
621
632
582
577
670
578
595
664
658
529
518
454
441
552
393
3742
3976
3972
3967
3961
3959
3958
3957
3951
3943
3930
3924
3913
3912
3906
3903
3898
3884
3859
3850
3846
3840
3833
3832
3815
3809
3790
3789
3785
3784
3783
3778
3776
3774
3770
3767
3739
3738
3737
3733
3730
3718
3711
3707
3688
3687
3682
3679
3673
3665
3658
3652
3643
3642
3633
3624
3613
3610
3608
3607
3600
3597
3595
3590
3587
3579
3566
3558
3555
3549
3541
3537
3534
3531
3529
3528
3521
3517
3514
3506
3505
3501
3499
3497
3490
3489
3479
3473
3471
3459
3443
1168
424
509
380
551
457
141
178
168
60
3
274
281
184
159
247
84
75
69
22
318
242
118
50
261
258
223
298
308
251
127
66
40
265
231
51
62
302
257
94
268
252
323
31
10
303
297
207
133
7
346
338
331
320
319
296
275
250
248
243
215
212
205
163
157
144
140
139
130
128
123
109
99
93
91
88
68
59
53
48
45
43
32
23
16
14
2
2197
1934
2612
2277
1978
2493
2220
2258
2476
2454
2162
2641
2577
2120
1969
2566
1982
2440
2186
2599
2298
2628
2422
2130
2089
2080
2568
246
156
125
87
2322
1977
2635
2401
2207
2400
2312
2305
2062
2048
1961
2208
2099
2389
2070
2494
2364
2284
2648
1957
2480
2085
2613
2107
1936
1979
2450
2113
2515
2281
1992
2527
2369
2237
2620
2317
2584
1928
2260
2156
2119
2373
2228
2606
2499
2092
2618
2361
2181
2082
2406
1997
2043
1913
2651
2557
2141
2036
2432
2252
2624
2214
2350
2288
2044
1942
2238
2554
2392
2098
2131
2115
2090
1946
1925
2263
2104
2296
2272
2270
2366
2061
1921
2185
2310
1965
2225
2231
2625
2504
2391
2124
2073
1971
2357
2655
2611
2506
2271
2201
2172
2164
2109
2088
1984
2096
2354
2352
1989
2365
2145
2018
2012
1999
2590
2576
2383
2139
2121
2060
2020
2535
2303
2147
2057
2646
2630
2408
2356
2275
2078
2074
2069
2040
1983
2637
2362
2658
2585
2192
2009
2001
2276
2657
2600
2574
2549
2546
2521
2520
2495
2492
2469
2409
2386
2311
2046
1986
1918
2405
2654
2638
2550
2482
2464
2395
2376
2359
2326
2287
2216
2215
2165
2084
2056
2005
2027
2006
1973
1931
2488
2474
2397
2173
2538
2435
2378
2025
2013
2004
1995
1919
1914
2652
2452
2607
2578
2410
2306
2278
2093
2077
2033
2626
2583
2097
2000
1998
2660
2647
2645
2640
2633
2171
2157
1991
1976
1968
1927
2497
2129
2335
2049
2604
2586
2575
2556
2553
2532
2334
2323
2300
2290
2190
2179
2140
1943
1929
2551
2133
2526
2507
2485
2433
2423
2381
2308
2307
2261
2257
2253
2213
2188
2108
2083
2045
1962
2426
2490
2531
2429
2274
2581
2324
2055
2414
2387
2240
2102
2086
2063
2473
2561
2560
2478
2462
2430
2428
2285
2229
2103
2059
1964
1938
2699
1165
516
357
3968
3944
3667
3971
3625
3966
3902
3750
3702
3611
3605
3533
3438
3948
3741
3672
3586
3550
3495
3440
862
3828
3545
3873
3841
3734
3674
3656
3480
3456
3938
3926
3852
3851
3842
3817
3780
3721
3677
3449
1815
1829
1064
1664
1194
1356
1111
1739
1378
654
618
684
622
603
568
640
583
584
611
681
588
573
644
650
647
675
665
662
615
600
617
612
643
429
372
1831
666
382
478
530
403
685
620
593
449
586
421
562
541
477
369
445
365
571
570
564
534
464
447
385
384
364
3861
3723
3437
610
531
410
1385
1093
519
505
486
469
416
381
528
347
340
146
291
224
106
104
38
342
222
172
158
200
153
67
148
324
150
185
176
113
85
345
285
272
236
55
26
199
169
121
65
29
313
304
290
277
271
239
238
232
213
211
203
98
72
63
21
13
25
341
334
329
315
186
170
161
142
30
322
0
2003
1940
1697
1411
1171
2605
2540
2525
2425
2242
2031
1981
2518
2449
