0
4032
607
4022
4010
3987
743
3856
883
911
244
1834
2481
3801
209
1270
37
3570
2269
2483
234
3071
3688
3650
3885
74
918
233
1466
2595
282
4001
4006
4007
3990
3992
3986
4037
3988
4038
4036
4035
4034
4033
4031
4029
4027
4026
4025
4020
4017
4016
4014
4013
4012
4008
4005
4004
4003
4002
4000
3999
3996
3995
3993
3991
3989
3985
3984
3983
4030
4023
4021
4019
4018
4009
3998
3994
3982
3981
3980
3997
702
785
822
839
791
789
732
782
707
768
841
808
806
802
796
790
788
775
767
757
749
744
725
717
714
712
699
692
691
689
716
836
704
854
786
742
812
821
771
740
851
846
826
737
761
710
832
734
855
852
877
874
872
867
843
811
720
735
837
783
770
763
754
687
799
795
762
723
715
711
700
804
853
849
817
756
733
705
850
847
833
829
818
816
813
794
784
778
773
752
751
746
738
736
722
706
690
830
814
797
755
845
838
831
824
809
807
793
792
787
779
764
759
758
748
741
739
730
728
718
709
686
890
848
844
842
835
834
827
823
820
815
800
781
780
777
772
766
765
760
731
727
726
724
721
701
696
695
694
693
688
881
858
895
894
893
891
889
888
887
886
885
884
882
880
879
878
876
873
870
869
866
864
863
861
859
856
840
828
825
819
810
805
803
798
776
774
769
753
747
745
729
719
713
708
703
697
3691
871
868
865
698
3597
3916
3457
3854
3887
3560
3899
3519
3507
3717
3647
3572
3957
3571
3494
3836
3708
3579
3476
3465
3958
3911
3502
3901
3537
3620
3787
3689
3878
3834
3848
3660
3933
3696
3558
3539
3827
3811
3859
3770
3564
3467
3504
3483
3511
3896
3959
3920
3809
3641
3535
3976
3909
3493
3627
3883
3791
3783
3747
3482
3778
3520
3459
3652
3829
3612
3680
3956
3937
3931
3881
3786
3782
3768
3568
3443
3969
3792
3506
3876
3773
3735
3710
3663
3629
3505
3498
3442
3790
3528
3788
3737
3894
3531
3743
3949
464
4015
3904
3849
3742
3566
3551
3487
3673
2528
2251
2130
1915
2558
2082
2321
2067
2565
2311
2622
1922
2650
2444
2207
1924
2349
2403
2360
2119
2265
2162
2089
2281
2077
2314
2317
2129
2120
2237
2136
399
476
2014
1950
2659
2013
1927
1914
183
270
2270
2066
2639
2000
1968
2584
2478
2573
2517
2291
2256
1965
1930
1999
2552
2340
2258
1963
2170
1969
2423
2407
2309
2131
1997
1983
1929
2171
2624
2606
2563
2554
2476
2454
2418
2370
2369
2359
2354
2353
2350
2257
2216
2212
2210
2139
2112
2103
2098
2074
2069
2060
2056
2045
2037
1984
1942
2362
2480
2242
2312
2525
2155
2432
2048
2304
2637
2581
2580
2557
2503
2453
2425
2416
2310
2305
2277
2248
2214
2193
2141
1944
2646
2449
2428
2259
2234
2218
2147
1981
2572
2274
2110
1985
1970
2630
2625
2602
2601
2600
2578
2561
2526
2507
2410
2379
2363
2306
2300
2240
2233
2229
2188
2108
2059
2046
2033
2002
1979
1946
1926
2235
3628
3670
3661
3902
3605
3574
3979
857
3785
3860
3667
3550
3526
3491
3847
3839
3828
3693
3592
3547
3496
3480
3779
862
3944
3780
3825
3803
3554
3521
3950
3573
3512
3674
3484
3858
3841
3687
3618
3557
3545
3514
3448
3938
3851
3805
3734
3703
3495
3978
3977
3975
3974
3973
3972
3971
3970
3968
3967
3966
3965
3964
3963
3960
3955
3954
3953
3952
3951
3947
3946
3945
3942
3941
3940
3939
3936
3935
3934
3932
3930
3929
3928
3927
3926
3925
3924
3923
3922
3921
3919
3918
3917
3915
3914
3913
3912
3910
3908
3907
3906
3905
3903
3900
3898
3897
3895
3893
3892
3891
3890
3889
3888
3886
3884
3882
3880
3879
3875
3874
3873
3871
3870
3869
3868
3867
3866
3865
3864
3863
3862
3857
3855
3852
3850
3846
3845
3844
3843
3842
3840
3838
3837
3835
3833
3832
3831
3830
3826
3824
3823
3822
3821
3820
3819
3818
3817
3816
3815
3814
3813
3812
3810
3808
3807
3806
3804
3802
3800
3799
3798
3796
3795
3794
3793
3789
3784
3781
3777
3776
3775
3774
3772
3771
3769
3767
3766
3765
3764
3763
3762
3761
3760
3759
3758
3757
3755
3754
3753
3752
3751
3749
3748
3746
3745
3744
3740
3739
3738
3736
3733
3732
3731
3730
3729
3728
3727
3726
3725
3724
3722
3720
3719
3718
3716
3715
3714
3713
3712
3711
3707
3706
3705
3704
3702
3701
3700
3699
3698
3697
3695
3694
3690
3686
3685
3683
3682
3681
3679
3678
3676
3675
3672
3671
3669
3668
3666
3665
3664
3662
3659
3658
3657
3656
3655
3654
3653
3651
3649
3648
3646
3645
3644
3643
3642
3640
3639
3638
3637
3636
3635
3634
3633
3632
3631
3630
3626
3625
3624
3623
3622
3621
3619
3617
3616
3615
3614
3613
3611
3610
3608
3607
3606
3604
3603
3602
3601
3600
3599
3598
3596
3595
3594
3593
3591
3590
3589
3588
3587
3586
3585
3584
3583
3582
3581
3580
3578
3576
3575
3569
3567
3565
3563
3562
3559
3555
3553
3552
3549
3548
3546
3544
3543
3542
3541
3540
3538
3536
3534
3533
3532
3530
3529
3527
3524
3523
3522
3518
3517
3516
3515
3513
3510
3509
3508
3503
3500
3499
3497
3492
3490
3489
3488
3486
3485
3481
3479
3478
3477
3475
3474
3473
3472
3471
3470
3469
3468
3466
3464
3463
3462
3461
3460
3458
3455
3453
3452
3450
3449
3447
3446
3445
3444
3441
3439
3438
2582
2267
2032
2031
552
384
628
4011
659
670
662
578
622
605
470
466
429
448
654
372
679
3961
3861
3723
3454
610
354
532
455
472
495
548
502
498
491
572
571
568
562
550
540
535
533
530
529
522
521
505
499
489
486
485
481
478
477
474
468
467
458
454
453
450
445
443
437
435
421
418
411
406
403
401
386
383
382
379
377
371
365
362
358
356
352
351
349
2658
2657
2656
2655
2654
2652
2651
2649
2648
2645
2644
2641
2638
2634
2633
2632
2631
2628
2627
2626
2623
2621
2620
2619
2618
2615
2614
2613
2612
2611
2610
2609
2607
2604
2603
2599
2596
2594
2593
2592
2591
2590
2587
2586
2585
2579
2577
2576
2575
2574
2571
2570
2568
2566
2564
2562
2560
2559
2556
2553
2551
2550
2549
2548
2546
2545
2544
2543
2541
2540
2539
2537
2536
2535
2534
2532
2531
2530
2527
2524
2523
2522
2521
2520
2518
2515
2514
2513
2506
2505
2504
2501
2500
2499
2498
2497
2495
2493
2492
2490
2489
2488
2487
2486
2485
2484
2482
2479
2477
2474
2473
2469
2468
2467
2466
2465
2464
2462
2461
2460
2456
2455
2452
2450
2448
2447
2446
2443
2442
2441
2440
2439
2438
2437
2435
2434
2433
2431
2430
2429
2427
2426
2424
2422
2421
2415
2414
2413
2412
2411
2409
2408
2406
2405
2404
2402
2401
2400
2397
2396
2395
2393
2392
2391
2390
2388
2387
2386
2383
2382
2381
2380
2376
2375
2374
2373
2371
2367
2366
2365
2364
2361
2358
2357
2356
2352
2348
2346
2345
2342
2341
2339
2335
2334
2331
2330
2329
2326
2325
2324
2323
2322
2320
2318
2316
2313
2308
2307
2303
2301
2299
2297
2296
2290
2288
2287
2286
2280
2278
2276
2275
2272
2271
2263
2262
2261
2260
2255
2253
2252
2249
2245
2244
2243
2238
2236
2232
2231
2230
2228
2227
2226
2222
2221
2220
2219
2217
2213
2211
2209
2208
2206
2205
2204
2202
2201
2200
2197
2195
2192
2190
2186
2185
2184
2182
2181
2179
2178
2177
2176
2175
2173
2172
2168
2167
2166
2165
2164
2163
2161
2160
2159
2158
2156
2154
2152
2150
2146
2145
2142
2140
2135
2126
2124
2123
2122
2121
2118
2115
2114
2113
2109
2107
2106
2105
2104
2102
2101
2100
2099
2097
2096
2095
2094
2093
2092
2091
2090
2088
2086
2085
2084
2083
2080
2079
2078
2076
2075
2073
2070
2065
2064
2063
2061
2058
2057
2055
2051
2050
2049
2044
2043
2041
2040
2036
2035
2034
2030
2029
2025
2023
2022
2021
2020
2019
2017
2016
2015
2012
2011
2010
2008
2006
2005
2003
1998
1996
1993
1992
1990
1989
1988
1987
1986
1982
1980
1978
1977
1975
1974
1971
1966
1964
1962
1961
1960
1958
1957
1956
1953
1952
1949
1948
1943
1938
1937
1936
1935
1934
1933
1931
1928
1925
1923
1921
1919
1918
1917
81
97
564
501
441
393
364
61
90
86
202
4
100
64
46
35
2660
2647
2640
2636
2635
2589
2583
2538
2494
2491
2475
2459
2378
2337
2319
2284
2264
2254
2225
2224
2157
2143
2127
2116
2071
2039
2027
2024
2018
2009
2004
2001
1995
1991
1976
1973
1972
1955
1951
1939
191
135
16
28
50
278
68
23
327
57
336
164
51
249
101
218
294
85
341
290
222
221
27
266
254
24
192
320
1
151
14
117
309
338
329
82
332
133
128
62
280
231
224
185
158
141
113
94
73
334
322
297
277
203
197
108
44
289
138
137
313
239
211
199
172
98
65
245
201
291
22
315
213
87
283
228
200
188
9
149
2975
2653
2642
2629
2617
2616
2608
2605
2598
2588
2567
2547
2529
2519
2512
2511
2510
2502
2472
2471
2463
2451
2445
2436
2419
2417
2394
2389
2377
2372
2368
2355
2351
2344
2343
2336
2327
2298
2295
2294
2292
2289
2285
2279
2273
2246
2241
2215
2189
2183
2174
2151
2144
2137
2133
2117
2087
2081
2072
2068
2062
2053
2052
2038
2026
1994
1954
1947
1945
1940
1932
1916
1913
1395
119
1262
1510
1162
2643
2597
2555
2542
2533
2516
2509
2508
2496
2458
2420
2399
2398
2385
2384
2347
2338
2333
2332
2328
2315
2302
2293
2283
2282
2268
2266
2250
2247
2239
2223
2203
2199
2198
2196
