0
638
607
668
2470
891
624
4001
216
4029
2569
335
209
875
3820
292
892
3451
1206
15
3853
215
2596
18
3570
1834
608
3748
3729
1145
1119
1560
12
3230
1096
911
3974
3650
1581
692
602
2842
1466
358
11
3798
114
74
674
4035
4015
2457
4008
883
3031
2079
37
3935
3709
3453
3071
2269
43
447
210
1386
287
4010
550
3183
4022
801
585
4024
918
613
2195
3856
3984
256
3987
3746
282
4012
3407
233
642
3846
3268
244
42
1224
443
33
581
286
145
3983
2857
2740
2382
47
4036
4006
3282
3125
1176
90
52
3408
2541
1065
305
279
1690
1430
1262
2814
2704
1558
699
401
234
70
35
3959
3942
3885
3854
860
750
648
377
138
4028
3732
3006
2788
775
744
379
4034
4032
3808
1326
316
267
241
205
154
3589
183
153
3134
1854
1270
841
749
255
3704
160
3688
1755
1395
468
3879
3875
1967
1233
859
3922
3807
1394
1276
3801
179
2792
3717
3575
3037
1046
1027
411
157
76
4005
3955
3816
3744
3689
2998
2808
2691
2483
1071
454
448
383
294
293
228
191
155
97
81
3991
3733
3582
3375
2975
2952
2922
2798
2595
2380
1693
1586
1362
904
743
660
656
386
356
321
247
164
112
3765
3560
3467
3143
2860
2714
2481
2442
2168
1937
1353
1252
1057
899
868
855
854
785
717
667
572
499
336
301
270
253
207
202
190
182
124
71
27
4038
4037
4033
4031
4030
4027
4026
4025
4023
4021
4020
4019
4018
4017
4016
4014
4013
4011
4009
4007
4004
4003
4002
4000
3999
3998
3997
3996
3995
3994
3993
3992
3990
3989
3988
3986
3985
3982
3981
3980
3979
3978
3977
3976
3975
3973
3972
3971
3970
3969
3968
3967
3966
3965
3964
3963
3962
3961
3960
3958
3957
3956
3954
3953
3952
3951
3950
3949
3948
3947
3946
3945
3944
3943
3941
3940
3939
3938
3937
3936
3934
3933
3932
3931
3930
3929
3928
3927
3926
3925
3924
3923
3921
3920
3919
3918
3917
3916
3915
3914
3913
3912
3911
3910
3909
3908
3907
3906
3905
3904
3903
3902
3901
3900
3899
3898
3897
3896
3895
3894
3893
3892
3891
3890
3889
3888
3887
3886
3884
3883
3882
3881
3880
3878
3877
3876
3874
3873
3872
3871
3870
3869
3868
3867
3866
3865
3864
3863
3862
3861
3860
3859
3858
3857
3855
3852
3851
3850
3849
3848
3847
3845
3844
3843
3842
3841
3840
3839
3838
3837
3836
3835
3834
3833
3832
3831
3830
3829
3828
3827
3826
3825
3824
3823
3822
3821
3819
3818
3817
3815
3814
3813
3812
3811
3810
3809
3806
3805
3804
3803
3802
3800
3799
3797
3796
3795
3794
3793
3792
3791
3790
3789
3788
3787
3786
3785
3784
3783
3782
3781
3780
3779
3778
3777
3776
3775
3774
3773
3772
3771
3770
3769
3768
3767
3766
3764
3763
3762
3761
3760
3759
3758
3757
3756
3755
3754
3753
3752
3751
3750
3749
3747
3745
3743
3742
3741
3740
3739
3738
3737
3736
3735
3734
3731
3730
3728
3727
3726
3725
3724
3723
3722
3721
3720
3719
3718
3716
3715
3714
3713
3712
3711
3710
3708
3707
3706
3705
3703
3702
3701
3700
3699
3698
3697
3696
3695
3694
3693
3692
3691
3690
3687
3686
3685
3684
3683
3682
3681
3680
3679
3678
3677
3676
3675
3674
3673
3672
3671
3670
3669
3668
3667
3666
3665
3664
3663
3662
3661
3660
3659
3658
3657
3656
3655
3654
3653
3652
3651
3649
3648
3647
3646
3645
3644
3643
3642
3641
3640
3639
3638
3637
3636
3635
3634
3633
3632
3631
3630
3629
3628
3627
3626
3625
3624
3623
3622
3621
3620
3619
3618
3617
3616
3615
3614
3613
3612
3611
3610
3609
3608
3607
3606
3605
3604
3603
3602
3601
3600
3599
3598
3597
3596
3595
3594
3593
3592
3591
3590
3588
3587
3586
3585
3584
3583
3581
3580
3579
3578
3577
3576
3574
3573
3572
3571
3569
3568
3567
3566
3565
3564
3563
3562
3561
3559
3558
3557
3556
3555
3554
3553
3552
3551
3550
3549
3548
3547
3546
3545
3544
3543
3542
3541
3540
3539
3538
3537
3536
3535
3534
3533
3532
3531
3530
3529
3528
3527
3526
3525
3524
3523
3522
3521
3520
3519
3518
3517
3516
3515
3514
3513
3512
3511
3510
3509
3508
3507
3506
3505
3504
3503
3502
3501
3500
3499
3498
3497
3496
3495
3494
3493
3492
3491
3490
3489
3488
3487
3486
3485
3484
3483
3482
3481
3480
3479
3478
3477
3476
3475
3474
3473
3472
3471
3470
3469
3468
3466
3465
3464
3463
3462
3461
3460
3459
3458
3457
3456
3455
3454
3452
3450
3449
3448
3447
3446
3445
3444
3443
3442
3441
