107
805
3790
0
2699
3837
3980
3655
3325
895
885
3679
4031
2933
3998
3637
3581
2650
3538
4030
3844
143
1346
884
93
3165
4013
131
35
321
1147
3885
68
3439
3847
220
2855
3959
3899
3620
3923
3780
955
665
4037
454
3652
28
2774
587
187
3767
91
386
3879
377
3649
275
1328
1961
29
3544
2691
476
1693
2230
2596
3537
230
447
3909
2893
799
3839
1967
3180
295
11
3778
742
1368
879
3638
256
3429
4023
225
218
3982
3992
540
1562
2089
3452
3868
618
3811
499
139
2513
818
1654
3030
3075
2850
3370
2798
3130
2697
2957
2983
3200
3218
2979
3354
71
2301
3779
3012
464
4027
3814
3536
707
877
52
3423
806
3461
1442
1224
1354
3032
3641
3552
3505
2014
3740
108
446
3771
1145
3990
2181
652
381
2263
1403
3978
1410
138
83
3985
3579
626
380
1213
3487
1094
689
1169
1477
401
406
1264
1762
3864
812
1949
857
2487
3582
2405
642
1200
2898
770
1384
2245
855
1262
1838
269
3732
3955
3861
217
2952
171
4001
3467
42
2453
1711
522
2505
198
362
1202
1254
1239
2752
3271
998
49
655
769
3728
192
3878
571
2091
2671
692
3128
2971
2113
2814
448
70
166
3333
210
631
1815
294
1599
929
1326
189
1529
909
3813
3530
654
3701
928
509
4016
320
3472
3840
3512
3241
1087
712
639
2120
3061
3308
3011
802
2170
1251
1625
3857
4017
3986
195
4
3994
2926
3952
409
3372
3181
3432
3389
383
97
307
3664
1760
399
789
3888
1252
1301
3695
3894
245
1664
1443
656
20
684
627
632
1422
1266
3290
1043
3749
3519
3626
371
3513
3801
175
299
3807
825
3436
227
3572
667
3616
3724
4021
3006
851
1417
3746
3541
3892
3628
2238
2202
311
1829
3083
3613
159
3674
3565
3981
3310
1552
2702
3091
2727
765
3376
2813
3262
2685
1534
3451
2995
3050
3312
3135
2789
2892
3401
2903
2847
3192
2772
2784
2937
3199
2753
2964
2795
3285
2678
3110
1000
2975
3214
3317
2838
1586
1481
2595
3231
3229
2731
3009
3254
3349
3112
2797
3367
794
3086
3798
2779
3421
3402
3305
3183
2481
3003
1140
2804
3970
3260
2802
2692
3645
3484
1779
3155
1974
1109
3585
3624
889
867
873
3854
1119
1896
621
2834
1797
3691
1441
1364
183
3588
2879
2998
3216
4008
2682
2357
1713
3977
1731
3835
3666
720
3570
1701
4010
1030
4015
4005
4036
1455
956
301
4033
1208
2158
3987
3668
4018
58
4025
486
562
33
3575
442
1096
558
1607
3757
886
3751
1644
638
2373
3916
459
775
822
2422
2767
3661
859
674
3875
1010
39
3057
3976
3770
2569
382
2314
3911
1400
813
666
53
3336
37
62
411
207
624
1383
849
453
2431
2281
3795
1710
1759
846
1560
3681
3889
2286
480
2157
2175
2219
10
2456
816
1283
890
132
114
586
90
3766
229
3670
3125
5
84
950
2641
216
564
3270
1501
1510
437
3723
2766
268
753
757
2000
882
1996
124
3817
1860
3639
276
2817
3153
219
1031
505
232
660
2709
1775
260
3937
208
2493
135
3699
3865
1930
1840
3942
2503
3653
3516
3690
3539
2265
2321
241
1023
340
293
863
319
3700
1850
620
3881
2861
3407
883
888
1895
2393
44
2452
1606
3796
918
772
265
3646
809
2788
841
2076
878
2130
316
3408
1739
351
2413
1430
491
3729
1650
3939
253
3251
2860
204
61
1474
1033
860
2737
3908
2065
541
1521
440
1817
2050
494
1414
384
1865
904
337
1321
2721
3718
1248
785
3045
3744
2883
2070
495
1186
673
1151
1965
2173
2400
1670
3950
751
154
2942
1386
1708
716
2954
286
215
2735
1690
2079
1371
613
1187
1408
2382
193
341
2884
1854
103
1324
3607
1343
894
865
1640
945
3704
1088
690
837
3843
298
3816
3632
603
3802
607
1121
1913
2270
1566
3963
3131
1058
844
3630
150
1905
3717
3935
451
1103
153
2565
69
1657
27
836
3748
693
289
433
457
349
3832
974
1969
3741
3786
3883
74
2274
1631
426
1466
4012
2632
1176
1490
3453
2740
691
3614
2256
344
3688
2204
149
1696
174
3447
2295
3543
1218
1780
3958
429
790
949
478
3338
868
2548
551
2094
3485
508
2217
3678
1756
3520
3631
2545
599
3546
3037
356
2496
549
2291
1952
1978
2587
1588
274
832
2540
2435
2160
2178
2248
3529
424
147
1434
1558
59
87
1421
3929
2528
443
804
92
410
3805
1317
3008
663
3068
3281
2726
2807
2803
985
3043
3059
3404
3178
3171
3066
3126
3725
242
94
300
368
3720
1138
912
3898
3562
3594
364
501
3425
4019
2968
3371
3936
3598
346
48
57
3515
3793
3511
3671
3669
1745
1296
1385
2100
2558
2193
2411
2152
2085
3903
3141
2651
539
568
2003
4029
1193
1486
1387
64
100
3726
3849
3742
923
717
2535
750
1990
3752
2126
1249
3551
1630
1415
589
605
683
3675
3964
3893
3836
237
23
1866
1705
1174
389
518
477
369
4007
3508
3850
3644
3685
3478
3960
3809
3587
3776
3747
3482
3920
3967
2918
3167
3934
796
771
791
2889
3283
3318
725
839
767
714
743
833
3682
3549
3812
2949
3547
3953
3775
3454
3677
862
2167
3105
3053
3122
2799
3028
2935
3081
2700
3244
2934
702
732
2490
379
532
575
680
597
584
3874
3445
2397
2260
2228
2107
2361
4026
273
306
328
78
3995
3993
233
870
759
3769
3773
3470
3504
2771
3643
441
3808
82
16
1593
1061
181
152
264
8
3469
3764
101
24
1
194
646
3074
3127
3055
151
41
333
3489
635
576
595
578
640
681
628
650
670
643
662
647
582
675
615
577
658
600
659
1197
1045
1788
3612
3810
3826
3900
3708
3465
3774
3571
262
3477
3647
3799
263
296
1106
46
177
4038
4004
137
14
326
111
310
86
3848
3932
3988
4009
3996
4003
3441
3595
3917
3473
3871
3819
3743
3567
3657
3739
2320
2515
2466
3481
3999
3099
3343
3210
2705
3048
2673
2695
2669
3426
1405
3236
2908
2743
3362
3326
2987
3295
3211
2715
3223
2856
2984
3242
2762
3409
3379
3189
2714
2895
2736
2938
3359
3374
3133
3394
2800
2773
3186
3190
3052
3415
3177
2824
2728
3304
3040
2867
2953
3005
2961
2729
3119
3435
2756
2818
3228
3213
3138
2848
2912
3073
2794
3158
2981
3234
2887
2777
3390
3286
2943
2931
3303
3250
2676
3036
2919
2815
2666
3364
3238
2927
3054
3348
2966
2852
2916
3065
3226
2755
2717
3257
2915
3047
2988
2910
2689
3368
2997
2686
3427
3264
3096
2873
3193
2924
3029
2917
2911
2994
3363
3026
3195
2920
2694
3220
2956
2681
3400
3137
2993
2974
2872
2862
2664
3092
2969
2948
3023
3014
2891
2706
2851
3430
3090
3095
2769
3278
2783
3287
2667
3118
2672
2844
3420
3172
3168
3039
2690
2787
3204
2708
3403
3034
3224
3136
2881
2775
2733
3377
3332
2831
2840
2992
3100
3094
2830
2665
3206
2723
3274
2958
3173
3067
3385
3103
3176
2829
2711
2976
3358
3124
2825
2816
3248
3245
3341
3259
3233
3296
2751
3058
2932
2955
3149
3142
3114
3033
2890
2698
2724
3424
3221
3294
3077
2739
3087
2718
3356
3117
3000
3345
2946
3384
3166
3123
2928
2905
2782
3004
2877
2864
2749
2679
2748
3331
3079
2854
2712
3316
3232
3104
2763
3417
2944
2880
2839
2810
2683
3072
3085
2909
2986
2827
3433
3056
2940
3284
3108
3022
2985
2977
2929
2866
2750
3020
3215
3002
3129
3080
3157
3151
2865
3301
2896
2835
2680
3293
3184
3025
2897
2786
2738
3392
3387
3324
2806
3139
2978
3013
3300
2710
2725
3185
2719
3288
2770
3272
3313
3070
3021
2674
2863
2765
2832
3145
3017
2713
3247
3179
3150
3144
3225
2921
3307
3422
3355
3197
3342
3209
3194
3369
2973
2914
3297
3115
2936
3353
2828
3350
2849
2742
3366
3106
3196
2823
3111
2845
2707
3378
3396
3381
3140
2894
3380
3330
2747
3320
3277
3132
1666
3419
3267
3188
3169
2951
2939
3319
3386
3291
3263
3076
3431
2841
3187
2785
3063
2744
3203
2811
3412
3397
3344
3256
3018
3007
3001
2947
2904
2833
2758
3239
3208
3302
3265
3212
3146
3109
2871
3388
3365
3339
3334
3328
3327
3323
3315
3306
3289
3273
3253
3235
3227
3207
3174
3163
3120
3098
3097
3084
3078
3064
3049
3035
3019
3010
2996
2991
2970
2967
2963
2962
2960
2945
2925
2913
2907
2906
2888
2878
2868
2857
2843
2842
2836
2812
2781
2768
2760
2757
2754
2745
2741
2716
2663
2662
1642
3101
3434
3347
3280
3152
2853
3391
3335
3249
3082
3041
3351
3102
2876
2778
3406
3321
3299
3089
3038
3113
3051
2875
3191
2870
3298
3182
3148
3060
2901
2869
3416
3252
3046
2720
3240
3255
3162
3154
3016
2819
3027
2780
1684
3411
3201
2989
2661
3360
3261
3258
3246
3116
2793
2999
2730
3395
3198
3107
2950
2675
3219
2805
594
4006
4011
3446
3863
3490
3662
3606
3922
872
874
776
871
858
2959
2670
2703
3383
3382
2982
3314
3311
3309
3791
3500
3783
3933
3455
3663
3715
3629
3590
3498
3442
3713
3907
3636
3599
3722
3553
3901
4000
4035
4002
4014
3997
3984
4032
4022
4028
3975
3957
3476
3965
3759
3918
3910
2972
3337
3340
3143
2734
3069
3282
3156
3093
2677
2965
3062
2821
3024
2874
3217
2761
3202
2722
2822
2693
3205
2687
2668
2796
2980
2846
2882
3243
2790
3405
3175
1674
3346
2900
3399
3418
2791
3237
2746
3275
2826
961
3329
3279
3042
2820
2776
2701
2684
1505
2858
3266
2809
2990
2859
2688
2837
2759
3088
3357
3276
3159
3044
3414
3161
2801
3352
3292
3170
2696
990
1678
3373
1450
3015
1641
991
2941
2923
3160
3222
2899
3410
3147
1908
1077
1726
3269
3428
2764
3322
1171
2732
1369
3361
973
3413
2792
309
251
266
343
73
99
2885
302
339
318
231
63
50
109
178
331
327
297
270
249
226
214
209
180
162
130
127
126
115
43
246
332
134
80
65
291
336
88
169
9
329
238
313
119
239
55
170
128
30
56
271
146
338
200
342
213
211
60
281
197
221
31
7
304
67
13
25
315
224
172
325
324
223
186
98
252
148
185
165
156
203
123
285
284
261
45
308
322
277
121
105
85
303
133
72
199
113
77
257
188
161
142
122
345
323
280
236
212
40
26
21
330
314
117
38
79
254
196
334
118
176
144
106
290
3
141
54
96
18
17
158
272
248
22
258
247
125
129
104
184
140
173
168
116
32
6
2
347
164
278
243
66
305
250
283
235
206
312
287
255
222
81
75
205
191
182
112
34
288
279
267
259
155
47
163
190
145
95
76
19
202
201
120
317
15
335
51
240
244
167
160
36
228
2704
234
157
292
179
89
393
110
2440
2082
2618
2049
2227
1960
2316
2562
2497
2659
2583
2534
2231
2570
2424
2298
2645
1935
2566
2080
2366
2652
2313
2637
2066
2322
2036
1999
2185
1944
2205
2116
2647
2628
2450
1933
2365
2389
2192
2390
2657
2341
1927
2486
1992
2605
2029
1975
2025
1995
2006
1957
2345
2252
2656
2577
2119
2008
2146
1922
2425
1921
2648
2636
2346
2018
2538
1914
2640
2297
1928
1958
2620
1951
2284
2406
2186
2612
2522
2480
2145
2203
2277
2327
2221
2584
2234
2305
2610
2325
2312
2318
2099
2557
2042
2603
2379
2110
2075
2144
2242
2211
1954
2415
2280
2367
2031
2148
1964
2438
2132
1973
2183
2394
2330
2649
1718
2451
2302
2235
1939
2608
2589
2447
2057
2643
2518
2362
2599
2232
2529
2208
2445
2399
2239
2125
2294
2209
2137
2101
2660
2627
2129
2051
2571
2473
1945
2117
2448
2310
2335
2581
2273
2010
1976
1972
2396
2171
2027
1919
2401
2224
2537
2368
2509
2304
2272
2096
2531
2502
2187
2087
1981
2197
2035
2639
2633
2022
1991
1980
2153
2149
1987
2315
2249
2198
2594
2588
2328
2285
2254
2161
2199
2412
1923
2061
2011
2236
2162
2023
2001
2024
2494
2378
1931
2585
2225
2016
2155
2134
2511
2047
2416
2226
2176
2151
2038
2516
2479
2163
1916
2508
2338
2303
2019
2617
2002
2491
2417
2372
2052
2032
2028
1940
1932
1926
2127
2189
2629
2419
2241
2169
2053
2111
2510
2133
2102
2054
2598
2465
2336
2264
2547
2461
2138
1948
2501
2443
2222
2062
2449
2555
2081
2616
2259
2174
1947
2289
2279
2246
2143
2135
2072
2068
2039
136
2319
2196
1955
2533
2458
2420
2351
2333
2268
2247
2223
2194
1959
1577
2613
2147
2592
2343
2215
2092
2007
2429
2307
2267
2258
2021
2512
2283
2478
2093
2073
2489
2658
2631
2614
2597
2582
2536
2523
2519
2498
2475
2472
2459
2444
2436
2434
2432
2384
2371
2364
2344
2337
2332
2296
2282
2255
2250
2159
2141
2097
2012
2009
2004
1998
1970
2386
2353
2124
2579
2484
2112
2543
2287
2624
2407
2190
2576
2642
2128
2213
2164
2077
2218
2606
2604
2454
2427
2139
1917
1953
2615
2578
2026
2573
2476
2067
2391
1946
2507
2216
2064
1983
2653
2567
2471
2463
2433
2387
2377
2293
2292
2253
2191
2071
1994
1962
2142
2056
2469
2311
2299
2122
2037
2033
2020
1963
2619
2552
2549
2467
2462
2206
2030
1929
2575
2395
2309
2561
2350
2348
2609
2398
2355
2180
1985
1920
1465
2559
2446
2150
2103
2593
2121
2118
2115
2005
2276
2220
2590
2359
2266
2083
2654
2098
2043
2625
2418
2376
2363
2339
2131
1971
2290
2530
2485
1925
2482
2059
2058
2526
2495
2492
2423
2374
2324
2179
2140
2090
2060
2623
2553
2546
2532
2460
2392
2369
2340
2308
2306
2240
2154
1918
2551
2500
2323
2212
2188
2108
2074
2601
2556
2385
2172
1986
2504
2464
2352
2331
2271
2109
2069
2063
1979
2638
2574
2520
2468
2409
2404
2381
2326
2237
2165
2136
2046
1997
1942
1938
1912
2630
2611
2607
2600
2564
2560
2550
2410
2408
2370
2354
2329
2257
2233
2200
2184
2086
2055
2045
1966
2655
2646
2591
2554
2542
2506
2477
2430
2428
2414
2347
2300
2123
2095
2084
1943
1941
2602
2586
2563
2539
2499
2356
2261
2244
2104
1989
2521
2334
2278
2275
2229
2210
2201
2088
2078
1993
1984
2040
3555
3777
3558
3532
3924
3758
3463
3914
3823
3499
3763
3818
3468
3896
3486
3483
3768
3927
3535
3625
3737
3622
3870
3659
3610
3618
3592
3782
3866
3509
3956
3821
3591
3971
3968
3712
3480
3707
3945
3762
3656
3438
3523
3573
3557
3719
3584
3698
3921
3491
3609
3521
3621
3797
3533
3456
3654
3648
3947
3931
3906
3593
3829
3466
3443
3569
3938
3586
3540
3943
3755
3527
3528
3828
3600
3804
3873
3750
3495
3842
3651
3605
3966
3596
3858
3574
3503
3860
3617
3735
3526
3930
3845
3672
3471
3884
3684
3886
3734
3667
3559
3703
3633
3680
3794
3711
3568
