0
2569
674
4022
43
2269
215
585
2195
209
4024
287
4035
4008
3650
875
292
1119
892
883
607
358
11
3984
2596
1386
911
608
550
4015
1834
3856
3709
3183
2470
613
114
74
18
1466
801
668
3230
602
210
2457
2079
918
3974
3798
3031
447
4010
3853
3748
12
624
3820
3071
2842
1581
1560
891
37
692
335
15
1096
638
3729
3453
1206
1145
3935
3451
3570
256
4001
233
3846
3268
3407
153
35
4032
3987
3879
3854
3746
3589
2541
1967
750
279
154
4034
4029
3922
3732
3125
3006
2740
1326
1262
642
581
241
234
138
4012
3885
3808
3704
1755
1394
1270
1176
859
744
699
305
244
160
42
33
4028
3959
3942
3875
3807
3688
2857
2814
1854
1395
1276
1233
841
749
648
443
377
267
255
205
145
4036
3134
2382
1690
1224
1065
775
316
286
282
216
183
90
70
47
4006
3983
3928
3801
3691
3582
3408
2975
2922
2788
2704
1586
1558
1430
860
854
468
411
401
379
191
4038
4037
4033
4031
4030
4027
4026
4025
4023
4021
4020
4019
4018
4017
4016
4014
4013
4011
4009
4007
4005
4004
4003
4002
4000
3999
3998
3997
3996
3995
3994
3993
3992
3991
3990
3989
3988
3986
3985
3982
3981
3980
3979
3978
3977
3976
3975
3973
3972
3971
3970
3969
3968
3967
3966
3965
3964
3963
3962
3961
3960
3958
3957
3956
3955
3954
3953
3952
3951
3950
3949
3948
3947
3946
3945
3944
3943
3941
3940
3939
3938
3937
3936
3934
3933
3932
3931
3930
3929
3927
3926
3925
3924
3923
3921
3920
3919
3918
3917
3916
3915
3914
3913
3912
3911
3910
3909
3908
3907
3906
3905
3904
3903
3902
3901
3900
3899
3898
3897
3896
3895
3894
3893
3892
3891
3890
3889
3888
3887
3886
3884
3883
3882
3881
3880
3878
3877
3876
3874
3873
3872
3871
3870
3869
3868
3867
3866
3865
3864
3863
3862
3861
3860
3859
3858
3857
3855
3852
3851
3850
3849
3848
3847
3845
3844
3843
3842
3841
3840
3839
3838
3837
3836
3835
3834
3833
3832
3831
3830
3829
3828
3827
3826
3825
3824
3823
3822
3821
3819
3818
3817
3816
3815
3814
3813
3812
3811
3810
3809
3806
3805
3804
3803
3802
3800
3799
3797
3796
3795
3794
3793
3792
3791
3790
3789
3788
3787
3786
