0
74
638
4015
4010
3984
3854
3729
859
2596
282
210
183
43
1560
1206
3183
3031
602
2195
114
3570
3875
3922
699
788
802
689
3808
4032
3982
4000
4026
4017
3997
3811
3887
3749
3457
3910
3963
3732
3659
3975
3519
3536
3657
3481
3627
3952
3958
3509
3507
3785
3664
3843
3535
3446
3976
3855
3523
3766
3655
3587
3871
3878
3568
3836
3774
3476
3668
3924
3559
3931
3601
3758
3900
3493
3819
3956
3593
3977
3921
3876
3867
3802
3778
3597
3546
3932
3799
3689
744
839
712
785
786
771
854
841
836
833
822
821
808
806
796
795
791
790
789
775
767
757
749
743
740
736
733
732
725
717
714
707
704
702
700
692
691
3628
3575
3957
3919
3864
3832
3813
3488
3637
3702
3492
3544
3944
3612
3469
3672
3491
3873
3824
3800
3750
3654
3438
3842
4027
4020
4038
4037
4036
4035
4034
4033
4030
4028
4025
4024
4023
4022
4021
4019
4018
4016
4014
4013
4012
4009
4008
4007
4006
4005
4004
4003
4002
3999
3998
3996
3995
3994
3993
3992
3991
3990
3988
3987
3986
3985
3983
3981
3904
3566
401
1996
2483
2541
2382
1937
2621
2431
2158
2439
2421
2168
2281
2113
2034
2017
2082
2349
2650
2466
2156
2120
2105
2245
2050
2014
2388
2335
2260
2636
2391
2299
1986
2251
2114
1922
2027
2000
3979
3978
3974
3973
3972
3971
3970
3969
3968
3967
3966
3965
3964
3960
3959
3955
3954
3953
3951
3950
3949
3947
3946
3945
3943
3942
3941
3940
3939
3938
3937
3936
3935
3934
3933
3930
3929
3928
3927
3926
3925
3923
3920
3918
3917
3916
3915
3914
3913
3912
3911
3909
3908
3907
3906
3905
3903
3902
3901
3899
3898
3897
3896
3895
3894
3893
3892
3891
3890
3889
3888
3886
3884
3883
3882
3881
3880
3879
3877
3874
3870
3869
3868
3866
3865
3863
3862
3860
3859
3858
3857
3853
3852
3850
3849
3848
3847
3846
3845
3844
3841
3840
3839
3838
3837
3835
3834
3833
3831
3829
3828
3827
3826
3825
3823
3822
3821
3820
3818
3817
3816
3815
3814
3812
3810
3809
3806
3805
3804
3803
3798
3796
3795
3794
3793
3792
3791
3790
3789
3788
3787
3786
3784
3783
3782
3781
3780
3779
3777
3776
3775
3773
3772
3771
3770
3769
3768
3767
3765
3764
3763
3762
3761
3760
3759
3757
3755
3754
3753
3752
3751
3747
3746
3745
3744
3743
3742
3741
3740
3739
3738
3737
3736
3735
3734
3733
3731
3730
3728
3727
3726
3725
3724
3722
3720
3719
3718
3717
3716
3715
3714
3713
3712
3711
3710
3708
3707
3706
3705
3704
3703
3701
3700
3699
3698
3697
3696
3695
3694
3693
3691
3690
3687
3686
3685
3683
3682
3681
3680
3679
3678
3676
3675
3673
3671
3670
3669
3667
3666
3665
3663
3662
3661
3660
3658
3656
3653
3652
3650
3649
3648
3647
3646
3645
3644
3643
3642
3641
3640
3639
3638
3636
3635
3634
3632
3631
3630
3629
3625
3624
3623
3622
3620
3619
3618
3617
3616
3615
3614
3613
3611
3610
3608
3607
3606
3605
3604
3603
3602
3600
3599
3598
3596
3595
3594
3591
3590
3589
3588
3585
3584
3583
3582
3581
3580
3579
3578
3576
3574
3573
3572
3571
3569
3567
3565
3564
3563
3562
3560
3558
3557
3556
3555
3554
3553
3552
3551
3549
3548
3547
3545
3543
3542
3541
3539
3538
3537
3534
3533
3532
3531
3530
3529
3528
3527
3526
3525
3524
3522
3521
3520
3518
3516
3515
3514
3513
3512
3511
3510
3508
3506
3505
3504
3503
3502
3500
3499
3498
3497
3496
3494
3490
3489
3486
3485
3484
3483
3482
3480
3479
3478
3477
3475
3474
3473
3472
3471
3470
3468
3467
3466
3465
3464
3463
3462
3461
3460
3459
3458
3455
3453
3452
3451
3450
3449
3448
3447
3445
3444
3443
3442
3441
3439
866
3948
3609
3586
3517
870
3626
3621
846
826
812
723
711
735
715
837
832
710
761
855
852
783
770
763
758
716
889
882
804
842
799
794
773
768
759
756
752
737
720
853
851
850
848
847
845
844
831
829
818
816
813
784
782
778
762
751
746
742
738
734
722
706
693
690
890
869
849
824
814
755
843
838
817
809
807
797
793
792
787
779
764
754
741
739
730
728
718
856
840
835
834
830
827
820
815
781
780
777
772
766
765
760
748
745
731
727
726
724
721
709
705
701
696
695
694
688
687
686
76
71
154
90
293
321
206
220
44
196
327
286
328
263
320
24
192
301
177
28
19
17
135
137
93
276
257
124
281
165
159
310
151
261
238
211
59
295
258
161
79
75
245
193
22
213
180
218
152
312
149
20
88
2517
2024
285
246
1943
2493
2018
2448
2440
2036
2288
2287
1972
2186
2658
2627
2365
2297
1931
2318
2270
1921
2520
2638
2578
2574
2546
2500
2499
2484
2469
2467
2339
2172
2118
2095
2074
2073
2069
2045
1997
1971
2210
1925
2040
2660
2645
2583
2538
2459
2029
2644
2557
2474
2403
2371
2361
2314
2296
2248
2226
2214
2175
2145
1944
2544
2604
2147
2086
2243
2110
2524
2472
2367
2593
2590
2559
2542
2492
2482
2464
2423
2395
2354
2306
2276
2199
2103
2438
2235
1987
3962
3872
3851
3830
3797
3756
3721
3692
3684
3677
3674
3651
3633
3592
3577
3561
3550
3540
3501
3495
3456
3440
4031
4011
3989
3980
660
662
615
599
577
659
650
621
684
626
625
623
603
383
3961
3861
3723
3487
3454
386
379
468
467
597
590
490
399
415
530
411
403
382
478
501
476
351
2659
2657
2656
2655
2654
2652
2651
2648
2647
2646
2641
2640
2639
2637
2635
2634
2633
2632
2631
2630
2628
2626
2625
2624
2623
2622
2620
2619
2618
2615
2614
2613
2612
2611
2610
2607
2606
2603
2602
2601
2600
2599
2595
2591
2587
2586
2585
2584
2581
2580
2579
2577
2576
2575
2573
2572
2571
2570
2569
2568
2566
2565
2564
2563
2562
2561
2560
2558
2556
2554
2553
2552
2551
2550
2549
2548
2545
2540
2539
2537
2536
2535
2534
2532
2531
2528
2527
2526
2525
2523
2522
2521
2518
2516
2515
2514
2513
2507
2506
2505
2504
2503
2497
2495
2494
2490
2489
2488
2487
2486
2485
2481
2480
2479
2478
2477
2476
2473
2470
2462
2460
2456
2455
2454
2453
2452
2450
2449
2447
2446
2444
2443
2442
2441
2437
2435
2434
2433
2432
2430
2429
2428
2427
2426
2425
2424
2422
2418
2416
2415
2414
2412
2411
2410
2409
2408
2407
2406
2405
2404
2402
2401
2400
2397
2396
2393
2392
2390
2387
2386
2383
2381
2380
2379
2378
2376
2375
2374
2373
2370
2369
2366
2364
2363
2362
2360
2359
2358
2357
2356
2355
2353
2352
2350
2348
2346
2345
2342
2341
2340
2337
2334
2331
2329
2326
2324
2323
2322
2321
2320
2317
2316
2313
2312
2311
2310
2309
2308
2307
2305
2304
2303
2301
2300
2291
2290
2286
2284
2280
2278
2277
2275
2274
2272
2271
2269
2266
2265
2263
2262
2261
2259
2258
2257
2256
2255
2253
2252
2249
2244
2242
2240
2238
2237
2236
2234
2233
2232
2231
2230
2229
2228
2227
2225
2222
2221
2220
2219
2218
2217
2216
2215
2213
2212
2211
2209
2208
2207
2206
2205
2204
2202
2201
2200
2197
2194
2193
2192
2190
2188
2185
2184
2182
2181
2179
2177
2173
2171
2170
2167
2166
2165
2164
2162
2161
2160
2159
2157
2154
2152
2150
2146
2142
2141
2140
2139
2136
2134
2133
2131
2130
2129
2126
2124
2123
2122
2121
2119
2116
2115
2112
2109
2108
2107
2106
2104
2100
2099
2098
2097
2096
2094
2093
2092
2091
2090
2089
2088
2085
2084
2083
2080
2079
2078
2077
2076
2075
2070
2067
2066
2065
2064
2063
2061
2060
2059
2058
2057
2056
2055
2051
2049
2048
2046
2044
2043
2041
2039
2037
2035
2033
2030
2026
2025
2023
2022
2021
2020
2019
2016
2015
2013
2012
2011
2009
2008
2006
2005
2004
2001
1999
1998
1995
1993
1992
1991
1990
1989
1988
1985
1984
1983
1982
1981
1980
1979
1978
1977
1976
1975
1974
1973
1970
1969
1968
1967
