0
4035
4024
4022
4015
3798
638
613
550
918
2814
286
209
114
704
736
689
822
879
893
778
711
762
851
807
734
814
797
755
730
849
848
726
721
855
854
853
852
850
847
846
845
844
843
842
841
839
838
837
836
835
834
833
832
831
829
827
826
825
824
821
820
819
818
817
816
815
813
812
809
808
806
802
799
796
795
794
793
792
791
790
789
788
787
786
785
784
783
782
781
780
779
777
776
775
773
771
770
768
767
766
765
764
763
761
760
759
758
757
756
754
752
751
750
749
748
746
745
744
743
742
741
740
739
738
737
735
733
732
731
728
727
725
724
723
722
720
718
717
716
715
714
713
712
710
709
707
706
705
703
702
701
700
699
696
695
694
693
692
691
690
688
687
3990
4003
4009
3997
3885
3606
3955
3745
3789
3912
3952
3627
3933
3783
3766
3837
3809
3465
3892
3940
3866
3623
3524
3583
3794
3558
3555
3894
3814
3593
3710
3685
3663
3508
3536
3638
3006
895
894
892
891
890
889
888
887
886
885
884
883
882
881
880
878
877
876
875
874
873
872
871
870
869
867
866
865
864
863
861
859
858
856
840
830
828
823
811
810
805
804
803
800
798
774
772
769
753
747
729
719
708
697
686
3628
3845
3913
3691
3772
3707
3462
3795
3736
3520
3683
3796
3548
3831
3762
3968
3755
3872
868
1627
4027
4038
4037
4036
4034
4033
4032
4030
4029
4028
4026
4025
4023
4021
4020
4019
4018
4017
4016
4014
4013
4012
4008
4007
4006
4005
4004
4002
4001
4000
3999
3998
3996
3995
3994
3993
3992
3991
3988
3987
3986
3985
3984
3983
3982
3981
3904
3849
3566
3496
3642
3605
3586
3979
3978
3977
3976
3975
3973
3972
3971
3970
3969
3967
3966
3965
3964
3963
3960
3959
3958
3957
3956
3954
3953
3951
3950
3949
3947
3946
3945
3944
3942
3941
3939
3938
3937
3936
3935
3934
3932
3931
3930
3929
3928
3927
3926
3925
3924
3923
3922
3921
3920
3919
3918
3917
3916
3915
3914
3911
3910
3909
3908
3907
3906
3905
3903
3902
3901
3900
3899
3898
3897
3896
3895
3893
3891
3890
3889
3888
3887
3884
3883
3882
3881
3880
3879
3878
3876
3875
3874
3873
3871
3870
3869
3868
3867
3865
3864
3863
3862
3860
3859
3858
3857
3856
3855
3854
3853
3852
3850
3848
3847
3846
3844
3843
3842
3841
3840
3839
3838
3836
3835
3834
3833
3832
3829
3828
3827
3826
3825
3824
3823
3822
3821
3820
3819
3818
3817
3816
3815
3813
3812
3811
3810
3808
3807
3806
3805
3804
3803
3802
3801
3800
3799
3793
3792
3791
3790
3788
3787
3786
3785
3784
3782
3781
3780
3779
3778
3777
3776
3775
3774
3773
3771
3770
3769
3768
3767
3765
3764
3763
3761
3760
3759
3758
3757
3754
3753
3752
3751
3749
3748
3747
3746
3744
3743
3742
3740
3739
3738
3737
3735
3734
3733
3732
3731
3730
3729
3728
3727
3726
3725
3724
3722
3720
3719
3718
3717
3716
3715
3714
3713
3712
3711
3709
3708
3706
3705
3704
3703
3702
3701
3700
3699
3698
3697
3696
3695
3694
3693
3692
3690
3689
3688
3687
3686
3682
3681
3680
3679
3678
3677
3676
3675
3674
3673
3672
3671
3670
3669
3668
3667
3666
3665
3664
3662
3661
3660
3659
3658
3657
3656
3655
3654
3653
3652
3650
3649
3648
3647
3646
3645
3644
3643
3641
3640
3639
3637
3636
3635
3634
3632
3631
3630
3629
3626
3625
3624
3622
3621
3620
3619
3618
3617
3616
3615
3614
3613
3612
3611
3610
3608
3607
3604
3603
3602
3601
3600
3599
3598
3597
3596
3595
3594
3591
3590
3589
3588
3587
3585
3584
3582
3581
3580
3579
3578
3576
3575
3574
3573
3572
3571
3569
3568
3567
3565
3564
3563
3562
3560
3559
3557
3554
3553
3552
3551
3549
3547
3546
3545
3544
3543
3542
3541
3539
3538
3537
3535
3534
3533
3532
3531
3530
3529
3528
3527
3526
3523
3522
3521
3519
3518
3517
3516
3515
3514
3513
3512
3511
3510
3509
3507
3506
3505
3504
3503
3502
3500
3499
3498
3497
3494
3493
3492
3491
3490
3489
3488
3486
3485
3484
3483
3482
3481
3480
3479
3478
3477
3476
3475
3474
3473
3472
3471
3470
3469
3468
3467
3466
3464
3463
3461
3460
3459
3458
3457
3455
3453
3452
3451
3450
3449
3448
3447
3446
3445
3444
3443
3442
3441
3439
3438
857
660
659
643
627
684
672
616
377
532
3407
3282
3398
3322
3128
3121
3044
3354
2727
2884
3374
2736
2852
2850
2878
3153
3143
3157
2958
2868
2779
3145
3133
2668
3287
2848
3373
3292
2992
3246
3303
2682
2836
2759
2846
2957
2672
2945
2915
2971
2683
2666
3341
3219
3288
2863
2796
3077
3423
3325
2972
2834
3390
3228
3129
3056
3054
3047
2985
2913
3299
3017
3362
3184
3142
3096
3004
2872
2782
2773
3426
3137
3104
3090
2978
2710
3346
3207
2728
3419
3351
3330
3291
3276
3247
3224
3154
2904
698
1395
1760
3386
3020
3011
3289
1814
1476
1147
937
1354
3962
3948
3943
3886
3877
3851
3830
3797
3756
3750
3741
3721
3684
3651
3633
3609
3592
3577
3561
3556
3550
3540
3525
3501
3495
3456
3440
862
1607
1841
1152
1115
1884
1903
1890
1239
1424
1090
1862
1441
1655
1381
1016
979
1306
1249
1704
971
1355
1127
898
1111
1227
975
1787
1232
958
1442
1459
1322
1022
677
1661
1495
1324
1282
1261
1204
896
2693
1220
1498
2826
1058
1593
1200
1696
1654
965
1247
913
1263
1624
1188
1139
940
1713
1212
653
636
579
573
1738
4031
4011
3989
3980
3961
3861
3723
3487
3454
3437
1745
457
1095
410
489
349
571
557
534
551
685
682
681
680
679
675
674
673
671
670
668
665
664
663
662
661
658
657
656
655
654
652
650
648
647
644
642
640
639
635
633
632
631
628
626
625
624
623
622
621
619
618
617
615
612
611
610
608
607
605
603
602
600
599
598
597
595
592
589
588
586
585
584
583
582
581
578
577
576
575
593
504
494
418
375
678
630
620
574
490
369
634
590
587
556
413
666
646
645
1400
555
1012
560
537
572
569
568
565
562
554
552
548
547
546
543
542
541
540
539
536
535
533
531
530
529
528
527
523
522
521
519
518
516
512
510
509
505
503
502
499
498
496
495
493
491
488
487
486
485
481
480
478
477
474
473
472
471
470
469
468
467
466
462
461
459
458
455
454
453
450
449
448
447
446
445
443
442
441
440
439
437
435
433
429
426
424
422
421
416
411
409
407
406
403
401
398
397
396
394
390
388
386
385
384
383
382
381
380
379
374
372
371
368
367
365
364
362
361
359
358
357
356
355
354
352
350
3431
3221
2735
3436
3435
3434
3433
3432
3430
3429
3428
3427
3425
3424
3422
3421
3420
3418
3417
3416
3415
3414
3413
3412
3411
3410
3409
3408
3406
3405
3404
3403
3402
3401
3400
3399
3397
3396
3395
3394
3393
3392
3391
3389
3388
3387
3385
3384
3383
3382
3381
3380
3379
3378
3377
3376
3375
3372
3371
3370
3369
3368
3367
3366
3365
3364
3363
3361
3360
3359
3358
3357
3356
3355
3353
3352
3350
3349
3348
3347
3345
3344
3343
3342
3340
3339
3338
3337
3336
3335
3334
3333
3332
3331
3329
3328
3327
3326
3324
3323
3321
3320
3319
3318
3317
3316
3315
3314
3313
3312
3311
3310
3309
3308
3307
3306
3305
3304
3302
3301
3300
3298
3297
3296
3295
3294
3293
3286
3285
3284
3283
3281
3280
3279
3278
3277
3275
3274
3273
3272
3271
3270
3269
3268
3267
3266
3265
3264
3263
3262
3261
3260
3259
3258
3257
3256
3255
3254
3253
3252
3251
3250
3249
3248
3245
3244
3243
3242
3241
3240
3239
3238
3237
3236
3235
3234
3233
3232
3231
3230
3229
3227
3226
3225
3223
3222
3220
3218
3217
3216
3215
3214
3213
3212
3211
3210
3209
3208
3206
3205
3204
3203
3202
3201
3200
3199
3198
3197
3196
3195
3194
3193
3192
3191
3190
3189
3188
3187
3186
3185
3183
3182
3181
3180
3179
3178
3177
3176
3175
3174
3172
3171
3170
3169
3168
3167
3166
3165
3164
3163
3162
3161
3160
3159
3158
3156
3155
3152
3151
3150
3149
3148
3147
3146
3144
3141
3140
3139
3138
3136
3135
3134
3132
3131
3130
3127
3126
3125
3124
3123
3122
3120
3119
3118
3117
3116
3115
3114
3113
3112
3111
3110
3109
3108
3107
3106
3105
3103
3102
3101
3100
3099
3098
3097
3095
3094
3093
3092
3091
3089
3088
3087
3086
3085
3084
3083
3082
3081
3080
3079
3078
3076
3075
3074
3073
3072
3071
3070
3069
3068
3067
3066
3065
3064
3063
3062
3061
3060
3059
3058
3057
3055
3053
3052
3051
3050
3049
3048
3046
3045
3043
3042
3041
3040
3039
3038
3037
3036
3035
3034
3033
3032
3031
3030
3029
3028
3027
3026
3025
3024
3023
3022
3021
3019
3018
3016
3015
3014
3013
3012
3010
3009
3008
3007
3005
3002
3001
3000
2999
2998
2997
2996
2995
2994
2993
2991
2990
2989
2988
2987
2986
2984
2983
2982
2981
2980
2979
2977
2976
2975
2974
2973
2970
2969
2968
2967
2966
2965
2964
2963
2962
2961
2960
2959
2956
2955
2954
2953
2952
2951
2950
2949
2948
2947
2946
2944
2943
2942
2941
2940
2939
2938
2937
2936
2935
2934
2933
2932
2931
2930
2929
2928
2927
2926
2925
2924
2923
2922
2921
2920
2919
2918
2917
2916
2914
2912
2911
2910
2909
2908
2907
2906
2905
2903
2902
2901
2900
2899
2898
2897
2896
2895
2894
2893
2892
2891
2890
2889
2888
2887
2886
2883
2882
2881
2880
2879
2877
2876
2875
2874
2873
2871
2870
2869
2867
2866
2865
2864
2862
2861
2860
2859
2858
2857
2856
2855
2854
2853
2851
2849
2847
2845
2844
2843
2842
2841
2840
2839
2837
2835
2833
2832
2831
2830
2829
2828
2827
2825
2824
2823
2822
2821
2820
2819
2818
2817
2816
2815
2813
2812
2811
2810
2809
2808
2807
2806
2805
2804
2803
2802
2801
2800
2799
2798
2797
2795
2794
2793
2792
2791
2790
2789
2788
2787
2786
2785
2784
2783
2781
2780
2778
2777
2776
2775
2774
2772
2771
2770
2769
2768
2767
2766
2765
2764
2763
2762
2761
2760
2758
2757
2756
2755
2754
2753
2752
2751
2750
2749
2748
2747
2746
2745
2744
2743
2742
2741
2739
2738
2737
2734
2733
2732
2731
2730
2729
2726
2725
2724
2723
2722
2721
2720
2719
2718
2717
2716
2715
2714
2713
2712
2711
2709
2708
2707
2706
2705
2703
2702
2701
2700
2699
2698
2697
2696
2695
2694
2692
2691
2690
2689
2688
2687
2686
2685
2684
2681
2680
2679
2678
2677
2676
2675
2674
2673
2671
2670
2669
2667
2665
2664
2663
2662
2661
860
961
1571
1453
1217
1183
1151
1722
1619
1440
1123
953
1287
1858
1321
1178
1821
1809
1712
1707
1665
1562
1488
1439
1331
1305
1195
1079
1028
1006
1774
1736
1688
1637
1524
1242
1181
1092
916
1823
1813
1768
1516
1471
1407
1399
1323
1230
1146
980
564
501
476
399
393
351
253
102
464
3003
2740
2704
220
1910
1909
1908
1907
1906
1905
1904
1902
1901
1900
1899
1898
1897
1896
1895
1894
1893
1892
1891
1889
1888
1887
1886
1885
1882
1881
1880
1879
1878
1877
1876
1875
1874
1873
1872
1871
1870
1869
1868
1867
1866
1865
1864
1861
1860
1859
1857
1856
1855
1854
1853
1851
1850
1849
1848
1847
1846
1845
1844
1843
1842
1840
1839
1838
1837
1834
1833
1832
1831
1830
1829
1828
1827
1826
1825
1824
1822
1820
1819
1818
1816
1815
1812
1811
1810
1808
1807
1806
1805
1804
1803
1802
1801
1800
1799
1798
1797
1796
1795
1794
1793
1792
1791
1790
1789
1788
1786
1785
1784
1783
1781
1779
1776
1775
1773
1772
1771
1770
1767
1766
1765
1764
1763
1762
1761
1759
1758
1757
1756
1755
1754
1753
1752
1751
1750
1749
1748
1747
1746
1744
1743
1742
1741
1739
1737
1735
1734
1733
1732
1731
1730
1729
1728
1727
1726
1725
1724
1723
1721
1720
1719
1717
1716
1715
1714
1711
1710
1709
1708
1706
1705
1703
1701
1700
1699
1698
1695
1694
1693
1691
1690
1689
1687
1686
1685
1683
1682
1681
1680
1679
1678
1677
1676
1675
1674
1673
1672
1671
1670
1669
1668
1667
1666
1664
1662
1660
1659
1658
1657
1656
1653
1652
1651
1650
1649
1648
1647
1646
1645
1644
1643
1642
1641
1640
1639
1638
1636
1635
1634
1633
1632
1631
1630
1629
1628
1625
1623
1622
1620
1616
1615
1614
1613
1612
1611
1610
1609
