0
4033
866
3853
18
305
3589
279
2079
2483
3875
3709
3983
1276
757
851
785
11
2204
114
4012
642
911
4029
602
61
3121
607
4022
112
1760
2195
210
3795
3408
2842
1455
102
42
1466
349
47
3530
3717
447
3954
608
585
81
2269
2100
4015
3879
386
2798
336
1713
3996
674
1558
1854
3650
2691
3323
892
155
3808
4024
2963
2388
316
3856
358
3974
3580
3031
3729
282
1046
286
3143
43
206
679
4034
467
163
2736
4010
183
3453
1834
3816
401
1693
4001
581
775
2595
749
791
832
855
717
768
702
723
761
822
736
732
746
691
821
793
779
786
809
818
806
720
716
784
816
767
742
836
715
770
795
727
714
712
771
869
877
874
776
879
848
846
827
826
754
719
837
783
763
696
829
815
810
790
787
762
752
726
706
700
849
814
811
797
774
760
880
843
831
828
792
765
764
759
741
739
730
687
844
835
834
820
805
769
766
731
854
853
852
850
847
845
842
841
839
838
833
824
819
817
813
812
808
807
803
802
801
800
799
798
796
794
789
788
782
781
780
778
777
773
758
756
755
751
748
743
740
738
737
735
734
733
728
725
724
722
721
718
713
711
710
709
707
705
704
701
695
694
693
690
689
688
804
895
894
893
890
888
887
885
882
881
873
872
871
868
867
864
861
856
840
830
823
772
753
747
745
708
703
697
686
889
878
876
863
729
698
886
750
744
699
865
859
858
825
870
883
875
860
884
692
3990
4016
3985
4019
4036
3981
4037
4030
3988
4032
4028
4026
4025
4018
4017
4013
4011
4007
4006
4000
3993
3992
3991
3986
4014
4009
4003
3995
4038
4031
4027
4004
4021
3999
3997
3994
3982
3980
4023
4020
3998
4002
3989
3987
3984
594
4005
4008
4035
3723
245
70
2178
3961
3792
3445
3973
3777
3848
3910
3504
3732
68
8
100
230
177
191
216
167
289
174
338
2316
2106
1956
2422
2632
2051
2527
2580
288
237
120
124
77
3900
3781
3543
3823
3749
3857
3538
3708
3509
3671
3894
3890
3807
3632
3914
3507
3964
3696
3444
3725
3761
3668
3539
3511
3751
3620
3494
3502
3483
3569
3836
3774
3757
3465
3489
3812
3566
3892
3967
3960
3716
3638
3843
3870
3500
3630
3602
3840
3447
3699
3893
3673
3866
3933
3920
3783
3776
3478
3839
3904
3833
3764
3558
3458
3912
3868
3628
3595
3554
3767
3661
3922
3682
3679
3825
3617
3468
3549
3786
3975
3476
3952
3958
3822
3718
3648
3631
3623
3515
3881
3834
3758
3719
3535
3532
3551
3905
3585
3969
3951
3793
3711
3706
3493
3463
3681
3901
3698
3508
3956
3819
3743
3541
3945
3784
3652
3583
3510
3782
3770
3614
3469
3769
3636
3588
3863
3909
3906
3829
3582
3529
3464
3460
3918
3876
3867
3850
3835
3735
3599
3505
3546
3932
891
476
2442
3978
3934
3619
3759
3701
3579
3571
3765
3450
3864
3581
3528
3813
3594
3481
3762
3898
3516
3470
3575
3626
3542
3462
3503
3659
3915
3869
3730
3527
3862
3740
3713
3605
3557
3736
3471
3928
3828
3804
3845
3477
3979
3520
3936
3921
3827
3802
3728
3710
3666
3615
3498
3472
3610
3779
3737
3670
3642
3627
3603
3576
3518
3553
3526
3817
3884
3461
3545
3660
3788
3475
3600
2725
2790
3099
3305
3134
2899
3229
2722
2767
3091
2700
2685
3270
2980
333
44
95
135
153
86
46
152
268
296
79
49
118
240
319
154
147
89
6
189
259
91
306
129
317
32
225
346
260
162
23
2
262
192
214
295
175
99
92
103
106
53
123
273
258
224
302
242
83
314
73
337
243
151
19
17
309
251
310
149
144
140
29
20
228
3375
3194
2876
3246
3083
2808
2752
3282
269
64
2193
2251
2263
2515
2382
2505
2584
2439
2217
1937
2041
2034
2621
2548
2450
2431
2380
2358
2437
2421
2577
2238
2113
2230
2167
1934
2486
2017
1950
2466
2426
2320
2255
2207
2613
2405
2409
2173
2067
2503
2403
2248
1990
2587
2307
2258
2303
2391
2353
2352
2059
2188
2469
2140
2440
2342
2197
2523
2411
2119
2035
2371
2335
2156
2448
2412
2301
2120
2105
2089
1922
2558
2493
2350
2497
2080
2023
1975
1924
2553
2184
1989
1986
2376
2586
2359
2118
2112
2043
1917
2162
2107
2182
2614
2455
2186
2514
1977
2085
2341
2146
2145
2066
1965
2234
2655
2631
2576
2575
2532
2507
2504
2454
2443
2418
2393
2290
2288
2213
2164
2104
2095
2074
2628
2317
2625
2539
2381
2363
2306
2276
2257
2206
2078
2005
1914
2657
1998
2157
2012
1931
2648
2585
2061
2025
2004
2645
2633
2435
2192
2159
2097
2050
2022
2011
1935
1928
329
185
94
1
347
341
30
7
261
211
208
117
113
60
223
318
291
165
10
85
339
323
284
22
248
212
203
199
188
141
69
55
332
303
298
231
221
200
172
161
132
104
66
63
59
25
9
345
342
313
277
235
170
142
134
40
26
1326
3859
3849
3454
3977
3976
3972
3971
3963
3959
3955
3953
3949
3947
3946
3941
3940
3939
3937
3935
3931
3927
3924
3923
3919
3917
3916
3908
3907
3903
3899
3897
3896
3895
3888
3887
3885
3880
3878
3874
3871
3865
3855
3844
3837
3826
3821
3820
3818
3815
3814
3811
3810
3809
3806
3805
3803
3801
3799
3798
3794
3791
3789
3787
3778
3775
3773
3771
3768
3766
3763
3760
3755
3754
3753
3752
3747
3746
3745
3742
3739
3738
3733
3727
3726
3724
3722
3720
3715
3714
3712
3707
3705
3704
3700
3694
3690
3689
3688
3685
3680
3678
3676
3675
3665
3664
3663
3662
3658
3657
3655
3651
3647
3646
3645
3644
3643
3641
3640
3634
3629
3624
3622
3616
3613
3612
3608
3607
3606
3601
3598
3597
3593
3591
3587
3586
3584
3578
3572
3568
3567
3564
3562
3561
3555
3548
3547
3544
3537
3536
3534
3531
3524
3523
3519
3514
3513
3506
3499
3497
3496
3490
3487
3486
3485
3484
3482
3474
3473
3467
3466
3459
3455
3452
3451
3446
3443
3442
3441
3439
441
468
399
300
299
266
204
24
1988
2646
2630
2606
2600
2578
2564
2521
2495
2478
2446
2430
2414
2356
2354
2271
2136
2098
2093
2090
2086
2064
2046
2037
2021
2020
1984
1971
1938
2000
1976
2346
2202
2615
2607
2604
2602
2590
2574
2573
2559
2554
2551
2542
2500
2492
2408
2348
2340
2331
2329
2323
2309
2244
2237
2218
2179
2154
2131
2123
2122
2121
2077
1997
1979
1929
1918
2536
2233
1969
2040
1913
2476
2334
2092
2056
2395
2287
2623
2229
2069
3926
3495
3852
3838
3734
3731
3611
3559
3533
3438
3522
3970
3966
3957
3930
3913
3911
3902
3883
3858
3832
3831
3800
3790
3744
3703
3702
3697
3695
3691
3687
3669
3654
3649
3639
3635
3574
3512
3488
3479
3457
3842
3796
3672
3621
3491
3448
857
3944
3929
3889
3824
3785
3772
3683
3656
3637
3604
3590
3577
3565
3517
3492
3480
3456
3449
3948
3938
3860
3684
3851
3741
3633
3618
3891
3847
3950
3667
3573
3552
3521
862
3962
3750
3693
3674
3596
3563
3556
3968
3886
3873
3841
3780
3692
3677
3625
3501
3440
3075
3266
3159
3180
2732
3156
3402
3389
3190
2893
3314
3423
2688
3414
3227
3407
3161
3048
3216
3436
3404
3205
3163
3370
2990
3329
3235
2727
3181
2930
2902
3374
3153
3125
3069
2707
3367
3199
3112
3061
3147
3315
3059
2726
3357
3058
3380
2846
3306
3186
2900
3352
3175
3030
2923
3135
2935
3092
2947
3066
3012
2933
3260
3015
2998
2993
3429
3427
3401
2858
2850
2891
2884
2835
2811
3086
3336
3322
3128
2803
3039
3144
3242
3243
2897
2746
3392
2770
2965
3335
3016
3377
3267
3225
3188
2772
3209
3170
3287
3244
2870
2759
3313
3067
2791
2755
3388
3333
3317
3080
3400
2888
2695
3028
2693
3122
3378
2708
3178
2832
2709
3097
2992
3137
3228
3033
2890
2766
2756
3211
2690
3425
3326
3157
2796
3127
3074
2817
3119
3014
2929
2742
3362
3294
3023
2948
2706
2673
3081
3324
3040
2854
3124
2696
2668
3430
3394
3139
2960
2762
3220
3029
2880
3379
3346
3191
3050
2829
2812
3231
3114
3025
2987
2873
2738
2729
2663
3359
3255
3189
2996
2938
2716
3215
3369
3331
3236
2913
2694
3256
2863
3291
3241
3223
3412
3009
2779
2714
2667
3300
3130
2769
2749
2874
2959
2889
2834
3298
3280
3262
2672
3382
3008
2972
2670
3292
3001
2934
3022
2907
2810
2800
2763
2750
3264
3196
3111
3172
3079
3076
2976
3364
3257
3237
3232
3158
2977
2887
2837
2794
2679
3068
3090
2944
2862
2741
3301
3193
3184
3085
3065
2943
2911
2864
2777
2754
2664
3219
3171
3150
3087
2932
2914
2871
2721
3284
3149
3142
3096
3047
2966
2956
2905
2877
2827
2698
2669
3259
3415
3316
3207
3192
3168
2804
2783
3396
3351
3276
3035
2875
2778
2719
2687
3386
3353
3345
3321
3247
3212
3120
3106
3082
3051
2753
2748
2720
3308
3279
2957
2941
2865
2768
2869
3371
2728
2677
2848
1194
1403
650
576
675
670
659
643
588
612
662
627
600
582
628
615
578
677
623
622
575
661
635
599
3431
2918
2901
2735
344
343
340
335
334
331
330
328
327
326
325
324
322
320
312
311
307
297
294
290
283
281
280
278
276
275
274
272
271
267
265
263
257
254
252
250
249
247
244
241
239
238
236
233
232
229
227
226
222
220
219
218
217
213
207
197
196
195
194
193
190
187
186
184
182
181
180
179
178
176
168
166
164
160
159
158
150
148
145
143
139
137
133
131
130
128
127
126
125
121
116
115
111
110
109
108
105
101
98
96
93
90
88
84
82
78
75
72
65
62
57
54
52
51
50
48
45
41
39
38
36
35
34
31
28
27
16
14
13
5
4
3
3185
3274
3072
3046
2954
2771
2999
3419
3411
3406
3397
3373
3360
3332
3320
3297
3277
3265
3261
3224
3201
3140
3116
3115
3113
3049
3034
3027
3017
3007
2973
2970
2950
2939
2844
2787
2712
2674
3258
3020
3011
2760
2734
3328
3136
2883
1476
956
3296
3117
3056
2969
2961
2946
2896
2839
2782
2680
3295
3285
3273
3240
3203
3162
3133
2942
2830
2785
2780
2724
3018
3002
2995
2845
2737
3164
3003
119
1295
2658
2656
2654
2651
2650
2647
2644
2639
2638
2627
2626
2624
2622
2620
2619
2618
2611
2601
2593
2591
2583
2579
2570
2569
2568
2566
2565
2563
2562
2561
2556
2552
2550
2549
2546
2545
2541
2540
2538
2535
2534
2528
2526
2524
2520
2517
2513
2506
2499
2494
2490
2489
2488
2487
2485
2484
2482
2480
2477
2467
2464
2460
2457
2456
2453
2444
2433
2428
2424
2423
2407
2404
2402
2401
2397
2392
2387
2386
2383
2375
2374
2373
2370
2369
2361
2360
2357
2349
2339
2337
2326
2324
2321
2314
2313
2311
2308
2300
2299
2286
2281
2277
2275
2270
2265
2262
2261
2256
2253
2240
2236
2231
2228
2227
2225
2220
2219
2216
2212
2210
2205
2201
2200
2190
2181
2172
2171
2170
2168
2166
2165
2160
2158
2152
2150
2147
2139
2130
2129
2124
2115
2114
2109
2108
2103
2099
2094
2091
2088
2083
2082
2076
2073
2070
2063
2060
2058
2055
2049
2045
2033
2030
2019
2016
2015
2014
2013
2008
2006
1996
1995
1993
1992
1991
1983
1980
1978
1974
1967
1966
1963
1962
1961
1960
1958
1957
1953
1949
1946
1944
1943
1942
1936
1933
1930
1919
1915
2964
2278
2531
2312
2637
2449
2429
2427
2410
2142
2084
2044
1982
2379
2581
2452
2425
2235
2416
2211
2274
2252
2096
1925
2652
2560
1964
2474
2406
2366
2362
2322
2296
2291
2272
2260
2175
2048
2126
2641
2355
2599
2635
2243
2101
2465
2537
1987
1923
2249
2557
2501
2318
2310
2525
2226
2572
2415
2221
2589
2400
2305
2116
2047
2385
2259
2208
2057
1970
2530
2479
2468
2462
2434
2390
2367
2304
2177
2110
2065
2029
2026
1985
1939
2612
2610
2473
2325
2242
2232
2214
2209
2185
2141
2036
2609
2605
2519
2330
2134
1920
2592
2522
2436
2420
2345
2268
2254
2222
2161
2144
1926
2659
2365
2297
2199
2024
2009
1999
1973
1968
1927
1921
2617
2603
2511
2438
2432
2396
2280
2075
2053
1981
1959
2417
2336
2328
2295
2194
2191
2054
1948
2555
2544
2518
2509
2273
2203
2176
2133
2042
2010
2007
2003
1952
2649
2608
2567
2510
2496
2458
2399
2368
2338
2332
2319
2315
2282
2266
2187
2117
2032
1941
2660
2643
2640
2636
2571
2471
2459
2447
2398
2378
2364
2284
2247
2143
2135
2072
2068
2039
2027
2018
2001
1972
1951
1932
315
308
304
285
246
169
156
146
122
87
67
56
21
1372
1202
631
573
663
657
592
459
680
666
664
605
598
3861
3437
529
652
472
671
586
466
382
541
410
562
546
516
534
485
564
499
453
571
365
501
383
554
590
502
568
543
385
535
371
411
403
361
359
364
198
202
80
1908
1552
2642
2598
2597
2594
2543
2533
2516
2502
2491
2472
2461
2445
2413
2389
2384
2377
2372
2351
2347
2344
2343
2327
2302
2298
2293
2285
2279
2264
2250
2239
2215
2189
2183
2163
2153
2138
2137
2132
2128
2127
2071
2062
2052
2038
2002
1994
1945
618
616
589
1708
3943
3877
3872
3830
3797
3756
3721
3609
3592
3550
3540
3525
1896
979
1792
1162
1657
1510
3432
2825
3435
3434
3433
3428
3426
3424
3422
3421
3420
3418
3417
3416
3413
3409
3405
3403
3399
3398
3395
3393
3391
3390
3387
3385
3384
3383
3381
3376
3372
3368
3366
3365
3363
3361
3358
3356
3354
3350
3349
3348
3347
3344
3343
3342
3341
3340
3339
3338
3337
3334
3330
3327
3325
3319
3318
3312
3311
3310
3309
3307
3303
3302
3299
3293
3289
3288
3286
3283
3281
3275
3272
3269
3268
3254
3253
3252
3251
3250
3249
3245
3239
3238
3234
3226
3221
3218
3217
3214
3213
3210
3208
3206
3204
3202
3200
3198
3197
3195
3187
3183
3182
3179
3177
3176
3174
3169
3167
3166
3165
3160
3155
3154
3152
3151
3148
3146
3145
3141
3138
3132
3131
3129
3126
3123
3118
3110
3109
3108
3107
3105
3104
3103
3102
3100
3098
3095
3094
3093
3089
3088
3084
3078
3077
3073
3070
3064
3063
3062
3060
3057
3055
3054
3053
3052
3045
3044
3043
3042
3041
3038
3036
3032
3026
3024
3021
3019
3013
3010
3006
3005
3004
3000
2997
2994
2991
2989
2988
2986
2985
2984
2983
2982
2981
2979
2978
2975
2974
2968
2967
2962
2958
2955
2953
2951
2949
2945
2940
2937
2936
2931
2928
2927
2926
2925
2924
2922
2921
2920
2919
2917
2916
2915
2912
2910
2909
2908
2906
2904
2898
2895
2894
2892
2886
2882
2881
2879
2878
2872
2868
2867
2866
2861
2859
2856
2853
2852
2851
2849
2847
2843
2841
2840
2838
2836
2833
2831
2828
2824
2823
2821
2820
2819
2818
2816
2815
2809
2807
2806
2805
2802
2801
2799
2797
2795
2793
2789
2786
2784
2781
2774
2773
2765
2761
2758
2757
2751
2747
2745
2744
2743
2740
2739
2733
2731
2730
2723
2718
2717
2715
2713
2711
2710
2705
2703
2702
2701
2699
2697
2692
2689
2686
2684
2683
2682
2681
2678
2676
2675
2671
2666
2665
2662
2661
1354
3355
3263
2903
2764
1027
1383
1093
1579
1203
1499
1187
1666
1654
3410
2971
2813
1193
938
1568
1759
1414
1138
1749
989
1649
904
1103
1315
1433
3290
2826
1031
1104
1784
1648
1474
975
1550
1719
1494
1578
1067
1607
943
1544
1328
1586
1368
1111
1899
1475
1448
1218
1903
1655
1592
1875
1729
1454
1009
898
1208
1691
1587
1379
988
1081
971
1410
1828
1503
1406
1099
1018
941
1144
1732
1582
1907
1848
1820
1216
1032
957
933
903
1889
1788
955
1806
1698
1593
1567
1033
1462
1279
1892
1629
1601
1533
1493
1452
1333
1319
1232
1118
963
1873
1871
1841
1764
1751
1742
1720
1638
1591
1573
1432
1396
1381
1345
1298
1261
1257
1158
1115
1082
1044
1036
481
396
601
425
685
684
682
681
678
668
667
665
658
656
655
654
653
648
647
646
644
640
639
636
633
632
626
625
624
621
620
619
617
613
611
603
597
595
587
584
583
579
577
574
558
539
3173
2885
3278
3248
3222
3101
2822
1098
1701
1505
1445
1073
973
1588
1450
1360
990
1157
1506
1270
1087
1731
1356
1212
939
1007
1150
1865
1077
1008
1895
1787
1177
1097
992
3304
3233
2775
1301
1178
923
1726
1664
1756
1169
1840
1249
1042
