107
784
3793
9
3549
3519
2879
259
1138
3981
147
3566
214
3854
3883
564
3959
3949
749
8
2808
216
2807
3988
3595
702
3885
114
2181
663
454
3836
2349
3691
175
2885
3616
1461
3447
228
179
859
3583
3661
3200
1956
3989
43
956
1838
884
254
3055
262
578
3965
633
2569
3925
3632
1030
3401
1527
3645
880
406
167
3128
219
1814
3165
3776
3282
3589
2792
3916
3652
1071
2834
3694
3270
795
1176
801
11
1887
3544
494
788
744
762
728
723
885
3814
3716
3920
3679
2641
3475
337
2360
4025
2587
401
1657
2514
1933
2256
996
1151
2527
2515
2214
293
3898
3541
2842
1400
1043
1830
2740
4006
4003
1168
3059
244
2860
3178
2933
3248
887
3013
552
1157
2975
2957
2668
2801
464
3061
2876
2442
255
3088
2818
91
1395
3832
393
2380
1225
476
3457
3936
1681
1633
881
2168
2
149
4037
140
447
1822
3443
81
241
547
183
1785
3597
2178
6
3217
106
679
3539
3748
2595
3910
1558
1000
2714
185
264
245
3314
4033
3305
16
775
163
190
27
1924
923
3525
3751
1937
36
207
987
1442
3878
613
857
349
730
1697
1098
3650
530
490
699
3444
712
2699
1002
1417
1022
292
357
2177
3003
3317
3879
3271
300
575
3939
1058
5
904
3619
235
3532
2736
3866
894
410
390
1264
1057
3700
1253
1270
634
892
1386
3786
1385
642
3859
3626
3533
869
1232
2998
802
2431
3845
3600
985
383
3843
189
215
166
1297
776
660
71
2857
491
1233
2776
1890
1251
3908
94
865
3520
60
54
3279
3778
2483
3890
184
4014
470
427
2791
867
2700
2709
3329
3415
2727
3639
3613
3928
1808
4007
3980
4020
891
2493
352
64
3535
2581
291
3707
3847
3696
3664
3505
3222
3588
3508
3487
3723
647
681
675
3654
682
600
627
541
3570
3726
76
220
41
3074
2774
509
2817
2884
1317
3991
594
2570
1194
1607
191
807
521
815
693
720
3678
848
646
792
811
796
3653
738
772
766
803
821
3446
3699
3647
480
573
145
90
586
2269
3742
321
248
192
3774
3957
3708
3899
1775
3483
3606
113
365
3729
2091
1521
2162
1692
2341
3477
2621
2548
2456
4
2450
2402
1908
99
1990
2558
12
2298
922
347
2141
1444
1982
2031
1965
2096
325
2066
1987
2230
2274
2618
2182
482
2100
2440
3388
3024
771
3031
3929
3507
1552
3871
355
2922
1618
453
1027
3473
4034
3874
4001
1187
785
3995
477
4030
3744
1805
3428
2789
3130
2990
3392
2891
2767
3066
2759
2766
2837
3400
3193
157
3269
2897
2935
3752
3922
3139
3430
2671
3183
3208
2882
2301
3357
2684
1234
3194
2784
4022
3181
3242
3410
358
3354
3414
3745
2926
3367
3015
2711
520
3371
3151
2744
3190
3370
3235
1239
3372
3290
3227
3161
1186
3058
385
3438
2899
2898
52
418
96
2832
3175
1654
1911
3429
2541
757
3811
351
178
3268
3904
1592
58
3808
448
907
1355
333
233
3673
1651
2980
3746
3880
44
226
2321
2167
39
3719
327
3997
4029
4018
4012
208
2373
4026
3807
4011
42
3659
1016
1562
3622
861
1606
560
3682
3876
1852
2962
585
1677
2769
314
3978
1050
3984
1679
854
1441
3512
3071
3310
882
23
540
3992
37
3143
468
240
3770
1313
3915
1635
630
1263
3935
657
48
1064
2826
3526
1144
1077
1840
1145
57
3844
85
1477
1383
3398
3923
1777
1200
649
1719
3236
3251
1779
863
750
46
935
2281
377
1203
3841
3531
3813
1296
1829
1065
3762
502
3953
1087
522
336
1901
1005
1711
1855
1759
10
3685
676
1001
611
3461
1430
740
1969
2382
3407
3131
3781
399
1476
224
1641
298
707
753
3037
1518
622
177
1531
3126
1254
32
2995
1708
769
159
759
371
2503
3560
3755
424
3946
24
3893
3911
283
3952
486
3666
668
317
3534
1286
2725
875
3164
1356
112
533
3787
608
3641
154
3482
603
1749
4008
3889
2686
335
258
2193
1615
1119
3872
467
2227
1216
279
1788
15
135
302
667
1640
1760
3775
746
2270
209
841
1357
3703
328
1266
3045
2535
1776
310
900
931
77
3408
1362
125
2788
1414
918
97
382
118
3094
1486
1455
1631
2403
528
1023
3470
2722
1310
1670
3134
1031
1773
3627
222
3458
440
182
620
988
965
3765
1276
3852
472
47
1326
3485
1586
2041
593
3903
165
1169
873
765
153
130
3955
287
877
3763
584
721
3688
1033
1262
88
3942
2034
3750
4036
832
2358
3375
1045
141
53
194
1295
1154
1283
1308
1110
1088
1268
3840
3472
1342
664
3095
83
3914
65
1744
3637
33
3810
269
3180
2825
3203
3275
3091
2726
3413
2745
2710
846
443
3795
689
59
2185
1713
2439
2342
218
3727
3757
3465
3975
3571
3849
605
701
755
812
856
2397
3147
230
508
643
659
628
3961
3615
2923
2734
2760
3537
3655
3993
4038
910
2780
3099
3431
2685
299
3547
3548
1698
1825
1105
2861
2799
874
202
217
3459
3564
3927
2263
901
1629
3861
581
3669
937
3466
3602
3524
316
422
617
612
644
579
626
3122
3141
171
2982
768
733
786
833
372
1579
1567
1360
3821
1240
284
309
3720
3789
3550
3496
84
313
29
4000
3325
3309
2889
2703
1474
1127
974
1246
557
481
3937
3460
3909
3931
3630
3956
3469
1905
1434
137
14
17
144
326
2106
879
870
364
501
110
2813
2848
3188
3081
3308
3307
3105
3272
3060
2762
3063
3346
3211
4009
1650
955
1197
909
1111
1368
629
3917
3628
3538
3657
3516
3481
3562
3649
3479
19
1974
2650
2170
2490
2444
2486
912
2160
2156
4013
3983
4027
3940
3863
3478
3587
3799
3513
375
751
794
842
696
813
789
3867
3423
3612
3825
3888
3592
3772
3950
2691
3967
3500
3783
1566
1696
1599
319
3083
2886
2949
93
3601
3402
3338
3425
3773
3553
3504
3551
625
653
588
658
665
650
582
576
640
595
615
662
661
635
632
577
670
599
111
151
312
305
3127
864
929
1403
3053
3218
748
695
777
764
839
732
703
844
752
687
727
835
741
818
806
787
709
713
774
756
770
843
810
829
800
830
853
851
847
845
836
799
790
781
763
758
726
824
840
797
793
745
719
820
716
823
814
724
708
705
686
827
780
739
698
849
828
734
819
697
688
3580
3638
3439
3932
174
227
68
143
278
2513
3579
3759
3476
3918
3701
3766
3964
574
621
2146
1949
2251
1999
2375
2105
1968
2217
1321
2228
2082
2580
2238
2023
1992
1930
1915
2260
2639
2585
1972
2644
2534
2173
2422
2049
2466
2577
2540
2614
2277
2012
1928
2494
1919
1150
2288
2048
2523
2448
2411
2236
2089
2612
1977
2660
2022
1950
2159
1927
1976
1958
2310
2265
2234
2129
1975
2628
2455
2126
2120
2529
2018
2225
2192
2647
2061
2025
2248
1936
2313
2207
1913
2357
2107
1960
2099
2620
2013
2656
2035
1944
2101
2536
2622
2544
2171
1957
2519
2648
2004
2222
1952
2417
2305
2496
1865
2164
2239
2136
2387
2092
2568
2479
2485
2427
2311
2208
1963
2258
2477
2476
2433
2131
2060
1986
2576
2044
1953
2467
2350
2374
2376
2287
2109
2418
2308
2573
2495
2303
2005
2392
2201
2386
2326
2046
2542
2407
2184
2566
2557
2531
2209
2449
2501
2317
2205
2312
2221
2116
2297
2447
2157
1951
2505
2366
2362
2361
2036
1923
2338
2365
2284
1995
1935
2659
2583
1991
1931
2658
2627
2430
2562
2401
2055
1997
1925
2231
2500
2651
2000
1998
2409
2356
2406
2318
2623
2539
2253
2064
1962
2484
2276
2122
2058
2426
2320
2654
2593
2499
2462
2393
2646
2607
2140
2123
1918
2488
2412
2114
2400
2546
1929
2324
2633
2538
2024
2006
2584
2190
2553
2549
2423
2414
2097
2011
2314
2370
2216
2200
2188
2438
2029
2589
2065
1988
2257
2511
2072
2413
2389
2095
2145
2322
2197
2530
2459
2378
2249
2057
2415
2155
2599
2133
2242
2652
2399
2075
1994
2603
2609
2474
2371
2144
2272
2211
2617
2377
2613
2590
2353
2329
2261
2240
2086
2083
2063
2021
1993
2135
2264
2518
2003
2071
2223
2637
2295
2572
2189
2081
1932
2001
2582
1916
2134
1921
2537
2605
2597
2445
2396
2367
2235
2502
2332
2315
2215
2062
2111
2330
2285
2279
1702
2574
2229
2108
2482
2468
2410
2391
2147
2112
2090
2084
2625
2578
2492
2339
2069
1955
2624
2363
2150
2615
2383
2278
2043
1971
2196
2137
1577
2429
2408
2300
2179
2104
2020
2638
2586
2521
2520
2309
2218
1943
2299
2154
2033
2619
2554
2469
2404
2331
2220
2121
2115
2030
2434
2394
2390
2161
2588
2432
2292
1920
2564
2551
2323
2212
2074
2037
1966
1917
2345
2336
2026
2611
2601
2563
2561
2560
2559
2552
2532
2526
2395
2352
2334
2307
2275
2266
2139
2077
2045
1984
1942
2602
2591
2579
2575
2550
2478
2446
2381
2359
2244
2056
2631
2606
2507
2369
2290
2213
1985
2604
2464
2237
2210
2165
2118
2103
2073
1979
2610
2472
2327
2304
2039
2512
2280
2053
2010
2461
2117
