0
2569
4022
3748
52
2269
3746
668
240
3451
210
607
2541
12
81
3952
1558
454
3717
692
875
3798
2079
287
2596
3230
4006
4027
3988
4001
3987
4038
4031
4026
3986
4021
3981
4002
3995
3985
4017
4025
594
4037
4014
3994
4036
4034
4033
4032
4030
4029
4028
4024
4023
4020
4019
4018
4016
4015
4013
4012
4011
4009
4008
4007
4005
4004
4003
4000
3999
3998
3997
3996
3993
3992
3991
3990
3989
3984
3983
3982
3980
4035
2548
4010
2527
2106
2632
2178
2441
2439
2380
2375
2051
2528
2238
2094
1949
1933
1961
2558
2217
2113
2545
2034
2017
2442
2089
2577
2565
2320
2255
2170
1950
2515
1924
2349
2360
2493
2505
2265
2371
2162
2091
2481
2357
1934
1957
2160
2638
2587
2341
2648
2225
2011
241
476
321
71
234
2494
2284
120
1002
1759
655
611
628
615
681
595
600
578
684
625
575
664
573
393
490
466
443
399
652
685
636
485
464
433
568
530
477
459
528
2237
2640
2378
1935
2448
2272
2166
2036
2114
2365
2159
2318
2270
2495
2485
2482
2359
2200
2115
2478
2069
1974
2464
2446
2121
2030
1962
2660
2459
2171
2027
2022
1973
2654
2623
2615
2591
2575
2559
2556
2550
2500
2467
2460
2430
2427
2410
2408
2376
2339
2331
2329
2323
2309
2306
2262
2261
2258
2244
2229
2216
2188
2172
2142
2140
2139
2112
2109
2108
2074
2055
2045
2033
2005
1966
1953
1946
1929
2362
2432
2048
2295
2628
2480
2310
2531
2560
2568
2243
2226
2644
2637
2581
2572
2503
2474
2411
2403
2366
2322
2277
2242
2193
2141
1990
1978
2571
2646
2600
2428
2414
2396
2249
2137
2092
2058
2652
2438
2384
2161
2110
2063
1981
2134
2473
2472
1923
2659
2658
2657
2656
2655
2651
2650
2647
2645
2641
2639
2636
2635
2634
2633
2631
2630
2627
2626
2625
2624
2622
2621
2620
2619
2618
2614
2613
2612
2611
2610
2607
2606
2604
2603
2602
2601
2599
2597
2595
2593
2590
2586
2585
2584
2583
2580
2579
2578
2576
2574
2573
2570
2566
2564
2563
2562
2561
2557
2554
2553
2552
2551
2549
2546
2540
2539
2538
2537
2536
2535
2534
2532
2530
2526
2525
2524
2523
2522
2521
2520
2519
2518
2517
2514
2513
2507
2506
2504
2499
2497
2496
2492
2490
2489
2488
2487
2486
2484
2483
2479
2477
2476
2470
2469
2466
2462
2457
2456
2455
2454
2453
2452
2450
2449
2447
2445
2444
2443
2440
2437
2435
2434
2433
2431
2429
2426
2425
2424
2423
2422
2421
2418
2416
2415
2412
2409
2407
2406
2405
2404
2402
2401
2400
2397
2395
2393
2392
2391
2390
2388
2387
2386
2383
2382
2381
2379
2374
2373
2370
2369
2367
2364
2363
2361
2358
2356
2355
2354
2353
2352
2350
2348
2346
2345
2344
2342
2340
2337
2335
2334
2330
2327
2326
2325
2324
2321
2317
2316
2314
2313
2312
2311
2308
2307
2305
2304
2303
2301
2300
2299
2297
2296
2293
2291
2290
2288
2287
2286
2281
2280
2278
2276
2275
2274
2271
2263
2260
2259
2257
2256
2254
2253
2252
2251
2248
2245
2240
2236
2235
2234
2233
2232
2231
2230
2228
2227
2222
2221
2220
2219
2218
2214
2213
2212
2211
2210
2209
2208
2207
2206
2205
2204
2202
2201
2197
2192
2190
2186
2184
2182
2181
2179
2177
2175
2173
2168
2167
2165
2164
2158
2157
2156
2154
2152
2150
2147
2146
2145
2136
2131
2130
2129
2128
2126
2124
2123
2122
2120
2119
2118
2116
2107
2105
2104
2103
2100
2099
2098
2097
2096
2095
2093
2090
2088
2086
2085
2084
2083
2082
2080
2078
2077
2076
2075
2073
2070
2067
2066
2064
2061
2060
2059
2057
2056
2050
2049
2046
2044
2043
2041
2040
2039
2037
2035
2031
2029
2025
2024
2023
2021
2020
2019
2018
2016
2014
2013
2012
2009
2008
2006
2004
2001
2000
1999
1998
1997
1996
1995
1994
1993
1992
1991
1989
1988
1987
1986
1985
1984
1983
1982
1980
1979
1977
1976
1975
1972
1971
1970
1969
1968
1965
1964
1963
1960
1958
1956
1952
1951
1944
1943
1942
1939
1938
1937
1936
1931
1930
1928
1927
1926
1925
1922
1921
1919
1918
1917
1915
1914
1913
2653
2643
2589
2511
2475
2419
2394
2343
2294
2246
2185
2155
2133
2072
2071
2052
2003
1955
1954
1947
1920
208
63
160
49
154
288
501
364
46
125
202
159
167
32
96
311
191
281
38
220
2
318
143
68
242
187
6
5
227
328
275
4
231
23
268
298
222
62
27
266
249
213
204
196
180
101
24
192
299
80
221
343
230
93
178
106
290
283
224
141
84
65
51
39
3
274
239
197
161
127
108
55
40
13
326
19
331
310
226
20
341
304
128
85
75
264
201
347
340
136
129
322
1417
1562
1657
1264
1731
935
1430
1762
1797
1364
1354
1443
931
1139
1693
1566
1105
1200
1492
1499
1089
943
1599
1711
1350
1343
1586
955
1727
1152
1890
1884
1134
1015
994
1531
1647
1634
1889
1218
1016
956
1306
944
1820
1336
1064
1024
1040
1665
1508
1356
1295
1212
1106
1649
1906
1830
1781
1482
1355
1304
1236
1127
1000
1569
1382
1366
1260
1051
1042
965
898
1575
1646
1776
992
1479
1014
919
1893
1862
1857
1841
1728
1716
1587
1583
1462
1448
1423
1292
1257
1192
1115
1082
1044
1036
1021
984
954
1060
1872
1859
653
375
1268
1770
1699
1507
1496
1415
1189
1526
1169
623
617
1427
976
1967
457
403
1894
1882
1878
1794
1742
1706
1677
1455
1406
1277
1273
1158
1102
385
367
356
1114
667
551
440
508
682
680
679
677
675
672
671
670
665
663
662
661
660
659
658
657
656
654
650
648
647
644
643
640
639
638
635
633
632
631
627
626
622
621
620
619
618
616
613
612
605
603
602
599
598
597
592
589
588
585
584
583
582
581
579
577
576
427
173
609
593
569
529
494
398
352
678
630
574
512
560
473
445
444
1897
1300
676
673
637
634
614
610
587
586
547
481
390
355
535
504
368
669
666
604
559
452
430
378
558
523
506
373
362
1881
1543
1529
1425
1374
1237
936
601
515
497
487
460
432
394
391
572
570
565
564
562
561
557
556
555
554
552
550
549
548
546
545
544
543
541
540
539
536
534
533
532
531
522
521
519
518
516
514
513
511
510
509
507
505
503
502
500
499
498
496
495
493
491
489
488
486
484
482
480
479
478
474
470
469
468
467
463
462
461
458
455
453
450
449
448
447
446
442
441
439
438
437
436
435
434
431
429
426
425
424
422
421
418
415
413
411
410
409
408
407
406
405
404
402
401
397
396
386
384
383
382
381
380
379
377
372
371
369
365
363
361
359
358
357
354
351
350
349
2885
269
3147
3127
3055
1802
1568
1880
1601
901
1895
1798
1747
1629
1452
1333
938
2617
2616
2609
2605
2594
2588
2582
2567
2544
2543
2529
2512
2508
2502
2498
2471
2468
2465
2463
2461
2451
2436
2420
2417
2413
2398
2389
2377
2351
2338
2315
2298
2289
2273
2241
2224
2215
2189
2183
2180
2176
2174
2163
2151
2148
2144
2143
2135
2127
2101
2081
2062
2042
2038
2028
2026
2010
2002
1941
1940
1932
1916
1050
1710
1788
1817
1393
1321
1805
1909
1080
1254
2941
1594
1822
1266
1256
1435
1153
997
1457
1370
1250
1209
1017
1130
1055
1769
1389
1164
1135
1644
1471
1390
1380
934
1774
1734
1659
1604
1524
1365
1867
1836
1833
1816
1810
1746
1721
1700
1623
1557
1491
1402
1375
1344
1289
1267
1238
1184
1181
1149
1125
1079
1059
968
925
922
1831
1827
1584
1530
1670
1846
1765
2649
2642
2629
2608
2598
2592
2555
2547
2542
2533
2516
2510
2509
2501
2491
2458
2399
2385
2372
2368
2347
2336
2333
2332
2328
2319
2302
2292
2285
2283
2282
2279
2268
2267
2266
2264
2250
2247
2239
2223
2203
2199
2198
2196
2194
2191
2187
2169
2153
2149
2138
2132
2125
2117
2111
2102
2087
2068
2065
2054
2053
2047
2032
2007
1959
1948
1945
1912
1804
1757
1718
1675
1399
1391
1026
920
916
1842
1754
1617
1341
1269
1230
1211
1191
1185
1012
526
1552
897
1896
1741
1722
1570
1470
1458
1409
1377
1334
1331
1219
1214
1173
1083
1671
1294
1109
948
915
475
366
329
325
188
163
100
98
79
217
150
346
345
344
342
339
338
337
336
335
334
333
332
330
327
324
323
320
319
317
315
314
313
312
309
308
307
306
305
303
302
301
300
297
296
295
294
293
292
291
289
286
285
284
282
280
279
278
277
276
273
272
271
270
265
263
262
261
260
259
258
257
255
254
253
252
251
250
248
247
246
245
244
243
238
237
236
235
232
229
228
225
223
219
218
216
215
214
212
211
207
206
205
203
200
199
198
195
194
193
190
186
185
184
183
182
181
179
177
176
175
174
172
170
169
168
166
165
164
162
158
157
156
155
153
152
151
149
148
147
146
145
144
142
140
139
138
137
135
134
133
132
131
130
126
124
123
122
121
118
117
116
115
114
113
112
111
110
109
105
104
103
102
99
97
95
94
92
91
90
89
88
87
86
83
82
78
77
76
73
72
70
69
67
66
61
60
59
57
56
54
53
50
48
47
45
44
42
41
37
36
34
33
31
30
29
28
26
25
22
21
18
17
16
15
14
10
9
8
7
1
1023
1784
1613
1535
1029
1683
1678
1045
1701
1144
1033
970
1838
1410
923
1866
908
1579
1553
1641
961
1910
1907
1905
1904
1903
1902
1901
1900
1899
1898
1892
1891
1888
1887
1886
1885
1879
1877
1876
1875
1874
1873
1871
1870
1869
1868
1865
1864
1863
1861
1856
1855
1854
1853
1852
1850
1849
1848
1847
1845
1844
1840
1839
1834
1832
1829
1828
1826
1824
1823
1821
1819
1818
1815
1814
1813
1812
1811
1809
1808
1807
1801
1800
1799
1796
1795
1793
1791
1790
1789
1786
1785
1783
1782
1780
1778
1777
1775
1773
1772
1771
1768
1767
1766
1764
1763
1761
1760
1756
1755
1753
1752
1751
1750
1749
1748
1745
1744
1743
1740
1739
1738
1737
1736
1735
1733
1732
1730
1729
1725
1724
1723
1720
1717
1715
1714
1713
1712
1709
1708
1707
1704
1703
1698
1697
1696
1695
1694
1692
1691
1690
1689
1688
1686
1685
1682
1681
1680
1679
1676
1673
1672
1669
1668
1667
1664
1663
1662
1661
1660
1658
1655
1654
1653
1652
1651
1650
1648
1645
1643
1640
1638
1636
1635
1633
1632
1631
1630
1628
1627
1626
1625
1624
1621
1620
1619
1618
1616
1615
1614
1611
1610
1609
1608
1607
1606
1605
1603
1602
1600
1598
1597
1596
1595
1592
1591
1589
1588
1585
1582
1581
1580
1578
1576
1574
1573
1572
1571
1567
1565
1563
1560
1559
1556
1554
1551
1550
1548
1547
1546
1545
1544
1542
1541
1540
1539
1538
1536
1532
1527
1525
1523
1522
1521
1520
1519
1517
1516
1515
1514
1512
1510
1509
1506
1504
1503
1502
1501
1500
1498
1497
1495
1493
1490
1489
1488
1487
1485
1484
1483
1481
1480
1478
1476
1475
1474
1473
1472
1469
1468
1467
1464
1463
1459
1456
1454
1453
1451
1449
1447
1446
1444
1442
1439
1438
1436
1433
1432
1431
1429
1428
1426
1424
1422
1420
1418
1416
1414
1413
1412
1411
1408
1407
1404
1403
1401
1400
1398
1397
1396
1395
1394
1392
1388
1386
1385
1383
1381
1379
1378
1376
1373
1372
1371
1368
1367
1363
1362
1361
1359
1358
1357
1353
1352
1351
1349
1348
1347
1346
1345
1342
1340
1339
1338
1337
1335
1332
1330
1328
1326
1325
1324
1323
1322
1320
1319
1318
1316
1315
1314
1313
1311
1310
1309
1308
1303
1302
1301
1299
1298
1296
1293
1291
1290
1288
1287
1286
1285
1284
1283
1282
1281
1280
1279
1278
1276
1275
1272
1271
1270
1265
1263
1262
1261
1259
1258
1255
1253
1252
1251
1249
1248
1247
1246
1245
1244
1243
1242
1241
1240
1239
1235
1234
1233
1232
1231
1229
1228
1227
1226
1225
1224
1223
1222
1221
1220
1217
1216
1215
1213
1210
1208
1207
1206
1205
1204
1203
1202
1201
1199
1198
1197
1196
1195
1194
1190
1188
1186
1183
1180
1179
1177
1176
1174
1172
1170
1168
1167
1166
1163
1162
1161
1160
1159
1157
1156
1155
1154
1150
1148
1147
1145
1143
1142
1141
1138
1137
1133
1132
1131
1129
1128
1126
1124
1123
1122
1121
1120
1119
1118
1117
1116
1113
1112
1111
1110
1108
1107
1104
1103
1101
1100
1099
1097
1095
1094
1093
1092
1091
1090
1086
1084
1081
1078
1076
1075
1073
1072
1071
1070
1069
1068
1067
1066
1063
1062
1061
1057
1056
1054
1052
1048
1047
1046
1043
1041
1039
1038
1037
1035
1034
1032
1030
1028
1027
1025
1022
1020
1019
1018
1013
1011
1010
1009
1008
1007
1006
1005
1004
1003
1001
999
998
993
989
988
986
985
983
982
981
980
979
978
977
975
974
972
971
969
966
964
963
962
960
959
958
957
953
952
951
950
949
947
945
942
941
940
939
937
933
932
930
928
926
924
921
918
917
914
913
912
910
909
907
906
905
903
902
900
899
896
649
641
629
606
596
538
517
389
3565
3959
3922
683
651
646
645
591
590
580
566
563
553
542
537
527
525
524
520
492
483
472
471
465
456
451
428
423
420
419
417
416
414
412
400
395
392
388
387
376
374
370
360
353
348
3589
2685
2878
58
3282
3358
3323
3126
2799
3067
2922
2895
3191
3155
2847
2671
2768
3322
2886
2707
3012
3401
2997
3092
3144
2855
3436
3227
3354
3200
3329
3242
3306
2876
3072
2918
2898
2804
3399
3074
2774
3393
3163
2766
2805
3428
3109
3271
3216
2893
3315
3303
2784
3238
2762
3355
3297
3265
2730
3254
2808
3181
2981
2899
2663
3203
3068
3061
3091
2824
3261
3418
3402
3081
3260
3058
3046
3002
2846
2720
2662
3312
2868
2865
2832
3391
3154
3103
2728
3335
3188
2859
2942
2825
2714
3300
2978
2809
2807
3294
3298
2708
2672
2791
3382
3234
3052
3373
3292
3001
2992
2696
2928
3383
3342
2882
2881
2787
2723
3086
2785
2661
2950
2932
3262
3079
2854
2837
2794
2681
2900
2692
2917
3433
3257
3025
3014
2993
2987
2940
2907
2873
2741
3348
3193
3064
3056
3036
2927
2815
3381
3350
3280
3247
3201
3146
3120
3017
2863
2796
2793
2778
3023
3325
3314
3283
2889
3301
3226
3149
3129
3096
3065
3047
3040
2943
2867
2864
2761
2666
3341
3307
3305
3215
3138
3117
2795
2751
2702
3349
2841
3411
3327
3198
3107
3082
2955
2921
2914
3363
3250
3142
3108
3098
3090
3078
3054
3004
2974
2960
2929
2920
2909
2800
2777
2755
2754
2746
2738
1837
1787
1533
1461
987
3179
2678
1146
1792
1577
1564
1441
1434
1031
1327
1305
3385
3361
3263
2979
2693
1825
1049
3245
3205
3165
3020
2976
2968
2964
1561
1528
1477
1460
1450
1445
1384
1140
1087
996
991
973
929
3178
2813
1911
1858
1843
1702
1674
1440
1437
1165
990
3406
3168
1860
1851
1835
1779
1639
1637
1622
1612
1590
1513
1369
1329
1312
1175
967
946
927
2826
1908
1883
1642
1465
1182
1151
1077
1074
1058
1053
995
3003
1549
1486
1387
1297
904
189
119
64
3637
1806
1803
1719
1705
1687
1593
1555
1537
1518
1511
1494
1421
1360
1317
1307
1274
1193
1187
1178
1136
1098
1088
107
3513
3879
3619
3477
3445
3700
3882
3582
3751
3457
3492
3575
3537
3646
3503
3848
3720
3883
3953
3660
3510
3903
3711
3620
3539
3523
3479
3834
3768
3681
3536
3963
3446
3635
3528
3725
3657
3532
3614
3785
3827
3666
3590
3896
3724
3515
3598
3526
3669
3964
3671
3617
3518
3450
3712
3790
3627
3462
3961
3723
3714
3569
3901
3594
3562
3967
3960
3696
3926
3917
3874
3743
3825
3561
3718
3881
3652
3464
3975
3757
3579
3519
3476
3951
3947
3924
3558
3763
3822
3810
3643
3506
3867
3588
3673
567
3891
3658
3576
3737
3485
3894
3682
3861
3849
3742
3972
3909
3906
3593
3554
3460
3977
3865
3722
3715
3713
3705
3685
3599
3472
3600
3616
3888
3941
3659
3522
3702
3592
3496
3804
3697
3480
3533
3824
3760
3449
3438
3435
3434
3432
3431
3430
3429
3427
3426
3425
3424
3423
3422
3421
3420
3419
3417
3416
3415
3414
3413
3412
3410
3409
3408
3405
3404
3403
3400
3398
