107
693
3980
3530
1466
3846
4033
264
18
4002
1394
174
3984
3990
4005
3936
2799
4032
3181
4015
1908
3983
864
296
1651
1145
3854
2481
564
3487
2321
1967
2527
1607
3946
657
33
2721
3732
2421
233
220
638
1002
918
2814
1022
384
3071
2357
154
499
3974
3952
90
2792
3665
287
3691
1224
138
4028
887
3991
881
228
1119
873
2015
2437
393
163
454
2245
3616
3755
3372
3661
2747
3398
2857
3796
3354
3892
3875
4007
4016
95
61
3504
185
4001
288
177
3847
4011
2580
289
4031
247
300
219
73
3849
268
97
218
3925
3720
892
27
3668
2263
1372
338
22
12
54
305
4035
4034
205
576
20
4024
1276
447
3317
43
202
3592
3589
4022
4008
2079
3777
3716
865
791
725
3772
743
785
721
863
750
3814
871
870
857
777
878
839
3091
735
3631
716
2952
1776
2301
2456
11
945
1058
3055
2441
3748
3439
1892
1552
273
2457
3724
256
2884
1498
1802
552
255
2808
501
1445
3537
1439
1354
1974
1546
426
3798
2298
3467
1777
427
1788
76
1961
1474
509
2470
3626
3839
2595
646
2146
3727
3074
282
206
2723
3045
3911
3666
2678
1046
744
3709
164
3044
269
2691
3157
2383
3621
1869
757
3183
3125
240
2596
1755
1353
3682
1168
3963
286
2692
3370
157
1383
52
1510
3637
3856
2826
1071
3801
3708
3942
607
1252
2816
3502
3978
1896
1008
3401
3230
234
2528
2842
1760
1856
2811
270
2802
1301
3314
244
3914
2998
1233
3890
2954
3323
207
673
1096
1915
3453
292
478
152
309
2450
3778
574
35
3006
2760
433
3686
717
3882
153
3492
631
3427
81
862
3037
2162
381
1111
464
1889
3887
3227
3147
3127
2817
2382
2535
879
729
804
886
889
3522
2837
3653
3789
3961
3566
4
195
78
328
181
306
275
182
3742
3954
3733
3916
278
3551
3912
3897
3844
3799
2167
2094
2281
2487
476
198
399
858
872
776
874
3489
3513
2204
42
1053
2483
1956
102
263
99
321
227
175
143
1670
3251
2732
2902
3131
2930
3180
3105
2776
3200
2861
3122
3053
3271
3218
4036
3999
4025
4037
4020
3994
4030
4006
4027
259
8
193
3992
4000
3746
3673
3981
4023
3998
3995
4019
3986
3997
3993
3985
4026
4021
3988
3982
4009
3996
4029
4017
4004
4018
4038
4010
3989
594
4014
4003
4013
4012
3987
816
707
888
732
789
868
852
746
712
854
701
767
742
733
808
762
723
689
818
806
691
822
714
797
740
809
758
885
880
876
875
867
866
798
831
835
799
761
703
795
837
773
766
695
845
833
829
794
782
846
844
840
812
778
759
739
737
724
709
834
827
754
826
711
784
706
849
752
726
848
842
768
755
745
734
727
722
720
697
850
841
836
821
819
817
813
803
796
792
786
771
770
756
736
718
715
702
700
694
690
748
793
787
783
820
747
698
838
815
805
780
765
705
696
688
760
763
687
853
847
713
710
843
830
828
824
807
738
731
814
781
719
882
753
686
779
764
741
869
823
800
769
730
861
825
811
810
774
772
728
708
856
894
895
860
859
890
802
788
775
751
749
855
877
884
704
891
832
851
801
790
699
893
692
883
3723
3580
3960
3679
3444
3809
3920
3478
3771
3806
3546
3446
3840
3644
3861
3641
3933
3587
3598
3632
3603
3934
3880
3443
3538
3743
3531
3624
3585
3549
3876
3685
3647
3600
3463
3460
3891
3964
3696
3655
3646
3766
3751
3612
3579
3519
3833
3792
3872
3544
3454
3859
3660
3648
3802
3698
3472
3775
3852
3929
3643
3543
3883
3919
3481
3740
3862
3902
3574
3552
3533
3479
3711
3493
3614
3468
3855
3458
3893
3601
3568
3895
3483
3878
3678
3795
3779
3841
3659
3944
3707
3835
3508
3932
3886
3756
3675
3817
3667
3611
3471
3457
3962
3828
3784
3456
3731
3670
3654
3804
3762
3605
3573
3452
3527
3462
3526
3618
3495
3940
3525
3466
3975
3571
3956
3937
3726
3464
3869
3759
3664
3871
3857
3725
3662
3969
3718
3863
3490
3455
3790
3450
3697
3578
3602
3534
3532
3469
3951
3868
3950
3561
3555
3903
3680
3591
3569
3976
3947
3768
3736
3658
3791
3758
3690
3500
3810
3628
3636
3634
3923
3948
3609
3687
3448
3927
3498
3769
3663
3590
3837
3836
3572
3486
3924
3907
3822
3818
3864
3943
3888
3761
3540
3695
3594
3581
3516
3764
3640
3577
3832
3557
3529
3971
3966
3734
3730
3721
3702
3693
3542
3514
3503
3788
3765
3449
3909
3870
3738
3620
3921
3773
3599
3563
3470
3442
3547
3926
3913
3889
3845
3824
3672
3651
3488
3823
3584
3866
3623
3524
3627
3576
3559
3497
3639
3562
3815
3728
3722
3629
3615
3608
3550
3873
3830
3517
3770
3671
3507
3506
3915
3881
3554
3900
3593
3843
3825
3821
3617
3564
3750
3520
3930
3838
3681
3518
3901
3850
3505
3674
3774
3757
3604
3739
3831
3968
3908
3851
3797
3780
3703
3683
3633
3491
3438
3938
3884
3877
3800
3692
3684
3625
3475
3440
3979
3973
3972
3958
3957
3945
3939
3935
3931
3918
3917
3906
3905
3904
3896
3894
3874
3867
3860
3858
3848
3834
3829
3827
3826
3819
3808
3805
3803
3794
3793
3786
3785
3783
3782
3776
3763
3760
3754
3753
3752
3749
3747
3741
3737
3735
3719
3715
3714
3713
3710
3706
3705
3704
3700
3689
3677
3669
3656
3649
3645
3642
3638
3635
3630
3607
3597
3596
3586
3567
3558
3553
3548
3545
3541
3539
3535
3528
3523
3521
3512
3511
3510
3509
3499
3496
3494
3485
3482
3480
3476
3474
3473
3461
3842
3501
3437
3484
147
6
86
262
319
131
46
44
135
139
108
2
279
293
89
260
225
57
241
317
307
253
24
149
151
312
214
162
251
127
284
36
83
23
3141
364
106
281
178
45
69
115
111
19
14
238
53
201
91
254
249
49
101
94
179
326
137
150
230
346
242
130
310
226
93
28
117
144
116
316
197
165
31
250
96
303
84
320
204
184
237
51
39
168
334
3899
339
229
148
2431
2424
1937
681
661
632
647
628
582
60
13
246
87
248
9
236
232
302
299
180
80
30
1
231
169
77
272
294
132
105
50
314
211
176
85
315
290
134
66
343
337
335
333
330
318
313
298
295
274
267
266
235
209
203
196
194
192
189
187
173
155
146
145
140
129
121
118
112
110
100
92
79
68
63
59
55
41
38
29
17
16
5
159
122
342
222
340
297
199
332
141
7
311
98
224
65
280
142
113
341
252
223
123
21
128
82
62
331
158
104
304
329
212
172
25
291
26
2373
1977
1950
3694
3885
3126
2704
119
64
2710
3092
2899
1544
502
2505
2217
2105
2650
2255
2238
2082
2014
2435
2388
2016
2412
474
533
662
635
670
643
627
615
578
665
658
577
659
650
640
583
477
2882
3066
3155
3012
2997
3376
3216
2639
285
276
257
239
221
213
200
161
133
126
88
48
40
258
277
271
56
0
345
344
325
324
323
308
265
261
188
186
170
109
75
72
10
3
2158
2448
2411
2130
2341
2251
2070
2034
2314
2129
2265
2514
2453
2228
2391
2019
2545
1996
2455
1934
2517
2049
2335
2286
1975
2452
2182
2358
2021
2012
2013
2011
1957
2626
1999
2004
3767
3515
3595
3588
3447
3459
2926
2972
2791
3428
3388
3333
2807
3130
2981
3128
3322
3310
2673
2834
3202
3290
3003
171
2852
3215
2809
2798
3048
3194
3286
3213
3095
3023
2887
2695
3010
2919
2985
3300
2851
2866
2978
2888
2967
3065
3414
3294
2705
3229
3142
3042
2726
3114
3030
2959
2699
2982
2889
937
1905
1045
1414
666
603
664
621
663
605
597
619
685
636
612
588
648
575
519
491
448
2225
2159
1931
2097
2540
2297
1960
2160
2439
2227
2100
1982
2046
2444
2623
2308
2219
2587
2181
2166
2035
2426
2466
2076
2311
2574
2618
2488
2360
2231
2091
2644
2614
2562
2534
2422
2375
2080
2041
1930
2495
1962
2584
2659
2000
1927
2173
2392
2060
1953
2474
2387
2559
2630
2370
1925
2477
2467
2172
2549
2429
2213
1963
2447
2365
2197
2089
2378
2006
1995
2494
1991
2320
2248
2152
2276
2140
2074
2179
2337
2022
2521
2244
2229
2620
2171
2061
2570
2236
2647
2120
2418
2331
2240
1922
2648
2645
2636
2027
2024
1951
522
396
405
470
354
349
403
361
551
554
486
365
371
372
571
562
466
429
407
560
440
675
667
656
655
644
633
624
616
602
600
599
598
595
573
610
472
490
455
568
397
487
1499
3050
2752
2832
2935
3254
2818
2790
2797
3326
2983
3389
3161
3063
2922
2805
2938
2804
3402
2831
3197
3281
2995
3244
3212
2878
2759
3306
3067
3418
2871
3312
2713
3007
2624
2572
2131
2552
2482
2454
2374
2271
2164
2104
2088
1946
2305
2177
2284
322
156
120
103
67
2116
2593
2546
2536
2532
2500
2353
2307
2212
2122
2115
2098
1993
1966
2601
2520
1984
1938
2654
2579
2507
2478
2147
1917
2631
2591
2376
2369
2290
2108
2083
1979
1918
2490
2655
2604
2602
2554
2499
2484
2428
2356
2257
2201
2200
2154
2112
2077
2040
2030
2586
2575
2561
2556
2539
2460
2395
2323
2275
2188
2184
2641
1968
2214
2141
1972
2635
2599
2530
2126
2607
2526
2350
2287
1952
2523
1976
2566
2205
2397
2156
2107
1965
2462
2656
2605
2416
2114
1944
2568
2170
2226
2342
2480
2291
2272
2210
1964
2638
2578
2551
2504
2407
2354
2348
2258
2093
2078
2059
2033
1997
1943
2270
2233
2625
2615
2492
2485
2469
2430
2423
2409
2324
2306
2206
2190
2136
2124
2086
2045
2043
2020
2005
2062
2085
2600
2573
2563
2553
2550
2464
2381
2309
2261
2253
2220
2216
2142
2139
2123
2109
2103
2095
2055
2037
1989
2404
2266
2069
2339
2300
2218
2118
2443
2207
1988
1924
2249
2522
2581
2503
2497
2403
2371
2361
2145
2066
1978
1936
2096
1939
2479
2432
2415
2390
2222
2075
2029
2293
2440
2362
2209
1923
2329
1476
510
1490
2232
2518
2449
2058
2531
2355
2192
1921
2310
2099
2459
2018
1913
2603
2560
2054
2660
2157
1928
2400
2057
2458
2438
2367
2221
2332
2658
2627
2585
2538
2009
1973
1919
2524
2465
2163
2235
3619
3898
3745
3582
3865
3657
3465
3613
3445
3967
3812
3959
3652
1038
3421
2970
3338
3004
3311
3283
3058
2961
2746
2948
2849
3351
3049
2781
2895
3416
3239
2828
3358
2846
3424
2700
2891
3088
3371
2829
3175
3109
3255
2822
2774
2780
3436
3228
3123
2897
2821
3391
3016
2912
2867
3171
3392
3139
3080
3040
2769
3426
3303
3243
3085
3394
3104
2727
3309
3097
2735
3345
3137
2815
3226
3158
3153
3108
2877
3308
3073
2701
3234
3096
2850
2806
2680
3025
3173
2689
3336
3083
2949
2944
2915
2909
2908
2864
2703
3170
3435
2749
2698
2663
3329
2928
2756
2683
2847
3405
2876
2784
2754
3033
2969
58
2750
3135
2907
3362
3220
3014
2946
2940
2738
2706
2694
2666
3431
3013
3084
3052
3026
2956
2943
3339
2977
2953
2929
2905
2729
2709
3390
2669
3364
3184
3056
3022
2925
2896
2854
2839
2763
2681
2679
3399
3363
3348
3324
3250
3238
3232
3195
3149
3064
3047
2994
2986
2966
2920
2916
2911
2910
2800
2777
2717
2676
3357
3117
2913
2696
3430
3387
3284
3174
3078
2906
2872
2789
2664
3433
3315
3293
3257
3193
3000
2931
2890
2743
3231
2993
2988
2874
3009
3041
3319
3423
3325
3318
3328
3327
1749
3355
3316
3169
3146
3034
2765
1266
1232
1115
986
1143
1640
1035
1089
1042
1428
1090
1525
1192
1592
1044
1316
1138
1169
1051
1658
974
1481
1781
1438
1245
1443
1368
1043
951
950
1424
1292
1862
1129
1489
626
623
680
625
611
609
579
682
622
684
654
620
630
618
592
1887
1120
1015
1550
1009
629
1102
1298
1406
1373
1190
1148
919
1628
971
1704
676
394
495
569
350
449
430
536
678
617
367
488
442
420
590
528
498
413
390
2657
2651
2640
2637
2633
2632
2628
2622
2619
2613
2611
2606
2590
2583
2577
2564
2558
2544
2515
2513
2508
2506
2501
2489
2486
2451
2446
2433
2425
2410
2408
2406
2405
2402
2401
2386
2364
2363
2359
2352
2349
2346
2340
2326
2318
2317
2313
2299
2278
2269
2262
2260
2256
2237
2234
2208
2202
2168
2165
2150
2137
2121
2119
2092
2090
2073
2065
2064
2063
2050
2044
2036
2025
2023
2001
1998
1992
1990
1986
1983
1980
1971
1958
1949
1942
1935
1933
1929
1914
1506
683
548
547
531
521
463
439
355
557
410
388
359
539
515
445
370
382
458
534
421
593
558
555
543
530
529
489
450
443
441
424
385
375
358
356
34
1311
949
485
469
457
357
369
1300
1766
634
513
368
545
465
460
387
418
570
523
504
408
556
461
395
1526
587
438
511
479
414
374
360
480
567
451
391
614
392
362
506
446
512
409
546
541
525
471
402
493
2795
1705
1355
1152
3145
2812
2715
2668
3222
2820
2697
3206
2901
2770
2941
2933
3099
3178
3190
3262
3148
2712
2734
3396
3120
2707
3365
3279
2771
3337
3330
3252
3136
3027
2936
2702
2686
3368
2858
3377
3321
3288
3046
2992
3240
3209
2841
2742
3381
3272
3225
2844
3341
3028
2955
2965
3182
3335
3296
3247
3151
2939
2853
2778
2661
3118
3107
3350
2708
3386
3298
1274
956
2787
2984
3393
3331
2758
3103
3035
2923
2714
2667
3380
3189
3344
3291
3256
3179
3070
2914
2843
2675
2662
3373
3217
3204
3021
2693
3415
3313
3385
3353
3224
2934
2921
3261
2840
2803
2719
2690
3246
3159
3062
2964
2947
2870
2682
3273
2962
3144
3100
3236
3132
3087
2904
2793
2718
3383
2762
3395
3366
3038
3406
3397
3378
3299
3116
3106
3082
2973
2869
2863
2796
2674
3332
3196
3160
3079
2833
2823
3124
3032
2932
2801
2768
2730
3287
3420
3077
2951
2830
2502
2128
2609
2468
2351
2576
2242
2084
2396
2372
2274
2252
2571
2345
2282
2243
2110
2003
2519
2379
2279
2239
2102
1955
136
2616
2610
2496
2135
2312
2151
1465
2652
2557
2344
2280
2542
2476
2334
2288
2067
2056
1985
2653
2592
2491
2398
2071
2068
2053
2589
2436
2347
2304
2246
2187
2039
1987
1947
1941
1926
2525
2445
2419
2368
2155
2143
2132
2052
2031
2002
1945
2629
2567
2533
2516
2510
2498
2475
2420
2385
2338
2327
2273
2264
2224
2198
2153
2148
2138
2125
2117
2042
2032
2026
1970
1932
1916
2617
2612
2608
2384
2366
2322
2302
2296
2277
2223
2211
2186
2185
2176
2144
2072
2649
2399
2377
2325
2283
2254
2183
2133
2081
2646
2642
2543
2537
2511
2473
2434
2414
2393
2303
2259
2191
2174
2161
2111
2047
1981
1959
2643
2588
2343
2333
2328
2319
2315
2295
2294
2289
2196
2194
1994
1711
976
912
1699
1453
1364
563
1575
494
398
1743
1616
1773
520
423
378
926
1069
998
2598
2597
2594
2529
2472
2463
2461
2417
2413
2292
2285
2268
2267
2250
2241
2215
2134
2127
2101
2028
1954
1948
1920
1077
1830
1436
1478
1167
1134
1821
1401
959
1434
3565
3813
3717
3560
3970
3965
3949
3941
3928
3910
3816
3807
3781
3744
3712
3701
3699
3622
3610
3606
3583
3575
3570
3556
3536
3441
1244
944
1507
1106
1518
1325
1144
1061
3422
3419
3347
3342
3297
3267
3115
3102
2991
2733
1798
1216
1150
1715
1508
1882
930
1257
1036
1072
1599
1448
1880
1747
1248
1824
1739
1451
1657
1848
1166
1005
3425
3417
3413
3410
3409
3400
3384
3382
3361
3360
3352
3349
3307
3304
3301
3292
3289
3280
3277
3274
3270
3265
3264
3260
3248
3242
3241
3237
3219
3208
3207
3199
3188
3187
3167
3166
3164
3163
3156
3152
3143
3140
3138
3134
3129
3119
3113
3112
3110
3098
3093
3090
3075
3069
3060
3054
3036
3029
3024
3015
3008
2996
2989
2987
2980
2975
2974
2960
2958
2957
2945
2937
2927
2924
2918
2917
2886
2885
2880
2879
2875
2873
2868
2862
2859
2848
2835
2827
2825
2824
2819
2810
2794
2786
2785
2782
2773
2772
2767
2766
2761
2757
2755
2751
2748
2745
2741
2739
2731
2722
2720
2716
2688
2672
2670
2665
1764
1679
936
1415
1183
1706
1625
1841
1728
1229
1221
1418
1801
1763
1080
2903
1432
1381
1322
1246
1884
1578
1479
1021
988
902
1731
948
1626
938
1878
1340
