107
853
302
3667
4038
144
3917
259
4002
871
3696
227
4028
3531
3875
3008
1387
854
2034
501
2457
3682
3546
3709
572
4004
3727
1071
3905
887
3541
2541
216
3665
2256
4016
454
160
71
886
1890
1326
2899
61
2167
131
288
2450
725
3181
4009
3523
3899
3147
1027
877
317
2855
401
379
377
3048
3775
4037
3982
839
245
742
243
3566
36
364
3053
406
2670
3887
3834
2076
4024
912
68
987
3746
2691
3632
2726
2388
15
2789
2513
1353
1441
895
881
889
1105
918
1013
275
3992
4011
850
1854
775
255
3441
3657
205
1607
2017
2401
2976
111
2481
3408
2801
1803
3801
3058
289
1154
3856
1755
581
3337
1466
328
1134
3700
3317
247
1949
3141
126
2805
3619
2818
672
832
861
2431
505
1386
868
940
3961
1599
3151
327
3155
2682
3987
2066
628
81
3816
3461
3945
3533
816
2885
3630
3071
3626
3979
1168
1065
1301
3407
790
1395
1203
244
3268
3128
3647
1759
910
3805
3789
2808
3548
3003
552
73
76
1992
435
74
624
3543
1640
286
95
1356
3622
1200
63
4032
114
1169
1711
761
3879
2599
3807
3522
3950
187
3937
3761
1364
3880
3970
3864
195
137
3885
2349
2515
2041
1889
1177
2644
804
1090
508
1537
3846
225
1372
3216
802
179
3986
4021
3994
3998
499
3953
3544
2817
3055
3759
3308
3467
3513
2382
3919
3594
3479
3686
3928
562
4003
472
3935
2548
99
102
2301
1579
3392
759
3763
3854
3893
230
811
3990
3983
2963
2456
2823
872
3549
3679
2454
3580
3536
405
476
1776
2079
293
1719
2178
3011
2767
2834
3318
235
2584
3309
3325
1924
1978
3863
1952
2193
219
4006
241
3991
3840
638
2217
321
3809
3783
3964
3720
1354
2572
3778
2852
346
1476
2618
2628
1208
870
3134
652
4013
101
2799
551
4026
1254
1091
2448
11
33
193
2847
663
1519
1802
2581
740
2733
2156
112
1922
110
173
1748
157
1510
220
3227
115
343
14
226
1218
215
904
1151
12
837
2008
190
154
875
1276
3958
595
1362
1564
2358
3376
3307
295
299
3312
129
690
234
2402
45
146
291
258
613
106
127
1969
4
826
13
2595
2114
222
2357
3429
318
246
3954
1270
639
39
77
4019
4034
2812
2487
986
192
3241
3999
3093
4015
2783
3646
3037
3844
803
2838
1061
3843
3443
3648
3636
3477
3959
3555
3866
2765
3520
3662
3974
1451
3156
3666
3882
3908
1805
3869
3754
3589
3693
2721
3510
257
737
3858
3707
3742
3654
351
3246
2824
536
3847
3895
2792
2760
3796
3765
3748
3729
622
3691
3390
647
3537
3534
539
3501
3499
3808
3472
859
2439
857
1815
383
2975
1226
965
3322
923
411
1194
1455
655
683
979
1450
3779
662
3315
3904
3798
2771
540
2941
145
891
2671
3678
3936
735
3436
1478
1708
3215
1866
2704
1731
1974
1442
1417
2014
2626
2651
808
3673
1821
1674
3444
3388
1002
610
3736
866
1792
2015
911
597
3202
3282
951
741
625
292
792
2688
573
390
873
2175
3489
1058
3715
3644
3597
1697
1690
1150
1777
1561
2977
1763
1346
1421
920
3404
1321
3091
1693
621
746
189
3755
3094
533
3717
1318
3398
900
1558
2441
838
3192
182
929
3941
1649
893
1251
753
3161
3130
3607
2219
601
2857
2949
744
3235
3050
1141
3031
2195
3013
791
1008
593
3186
2524
574
384
2798
1397
749
2886
3072
2842
2230
3820
3222
1477
2727
755
2678
2968
935
70
851
1696
1762
2878
443
3394
883
1739
571
660
865
717
3020
3125
37
657
3074
1096
1853
34
3942
3306
1463
1521
1098
1088
3148
2999
2621
3861
3578
3845
3515
3706
880
1961
85
141
345
300
94
3138
2709
650
578
3767
1224
1138
1016
262
202
2455
2380
24
894
879
1670
92
1089
3478
6
1657
869
253
2375
3649
3952
4014
278
1440
1220
763
2228
1499
167
32
218
181
3669
3670
3634
3956
57
184
284
320
80
944
1202
1268
3690
3878
1064
1829
2486
171
1310
1304
1840
1240
1307
943
1244
3916
3290
768
733
3512
3645
3914
3601
3768
3752
3554
615
2517
2900
2692
319
3925
3487
3551
457
424
516
477
381
554
876
2725
3012
2788
3271
3911
3502
3813
306
273
3075
3259
2686
3189
1295
93
3209
2650
2320
2321
1996
1664
1057
956
1896
1403
3819
757
771
736
822
594
4031
1385
888
729
863
858
1905
1779
1544
1585
1434
2170
2769
2851
1422
2255
2622
2490
3314
2959
2889
2858
3105
441
135
3780
3723
789
833
795
786
813
782
23
732
818
714
4033
4017
4000
3980
3997
4030
4023
4018
4020
532
132
158
885
867
3127
3965
3975
3701
3579
3571
3519
3957
3465
3774
3836
3476
3708
3675
3562
3695
3613
3898
3883
3639
3981
2902
3180
3372
2732
3251
712
2100
2051
2632
177
175
143
35
2535
1956
2245
2094
3139
260
393
564
4025
4036
4005
4027
3825
3676
3743
3892
3871
3868
3739
3445
3725
874
3585
3988
3993
3985
3995
3939
3624
3446
3490
3894
3812
3447
399
2421
2204
3382
2699
2703
2972
3423
3283
3814
3949
3771
4008
19
263
46
296
3664
3933
3960
3766
3791
3920
3776
3967
3500
3923
3749
3901
3747
3587
3996
4007
3989
3984
264
3538
3628
3595
3912
3473
3874
3857
3567
41
151
310
44
162
116
326
312
28
17
337
140
214
2
149
20
254
330
266
333
340
123
150
30
309
139
78
65
274
294
208
268
3
240
186
221
336
83
341
242
7
21
161
69
26
128
290
31
159
329
313
120
200
124
206
339
204
185
105
324
277
203
103
331
211
142
133
10
232
283
59
212
113
109
62
303
25
323
265
239
213
196
156
9
271
199
236
238
72
248
5
342
308
287
281
272
261
231
224
178
170
168
152
134
130
121
87
22
148
332
285
82
48
297
276
169
122
118
104
75
56
188
67
347
325
252
172
0
153
119
98
1
322
315
304
280
40
4022
4010
3600
3583
3881
3855
3760
3618
3614
3815
3735
3773
3698
3940
3455
3623
3474
3973
3486
3663
3810
3496
3741
3716
3777
3576
3484
3540
3929
3511
3459
3603
3728
3615
3876
3553
3481
3475
3498
3930
3891
3591
3524
3458
3792
3643
3947
3784
3593
3794
3569
3620
3977
3865
3850
3508
3788
3966
3557
3903
3976
3909
3900
3896
3870
3934
3837
3621
3888
3552
3889
3817
1085
3655
3641
3638
3915
3668
3464
3971
3831
3604
3528
3542
3790
3833
3786
3568
3493
3886
3737
3873
3684
3862
3968
3731
3841
3734
3480
3702
3651
3518
3452
3738
3726
3469
3838
3683
3462
3907
3867
3521
3753
3448
3835
3962
3573
3514
3938
3574
862
3902
3860
3627
3951
3829
3782
3719
3483
3803
3718
3818
3558
3529
3466
3460
3921
3826
3714
3572
3442
3839
3677
3454
3438
3852
3596
3969
3924
3822
3599
3563
3559
3505
3584
3532
3721
3674
3625
3943
3851
3439
3764
3800
3527
3872
3842
3750
3697
3470
3449
3658
3832
3687
3635
3506
3525
3577
3713
3926
3830
3824
3450
3972
3944
3756
3740
3710
3547
3828
3722
3672
3640
3633
3495
3488
3440
3758
3906
3793
3705
3617
3586
3884
3877
3821
3680
3671
3564
3598
3526
3927
3948
3692
3609
3963
3932
3931
3827
3804
3802
3797
3785
3757
3730
3711
3704
3703
3661
3656
3611
3608
3605
3602
3590
3581
3545
3535
3517
3482
3468
3456
3437
3509
1360
3631
3507
3769
3712
1567
3910
3744
3685
3642
3575
3491
3592
3497
3556
3890
3913
3457
3503
3637
3550
3795
3471
3762
3629
3610
3463
3922
3918
3859
3787
3681
3660
3616
3561
3494
3492
3453
3659
3751
3612
3485
3772
3806
3770
3811
3849
3823
3588
3978
3694
3946
3781
3539
3724
1838
1193
3516
3799
3733
3653
3650
3606
3560
3530
3451
3582
3955
3897
3565
3504
3652
3732
3688
1511
3689
1518
3745
3848
3853
298
96
29
180
117
249
27
79
60
314
251
108
38
311
217
270
334
197
53
223
88
176
84
338
335
316
165
125
55
49
18
194
250
16
50
66
269
209
64
42
207
344
52
237
267
155
191
163
89
233
164
51
256
201
229
54
301
282
228
183
166
90
100
279
198
1930
2281
2503
2523
2411
2129
2120
1990
2085
2070
2023
2089
2488
2248
2158
2049
2534
2173
2009
1928
1933
2181
2035
2570
2497
2314
1915
2474
2091
2614
2242
2186
2612
2312
2159
2025
2011
2016
2004
1957
2335
2197
1965
2310
2660
2403
2152
2480
2126
2346
1976
2585
2225
1968
1919
1927
2636
2378
2097
2006
2284
1998
2272
2270
2182
2440
2405
2360
2502
2562
2371
1960
2231
2141
2096
2379
2305
2107
2036
1975
2295
2317
1944
2232
2415
2155
2547
2226
2080
2545
1987
2398
2322
2145
2372
2325
2491
2259
2389
2529
2332
1954
1999
2643
2594
2512
2609
2075
2068
2029
2416
2199
2222
2132
2641
2540
2425
2264
2174
2211
1923
2345
2303
2239
2640
1935
2647
2531
2396
2583
2365
2000
2648
2627
2494
2171
2012
1972
1914
2633
2527
2413
2337
2435
1973
2657
2202
2157
1951
2364
2420
2135
2652
2608
2479
2533
2028
1932
2458
2183
2616
2048
1964
1718
2637
2203
2355
2176
2544
2447
2134
1465
2511
2377
2280
2243
2367
2315
2127
1926
2338
2110
2092
2653
2582
2384
2302
2283
2039
2262
2147
2067
2387
2073
2442
1942
2021
1946
2087
2164
2392
2476
2499
2122
2554
2098
2576
2393
2136
2311
2613
2549
2086
2424
2397
2082
2069
2552
2489
2624
2065
2519
2508
2472
2298
2042
2659
2658
2639
2620
2297
2061
1980
2550
2207
2330
2144
136
2291
2214
2249
2221
2180
2169
2563
2060
2449
2610
2603
2525
2327
1955
2597
2296
2649
2223
2148
2053
2026
1959
2160
2475
2436
2336
2412
2260
2238
2146
2104
2058
2451
2432
2292
2274
2133
2111
2101
1994
1981
2536
2462
2038
1577
2438
2390
2252
2161
2137
2072
1916
2471
2385
2241
2057
2047
2368
2125
2117
2052
2429
2530
2215
2598
2328
2294
2149
2153
2128
1920
2350
2045
2558
2555
2510
2313
2591
2433
2391
2359
2240
2237
2139
2506
2567
2465
2461
2344
2319
2289
2273
