0
4033
875
3853
247
1430
241
3746
255
750
692
860
552
3006
228
638
2952
37
42
1096
1262
3816
379
648
70
674
1046
1711
1194
209
358
3134
3453
3801
154
12
1176
1560
3071
3709
11
321
27
1038
1386
3451
602
3413
125
335
215
15
1295
2269
4028
145
447
1581
3885
1270
33
464
384
205
49
192
859
885
699
850
796
714
836
873
690
791
767
757
790
700
712
707
818
789
725
702
689
786
808
731
798
890
756
740
882
871
858
887
877
874
872
844
835
826
759
737
727
693
847
706
876
820
787
763
710
853
843
807
784
729
849
838
837
793
792
765
741
718
716
851
840
833
829
817
816
814
794
778
766
746
734
722
705
701
694
869
824
823
811
769
730
855
854
852
848
846
845
842
841
839
834
832
831
827
822
821
819
815
813
812
809
806
805
802
799
797
795
788
785
783
782
781
780
779
777
776
775
773
772
771
770
768
764
762
761
760
758
755
754
752
751
749
748
745
742
739
738
736
735
733
732
728
726
724
723
721
720
719
717
715
711
709
704
703
697
696
695
691
688
687
856
895
892
891
889
888
886
883
881
880
879
878
870
867
866
863
861
830
828
825
810
804
803
800
774
753
747
713
708
686
884
864
698
893
894
743
3995
4013
4011
4004
4020
4002
4003
4014
3996
3985
3989
3988
4023
3997
4038
4037
4032
4031
4030
4029
4027
4026
4024
4022
4021
4019
4018
4017
4015
4010
4009
4008
4006
4001
4000
3998
3994
3993
3992
3991
3986
3984
3983
3982
3981
4025
4007
3980
4016
3990
4036
3999
4035
4034
4012
4005
3987
594
157
801
744
237
51
240
35
305
124
183
93
293
32
61
83
147
2857
3037
2788
2963
3428
2595
2204
2634
1937
2442
2998
2975
3494
3513
77
208
164
117
244
160
91
106
307
23
338
330
101
24
90
139
337
45
222
262
149
50
143
131
68
211
190
327
302
254
278
175
269
266
57
181
299
126
334
314
268
331
303
221
88
75
63
30
53
48
1
312
317
258
224
69
320
284
127
170
134
133
276
231
199
105
103
84
79
76
345
322
197
108
55
111
44
19
29
310
214
151
144
172
193
168
38
31
319
219
89
235
180
306
275
273
195
283
274
200
85
72
9
326
572
454
3099
3370
3427
2799
2767
2798
2926
2899
3389
3200
3210
3336
3338
3126
2886
2817
3218
3141
3012
2805
3139
2809
3333
3066
2933
3153
2852
2983
3372
2884
3251
3431
3424
3042
2959
3170
2889
3349
3392
3317
2726
2736
2759
2700
2907
2741
3044
2691
2766
3399
3272
3271
3105
3166
3130
3315
2924
3163
2928
2913
2916
3129
3013
3114
3084
2981
2738
2663
3007
3352
3212
3109
2667
3300
3294
2891
3423
3311
3283
2982
2670
2960
3246
3135
3073
3064
2896
2705
2666
3293
3220
3158
3119
3025
2994
2953
2945
2874
2807
2794
2743
2729
2681
2679
3228
3193
3054
3390
3364
3056
3047
3033
2985
2966
2943
2919
2906
2867
2866
2827
2777
2745
3426
2694
3255
3339
3324
3232
3226
3195
3149
3108
3096
3090
3040
3029
2986
2967
2920
2912
2910
2905
2897
2877
2872
2815
2757
2754
2746
2669
3381
1996
169
156
2515
2245
2527
1924
2119
2545
2456
1988
2375
2230
1934
1956
2207
2080
2422
2455
2486
2076
1992
2094
2251
2114
2015
2405
2388
2357
2577
1933
2535
2181
1949
2614
2051
2424
2437
2360
2358
2160
2130
2628
2584
2019
2234
2562
1942
2120
2041
1960
2412
1950
2622
2574
2433
2164
2524
2060
2058
2021
2477
2460
2306
2147
1986
1966
1943
2248
1990
2012
2493
2505
2219
2035
2281
2627
2192
1958
1957
2397
2657
2435
1991
1914
2122
2658
2159
2659
2636
2633
2626
2585
2583
2494
2225
2202
2171
2016
2006
2552
2308
2213
2140
2055
1963
2655
2563
2553
2504
2500
2499
2469
2376
2356
2261
2237
2154
2086
2083
2077
2073
2037
1962
1929
1922
3091
2721
2671
3307
3190
3050
3235
2936
2687
3093
3351
3252
3247
2712
2796
3112
3369
3267
2831
3383
2863
2771
3282
2914
2843
2791
2784
2997
3418
3380
2918
342
318
313
297
280
271
185
128
82
67
3928
3911
3700
3805
3641
3787
3879
3892
3887
3940
3457
3893
3967
3655
3751
3920
3587
3478
3965
3837
3637
3812
3717
3954
3749
3498
3755
3910
3585
3686
3960
3696
3595
3903
3523
3952
3848
3806
3834
3462
3659
3747
3510
3535
3815
3636
3883
3584
3539
3476
3782
3645
3459
3627
3827
3470
3925
3894
3580
3497
3931
3949
3956
3777
3668
3630
3460
3862
3559
3520
3675
3571
3465
3902
3562
3832
3542
3909
3855
3714
3809
3776
3632
3500
3515
3511
3785
3864
3813
3669
3758
3534
3646
3558
3976
3951
3924
3906
3706
3680
3591
3793
3754
3690
3524
3685
3581
3898
3695
3565
3874
3868
3541
3840
3644
3598
3764
3474
3443
3972
3829
3761
3554
3464
3900
3822
3810
3711
3468
3488
3790
3731
3528
3860
3485
3662
3549
3490
3819
3725
3538
3936
3907
3865
3728
3590
3932
3616
3626
3573
3550
3762
3697
868
2392
1928
2503
2497
2453
2411
2335
2314
2214
2186
1936
2526
2299
1442
3329
3236
2841
329
166
249
347
346
344
343
341
340
339
336
333
332
328
325
324
323
315
311
309
308
304
300
298
296
295
294
292
291
290
289
288
287
286
285
282
281
279
277
272
270
265
264
263
261
260
259
257
253
252
251
250
248
246
245
243
242
239
238
236
234
232
230
229
227
226
225
223
220
218
216
213
212
207
206
204
203
201
196
194
189
188
187
186
184
182
179
178
177
176
174
167
165
162
161
159
158
153
152
150
148
146
142
141
140
138
137
135
132
130
129
123
122
121
120
118
116
115
114
113
112
110
109
104
102
100
99
98
97
96
95
94
92
87
86
81
80
78
74
73
71
66
65
62
60
59
56
54
52
46
43
41
40
39
36
28
26
25
22
21
20
18
17
16
14
13
10
8
7
6
5
4
3
2
3904
3600
3463
3444
3723
472
498
453
437
198
564
501
441
399
351
562
551
433
3224
3106
2996
2772
3187
3171
2675
3358
3219
3018
3359
3334
2811
3356
2697
2962
3203
3133
2934
2845
2942
2868
2787
2182
2536
2162
2389
2557
2252
2427
2387
2092
2270
2209
2365
1980
1931
2048
1969
2568
2517
2362
2205
3253
3240
2894
3346
3337
2690
3161
2882
3330
3270
3082
3035
3021
2828
3156
2949
2802
3416
2991
2770
3308
3266
3259
2951
2847
2718
2685
2665
3319
3302
3355
3225
3335
3172
3079
2823
3124
3405
3179
3159
3019
2860
3373
3306
3154
3411
3254
3113
3072
3011
3434
3378
3360
3298
3182
3118
2973
2783
2748
2735
2719
2701
2684
3051
2957
3150
3436
3435
3433
3432
3430
3425
3422
3421
3419
3417
3414
3412
3410
3408
3403
3402
3401
3400
3398
3396
3395
3394
3391
3388
3387
3385
3384
3382
3379
3377
3376
3375
3368
3367
3366
3363
3362
3354
3353
3350
3348
3347
3345
3344
3343
3342
3341
3340
3332
3328
3326
3325
3323
3322
3321
3320
3318
3316
3314
3313
3310
3309
3305
3304
3303
3301
3299
3297
3296
3292
3291
3289
3288
3286
3284
3281
3280
3279
3277
3276
3275
3274
3273
3269
3264
3262
3260
3257
3256
3250
3249
3248
3244
3243
3242
3241
3239
3238
3237
3234
3231
3230
3229
3227
3221
3216
3215
3213
3211
3209
3207
3206
3204
3202
3201
3199
3198
3197
3196
3194
3192
3191
3189
3188
3186
3185
3184
3181
3180
3175
3174
3173
3169
3167
3160
3157
3155
3151
3148
3147
3146
3145
3144
3143
3142
3140
3137
3132
3131
3128
3127
3123
3122
3120
3117
3116
3115
3110
3107
3104
3102
3098
3095
3094
3092
3088
3087
3085
3083
3081
3080
3078
3076
3075
3074
3069
3068
3065
3063
3061
3060
3059
3058
3055
3053
3052
3049
3048
3046
3045
3041
3039
3036
3032
3031
3030
3028
3027
3026
3024
3023
3022
3017
3016
3015
3014
3010
3009
3008
3004
3000
2999
2995
2993
2992
2990
2989
2988
2987
2984
2980
2978
2977
2974
2972
2970
2969
2965
2961
2956
2955
2954
2950
2948
2947
2946
2944
2940
2939
2938
2937
2935
2932
2931
2930
2929
2927
2925
2923
2922
2917
2915
2911
2909
2908
2904
2902
2901
2900
2898
2895
2893
2890
2888
2887
2885
2881
2880
2879
2878
2876
2875
2873
2871
2870
2865
2864
2862
2861
2859
2858
2856
2855
2854
2853
2851
2850
2849
2846
2844
2839
2837
2836
2835
2834
2833
2832
2830
2829
2824
2821
2820
2819
2818
2816
2814
2812
2810
2806
2804
2801
2800
2797
2793
2792
2790
2789
2786
2785
2782
2781
2780
2779
2778
2776
2775
2774
2773
2769
2765
2763
2762
2761
2758
2756
2755
2753
2751
2750
2749
2747
2744
2742
2737
2734
2733
2732
2731
2730
2728
2723
2720
2717
2716
2715
2714
2711
2710
2708
2706
2703
2699
2698
2696
2695
2692
2689
2688
2686
2683
2682
2680
2676
2674
2673
2672
2664
2662
2661
3361
3164
2941
2760
2605
2316
2607
2606
2564
2546
2485
2414
2407
2374
2278
2276
2216
2172
2124
2078
1989
1984
1971
1953
1946
1938
1913
2542
1976
1975
1974
1952
2210
2096
2429
2274
2221
1923
2415
2581
2653
2440
2425
2272
2211
2175
2145
2141
1944
2390
2645
2538
2406
2378
2018
1973
2243
2161
2305
2007
2479
2322
2233
2075
2612
2610
2459
136
2572
2652
2537
2235
2226
2544
2519
2163
2419
2379
2330
2304
2259
2153
1939
1926
2630
2615
2575
2573
2571
2567
2550
2521
2518
2507
2489
2478
2468
2408
2381
2370
2340
2300
2279
2253
2206
2142
2131
2123
2121
2117
2095
2090
2065
2005
1979
2660
2656
2654
2651
2650
2648
2647
2646
2644
2641
2640
2639
2638
2637
2635
2632
2631
2625
2624
2623
2621
2620
2619
2618
2613
2611
2604
2603
2602
2601
2600
2599
2594
2593
2591
2590
2587
2586
2580
2579
2578
2576
2570
2566
2565
2561
2560
2559
2558
2556
2554
2551
2549
2548
2541
2540
2539
2534
2532
2531
2528
2525
2523
2522
2520
2514
2513
2506
2495
2492
2490
2488
2487
2484
2483
2482
2481
2480
2476
2474
2473
2472
2467
2466
2464
2462
2454
2452
2450
2449
2448
2447
2446
2444
2443
2441
2439
2438
2436
2434
2432
2430
2428
2426
2423
2421
2418
2416
2410
2409
2404
2403
2402
2401
2400
2396
2395
2393
2391
2386
2383
2382
2380
2373
2371
2369
2367
2366
2364
2363
2361
2359
2355
2354
2353
2352
2350
2349
2348
2347
2346
2345
2342
2341
2339
2337
2334
2331
2329
2326
2324
2323
2321
2320
2318
2317
2313
2312
2311
2310
2309
2307
2303
2302
2301
2297
2296
2295
2294
2291
2290
2288
2287
2286
2284
2280
2277
2275
2271
2266
2265
2263
2262
2260
2258
2257
2256
2255
2249
2244
2242
2240
2238
2236
2232
2231
2229
2228
2227
2222
2220
2218
2217
2215
2212
2208
2201
2200
2197
2193
2190
2188
2184
2179
2178
2177
2173
2170
2168
2167
2166
2165
2158
2157
2156
2152
2150
2146
2144
2139
2136
2129
2126
2125
2118
2116
2115
2113
2112
2110
2109
2108
2107
2106
2105
2104
2103
2100
2099
2098
2097
2093
2091
2089
2088
2085
2084
2082
2079
2074
2070
2069
2067
2066
2064
2063
2062
2061
2059
2057
2056
2050
2049
2046
2045
2044
2043
2040
2036
2034
2033
2030
2029
2027
2025
2024
2023
2022
2020
2017
2014
2013
2011
2009
2008
2004
2002
2001
2000
1999
1998
1997
1995
1994
1993
1987
1985
1983
1982
1981
1978
1977
1972
1970
1968
1965
1964
1961
1959
1955
1954
1951
1940
1935
1930
1927
1925
1921
1919
1918
1917
1915
58
3371
3285
3223
3177
3176
3103
3086
3077
2892
2739
2713
3415
3374
3357
3208
3138
2958
2848
2727
2709
2668
3397
3327
3312
3287
3261
3217
3152
3101
3089
3070
3067
3043
3038
3002
2921
2840
2702
3409
3393
3365
3214
3136
3020
2979
2803
2795
2768
3290
3003
2838
2740
217
119
64
3672
3628
3929
3702
3635
3605
3926
3667
3455
3979
3575
3491
3471
3795
3839
3547
3788
3544
3968
3828
3779
3916
3847
3522
3964
3945
3927
3803
3752
3612
3604
3817
3521
3873
3841
3780
3540
3512
3938
3889
3884
3830
3760
3684
3596
3545
3517
3475
3449
3438
3978
3977
3975
3974
3973
3971
3970
3969
3966
3963
3961
3959
3958
3957
3955
3953
3950
3947
3946
3944
3942
3941
3939
3937
3935
3934
3933
3930
3923
3921
3919
3918
3917
3915
3914
3913
3912
3908
3905
3901
3899
3897
3896
3895
3891
3890
3888
3882
3881
3880
3878
3877
3876
3875
3871
3870
3869
3867
3866
3863
3859
3858
3857
3856
3852
3850
3849
3845
3844
3843
3842
3838
3836
3835
3833
3831
3826
3825
3824
3823
3821
3820
3818
3814
3811
3804
3802
3800
3799
3798
3796
3794
3792
3791
3789
3786
3784
3783
3781
3778
3775
3774
3773
3772
3771
3770
3769
3768
3767
3766
3765
3763
3759
3757
3756
3753
3748
3745
3744
3743
3742
3740
3739
3738
3737
3736
3735
3734
3732
3730
3727
3726
3724
3722
3720
3719
3718
3716
3715
3713
3712
3710
3708
3707
3705
3704
3703
3701
3699
3698
3694
3693
3691
3689
3688
3687
3683
3682
3681
3679
3678
3676
3673
3671
3670
3666
3665
3664
3663
3661
3660
3658
3657
3656
3654
3653
3652
3649
3648
3647
3643
3642
3640
3639
3638
3634
3631
3629
3625
3624
3623
3622
3620
3619
3618
3617
3615
3614
3613
3611
3610
3608
3607
3606
3603
3602
3601
3599
3597
3594
3593
3589
3588
3586
3583
3582
3579
3578
3576
3574
3572
3569
3568
3567
3566
3564
3563
3560
3557
3555
3553
3552
3551
3548
3546
3543
3536
3533
3532
3531
3530
3529
3527
3526
3519
3518
3516
3514
3509
3508
3507
3506
3505
3504
3503
3502
3499
3496
3495
3493
3492
3489
3486
3484
3483
3482
3481
3480
3479
3477
3473
3472
3469
3467
3466
3461
3458
3454
3452
3450
3448
3447
3446
3445
3442
3441
3440
3439
857
3797
3621
3577
3456
865
2609
2608
2509
2502
2471
2465
2445
2417
2413
2394
2385
2377
2372
2338
2298
2273
2247
2194
2187
2176
2148
2137
2133
2127
2111
2101
2047
2039
2032
2026
1947
1916
899
1627
1027
1208
3097
3057
1252
1030
1607
660
1762
518
509
578
657
600
627
595
635
599
582
577
633
621
681
661
643
612
666
664
625
623
605
598
655
631
619
617
202
163
647
1967
485
457
470
435
477
568
466
534
372
673
385
516
3861
3487
590
369
610
426
416
489
403
543
371
521
510
667
570
549
405
676
481
442
418
445
546
528
502
425
355
548
360
571
569
565
558
554
550
541
540
533
532
530
529
522
512
508
505
504
499
495
490
486
478
476
474
469
468
467
459
455
451
449
448
443
429
424
421
415
413
411
407
406
401
393
386
383
382
381
380
377
365
364
362
361
359
357
356
354
350
349
1896
1521
3406
3404
3331
3295
3233
3162
3001
2752
2724
1726
1792
1759
1474
2825
1162
2643
2642
2617
2616
2589
2588
2582
2547
2529
2512
2511
2498
2475
2463
2461
2451
2344
2343
2325
2283
2267
2254
2250
2246
2241
2224
2223
2203
2199
2196
2189
2185
2180
2174
2155
2151
2149
2143
2132
2087
2081
2072
2071
2054
2052
2038
2031
2010
2003
1948
1932
1920
1061
935
3245
3111
3100
2968
2869
2707
1143
2903
2693
2677
1157
1203
3265
3263
3222
2822
2764
1476
3386
3278
3258
3205
3168
3165
3062
3005
2976
2964
2883
2826
2725
2678
1684
990
956
1354
2649
2629
2598
2597
2592
2555
2543
2533
2530
2516
2510
2508
2501
2496
2491
2458
2420
2399
2398
2384
2368
2351
2336
2333
2332
2328
2327
2319
2315
2293
2292
2289
2285
2282
2268
2264
2239
2198
2191
2183
2169
2138
2135
