0
799
3981
1755
4025
244
3856
114
1270
4001
3147
138
1326
219
4012
1627
1760
832
3733
76
1474
581
2483
379
883
3407
3413
1119
3846
3453
1854
12
256
2470
71
860
875
279
167
3987
621
377
1586
2817
282
3990
2195
3999
3989
785
2900
4015
3985
3973
3588
4028
841
1262
3071
35
3621
2015
2952
1797
1058
585
2884
3143
401
1034
3565
2691
3839
3282
717
1969
667
234
1208
3447
1701
1395
1461
37
335
287
11
1442
3717
3709
3370
47
61
1233
2722
894
3885
1834
2457
2798
3704
864
825
2541
735
851
753
877
613
3585
608
153
371
612
3530
2437
499
2481
91
1996
1264
3765
2740
3890
3665
2998
3893
112
4
2493
3575
2596
3908
1417
3879
34
316
1430
1031
2569
660
207
1145
58
81
95
3632
2714
610
110
3922
3875
3678
3235
1693
3031
3015
3686
2380
607
260
253
90
3849
2167
8
43
3134
3923
3871
1776
152
1071
1890
164
638
347
1777
1762
3729
1133
351
210
2358
671
2651
157
2980
1276
1546
1096
289
2963
3853
155
1253
275
181
1657
3749
179
327
3652
3676
3489
937
245
2034
2106
2168
879
858
870
3037
2792
3045
4036
1194
1046
383
32
307
3268
532
2595
642
790
154
3055
3127
3074
2774
4029
4007
4016
3995
4018
4026
3983
3998
4020
4032
4034
4019
3997
4002
3994
4017
4030
3982
4014
4037
4027
4023
4021
4009
4003
4000
3996
3992
3991
3988
3986
3984
594
4038
3980
4013
4011
4031
4006
4035
4022
4005
3993
4004
4033
4010
4024
4008
802
791
689
691
732
886
796
788
874
826
771
833
712
839
789
768
767
813
882
878
757
863
822
806
816
893
891
888
887
885
884
876
872
867
859
857
776
730
721
723
843
742
855
818
808
793
782
749
744
733
725
720
716
714
707
704
700
692
795
710
794
751
809
783
740
812
750
804
758
836
803
763
761
765
869
798
889
861
729
811
755
739
838
856
797
779
764
741
687
821
786
754
711
850
787
762
746
736
698
831
756
727
690
849
848
792
781
745
737
693
847
837
807
774
772
728
715
703
854
810
701
829
759
706
846
773
766
686
853
845
842
840
820
819
722
827
817
815
814
770
748
747
705
890
835
800
780
769
731
709
708
688
830
828
823
778
738
724
713
694
844
834
824
805
784
777
760
752
734
726
719
718
697
696
695
881
866
895
702
873
871
743
699
880
852
775
801
892
868
865
3932
3439
3647
3638
3513
3653
3723
3487
2227
3882
3911
3502
3537
3494
3616
3673
3561
3806
3771
3476
3958
3961
3515
3606
3607
3720
3597
3643
3739
3567
3949
3863
3917
3925
3757
3976
3941
3931
3881
3724
3850
3728
3698
3472
3539
2204
2256
2487
2076
2558
2263
2375
1915
2320
3636
3735
3572
3486
3896
3792
3546
3967
3668
3443
3782
3801
3666
3615
3675
3887
3822
3583
3538
3862
3909
3600
3714
3669
3706
3483
3901
3783
3529
3468
3847
3778
3629
3470
3906
3690
3767
3924
3799
3818
3786
3648
3646
3614
3612
3584
3534
3499
3802
3751
3964
3933
3478
3937
3752
3634
3912
3595
3927
3895
3622
3509
3870
3965
3774
3535
3905
3490
3775
3655
3972
3761
3524
3951
3900
3855
3833
3593
3920
3809
3696
3500
3679
3837
3836
3708
3571
3519
3465
3878
3680
3532
3812
3566
3531
3446
3548
3892
3727
3644
3598
3553
3442
3810
3794
3754
3623
3569
3558
3511
3493
3458
3959
3915
3554
3743
3628
3726
3630
3510
3460
3459
3876
3710
3894
3624
3868
3819
3979
3610
3551
3970
3975
3854
3695
3649
3613
3562
3523
3568
3543
3947
3466
3916
3504
3914
3645
3635
3617
3601
3555
3464
3897
3661
3520
3936
3827
3740
3722
3608
3482
3485
3940
3840
3685
3599
3505
576
578
600
599
681
670
627
467
3904
3463
476
270
264
3216
2421
2301
1933
2450
2051
2402
2130
2217
1977
2070
1930
2486
2505
2444
2025
1956
2017
2113
2281
2515
2513
2527
2422
2170
2424
1922
2129
2207
2545
2584
2089
2082
2644
2632
2621
2528
2439
2100
2314
2248
2080
2562
2162
2014
2658
2388
2251
2373
2360
2517
2321
2120
2626
1950
2181
2648
2192
2650
2401
2349
2255
1992
2488
2041
1960
2454
3672
3542
3527
3477
3907
3815
3713
3705
3559
3452
3934
3978
3969
3963
3960
3957
3956
3955
3954
3952
3950
3946
3945
3939
3928
3921
3919
3910
3903
3899
3891
3883
3874
3869
3867
3866
3859
3857
3848
3844
3843
3835
3832
3829
3826
3825
3823
3821
3820
3816
3814
3813
3803
3798
3793
3791
3785
3781
3777
3776
3773
3772
3770
3769
3768
3766
3764
3763
3759
3758
3753
3747
3746
3745
3742
3738
3725
3719
3718
3715
3711
3701
3694
3688
3682
3671
3664
3663
3662
3660
3659
3657
3641
3620
3602
3594
3592
3591
3589
3587
3581
3580
3579
3574
3564
3549
3547
3544
3541
3536
3522
3516
3508
3506
3503
3498
3474
3473
3469
3461
3455
3445
3605
3888
3496
3913
3642
3619
3918
3898
3864
3700
3691
3687
3639
3578
3552
3512
3481
3479
3467
3484
3845
3838
3790
3880
3730
3681
3877
3737
3627
3528
3804
3800
3731
3703
3640
3576
3518
3514
3497
3488
3805
3796
3517
3930
3784
3779
3626
3926
3736
3712
3670
3604
3471
3457
3683
3780
3618
3611
3525
3872
3625
3573
3550
3521
3971
3966
3902
3852
3831
3817
3702
3667
3563
3556
3526
3475
661
583
623
577
632
615
665
662
675
659
650
582
625
405
443
359
384
647
586
636
588
631
598
605
603
589
522
558
568
685
653
3861
3454
590
664
633
573
281
337
126
20
96
106
393
364
328
295
2061
1958
2050
1921
2027
2022
2627
2018
2647
2494
2097
222
166
1
278
83
336
283
221
251
139
146
268
29
16
259
317
262
220
162
44
140
111
93
151
288
105
165
1394
3053
2861
39
190
59
290
232
297
159
72
1924
2634
2197
1934
2146
2182
2449
2262
2067
1963
2164
2307
2383
2261
1962
2564
2552
2404
2354
2311
2165
2179
2526
2136
2574
2554
2521
2484
2433
2418
2139
2115
2407
2331
1984
2625
2591
2546
2532
2359
2306
2287
2088
2077
2539
2464
2244
2030
1943
2060
2452
2011
2579
2550
2536
2275
1961
2633
2284
2012
2639
2006
1914
2378
2157
2009
2659
2657
2435
2365
2297
2202
2016
1935
2352
2334
2258
2220
2218
2074
2069
1953
1917
2303
2103
2499
2478
2624
2613
2607
2578
2576
2553
2504
2477
2376
2350
2326
2150
2118
1997
2534
2453
2397
2361
2186
2260
2160
2628
2580
2158
2023
1978
1975
1928
2266
2614
2455
2205
2008
2523
2411
2316
2091
2035
2656
2346
2514
2448
2440
2265
2236
2228
2214
2126
2566
2049
2581
2318
2538
1999
1968
1951
2619
2561
2482
2348
2308
2300
2276
2229
2043
1971
2366
2524
2568
2208
2611
2427
1982
2159
1980
1931
2063
2392
2542
1988
2615
2575
2563
2551
2530
2500
2374
2324
2299
2212
2200
2093
2059
2040
2020
1993
1983
1979
1966
1918
2425
2291
2242
2141
2031
2496
2317
2107
2572
2604
2560
2414
2147
2019
2655
2654
2645
2636
2631
2623
2622
2620
2601
2600
2587
2585
2583
2577
2573
2570
2565
2559
2556
2549
2548
2535
2520
2507
2503
2497
2495
2490
2489
2485
2469
2467
2460
2456
2446
2443
2441
2426
2412
2406
2405
2403
2393
2391
2387
2379
2371
2364
2363
2357
2356
2353
2341
2340
2339
2335
2323
2313
2286
2277
2240
2238
2230
2225
2219
2216
2213
2201
2193
2184
2178
2173
2172
2171
2166
2156
2154
2152
2122
2121
2119
2108
2105
2104
2094
2092
2090
2086
2085
2084
2083
2078
2066
2065
2064
2058
2048
2046
2044
2037
2036
2013
2005
2000
1998
1995
1990
1986
1976
1974
1967
1957
1949
1942
1938
1937
1936
1929
1927
1919
2610
2400
2466
2618
2342
2413
2529
2280
2096
2142
1952
3944
3929
3884
3707
3658
3637
3603
3590
3492
3462
3741
3495
3692
3501
3437
3858
3828
3824
3750
3677
3889
3860
3788
3760
3693
3656
3654
3609
3586
3533
3480
3841
3830
3491
3968
3962
3948
3943
3873
3851
3762
3734
3596
3577
3557
3545
3449
3448
3438
862
3938
3886
3842
3797
3755
3697
3684
684
616
597
584
652
528
352
574
486
1346
1177
1174
1814
1089
1186
1202
1869
1251
958
1263
985
1896
1443
1713
1486
1719
1090
1134
459
381
380
1342
1249
1162
1268
923
940
1855
541
426
989
1414
931
1892
1784
903
1424
1333
1381
1118
1421
1410
1307
1144
950
900
1061
1698
1252
962
403
645
451
349
679
677
672
663
658
654
648
644
643
640
635
628
626
622
619
611
609
595
579
575
427
382
540
519
396
388
372
545
387
457
529
510
433
432
508
478
531
424
453
455
429
552
437
354
551
570
634
682
678
657
655
620
618
617
592
481
449
513
523
368
535
421
360
473
445
402
362
462
542
482
676
539
512
456
394
556
450
683
680
567
498
669
666
555
471
461
439
554
516
509
477
407
350
391
562
474
470
300
127
340
2
135
243
311
63
257
302
242
182
299
101
57
60
314
186
88
62
40
19
343
133
172
298
238
211
549
399
205
273
131
86
46
248
109
329
2660
2640
2459
2447
2337
2001
1991
1972
345
284
272
156
82
326
41
332
142
128
55
296
163
147
246
187
173
92
24
331
175
344
304
185
161
45
252
330
196
194
180
130
94
237
25
33
322
178
309
197
184
108
285
271
223
212
170
141
123
118
113
69
13
124
308
158
312
214
144
137
116
149
28
168
129
103
31
319
315
235
280
274
200
188
85
1240
3372
3251
3218
2776
2767
3269
3095
2961
3283
3436
1224
313
229
208
132
98
56
50
48
21
9
3139
2769
3042
2688
3165
3205
1787
3414
3010
2903
1506
537
506
440
431
2259
2540
2270
2233
2209
2145
1944
2502
2243
2131
2646
2638
2630
2606
2605
2602
2599
2593
2590
2586
2506
2492
2462
2430
2429
2428
2423
