0
866
3989
301
4008
47
4012
2952
157
3031
160
825
2596
911
562
233
4022
411
642
1326
114
267
335
447
717
699
443
4007
3983
4035
3746
4015
608
3984
1270
287
2457
279
81
860
1586
649
1224
1065
230
42
61
2569
1581
292
2792
210
656
3282
240
1792
613
207
2079
1474
215
288
4010
1386
2740
220
2808
49
3071
750
1145
2541
37
899
883
3650
891
131
1834
2204
3922
2842
3733
120
2431
384
2269
3729
3890
3155
1053
356
638
744
3820
3183
15
3864
3444
624
2860
1252
3954
3632
1969
205
3732
1034
183
3811
2470
607
3742
3813
255
192
3121
2691
3037
91
193
33
182
253
904
1194
1046
269
3990
4016
581
498
871
874
895
788
887
872
746
729
894
881
879
873
870
867
859
858
761
888
882
864
811
889
886
878
876
863
861
869
700
711
710
785
732
720
735
755
832
736
885
877
704
833
822
816
789
733
712
714
707
851
742
753
730
836
722
797
779
794
890
835
765
721
831
798
706
702
787
799
772
838
814
769
764
840
819
739
728
709
698
842
810
781
762
715
687
850
839
802
725
691
848
795
880
856
837
804
774
763
718
719
695
830
784
773
693
853
780
778
745
738
724
855
854
852
847
846
844
843
841
834
829
827
826
820
818
817
815
813
812
809
808
807
806
803
800
796
793
792
791
790
786
783
782
776
775
770
768
767
766
760
759
758
757
756
752
749
748
743
741
740
737
731
727
723
716
713
708
705
703
701
697
694
690
689
849
845
828
824
823
821
805
777
771
754
751
747
734
726
696
686
688
884
155
3987
4025
3991
4011
3999
3981
4034
4032
4029
4019
4005
3993
3992
594
4017
4013
4004
4031
4006
4002
4000
3995
3998
4018
4023
4009
3996
3980
4033
4014
4038
4030
4027
4026
4021
4003
3997
3994
3988
3986
4020
3982
4037
3985
4028
4024
4001
4036
893
875
892
801
868
865
3894
3661
3806
3961
3932
3537
3965
3910
3751
3585
3671
3647
3580
3897
3946
3622
3507
3770
3871
3666
3745
3863
3679
2106
2388
2437
3515
3607
3566
3865
3560
3639
3880
3686
3676
3494
3513
3752
3923
3901
3749
3664
3973
3539
3887
3892
3738
3443
3975
3701
3465
3694
3662
3446
3669
3502
3623
3612
3916
3569
3720
3776
3531
3977
3809
3511
3568
3534
3459
3509
3631
3476
3616
3641
3490
3447
3882
3510
3466
3710
3587
3665
3614
3489
3747
3870
3855
3833
3844
3799
3716
3439
3740
3713
3905
3792
3714
3564
3785
3599
3482
3541
3818
3782
3506
3757
3594
3942
3927
3969
3958
3753
3505
3908
3739
3812
3727
3549
3795
3467
3645
3602
3468
3774
3759
3675
3579
3649
3613
3581
3690
3535
3532
3862
3951
3719
3648
3486
3458
3793
3754
3883
3967
3964
3960
3920
3500
3956
3764
3947
3931
3794
3706
3593
3591
3915
3881
3829
3768
3634
3630
3529
3778
3588
3725
3921
3791
3715
3629
3949
3546
2281
2621
2094
2421
1657
1934
2034
2515
2358
2442
3874
3743
3657
3567
3473
3914
3852
3627
3601
3555
3469
3936
3867
3827
3773
3705
3698
3615
3508
3626
3723
3659
3547
3575
3452
3470
3492
3619
3940
3526
3518
3911
3898
3790
3691
3523
3479
3457
3737
3654
3590
3512
3485
3605
3462
3703
3884
3832
3779
3731
3635
3603
3557
3497
3891
3670
3503
3488
3722
3934
3930
3909
3554
3464
3825
3583
3551
3978
3976
3974
3972
3957
3955
3952
3945
3944
3941
3937
3935
3933
3929
3924
3919
3918
3917
3913
3912
3907
3906
3904
3903
3900
3899
3896
3895
3893
3885
3879
3878
3876
3875
3872
3869
3868
3866
3859
3857
3854
3853
3850
3848
3843
3840
3837
3836
3835
3834
3828
3826
3823
3822
3821
3819
3816
3815
3814
3810
3808
3805
3803
3802
3789
3787
3786
3784
3783
3777
3772
3771
3769
3767
3766
3763
3761
3758
3755
3744
3735
3728
3724
3718
3717
3711
3708
3707
3700
3699
3696
3695
3688
3687
3685
3682
3681
3680
3668
3663
3660
3658
3655
3653
3652
3646
3644
3643
3638
3637
3636
3624
3620
3617
3611
3608
3606
3598
3595
3584
3572
3571
3570
3562
3561
3559
3558
3553
3548
3543
3542
3538
3536
3533
3528
3524
3519
3516
3499
3498
3493
3483
3481
3478
3477
3474
3472
3463
3460
3455
3445
3442
3441
3953
3970
3838
3730
3640
3574
3475
3450
857
3800
2505
1961
2382
2444
2320
2041
2263
2341
2422
2487
2455
2251
2130
2548
2439
2082
2152
2466
2255
2634
2245
2587
912
2926
3061
3389
2788
3200
3266
3088
3323
3180
3235
2855
3175
3334
2802
3007
2737
3091
3283
3105
2177
2061
2158
2265
2424
1933
2523
2238
1930
2577
2335
2357
2080
1949
2091
2488
2227
2120
1922
2049
2725
2207
2490
2486
2426
2170
2454
2008
2614
2558
2119
2562
2450
1960
2628
2412
2301
2181
2162
2160
2146
2129
2051
2022
1950
2230
2397
2361
1975
2513
2349
2656
2514
2452
2114
2262
2316
2350
2613
2311
2407
2622
2630
2485
2430
2576
2477
2469
2423
2179
2655
2591
1963
2566
2540
2453
2448
2317
2219
2085
2035
2023
2213
2063
2037
1962
2646
2615
2586
2552
2363
2359
2484
2467
2460
2353
2200
2139
2118
2084
2995
3886
3628
3563
3966
3845
3831
3817
3604
3527
3521
3491
3860
3796
3702
3689
3683
3926
3902
3736
3667
3839
3712
3656
3651
3517
3504
3888
3610
3544
3514
3948
3928
3889
3804
3788
3625
3578
3501
3484
3979
3847
3589
3522
3950
3672
3573
3552
3520
3841
3760
3618
3556
3480
3471
3943
3938
3873
3858
3830
3824
3762
3756
3750
3609
3577
3461
3449
3448
3438
862
3971
3968
3877
3842
3780
3734
3697
3596
3576
3545
3525
3495
2790
1057
3849
3726
3600
3925
3530
3496
3437
3775
3693
3673
3642
3621
3586
390
349
499
406
485
626
564
202
2346
2633
2626
1919
2435
2097
1921
2050
2166
2141
2025
2639
2018
2006
1999
2647
1951
2658
2585
2364
2000
1995
1991
1931
2659
2657
2651
2650
2648
2645
2632
2627
2583
2580
2574
2570
2545
2535
2532
2528
2524
2504
2503
2494
2493
2481
2456
2443
2406
2405
2402
2401
2383
2378
2376
2375
2373
2371
2365
2360
2321
2314
