1912
107
2347
1888
1107
1684
2081
1707
2464
3437
1352
3350
2417
2777
2511
2135
3339
1432
2754
3082
1886
414
1460
3104
2588
1100
2951
688
3697
376
434
3313
2533
2475
1288
2738
2379
580
3280
3284
2991
3195
3540
1783
2683
3348
3049
1939
2934
618
3101
1692
2748
751
924
3456
1576
1529
3808
2763
515
3529
1716
1873
2665
1059
1255
146
25
0
1557
1596
2090
455
1117
527
2797
2743
2303
2024
680
3324
3694
3842
1212
847
3760
615
417
3145
291
1225
2522
67
1333
1998
2969
427
1850
1691
2509
3670
1951
724
560
2385
2597
709
166
1281
2185
2027
3847
559
2948
3081
3593
2667
1612
1301
1473
3628
177
774
3227
1955
2243
2128
2664
2620
1784
2659
2944
1977
945
1681
3361
1224
2409
1988
800
1104
1075
3563
3585
487
793
3180
1714
298
913
2567
2549
2375
2680
723
391
3781
1512
2008
3604
995
784
3299
915
460
3542
1599
2724
3113
2987
3423
2947
2264
3065
2657
2501
2186
2708
2897
1187
55
3237
337
1299
3840
3753
292
322
787
1284
692
161
3575
111
3136
500
110
664
1025
1797
786
131
1091
3173
2050
2258
3274
3358
880
1687
1541
59
2531
188
2887
2491
2633
1777
174
1834
982
1012
3217
821
3707
3554
3859
1889
393
2534
2739
459
3792
2746
832
1831
1106
165
4025
2209
1090
3740
1167
3072
3296
2692
2632
1446
3507
3659
3321
1077
2036
3701
3896
3684
2362
1688
1829
2416
332
1637
3748
1499
3901
2273
2025
2911
2396
773
3681
2621
1604
73
158
1456
3236
1188
2197
478
1999
3014
3498
1760
3674
3057
1902
3933
3666
3970
2378
2129
1050
1695
2056
3418
3784
382
2521
182
1587
2466
941
425
3210
2946
2862
767
2365
1629
3963
3383
1890
661
3504
1640
168
879
163
3517
3386
1811
2524
1606
1974
2750
2770
3362
3213
3264
2345
2124
2208
3874
464
1162
3076
3372
3866
3343
1481
1842
466
424
2369
2108
2334
2353
1356
1157
2764
845
3967
1015
1108
2342
687
2917
3248
138
262
3531
3989
739
1526
323
3778
3981
859
3917
2141
2486
2843
1863
3844
2730
3771
2079
3441
2380
1037
3424
3953
2493
807
691
3475
431
2928
3413
3262
875
822
1221
1349
1802
663
3708
3191
175
3400
512
3124
3722
1122
3146
3547
835
1588
1586
3231
2891
2568
3733
3249
3665
3138
2855
219
191
617
904
2707
2445
1713
2783
1593
2132
2413
4036
3571
518
218
1264
2916
2872
2717
3306
2523
1384
742
437
2805
2500
3513
1233
3301
1648
3965
3512
3770
241
1121
3448
3546
3294
2786
3829
306
2696
190
365
3724
933
399
3937
1404
1309
778
1101
3924
313
1669
3726
1283
2431
988
3853
88
2412
1805
2982
820
3657
299
3527
3883
99
2673
2451
910
1226
1407
857
2314
2818
3716
776
1336
732
1307
1531
600
2780
2215
848
690
840
3263
3871
463
452
667
3690
213
360
482
700
2716
2269
3663
1762
1852
1020
3944
3254
908
2964
655
592
2470
1679
2687
2932
10
1479
2306
1160
3524
3743
2449
2758
3365
3021
2373
3040
1657
3233
2490
3129
511
1763
3705
1589
2211
3126
2658
2234
3931
2714
3633
2720
3637
3927
1070
423
3150
3272
3329
3212
1042
3713
2637
63
1418
3450
3508
3415
2335
2483
1074
1525
1882
1543
1332
1055
1505
1306
3629
838
1403
2868
1527
813
585
948
2840
13
194
705
52
248
196
4005
2937
1968
2297
3895
3074
3323
2753
2901
3763
1572
3001
444
2361
458
3959
1723
3785
3935
3595
3142
895
765
3961
1357
1085
176
3638
2015
331
3846
3454
3405
3627
3242
1742
1215
3750
896
1253
2170
2472
2492
1202
1925
2284
715
2593
3623
2880
868
2224
356
3940
3671
2274
3551
3521
2512
3408
2829
1832
50
1152
2870
531
2574
1026
4012
659
3668
1354
1040
973
488
3121
2018
1548
3222
1347
1515
1270
3165
2506
244
3080
926
1913
2896
2699
1362
2053
1738
3491
3688
828
1452
14
173
2636
3578
955
3514
3219
468
3544
3480
1445
1058
3620
2886
2525
2267
971
2115
1208
2713
2382
3395
4009
534
1503
613
3725
2741
2839
3995
1245
2293
877
3679
3736
1118
1664
252
2231
1401
578
272
4011
223
3919
2790
850
2557
465
3614
3089
370
554
4026
1969
675
3758
1228
1441
1743
2967
1252
3986
3363
2277
889
3037
1937
3731
928
2349
2300
2558
2907
164
2732
3980
2684
653
796
1881
416
2051
918
1524
871
1579
3159
303
1057
2792
2307
565
3139
4024
3712
881
935
3567
2035
3591
2997
2942
3700
1214
1289
1817
2691
4014
3799
1997
228
1293
674
3319
968
3211
1278
3495
3015
443
3777
2456
3738
2255
338
34
33
76
253
47
3268
180
3856
230
210
589
2205
1131
2952
77
453
1698
206
1146
3369
1878
3006
3352
2728
232
668
543
3465
189
3055
3903
1647
211
526
149
3732
2975
3947
2495
269
474
3096
2820
1870
281
309
375
2899
3598
2971
749
710
3635
1601
1996
3619
1346
1028
686
3987
3140
3344
3345
3031
2789
2113
447
1251
420
3813
1616
183
614
2883
3312
1982
377
3192
2219
762
2178
2671
1197
636
588
79
673
1918
3831
4002
121
2130
2411
3955
2415
2096
1430
2286
3749
2634
3714
3832
3746
3581
764
2682
2167
3170
2424
2421
3742
3651
490
3997
551
1739
811
3364
3843
2019
3603
1099
3342
1368
1089
714
2715
300
3414
3968
1776
772
350
4015
843
3157
2903
418
1821
3431
1411
733
3024
3720
3404
3532
3148
1372
1923
1965
624
2740
648
3410
858
22
3499
3292
2923
64
3181
3964
1774
1934
3279
3505
1566
529
2176
3444
3485
1694
3482
1861
1659
341
23
4030
3669
2371
2628
866
3428
2287
1184
167
2350
2904
392
169
5
2666
1067
3858
151
1568
949
2044
2329
1039
2077
1885
3600
1947
1954
758
2281
1036
1014
348
507
2959
1614
1130
3070
3397
3169
304
719
1366
4035
1008
1300
591
2236
3349
3371
3971
3460
3336
927
3287
373
1542
2190
2545
1353
1836
401
3050
271
142
72
82
3161
3818
245
3869
3265
823
2087
2065
1535
1585
885
1482
1847
1072
1200
605
1709
2294
246
3804
346
94
242
3044
2670
2251
860
587
1438
1483
1287
1789
1032
1257
944
1504
2698
2956
3939
3966
3394
940
611
608
909
2126
2158
2785
900
3250
389
3655
1019
2221
1950
3028
884
579
630
3950
3747
3297
3765
2832
3232
3519
2013
2225
1677
1682
1459
3741
3702
3803
1626
1412
1060
1321
2841
6
308
862
726
2622
2618
882
1795
1729
3278
3807
2082
1196
2331
1330
2189
3184
2726
3311
2930
254
1814
1219
3660
2063
352
852
799
720
3163
2765
207
3277
3004
2387
3091
2734
486
345
656
768
3435
2067
3346
563
1081
1544
222
3776
2263
562
4007
1097
2584
3925
1779
685
3290
3625
1471
3759
946
1191
3587
1271
445
2984
2127
3974
2537
1406
867
231
285
3013
1877
947
682
1710
3811
3568
3817
3427
2712
3890
1427
2433
761
3888
2697
1686
3867
3100
278
2889
1244
3582
12
1785
435
1182
2830
1043
3806
1394
621
2914
876
1457
1621
1317
293
1952
16
1660
2280
3127
3572
599
3271
1348
754
3071
3185
2796
1164
1033
234
3719
833
2890
3377
598
3509
91
2784
93
214
144
1294
62
123
2173
873
593
247
1279
893
1120
2104
2452
199
3685
986
3286
3234
3266
3054
851
2884
2089
3553
1029
2101
2069
1133
1973
1935
539
1646
2061
722
2473
3549
2834
3486
3090
2861
3389
3920
1181
3201
1031
57
108
2301
870
422
473
479
523
545
3131
29
1265
972
3421
2996
3658
351
3948
2291
3489
160
3322
962
963
797
3056
2097
2217
3381
3850
2134
2034
4021
2144
3375
3606
2779
172
1884
1754
1359
1487
3788
3814
1860
1382
3083
1854
3564
2298
475
1514
3276
3640
1003
581
1302
1792
516
1021
2318
3696
1231
984
1373
954
1638
2288
746
825
1038
3067
326
2214
2341
162
3661
2774
1363
816
3244
2164
2083
1744
1013
1484
335
4000
1651
699
1733
179
1168
985
3773
1096
3384
2817
2929
1908
990
2530
2965
35
3200
3303
3114
1194
3729
965
2289
616
2653
2759
730
3609
296
1064
1386
3645
2722
1909
2788
1849
1653
1489
2882
1405
1179
3565
3162
104
555
3584
3493
2848
3023
274
3862
1773
3723
3592
318
2811
2808
1958
2157
2518
2198
744
3442
819
44
1734
3309
2191
625
892
679
1129
2649
1358
283
2643
1896
998
782
1830
2226
996
1926
3934
2979
3436
3576
3103
3854
3388
3644
2295
4028
1708
305
2125
256
251
3447
3407
3880
2528
1247
3709
1316
221
2571
992
1137
344
109
1344
61
320
1748
2992
3458
3204
3155
2476
3562
263
3053
2487
3282
3147
2709
628
3801
1343
3886
3535
3539
316
2799
3469
137
3058
681
654
590
666
2022
1976
804
1856
1190
2810
3893
3401
275
987
215
1018
3451
3008
3885
1185
1486
3143
1203
1177
367
3875
1116
294
1537
3398
657
818
3402
101
1631
3676
2147
495
1469
3068
2213
3393
2605
571
3275
480
3515
3183
645
2895
3790
1310
1276
830
3497
1528
3328
3429
1049
3235
1510
1209
1500
510
2168
1759
3561
301
4013
2442
66
46
197
3857
3099
633
1424
134
1960
1249
2686
1027
1556
1819
3698
3153
3795
3958
17
2527
2031
1676
3281
1351
1605
125
3755
1268
2580
2437
3721
3751
2085
1291
1342
1285
1564
2752
1109
2814
3175
1044
336
817
3652
30
2455
3530
150
3045
3468
1911
3602
3052
3315
2983
3879
603
3617
462
409
3780
3704
208
1475
575
3687
90
3942
450
3796
233
2166
942
2736
1461
3845
899
2767
78
3370
3983
2976
3579
330
426
3240
2675
2693
4004
3079
1065
2162
573
684
3915
3693
3838
2819
394
2690
3474
498
2222
2458
1887
530
1493
1311
1314
4008
558
3589
1990
133
3416
2304
3982
18
3744
2850
2771
2346
2912
2791
4003
36
19
2794
3317
1615
3209
1280
1455
1295
3977
1658
265
3440
3768
3791
3810
3613
2935
37
1140
2631
2869
649
1414
32
83
865
43
1560
3559
934
3288
3978
3112
4034
3152
112
3678
1818
3825
3221
1853
496
3307
3820
2847
755
343
45
3833
89
267
385
3882
1700
3876
1134
115
3928
192
2017
2422
1895
3419
3823
3764
396
1260
1815
1490
791
186
3800
2594
3526
3782
2931
1880
632
481
2800
368
415
2535
302
3794
3643
446
1919
2828
3822
261
1087
886
2210
2367
3459
1810
3612
1442
3841
1883
1434
433
397
84
519
3025
159
855
2372
1603
2152
1166
2320
694
3097
1899
2988
2960
3316
678
2587
1236
1154
1391
897
1
1553
1624
56
2098
1538
438
3881
3285
849
315
170
3018
3904
2626
1851
1123
1590
1735
3283
989
2285
2461
2283
2241
2327
3583
2427
432
3048
1083
1402
2488
4023
116
226
51
3374
1458
3483
2366
3354
3683
2806
3259
3452
3078
1041
457
4018
407
3929
3577
3756
3449
3476
3594
3481
3518
2503
3484
619
2772
976
3522
3830
1421
1174
1897
3198
3051
3005
951
861
731
779
1683
122
2188
1114
3273
3337
3199
2762
1388
1654
622
609
71
3908
3516
1569
1435
1788
1845
3734
2591
3295
2737
4029
3073
2981
2119
2391
2262
2650
1666
3318
1549
357
676
524
1575
3038
366
544
3430
506
430
3106
258
257
9
635
658
2577
2336
3105
2679
3098
3739
2702
2165
2607
1292
2721
2354
2040
1866
1871
1979
3409
3642
3730
202
846
1296
2898
3382
1324
1859
2337
1914
2004
395
556
1155
2324
2467
3326
1696
60
1689
2332
1945
1948
3470
2547
2068
3835
3590
1143
2616
1825
1641
2513
814
2202
2095
2520
2601
2020
3128
3445
802
3533
1145
2428
2858
1448
737
3110
1192
919
1786
1843
3168
3536
638
1685
1894
3039
380
354
1367
806
906
1242
2776
3019
2538
2894
3034
3035
2496
311
907
1409
3241
2271
703
961
1098
1046
505
483
651
3545
451
436
1426
1007
1869
2450
1061
3877
2508
2319
1428
1163
2845
3118
912
2296
2656
2871
2881
3256
2248
2569
2122
1068
2599
3193
2949
3543
2237
2561
1953
1450
958
1790
2735
584
596
2957
1511
1582
1600
1563
1327
3017
3260
1422
353
21
3125
403
557
1534
3164
3308
853
2572
3269
40
1254
789
2397
1110
1259
1239
1063
1051
3649
2239
1023
3695
3523
3884
2678
53
1518
1161
2677
1035
243
3706
1429
3653
3220
2812
1298
1794
1241
2927
1463
735
1903
1496
3673
1946
2963
1633
2088
2922
499
2448
3135
2943
3426
3064
3149
3975
3774
3757
3621
610
3560
3030
3500
2876
1671
812
763
2676
227
1151
3675
574
1150
601
1678
808
3084
319
408
3941
3762
2160
286
3016
476
1594
3255
119
2080
805
662
2954
287
937
3356
2874
3197
1322
1204
1618
2938
2429
2123
2136
3878
171
3387
1047
2978
1502
1907
3182
3258
1978
3868
2179
2404
2220
1758
2005
3656
390
1938
2566
2801
1900
3385
3032
770
2729
2993
1872
1922
2773
2939
3252
2920
2669
3194
1205
922
1533
1837
2364
634
2961
3085
3597
1495
1555
2137
441
2150
2578
2635
2443
1984
2478
1905
1822
2648
2383
440
1149
1791
442
2517
2204
3455
3608
1906
1444
1876
3333
738
1721
1017
1724
3007
2718
752
747
3752
120
979
1262
2460
1639
939
2181
3059
1375
1365
3910
3009
2419
198
124
3586
3851
3360
3772
959
1338
1497
3253
3390
2844
3012
3715
3834
2798
3615
2438
1443
2704
521
1901
3304
2238
1016
3870
3956
3443
3573
3891
11
1364
1217
2228
660
1921
1395
240
1991
2612
2351
1517
1477
1697
1981
2384
2062
3092
2247
1808
1045
113
2548
1705
3267
3422
2778
3225
3406
383
2672
3775
58
225
1207
695
3972
2663
41
3872
7
1492
1824
1715
931
3998
794
693
3502
827
297
236
26
87
3228
2596
3332
2793
2973
2610
2145
3494
364
576
1135
2585
3003
2645
2627
3985
372
2516
130
2703
2936
1936
358
1437
2751
2955
2747
3177
1010
2998
3488
2023
3824
520
324
3176
1173
1230
1248
1711
48
3570
3151
217
3816
3677
2613
4017
1286
470
3745
1387
3109
3798
2614
2339
2926
1470
2012
2377
2589
2555
355
371
3907
2070
1180
2529
3555
1024
2838
783
3490
3905
1801
888
3300
1771
220
1865
748
1766
2723
2100
2536
2368
361
2037
3848
2192
2646
2418
4037
2410
2392
1062
3994
3376
4033
2565
640
2681
193
2156
1216
3631
2175
1987
129
3069
2357
3432
2203
3510
1274
626
2075
3632
2066
3996
264
1084
68
3667
448
2064
1607
1844
2804
2710
994
1485
3836
2425
3392
1340
153
702
522
3954
92
1559
704
533
2921
3711
3061
3218
3717
1318
538
1282
2227
1360
1465
3949
118
1661
2313
3662
