1912
107
1684
3437
0
3363
373
2661
1277
515
2937
366
745
1273
3090
3604
56
1927
3320
1472
252
686
2955
1345
2097
555
3851
563
2724
2022
3185
3196
346
3233
3195
1496
828
3684
277
1413
3295
3980
3239
3104
3219
353
3821
185
4023
3830
917
1062
2799
3497
488
1037
703
3488
1844
2645
3506
989
1837
3240
3841
3033
2627
3462
170
1785
964
2440
3307
3291
3634
3945
239
578
981
1454
3524
3646
1310
1177
1742
228
2035
1268
3329
291
1264
332
3713
2836
2681
419
773
2702
3191
3756
1464
2248
475
3514
3420
1
564
664
876
833
702
1000
3171
3635
3860
410
1223
3521
3227
3971
3167
815
853
1360
3234
1677
3458
494
3505
188
190
1889
1258
3465
1206
3148
1534
2942
681
1475
3261
232
380
256
3354
2803
1121
4007
2488
1996
836
3583
772
3439
443
727
2759
319
1139
1064
320
1212
3525
270
958
1118
3468
3020
3784
3714
3186
3123
950
3433
451
3651
460
3379
3157
2978
246
3401
1709
2816
3939
554
2823
1221
1828
3472
651
1408
2313
1188
3567
2260
625
3257
3705
202
2819
362
3721
510
782
797
895
61
2406
638
2784
527
2286
2230
1358
1781
1527
3934
340
46
35
2684
1982
2961
115
2513
753
2744
3910
2076
1252
4029
1788
2736
2577
3989
2801
3614
111
1137
3015
586
77
3641
2314
3952
3473
2366
234
242
3173
3998
689
3991
26
2557
1976
1615
1764
2141
1961
3427
2696
675
576
1866
74
162
3767
1263
3622
1936
682
1501
3198
3395
3870
1441
3527
3771
1575
1012
1569
1949
2670
913
328
1098
3166
3018
573
245
1882
3679
3779
1284
2919
3181
10
691
4014
179
2829
2214
3483
2378
3486
99
406
1875
2770
3504
390
96
1749
1412
89
648
2929
2587
3718
283
2733
1780
613
2790
272
1050
847
1762
743
1060
1582
786
3795
2691
2967
213
3444
3403
3757
3918
1579
3380
1444
1680
3574
334
3594
511
304
224
990
3864
680
225
2783
398
3359
2970
3209
1567
3398
3630
3511
756
3028
850
485
700
3207
17
3445
2382
3921
3601
3475
2470
3899
3659
1565
93
1035
2612
2192
770
448
1900
807
3678
660
991
1711
2840
1581
3729
52
811
2455
1022
1990
667
1856
458
512
314
3664
826
711
3302
3900
523
2274
302
2639
3268
2297
1404
986
1210
3325
914
873
3620
1877
2012
3685
2388
2474
2812
125
1847
582
1489
789
2909
1508
1555
3595
2824
714
1978
1883
294
1798
3534
1853
889
2426
137
2692
3092
350
2106
2197
1134
2373
2758
2870
1038
372
531
862
3812
3602
2204
1196
3949
2746
3304
589
2105
1304
737
2080
2975
416
3241
3769
1649
1147
1324
3520
1135
97
662
3392
3811
129
2238
668
1821
780
1756
1070
3814
223
1276
490
267
2641
2618
2454
496
655
349
864
2931
3487
1317
2729
2860
1203
2209
1395
3838
321
3914
2221
3158
385
3122
153
842
3803
2935
534
3072
1808
3632
3366
1452
1241
1097
1760
1594
2632
3649
3625
3970
3443
1397
832
3201
3854
58
1200
1952
1497
800
1034
3041
3106
619
1194
860
2883
704
1532
1254
840
2714
1850
3478
1171
885
1784
217
2651
2906
2964
3374
3218
624
4009
4000
2826
3612
3489
585
149
3013
3639
1887
47
87
1803
3905
904
2972
1179
3413
1838
607
2789
3585
1564
2239
281
3290
1042
892
1084
3548
769
1950
571
379
2065
3319
2923
1274
774
1702
1364
984
3012
3449
3819
2994
929
604
3546
1260
2360
1068
1658
3550
3668
3002
2781
886
544
2882
3656
615
3156
3382
3926
2342
2647
2284
313
888
3081
3558
3128
199
493
477
507
1237
890
2992
763
4028
3872
2660
1645
3888
3948
95
3553
144
356
163
3734
1705
908
3647
2697
3027
636
598
3502
3959
3808
653
3023
128
2917
3058
596
3067
1696
164
2437
3708
3599
1039
3571
3653
253
3074
1759
220
3993
3978
516
552
2400
3560
3944
1699
1647
2018
3298
1915
2405
3755
90
3174
1150
3237
3960
3983
3694
1418
1319
1635
3951
858
134
258
1708
1928
3923
3069
2530
27
2980
2981
3492
480
1208
454
3916
1903
3300
3883
2855
2721
2595
305
969
2987
1251
441
2442
3956
3661
3551
3080
2727
3671
3044
1016
2771
3457
3341
457
584
631
327
3138
940
761
1089
1325
659
643
583
3994
2892
505
3244
3338
2281
2362
740
1099
1013
1755
3777
2231
70
2503
1187
1046
1461
2066
2652
3615
3126
865
4005
299
3222
194
3687
3912
431
1624
260
2881
84
1568
1055
2865
4038
1562
3942
2515
3429
1905
1988
3424
2015
292
418
3908
3006
4031
1476
616
3619
1529
3216
344
251
859
2099
3681
3791
32
3801
628
3936
3053
3839
605
535
177
2907
877
3962
1794
3447
24
3312
3515
2
3436
3629
632
106
68
57
2694
2667
3660
2983
1937
2129
710
44
145
37
1634
3544
2441
2476
2439
4012
2193
3904
222
138
1797
971
1907
1901
1096
549
1874
2358
3588
1841
1379
2797
1157
3223
2876
1642
1992
593
1507
367
5
577
2888
3723
469
2963
2205
1438
1548
1468
150
3911
2723
130
3867
3698
3676
3610
1763
824
1240
1692
521
368
3957
3786
3648
211
2435
3311
804
878
3221
3877
1765
669
3874
2818
3556
2634
3805
1911
1505
738
34
674
977
1299
1052
309
36
3976
3992
221
1088
3375
2668
2725
1499
1713
775
2666
324
1758
1493
887
2235
879
706
955
1492
839
3175
2565
1566
2814
2767
2821
3581
4002
3562
91
3865
1776
3454
3706
2527
697
3891
762
1778
3915
3603
3785
3707
3607
204
3231
1424
693
1152
663
3813
1790
1015
2044
3446
3879
1228
2050
2411
339
1734
206
933
3269
1141
920
3394
620
2581
3609
474
543
2367
2301
4010
3249
2518
39
2110
1443
2255
1545
1469
2887
3623
962
2962
3892
3365
970
4001
3781
2689
2456
3421
3735
2920
1801
707
1417
2459
3317
1002
3810
135
2900
1095
1400
2483
247
3990
3657
3995
420
626
330
2817
1094
3969
437
1342
2688
2558
784
148
50
345
466
673
481
365
822
1133
2737
3367
2452
3281
3224
783
1519
1219
2009
1262
2226
358
337
201
3159
3315
808
3285
1526
778
752
301
3543
2120
1278
1851
3824
2950
468
273
3024
3955
1044
3361
3294
3293
2861
572
290
2768
3925
2995
1728
498
2163
666
3259
3211
2177
881
1051
3774
3579
3440
3832
1053
3894
3384
2431
306
1735
1105
197
1426
3322
720
821
1090
2262
3859
357
108
2493
717
1560
3715
951
3197
2383
3826
1521
3337
3732
1969
3627
875
893
442
1967
3716
64
905
219
147
2298
3766
3229
1182
3474
4008
158
1771
210
3844
3003
3749
282
2614
2208
656
3402
938
23
2788
411
928
49
3235
2357
2453
599
3999
3251
3349
2740
3065
2168
1176
3042
3303
3032
750
2178
1007
3748
3816
2722
1259
3913
2739
721
2380
195
1767
1815
1602
33
1829
2017
3418
3242
3940
1670
2998
2355
3428
237
341
814
208
478
676
2569
3134
623
1065
3451
4018
2272
274
473
1655
679
1213
1486
2457
264
295
854
2049
2580
209
992
558
3876
3655
3143
3754
2709
1648
1023
1854
1043
2596
1727
3564
296
1558
2850
652
3270
289
3559
3831
3461
3875
1498
1020
2704
1463
3815
948
1914
2502
3131
2926
1710
2605
1327
3528
2708
3409
2776
2160
1553
3273
176
2621
657
2024
742
1695
3669
3213
2695
3541
3535
1531
2434
2245
1306
1425
3884
2195
2265
3336
1595
1193
323
303
3591
1428
2663
1123
591
3608
1543
3946
3536
3383
100
1802
1494
3176
1315
2570
1862
3133
1857
450
244
1701
3848
2303
3775
1355
1482
2341
2321
1372
2706
102
114
4021
3463
2686
2054
2726
1103
3670
3200
1510
1599
634
919
415
547
3563
3941
1822
2444
3494
2401
4013
3393
276
2874
2296
449
553
486
1656
3164
3666
2802
2089
3532
898
2728
154
3278
3388
945
3432
2804
3205
2953
3529
3217
198
1824
3266
3613
2895
3025
3125
1216
3701
2465
2911
2897
1087
1751
408
2403
3988
230
3720
1025
2700
798
504
2051
645
677
1398
6
3508
3683
255
3485
1430
3712
1980
1935
1671
3187
3087
1484
565
545
3903
1672
3493
1308
3643
3733
3371
2011
692
287
2014
131
2019
2879
3283
2699
627
3031
729
3190
2158
3378
166
2934
2711
4032
3552
944
436
1490
2743
2856
386
2933
377
2425
463
3480
127
3491
3438
3540
3902
1481
18
1077
1571
279
2734
3188
3416
1321
3984
2693
1500
3405
2705
383
157
171
1779
1434
1860
996
3206
2571
1892
1687
1112
1641
963
4036
326
4030
3178
1906
2774
1593
2857
956
2167
883
880
713
719
1093
86
1140
1283
2291
499
1356
3121
1116
2884
3787
2899
3507
3973
105
1383
3717
3189
4022
160
3927
1517
293
3192
1162
3833
3823
810
3853
2350
658
66
1063
435
3161
2712
51
2021
3228
376
1442
13
11
2114
3490
1513
472
985
768
733
2269
331
3470
81
2277
843
42
820
1138
76
725
