107
803
3998
3996
858
4001
3993
6
3746
3848
887
2595
996
218
550
3268
1890
3588
97
225
138
2691
3282
319
2776
441
894
3954
4007
4024
3432
638
2380
3989
2817
2195
2808
3408
215
3820
3661
3816
585
3006
1266
1253
2382
3127
607
485
910
3544
293
1854
18
1096
886
3665
3849
1233
2204
3955
3270
4032
76
208
267
183
3691
2671
35
1027
244
2442
1394
4027
2437
358
3487
3074
4016
3742
3200
95
3037
263
102
143
1627
3407
328
3660
148
1961
2422
69
3724
2483
2922
3699
124
269
150
2695
3995
2051
205
871
2528
335
3376
3999
4006
2230
3202
230
4033
750
2182
2847
3428
2857
2545
3315
3059
3175
100
312
3787
1949
2855
1088
3370
437
775
459
3125
2197
3271
3984
2424
216
3807
648
3405
2957
3192
3429
3689
3987
4015
3091
2677
1896
2557
833
850
762
852
733
893
1696
846
704
876
3871
1430
289
71
1521
3834
90
1168
3057
712
2
1797
3922
429
1301
3092
674
3552
3709
369
435
2456
300
287
96
3180
340
1466
1224
3977
3183
3585
699
3963
3308
3682
3445
2094
1476
3859
3748
3744
571
859
918
1008
160
11
673
3467
3771
3949
241
3798
1822
52
151
153
3878
801
1202
891
70
1157
987
1490
3659
1713
448
1200
1461
3973
1090
1071
356
3857
154
744
1417
875
1038
2798
540
3481
3935
865
868
1581
321
12
1762
233
1276
3251
145
911
3772
307
1969
3217
3694
3715
3290
37
1147
1978
3619
1510
3543
660
2421
144
3723
1657
2079
532
60
1252
3164
2700
2015
2902
294
3336
209
166
3882
2099
3853
120
2998
2802
1403
336
379
3942
256
411
3888
1326
3855
3446
3624
3490
3905
3538
1043
2971
2861
757
406
499
3632
3789
3751
137
3307
4000
2358
4036
2621
192
3003
2740
1193
171
2704
81
273
4
2792
3990
3530
4002
2824
2962
2106
3652
174
3808
3775
2774
3908
3897
3548
3055
3147
4013
2893
3733
870
351
198
364
476
399
3216
3141
327
219
89
46
86
68
175
177
99
278
131
3827
1002
181
78
275
195
152
306
2527
885
867
776
3716
3638
3616
3439
3513
147
4023
4014
4004
3985
4029
895
879
881
866
4028
3981
4037
4021
4019
4017
4025
3994
4018
3997
4030
4026
4012
4009
3983
3982
3980
3988
4034
4031
4005
4003
3986
4038
4011
3991
4022
3992
4035
4010
4008
4020
806
796
725
818
789
822
768
746
742
839
767
707
702
802
732
714
689
721
771
888
832
890
811
798
855
717
736
816
863
878
753
884
869
729
778
735
709
769
837
722
826
701
786
756
726
763
696
821
808
795
791
782
716
700
758
760
794
787
738
713
882
861
708
847
706
883
880
877
848
777
695
693
823
720
774
804
755
727
819
780
748
845
844
731
723
688
813
800
751
711
690
842
797
737
694
829
828
766
754
752
734
724
719
715
793
747
686
827
814
809
781
745
889
864
840
815
810
698
697
824
740
703
838
835
764
853
849
836
834
831
830
799
784
773
772
770
761
820
817
805
783
779
765
759
718
856
741
739
728
705
687
807
785
843
730
792
691
743
710
812
749
788
873
874
825
892
854
790
872
857
851
862
860
692
841
3621
333
20
226
262
220
17
243
343
149
140
28
139
330
217
83
197
298
316
279
115
116
264
110
337
326
284
108
320
48
16
302
101
92
227
121
240
189
578
222
106
331
237
338
261
250
184
10
87
246
164
265
221
297
105
345
66
55
45
283
318
125
5
229
146
2441
2314
2767
3283
2834
2515
63
236
257
295
344
176
109
111
41
14
8
266
194
53
259
30
254
187
24
98
29
347
39
21
281
251
296
249
315
242
57
332
299
1
40
7
82
13
84
23
119
659
583
595
582
640
628
600
661
3126
113
104
341
303
260
133
130
126
88
85
311
204
132
50
22
313
268
238
248
123
231
212
118
271
223
128
314
308
62
56
232
122
26
25
339
252
334
329
323
291
285
224
203
186
142
134
79
67
3
290
169
2238
2034
2548
2130
2373
2281
2070
2632
2251
2255
1992
1990
2455
2388
2402
2041
3338
3131
3008
2889
2959
2670
3423
2879
3354
3053
2961
3030
3012
3436
2821
3388
3227
2807
3047
2917
3042
2981
2513
2486
2466
2444
2650
2622
2401
2320
2076
1924
2262
2626
346
342
310
288
276
274
272
258
245
239
214
213
210
201
196
193
188
180
178
172
168
167
165
156
135
129
94
80
77
73
72
65
59
54
51
49
47
42
32
27
576
632
681
670
665
658
627
599
650
3389
3001
2923
2903
3084
3044
3158
2852
2854
2773
3029
2710
3339
2967
2891
2706
2709
3289
3210
3371
3254
2727
3316
3171
3357
2934
2898
2871
3155
2997
3128
2737
3048
3262
3112
2832
2895
3425
2025
1991
1957
325
322
280
277
211
200
199
170
161
158
141
31
9
185
2375
2360
2178
2014
2435
2027
1934
2227
2105
2361
2158
2580
1975
2448
2080
2321
1974
2450
2644
2570
2487
2618
2146
2497
2357
1960
2535
2231
2008
2488
2119
1930
2587
2412
2260
2181
1933
2558
1922
1915
2397
2628
2126
2089
2192
2050
2016
2157
2657
2562
2248
2023
2633
2346
2284
2225
2024
2011
2006
2207
2350
2576
2447
2534
2156
1950
2159
2342
2091
2405
2019
2476
2234
2584
2613
2311
3241
3186
2860
2900
2829
2688
3401
2804
2809
3149
2987
3181
2732
2994
3328
2972
3382
3318
3311
2982
2703
2699
3304
3045
2872
3317
2888
3105
3122
2799
3163
3294
2680
3383
3229
3095
3235
2745
2769
3348
3010
2837
2731
3123
2929
3430
3300
3080
3303
3166
3142
3026
2993
2717
2820
3414
2988
2750
3238
2890
3028
2933
3301
2906
2749
2676
2797
3108
3064
2913
3085
2931
3088
3022
3004
2908
2850
2755
2791
3246
2940
2919
2915
2874
2873
2689
2683
3121
3417
3234
3184
2805
3433
3400
3213
2928
2679
3073
2907
2729
2848
3413
2734
3286
3135
3033
2911
2866
2738
3399
3293
3243
3232
3174
3137
3104
3054
3036
2969
2835
2746
2741
2705
3096
3052
2735
2759
2723
3228
3014
2756
2743
3363
3324
3023
2948
2943
2912
2763
3390
3384
3362
3237
3129
3056
2974
2927
2897
2867
2761
2694
3040
2985
2956
2827
2815
2786
3426
3114
2851
2789
2044
2591
2179
2469
2058
2574
2524
2308
2586
2532
2623
2477
2164
2118
1979
2430
2340
2213
2104
1943
2504
2376
2220
2064
2549
2433
2258
2140
2074
2619
2573
2553
2404
2331
2329
2276
2237
2108
1983
2426
2349
2170
1988
2655
2654
2630
2520
2374
2300
2090
2001
2000
2583
1999
1980
1927
1921
2202
2620
2459
2171
1928
1914
2660
2658
2645
2337
2297
2097
2018
2012
2004
1935
1931
2252
2452
3341
3024
3094
2722
2707
3172
3043
3319
2869
3070
2770
3273
575
633
501
393
0
643
615
662
647
577
663
680
552
529
3159
3161
2856
2926
3340
3367
3242
2672
2801
3199
3351
3093
2668
3420
2999
3248
3151
2878
2803
2771
3133
2830
3356
3285
2990
2711
2779
