1912
107
2347
1584
1684
1431
2199
2047
2104
1613
412
348
3437
3101
925
2839
3426
483
2068
2007
896
1827
1128
1345
0
2001
2002
2880
1409
3335
475
2674
1835
1040
1793
2416
3363
3386
2484
2989
686
1273
431
1277
2028
579
1569
1539
428
414
3577
1284
3846
21
1410
1920
368
3347
3298
1387
3677
2202
3523
2215
3078
1205
3177
1067
2126
3803
1626
2660
2944
2648
3250
3224
1283
3862
698
1322
2641
1472
2777
2806
1056
650
2488
2592
3320
2894
3344
1824
1037
2594
1809
3596
3528
3176
3221
1910
3683
3376
917
1469
1648
2807
3253
3922
56
2192
2135
3909
3077
3780
3311
2396
2508
1377
718
1422
1064
3629
1383
3938
604
3341
2325
1121
1450
2997
2892
3907
196
3065
3029
481
4026
147
504
3830
2742
496
737
1320
438
353
3667
3887
2647
415
800
2843
1033
3116
1247
2031
2996
2333
2322
3493
3877
2656
3407
1493
1314
1175
2728
2790
103
1523
123
1987
210
182
3124
1500
3601
728
488
627
2693
598
966
2754
564
3026
3930
3670
1235
2637
2365
1018
745
462
3080
1124
321
1545
3142
200
2288
2842
3913
1344
3608
1995
1666
2004
3249
280
1192
1014
276
3297
465
2426
3408
1883
3275
2803
80
772
809
3244
3061
3333
3005
512
3782
1726
820
1722
1517
1833
1826
1380
2015
3419
3032
1970
1744
484
914
2797
812
774
243
2974
297
2858
427
724
263
31
544
3339
181
254
1384
2768
2111
494
3966
1594
628
2631
1527
1369
2153
1670
3230
3349
3952
3210
667
3932
831
342
525
3956
930
1348
1541
964
631
3873
3908
1841
3500
3774
454
2006
3321
1537
1174
3328
3445
767
2221
3764
197
2019
3841
1049
3691
3776
1159
811
1798
3373
2382
2080
1032
2090
1068
3074
59
780
1676
3345
2263
1326
1226
3668
844
1553
609
866
886
3850
2401
3384
658
715
943
3747
304
3422
1866
3957
1645
171
3475
1955
1327
2755
3982
3248
2670
2312
1434
3530
2128
1075
1065
763
2734
3810
3584
194
2813
3100
418
3068
3201
1729
1275
3118
996
2447
2171
2092
2968
3777
1183
1426
1036
3064
1487
1114
3872
1810
2422
790
1638
2087
2776
2444
1486
1453
269
3795
449
2913
2977
2664
1936
1981
2712
2927
592
4022
144
1004
195
2819
13
2310
3168
725
671
1762
1411
69
34
327
390
806
2566
151
2761
2809
301
2366
3356
1697
2368
471
1053
2765
1865
154
688
105
445
2535
608
1371
405
2096
3452
3723
281
652
479
645
1814
3358
3985
3969
1069
577
562
547
2887
977
3820
727
3748
3228
3590
2815
1503
180
1642
3599
1140
3626
2361
3091
3510
2702
3845
4002
2708
114
3868
2821
1051
3506
1445
365
2583
95
1260
1550
659
2346
2841
29
3905
3127
1703
1301
653
130
2163
1624
1508
3095
3799
3089
207
3486
2983
3807
3161
1937
1176
2245
3382
235
4013
1506
2949
3652
140
3059
1478
3695
1672
661
1625
3576
1118
819
1138
532
313
2823
2161
2168
1375
1588
1280
1357
2314
1647
2003
1087
971
3227
1829
2441
2801
861
3383
4034
2474
2239
936
1803
30
1102
3773
863
3031
1470
3864
1466
838
805
976
2030
2574
2753
3945
3741
466
1552
2131
622
1427
1893
2186
3389
915
4011
178
3703
1352
3642
3734
10
3464
3069
1806
3246
2859
785
2009
351
3478
1432
2668
43
1690
3260
1709
1052
904
1763
3469
1600
275
1257
3638
425
2772
2758
2784
3549
3801
3307
2634
1252
2848
2756
3208
75
1614
166
1950
125
444
1695
1836
736
1094
2455
582
560
2950
352
1870
1630
1233
945
486
1180
1125
1164
4003
2167
1372
1271
1901
1794
335
1074
3736
2568
1757
2017
204
910
3632
3179
1949
3216
2696
814
48
286
1720
3786
2840
2076
2170
3628
783
3548
2580
5
3767
2831
1828
3269
3279
64
285
2013
3494
2986
3880
3986
3338
3684
1842
3940
2845
1745
3796
62
3896
2035
2860
850
3028
2704
1575
164
3409
1045
768
3659
3559
440
892
3941
979
3963
1236
3565
1867
245
3315
1860
2759
528
2295
3451
3563
3979
1400
1674
3503
1073
3706
3171
530
2711
3875
265
3304
3579
1540
312
1696
3278
3855
816
3676
1787
2400
1838
2558
2748
2316
679
3716
1555
974
2981
773
3405
2857
1905
2254
3126
419
2160
3991
65
546
3154
3199
2036
2429
2904
3753
464
2514
3566
912
1533
360
340
993
1780
3860
1650
3697
132
3231
3595
2727
3623
120
1562
1590
1202
1903
126
1686
3264
1050
2412
2014
413
3133
3812
874
2895
1009
1895
3607
734
2715
3711
3575
1756
179
2477
1817
1858
2469
2164
777
776
2303
1574
703
1173
1324
1245
1098
12
1241
2599
1939
1847
1112
3183
19
170
880
735
127
643
1667
3155
523
822
3046
3400
588
1088
1038
985
1366
3679
1919
3169
469
2620
498
3326
3568
1544
3971
3942
1960
346
3848
1373
2680
2706
986
2953
396
489
357
402
901
636
3082
2498
2125
669
2581
2318
3293
3377
1244
203
315
3366
1340
372
3421
872
3223
495
3052
2698
2862
2863
1621
4029
1743
1105
3237
3785
83
2717
1342
860
424
2420
3502
527
3541
1367
1897
3509
3520
2852
3879
859
981
3854
3989
1082
2237
2116
3598
393
2534
587
2808
3557
1904
1502
3093
3603
3622
1239
3313
397
732
3958
855
3870
3906
923
3788
153
32
3447
3504
3325
2703
3425
3189
262
2494
2814
1412
221
1769
260
529
2653
421
693
801
139
256
3918
2677
3332
2937
272
66
2596
349
871
3882
457
2738
4027
3781
3306
867
3309
189
2684
2431
3299
1085
407
747
118
2718
2800
2301
1700
2369
2363
3754
329
2489
3948
1013
704
1989
3470
3771
3015
2885
541
1100
3531
3536
50
3526
355
759
920
3525
3881
3524
3612
1952
1406
2082
2688
1307
3122
20
294
1346
3910
3181
3708
3791
2651
1837
3123
3484
2285
657
3023
962
3784
2137
1263
690
165
2305
3816
443
1586
1749
2
691
2737
2600
3589
1335
2500
3364
3485
253
3495
135
2658
3505
1840
299
450
2120
3602
291
617
246
1781
3395
2470
2411
3
2922
3851
2867
840
692
1424
2259
18
586
1890
3704
1319
2173
614
2678
331
2291
1748
112
1022
909
1270
3814
319
983
3965
3960
3242
1363
1458
2458
100
1830
240
1692
3715
3995
2767
2158
3588
3902
403
3516
3953
3374
2970
3057
3818
1440
654
1505
3388
289
3375
3512
87
2051
493
437
781
3535
1764
1775
899
1547
3742
988
225
270
1119
3787
3759
3976
1152
1591
1628
3513
1203
54
3669
1928
2378
2640
2435
3128
2853
216
3919
2016
716
1524
864
241
2635
1802
3527
441
789
24
339
2844
898
3444
849
1103
3981
1476
836
320
4020
751
3837
1501
2490
3125
2817
3006
3962
869
2079
1525
1279
1579
522
2536
2175
2736
2701
795
787
3731
1457
2538
3944
1811
3296
655
1274
22
2775
3000
259
2751
3514
3724
2443
2088
1413
1115
3496
1843
3551
3371
2827
1417
3270
2671
2799
2177
2222
1994
2296
436
3529
430
1166
1719
633
733
683
681
211
1054
701
1234
1281
1454
1535
2602
2456
309
2871
1862
947
168
1208
3654
1603
555
507
520
2066
3710
3267
937
3337
3256
3001
426
1096
1381
594
2197
506
821
1561
929
1601
3555
3443
2883
1796
478
2609
2292
2042
199
3241
2661
2779
2780
3511
2355
1977
3637
3461
1658
271
1160
1782
175
3621
4000
935
70
642
1137
3393
770
3843
2697
1043
3728
3263
1580
3463
3911
2094
1717
1556
3310
707
3569
3148
2735
3546
2856
570
1885
2795
1657
1304
3360
2571
2636
1713
3372
3030
3540
2569
1570
813
2486
3418
1479
1332
1801
623
2073
3768
3978
660
3481
2576
2294
1986
231
2391
3675
2714
3257
3893
823
110
3996
3804
1044
1439
1338
4018
3779
888
876
804
3806
76
1095
1737
1461
3701
1992
999
3340
1712
3538
891
3673
60
885
632
3055
3649
1546
1790
2699
1581
3721
3998
1958
3647
2710
2769
1640
1090
106
2337
3441
873
2453
3410
2027
3840
1948
1519
3648
893
2100
3379
374
2448
3660
3666
2342
1171
2878
174
3740
234
761
769
455
3718
467
3053
2106
3518
1097
487
590
2577
2360
561
111
1368
3498
666
3709
3164
3010
316
250
3560
1618
257
3159
3992
1723
2155
1362
472
3813
274
2942
343
584
3203
380
2855
2985
447
1446
71
2379
2397
2166
1077
3751
3988
2264
2405
2652
2388
2960
2442
3517
2679
1643
1852
2916
1755
1354
2622
2990
432
2032
1313
1278
2272
550
1213
583
2962
526
1358
1429
1350
77
2745
1968
1401
970
603
2979
1046
3798
341
2473
2709
1759
3884
104
247
1448
786
3650
2851
2804
2876
1906
2329
1229
742
282
3547
2618
3656
2673
3543
2707
3762
3003
3346
2971
3067
3951
3900
201
328
638
3024
1339
1135
354
857
1337
2236
4032
540
1944
3318
3834
1497
845
2850
678
3967
3058
217
1136
1394
2628
794
1772
3235
3954
3587
3508
2935
176
1627
3987
887
1010
1701
3312
2089
749
1206
311
854
1011
611
228
2898
2184
1788
3664
851
2146
1698
1177
700
3690
1954
2077
2269
3696
950
1144
3717
2139
2613
1956
762
2493
1564
3585
255
1477
919
1812
356
1309
3282
858
1877
3271
756
1911
163
51
2965
310
3878
3888
2225
1855
94
3017
1058
1531
1542
2713
4016
3968
951
345
677
1831
672
911
2256
2667
1797
2234
597
1055
3842
1463
3460
682
1000
877
1507
521
3466
3554
2957
741
2262
63
4008
375
1418
740
3144
1908
1739
2265
1165
2072
2923
998
1443
2358
1193
664
3609
190
599
600
3462
1157
384
3929
1913
826
931
1433
2812
1002
3178
3390
2541
121
3098
3797
7
1511
2889
323
2870
2413
1874
1646
1030
613
2383
474
808
1565
1120
1967
4004
1370
1714
3323
1808
2924
3139
3707
644
1976
1403
3641
1774
3947
3646
3756
2491
2836
1760
557
1185
1243
3135
2048
810
1089
4023
1514
2349
890
1262
815
2655
616
2513
2687
3204
133
387
3113
1609
1242
1111
1765
3114
3934
3211
3266
3086
3170
3111
3355
2963
2390
1571
350
2914
3157
1223
567
500
1980
1402
3292
575
2601
1460
1515
1617
52
2589
3772
3972
2209
2232
3805
2451
3392
1298
3073
3435
3497
1998
2024
2022
738
3153
1151
1988
1907
249
6
2113
1786
3465
2008
278
1795
3831
702
793
545
213
1437
2403
420
2319
3783
955
2114
2537
3085
85
131
3331
2665
648
591
2523
300
97
3450
832
116
362
2057
3232
1708
1945
3757
3251
318
333
533
2570
3886
719
705
3933
3892
58
3604
3533
159
2552
264
1962
2033
2681
386
3651
3403
3220
3921
870
98
2816
2070
3353
1779
3420
918
730
2982
3682
771
3357
3043
2176
626
2822
2341
198
3457
205
3939
1982
581
96
900
1285
1583
1849
3436
501
2643
516
3348
1287
569
3923
2984
2720
3044
391
191
2921
2466
2934
446
3859
2545
1805
2796
2029
385
3234
61
2909
965
2952
1682
3853
1
27
453
2828
3115
1543
1974
3912
1931
924
1482
1699
3097
1635
363
2787
2555
2519
89
1430
1334
1323
739
2991
2141
1161
3833
1169
476
3644
938
1441
3402
3192
510
2789
242
3755
3737
1702
1572
1606
817
3018
1530
1122
1365
3822
1776
3802
1200
1512
685
2587
4025
2044
559
408
3428
750
3671
537
2273
2198
834
1615
3479
3631
511
796
226
3605
721
1219
2050
3928
680
1195
40
336
2248
1063
3847
2726
882
1449
1916
1634
1016
2662
833
2811
792
1851
442
3838
980
3733
1047
509
3427
3054
3108
3688
302
146
656
2958
3699
3661
3473
2207
3112
2389
84
829
1057
57
3561
1182
1288
3914
1510
1351
1659
1419
2685
1130
337
543
1644
2228
3499
3352
3871
1188
2838
93
1356
2732
607
473
3070
922
3200
3022
3467
2773
3138
3580
3446
162
534
209
1031
1060
91
1529
593
3209
1578
3739
3606
1218
625
3539
2771
1162
2868
3120
1023
143
1292
2731
2527
1290
3997
1677
634
401
3459
2902
744
799
2270
994
3866
3746
2162
3558
3079
459
3901
2258
1896
2415
2608
2069
673
3743
1568
222
3063
536
2565
3458
2208
2721
3039
746
3134
2255
3974
3247
778
2619
825
2446
3973
15
824
835
451
1582
2881
215
1295
2792
3625
3415
2980
1859
1196
296
3961
3367
1854
3899
3066
1132
1832
1705
2961
3262
2204
3088
1353
1538
2886
2503
2195
3861
