0
2079
1119
892
859
4035
3974
3688
2269
674
608
607
216
2740
2814
255
47
33
918
4008
3987
689
691
783
802
791
725
808
855
854
852
846
841
839
836
833
832
822
821
806
801
796
795
790
789
788
786
775
771
767
757
750
744
743
742
740
732
717
714
712
707
704
702
700
699
692
3806
3801
723
826
812
778
884
711
762
715
709
782
763
710
851
761
887
867
811
798
735
837
770
718
716
886
878
799
784
768
759
756
755
737
734
733
727
720
853
850
847
829
816
814
813
794
787
773
772
766
752
751
746
738
736
722
706
690
845
843
838
835
831
817
809
807
797
793
792
779
764
758
741
739
730
728
890
856
849
848
844
842
834
827
824
820
819
818
815
781
780
777
765
760
754
748
745
731
726
724
721
708
705
701
696
695
694
693
688
687
686
4017
3992
3985
4021
4019
2857
3413
3854
3963
3694
3619
3899
3789
3965
3946
3882
3848
3844
3585
3477
3942
3646
3490
3808
3657
3887
3922
3606
3549
3446
3896
3632
3607
3827
3747
3959
3783
3664
3655
3478
3518
3458
3530
3855
3627
3595
3482
3940
3543
3866
3777
3535
3652
3583
3774
3708
3675
3571
3668
3822
3972
3900
3786
3761
3812
3782
3758
3608
3658
3730
3894
3679
3819
3743
3906
3829
3469
3921
3835
3740
3629
3615
3799
3784
871
3941
3772
3765
895
894
893
891
889
888
885
882
881
880
879
877
876
875
874
873
872
870
869
866
864
863
861
858
840
830
828
825
823
810
805
804
803
800
776
774
769
753
747
729
719
713
703
697
1996
2178
2632
2621
2375
1956
2263
2548
2422
2219
2613
2515
2545
2113
2442
2349
2262
2532
2342
2197
2091
2407
2584
2443
2173
1934
2577
2258
2154
2622
2587
2114
4038
4037
4036
4034
4033
4032
4031
4030
4029
4027
4026
4025
4024
4023
4022
4020
4018
4016
4015
4014
4013
4009
4007
4006
4005
4004
4003
4002
4001
4000
3999
3998
3997
3995
3994
3993
3991
3990
3988
3986
3984
3983
3982
3981
576
3566
3904
3733
643
640
241
2014
2016
2013
2636
1980
622
2170
2162
3425
3200
3197
3317
2886
3126
2952
3181
2767
2799
3144
2670
3269
2922
3112
2884
3216
3286
3175
3243
3131
2821
3400
3025
2981
2766
3009
3352
3058
2859
3294
3052
3309
2972
2699
3292
2992
3023
2673
2792
3013
2846
3257
3195
2977
2940
2862
2763
3384
3129
3078
2908
2683
3087
3108
2985
2877
2786
3151
3300
3231
3104
3084
2576
2520
2639
2551
1974
2579
2446
2404
2356
2237
2140
2139
2118
2083
2045
2020
1983
1917
1925
2055
2660
2449
2048
2287
2274
2644
2580
2572
2411
2371
2361
2335
2272
2248
2522
2186
2599
2409
2393
2387
2603
2110
2627
1927
1921
2473
2345
2611
2602
2590
2563
2560
2559
2550
2526
2478
2428
2410
2324
2309
2188
2184
2165
2088
2064
2063
2046
2030
1918
2144
2062
2518
2176
3198
2996
2843
3046
2858
2762
2736
2714
3310
2688
3341
2819
3107
3247
3188
2939
3196
3185
2973
2783
3208
3406
3287
2840
2702
3409
2795
2784
3371
2713
3189
3036
2969
2916
2676
2664
2803
3373
2958
2870
3397
3381
3302
3199
3172
3170
3132
2950
2937
2753
2742
3295
2881
2684
2781
3370
3366
3273
3176
2957
2865
2739
2737
2711
2682
3970
3919
3918
3790
3744
3700
3578
3574
3523
3512
3828
3656
3817
3520
3563
3800
3674
3930
3667
3841
3831
3618
3842
3979
3978
3977
3976
3975
3973
3971
3969
3968
3967
3966
3964
3960
3958
3957
3956
3955
3954
3953
3952
3951
3950
3949
3947
3945
3944
3939
3938
3937
3936
3935
3934
3933
3932
3931
3929
3927
3926
3925
3924
3923
3920
3917
3916
3915
3914
3913
3912
3911
3910
3909
3908
3907
3905
3903
3902
3901
3898
3897
3895
3893
3892
3891
3890
3889
3888
3885
3884
3883
3881
3880
3879
3878
3876
3875
3874
3873
3871
3870
3869
3868
3867
3865
3864
3863
3862
3860
3859
3858
3857
3856
3853
3852
3850
3849
3847
3846
3845
3843
3840
3839
3838
3837
3836
3834
3833
3832
3826
3825
3824
3823
3821
3818
3816
3815
3814
3813
3811
3810
3809
3807
3805
3804
3803
3802
3798
3796
3795
3794
3793
3792
3791
3788
3787
3785
3781
3780
3778
3776
3775
3773
3771
3770
3769
3768
3767
3766
3764
3763
3762
3760
3759
3757
3756
3755
3754
3753
3752
3751
3749
3748
3746
3745
3742
3739
3738
3737
3736
3735
3734
3732
3731
3729
3728
3727
3726
3725
3724
3723
3722
3720
3719
3718
3717
3716
3715
3714
3713
3712
3711
3710
3709
3707
3706
3705
3704
3703
3702
3701
3699
3698
3697
3696
3695
3693
3691
3690
3689
3687
3686
3685
3683
3682
3681
3680
3678
3676
3673
3672
3671
3670
3669
3666
3665
3663
3662
3661
3660
3659
3654
3653
3650
3649
3648
3647
3645
3644
3643
3642
3641
3640
3639
3638
3637
3636
3635
3634
3631
3630
3628
3626
3625
3624
3623
3622
3620
3617
3616
3614
3613
3612
3611
3610
3609
3605
3604
3603
3602
3601
3600
3599
3598
3597
3596
3594
3593
3591
3590
3589
3588
3587
3584
3582
3581
3580
3579
3576
3575
3573
3572
3570
3569
3568
3567
3565
3564
3562
3561
3560
3559
3558
3557
3555
3554
3553
3552
3551
3548
3547
3546
3545
3544
3542
3541
3539
3538
3537
3536
3534
3533
3532
3531
3529
3528
3527
3526
3525
3524
3522
3521
3519
3517
3516
3515
3514
3513
3511
3510
3509
3508
3507
3506
3505
3504
3503
3502
3500
3499
3498
3497
3496
3494
3493
3492
3491
3489
3488
3487
3486
3485
3484
3483
3481
3480
3479
3476
3475
3474
3473
3472
3471
3470
3468
3467
3466
3465
3464
3463
3462
3461
3460
3459
3457
3455
3453
3452
3450
3449
3448
3447
3445
3444
3443
3442
3441
3439
3438
857
3948
3797
3779
3621
3592
3586
868
865
698
2903
3136
2760
2725
996
2592
2496
2285
2053
2659
2658
2657
2656
2655
2654
2652
2651
2650
2648
2646
2645
2641
2638
2637
2634
2633
2631
2630
2628
2626
2625
2624
2623
2620
2619
2618
2615
2614
2612
2610
2607
2606
2604
2601
2600
2595
2593
2591
2586
2585
2581
2578
2575
2574
2573
2570
2569
2568
2567
2566
2565
2564
2562
2561
2558
2557
2556
2554
2553
2552
2549
2546
2544
2542
2541
2540
2539
2537
2536
2535
2534
2531
2530
2528
2527
2525
2524
2523
2521
2517
2514
2513
2507
2506
2505
2504
2503
2502
2501
2500
2499
2497
2495
2493
2492
2491
2490
2489
2488
2487
2486
2485
2484
2483
2482
2481
2480
2479
2477
2476
2474
2470
2469
2468
2467
2466
2464
2462
2460
2456
2455
2454
2453
2452
2450
2448
2444
2441
2440
2439
2438
2437
2435
2434
2433
2432
2431
2430
2429
2427
2426
2425
2424
2423
2421
2418
2416
2415
2414
2412
2408
2406
2405
2403
2402
2401
2400
2397
2396
