0
4003
717
1466
883
3846
3856
3183
602
219
2569
443
1071
379
287
3570
3807
2817
4006
447
884
854
891
875
750
2596
2902
70
52
1002
3744
3925
4032
35
37
4007
282
3254
3953
1690
3946
3660
97
145
3781
401
1711
3875
1354
454
4028
608
191
1838
1176
1834
335
307
613
2714
2178
2860
49
1362
2382
2824
642
2269
929
160
4036
3282
3733
2442
2481
4022
77
263
859
3816
234
1760
3879
3935
1233
3987
3844
1147
652
18
3031
2884
1546
3650
292
3694
3954
255
2321
71
1270
386
182
253
244
4025
3990
4016
3717
1627
1027
1890
1208
3131
3181
3372
3251
3180
2732
2930
3127
3055
2774
3074
3147
147
154
3746
785
872
895
879
871
832
794
893
864
735
761
743
855
721
704
693
880
837
869
769
886
882
813
700
877
874
757
779
836
889
786
720
876
861
835
772
734
708
696
851
850
814
690
843
703
853
844
827
808
778
773
755
739
731
722
718
894
892
888
887
885
881
878
873
870
868
867
866
863
860
858
825
803
890
849
842
820
748
701
695
800
784
781
754
737
726
711
856
821
819
805
752
724
723
838
830
807
797
777
774
747
806
791
725
746
833
742
852
848
847
846
845
840
834
831
829
828
826
824
823
818
817
815
812
811
810
809
804
802
799
798
795
793
792
790
788
787
783
782
780
776
775
771
770
766
765
764
763
762
760
759
758
756
753
751
749
745
741
738
736
733
732
730
729
728
727
719
716
715
713
710
709
706
705
699
698
697
694
692
689
688
687
789
796
702
691
816
768
714
712
686
839
822
707
767
744
740
841
801
4001
3999
4031
4027
4011
3991
3993
4034
4013
3981
4038
4018
4035
4029
4020
4019
4010
4009
4005
4004
4002
3996
3989
3985
3995
4023
3994
3988
4014
3998
3997
3982
4033
3980
4026
4030
4021
4000
3992
3986
3983
4017
4037
4024
4015
4008
594
3984
4012
667
3580
3812
3905
3447
3936
3965
3671
3549
3536
3441
3874
3897
3908
3843
3911
3700
3754
3805
3712
3920
3791
3894
3723
3585
3679
3765
3763
3789
3541
3784
3519
3569
3882
3493
3751
3708
3749
3632
3572
3509
3646
3486
3783
3652
3489
3819
3786
3601
3903
3718
3558
3655
3833
3818
3900
3848
3699
3776
3600
3732
3815
3898
3675
3571
3523
3481
3688
3624
3823
3532
3771
3777
3614
3459
3909
3904
3821
3648
3530
3507
3698
3583
3863
3682
3566
3895
3724
3690
3524
3499
3901
3832
3598
3960
3607
3809
3759
3917
3892
3567
3538
3826
3810
3584
3568
3534
3701
3822
3794
3706
3506
3945
3969
3951
3793
3735
3662
3868
3725
3849
3742
3859
3907
3728
3644
3716
3638
3893
533
273
152
464
3673
2041
2255
2505
2316
3619
3940
3592
3686
3681
3658
3628
3865
3753
3553
3921
3876
3835
3705
3685
3629
3608
3508
3472
3470
3775
3722
3551
3543
3485
3847
3578
3799
3747
3587
3500
3937
3752
3634
3593
3466
3956
3881
3829
3764
3761
3630
3510
3474
3552
3452
3520
3661
3548
3736
3817
3559
3461
3970
3883
3880
3864
3813
3695
3680
3670
3669
3594
3560
3540
3516
3502
3479
3838
3627
3635
3512
3462
3913
3902
3869
3770
3555
3488
3464
3755
3731
3702
3640
3605
3542
3518
3450
3533
3484
3440
3491
3977
3976
3975
3973
3972
3967
3963
3961
3958
3957
3952
3949
3947
3942
3939
3934
3933
3932
3931
3930
3924
3923
3922
3919
3918
3916
3915
3914
3912
3910
3906
3899
3896
3891
3890
3888
3885
3878
3871
3870
3867
3866
3862
3861
3857
3855
3854
3853
3850
3840
3837
3836
3834
3827
3825
3814
3811
3808
3806
3804
3803
3802
3801
3798
3792
3788
3787
3782
3780
3778
3774
3772
3769
3768
3767
3766
3762
3758
3757
3748
3745
3743
3740
3739
3737
3730
3729
3727
3726
3720
3719
3715
3714
3713
3711
3710
3709
3707
3704
3696
3678
3668
3666
3665
3664
3663
3657
3656
3654
3649
3647
3645
3643
3641
3639
3636
3631
3626
3623
3622
3620
3617
3616
3615
3613
3612
3611
3610
3606
3603
3602
3599
3595
3591
3590
3588
3582
3581
3579
3576
3575
3574
3565
3564
3562
3556
3554
3546
3544
3539
3537
3535
3531
3529
3528
3515
3514
3513
3511
3505
3504
3498
3497
3494
3490
3487
3483
3482
3478
3476
3475
3473
3468
3467
3465
3463
3460
3458
3457
3455
3446
3445
3444
3443
3442
3439
3979
3941
3872
3659
3642
3522
3503
3978
3884
3860
3687
3618
865
356
575
679
681
675
670
662
659
650
640
628
627
615
599
621
677
588
658
595
583
582
577
576
684
377
433
501
340
57
344
207
250
189
246
135
51
102
195
275
181
666
427
485
1693
2263
2100
2548
2106
2193
2167
2094
1956
2113
1933
2357
1915
2130
2156
2421
2401
2076
1992
2014
1950
2487
2301
2570
2015
1978
3454
622
623
597
616
636
617
2634
2262
2383
2613
2650
2444
2426
2349
2435
2230
2493
2486
2334
2651
2514
2219
2607
2424
2402
2453
2158
2456
2450
2441
2422
2380
2342
2251
2051
2523
2584
2391
2092
2080
2587
2535
2146
1922
2628
2412
2317
2534
2497
2200
1983
1943
2488
2403
2228
2049
2654
2546
2476
2467
2387
2374
2359
2306
2118
2056
2005
1971
1963
1942
1944
2614
2455
2308
2290
2275
2154
2284
1957
2626
2225
2006
2000
1998
1968
2657
2633
2202
2192
2022
2016
1931
1921
2591
2414
2404
2376
2136
2123
2112
1984
2288
2500
2469
2446
2392
2352
2172
2164
2098
2046
2287
2218
2067
2452
3760
3889
3845
3842
3796
3790
3693
3527
3448
3944
3929
3785
3637
3586
3966
3852
3563
3877
3692
3689
3621
3525
3926
3886
3750
3697
3677
3596
3577
3547
3526
3521
3496
3492
3471
3938
3858
3841
3828
3734
3683
3674
3633
3480
3477
3964
3927
3738
3469
3950
3672
3667
3625
3573
3971
3968
3948
3943
3873
3831
3830
3824
3800
3797
3703
3604
3557
3545
3501
3449
3438
3437
3779
3609
3517
3495
857
1168
1264
1005
1640
680
603
672
631
598
647
571
562
466
429
1506
508
529
411
534
349
399
410
354
518
381
468
470
382
557
449
510
541
685
682
665
664
661
660
657
655
654
643
638
635
633
632
626
625
619
618
612
611
605
600
592
585
581
579
578
574
573
620
406
383
486
547
530
365
528
407
202
311
50
305
92
87
36
228
294
65
16
201
8
204
105
190
99
240
64
192
393
364
302
266
242
208
143
86
68
46
268
59
29
318
100
203
197
108
23
28
239
243
2647
2337
1995
146
183
317
265
176
150
157
82
226
162
140
2
174
279
91
339
7
238
148
330
254
24
32
327
6
336
258
237
83
269
300
101
271
331
1
196
118
104
193
341
199
63
53
48
221
337
310
151
17
14
257
332
173
322
303
224
213
178
315
304
276
252
232
212
170
134
119
113
109
72
66
55
40
25
3
324
308
248
127
122
31
13
9
214
115
343
319
175
285
180
328
218
78
2536
2448
2447
2027
1976
2578
2576
2552
2549
2499
2477
2462
2454
2443
2430
2423
2407
2356
2339
2299
2271
2234
2179
2165
2147
2090
2073
2044
2037
1986
1966
2625
2593
2573
2556
2550
2482
2354
2323
2253
2229
2206
2188
2121
2064
2033
2021
1918
586
646
590
653
495
673
669
610
481
396
361
355
425
362
512
352
1455
671
416
397
1200
1372
1854
479
2459
2466
2531
2648
2001
2324
2177
2277
2096
2085
2036
2660
2659
2656
2655
2646
2645
2639
2638
2636
2632
2623
2622
2621
2620
2619
2618
2611
2595
2586
2585
2583
2579
2577
2574
2565
2563
2562
2558
2554
2553
2545
2541
2539
2538
2532
2527
2526
2521
2520
2515
2513
2506
2504
2503
2494
2492
2484
2483
2474
2470
2460
2439
2437
2418
2411
2409
2408
2405
2397
2395
2393
2388
2378
2375
2373
2371
2369
2364
2360
2353
2346
2341
2331
2326
2320
2314
2311
2307
2303
2297
2291
2286
2281
2278
2265
2260
2258
2257
2248
2245
2238
2237
2236
2227
2220
2217
2214
2213
2207
2201
2197
2186
2182
2181
2173
2171
2170
2166
2162
2160
2159
2157
2152
2129
2122
2120
2119
2115
2114
2108
2107
2105
2104
2103
2097
2093
2091
2089
2088
2083
2082
2079
2078
2077
2074
2070
2069
2061
2060
2050
2045
2040
2035
2034
2025
2019
2018
2017
2013
2012
2011
2009
2008
2004
1999
1997
1996
1991
1988
1980
1979
1977
1974
1962
1961
1960
1958
1953
1949
1946
1937
1936
1935
1934
1929
1928
1927
1914
398
375
639
614
676
593
567
511
404
392
678
663
609
589
584
422
2540
2272
2270
2429
2058
1981
2350
2131
2631
2630
2624
2615
2606
2604
2602
2601
2600
2590
2575
2564
2561
2560
2559
2551
2507
2495
2489
2485
2464
2433
2428
2410
2386
2381
2370
2363
2348
2340
2329
2309
2300
2276
2261
2244
2240
2216
2212
2190
2184
2150
2140
2139
2124
2109
2095
2086
2059
2055
2043
2030
2020
1993
1989
1938
1925
1917
2478
2449
2427
2084
2605
2116
2490
1982
1973
1969
2525
2252
2048
2358
2226
2473
2099
2635
2379
2280
2210
2432
2274
2557
2416
1965
2581
2211
2233
2610
2517
2480
2440
2362
2318
2310
2256
2242
2209
2141
2400
2389
2355
2312
1964
1913
2417
2385
2603
2568
2415
2390
2522
2163
2065
2533
2249
2144
2026
2542
2451
2221
2110
2075
2029
2653
2644
2641
2612
2609
2566
2530
2465
2458
2425
2406
2367
2366
2361
2345
2335
2322
2313
2305
2296
2259
2231
2208
2205
2189
2175
2149
2145
2126
2066
2023
1990
1987
1985
1975
1930
1923
2142
2599
2572
2537
2438
2420
2396
2325
2243
2232
2063
2057
2658
2640
2627
2571
2472
2365
2203
2024
1972
1951
1919
2597
2524
2347
2295
2279
2151
2039
2652
2637
2479
2461
2235
2222
2161
2132
2053
2468
2434
2315
2180
2138
2137
2135
2072
2042
1994
2598
2544
2519
2518
2475
2471
2304
2298
2128
2111
2010
2007
2003
1970
1952
1940
1939
3962
3851
3756
3741
3721
3684
3651
3561
3550
3456
862
1562
1213
1103
1776
909
1582
977
945
1713
1510
1731
1046
1152
1762
1892
1802
914
1444
1903
1043
975
1738
1093
994
1682
1260
1249
944
420
1633
1258
1246
1154
1887
1764
1190
1592
1252
1568
1090
1167
1862
1647
1229
979
1747
1118
938
1240
1244
1748
1733
1601
903
1159
949
1611
1115
1263
1348
1749
937
1451
1831
996
1253
1699
1174
1896
1299
1051
1541
1412
1423
1231
1015
1007
1595
1373
1286
1281
1777
1035
1504
1482
1131
1072
1759
974
1716
1680
1655
1573
1158
1009
1100
1634
1856
1691
1426
1129
1099
1429
1343
1183
1052
986
1739
1672
1667
1624
1089
1041
1880
1648
1533
1378
1859
1578
1479
1392
1315
1082
1499
1177
1016
1649
1324
1870
1773
1786
1638
1406
1309
1014
984
941
1259
1236
1478
931
1781
1794
1661
1215
1725
1703
1500
1355
1275
1170
1141
1127
1657
1615
1518
1144
1033
950
1408
1226
1872
1857
1628
1591
1448
1322
1227
1204
1192
1104
1067
1036
1019
896
1751
1732
1454
1396
1382
1277
1261
1166
971
919
683
587
1475
1235
644
630
1743
1694
930
492
1967
634
556
523
504
477
455
421
415
545
525
496
402
395
521
519
506
491
490
488
465
460
439
423
403
1770
1507
1496
1472
1469
1415
1010
516
509
505
459
424
369
357
1801
1631
1616
1397
1313
513
434
428
412
391
368
1514
1349
976
656
553
515
514
500
487
417
385
374
1878
1855
1744
1740
1679
1543
1512
560
544
524
520
462
419
409
570
569
568
565
564
558
555
554
552
551
550
549
548
546
543
540
539
537
536
535
532
531
527
522
507
503
502
498
497
494
493
489
482
480
478
476
474
473
472
471
469
467
463
458
457
456
453
452
451
450
448
446
445
444
442
441
440
437
436
435
432
430
426
418
414
413
408
405
400
394
390
388
387
384
380
378
372
371
370
367
360
359
351
350
1549
1486
1297
347
346
345
342
338
334
333
329
326
325
323
321
320
316
314
313
312
309
306
301
299
298
297
296
295
293
291
290
289
288
286
284
283
281
280
278
277
274
272
267
264
262
261
260
259
