0
4002
1096
735
2569
4024
2195
2269
3407
3974
74
1430
145
27
841
801
699
4029
4008
35
3984
3074
2178
1586
3031
182
286
3955
1119
1233
3954
1797
3885
293
52
215
624
3183
3230
153
183
3729
37
377
233
3451
3922
2857
2470
2422
81
1581
1326
3959
608
3952
3748
267
607
1386
3650
76
2740
256
253
2774
3147
4001
90
179
3268
894
775
866
704
799
791
839
720
757
736
786
768
794
707
702
711
700
833
822
789
712
779
793
758
716
803
740
885
867
884
881
871
812
778
770
723
792
773
829
737
710
849
763
855
887
843
739
687
761
853
851
850
847
842
818
816
762
752
746
738
724
722
706
694
827
814
890
815
780
760
753
748
705
852
848
846
845
844
840
838
837
836
835
834
832
831
826
824
821
820
817
813
811
809
808
807
806
802
797
796
795
790
788
787
784
783
782
781
777
771
767
766
764
759
756
755
754
751
750
749
745
744
743
742
741
734
733
732
731
730
727
726
725
721
719
718
715
714
709
701
696
695
693
692
691
690
689
878
830
825
819
800
765
747
728
703
688
895
893
892
891
889
886
883
882
880
879
877
876
874
873
872
870
869
864
858
828
823
810
805
804
798
776
774
772
769
729
713
708
697
686
888
863
856
698
861
3990
4016
4032
4007
4036
594
4013
4038
3981
3985
4037
4034
4031
4028
4027
4025
4022
4017
4011
4010
4006
4005
4004
3999
3998
3996
3994
3993
3991
3989
3987
3986
3983
4023
4020
4019
4018
4014
4009
4003
3997
3988
4021
3995
3982
3980
4033
4030
4026
4000
3992
4015
4012
4035
327
138
321
190
160
63
229
336
3134
2926
2798
2837
3139
2952
3030
3059
3283
3336
3063
3315
3388
3418
2807
2891
3006
3216
3156
2794
3317
3269
3053
3037
2975
2731
3349
3127
3300
3399
2908
2852
3175
3304
3237
2929
3180
3073
2773
3229
2899
2879
3311
3064
3213
3226
2905
2815
2749
3383
2956
2862
3435
3417
3090
3084
3054
2993
2988
2987
3195
3085
3080
2909
2867
2705
2689
2666
2664
3414
3023
2763
3423
3325
2982
2889
2767
3390
3174
3142
3129
3108
3098
3096
3078
3047
3040
3022
3004
2916
2913
2911
2910
2906
2897
2800
2782
2680
3012
2933
3341
3209
2841
3217
2685
3402
2687
3400
3364
3362
3293
3231
3220
3137
3123
3092
3036
2994
2977
2974
2945
2915
2888
2873
2756
2743
2741
2683
2663
3393
2878
3173
3167
2918
2696
2824
2671
3244
2723
3256
3032
2702
2667
3088
3013
2783
3015
3212
2700
3425
2712
2868
3249
3391
3016
2984
2735
3145
3039
3204
3334
3266
3221
3262
3157
1627
1854
785
854
717
3151
2836
2733
2871
3254
2818
2790
467
401
2595
2481
2204
2219
187
311
71
46
120
163
282
216
234
319
268
185
205
36
97
298
124
155
131
72
17
104
5
38
220
134
281
251
127
259
147
19
164
106
318
16
275
218
181
4
231
227
175
128
79
75
118
341
223
96
23
342
238
266
260
254
196
1
302
73
30
265
212
93
168
129
84
51
338
247
310
144
242
87
7
345
325
284
252
232
203
165
123
121
105
66
56
26
9
111
44
41
2
326
214
271
236
148
109
98
291
264
110
323
283
274
228
85
25
3369
3242
3067
2843
2772
3411
2672
3146
3021
2722
3424
3190
3046
3043
2736
3381
3332
3316
3252
3225
3188
3132
3115
3072
2970
2914
2849
2688
3076
2955
2819
3185
3398
3081
3061
2957
2946
2847
2716
2882
3048
2709
2668
3365
3436
3433
3432
3431
3430
3429
3428
3427
3426
3421
3419
3413
3408
3404
3403
3401
3394
3392
3389
3387
3385
3384
3382
3378
3376
3375
3374
3373
3372
3368
3367
3363
3360
3357
3355
3354
3353
3352
3351
3348
3345
3344
3343
3339
3338
3335
3333
3329
3328
3326
3324
3323
3322
3321
3318
3314
3313
3312
3310
3309
3308
3305
3303
3301
3298
3296
3294
3292
3287
3286
3284
3282
3281
3280
3279
3276
3275
3274
3272
3271
3264
3261
3259
3257
3253
3251
3250
3247
3243
3241
3238
3236
3235
3234
3232
3228
3227
3224
3219
3218
3215
3214
3211
3208
3206
3202
3200
3197
3196
3194
3193
3192
3187
3184
3181
3171
3166
3163
3161
3159
3158
3155
3153
3149
3143
3141
3138
3135
3131
3130
3128
3126
3125
3124
3122
3121
3120
3119
3117
3114
3112
3110
3109
3107
3105
3104
3102
3099
3095
3094
3093
3091
3083
3075
3070
3066
3065
3058
3056
3055
3052
3050
3049
3045
3044
3042
3041
3033
3029
3028
3026
3025
3017
3014
3011
3010
3008
3000
2998
2997
2996
2991
2986
2985
2983
2981
2978
2972
2969
2967
2966
2965
2963
2962
2961
2960
2959
2954
2953
2949
2948
2944
2943
2940
2938
2935
2932
2931
2930
2928
2927
2925
2924
2923
2920
2919
2917
2912
2907
2903
2902
2901
2898
2896
2894
2893
2890
2887
2886
2884
2880
2877
2875
2874
2872
2870
2866
2865
2864
2863
2861
2860
2859
2858
2856
2855
2854
2851
2850
2848
2846
2844
2840
2839
2838
2835
2834
2832
2831
2827
2825
2823
2821
2820
2817
2816
2810
2809
2808
2806
2805
2804
2802
2801
2799
2797
2795
2792
2791
2789
2788
2786
2785
2784
2777
2776
2771
2770
2769
2768
2766
2765
2762
2761
2759
2757
2755
2754
2752
2751
2750
2748
2747
2746
2745
2732
2729
2726
2721
2720
2719
2717
2715
2714
2710
2706
2703
2701
2699
2698
2695
2694
2690
2686
2681
2679
2676
2675
2673
2670
2669
2665
860
3371
3103
3020
3007
2990
2713
3434
3422
3395
3342
3320
3307
3299
3291
3260
3189
3150
3140
3106
3089
3087
3038
3034
3009
2989
2973
2937
2921
2904
2828
2793
2742
3347
3327
3223
3027
3005
3358
3199
3198
3148
3136
2950
2895
2876
2718
3379
3370
3240
2942
2830
2780
3405
3069
2738
3255
3191
3144
3068
2947
2811
2779
2728
2692
2662
3337
3182
3111
2803
2730
2727
3415
3380
3377
3359
3346
3306
3210
3203
3186
3177
3176
3160
3133
3118
3113
3024
3018
2958
2900
2829
2758
2753
2739
2711
2707
3356
3246
2964
2697
2682
3295
3288
3285
3207
3154
3086
3077
2995
2934
2787
3416
3397
3396
3350
3340
3330
3302
3297
3277
3270
3267
3239
3201
3172
3170
3169
3152
3116
3082
3060
3035
2992
2980
2939
2936
2853
2833
2812
2796
2781
2778
2708
2674
2661
3273
3051
3002
2951
2881
2845
2737
2724
2684
3097
2883
1270
1027
2826
1031
324
119
64
3963
3744
3807
3637
3939
3894
3699
3704
3908
865
3409
3386
3258
3165
3079
3062
2976
2760
2734
2725
2678
1253
1200
1262
468
572
386
2505
1974
1996
2527
2634
2034
2357
1934
2548
2544
1956
2070
2177
2566
2263
2383
1924
2452
2251
2622
1992
2388
2015
1990
2635
1965
2656
2119
2455
2424
2105
2008
1960
1949
1933
2605
2577
2181
2156
2361
2644
2411
2228
2166
1922
1915
2437
2168
2358
2480
2245
2167
2402
2048
2515
2513
1988
2075
2632
2614
2558
2342
2113
2317
2035
2503
2248
2145
2080
2449
2387
2525
2277
2141
2406
2291
2214
2536
2021
2628
2488
2371
2193
2091
1936
2041
2325
2249
2258
2390
1970
1952
2522
1950
2504
2407
2474
2157
2636
2447
2391
2352
2073
2535
2487
2572
1921
2118
2615
2578
2499
2462
2376
2086
2272
2552
2546
2495
2489
2477
2446
2392
2350
2348
2339
2290
2109
2103
2092
2084
2060
2058
2055
2046
2631
2556
2393
2234
1966
1925
2652
2501
2377
2222
2062
2593
2550
2492
2478
2429
2418
2386
2354
2340
2307
2306
2278
2237
2124
2115
2104
2063
2037
1984
1971
1929
2412
2609
2445
1994
2016
2286
1975
2013
2337
2297
2192
2171
2011
2612
2537
2396
2379
2345
2304
2280
2205
2082
2031
2641
2637
2603
2557
2425
2416
2362
2310
2226
2155
2029
1964
2502
2458
2235
2127
1987
2640
2346
2159
1999
1958
2625
2611
2590
2586
2574
2564
2561
2559
2551
2549
2526
2507
2485
2469
2410
2409
2300
2240
2233
2213
2201
2190
2184
2165
2142
2140
2139
2093
2090
2059
2043
2033
2026
1993
1985
1917
2318
2221
2176
2648
2647
2633
2620
2585
2061
2027
2006
1951
1935
2616
2608
2597
2594
2519
2516
2419
2413
2332
2298
2215
2128
2111
2101
2002
1947
1940
1913
2660
2583
2498
2494
2475
2461
2459
2436
2081
2004
1973
1945
156
103
2814
2643
2508
2398
2351
2327
2302
2279
2203
2199
2194
2135
2053
2042
1941
346
320
213
194
180
94
92
347
344
343
340
339
337
334
333
332
331
330
329
328
322
317
316
315
314
313
312
309
308
307
306
305
304
303
301
300
299
297
296
295
294
290
289
288
285
280
279
278
277
276
273
272
270
269
263
262
261
258
257
255
250
249
248
246
245
244
243
241
240
239
237
235
230
226
225
224
222
221
219
211
208
207
206
204
202
201
200
199
197
195
193
192
191
188
186
184
178
177
176
174
172
170
169
167
162
