417
3846
2690
704
1475
2444
290
1758
3991
309
134
238
463
621
2046
2607
3374
3407
3672
3779
349
556
688
772
1074
1294
1401
1463
1551
1805
1815
2087
2159
2298
2385
2582
3220
3498
3690
3841
159
249
436
448
590
606
622
781
790
805
833
1065
1085
1094
1131
1159
1245
1336
1348
1501
1667
1682
1738
1823
2074
2098
2232
2308
2454
2461
2589
2686
2722
2729
2739
2804
2836
3102
3152
3324
3433
3457
3557
3644
3720
3873
3875
3896
136
201
257
353
500
510
579
589
665
707
810
861
887
938
944
976
1005
1048
1084
1162
1168
1219
1270
1417
1562
1590
1662
1664
1668
1838
1860
1878
1884
1926
1976
2161
2177
2194
2195
2246
2356
2357
2403
2409
2480
2608
2610
2693
2710
2731
2748
2861
2889
2969
2971
2977
2992
2996
2997
3045
3128
3344
3517
3528
3549
3579
3630
3665
3702
3744
3805
3883
4034
8
29
47
50
75
140
166
266
355
377
409
470
515
532
626
666
675
727
774
776
782
799
816
824
891
898
906
981
983
990
993
1004
1043
1132
1133
1239
1328
1363
1410
1421
1522
1535
1537
1601
1622
1628
1704
1705
1753
1759
1847
1984
2026
2069
2070
2093
2099
2100
2236
2254
2305
2421
2436
2446
2556
2653
2709
2741
2769
2789
2815
2868
2959
2985
2995
3013
3029
3063
3071
3078
3126
3193
3239
3255
3263
3370
3428
3486
3505
3589
3598
3625
3642
3695
3728
3827
3837
3847
3919
3946
3953
3984
22
70
77
119
121
128
194
211
212
218
221
224
248
252
291
304
308
313
324
338
432
446
447
461
465
481
541
543
546
581
583
602
655
686
738
764
812
818
823
847
864
869
896
925
963
1016
1058
1062
1071
1126
1128
1151
1153
1156
1160
1163
1167
1186
1220
1235
1251
1263
1289
1302
1335
1343
1357
1402
1407
1409
1442
1467
1533
1563
1577
1591
1597
1648
1687
1697
1722
1774
1779
1798
1852
1858
1879
1904
1912
1918
1929
1962
1992
2076
2085
2092
2103
2108
2127
2164
2211
2258
2261
2281
2289
2352
2361
2377
2379
2435
2453
2458
2539
2578
2593
2597
2655
2659
2661
2671
2721
2750
2772
2790
2799
2853
2862
2881
2885
2906
2925
2929
2984
3002
3041
3062
3084
3103
3250
3254
3302
3328
3362
3396
3398
3401
3453
3472
3506
3519
3523
3558
3570
3584
3591
3612
3619
3675
3686
3738
3748
3782
3823
3859
3863
3901
3934
3950
3954
3970
3982
4012
4023
65
78
89
90
113
124
127
162
168
173
213
227
230
270
273
286
316
341
350
359
381
408
430
459
471
474
477
504
561
592
611
620
625
644
649
664
681
706
710
786
821
851
871
874
881
884
913
917
933
936
984
999
1061
1072
1082
1097
1109
1125
1180
1195
1206
1229
1248
1253
1255
1259
1271
1276
1280
1282
1419
1425
1456
1477
1481
1496
1504
1511
1528
1564
1583
1637
1641
1647
1670
1714
1746
1755
1760
1766
1786
1807
1821
1831
1839
1842
1908
1913
1922
1930
1932
1939
1955
1971
1994
1996
2006
2023
2029
2041
2061
2064
2077
2084
2086
2121
2129
2152
2156
2173
2174
2180
2191
2192
2208
2221
2271
2397
2405
2406
2414
2455
2468
2483
2491
2492
2526
2540
2554
2557
2670
2699
2724
2726
2779
2786
2792
2809
2812
2834
2851
2863
2879
2896
2897
2968
2970
3043
3051
3058
3075
3081
3095
3100
3113
3121
3160
3176
3184
3191
3195
3202
3208
3217
3232
3283
3337
3368
3399
3409
3461
3475
3481
3500
3522
3524
3525
3546
3552
3565
3616
3641
3659
3712
3721
3742
3838
3930
3942
3971
3994
4018
4020
4024
4027
4032
16
26
32
40
44
46
55
62
67
83
85
105
129
130
132
137
138
143
172
175
176
204
217
226
232
235
258
277
279
280
384
386
402
410
428
433
434
466
468
484
491
501
514
571
584
586
596
604
614
637
651
671
692
715
717
719
757
773
794
807
822
830
831
840
853
858
860
863
878
889
895
903
905
909
920
937
939
947
956
968
972
973
992
995
1024
1028
1035
1038
1047
1054
1066
1090
1121
1172
1208
1209
1224
1226
1243
1273
1285
1290
1292
1303
1307
1308
1316
1317
1321
1322
1327
1342
1354
1387
1398
1399
1403
1433
1434
1462
1482
1488
1499
1503
1510
1512
1514
1520
1549
1578
1613
1627
1646
1649
1656
1658
1676
1685
1690
1712
1728
1772
1789
1817
1824
1828
1862
1891
1893
1898
1900
1911
1917
1920
1921
1937
1967
1979
