0
4008
3853
256
2569
2195
1967
1834
1466
674
608
602
3974
3856
743
750
796
691
836
785
702
733
725
736
707
771
4016
4012
4026
3808
886
837
761
739
751
723
882
829
813
752
742
690
831
807
779
728
890
724
709
705
694
855
854
853
852
851
850
849
848
847
846
845
844
843
842
841
839
838
835
834
833
832
827
826
824
822
821
820
818
817
816
815
814
812
809
808
806
802
799
797
795
794
793
792
791
790
789
788
787
786
784
783
782
781
780
778
777
775
773
770
768
767
766
765
764
763
762
760
759
758
757
756
755
754
753
749
748
746
744
741
740
738
737
735
734
732
731
730
727
726
722
721
720
719
718
717
716
715
714
712
711
710
706
704
701
700
699
696
695
693
692
689
688
687
4018
3995
4037
4036
4034
4033
4032
4030
4029
4028
4025
4024
4022
4021
4019
4017
4015
4010
4009
4007
4006
4005
4003
4001
4000
3999
3998
3997
3996
3994
3993
3992
3990
3988
3987
3986
3985
3983
3982
3981
4014
3879
3544
3619
3653
3744
3489
3537
3806
3818
3897
3661
3811
3819
3725
3445
3616
3786
3631
3511
3827
3669
3534
3690
3627
3518
3883
3587
3774
3823
3874
3541
3878
3652
3975
3759
3579
3519
3895
3583
3924
3558
3555
3761
3812
3900
3648
3769
3588
3658
3804
3894
3956
3593
3791
3722
3713
3678
3663
3636
865
895
894
893
891
889
888
887
885
884
883
881
880
879
878
877
876
875
874
873
872
871
870
869
867
866
864
863
861
859
858
856
840
830
828
825
823
819
811
810
805
804
803
800
798
776
774
772
769
747
745
729
713
708
703
697
686
2776
3126
3066
3322
3423
3015
3170
3333
3354
3218
3200
2975
3428
3059
2744
2667
2801
3175
3430
3352
2981
2715
3300
3130
3095
2663
3309
2972
2703
2670
2928
3099
3135
2907
3238
3119
3080
3257
3414
3023
2948
2763
3284
3129
2680
2679
3093
3149
3090
3029
2912
2908
2804
3275
3063
2949
2933
2878
2797
2708
2701
3121
3312
2768
3421
3291
3009
2870
2716
3140
2895
3296
2969
2815
2777
2746
2676
3359
2860
3373
2958
2671
3396
3378
3199
2939
2863
2661
2818
3273
3186
3154
2934
2830
2711
3838
3845
3691
3594
3795
3926
3831
3702
3610
3858
3891
3964
3611
3492
3552
3491
3841
3762
3654
3596
868
3046
2858
2841
3341
3340
3253
3171
3076
3027
3018
2996
2871
2784
2675
3072
2875
2836
2719
3043
3179
2976
3221
52
178
139
38
262
296
10
60
196
30
345
77
135
247
265
239
161
336
266
242
83
44
2
319
112
17
310
144
28
238
118
59
297
252
91
89
180
218
283
228
188
88
2051
2178
1956
2263
1977
1961
1933
2008
2113
1969
2265
2568
2342
2442
2614
2437
2599
1937
2255
2426
2207
2248
1965
2505
2427
2618
2440
2231
2222
2027
2277
2236
2652
2075
2182
2387
2303
2057
2363
2210
2060
2534
2540
2361
2335
2369
1999
1928
2396
2313
2280
2036
2624
2507
2464
2299
2206
2310
1964
2129
2126
2013
2246
2638
2625
2579
2478
2429
2407
2370
2308
2261
2258
2131
2124
2083
2077
2073
2030
1953
1918
2341
2251
2000
2531
2640
2024
1998
1939
324
304
21
2111
4027
4023
4020
4004
4002
3980
4038
4013
3991
3925
3849
3726
3693
3586
3979
3978
3977
3976
3973
3972
3971
3970
3969
3968
3967
3966
3965
3963
3960
3959
3958
3957
3955
3954
3953
3952
3951
3950
3949
3947
3946
3945
3944
3942
3941
3940
3939
3938
3937
3936
3935
3934
3933
3932
3931
3930
3929
3928
3927
3923
3922
3921
3920
3919
3918
3917
3916
3915
3914
3913
3912
3911
3910
3909
3908
3907
3906
3905
3904
3903
3902
3901
3899
3898
3896
3893
3892
3890
3889
3888
3887
3886
3885
3884
3882
3881
3880
3877
3876
3875
3873
3871
3870
3869
3868
3867
3866
3865
3864
3863
3862
3860
3859
3857
3855
3854
3852
3850
3848
3847
3846
3844
3843
3842
3840
3839
3837
3836
3835
3834
3833
3832
3829
3828
3826
3825
3824
3822
3821
3820
3817
3816
3815
3814
3813
3810
3809
3807
3805
3803
3802
3801
3800
3799
3798
3796
3794
3793
3792
3790
3789
3788
3787
3785
3784
3783
3782
3781
3780
3779
3778
3777
3776
3775
3773
3772
3771
3770
3768
3767
3766
3765
3764
3763
3760
3758
3757
3755
3754
3753
3752
3751
3749
3747
3746
3745
3743
3742
3740
3739
3738
3737
3736
3735
3734
3733
3732
3731
3730
3729
3728
3727
3724
3720
3719
3718
3717
3716
3715
3714
3712
3711
3710
3708
3707
3706
3705
3704
3703
3701
3700
3699
3698
3697
3696
3695
3694
3689
3688
3687
3686
3685
3683
3682
3681
3680
3679
3676
3675
3673
3672
3671
3670
3668
3667
3666
3665
3664
3662
3660
3659
3657
3656
3655
3650
3649
3647
3646
3645
3644
3643
3642
3641
3640
3639
3638
3637
3635
3634
3633
3632
3630
3629
3628
3626
3625
3624
3623
3622
3621
3620
3618
3617
3615
3614
3613
3612
3608
3607
3606
3605
3604
3603
3602
3601
3600
3599
3598
3597
3595
3591
3590
3589
3585
3584
3582
3581
3580
3578
3576
3575
3574
3573
3572
3571
3570
3569
3568
3567
3566
3565
3564
3563
3562
3560
3559
3557
3554
3553
3551
3549
3548
3547
3546
3545
3543
3542
3539
3538
3536
3535
3533
3532
3531
3530
3529
3528
3527
3526
3525
3524
3523
3522
3521
3520
3517
3516
3515
3514
3513
3512
3510
3509
3508
3507
3506
3505
3504
3503
3502
3500
3499
3498
3497
3496
3494
3493
3490
3488
3487
3486
3485
3484
3483
3482
3481
3480
3479
3478
3477
3476
3475
3474
3473
3472
3471
3470
3469
3468
3467
3466
3465
3464
3463
3462
3461
3460
3459
3458
3457
3455
3453
3452
3451
3450
3449
3448
3447
3446
3444
3443
3442
3441
3439
3438
857
698
2254
2199
2185
3436
3435
3434
3433
3432
3431
3429
3427
3426
3425
3424
3422
3419
3418
3417
3416
3415
3413
3411
3408
3407
3405
3403
3402
3401
3400
3399
3398
3397
3395
3394
3393
3392
3391
3390
3389
3388
3387
3384
3383
3382
3381
3380
3379
3377
3376
3375
3374
3372
3371
3370
3369
3368
3367
3365
3364
3363
3362
3360
3358
3357
3356
3353
3351
3350
3349
3348
3347
3346
3345
3344
3343
3342
3339
3338
3337
3336
3335
3334
3332
3330
3329
3327
3326
3325
3324
3323
3321
3320
3319
3318
3317
3316
3315
3314
3313
3311
3310
3308
3307
3306
3305
3303
3302
3301
3299
3298
3297
3294
3293
3292
3288
3287
3286
3285
3283
3282
3281
3280
3279
3277
3276
3274
3272
3271
3270
3269
3267
3266
3264
3262
3261
3260
3259
3256
3255
3254
3252
3251
3250
3249
3247
3246
3244
3243
3242
3241
3240
3239
3237
3236
3235
3234
3232
3231
3230
3229
3228
3227
3226
3225
3224
3223
3220
3219
3217
3216
3215
3214
3213
3212
3211
3210
3209
3208
3207
3206
3204
3203
3202
3198
3197
3196
3195
3194
3193
3192
3191
3190
3189
3188
3187
3185
3184
3183
3182
3181
3180
3177
3176
3174
3172
3169
3167
3166
3163
3162
3161
3160
3159
3158
3157
3156
3155
3153
3152
3151
3150
3148
3147
3146
3145
3144
3143
3142
3141
3139
3138
3137
3134
3133
3132
3131
3128
3127
3125
3124
3123
3122
3120
3118
3117
3116
3115
3114
3113
3112
3110
3109
3108
3107
3106
3105
3104
3103
3102
3098
3096
3094
3092
3091
3089
3088
3087
3086
3085
3084
3083
3082
3081
3078
3077
3075
3074
3073
3071
3070
3069
3068
3067
3065
3064
3062
3061
3060
3058
3056
3055
3054
3053
3052
3051
3050
3049
3048
3047
3045
3044
3042
3041
3040
3039
3038
3037
3036
3035
3033
3032
3031
3030
3028
3026
3025
3024
3022
3021
3017
3016
3014
3013
3012
3010
3008
3007
3006
3004
3002
3000
2999
2998
2997
2995
2994
2993
2992
2991
2990
2989
2988
2987
2986
2985
2984
2983
2982
2980
2978
2977
2974
2973
2970
2967
2966
2965
2963
2961
2960
2959
2957
2956
2955
2954
2953
2952
2951
2950
2947
2946
2945
2944
2943
2942
2940
2937
2936
2935
2932
2931
2930
2929
2927
2926
2925
2924
2923
2922
2921
2920
2919
2918
2917
2916
2915
2914
2913
2911
2910
2909
2906
2905
2904
2902
2901
2900
2899
2898
2897
2896
2894
2893
2891
2890
2889
2888
2887
2886
2884
2882
2881
2880
2879
2877
2876
2874
2873
2872
2868
2867
2866
2865
2864
2862
2861
2859
2857
2856
2855
2854
2853
2852
2851
2850
2849
2848
2847
2846
2845
2844
2843
2842
2840
2839
2837
2835
2834
2833
2832
2831
2829
2828
2827
2825
2824
2823
2821
2820
2819
2817
2816
2813
2812
2811
2810
2809
2808
2807
2806
2805
2803
2802
2800
2799
2798
2796
2795
2794
2793
2792
2791
2790
2789
2788
2787
2786
2785
2783
2782
2781
2780
2779
2778
2774
2773
2772
2771
2770
2769
2767
2766
2765
2762
2761
2759
2758
2757
2756
2755
2754
2753
2751
2750
2749
2748
2747
2745
2743
2742
2741
2739
2738
2737
2736
2735
2733
2732
2731
2730
2729
2728
2727
2726
2723
2722
2721
2720
2718
2717
2714
2713
2712
2710
2709
2706
2705
2702
2700
2699
2698
2697
2696
2695
2694
2692
2691
2690
2689
2688
2687
2686
2685
2684
2683
2682
2681
2674
2673
2672
2669
2668
2666
2665
2664
2662
860
3289
3111
2707
3097
3057
3355
3201
2938
2903
2649
2605
2543
2498
2468
2463
2451
2384
2377
2343
2332
2319
2315
2295
2289
2285
2203
2163
2062
2054
2038
3385
3265
3263
3101
2979
2822
2693
3409
3386
3258
3205
3165
3079
3020
3019
3011
2964
2764
2734
2725
1552
3420
3410
3178
3034
2971
3412
3406
3404
3366
3331
3304
3295
3233
3168
3100
3001
2962
2892
2869
2775
2752
2724
1579
1693
1071
1046
2826
2677
1865
1002
3962
3948
3943
3872
3851
3830
3797
3756
3750
3741
3721
3692
3684
3677
3674
3651
3609
3592
3577
3561
3556
3550
3540
3501
3495
3456
3440
862
1858
1544
1055
1896
1098
1239
3361
3328
3278
3248
3245
3222
3164
3136
3005
2968
2941
2883
2760
2678
1450
1499
1088
1087
1494
945
1749
1151
1308
974
1404
1092
1111
1045
1698
1325
900
1771
1863
1305
1432
1426
1381
1322
1129
1036
1015
2740
2704
1193
3290
3173
3003
2885
2838
2814
347
346
344
343
342
341
340
339
338
337
335
334
333
332
331
330
329
328
327
326
325
323
322
321
320
318
317
316
315
314
313
312
311
309
308
307
306
305
303
302
301
300
299
298
295
294
293
292
291
290
289
288
287
286
285
284
282
281
280
279
278
277
276
275
274
273
272
271
270
269
268
267
264
263
261
260
259
258
257
255
254
253
251
250
249
248
246
245
244
243
241
240
237
236
235
234
233
232
231
230
229
227
226
225
224
223
222
221
220
219
217
216
215
214
213
212
211
210
209
208
207
206
205
204
203
201
200
199
197
195
194
193
192
191
190
189
187
186
185
184
183
182
181
179
177
176
175
174
172
170
169
168
167
165
164
162
160
159
158
157
156
155
154
153
152
151
150
149
148
147
146
145
143
142
141
140
138
137
134
133
132
131
130
129
128
127
126
125
124
123
122
121
120
119
117
116
115
114
113
111
110
109
108
106
105
104
103
102
101
100
99
98
97
96
95
94
93
92
90
87
86
85
84
82
81
80
79
78
76
75
74
73
72
71
70
69
68
67
66
65
64
63
62
61
57
56
55
54
53
51
50
49
48
47
46
45
43
42
41
40
39
36
35
33
32
31
29
27
26
25
24
23
22
20
19
18
16
15
14
13
12
11
9
8
7
6
5
4
3
1
1762
1249
1347
1186
958
1737
1674
1556
1298
966
1306
1228
1213
1152
1011
1493
1232
1057
992
1649
1284
1257
1327
1894
1819
1799
1399
1291
1272
1761
907
1547
1209
1797
1652
1622
1402
1380
1198
1184
1130
1101
1017
980
912
1809
1662
1388
1376
1207
1063
972
967
994
1437
1470
982
1898
1800
1730
1483
1389
1359
1331
1330
1323
1163
1117
1040
1818
1497
2660
2659
2658
2657
2656
2655
2654
2653
2651
2650
2648
2647
2646
2645
2644
2643
2642
2641
2639
2637
2636
2635
2634
2633
2632
2631
2630
2629
2628
2627
2626
2623
2622
2621
2620
2619
2617
2616
2615
2613
2612
2611
2610
2609
2608
2607
2606
2604
2603
2602
2601
2600
2598
2597
2596
2595
2594
2593
2592
2591
2590
2589
2588
2587
2586
2585
2584
2583
2582
2581
2580
2578
2577
2576
2575
2574
2573
2572
2571
2570
2567
2566
2565
2564
2563
2562
2561
2560
2559
2558
2557
2556
2555
2554
2553
2552
2551
2550
2549
2548
2547
2546
2545
2544
2542
2541
2539
2538
2537
2536
2535
2533
2532
2530
2529
2528
2527
2526
2525
2524
2523
2522
2521
2520
2519
2518
2517
2516
2515
2514
2513
2512
2511
2510
2509
2508
2506
2504
2503
2502
2501
2500
2499
2497
2496
2495
2494
2493
2492
2491
2490
2489
2488
2487
2486
2485
