0
825
4020
775
895
2596
3407
138
336
757
4010
4029
4032
4036
3987
3990
721
3748
668
209
215
42
255
183
1105
454
112
2808
656
2860
321
3606
198
4007
4001
4035
891
4025
4016
4011
3983
801
4003
12
2842
74
43
3820
2569
3071
2079
2195
114
1119
3230
911
287
15
1206
1581
3451
11
550
282
581
90
642
377
3885
205
52
47
2792
3808
1208
154
1854
1046
2595
3807
70
1326
3006
1430
3732
1276
3408
1262
3688
3879
1693
411
71
61
899
247
1252
2817
3467
240
2714
164
201
572
3074
2204
1996
3003
193
262
3619
3887
3953
3978
190
2441
3849
219
996
1713
147
3865
1651
1022
652
3882
2971
6
1657
3925
27
3305
3372
371
1354
1147
2671
1579
3805
3477
533
117
1168
3864
3660
1151
3961
189
480
317
3504
2487
1053
3905
2725
3755
1414
540
3871
1896
221
663
16
1030
3418
3892
2744
2818
3950
96
100
912
364
564
441
399
501
3789
393
3131
2930
3181
2824
3180
2732
3727
3749
89
2902
476
3751
8
351
2838
166
2565
1194
3801
1002
2483
179
812
759
756
861
813
782
729
736
753
833
732
712
789
768
843
836
806
771
831
769
765
794
778
737
693
839
822
844
804
777
730
722
748
709
783
772
848
807
779
741
706
809
755
720
835
803
795
793
838
758
734
711
738
727
701
840
829
792
770
856
853
849
847
842
834
830
828
827
824
823
820
819
817
815
814
810
805
800
797
787
784
781
780
774
773
766
764
760
754
752
747
745
739
731
728
726
724
719
718
713
708
705
703
698
697
696
695
694
688
687
686
691
725
888
746
878
690
715
863
876
826
889
742
751
723
762
837
714
818
845
887
776
791
700
821
850
716
873
872
886
740
710
808
707
846
869
767
689
733
811
816
798
885
880
894
832
702
866
864
867
890
802
735
877
790
788
893
858
717
785
892
860
865
871
749
667
33
3984
870
4015
4022
857
868
4006
594
4005
4008
4024
4037
3991
883
692
4034
4012
3992
3999
3989
4028
4013
3996
855
699
4038
4002
4033
852
750
3985
3993
4027
875
743
841
4018
744
3988
4031
3994
4004
4000
3981
3995
884
3980
4023
4030
3982
3998
4014
4021
3997
4009
3986
4026
4019
4017
859
881
704
851
879
874
854
882
761
796
786
763
799
608
3031
335
918
1145
37
3853
3183
292
3453
602
3709
3856
3650
210
18
3974
3935
624
2470
607
358
613
674
1386
638
585
1834
1096
3570
2269
3798
447
1466
1560
2457
3729
244
256
233
3268
3846
3746
145
241
401
286
1224
468
2691
3875
443
3037
2788
1270
182
1394
216
1586
160
267
2382
379
3282
3134
3589
3959
234
35
2814
3125
1627
1233
2541
1558
1395
2857
3854
153
1755
2704
49
157
1690
279
81
2740
1027
3922
253
316
1065
386
1176
3704
1967
97
3942
305
356
648
1253
2168
1071
383
301
904
1760
3691
155
3744
3717
3560
293
3733
2527
228
2106
499
3816
76
192
2481
1353
2178
3699
174
2952
3575
2975
2922
294
2722
1034
660
3375
3582
3954
2998
3413
327
3147
571
207
191
1546
3811
467
2380
3689
2798
3955
453
3928
1362
3597
448
1890
2442
3127
552
307
2774
2437
3055
384
3121
3897
264
124
3565
270
3537
110
120
220
202
406
2885
1937
3952
3946
3653
3939
1200
3742
1383
3781
206
3588
245
3444
1474
3143
3673
3765
3271
3494
2963
1762
95
289
125
3686
945
530
1031
3544
464
1442
1776
910
3489
2855
1510
673
288
1969
3910
472
3787
3965
1856
2634
3676
1797
1711
1057
1607
3637
2167
152
283
929
3694
259
1295
91
2505
3844
3290
1264
1486
2015
3227
1157
46
3795
2230
498
3839
34
593
2980
2431
2422
1133
2421
1777
3890
349
1240
1417
3678
1346
1455
3665
3429
1038
2692
562
250
1254
235
1476
3310
485
3059
649
269
2776
610
3963
2736
319
3513
671
3661
2219
3091
2721
77
3745
102
3632
32
2017
3806
2884
1838
3848
3970
3923
3161
3700
229
3724
1664
3904
3432
2375
2621
3859
230
1297
3669
3447
3044
2094
532
3270
655
3911
3370
3652
340
1498
987
86
2358
2245
3813
3441
3175
2767
3251
167
2100
1792
2899
163
2517
2321
1924
1301
3936
3908
1263
44
2263
263
3457
3217
2388
1759
63
2493
1654
365
296
3893
390
328
3977
2528
3216
1521
2580
306
2034
2456
1855
1202
218
78
1974
131
2651
437
3530
3716
273
3502
1956
195
1087
1961
3771
3336
3812
2041
1701
64
1552
260
3389
1058
300
51
4
549
3916
657
237
2799
181
3834
83
937
3647
151
2752
347
311
3723
3932
2227
985
586
679
243
3600
2256
2281
621
3323
3445
2008
3424
2811
275
3436
2632
208
93
3045
129
3317
3159
3941
3548
338
3322
2893
3094
935
3899
3552
126
3333
