0
4024
3650
154
4006
4022
875
1096
585
3748
3071
638
11
1270
1430
443
2382
3959
750
2792
182
293
2798
499
2817
1038
3661
3055
3074
3127
2774
3147
3980
3982
3986
3994
3997
3998
4009
4014
4021
4023
4026
4030
4031
3981
3995
4000
4004
4017
4038
4019
3988
4020
4002
4018
4013
3989
4027
3993
3985
4003
4011
4037
3996
3999
4033
4016
3991
3992
4007
3990
4025
4005
4034
3983
4028
4036
4029
4012
3987
4001
4008
4035
3984
4015
3183
4010
892
3935
2842
287
3729
18
3820
2269
1145
1386
114
692
624
37
15
1206
3451
2569
602
2457
3853
3453
292
2079
1581
891
210
608
12
918
801
3974
3031
3856
2596
43
335
2470
911
1834
1466
3709
209
3798
550
613
74
883
215
607
447
1119
3570
3230
1560
358
674
668
2195
3407
3846
282
642
244
42
3746
256
233
3268
581
33
90
145
377
286
3885
47
1224
401
4032
749
255
468
241
775
2788
860
379
35
3006
3875
2541
52
3134
3807
205
153
234
267
3589
2740
3808
1395
1558
1065
1854
1394
3879
1276
744
183
3704
699
1176
841
3942
3854
3125
2814
2704
2857
648
316
3688
1262
305
1755
279
1326
138
3408
1233
179
70
3922
3282
1690
160
216
3732
859
1967
2691
3037
81
2483
383
1586
2595
301
386
1046
904
3801
97
157
3691
1760
1627
1208
1027
253
356
1693
1071
155
1253
3560
411
3744
3717
76
757
743
854
660
2952
228
3575
2808
294
112
3928
2168
1034
71
667
3467
3733
2380
3689
3375
2998
1252
61
3413
3811
1353
785
49
2722
899
321
164
3816
2922
571
3955
247
2714
2442
2975
2860
3597
3582
336
2178
454
1362
207
3699
2481
240
1546
448
1194
2527
191
656
1002
174
1105
852
717
884
855
384
851
893
220
120
2565
307
877
190
270
166
124
2885
406
3565
202
3121
1996
868
790
3781
2106
894
3673
262
1510
552
3953
3910
3588
788
192
865
3954
832
3686
3494
467
3952
1713
945
289
594
1856
3897
3619
2441
530
2971
2838
1762
288
3978
201
3537
2855
2204
3003
1474
1383
1022
572
327
125
3143
2963
996
652
3882
453
1651
1200
1031
206
3946
3653
1937
3865
3765
673
3965
3939
1969
864
721
929
866
3887
735
3271
193
858
3544
704
472
464
152
1890
3849
1797
1295
1711
1157
802
1442
671
245
3489
1354
562
3795
2692
1777
349
283
3676
264
3059
2015
485
3787
3606
1776
1486
1476
1346
1147
3694
2634
2505
2431
3844
3678
3444
3429
1455
895
371
3637
3305
2980
2422
691
610
3227
2167
1264
871
825
250
235
3839
1579
879
873
3925
1607
1057
870
846
46
27
3742
2230
1657
1417
910
649
219
3310
2736
798
2437
887
351
110
3890
593
63
3805
3270
2621
796
791
881
874
725
3749
3370
3290
3161
2219
1133
867
3477
2375
890
869
740
733
700
269
34
3632
2358
1521
886
880
702
690
44
6
3970
3893
3848
3727
2776
1263
888
872
816
812
808
786
767
761
759
756
746
729
715
710
689
3963
3745
3441
3091
3044
1664
1498
1254
889
885
882
878
876
863
861
856
853
850
849
848
847
845
844
843
842
840
839
838
837
836
835
834
833
831
830
829
828
827
826
824
823
822
821
820
819
818
817
815
814
813
811
810
809
807
806
805
804
803
800
799
797
795
794
793
792
789
787
784
783
782
781
780
779
778
777
776
774
773
772
771
770
769
768
766
765
764
763
762
760
758
755
754
753
752
751
748
747
745
742
741
739
738
737
736
734
732
731
730
728
727
726
724
723
722
720
719
718
716
714
713
712
711
709
708
707
706
705
703
701
698
697
696
695
694
693
688
687
686
533
229
147
77
3665
