0
771
4023
2980
351
1105
775
2442
2569
532
4025
2204
3999
182
189
283
911
883
386
4033
1760
294
874
49
3071
3045
3961
4010
1022
1276
2714
602
241
3310
717
702
918
1586
114
73
852
3879
3723
3653
2838
1133
3865
1430
1027
292
3407
3923
3290
867
4036
4007
1270
4016
33
3686
749
1208
393
3483
3991
4035
306
891
279
4019
207
1466
2902
2922
234
215
112
210
1762
3887
655
3657
4015
3230
120
2692
2740
3183
1326
209
3983
2704
875
4002
191
3429
3849
3546
841
3897
1776
74
4037
3544
892
2577
3537
3580
1853
3694
3748
4011
3893
3541
3588
2774
767
885
668
733
869
813
785
3910
744
3453
3745
139
2817
2424
884
2321
468
307
3977
3161
3147
3751
3439
293
3775
873
174
1414
1759
1346
3427
2963
2651
305
608
453
2380
485
335
77
987
3928
3266
35
1934
2802
1364
3357
2015
3125
270
3317
221
3522
244
1558
76
1087
1119
1484
2168
3700
358
2804
429
2456
157
1168
1442
3398
93
3589
613
3808
282
151
336
1996
1354
1030
1855
2885
240
377
3875
2527
2805
43
533
2857
1969
610
1150
390
155
301
1394
2792
1206
3424
1486
585
1200
812
168
3733
2814
3031
328
2227
1403
2185
427
2971
2034
3678
3885
385
1016
2595
124
466
961
1974
3749
890
3055
1933
1657
3963
3939
3742
3739
3994
273
195
4
78
4031
501
877
3268
1627
3003
3720
3566
1046
1194
689
855
798
192
1693
4026
4017
3986
97
253
4005
3990
406
499
498
467
437
572
757
1002
1890
564
198
476
454
441
364
4006
3995
4027
3992
3998
3985
4003
4032
4014
3988
4009
3997
4013
4018
3982
3981
3980
4021
4020
4004
4000
3993
4030
3989
4038
4029
4022
4012
4001
3984
4034
3996
4028
4008
3987
4024
594
667
872
859
886
791
725
714
889
729
832
876
863
861
836
887
882
878
802
850
788
779
770
806
732
826
846
761
756
817
753
880
720
763
838
778
709
731
783
765
700
777
888
804
853
807
816
789
772
762
710
706
716
797
764
698
839
793
848
840
795
790
758
837
773
849
687
723
818
800
752
736
721
690
831
792
759
748
739
718
845
769
821
815
822
805
786
782
781
719
708
842
766
722
844
835
828
827
819
803
741
728
726
693
834
830
824
823
784
780
747
695
688
856
847
843
833
820
814
811
810
809
808
799
787
776
774
768
755
754
751
745
742
737
734
730
727
715
713
712
704
703
701
697
694
692
691
829
794
760
724
711
705
696
686
738
796
868
864
851
707
740
893
854
735
746
870
881
879
825
699
866
871
894
858
895
865
750
743
801
860
857
3626
3536
3531
3676
3606
3661
3905
3806
3863
3662
3490
3446
3682
3671
3652
3727
3668
2776
3874
3844
3908
3954
3859
3624
3664
3896
3937
3715
3813
3631
3894
3447
3878
3630
3964
3960
3696
3821
3761
3726
3634
3602
3823
3969
3458
3494
3641
3766
3539
3466
3784
3572
3509
1937
3771
3956
3507
3141
2975
3235
3698
3498
3636
3663
3459
3443
3818
3848
3548
3615
3940
3543
3861
3817
3465
3516
3638
3616
3805
3752
3529
3474
3967
3718
3866
3764
3870
3725
3644
3774
3899
3708
3571
3549
3920
3747
3500
3907
3455
3909
3833
3711
3460
3655
3623
3601
3895
3758
3957
3675
3476
3599
3972
3945
3921
3713
3862
3773
3666
3867
3826
3714
3608
3519
3965
3579
3822
3554
3911
3888
3637
3639
3810
3620
3511
3506
3646
3584
3936
3850
3505
3679
3883
3688
3614
3927
3803
3767
3622
3468
3469
3791
3776
3632
3829
3825
3793
3719
3535
3924
3792
3593
3486
3690
3524
3933
3587
3892
3595
3612
3583
3947
3906
3706
3569
3558
3949
2834
1922
2412
2450
2113
3958
3855
3555
319
95
89
2230
216
28
138
443
3401
2972
3333
3318
2670
3334
2809
2721
3413
3105
3300
2807
2695
2907
2766
3133
3130
2794
3229
2959
3311
3213
3092
2710
3202
2835
2852
3040
3285
3349
3242
2882
2790
3144
3110
3209
3058
3241
3155
3912
3743
3538
3445
3619
3704
3592
3835
3815
3728
3597
3553
3482
3852
3685
3629
3472
3442
3864
3978
3777
3645
3568
3564
3481
3695
3581
3523
3898
3642
3941
3953
3660
3799
3547
3979
3603
3590
3561
3504
3913
3681
3707
3542
3600
3540
3527
3497
3470
3845
3485
3975
3974
3959
3951
3950
3944
3934
3931
3925
3919
3918
3916
3915
3914
3903
3901
3900
3890
3881
3869
3868
3857
3843
3840
3837
3836
3827
3819
3814
3812
3811
3809
3807
3802
3798
3794
3789
3786
3785
3783
3782
3778
3769
3768
3763
3762
3759
3757
3753
3740
3738
3735
3729
3724
3722
3717
3712
3710
3705
3701
3689
3680
3673
3669
3659
3650
3649
3648
3647
3643
3598
3591
3585
3567
3565
3562
3556
3534
3532
3520
3510
3508
3502
3499
3496
3493
3478
3473
3467
3464
3463
3441
2812
3420
3308
3358
2819
3323
3015
2859
3151
2723
3341
3379
3331
3176
3024
3412
3388
2854
3383
3157
2898
2771
2711
2255
2528
2513
2515
1924
2167
1961
2535
2360
2178
2453
2041
2066
1915
2270
2162
2656
2562
2568
2096
1952
2490
2170
1992
2012
2622
2048
2008
2238
2158
2341
2455
2091
2119
2626
2205
2262
2524
2628
2548
2441
2439
2422
2251
2242
2100
1930
2335
2016
2493
2265
2036
2605
2452
2110
2518
2443
2576
2400
2175
2166
2641
2571
679
3515
3487
44
6
96
1921
2531
2099
222
317
146
243
144
19
3121
3371
3425
2677
2926
2744
3192
2701
2886
3314
2694
3093
2811
2918
2878
3389
3190
2697
3014
2763
3394
3269
3030
3034
2948
2891
3223
2984
2716
3067
2761
2893
3377
2709
3095
3080
2888
2958
3158
2987
2759
3070
2791
2925
2917
3367
2779
3199
2717
3074
3153
3065
2746
2705
3122
2799
3381
3373
3298
3240
3421
3260
2846
3009
2681
3325
2982
2889
3392
2789
2769
3399
2874
3328
3148
3374
3326
3273
2671
2680
3404
3359
3313
3075
2990
2914
2829
2735
2952
2668
3135
3077
3066
3012
3304
3042
2909
2815
3303
2777
3433
3166
2731
2663
3283
3111
3052
2683
3026
2850
2676
3312
2801
2747
3091
3292
3163
2974
2821
2679
3294
3237
2880
2706
2733
3364
3324
3174
3114
2993
2985
2896
2773
2754
2745
3369
2976
3306
3225
3027
3426
3414
3286
3226
3129
3036
3004
2906
2827
2755
3073
2887
3380
3043
2901
2696
3387
3142
3047
3023
2944
2927
2913
2864
2782
2666
3257
3149
2943
2908
3301
3085
2689
3243
3228
2988
2986
2924
2839
3366
3002
3363
3362
3238
3220
3084
3025
3000
2977
2969
2956
2931
2929
2877
2729
2899
2851
2837
3423
3382
2699
2848
3430
3417
3234
3195
3104
3096
3090
3064
3022
2911
2910
2872
2669
2844
3001
2868
2856
3339
3078
3033
2967
2940
2920
2919
2916
2905
2866
2862
2800
2673
3162
3345
3160
3069
3013
2720
2687
3007
2989
2713
2772
2832
3378
2818
3175
3041
2904
3291
2973
3332
2661
3281
3152
2870
2840
3302
3434
3172
3132
2781
3280
3185
2937
2936
2853
3247
3212
3106
3089
2765
3360
3307
3198
3178
3049
2785
2727
3422
3406
3391
3355
3262
3170
3169
3150
3079
2992
2753
3299
3252
3239
3120
2970
2939
2770
3368
3063
3028
2997
3322
3340
2715
2742
2672
3081
3177
3265
3419
3335
3270
3267
3101
3082
2863
2828
2892
2845
2684
1197
1368
660
1057
1579
3672
3628
3872
3966
3755
3654
3627
3533
3880
3860
3450
3929
3611
3902
3891
3550
3521
3530
3667
3621
862
3772
3484
3828
3780
3471
3788
3693
3492
3559
3526
3736
3703
3697
3625
3617
3613
3594
3576
3563
3479
3457
3926
3731
3518
3790
3528
3503
3795
3656
3618
3930
3847
3517
3480
3454
3760
3884
3832
3779
3756
3730
3702
3687
3658
3605
3604
3574
3557
3462
3452
3971
3839
3684
3858
3804
3670
3640
3635
3578
3488
3475
3440
3438
3889
3838
3796
3491
3448
3437
1708
1701
1038
1138
2707
3337
3253
3187
3032
2950
2787
3370
3356
3210
3207
3186
2881
2737
2730
2728
2724
3395
3140
2686
3327
2841
3418
3221
3431
3208
3016
3385
3154
2816
3173
2932
3330
3211
3107
2954
2871
2748
2675
3276
2938
3409
2883
2795
2784
2768
2758
3403
3287
3259
2847
2665
3275
3215
3289
3179
3020
3346
3295
3086
3062
3019
2995
2860
3342
3320
3118
3072
3039
3010
2894
2836
2923
2688
2444
2320
1928
2217
2558
2155
2141
2401
2259
2514
1999
2011
2570
1944
2545
2449
2397
2130
2297
2361
2317
2421
2349
2207
2160
2497
2432
1981
1913
2389
2346
2305
2379
2637
2298
2272
2211
2107
2234
2476
2393
2067
2241
2208
2209
2145
2314
2248
1990
2000
2358
2029
2487
2301
2392
1989
2529
2232
1956
2316
2214
2645
2639
1951
2603
2501
2274
2101
2539
2418
2413
2024
1927
2367
2252
2157
2027
1935
2642
2132
2599
2530
1949
2343
2537
2293
2057
2554
2521
2402
2181
2479
2294
2287
2151
2075
1972
1954
2606
2587
2523
2260
2156
2459
2312
2022
1958
2258
2597
2519
2415
2295
2072
2073
2342
2236
2550
2307
2407
2381
2257
2165
1997
1986
2369
2306
2059
2617
2609
2522
2385
2249
2053
1940
2425
2139
2543
2542
2368
2187
2038
1939
2644
2598
2557
2534
2525
2503
2406
2371
2366
2322
2310
2277
2193
2080
2065
2049
2023
2544
2508
2436
2153
2133
2611
2593
2556
2408
2331
2218
2090
2064
2357
2511
2473
2468
2458
2383
2328
2224
2223
2054
1948
1947
2658
2435
1973
2438
2394
2390
2333
2304
2161
2062
1959
2498
2268
2239
2137
2068
2533
2279
2194
1941
2486
2446
2428
2300
2240
2233
2229
2213
2123
2077
2005
1979
1946
2532
2512
2506
2414
2323
2244
2188
2121
2103
2074
1953
1942
2659
2657
2648
2378
2365
2097
2050
2009
1995
2474
2604
2590
2579
2559
2536
2489
2290
2278
2237
2201
2200
2098
2078
2043
2033
2021
1963
2654
2581
2575
2573
2561
2526
2520
2492
2462
2433
2429
2410
2359
2340
2339
2276
2261
2253
2164
2150
2084
2063
2060
2040
2020
1984
1938
1925
2114
2540
2517
2505
2416
2345
2318
2288
2256
1923
2411
2231
2197
2173
2152
2126
2089
2070
2035
1975
2061
2018
2001
1998
1991
1968
1950
2629
2547
2330
2315
2254
2169
2117
2081
2071
2646
2638
2624
2619
2615
2601
2578
2546
2484
2482
2430
2395
2391
2356
2334
2329
2308
2190
2179
2147
2136
2115
2083
2069
2046
2045
2037
1962
2313
1936
2627
2620
2159
2025
2006
1919
1914
2612
2608
2509
2475
2471
2451
2419
2291
2285
2280
2273
2264
2191
2189
2176
2174
2134
2127
2085
2031
1970
2582
2567
2516
2434
2372
2338
2246
2235
2215
2196
2135
2125
2039
2010
1932
2655
2630
2625
2602
2600
2574
2564
2500
2485
2467
2423
2409
2404
2376
2353
2347
2326
2324
2266
2184
2172
2154
2140
2118
2088
2056
2026
1993
1929
1917
2649
2399
2344
2332
2292
2289
2221
2199
2032
2028
1945
424
612
682
663
626
684
633
680
576
600
635
640
350
470
349
568
464
448
356
361
551
516
357
383
486
554
509
457
343
289
333
326
2
310
86
340
197
115
399
147
127
176
66
318
38
904
58
190
129
2660
2647
2643
2636
2635
2510
2463
2461
2445
2398
2364
2319
2250
2247
2180
2102
1976
87
268
101
94
92
298
231
13
163
227
302
194
290
250
242
342
341
309
108
117
10
200
85
62
53
83
140
17
41
345
303
7
425
570
354
489
519
449
418
396
355
365
1476
528
477
435
433
407
3396
3061
2734
3436
3435
3415
3411
3410
3402
3400
3393
3390
3386
3384
3375
3372
3365
3361
3353
3352
3351
3350
3348
3347
3329
3321
3316
3315
3309
3297
3293
3288
3284
3279
3274
3272
3271
3255
3254
3250
3249
3248
3246
3244
3236
3232
3231
3224
3217
3206
3203
3197
3194
3193
3191
3189
3184
3182
3167
3159
3156
3145
3139
3138
3137
3127
3124
3123
3119
3117
3116
3113
3112
3109
3108
3103
3102
3099
3098
3087
3076
3068
3060
3056
3054
3053
3051
3050
3048
3046
3038
3035
3029
3018
3011
3008
2998
2994
2981
2978
2966
2965
2964
2962
2960
2957
2955
2953
2951
2947
2946
2945
2942
2935
2934
2933
2928
2921
2915
2912
2900
2897
2895
2890
2879
2876
2875
2873
2867
2865
2858
2849
2830
2824
2823
2820
2810
2806
2803
2797
2786
2783
2778
2762
2757
2756
2751
2750
2749
2743
2741
2739
2738
2726
2708
2703
2700
2698
2693
2690
2685
2682
2667
2664
2662
1193
3416
3397
3344
3296
3277
3261
3204
3188
3146
3115
3021
3017
2996
2991
2833
2796
2793
2780
2719
2712
2674
3083
2983
2949
2941
3222
2831
3319
2903
1822
1301
979
998
2979
2825
1534
1239
3100
2869
2775
931
1033
1395
1053
1050
1111
1162
584
574
901
1773
1901
1756
1139
977
1510
1186
963
1664
1249
1671
1602
1552
1253
1360
1648
903
3962
3797
3683
3552
3877
3545
3948
3943
3741
3633
3609
3512
3970
3873
3842
3737
3734
3721
3573
3551
3495
3968
3938
3851
3841
3831
3830
3824
3800
3750
3692
3677
3674
3596
3586
3514
3501
3461
3449
1325
1372
1342
1869
912
1564
955
1577
1296
1481
898
1337
1039
1838
1896
956
1666
3264
3256
3233
3219
3214
3196
3171
2843
2718
2702
3343
3258
2813
1143
1764
3263
3097
1450
1274
1140
3205
3168
3005
2826
2725
1905
986
1042
1299
1077
1463
1780
1626
1465
1542
1084
1281
1072
1264
1718
1697
1265
1091
1355
1713
1885
1633
1241
1121
469
549
430
2653
2652
2650
2640
2634
2633
2632
2631
2623
2621
2618
2616
2614
2613
2610
2607
2594
2592
2591
2589
2588
2586
2585
2584
2583
2580
2572
2566
2563
2560
2555
2553
2552
2551
2549
2541
2538
2507
2504
2502
2499
2496
2495
2494
2491
2488
2480
2478
2477
2472
2469
2466
2465
2464
2460
2457
2454
2448
2447
2440
2437
2427
2426
2420
2417
2405
2403
2396
2387
2386
2384
2377
2374
2373
2370
2363
2362
2355
2354
2352
2351
2350
2348
2337
2336
2327
2325
2311
2309
2303
2302
2299
2296
2286
2284
2283
2282
2281
2275
2271
2267
2263
2245
2243
2228
2226
2225
2222
2220
2216
2212
2210
2206
2203
2202
2198
2192
2186
2183
2177
2171
2163
2149
2148
2146
2144
2143
2142
2138
2131
2129
2128
2124
2122
2120
2116
2112
2111
2109
2108
2105
2104
2095
2093
2092
2087
2086
2082
2079
2076
2058
2055
2052
2047
2044
2042
2030
2019
2014
2007
2004
2003
2002
1994
1988
1987
1985
1983
1982
1980
1978
1977
1971
1967
1966
1965
1964
1960
1957
1955
1943
1931
1926
1920
1918
1916
1311
369
510
482
495
362
558
543
535
491
502
367
672
653
639
575
628
666
664
590
598
589
599
616
611
597
623
621
579
677
618
605
422
630
620
592
609
670
662
659
583
436
685
573
634
643
627
681
675
661
658
650
615
577
646
472
352
426
395
455
451
397
508
478
525
488
458
452
438
359
669
569
461
439
421
388
504
463
1025
571
562
557
548
541
534
531
529
523
522
518
505
494
490
479
459
442
423
413
411
405
403
401
389
387
382
381
380
375
372
360
265
16
196
291
178
211
346
226
214
162
149
111
324
118
175
102
246
60
135
131
113
63
193
295
65
25
84
274
56
22
36
266
254
187
165
125
106
