0
4007
692
717
744
4012
3991
4008
2569
74
2457
674
3935
3451
3183
215
1119
613
892
2842
210
3071
2079
33
401
1224
468
154
160
1394
1627
1027
301
454
2860
307
2565
3897
3143
3565
3588
945
3742
3844
219
686
687
688
693
694
695
696
697
698
701
703
705
706
708
709
711
712
713
718
719
720
722
724
726
727
728
730
731
732
734
736
737
738
739
741
742
745
747
748
752
753
754
755
758
760
762
763
764
765
766
768
769
770
771
772
773
774
777
778
779
780
781
783
784
787
789
792
793
794
795
797
800
803
804
805
806
807
809
810
814
815
817
818
819
820
822
823
824
827
828
829
830
831
833
834
835
838
839
840
842
843
844
845
847
848
849
853
856
889
714
723
729
751
782
836
837
850
876
707
716
799
816
826
863
715
861
759
786
813
821
746
808
878
756
811
690
689
710
776
888
733
761
882
702
767
867
812
886
880
885
725
869
740
796
890
791
874
872
700
871
881
691
870
825
873
887
846
895
798
802
735
879
721
704
858
866
864
851
865
868
594
788
877
893
894
790
884
855
852
854
743
785
757
841
859
749
883
801
891
4032
4035
3984
4010
4028
4001
4015
3983
4006
4034
4036
3987
4024
4022
4002
4011
3999
3992
3980
3982
4023
4030
3998
4004
4009
4014
4021
3994
4031
3997
3986
3995
4019
4038
4017
4000
4026
3981
4018
4020
3988
3989
3985
4027
4013
3993
4003
4037
3996
4033
4025
4016
3990
4005
4029
638
11
918
602
447
550
2470
335
3709
875
3031
3853
608
1096
2269
287
1466
18
668
1560
3650
43
2195
15
607
911
1834
12
1581
624
114
2596
3798
1386
3974
3453
1206
1145
3856
3820
3230
37
585
209
3748
3570
292
3729
358
581
3407
282
3268
642
256
244
3746
42
3846
233
90
145
3885
286
241
775
377
255
47
52
205
179
379
3125
3875
1430
3959
267
3134
153
1854
316
2382
2788
750
443
2814
2740
70
860
1326
2704
3688
2541
1395
3589
279
3854
3922
2691
699
3879
3037
3006
1065
3704
2857
3942
3807
1176
216
3408
1276
305
2792
35
3282
1262
648
3808
1270
1233
234
1690
1558
138
183
1967
3732
1755
1046
1586
81
182
3801
2483
904
383
2595
1208
386
356
1253
157
3717
411
253
1693
1071
49
155
97
3691
3744
3560
1760
3816
667
71
76
2168
293
247
61
2808
2178
1252
112
1194
3733
294
3575
1002
2975
899
2442
228
1362
3928
3413
3689
3582
660
336
1546
1105
2952
2798
321
448
1034
3811
2527
2380
1353
2714
656
207
3597
2481
3467
