0
4009
707
859
15
4012
801
286
383
37
138
2817
2079
2457
241
1119
244
305
233
1133
12
4024
3270
1253
210
234
3984
33
3999
145
1690
3781
2704
3935
81
872
3444
3941
4034
2569
2895
717
832
3746
3709
740
1797
3955
3808
1200
866
83
674
2722
385
648
228
2788
860
150
3885
1252
4010
247
3389
1558
2263
2204
2885
3589
1145
4033
2178
854
1386
3816
3916
1224
2380
1002
4006
3882
3251
1395
3983
893
467
3729
294
1430
2842
347
855
749
3807
841
1792
78
335
3904
3071
1206
160
656
3183
2596
3795
3875
4022
1239
1073
585
2493
3733
3853
3732
43
358
699
3806
2671
3887
264
910
207
253
74
1560
1326
607
468
411
1046
202
2942
3744
35
2256
581
904
174
1034
3003
1027
1834
1013
2804
1466
1697
1552
3854
918
3606
1096
3905
3849
77
572
3180
2621
2431
2528
2227
3801
51
3544
1854
3846
3217
3742
776
877
874
867
887
873
269
3946
179
4036
899
1442
256
282
192
49
3147
2774
3074
377
3987
885
785
888
861
729
789
689
890
846
839
825
884
883
882
881
878
869
863
765
889
886
876
768
767
742
716
847
732
741
812
821
711
843
852
811
798
791
763
750
735
702
836
744
704
715
700
720
808
838
803
793
792
779
753
761
806
690
777
849
837
835
826
807
800
797
769
751
727
723
687
817
783
772
762
822
802
796
725
714
799
856
815
710
880
774
756
739
709
698
809
730
728
703
804
786
743
712
844
701
696
754
724
780
771
760
759
734
695
770
758
718
795
784
752
850
788
781
726
706
694
820
745
737
705
686
853
848
834
830
819
794
764
755
747
733
708
688
824
823
697
851
845
842
840
833
831
829
828
827
818
816
814
813
810
805
787
782
778
773
766
748
746
738
736
731
722
721
719
693
713
757
871
894
864
895
879
870
857
692
691
790
875
865
892
858
775
891
868
3994
4016
3990
4013
4027
4030
4037
4014
3995
3993
3988
4021
3998
4019
3989
4025
4038
4031
4023
4020
3985
3982
4000
4017
3997
4032
4026
4011
4007
4004
4003
3992
3986
3981
3996
3980
4028
4018
667
4035
4001
3991
594
4005
4002
4029
4015
4008
3901
3844
3699
3513
3580
3632
3766
3791
3783
3776
3696
3500
3787
3751
3585
3871
3952
3848
3616
3739
3671
3963
3939
3446
3936
3840
3607
3566
3515
3977
3747
3827
3802
3508
3322
3978
3190
2930
3269
2898
3045
2834
2703
3428
3067
3237
3227
3092
2917
3059
3659
3826
3478
3933
3745
3441
3765
3890
3715
3809
3655
3641
3587
3976
3863
3541
3708
3465
3843
3583
3561
3493
3923
3720
3850
3727
3490
3899
3663
3917
3857
3819
3473
3445
3822
3706
3572
3494
3579
3878
3870
3869
3622
3447
3686
3897
3892
3743
3628
3538
3489
3482
3909
3799
3716
3647
3439
3474
3814
3549
3833
3794
3900
3569
3815
3636
3818
3646
3620
3774
3973
3614
3468
3595
3719
3958
3792
3768
3738
3648
3767
3600
3443
3496
3678
3524
3931
3803
3777
3610
3662
3546
3505
3778
3735
3666
3695
3951
3947
3855
3486
3511
3895
3758
3754
3718
3711
3631
3623
3534
3463
3458
3829
3740
3455
3975
3675
3698
3553
3769
3753
3629
3764
3881
3821
3510
3915
3823
3761
3724
3680
3612
3956
3945
3937
3793
3763
3918
3907
3867
3865
3722
3713
3710
3685
3615
3608
3597
2805
3126
2721
3375
3367
3039
3374
3266
2801
2790
3640
3836
3519
3813
3914
3645
3617
3613
3562
3669
3898
3581
3479
3891
3847
3565
3944
3755
3838
3642
3654
3559
3527
3514
3467
3913
3574
3542
3760
3762
2893
2811
2995
454
2847
263
68
2687
3161
3409
3376
3268
3307
3402
3308
3388
3248
2836
3131
2938
3309
2699
3333
3422
2762
3315
2899
3016
3053
2857
2761
2673
2851
2908
3354
3141
3122
3143
3305
2858
2746
2963
2977
3231
3080
2981
3317
3030
2978
2837
2809
2769
3052
2815
3314
2670
3096
2907
2743
3283
3399
3163
2874
3414
2700
3032
2854
3404
2841
2759
3364
3257
3085
2741
3338
3036
2961
3221
3054
2985
2897
3194
2969
2905
2732
2919
2782
3243
2726
3382
3311
3155
3008
3128
3423
3325
3238
3166
3123
3014
2731
2683
3435
3286
2993
2681
3075
3220
2867
3362
3158
3000
2821
2794
2773
2729
3400
3044
2880
2864
2763
2679
3254
3216
2861
2736
2959
3293
3135
2928
2924
2887
2738
3226
3104
2956
2945
2915
2698
2689
3392
2909
2797
3348
3250
3195
3078
2920
2911
2839
2666
2664
2846
2807
3193
3129
2680
3395
3189
2696
3303
2967
2706
3426
3339
3284
3232
3149
3142
3064
2988
2948
2944
2835
2827
2806
2749
3405
3263
3262
3387
3384
3324
3098
3047
3022
3004
2994
2986
2943
2940
2927
2913
2912
2906
2877
2872
2866
2777
2757
2755
2676
2784
3430
3300
3139
3130
3090
3084
2789
2786
3276
2848
2709
3504
3731
3543
3737
3672
3658
3603
3503
3529
3488
3485
3926
3852
3817
3550
3520
3839
3697
3800
3491
3805
3788
3796
3440
3772
3660
3979
3972
3969
3967
3965
3964
3960
3959
3953
3950
3949
3940
3934
3932
3930
3927
3924
3922
3921
3920
3912
3911
3910
3908
3906
3903
3896
3894
3893
3888
3883
3879
3876
3874
3868
3866
3862
3860
3859
3837
3835
3834
3832
3825
3812
3810
3798
3789
3786
3785
3784
3782
3780
3773
3771
3770
3759
3757
3752
3749
3730
3728
3725
3714
3705
3704
3703
3701
3690
3683
3682
3679
3676
3673
3670
3668
3665
3664
3661
3657
3652
3644
3643
3639
3638
3637
3634
3630
3627
3626
3624
3619
3602
3601
3599
3598
3593
3591
3590
3584
3571
3570
3568
3567
3564
3558
3557
3555
3554
3551
3539
3536
3535
3532
3531
3528
3526
3523
3522
3521
3518
3516
3509
3507
3506
3499
3498
3497
3484
3483
3476
3475
3472
3471
3470
3469
3466
3464
3460
3459
3453
3450
3442
3432
3240
2868
2932
2803
3368
3012
3083
3363
2935
3292
2751
3393
3264
2744
3313
2665
3358
3112
3377
3287
3260
2876
3144
2791
2686
2845
2823
2701
3170
3357
3235
3171
3094
3006
2831
2785
2754
3351
3206
2765
3345
3321
3299
3344
3152
3378
3316
3298
3212
3102
3058
3046
3041
3013
2778
3148
2954
2875
3103
2892
2713
3330
3320
3239
3224
3110
2989
3306
3312
3038
2787
2996
2984
2882
2844
2825
2783
2723
2715
2992
3261
3151
2991
2901
3255
3081
3410
3140
3070
2793
2753
2712
2708
3371
3342
3420
2934
2824
2727
3419
3259
3291
3082
2871
2720
3280
3279
3079
3048
3009
2772
2733
3154
3274
3188
3015
2796
2711
3219
3138
3087
2941
2843
2812
2690
2675
2724
3246
2870
2820
2737
3353
3335
3256
3253
3192
3187
2918
2735
2718
3416
3169
3021
2780
2770
2674
3297
2714
3310
3302
3156
2802
3736
3702
3635
3873
3573
3452
3970
3966
3957
3919
3902
3864
3790
3700
3687
3649
3604
3594
3552
3512
3502
3481
3962
3707
3576
3492
3477
3462
3448
3971
3831
3609
3563
3968
3886
3734
3712
3667
3618
3540
3938
3929
3884
3858
3828
3545
3525
3943
3928
3889
3842
3841
3824
3804
3674
3656
3625
3578
3533
3501
3438
3851
3611
3872
3797
3721
3592
3517
3456
3415
3179
3159
3069
3076
3061
2672
3331
3326
3289
3001
3347
2688
3272
3017
2819
3214
3118
3113
2965
2894
2813
476
399
351
4
3173
2814
97
177
143
237
131
296
284
251
6
327
2
298
3360
3275
3236
3157
3043
2968
3150
3436
3434
3433
3431
3429
3427
3425
3424
3421
3418
3417
3411
3407
3406
3403
3401
3398
3397
3394
3391
3390
3383
3380
3372
3369
3365
3356
3352
3349
3346
3343
3341
3337
3336
3334
3332
3329
3323
3318
3304
3301
3296
3294
3288
3281
3277
3249
3247
3242
3241
3234
3229
3228
3225
3218
3215
3213
3211
3210
3209
3208
3205
3204
3202
3201
3200
3198
3191
3184
3182
3181
3176
3175
3174
3167
3160
3153
3146
3137
3136
3134
3133
3127
3125
3124
3121
3120
3119
3117
3115
3114
3111
3109
3108
3106
3105
3099
3095
3093
3091
3089
3088
3086
3073
3072
3068
3066
3065
3060
3056
3055
3050
3049
3042
3040
3033
3029
3028
3026
3025
3023
3010
3007
2990
2987
2982
2974
2973
2972
2970
2966
2960
2957
2955
2953
2951
2946
2939
2931
2929
2926
2925
2921
2916
2914
2910
2904
2902
2896
2891
2890
2889
2888
2886
2884
2879
2873
2862
2859
2856
2855
2852
2850
2840
2832
2818
2816
2810
2808
2800
2799
2795
2776
2771
2767
2756
2752
2750
2748
2747
2745
2719
2717
2716
2710
2707
2705
2702
2697
2695
2694
2692
2685
2684
2677
2669
2668
2667
2663
2662
2661
2976
3355
3319
2903
3178
2971
3925
3530
3605
3596
3726
3845
3684
3677
3586
3577
3480
3449
3689
3495
3779
3775
3548
3437
3057
2822
3185
3177
3107
3051
3340
3258
3196
3063
2999
2997
2983
2949
2933
2923
2878
2865
2768
3396
3386
3381
3267
3252
3199
3172
3145
3132
3116
3035
2950
2937
2936
2863
2853
2849
2833
2828
2742
1055
3412
3359
3327
3273
3233
3223
3207
3162
3101
3062
3034
3027
2830
2829
2781
2779
2758
2739
2728
3379
3350
3295
3285
3203
3100
3077
3024
3018
3002
2958
2947
2900
2881
2860
2730
2682
3373
3244
2775
3385
3361
3265
2979
2764
2693
1838
1030
955
1354
1089
3948
3877
3830
3756
3750
3741
3692
3651
3633
3556
862
1295
1071
3168
3165
3011
2964
2734
2725
1445
1856
3328
3245
3005
2760
986
985
945
1251
1203
1297
64
1640
464
501
364
1023
189
106
180
57
317
260
29
10
100
290
168
288
176
44
165
73
16
181
220
214
36
320
273
218
152
75
58
182
225
99
86
