0
4016
145
1096
244
1027
4008
3570
642
2975
891
607
1395
1466
2269
3935
550
3650
447
3748
4015
15
581
179
90
4025
4007
3990
3996
3999
4012
3993
4037
4003
3997
3994
4038
4036
4035
4034
4032
4031
4029
4028
4027
4024
4023
4022
4020
4019
4018
4013
4011
4010
4009
4006
4005
4004
4002
4001
3998
3995
3992
3991
3989
3988
3987
3985
3984
3983
3981
594
4033
4030
4026
4021
4017
4014
4000
3982
3980
3986
667
2595
1956
2403
2422
2263
2227
2094
2388
2251
2008
2181
2100
2570
2545
2614
2311
2321
1996
2357
1950
2650
2207
2076
1924
2349
2119
2265
2281
2236
2499
2443
2488
2260
1957
2082
2192
1958
2477
2435
70
267
61
76
2660
1991
3268
3088
3323
3322
3266
3105
2998
3012
3376
2805
3251
3131
2732
3006
3175
3144
3030
2898
2893
2721
3080
3103
2691
3028
3425
3074
3413
3094
3315
2854
2888
3139
3137
2993
2794
3048
2663
2843
3352
3410
2990
2978
2809
3414
3388
3349
3158
2743
3435
3135
3025
2928
2681
2873
3382
3309
3008
2889
3301
3000
2944
2867
2777
2761
2754
2683
3110
3099
2868
2851
2773
3328
2791
3384
3226
3098
3022
2988
2986
2940
2916
2910
2877
2839
2749
2673
3247
3393
2022
2011
2374
2206
1986
2061
2001
1980
2474
2256
2658
2640
2627
3192
3032
2795
3383
3313
2841
2736
3316
3225
3224
3188
3115
2831
3156
2802
3276
3117
2997
2983
2856
3261
2840
3326
2318
2552
2369
2350
2290
2258
2201
2164
1997
1929
2630
2593
2550
2484
2467
2408
2376
2179
2139
2136
2124
2098
2086
2078
2069
2055
2043
1962
1953
1925
2531
2581
2291
2166
2230
2583
2459
2157
2024
1976
1928
2242
2312
2228
2480
2501
2274
2177
2029
2637
2566
2497
2453
2314
2272
2126
2107
2049
1978
1936
2599
2387
2383
2303
2147
2572
2221
2075
1981
2617
2232
1994
2602
2594
2578
2551
2518
2507
2495
2429
2423
2309
2233
2165
2150
2093
2088
2053
3279
2768
3398
3287
3196
2847
2701
2672
3391
3360
3345
3299
3291
3046
2996
2973
2901
2955
2686
2675
3353
2942
3182
2958
2696
3298
3086
3416
3381
3378
3280
3277
3270
3170
3132
3021
2950
2849
2833
2828
2753
2748
2742
2737
2708
2674
3415
3405
3370
3285
3207
3203
3177
3118
2947
2830
2775
2758
3211
1176
672
626
611
575
573
670
640
632
675
658
635
384
349
522
682
618
597
386
509
505
411
2659
2657
2656
2655
2654
2652
2651
2648
2647
2646
2645
2644
2641
2639
2638
2636
2635
2634
2633
2632
2631
2628
2626
2625
2624
2623
2622
2621
2620
2619
2618
2615
2613
2612
2611
2610
2607
2606
2604
2603
2601
2600
2591
2590
2587
2586
2585
2584
2580
2579
2577
2576
2575
2574
2573
2571
2569
2568
2565
2564
2563
2562
2561
2560
2559
2558
2557
2556
2554
2553
2549
2548
2546
2544
2541
2540
2539
2538
2537
2536
2535
2534
2532
2530
2528
2527
2526
2525
2524
2523
2522
2521
2520
2517
2515
2514
2513
2506
2505
2504
2503
2500
2494
2493
2492
2490
2489
2487
2486
2485
2483
2482
2481
2479
2478
2476
2473
2470
2469
2466
2464
2462
2460
2458
2457
2456
2455
2454
2452
2450
2449
2448
2447
2446
2444
2442
2441
2440
2439
2438
2437
2434
2433
2432
2431
2430
2428
2427
2426
2425
2424
2421
2418
2416
2415
2414
2412
2411
2410
2409
2407
2406
2405
2404
2402
2401
2400
2397
2396
2395
2393
2392
2391
2390
2389
2386
2382
2381
2380
2379
2378
2377
2375
2373
2371
2370
2367
2366
2365
2364
2363
2362
2361
2360
2359
2358
2356
2354
2353
2352
2351
2348
2346
2345
2342
2341
2340
2339
2337
2335
2334
2331
2329
2326
2324
2323
2322
2320
2317
2316
2313
2310
2308
2307
2306
2305
2304
2301
2300
2299
2297
2296
2295
2288
2287
2286
2284
2280
2278
2277
2276
2275
2271
2270
2266
2262
2261
2259
2257
2255
2254
2253
2252
2249
2248
2245
2244
2243
2240
2238
2237
2235
2234
2231
2229
2226
2225
2222
2220
2219
2218
2217
2216
2215
2214
2213
2212
2211
2210
2209
2208
2205
2204
2202
2200
2197
2195
2193
2190
2188
2186
2185
2184
2182
2178
2175
2174
2173
2172
2171
2170
2168
2167
2162
2161
2160
2159
2158
2156
2155
2154
2152
2146
2145
2144
2142
2141
2140
2131
2130
2129
2123
2122
2121
2120
2118
2116
2115
2114
2113
2112
2110
2109
2108
2106
2105
2104
2103
2102
2099
2097
2096
2095
2092
2091
2090
2089
2085
2084
2083
2080
2079
2077
2074
2073
2070
2067
2066
2065
2064
2063
2060
2059
2058
2057
2056
2051
2050
2048
2046
2045
2044
2041
2040
2037
2036
2035
2034
2033
2030
2027
2025
2023
2021
2020
2019
2018
2017
2016
2015
2014
2013
2012
2009
2006
2005
2004
2000
1999
1998
1995
1993
1992
1990
1989
1988
1987
1985
1984
1983
1982
1979
1977
1975
1974
1973
1972
1971
1970
1969
1968
1966
1965
1964
1963
1961
1960
1955
1952
1951
1949
1946
1944
1943
1942
1939
1938
1937
1935
1934
1933
1931
1930
1927
1926
1923
1922
1921
1919
1918
1917
1915
1914
63
220
120
81
193
230
234
288
564
78
52
221
97
124
46
262
279
264
91
8
23
300
6
336
51
263
62
10
314
100
268
250
254
24
255
180
80
57
28
14
117
303
324
298
257
212
168
251
159
104
31
214
138
17
172
238
223
82
304
295
232
231
224
113
56
308
129
25
20
346
299
133
119
372
533
529
528
362
3432
3034
2971
1276
3179
2582
2529
2475
2330
2325
2247
2031
2003
1916
136
3436
3434
3433
3431
3430
3429
3428
3427
3426
3424
3423
3422
3421
3420
3419
3418
3417
3412
3411
3408
3407
3403
3402
3401
3400
3399
3397
3396
3395
3394
3392
3390
3389
3387
3380
3379
3377
3375
3374
3373
3372
3371
3369
3368
3367
3365
3364
3363
3362
3359
3358
3357
3356
3354
3351
3350
3348
3347
3346
3344
3343
3342
3341
3340
3339
3338
3337
3336
3335
3334
3333
3332
3330
3329
3327
3325
3324
3321
3320
3318
3317
3314
3312
3311
3310
3308
3307
3306
3305
3304
3303
3302
3300
3297
3296
3294
3293
3292
3288
3286
3284
3283
3282
3281
3275
3274
3273
3272
3271
3269
3267
3265
3264
3262
3260
3259
3257
3256
3255
3254
3253
3252
3250
3249
3246
3244
3243
3242
3241
3240
3239
3238
3237
3236
3235
3234
3232
3231
3230
3229
3228
3227
3223
3222
3221
3220
3219
3218
3217
3216
3215
3214
3213
3212
3210
3209
3208
3206
3204
3202
3200
3199
3198
3197
3195
3194
3193
3191
3190
3189
3187
3185
3184
3183
3181
3180
3178
3176
3174
3173
3172
3171
3169
3167
3166
3163
3161
3160
3159
3157
3155
3154
3153
3152
3151
3150
3149
3148
3147
3146
3145
3143
3142
3141
3140
3138
3136
3134
3133
3130
3129
3128
3127
3126
3125
3124
3123
3122
3121
3120
3119
3116
3114
3113
3112
3109
3108
3107
3106
3104
3102
3096
3095
3093
3092
3091
3090
3089
3087
3085
3084
3083
3082
3081
3078
3077
3076
3075
3073
3072
3071
3070
3069
3068
3067
3066
3065
3064
3063
3062
3061
3060
3059
3058
3056
3055
3054
3053
3052
3051
3050
3049
3047
3045
3044
3043
3042
3041
3040
3039
3038
3037
3036
3035
3033
3031
3029
3027
3026
3024
3023
3018
3017
3016
3015
3014
3013
3010
3009
3007
3004
3002
2995
2994
2992
2991
2989
2987
2985
2984
2982
2981
2980
2977
2974
2972
2970
2969
2967
2966
2965
2963
2961
2960
2959
2957
2956
2954
2953
2952
2951
2949
2948
2946
2945
2943
2939
2937
2936
2935
2934
2933
2932
2931
2930
2929
2927
2926
2925
2924
2923
2922
2921
2920
2919
2918
2917
2915
2914
2913
2912
2911
2909
2908
2907
2906
2905
2904
2903
2902
2900
2899
2897
2896
2895
2894
2891
2890
2887
2886
2884
2882
2881
2880
2879
2878
2876
2875
2874
2872
2871
2870
2866
2865
2864
2863
2862
2861
2860
2859
2858
2857
2855
2853
2852
2850
2848
2846
2845
2844
2842
2837
2836
2835
2834
2832
2829
2827
2825
2824
2823
2821
2820
2819
2818
2817
2816
2815
2813
2812
2811
2810
2808
2807
2806
2804
2803
2801
2800
2799
2798
2797
2796
2793
2792
2790
2789
2788
2787
2786
2785
2784
2783
2782
2781
2780
2779
2778
2776
2774
2772
2771
2770
2769
2767
2766
2765
2763
2762
2759
2757
2756
2755
2751
2750
2747
2746
2745
2744
2741
2739
2738
2735
2733
2731
2730
2729
2728
2727
2726
2723
2722
2720
2719
2718
2717
2716
2715
2714
2713
2712
2711
2710
2709
2707
2706
2705
2703
2702
2700
2699
2698
2697
2695
2694
2692
2690
2689
2688
2687
2685
2684
2682
2680
2679
2676
2671
2670
2669
2668
2667
2666
2665
2664
2662
2661
3186
3111
3097
3057
3355
3319
3201
2999
2941
2938
1797
2653
2629
2616
2609
2605
2589
2588
2543
2519
2516
2511
2508
2502
2498
2491
2472
2471
2468
2465
2463
2461
2451
2445
2436
2419
2417
2413
2394
2368
2355
2344
2343
2338
2333
2298
2294
2273
2250
2246
2241
2224
2223
2198
2189
2187
2176
2163
2151
2149
2148
2143
2137
2135
2133
2132
2127
2111
2101
2072
2071
2062
2054
2052
2039
2038
2026
2010
2002
1954
1947
1940
1932
1920
1913
1690
3385
3361
3248
3101
2979
2822
2693
3409
3386
3258
3205
3165
3164
3079
3020
3019
3005
2976
2964
2883
2764
2760
2734
2725
2678
1477
1087
996
2649
2643
2642
2608
2598
2597
2592
2567
2555
2547
2542
2533
2512
2510
2509
2496
2420
2399
2398
2385
2384
2372
2347
2336
2332
2328
2327
2319
2315
2302
2293
2292
2289
2285
2283
2282
2279
2268
2267
2264
2239
2203
2199
2196
2194
2191
2183
2180
2169
2153
2138
2134
2128
2125
2117
2087
2081
2068
2047
2042
2032
2028
2007
1959
1948
1945
1941
3289
3278
3263
3245
3011
2968
3406
3404
3366
3331
3295
3233
3168
3162
3100
3001
2962
2892
2869
2752
2724
1414
987
1887
1489
2826
2677
1383
1094
977
909
1147
1756
944
1781
1306
1443
964
1607
1585
1901
1442
1286
1401
1037
1531
1429
1556
1725
1672
1624
974
1439
1569
1784
1346
1116
1475
1292
1883
1461
990
1814
1711
1441
1299
1275
1852
1832
959
1043
1030
1389
1040
1630
1041
389
1826
1793
1375
1344
1304
1051
1284
1541
1418
1236
924
1785
1749
1503
1241
1843
1775
1440
1156
1831
1528
921
997
1879
1842
1621
1524
1416
1265
1181
1858
1900
1823
1668
1380
1125
1453
1366
1247
1093
1657
1327
1845
1685
1175
1054
1347
1082
1895
1892
1880
1533
1137
938
1316
971
919
1805
1769
1535
1458
1447
1388
1256
1083
1841
1591
1550
1459
1438
1170
1081
1015
1428
1011
1853
1647
1573
1143
957
1371
1314
1110
644
1322
1229
1148
677
630
616
584
1967
541
518
459
455
433
425
415
357
512
905
536
1160
352
1894
1824
1744
1680
1660
1638
1515
1324
1309
1303
1282
1104
1032
1014
954
917
491
685
684
681
680
679
678
673
671
668
666
665
664
663
662
661
660
659
657
656
655
654
653
650
648
647
646
643
639
638
636
633
631
628
627
625
623
622
621
620
619
617
615
613
612
609
608
605
603
602
600
599
598
595
593
592
590
589
588
585
583
582
579
578
577
576
574
558
1487
1357
1095
676
669
652
634
614
591
587
586
556
500
426
413
361
359
1673
1300
580
555
436
395
368
1692
1358
1349
1320
1122
1080
1075
641
561
560
524
496
409
394
572
571
570
569
568
565
562
557
554
552
551
549
548
547
546
545
544
543
540
539
535
534
532
531
530
526
523
521
519
516
515
514
511
510
508
507
506
504
502
501
499
498
495
494
493
490
489
488
487
486
485
482
481
480
479
478
477
476
474
473
470
469
468
467
466
464
463
462
458
457
456
454
453
452
450
449
448
446
445
444
443
442
441
440
439
438
437
435
434
432
431
430
429
427
424
422
421
418
417
410
408
407
406
405
404
403
401
399
398
397
396
393
391
390
385
383
382
381
380
379
378
377
375
371
369
367
365
364
363
356
355
354
351
350
3290
2740
2704
1387
217
3003
2885
2838
2814
1912
347
345
344
343
342
341
340
339
338
337
335
334
333
332
331
330
329
328
327
326
325
323
322
321
320
319
318
317
316
315
313
312
311
310
309
307
306
305
302
301
297
296
294
293
292
291
290
289
287
286
285
284
283
282
281
280
278
277
276
275
274
273
272
271
270
269
266
265
261
260
259
258
256
253
252
249
248
247
246
245
243
242
241
240
239
237
236
235
233
229
228
227
226
225
222
219
218
216
213
211
209
208
207
206
205
204
203
202
201
200
199
198
197
196
195
194
192
191
190
189
188
187
186
185
184
183
182
181
178
177
176
175
174
173
170
169
167
166
165
164
163
162
161
160
158
157
156
155
154
153
152
151
150
149
148
147
146
144
143
142
141
140
139
137
135
134
132
131
130
128
127
126
125
123
122
121
118
116
115
114
112
111
110
109
108
106
105
103
102
101
99
98
96
95
94
93
92
89
88
87
86
85
84
83
79
77
75
73
72
71
69
68
67
66
65
64
60
59
55
54
53
50
49
48
47
45
44
43
42
41
40
39
38
36
35
34
33
32
30
29
27
26
22
21
19
18
16
13
12
9
7
5
4
3
2
1
699
691
750
768
714
734
3732
3844
683
645
610
604
559
553
542
537
527
525
520
513
503
497
492
472
471
465
461
460
451
428
423
419
416
412
402
400
392
388
387
374
373
370
360
1787
1232
1218
1409
1774
1683
1161
1888
1886
1827
1819
1813
1799
1782
1753
1736
1689
1522
1491
1485
1456
1431
1341
1331
1312
1290
1269
1230
1047
934
1045
1701
1049
1033
978
1758
1419
1384
1283
1146
1676
1433
1251
1031
1911
1910
1909
1908
1907
1906
1905
1904
1903
1902
1899
1898
1897
1896
1893
1891
1890
1889
1885
1884
1882
1881
1878
1877
1876
