0
876
3980
4008
4011
1295
3429
1890
33
264
384
1233
3375
1362
1797
750
607
4015
138
3689
3216
209
2691
859
154
3467
3688
3959
3704
1560
860
255
256
785
52
3954
498
1145
3839
877
383
550
182
1270
191
2776
1854
464
8
1027
667
3990
4012
4027
4025
4022
2015
3942
4033
571
35
1263
2380
2569
147
1353
2168
174
447
1996
270
3607
3991
401
1111
2774
613
1430
2852
3181
301
3003
278
648
260
2799
11
3781
3565
2895
1194
3733
81
875
642
3984
2182
3983
2079
3556
3813
90
3650
883
114
2483
4010
2195
721
742
767
882
855
735
699
893
733
3882
858
1383
3453
790
904
2596
364
2922
884
3134
1521
2094
1297
70
668
2975
448
2651
3963
1558
205
3661
1224
3407
235
602
371
377
12
585
1760
3849
2528
2431
201
3820
253
282
292
3408
3854
3952
74
1690
3597
3732
3724
468
3438
43
358
3131
2437
791
1002
2017
918
3125
586
956
841
562
2900
316
37
3879
2441
241
3816
1969
3894
3953
2175
3570
335
3746
2903
1834
2788
2860
3935
3729
3582
2842
250
649
2321
3372
244
476
879
870
871
895
852
206
46
2838
1045
2565
4016
245
532
3444
3742
192
233
49
885
2792
3037
3141
2861
91
42
1105
1208
1264
3989
4003
4009
3993
4002
4020
4006
4007
3994
4038
4029
4036
4005
4000
4013
594
4023
4019
3997
3982
3998
3985
4037
4031
4030
4018
4017
4004
4001
3999
3995
3992
3988
3987
3981
4026
4021
4014
3986
4032
4035
4034
4024
4028
3996
873
867
689
796
729
887
690
740
770
816
768
802
889
716
872
789
788
839
806
702
736
714
843
888
886
881
874
863
825
756
759
731
748
817
821
734
771
826
723
799
743
707
691
763
778
854
700
772
741
845
777
727
773
786
726
820
701
687
851
849
847
846
833
822
818
812
804
798
795
794
793
776
745
744
732
725
717
712
710
704
864
861
769
779
807
752
709
761
715
706
698
694
835
765
739
814
808
797
783
703
853
830
815
810
766
764
762
728
718
688
850
828
813
800
782
780
751
746
738
695
693
869
840
824
819
811
774
760
753
844
836
834
827
809
787
784
781
755
754
737
722
720
842
829
724
711
697
686
880
856
848
838
837
823
805
803
792
758
730
719
713
708
705
696
747
894
890
891
868
878
831
749
832
801
775
757
692
892
866
865
857
3727
3441
3949
3585
3814
3580
3531
3662
3490
3446
162
44
3799
3848
3844
3638
3669
3875
3863
3546
3664
3901
20
151
3716
3699
3616
3679
3975
3965
3675
3787
3792
3583
3472
3445
3801
3887
3600
3581
3776
3624
3743
3893
3635
3594
3883
3507
3673
3791
3641
3976
3620
3826
3564
3933
3771
3977
3663
3896
3876
3598
3482
3752
3754
3967
3934
3681
3461
3919
3695
3627
3492
51
111
333
131
149
160
167
120
296
225
143
28
343
3808
3574
3786
3543
3513
3439
3941
3764
3469
3632
3794
3631
3502
3806
3447
3569
3700
3553
3643
3509
3881
3458
3947
3584
3532
3836
3648
3837
3701
3571
3465
3850
3505
3789
3751
3720
3937
3726
3668
3558
3728
3498
3862
3715
3608
3774
3579
3476
3519
3494
3539
3931
3900
3870
3718
3714
3706
3466
3958
3868
3567
3665
3840
3698
3508
3907
3802
3735
3972
3630
3554
3815
3769
3455
3725
3541
3473
3921
3615
3809
3747
3655
3785
3731
3822
3914
3825
3529
3460
3481
3964
3905
3897
3917
3892
3874
3819
3866
3821
3623
3761
3612
3499
3768
3602
3468
3832
3640
3649
3639
3479
3511
3530
3960
3696
3542
3487
3719
3593
3969
3951
3909
3906
3855
3711
3506
3463
3878
3617
3783
3773
3956
3829
3601
3510
3443
3793
3645
3614
3730
3778
3740
3713
3685
3678
3599
3526
393
3368
3271
3122
3053
3099
3269
3707
3528
3610
3979
3626
3658
3552
3788
3712
3872
3784
3521
3573
3475
3817
3611
3484
3628
3915
3889
3852
3770
3555
3527
3474
3462
3860
3503
3913
3891
3804
3790
3702
3654
3605
3578
3618
3440
3559
3762
3687
3514
3736
3667
3625
3512
3926
3831
3800
3683
3613
3523
3488
3457
3950
3741
3861
3858
3703
3697
2722
60
187
22
300
288
266
202
27
314
84
305
226
2
243
93
14
87
214
196
101
263
177
102
99
68
19
112
124
317
326
137
115
41
89
6
346
242
94
92
337
247
180
57
227
190
144
116
347
168
218
195
152
3566
3551
3772
3522
3895
3544
3547
3659
3557
3973
3957
3948
3946
3945
3940
3932
3930
3927
3925
3924
3923
3920
3918
3916
3912
3911
3903
3902
3898
3890
3885
3871
3869
3867
3864
3857
3845
3835
3834
3833
3824
3823
3818
3810
3807
3803
3795
3782
3780
3777
3767
3766
3765
3759
3758
3757
3753
3749
3739
3738
3737
3722
3710
3709
3708
3705
3694
3691
3690
3680
3676
3671
3670
3666
3660
3657
3652
3646
3644
3636
3634
3629
3603
3595
3591
3590
3587
3576
3572
3568
3562
3561
3560
3549
3548
3538
3537
3535
3534
3524
3520
3518
3516
3515
3504
3500
3497
3496
3493
3486
3485
3483
3480
3478
3471
3470
3464
3459
3452
3451
3450
3449
3442
501
3314
2889
3352
2697
3312
3251
3155
2805
2933
3217
2747
2968
3343
3109
2791
3015
3338
3063
3028
3012
2790
2856
2893
2723
2954
2736
3161
3039
3270
2980
3067
3289
3281
3310
3205
3059
3045
3316
2804
3333
3317
3218
3130
3329
2667
2731
3421
3246
2884
3050
2965
3309
2696
2947
2888
3400
2766
3361
2935
2816
2770
3328
3390
3227
3243
2997
3202
2874
2741
2982
3009
2882
2878
2868
2761
2710
2978
3674
3609
3563
3966
3938
3838
3888
3847
3656
3448
3828
3756
3734
3971
3672
3633
3841
3750
3692
3684
3525
3491
3962
3943
3877
3842
3797
3760
3604
3596
3577
3545
3533
3517
3968
3944
3929
3908
3884
3873
3830
3796
3721
3621
3586
3456
862
2826
2714
3410
2942
3359
3244
2995
2692
3265
3110
2785
3285
672
631
626
577
627
658
583
643
657
3212
2818
2938
2725
1552
1387
217
38
158
10
5
73
345
249
80
132
164
338
308
341
133
96
238
172
342
65
82
258
309
108
36
141
117
339
290
188
320
211
148
184
231
213
88
67
118
98
39
3
178
26
284
135
261
208
199
176
128
105
1
318
252
123
55
161
156
79
66
25
3079
1527
605
334
330
329
328
324
319
313
312
311
310
306
304
302
299
295
293
291
289
286
275
273
268
257
254
246
237
234
229
212
204
197
194
181
175
170
165
163
159
157
146
145
140
139
130
126
95
83
78
77
64
54
53
50
48
47
45
40
32
31
30
29
24
23
16
7
4
3961
3880
3779
3775
3693
3642
3437
664
530
372
564
406
399
670
356
621
685
477
509
1908
970
3139
3186
3283
2703
2787
3402
3058
2846
3222
3219
3017
3405
3358
2707
3393
3151
2879
3008
2834
3061
3315
3095
3262
2812
3432
3305
2780
3367
3353
3242
3245
2859
3264
2762
3391
3239
3383
3327
3043
3224
3275
3249
2921
3041
3355
3027
2819
3369
2715
2733
2684
3194
3403
3313
3170
3431
2832
3210
2794
2998
2964
2843
3370
3334
3093
2830
3347
3103
3254
3215
3074
3055
3260
3199
3235
3016
2847
3153
2902
2983
3336
3083
3066
2949
2712
3302
3097
3430
3231
2821
3005
3191
3046
3137
3136
3018
2892
2779
3208
3388
2809
3371
2824
2711
3323
3140
3088
3276
3138
3108
3299
3197
3297
3247
3182
2970
2936
2853
3025
3419
3146
2863
3381
3169
2869
2793
3089
3070
2825
2753
3123
3160
3060
3321
3223
3201
3049
2748
3085
2850
2757
2664
3373
2671
2759
2724
3387
2755
3163
2681
2985
2981
2911
2835
2732
3364
2756
3425
3401
2768
2730
3195
3065
3409
3203
3072
3013
3250
3047
2815
3042
2897
2698
3293
3284
3228
2925
2839
2786
2689
3026
3399
3188
3124
3112
3024
2848
2690
2974
2967
2906
2877
3214
3152
3350
3332
3116
2849
3433
3226
2872
2738
2729
3001
2934
2685
2841
2836
2771
2953
2800
2683
3394
3392
3002
2797
2708
3378
3225
3118
3034
2807
3434
3406
3377
3351
3344
3320
3277
3113
3102
2992
2939
2937
2901
2833
2796
2778
2765
2742
2719
3267
3261
3082
3076
3051
3121
3000
3397
2693
3020
3300
2745
3422
3385
3291
2984
2720
2716
2662
3384
3149
3142
3036
3010
2927
2924
2862
2717
3105
3127
2817
3362
3174
3166
3119
3084
3014
2993
2977
2916
2915
3357
3349
3256
2996
2803
2744
2674
2813
2955
2784
3234
3098
3073
3064
2988
2913
2908
2905
2890
2867
2666
3417
3348
3339
3078
2994
3304
2910
2866
2951
2844
3356
3346
3273
3207
3176
2990
2713
3091
3418
3396
3196
3107
3032
2883
3307
2700
3363
3294
3237
3213
3184
2960
2827
2777
2743
2695
2694
2680
3301
3129
3033
2943
2676
3211
2739
3298
3280
3011
2894
2672
3311
3360
2661
3115
2950
2932
2871
3366
3295
3168
3100
3068
2775
2737
3435
3135
3090
3056
3054
2986
2969
2931
2929
2920
2907
2810
2763
2669
3420
2999
2923
2688
3411
3330
3253
3198
3189
3132
3087
2904
2781
2665
3414
3324
3193
3004
2948
2944
2919
2864
2754
3423
2972
3380
3341
3204
3178
3177
2958
2751
2727
3426
2726
2822
3164
3057
900
1363
3886
3851
3677
3651
3550
3540
3501
3495
2979
1050
3412
3404
3233
3162
2752
1544
1249
1755
1403
1034
1061
928
1073
1328
3101
1701
929
1103
937
1354
1815
1860
3278
3165
3019
2734
1193
996
974
1748
1186
1139
1731
1364
1183
965
1118
991
1033
1615
1325
1568
1670
1500
620
684
598
654
1781
1356
1489
1602
1154
1147
1649
1850
665
600
599
595
576
630
666
619
681
662
647
661
659
640
582
578
625
616
575
682
618
663
622
611
3335
2946
100
1656
1301
1197
923
1585
1814
1091
1039
1856
998
920
1274
1116
1836
1022
1642
1023
1697
1439
926
1441
1419
973
189
150
344
248
232
224
169
109
331
322
315
303
298
297
285
276
271
265
223
222
221
203
185
142
113
103
75
72
63
62
59
13
332
325
323
281
280
277
274
272
251
239
236
200
186
134
127
119
104
9
3258
1792
1477
1056
1646
1696
1455
1743
568
470
429
474
552
1223
1234
1763
680
623
617
603
597
573
173
3723
3454
610
365
1777
519
528
403
549
398
644
612
508
570
388
534
362
489
361
487
572
539
535
533
505
502
499
480
478
466
454
443
437
435
418
410
405
385
382
351
349
198
671
676
415
554
635
472
352
587
645
574
511
422
413
408
536
540
518
452
543
485
481
424
457
551
486
1599
1503
1499
1424
1695
1802
1162
1094
1053
1858
1852
1626
1276
1706
1081
1657
1244
1784
1606
1063
1704
1421
1136
1682
1511
1699
1306
1342
1240
1771
3436
3428
3427
3424
3416
3415
3398
3395
3389
3386
3382
3379
3376
3374
3365
3345
3342
3340
3337
3331
3326
3325
3322
3319
3318
3308
3306
3303
3296
3292
3288
3287
3286
3282
3279
3274
3272
3268
3263
3259
3257
3255
3252
3248
3241
3240
3238
3236
3232
3229
3221
