0
11
18
692
860
3746
1119
2596
3801
3935
3853
2470
3820
3798
4015
642
624
454
3006
47
550
401
1693
1430
918
3183
3134
3071
2740
2704
209
205
81
61
42
114
15
1924
2541
3570
3856
1065
891
33
301
3846
858
743
767
733
712
802
806
808
852
707
836
794
845
833
771
870
887
873
894
879
893
885
715
709
735
838
809
770
764
889
882
861
834
829
756
737
688
850
817
787
782
752
721
827
814
797
760
755
730
890
848
840
818
781
754
753
731
724
687
855
853
851
849
847
846
844
843
842
841
839
837
835
832
831
830
826
824
823
822
821
820
819
816
815
813
812
807
801
799
798
796
795
793
792
791
790
789
788
786
785
784
783
780
779
778
777
775
773
768
766
765
763
762
761
759
758
757
751
749
748
746
745
744
742
741
740
739
738
736
734
732
728
727
726
725
723
722
720
718
717
716
714
711
710
706
705
704
703
702
701
700
699
696
695
694
693
691
690
689
3885
3699
3816
3959
895
888
886
884
883
881
880
878
877
876
875
874
872
871
869
867
866
864
863
859
856
828
825
811
810
805
804
803
800
776
774
772
769
747
729
719
713
708
697
686
3879
3854
3732
4025
3992
3444
3914
3641
3875
3742
3807
3660
3544
3478
3606
3923
3787
3509
3910
3955
3607
3659
3689
3848
3638
3439
3694
3569
3666
3503
3762
3486
3843
3515
3963
3917
3874
3871
3657
3473
3445
3795
3927
3622
3614
3497
3840
3769
3975
3837
3836
3799
3776
3754
3511
3655
3587
3671
3722
3713
3646
3905
3863
3878
3690
3901
3832
3613
3581
3809
3675
3465
3460
3778
3752
3945
3652
3829
3764
3761
3726
3612
3602
3601
3554
3443
3826
3763
3758
3564
3903
3810
3643
3506
3468
3528
3805
3845
3737
3491
3894
3679
3624
3531
3835
3753
3740
3728
3629
3599
3597
3505
3455
3784
868
865
698
3661
3838
3559
3575
3926
3918
3898
3883
3765
3736
3700
3691
3639
3518
3467
3457
3772
3603
3462
3702
3966
3471
3712
3592
3847
3610
3824
3889
3611
3521
3520
3929
3908
3687
3625
3971
3842
3841
3831
3750
3557
3780
3755
3525
4001
4032
4034
4002
4007
4013
3993
4017
4038
4014
4018
3998
3997
665
576
631
3925
3880
3861
3979
3978
3977
3976
3974
3973
3972
3970
3969
3968
3967
3965
3964
3962
3961
3960
3958
3957
3956
3954
3953
3952
3951
3950
3949
3947
3946
3944
3942
3941
3940
3939
3938
3937
3936
3934
3933
3932
3931
3930
3928
3924
3922
3921
3920
3919
3916
3915
3913
3912
3911
3909
3907
3906
3904
3902
3900
3899
3897
3896
3895
3893
3892
3891
3890
3888
3887
3884
3882
3881
3876
3873
3870
3869
3868
3867
3866
3865
3864
3862
3860
3859
3858
3857
3855
3852
3851
3850
3849
3844
3839
3834
3833
3828
3827
3825
3823
3822
3821
3819
3818
3817
3815
3814
3813
3812
3811
3806
3804
3803
3802
3800
3797
3796
3794
3793
3792
3791
3790
3789
3788
3786
3785
3783
3782
3781
3779
3777
3775
3774
3773
3771
3770
3768
3767
3766
3760
3759
3757
3751
3749
3748
3747
3745
3744
3743
3739
3738
3735
3734
3733
3731
3730
3727
3725
3720
3719
3718
3717
3716
3715
3714
3711
3710
3708
3707
3706
3705
3704
3703
3701
3698
3697
3696
3695
3693
3688
3686
3685
3683
3682
3681
3680
3678
3676
3673
3672
3670
3669
3668
3667
3665
3664
3663
3662
3658
3656
3654
3653
3650
3649
3648
3647
3645
3644
3642
3640
3637
3636
3635
3634
3632
3631
3630
3628
3627
3626
3623
3621
3620
3619
3618
3617
3616
3615
3608
3605
3604
3600
3598
3596
3595
3594
3593
3591
3590
3589
3588
3586
3585
3584
3583
3582
3580
3579
3578
3576
3574
3573
3572
3571
3568
3567
3566
3565
3563
3562
3561
3560
3558
3555
3553
3552
3551
3549
3548
3547
3546
3545
3543
3542
3541
3540
3539
3538
3537
3536
3535
3534
3533
3532
3530
3529
3527
3526
3524
3523
3522
3519
3517
3516
3514
3513
3512
3510
3508
3507
3504
3502
3500
3499
3498
3496
3494
3493
3492
3490
3489
3488
3485
3484
3483
3482
3481
3480
3479
3477
3476
3475
3474
3472
3470
3469
3466
3464
3463
3461
3459
3458
3453
3452
3450
3449
3448
3447
3446
3442
3441
3438
862
857
443
648
1176
672
657
619
588
625
2975
3948
3943
3886
3877
3872
3830
3756
3741
3721
3692
3684
3677
3674
3651
3633
3609
3577
3556
3550
3501
3495
3456
3440
90
71
97
1664
4037
4036
4033
4031
4030
4029
4028
4027
4026
4024
4023
4022
4021
4020
4019
4016
4010
4009
4006
4005
4004
4003
4000
3999
3996
3995
3994
3991
3990
3989
3988
3987
3986
3985
3983
3982
3981
1762
622
670
662
661
658
643
627
583
582
684
633
611
598
592
575
681
675
674
664
660
659
650
640
638
632
628
626
623
621
616
615
613
612
605
603
600
599
595
585
584
578
577
574
573
3723
3487
3454
3437
666
467
406
441
411
356
453
437
685
682
654
636
620
617
597
579
383
562
1105
1027
1558
1262
1797
1354
1194
1670
1168
1654
1713
912
1599
1353
1887
1301
1034
1071
1555
1203
1403
1847
1731
1167
1016
1784
1474
899
1090
1187
1802
1452
1424
970
1607
1121
1239
1646
1696
1501
1439
977
1583
1562
1499
1177
956
1279
1060
959
1556
1667
1089
1319
1601
1715
1207
1748
1428
1072
1894
1478
1356
931
1248
1506
1103
1482
1304
1127
1484
1785
1503
1299
1204
938
1370
1069
982
1453
1247
1111
955
1771
1653
1892
1378
1363
1232
1186
992
1848
1742
1373
971
969
1903
1873
1871
1786
1732
1706
1591
1432
1324
1303
1190
1120
1081
1021
988
902
1318
1169
1023
1628
1573
1526
1143
679
644
629
1872
1576
1322
678
677
663
655
653
630
618
589
656
1763
976
1885
1415
1385
1400
1571
1712
1796
1517
1538
952
960
1818
1779
1398
1865
1741
1662
1380
1250
1181
1075
1003
1658
1788
1544
1030
1123
1265
1866
1088
1325
1274
1033
1877
1819
1800
1752
1721
1710
1530
1416
1344
1340
1184
1112
1076
1864
1761
1734
1689
1185
3305
3401
3180
2692
3251
3122
3388
2900
2721
3323
3088
3398
2964
3208
2668
2922
3333
2935
3161
3254
3153
3094
3425
3338
3163
3092
3225
3112
3415
3336
3322
3126
2949
2850
2990
2722
2847
3133
2876
3156
3431
2751
3312
3292
3246
2697
3317
3269
3030
2837
2805
3221
3218
3053
2861
3203
3249
3067
3072
2819
3109
3068
3273
3127
3074
3192
2858
3413
3380
3432
3341
3378
3124
3243
2798
2682
2932
2696
3343
3340
2818
2808
3372
3131
2930
2902
2987
2663
3210
2938
2768
2739
3166
3135
3123
2887
2794
3379
3295
3229
3139
2903
2688
3377
3170
3111
3039
2720
2707
3173
3081
3360
3347
3267
3060
3058
3015
2992
2904
3050
2901
2747
3176
3103
3101
2942
2829
2714
3300
3130
3095
2978
2851
2812
2700
3262
3145
2672
3294
2948
3423
2834
3236
3287
3258
2684
3311
3052
3213
2908
2880
2754
2792
3383
3242
2881
2871
3209
2846
3395
3337
3107
2675
3237
3137
3119
3025
3000
2810
2807
3433
2945
2679
2891
2705
3390
3364
3301
3085
3065
3064
2946
2925
2867
2777
2689
3381
3288
3146
2833
2796
2793
3414
3324
3023
2943
2864
2962
3283
3008
2982
3313
2921
3384
3149
3108
3084
2993
2985
2956
2839
2827
2786
2749
3411
3345
3140
2791
3387
3363
3362
3284
3232
3226
3078
3022
2960
2940
2920
2919
2906
2905
2800
2782
2773
2669
3353
3346
2951
3419
3397
3391
3330
3316
3302
3297
3291
3272
3247
3188
3172
3152
3132
3120
3102
3070
3038
2991
2914
2875
2849
2828
2778
2742
2825
2744
1360
3409
3062
1528
1369
1087
1008
991
929
1048
3420
1594
3406
3233
3100
3001
2724
1590
927
3136
1678
1085
44
32
10
228
76
160
233
182
163
216
30
154
393
52
49
46
157
20
179
35
100
64
162
14
2
259
50
296
131
337
57
245
327
6
164
80
278
84
65
13
204
48
307
338
257
187
101
267
230
175
197
108
227
174
138
214
115
111
41
172
118
141
105
264
201
38
235
306
195
85
346
133
54
2634
1937
2219
3289
3186
3020
1792
1441
3278
3263
2693
1825
1795
1768
1668
1547
1367
1291
1040
1024
1900
1861
1811
1804
1553
1519
1329
1146
1856
1084
1074
1026
1817
1437
1393
1006
973
1898
1730
1685
1613
1598
1580
1535
1498
1335
1271
1267
1153
1117
1891
1867
1858
1843
1842
1833
1805
1723
1637
1614
1610
1589
1570
1559
1557
1554
1551
1420
1409
1402
1399
1390
1359
1321
1256
1214
1198
1191
1172
1149
1126
1124
1101
997
2677
1908
1642
995
1202
1727
1657
910
1830
1656
1593
1511
1410
1328
1307
1144
1136
908
1122
1756
1725
1624
1469
1260
1246
1188
1139
1011
940
1575
1569
1487
994
913
905
1904
1760
1634
1531
1525
1429
1366
1355
1348
1259
1236
1183
1041
1037
1007
647
4011
3980
1673
1128
968
593
673
365
403
1907
1899
1893
1824
1812
1790
1783
1773
1744
1679
1606
1582
1492
1473
1446
1406
1397
1392
1332
1281
1066
1018
1014
671
639
1514
1435
1425
519
560
535
362
635
452
462
398
1778
1740
1549
1545
1313
1109
962
676
667
609
392
407
534
372
1311
445
404
478
558
413
395
518
418
493
490
495
482
471
1536
1343
1179
652
646
610
591
586
559
555
526
520
488
481
461
458
446
412
370
361
683
680
669
641
614
606
590
587
545
513
492
414
390
367
380
469
552
528
571
570
568
567
565
564
561
557
554
553
551
548
547
546
542
540
539
537
536
533
532
530
529
527
525
524
522
521
515
514
512
511
509
505
503
502
501
499
498
497
496
494
491
489
487
486
480
479
476
474
473
472
470
468
466
465
464
463
451
450
448
444
442
440
429
424
423
422
419
417
416
410
409
408
400
399
396
394
388
387
386
385
384
382
381
377
375
374
371
368
364
363
360
359
358
355
354
353
352
351
349
1910
1906
1905
1902
1901
1897
1896
1895
1890
1889
1888
1886
1884
1882
1881
1880
1879
1878
1876
1875
1874
1870
1869
1868
1862
1860
1859
1857
1855
1854
1853
1851
1850
1849
1845
1844
1841
1840
1839
1838
1837
1836
1835
1834
1832
1831
1829
1828
1827
1826
1823
1822
1821
1820
1816
1815
1814
1813
1810
1809
1807
1806
1803
1801
1799
1798
1794
1793
1791
1789
1787
1781
1780
1777
1776
1775
1774
1772
1770
1767
1766
1765
1764
1759
1757
1755
1754
1753
1751
1750
1749
1747
1746
1743
1739
1738
1737
1736
1735
1733
1729
1728
1724
1722
1720
1719
1717
1716
1714
1711
1709
1708
1707
1705
1704
1703
1701
1700
1699
1698
1697
1695
1694
1692
1691
1690
1688
1686
1683
1682
1681
1680
1677
1676
1675
1674
1672
1671
1669
1665
1661
1660
1659
1655
1652
1651
1650
1649
1648
1647
1645
1644
1643
1641
1640
1639
1638
1636
1635
1633
1632
1631
1630
1629
1627
1626
1625
1623
1622
1620
1619
1618
1616
1615
1612
1611
1609
1608
1605
1604
1603
1602
1600
1597
1596
1595
1592
1588
1587
1586
1585
1584
1581
1579
1578
1572
1568
1567
1566
1565
1564
1563
1561
1560
1552
1550
1548
1546
1543
1542
1541
1539
1537
1533
1532
1529
1527
1524
1522
1521
1520
1518
1516
1515
1512
1510
1509
1508
1507
1504
1502
1500
1497
1496
1495
1494
1493
1491
1490
1489
1488
1486
1481
1480
1479
1477
1476
1475
1472
1471
1470
1468
1467
1464
1463
1462
1461
1460
1459
1457
1456
1455
1454
1451
1449
1448
1447
1445
1444
1443
1442
1438
1436
1434
1433
1431
1427
1426
1423
1422
1421
1418
1417
1414
1413
1412
1411
1408
1407
1404
1401
1396
1395
1394
1391
1389
1388
1387
1386
1384
1383
1382
1381
1379
1377
1375
1374
1372
1371
1368
1365
1364
1362
1358
1357
1351
1350
1349
1347
1346
1345
1342
1341
1339
1337
1336
1333
1331
1330
1326
1323
1320
1317
1316
1315
1314
1312
1310
1309
1308
1306
1305
1302
1300
1298
1297
1296
1295
1294
1293
1292
1290
1288
1287
1286
1285
1284
1283
1282
1280
1278
1277
1276
1275
1273
1272
1270
1269
1268
1266
1264
1263
1261
1258
1257
1255
1254
1253
1252
1251
1249
1245
1244
1243
1242
1241
1240
1238
1237
1235
1234
1233
1231
1230
1229
1228
1227
1226
1225
1223
1222
1221
1220
1219
1218
1216
1215
1213
1212
1211
1210
1209
1208
1206
1205
1201
1200
1199
1195
1192
1189
1180
1178
1175
1174
1170
1166
1164
1163
1162
1161
1160
1159
1158
1157
1156
1155
1154
1152
1151
1150
1148
1147
1142
1141
1140
1138
1137
1135
1134
1133
1132
1131
1130
1129
1125
1118
1116
1115
1114
1113
1110
1108
1107
1106
1104
1102
1100
1099
1098
1097
1096
1095
1094
1093
1092
1091
1086
1083
1082
1080
1079
1078
1073
1068
1067
1064
1063
1062
1061
1059
1058
1057
1056
1055
1054
1053
1052
1051
1050
1049
1047
1046
1045
1044
1043
1042
1039
1038
1036
1035
1032
1031
1025
1022
1020
1019
1017
1015
1013
1012
1010
1009
1005
1004
1002
1001
1000
999
998
996
993
989
987
986
985
984
983
981
980
979
978
975
974
972
967
966
965
964
963
961
958
957
954
953
950
949
948
947
946
945
944
943
942
941
939
937
936
935
934
933
932
930
928
926
924
923
922
920
919
917
916
915
914
911
909
907
906
903
901
900
898
897
896
651
649
637
601
596
580
538
517
484
389
366
1911
1909
1863
1852
1846
1782
1769
1663
1621
1617
1540
1523
1513
1485
1458
1440
1376
1352
1334
1327
1197
1196
1182
1165
1028
951
925
921
168
148
22
345
246
208
117
25
308
280
213
200
142
123
122
72
31
332
323
303
298
277
272
252
238
231
211
170
134
104
75
62
55
3436
3435
3434
3430
3429
3428
3427
3426
3424
3422
3421
3418
3417
3416
3412
3410
3407
3405
3404
3403
3402
3400
3399
3396
3394
3393
3392
3389
3386
3385
3382
3376
3375
3374
3373
3371
3370
3369
3368
3367
3366
3365
3361
3359
3358
3357
3356
3355
3354
3352
3351
3350
3349
3348
3344
3342
3339
3335
3334
3332
3331
3329
3328
3327
3326
3325
3321
3320
3319
3318
3315
3314
3310
3309
3308
3307
3306
3304
3303
3299
3298
3296
3293
3286
3285
3281
3280
3279
3277
3276
3275
3274
3271
3270
3266
3265
3264
3261
3260
3259
3257
3256
3255
3253
3252
3250
3248
3245
3244
3241
3240
3239
3238
3235
3234
3231
3230
3228
3227
3224
3223
3222
3220
3219
3217
3216
3215
3214
3212
3211
3207
3206
3205
3204
3202
3201
3200
3199
3198
3197
3196
3195
3194
3193
3191
3190
3189
3187
3185
3184
3182
3181
3179
3178
3177
3175
3174
3171
3169
3168
3167
3165
3164
3162
3160
3159
3158
3157
3155
3154
3151
3150
3148
3147
3144
3143
3142
3141
3138
3129
3128
3125
3121
3118
3117
3116
3115
3114
3113
3110
3106
3105
3104
3099
3098
3097
3096
3093
3091
3090
3089
3087
3086
3083
3082
3080
3079
3077
3076
3075
3073
3069
3066
3063
3061
3059
3057
3056
3055
3054
3051
3049
3048
3047
3046
3045
3044
3043
3042
3041
3040
3037
3036
3035
3034
3033
3032
3029
3028
3027
3026
3024
3021
3019
3018
3017
3016
3014
3013
3012
3011
3010
3009
3007
3005
3004
3002
2999
2998
2997
2996
2995
2994
2989
2988
2986
2984
2983
2981
2980
2979
2977
2976
2974
2973
2972
2971
2970
2969
2968
2967
2966
2965
2963
2961
2959
2958
2957
2955
2954
2953
2952
2950
2947
2944
2941
2939
2937
2936
2934
2933
2931
2929
2928
2927
2926
2924
2923
2918
2917
2916
2915
2913
2912
2911
2910
2909
2907
2899
2898
2897
2896
2895
2894
2893
2892
2890
2889
2888
