0
692
607
3031
2842
3856
3807
1270
3453
3992
4036
4028
3985
4033
4017
4000
3994
802
854
702
799
732
712
4027
4038
4037
4035
4034
4032
4030
4029
4026
4025
4024
4023
4022
4021
4020
4019
4018
4016
4015
4014
4013
4012
4010
4009
4008
4007
4006
4005
4004
4003
4002
4001
3999
3998
3997
3996
3995
3993
3991
3990
3988
3987
3986
3984
3983
3982
3981
632
582
675
640
454
356
870
893
709
885
761
863
745
787
779
764
741
739
835
827
780
766
726
721
701
696
855
853
852
851
850
849
848
847
846
845
844
843
842
841
840
839
838
837
836
834
833
832
831
829
826
824
822
821
820
818
817
816
815
814
813
812
811
809
808
807
806
797
796
795
794
793
792
791
790
789
788
786
785
784
783
782
781
778
777
775
773
771
770
769
768
767
765
763
762
760
759
758
757
756
755
754
752
751
750
749
748
746
744
743
742
740
738
737
736
735
734
733
731
730
728
727
725
724
723
722
720
719
718
717
716
715
714
711
710
707
706
705
704
700
699
695
694
693
691
690
689
688
687
3401
2805
3053
3094
3399
2930
2981
2837
3013
2687
3015
3325
2982
3234
2759
2810
3217
3075
2683
3228
2887
3301
3193
2948
2944
2721
3283
3305
3204
3134
3099
3047
2993
2755
2791
3362
3195
3022
3004
2897
2872
2864
2669
3090
2873
2804
3316
3155
3146
3041
3276
3063
2997
3010
3254
3138
3110
2702
3292
2866
3244
3347
2991
2936
2962
2812
3379
3177
2829
2739
3144
2819
3383
2836
605
664
619
617
4031
4011
3989
3980
653
406
529
145
90
311
139
206
38
220
279
284
102
106
300
345
45
189
100
192
307
337
310
178
242
187
267
124
61
168
281
197
159
14
312
144
29
65
341
231
79
219
218
283
72
343
119
2595
2382
2431
1949
2100
2656
2168
2320
2614
2321
1992
2119
2265
2219
2487
2014
2035
2373
2129
2016
2006
3173
1998
339
315
7
3346
3070
2989
2753
3344
3240
2932
2639
2626
2024
1999
1931
1927
2923
3393
2848
3187
3167
3145
2955
3406
3403
3259
3118
3089
3297
3169
3132
2784
2701
2672
2661
3156
2865
2843
3279
2858
3374
2957
470
571
685
684
682
681
677
674
673
672
670
668
665
663
662
661
660
659
658
657
655
654
652
650
648
647
644
643
638
636
635
633
631
628
627
626
625
624
623
622
621
620
618
616
615
612
611
608
603
602
600
599
598
597
595
593
592
589
588
585
583
579
578
577
576
575
574
573
361
680
666
646
504
572
568
564
562
552
550
533
532
530
522
510
501
499
498
495
485
478
476
468
467
466
464
453
449
448
445
443
441
437
429
411
401
399
393
386
384
383
382
379
377
372
371
365
364
362
358
351
349
3704
3444
3457
3606
3653
3632
3965
3494
3816
3844
3652
3450
3600
3657
3694
3468
3497
3903
3507
3834
3640
3960
3766
3747
3655
3967
3739
3940
3895
3947
3726
3770
3534
3822
3493
3753
3909
3906
3715
3508
3662
3536
3799
3513
590
472
3941
3552
895
894
892
891
890
889
888
887
886
884
883
882
881
880
879
878
877
876
875
874
873
872
871
869
867
866
865
864
861
860
859
858
856
830
828
825
823
819
810
805
804
803
800
798
776
774
772
753
747
729
713
708
703
697
686
1262
1103
3436
3435
3434
3433
3431
3430
3429
3428
3427
3426
3425
3424
3423
3422
3421
3419
3418
3417
3416
3415
3414
3413
3411
3408
3405
3402
3400
3398
3397
3396
3395
3394
3392
3391
3390
3389
3388
3387
3384
3382
3381
3380
3378
3377
3376
3375
3373
3372
3371
3370
3369
3368
3367
3366
3365
3364
3363
3360
3359
3358
3357
3356
3354
3353
3352
3351
3350
3349
3348
3345
3343
3342
3341
3340
3339
3338
3337
3336
3335
3334
3333
3332
3330
3329
3327
3326
3324
3323
3322
3321
3320
3318
3317
3315
3314
3313
3312
3311
3310
3309
3308
3307
3306
3303
3302
3300
3299
3298
3296
3294
3293
3291
3288
3287
3286
3285
3284
3282
3281
3280
3277
3275
3274
3273
3272
3271
3270
3269
3268
3267
3266
3264
3262
3261
3260
3258
3257
3256
3255
3253
3252
3251
3250
3249
3247
3246
3243
3242
3241
3239
3238
3237
3236
3235
3232
3231
3230
3229
3227
3226
3225
3224
3223
3221
3220
3219
3218
3216
3215
3214
3213
3212
3211
3210
3209
3208
3207
3206
3203
3202
3201
3200
3199
3198
3197
3196
3194
3192
3191
3190
3189
3188
3185
3184
3183
3182
3181
3180
3176
3175
3174
3172
3171
3170
3166
3163
3161
3160
3159
3158
3157
3154
3153
3152
3151
3150
3149
3148
3147
3143
3142
3141
3140
3139
3137
3136
3135
3133
3131
3130
3129
3128
3127
3126
3125
3124
3123
3122
3121
3120
3119
3117
3116
3115
3114
3113
3112
3109
3108
3107
3106
3105
3104
3103
3102
3098
3096
3095
3093
3092
3091
3088
3087
3086
3085
3084
3083
3082
3081
3080
3078
3077
3076
3074
3073
3072
3071
3069
3068
3067
3066
3065
3064
3061
3060
3059
3058
3056
3055
3054
3052
3051
3050
3049
3048
3046
3045
3044
3043
3042
3040
3039
3038
3037
3036
3035
3033
3032
3030
3029
3028
3027
3026
3025
3024
3023
3021
3018
3017
3016
3014
3012
3009
3008
3007
3006
3002
3001
3000
2998
2996
2995
2994
2992
2990
2988
2987
2986
2985
2984
2983
2980
2978
2977
2975
2974
2973
2972
2970
2969
2967
2966
2965
2963
2961
2960
2959
2958
2956
2954
2953
2952
2951
2950
2949
2947
2946
2945
2943
2942
2940
2939
2937
2935
2934
2933
2931
2929
2928
2927
2926
2925
2924
2922
2921
2920
2919
2918
2917
2916
2915
2914
2913
2912
2911
2910
2909
2908
2907
2906
2905
2904
2902
2901
2900
2899
2898
2896
2895
2894
2893
2892
2891
2890
2889
2888
2886
2884
2882
2881
2880
2879
2878
2877
2876
2875
2874
2871
2870
2868
2867
2863
2862
2861
2860
2859
2857
2856
2855
2854
2853
2852
2851
2850
2849
2847
2846
2845
2844
2841
2840
2839
2835
2834
2833
2832
2831
2830
2828
2827
2825
2824
2823
2821
2820
2818
2817
2816
2815
2814
2811
2809
2808
2807
2806
2803
2802
2801
2800
2799
2798
2797
2796
2795
2794
2793
2792
2790
2789
2788
2787
2786
2785
2783
2782
2781
2780
2779
2778
2777
2776
2774
2773
2772
2771
2770
2769
2768
2767
2766
2765
2763
2762
2761
2758
2757
2756
2754
2751
2750
2749
2748
2747
2746
2745
2743
2742
2741
2738
2737
2736
2735
2733
2732
2731
2730
2729
2728
2727
2726
2723
2722
2720
2719
2718
2717
2716
2715
2714
2713
2712
2711
2710
2709
2708
2706
2705
2703
2700
2699
2698
2697
2696
2695
2694
2692
2691
2690
2689
2688
2686
2685
2684
2682
2681
2680
2679
2676
2675
2674
2673
2671
2670
2668
2667
2666
2665
2664
2663
2662
3186
3111
2707
3265
3101
2693
3409
3386
3205
3079
3062
3020
3019
3011
3005
2976
2734
3289
3420
3410
3178
3034
2971
3412
3404
3331
3304
3295
3233
3168
3162
3100
2869
2775
2752
2724
1362
1046
1627
1015
3328
3248
3245
2968
2760
1190
1000
1873
1120
1478
1342
1248
1649
1910
1404
1785
965
1776
1899
1576
1462
1279
1316
969
1578
957
896
679
678
584
630
375
536
462
494
440
398
352
1828
1801
1773
1766
1515
1464
1429
1406
1273
1261
1102
1066
984
671
639
535
422
557
489
488
474
418
403
359
667
609
594
558
512
479
392
596
569
537
551
509
505
486
424
381
380
683
676
614
610
591
587
586
570
547
531
523
519
511
502
491
490
473
465
463
461
458
452
450
426
423
413
410
396
390
387
360
355
354
1631
555
548
539
493
438
395
1645
1400
1318
669
656
565
553
527
521
500
497
492
481
444
402
385
374
368
367
1855
1616
1349
930
561
560
559
544
542
540
524
515
514
503
496
487
482
460
446
431
430
419
417
412
409
408
404
400
394
391
388
3003
2885
2838
2740
2704
347
346
344
342
340
338
336
335
334
333
332
331
330
329
328
327
326
325
324
323
322
321
320
319
318
317
316
314
313
309
308
306
305
304
303
302
301
299
298
297
296
295
294
293
292
291
290
289
288
287
286
285
282
280
278
277
276
