0
3853
750
749
3807
3942
4036
4035
4029
4025
47
3983
3230
2975
642
602
2457
1834
1395
1145
918
138
335
286
262
247
209
183
160
42
35
18
2079
4022
3935
3709
2740
301
4001
717
689
806
699
704
788
710
855
854
852
841
822
808
801
789
786
785
775
767
757
744
743
712
707
702
692
691
716
839
802
796
791
771
732
725
714
836
715
798
821
756
740
783
3897
3978
3619
3588
3749
3923
3498
3816
3882
3659
3848
3686
3787
3716
3857
3636
3792
3631
3739
3538
3441
3473
3922
3534
3614
3459
3815
3802
3735
3710
3439
3794
3896
3623
3936
3840
3827
3747
3785
3933
3834
3758
3810
3711
3648
3458
3676
3572
3690
3524
3698
3883
3613
3776
3655
3637
3526
3927
3866
3777
3622
3675
3571
3510
3931
3782
3768
3761
3568
3603
3488
3730
3640
3485
3682
3679
3662
3549
3531
3743
3972
3634
3466
3850
3791
3740
3728
3644
3615
3597
3472
468
443
874
776
887
867
894
879
886
825
735
846
837
826
812
778
723
711
709
888
876
763
832
730
770
761
729
799
795
790
758
700
829
784
773
768
764
752
737
733
727
726
720
706
853
851
850
848
847
833
831
819
816
813
810
794
782
780
777
762
751
746
742
738
736
734
731
722
690
869
814
811
760
755
724
845
843
838
820
817
815
809
807
805
797
793
792
787
779
765
759
741
739
728
718
705
694
686
890
849
844
842
840
835
834
827
824
818
781
769
766
754
748
747
721
701
696
695
693
688
687
4034
4019
3998
3994
3981
3985
4033
4014
4000
3982
3829
3554
3790
3770
3737
3645
3924
3909
3906
3826
3558
3849
3661
3455
3575
3957
3918
3858
3717
3700
3691
3617
3594
3574
3502
3481
3457
3563
3817
3491
3610
3928
3760
3847
3612
3469
3683
3512
3934
3908
3796
3625
3548
3697
3654
3842
3596
3540
3979
3977
3976
3975
3974
3973
3971
3970
3969
3968
3967
3966
3965
3964
3963
3961
3960
3959
3958
3956
3955
3953
3952
3951
3950
3949
3947
3946
3945
3944
3941
3940
3939
3938
3937
3932
3930
3929
3926
3925
3921
3920
3919
3917
3916
3915
3914
3913
3912
3911
3910
3907
3905
3903
3902
3901
3900
3899
3898
3895
3894
3893
3892
3891
3890
3889
3888
3887
3885
3884
3881
3880
3879
3878
3876
3875
3874
3873
3871
3870
3869
3868
3867
3865
3864
3863
3862
3860
3855
3852
3851
3845
3844
3843
3841
3839
3838
3837
3836
3835
3833
3832
3831
3828
3825
3824
3823
3822
3821
3820
3819
3818
3814
3813
3812
3811
3809
3808
3806
3805
3804
3803
3801
3800
3799
3795
3793
3789
3788
3786
3784
3783
3781
3780
3778
3775
3774
3773
3772
3771
3769
3767
3766
3765
3764
3763
3762
3759
3757
3756
3755
3754
3753
3752
3751
3748
3746
3745
3744
3738
3736
3734
3732
3731
3729
3727
3725
3724
3723
3722
3720
3719
3718
3715
3714
3713
3712
3708
3707
3706
3705
3704
3703
3702
3701
3699
3696
3695
3694
3693
3689
3688
3687
3685
3681
3680
3678
3673
3672
3671
3670
3669
3668
3667
3666
3665
3664
3663
3660
3658
3657
3656
3653
3652
3649
3647
3646
3643
3642
3641
3639
3638
3635
3632
3630
3629
3628
3627
3626
3624
3620
3618
3616
3611
3608
3607
3606
3605
3602
3601
3599
3598
3595
3593
3591
3590
3587
3585
3584
3583
3582
3581
3580
3579
3578
3576
3573
3570
3569
3567
3566
3565
3564
3562
3560
3559
3557
3555
3553
3552
3551
3547
3546
3545
3544
3543
3542
3541
3539
3537
3536
3535
3533
3532
3530
3529
3528
3527
3523
3522
3521
3520
3519
3518
3516
3515
3514
3513
3511
3509
3508
3507
3506
3505
3504
3503
3501
3500
3499
3497
3494
3493
3492
3490
3489
3487
3486
3484
3483
3482
3480
3479
3478
3477
3476
3475
3474
3471
3470
3468
3467
3465
3464
3462
3461
3460
3452
3451
3450
3449
3448
3447
3446
3445
3443
3442
3438
3779
3586
3577
3517
865
453
499
3413
2788
2817
2714
895
893
892
891
889
885
884
882
881
880
878
877
875
873
872
871
870
868
866
864
863
861
859
858
857
856
830
828
823
804
803
800
774
772
753
745
719
713
708
703
697
4020
4002
4013
4038
4037
4032
4030
4028
4027
4026
4024
4023
4021
4018
4017
4016
4012
4010
4009
4008
4007
4006
4005
4004
4003
3999
3997
3996
3995
3993
3992
3991
3990
3988
3987
3986
3954
3904
3859
3742
3733
3726
3621
3604
3600
3496
3463
3454
3444
2382
3962
3948
3943
3886
3877
3872
3830
3797
3750
3741
3721
3692
3684
3677
3674
3651
3633
3609
3592
3561
3556
3550
3525
3495
3456
3440
3437
862
1176
1038
1579
1657
466
356
562
572
529
533
437
477
464
377
532
551
424
568
530
2855
3375
3227
3401
2826
3127
3235
2876
3282
3432
2884
3175
3292
2886
3368
2942
3161
3326
3157
3190
3083
3153
3066
2933
3246
2902
2732
2766
3436
3042
3373
2801
3270
3050
2980
2802
2715
3124
2791
3421
2821
3121
3012
2922
3200
3254
3072
3067
3425
3148
3307
2758
3377
3306
3225
3271
3074
3055
3296
3075
3424
2893
3021
3151
3094
2674
2688
3414
3286
2961
2746
3080
2929
3419
3396
3206
3199
3132
3116
3049
2849
2848
3272
3185
3342
3312
3110
2844
2843
2819
2816
3371
3359
3018
3024
3137
3045
3370
3308
3266
3191
3069
2779
2824
2671
3352
3260
3240
3082
2992
3420
3285
3086
2990
3299
3120
2853
2978
3015
2700
2845
2828
2701
2661
3236
3027
2739
2972
3244
2820
2697
3388
3037
3395
3275
2882
2836
2723
2907
2706
3089
2846
2748
3196
3111
3279
3400
3394
3237
3123
2874
2837
2807
2794
2731
3334
3068
3257
2994
2862
3129
2705
3417
3220
2880
2864
2756
2741
2729
2760
3301
3056
3036
2943
2925
2911
3259
3253
3189
3187
3171
2955
2932
2914
2833
2665
3351
3332
3320
3113
3079
3011
2823
2719
2684
3325
3309
2959
3380
3321
3140
3134
3093
3048
2832
3277
3242
2921
2784
2762
2711
3098
3047
2909
2866
2755
2669
3362
3184
3142
2969
2960
2915
2906
2839
2835
2815
2777
2757
2717
2673
3430
3114
3090
2890
2851
2789
2786
3207
3198
3192
3118
3107
2951
2971
698
581
648
662
4031
4011
3989
3980
631
619
597
670
659
647
640
615
658
650
643
627
583
685
605
598
575
3861
666
382
422
495
498
2217
2481
2595
2219
2431
2375
1961
1956
1924
1949
2487
2094
2424
2181
1933
2119
2421
2450
2230
2383
2162
2160
2146
2130
2614
2488
2558
2580
2454
2456
2442
1942
2120
2350
2577
1996
2152
1950
2515
2228
2197
1960
2499
2353
2210
2058
2122
2093
2357
1990
2035
1975
2574
2552
2539
2500
2348
2140
1971
1929
2613
2593
2563
2556
2532
2484
2469
2404
2374
2323
2308
2258
2244
2220
2077
1966
1963
2587
2156
1922
2182
2175
2520
2466
2270
2401
351
441
1546
1474
1372
2825
3201
2903
2822
2677
2979
2693
3386
3168
3165
3164
2725
1151
1762
1654
3289
1364
1147
1434
1266
3406
3404
3295
3019
1218
1594
1116
1860
1414
1005
1693
1797
923
1031
1599
1039
1401
1865
1085
900
1858
1847
1263
1841
1705
1803
961
1008
1202
1696
1174
1527
1564
1055
1407
1896
1213
1904
970
1489
1890
1587
1713
1633
1134
1903
1592
1015
994
1821
1652
1641
3278
3248
3245
2941
1413
1715
1426
1100
1090
1542
1346
1862
1279
1044
1036
975
1164
1439
1249
1814
1843
1772
1441
986
1832
1288
1205
1097
1583
1578
1432
1423
1381
1286
1190
902
1016
979
1368
1591
984
1517
1389
1336
1323
1161
1410
1816
1028
926
1258
1072
1011
1168
1503
1347
1794
1704
1691
1502
945
1497
1342
1424
1749
1264
1391
1898
1665
1488
1343
1064
1838
1676
1494
1328
1851
1795
1746
1717
1644
1613
1538
1456
1416
1367
1365
1335
1198
1112
999
1304
1228
1141
1127
1000
940
1863
1780
1398
1130
1842
1833
1823
1757
1735
1622
1608
1243
1484
1783
1906
1569
1418
1241
1057
1007
964
1900
1868
1804
1796
1753
1637
1614
1563
1390
1285
1269
1267
1211
1017
966
960
947
1727
1703
1675
1646
1222
914
912
1384
1866
1719
1555
1518
1421
1360
1307
1203
1144
1077
1734
992
1892
1798
1733
1648
1601
1314
1382
1316
1309
971
969
1805
1782
1639
1449
1447
1420
1331
1305
1084
1058
995
905
1763
630
629
1628
1573
679
1766
1548
1444
1183
1680
1311
1129
678
663
589
574
1878
1870
1128
1967
1808
543
510
459
416
1800
1791
1768
1688
1528
1290
1265
1250
1226
1075
906
1885
1620
1238
1095
536
440
1875
1820
1778
1773
1742
1729
1660
1595
1565
1475
1429
1408
1324
1303
1281
1261
1204
1192
1108
1086
1066
1025
1014
933
896
671
458
418
403
667
451
392
1699
1681
1630
1496
1348
1189
486
435
380
357
652
610
587
545
531
523
461
426
355
1694
1300
1512
1506
1318
1113
481
455
444
417
1882
1855
1740
1677
1645
1616
1427
1397
1320
1237
976
936
930
560
537
513
503
409
571
570
569
565
561
559
558
557
555
554
552
548
547
546
541
540
539
538
535
534
528
527
525
522
521
520
519
518
517
516
512
511
509
508
507
505
504
502
497
494
493
491
490
489
488
487
485
482
479
478
474
473
472
471
470
469
467
463
462
460
457
456
454
452
450
449
448
447
446
445
442
439
433
432
430
429
425
423
421
419
415
413
412
411
410
408
407
406
405
404
402
401
398
397
396
395
394
393
391
390
388
387
386
385
384
383
381
379
375
374
372
371
369
368
367
365
364
362
361
360
359
354
352
350
349
2946
2918
2747
2735
2718
3435
3434
3433
3431
3429
3428
3427
3426
3423
3422
3418
3416
3415
3412
3411
3410
3409
3408
3405
3403
3402
3399
3398
3397
3393
3392
3391
3390
3389
3387
3385
3384
3383
3382
3381
3379
3378
3376
3374
3372
3369
3367
3366
3365
3364
3363
3361
3360
3358
3357
3356
3355
3354
3353
3350
3349
3348
3347
3346
3345
3344
3343
3341
3340
3339
3338
3337
3336
3335
3333
3331
3330
3329
3328
3327
3324
3323
3322
3319
3318
3317
3316
3315
3314
3313
3311
3310
3305
3304
3303
3302
3300
3298
3297
3294
3293
3291
3288
3287
3284
3283
3281
3280
3276
3274
3273
3269
3267
3265
3264
3263
3262
3261
3258
3256
3255
3252
3251
3250
3249
3247
3243
3241
3239
3238
3234
3233
3232
3231
3229
3228
3226
3224
3223
3222
3221
3219
3218
3217
3216
3215
3214
3213
3212
3211
3210
3209
3208
3205
3204
3203
3202
3197
3195
3194
3193
3188
3186
3183
3182
3181
3180
3179
3178
3177
3176
3174
3172
3170
3169
3167
3166
3163
3162
3160
3159
3158
3156
3155
3154
3152
3150
3149
3147
3146
3145
3144
3143
3141
3139
3138
3136
3135
3133
3131
3130
3128
3126
3125
3122
3119
3117
3115
3112
3109
3108
3106
3105
3104
3103
3102
3101
3100
3099
3097
3096
3095
3092
3091
3088
3087
3085
3084
3081
3078
3077
3076
3073
3070
3065
3064
3063
3062
3061
3060
3059
3058
3057
3054
3053
3052
3051
3046
3044
3043
3041
3040
3039
3038
3035
3034
3033
3032
3030
3029
3028
3026
3025
3023
3022
3020
3017
3016
3014
3013
3010
3009
3008
3007
3006
3005
3004
3003
3002
3001
3000
2999
2998
2997
2996
2995
2993
2991
2989
2988
2987
2986
2985
2984
2983
2982
2981
2977
2976
2974
2973
2970
2968
2967
2966
2965
2964
2963
2962
2958
2957
2956
2954
2953
2952
2950
2949
2948
2947
2945
2944
2940
2939
2938
2937
2936
2935
2934
2931
2930
2928
2927
2926
2924
2923
2920
2919
2917
2916
2913
2912
2910
2908
2905
2904
2901
2900
2899
2898
2897
2896
2895
2894
2892
2891
2889
2888
2887
2883
2881
2879
2878
2877
2875
2873
2872
2871
2870
2869
2868
2867
2865
2863
2861
2860
2859
2858
2857
2856
2854
2852
2850
2847
2842
2841
2840
2834
2831
2830
2829
2827
2818
2814
2813
2812
2811
2810
2809
2808
2806
2805
2804
2803
2800
2799
2798
2797
2796
2795
2793
2792
2790
2787
2785
2783
2782
2781
2780
2778
2776
2775
2774
2773
2772
2771
2770
2769
2768
2767
2765
2764
2763
2761
2759
2754
2753
2752
2751
2750
2749
2745
2744
2743
2742
2738
2737
2736
2734
2733
2730
2728
2727
2726
2724
2722
2721
2720
2716
2713
2712
2710
2709
2708
2707
2703
2702
2699
2698
2696
2695
2694
2692
2691
2690
2689
2687
2686
2685
2683
2682
2681
2680
2679
2678
2676
2675
2672
2670
2668
2667
2666
2664
2663
2662
1419
860
684
683
682
681
680
677
676
675
673
672
669
668
665
664
661
660
657
656
655
654
653
646
645
644
639
638
636
635
634
633
632
628
626
625
624
623
622
621
620
618
617
616
614
613
612
611
609
607
604
603
601
600
599
595
594
593
592
591
590
588
586
585
584
582
579
578
577
576
573
567
556
553
544
542
524
515
514
506
500
496
492
480
465
438
436
434
431
400
378
373
370
649
427
174
191
2615
2607
2578
2573
2485
2467
2446
2430
2409
2408
2395
2340
2300
2290
2229
2172
2124
2118
2112
2109
2078
1989
1984
1983
1979
1962
1943
1925
2298
2452
2581
2324
2055
2208
1965
2062
2611
2234
2142
2610
2496
2233
2048
2400
2637
2462
2434
2274
2177
2427
2293
2568
2163
2315
2191
2057
1987
1923
2658
2588
2560
2449
2387
2218
2147
2585
1958
2660
2648
2626
2435
2346
1999
1980
1957
1935
2633
2447
2337
2202
2159
2097
2061
2011
1951
1927
2330
2222
2053
2603
2377
2132
2649
2420
2372
2332
2010
2594
2567
2566
2473
2379
2322
2304
2280
2273
2235
2226
2214
2145
2036
2032
2031
1959
1941
2659
2657
2656
2655
2654
2652
2651
2650
2646
2645
2644
2641
2639
2638
2634
2632
2631
2630
2628
2627
2625
2624
2623
2622
2621
2620
2619
2618
2616
2612
2609
2608
2606
2605
2604
2602
2601
2600
2599
2597
2596
2592
2591
2590
2589
2586
2584
2579
2576
2575
2572
2571
2570
2569
2565
2564
2562
2561
2559
2557
2554
2553
2551
2550
2549
2548
2546
2545
2544
2542
2541
2540
2537
2536
2535
2534
2531
2530
2528
2527
2526
2525
2524
2523
2522
2521
2519
2518
2517
2516
2514
2513
2507
2506
2505
2504
2503
2501
2497
2495
2493
2492
2490
2489
2486
2483
2482
2480
2479
2478
2477
2476
2474
2470
2468
2465
2464
2460
2458
2455
2453
2448
2445
2444
2443
2441
2440
2439
2438
2437
2433
2432
2429
2428
2426
2425
2423
2422
2419
2418
2416
2415
2414
2413
2412
2411
2410
2407
2406
2405
2403
2402
2397
2396
2393
2392
2391
2390
2389
2388
2386
2385
2381
2376
2373
2371
2370
2369
2367
2366
2365
2363
2362
2361
2360
2359
2358
2356
2355
2354
2352
2351
2349
2347
2345
2342
2341
2339
2338
2335
2334
2331
2329
2326
2325
2321
2320
2318
2317
2316
2314
2313
2312
2311
2310
2309
2307
2306
2305
2303
2301
2299
2297
2296
2295
2291
2288
2287
2286
2285
2281
2278
2277
2276
2275
2272
2271
2269
2266
2265
2263
2262
2261
2260
2259
2257
2256
2255
2253
2252
2251
2249
2248
2246
2245
2243
2242
2240
2239
2238
2237
2236
2232
2231
2227
2221
2216
2215
2213
2212
2211
2209
2207
2206
2205
2201
2200
2199
2198
2194
2193
2192
2190
2188
2186
2184
2183
2179
2178
2176
2173
2170
