1465
694
9
3608
3980
2902
78
3490
3988
3983
1560
841
278
1193
27
227
3318
3727
181
1301
77
1581
887
336
572
855
3953
4025
1466
2678
880
120
384
985
502
571
399
1711
499
3743
230
3799
3957
2922
3487
3354
890
1043
1474
1395
613
2805
3594
1627
11
2437
1111
4015
1368
3068
3130
873
1874
2776
140
2105
3771
3549
3546
2050
284
3447
522
2650
535
146
339
550
3183
3317
886
190
182
3751
2792
832
12
137
1731
2262
3748
3914
318
2481
771
1739
923
3030
2442
658
3984
35
1022
267
3846
112
4035
52
900
179
3230
2752
3871
2269
875
81
1268
2152
3055
3507
1546
2130
3801
1664
3666
2857
3408
1372
338
3398
3745
411
245
1411
1218
1252
42
1326
2735
244
2842
3709
693
3151
861
3619
3370
1387
237
3878
1065
3069
1856
2255
1755
1854
3973
3401
202
3979
3952
3887
2954
979
852
3554
1200
3441
145
806
337
32
3787
2349
2076
429
309
3446
1094
2070
704
2727
3271
2861
3216
3300
909
2106
2421
2634
1027
3919
1889
3028
579
480
474
769
876
862
889
1143
2789
3194
3268
3844
3763
3773
2493
93
58
2692
3657
1690
3742
262
1641
802
1801
1461
1511
501
3413
441
564
574
4007
494
3660
490
462
1930
885
1000
2876
117
4
275
3922
3765
2426
664
2565
358
175
4017
289
4009
2682
3580
1383
3769
382
1417
3954
36
3669
166
2852
3313
218
3083
3067
3039
3372
2923
2732
528
2745
4006
1050
352
3160
4000
4014
91
44
536
3494
621
33
4027
4002
445
4038
1748
4010
1860
2470
4016
3991
1414
2613
973
904
594
3989
3631
3664
1310
3668
3126
3636
3644
3515
3901
2584
3716
3681
2168
3907
1977
1089
3634
1847
3670
857
3944
3792
435
3853
3910
478
1103
2844
3974
3474
3925
2193
655
225
3796
3674
3959
3882
3864
472
1758
3735
3730
3691
3623
2995
2441
3785
3788
804
3741
508
3450
3697
75
3461
1492
2317
2452
15
1937
2722
3673
505
187
3457
314
838
748
2884
893
2595
2312
2795
3849
1008
2817
377
3772
2541
3407
2691
910
2373
1295
3616
2014
3037
2450
1927
749
452
3432
2858
3323
608
2016
974
3883
3908
310
895
3127
3143
1162
3319
3092
2824
3409
1834
1206
256
2534
263
288
3235
1422
1002
3336
276
3795
307
3482
1808
70
2263
1127
100
3429
2626
674
1249
3694
2048
164
3955
114
2580
2723
540
76
247
3467
1145
3783
3939
331
3688
3338
638
3671
3663
24
882
894
110
3007
2310
1555
406
2632
639
4001
939
1990
103
826
965
207
1224
3936
3465
2281
2380
241
2009
74
3476
3652
1306
2517
1969
335
60
38
1803
532
645
1213
1270
2903
833
1840
217
1463
3585
3729
2891
1093
860
1353
1262
667
2963
3365
611
73
371
562
761
453
868
28
3290
1394
139
69
347
1855
147
2400
3839
3746
3676
3650
1933
870
215
161
3165
593
193
3155
160
357
185
2505
679
851
2248
22
671
3217
2981
427
3560
623
154
1176
3704
3121
1586
3606
668
184
16
3042
3958
333
1633
1354
3008
194
97
2704
3125
3307
327
235
45
10
2878
581
2079
1651
2388
605
879
2457
673
2230
228
742
330
1239
210
2145
1552
2034
219
1853
243
2838
2382
935
301
1386
3717
2814
689
473
83
1650
43
1521
931
19
3551
356
80
320
2801
3156
699
2688
2503
1978
1776
1208
2497
2335
1934
884
3227
740
554
380
1944
258
3544
3533
1168
3498
2019
2476
3809
3862
3500
171
1486
996
1792
920
4033
3986
1434
1822
135
108
3733
3778
3470
2900
4019
4026
152
1174
1177
3802
450
354
685
633
597
3695
2041
2799
3053
3218
3105
3200
2622
3190
3389
2771
2841
3513
3872
2926
1797
2291
2453
956
1053
1138
1403
116
23
1499
3726
3561
1531
1814
286
3857
3567
3538
2818
1494
1687
1307
1421
1615
675
650
583
635
582
576
659
643
600
647
627
665
599
632
615
640
662
850
818
725
3915
167
96
3080
87
340
246
148
2515
2401
2486
2513
2490
1988
1992
3682
197
3963
3949
3679
3806
3905
3814
3624
3531
2260
2360
2238
1956
2570
2587
2156
2251
1915
20
162
144
326
115
343
14
41
3122
3141
776
874
2769
3229
2739
1045
1030
955
1788
1197
3479
3562
3481
2935
3063
3368
2997
1384
811
869
863
888
867
698
3504
3723
3530
3675
3708
3774
3759
3519
3579
3638
3599
3789
3653
3442
3918
253
3739
3595
3912
3725
3868
3473
3819
3628
3874
437
393
803
2760
3057
3990
3775
3610
3847
487
467
178
231
195
306
3536
3311
2982
3325
3382
2834
3283
2703
3314
2972
2879
2959
3423
296
131
102
1838
99
143
86
3995
4003
3997
4023
4004
3985
3894
3863
273
328
3251
3180
3181
2930
3131
4034
3999
3998
4021
3981
4030
4029
4020
3982
4037
3994
4032
4013
4005
3987
4012
4008
3996
4018
3993
4031
3572
3706
3509
3690
3705
3833
3768
3620
3645
3511
3870
3714
3960
3933
3843
3906
3786
3896
3555
3486
3655
3866
3680
3535
3776
3976
3499
3630
3956
3568
3859
3738
3719
3564
3909
3810
3728
3947
3869
3855
3601
3718
3951
3822
3937
3510
3815
3740
3590
3643
3584
3463
3747
3587
3945
3468
3895
3612
3911
3598
3615
3685
3793
3622
3534
3532
3464
3460
3443
3893
3665
3617
3924
3648
3646
3458
3791
3478
3917
3758
3593
3639
3581
3826
3591
3506
3927
3900
3867
3559
3827
3835
3722
3710
3715
3472
3891
3485
3832
3621
3558
3696
3782
3764
3466
3700
3698
3521
3848
3931
3834
3829
3825
3711
3964
3713
3627
3892
3541
3921
3898
3439
3818
3613
3516
3794
3469
3614
3496
3629
3607
3462
3961
3876
3753
3526
3916
3838
3574
3828
3518
3642
3860
3542
3800
3635
3797
3484
3548
3553
3721
3760
3491
3448
3972
3969
3967
3935
3923
3920
3904
3888
3885
3881
3879
3875
3865
3850
3821
3808
3784
3777
3766
3703
3658
3649
3647
3641
3529
3523
3520
3505
3488
3455
3451
3452
3471
3707
3550
3780
3790
3528
3501
3497
3805
3605
3576
3527
3902
3578
3573
3731
3804
3611
3609
3831
3842
3737
3563
1085
3886
3830
3449
3702
3437
3943
3824
3517
3495
3929
3683
3852
3586
3547
3540
3672
3596
3889
3841
3755
3604
3557
3440
3779
3938
3877
3618
3475
3858
3762
3750
3966
3948
3851
3667
3651
3577
3756
3640
3633
3693
3962
3525
3480
3684
3514
3677
3545
3522
3971
3884
3873
3734
3692
3625
3926
3438
3968
3934
3930
3456
3699
3812
3950
3502
3552
3913
3689
3662
3840
3817
3736
3659
3687
3712
3503
3492
3845
3720
3654
3656
3637
3603
3837
3757
3626
3761
3823
3459
3770
3569
3975
3854
3781
3752
3724
3661
3592
3524
3512
3508
3477
3602
3539
3632
3977
3749
3903
3493
3767
3588
3803
3836
3807
3597
3570
3537
3940
3543
3861
3899
3754
3600
3575
1588
3970
3583
3454
3556
3880
3571
865
3811
3489
3483
3678
3897
3701
3928
3686
3566
3565
3445
3589
3890
3941
3444
3813
3946
872
892
883
858
684
3242
3978
672
625
2870
3383
3205
3048
3178
2871
3249
3424
2736
2668
2747
3058
3221
3315
489
648
612
573
666
2830
3425
3241
2829
2984
3009
2941
3405
2744
3211
2779
2685
3282
2711
2942
3015
3246
3326
3340
2714
3138
3269
3012
3337
3189
2964
2784
2665
3248
2820
3279
3177
2889
3415
2768
3209
3050
3379
3343
2831
3046
2765
3173
3139
3237
3436
3129
2948
2720
577
1883
961
908
519
1098
413
495
426
663
617
592
372
1901
486
477
396
361
2921
3321
3210
2962
3334
3207
3018
2729
3402
3380
2733
3341
3412
3410
3171
3303
2967
3021
3416
3391
3093
3017
3199
3260
2859
3406
3169
3075
2955
2718
3369
2918
3264
3212
2833
2770
3167
3061
2813
2851
3353
3154
3358
2843
3038
2785
3431
3374
3013
3223
3371
2951
2713
3308
3395
3385
2892
2730
3345
3261
3136
2702
3206
3397
3132
2672
2924
3118
2989
2965
3299
3329
2853
2712
2796
3332
2797
3352
3276
3208
2950
2819
3344
3306
3041
2979
3110
3079
3152
2973
3149
3052
3360
3298
3234
3215
3124
2952
3435
2794
3014
2809
2949
2762
3219
3204
3197
3157
3034
3140
2856
2850
3384
3243
2681
2978
2977
3390
2888
2915
2696
3097
3117
3115
2790
3346
3292
3233
3419
3274
3185
3070
3386
3287
3281
3106
2687
3296
3335
3146
2980
2802
3396
3265
3107
2936
2901
2793
3252
3381
3257
3400
3392
2974
3047
2905
3033
3004
3073
2706
3430
3025
3158
2994
2987
2897
2916
3166
2835
3228
3142
2750
2874
3232
2810
3293
3174
3114
2872
3195
2800
3220
2910
2862
2757
3433
3348
3213
3135
2945
2867
2669
3399
3184
3085
2777
2664
2940
2749
2880
2864
2806
3182
2823
928
1654
1356
410
626
589
619
1454
1419
1139
1203
1077
1187
1852
1325
2968
1170
442
531
1248
1134
1568
1533
1892
1601
940
1438
1363
1223
903
919
415
1548
1118
1787
1064
670
661
595
610
570
398
403
359
390
512
404
569
1967
1745
545
543
449
433
547
546
521
507
422
1212
1385
565
457
552
551
533
464
425
386
383
367
1478
1828
3258
2990
3198
3113
3051
3005
2825
3019
2662
3289
3168
2707
2737
3100
3324
3104
3064
3054
2890
2759
2783
2836
3072
3351
2863
2958
2938
2661
2873
2728
2763
2761
3347
3288
3224
2828
2812
2751
2742
2716
3247
3239
3201
3120
3049
3035
3016
2674
3236
3196
2832
2686
3255
3032
2904
2865
2758
3090
3144
2914
2667
3240
3087
2932
2816
2675
2846
3280
2780
3420
3103
3263
3002
3089
3411
3350
3330
3179
3145
3082
2778
3026
2988
2887
2933
3111
2753
3434
3150
2849
3076
2701
3417
2931
2773
2766
2756
3284
3108
3327
3188
2715
3226
3098
2912
2896
2782
2673
3272
3116
3101
3043
2684
2939
2748
3387
3096
3084
3056
3022
2911
2815
3362
3095
3203
3148
3040
3023
3000
2946
2919
2913
2907
2827
2743
2738
2698
2666
3123
2983
3418
2690
3342
2996
2895
2966
2956
2944
2906
3010
2909
3254
3186
2840
2787
3302
3378
3377
3355
3320
3297
3267
3262
3170
3102
2992
2991
2894
2708
3238
3137
3029
3193
3078
2986
2960
2927
3363
3119
2993
2985
2953
2928
2786
2754
2741
2689
3364
3339
3250
2969
2943
2925
2920
2717
2694
2899
3361
2677
1527
1240
3011
1328
1144
1676
1455
1443
962
1258
1699
1131
943
557
458
578
681
654
630
620
603
1397
1313
1282
936
1382
440
1781
1770
1152
1183
1041
1304
986
1121
1496
2826
1505
1178
1504
1837
1493
1625
1106
1678
1726
1360
1866
1567
1283
1410
1445
1381
1007
1019
537
990
1070
1657
1247
1296
1037
1624
1415
1275
1259
1062
964
1286
1060
905
652
439
402
397
937
1709
1137
938
1802
1378
1232
1190
1876
1869
1005
1010
1716
1404
1169
1541
1884
1728
596
1596
975
1725
1630
1308
1279
1578
1647
1303
1871
1680
1611
1298
1682
1628
1115
1698
1136
1773
1371
1319
1315
981
1841
1423
1192
989
1364
1587
1732
1406
1309
1237
1507
1188
1763
653
618
405
365
587
444
1778
1529
1300
387
560
479
392
523
362
416
391
520
1566
1481
1225
1141
1747
1186
992
1565
1234
1544
1743
500
669
360
556
395
385
567
503
421
493
394
510
355
553
373
488
465
431
368
683
555
527
515
471
451
563
504
407
1694
1545
1514
497
541
469
389
348
994
1910
1430
1038
1907
1848
1812
1681
3191
3027
3024
2781
2961
3273
3162
3062
2845
3428
3426
3422
3421
3414
3404
3403
3357
3356
3331
3316
3301
3295
3294
3291
3286
3277
3270
3266
3256
3253
3214
3187
3176
3175
3172
3153
3112
3086
3081
3077
3060
3036
3020
2976
2970
2937
2934
2929
2917
2908
2898
2881
2877
2875
2869
2866
2854
2848
2839
2811
2807
2803
2772
2755
2734
2725
2724
2719
2705
2683
2680
2679
2676
2663
1642
1450
1593
1440
950
1473
1506
1157
1515
1740
1464
1807
1453
1510
1738
1686
1634
1260
1051
924
1396
898
1316
1873
1749
1903
1857
1824
1426
917
1543
1210
475
644
628
609
1673
1358
432
363
1878
1429
1020
1767
651
1606
601
1720
1392
1322
1036
1281
1459
1324
1066
1014
915
525
482
434
606
591
590
542
1667
1525
1444
1348
1299
1244
1072
1035
1400
1656
1815
1798
1648
901
1872
1379
1345
629
1216
1744
1332
1080
1011
944
1433
1274
1706
1142
1573
1044
1569
1221
1425
1645
517
1318
1751
1666
1500
1241
912
1661
984
971
1649
1503
1502
1226
1109
1790
1783
1591
1215
1165
1692
1114
376
1691
1479
1158
988
1785
1549
1482
1246
1097
963
1893
1583
1508
1451
1166
1009
1469
1355
1228
1899
1715
1448
1120
1104
1018
1550
977
949
1576
1462
1350
902
1703
1592
1432
1204
1021
1015
1638
1277
1081
969
942
1764
1292
1227
1148
1067
1806
1427
1452
1859
1655
1475
896
1794
1786
1257
1032
933
1882
1052
1113
678
513
423
1574
1446
614
524
463
1408
1122
976
496
492
460
417
412
374
1831
1646
1366
1524
1733
1314
1671
1779
580
559
544
456
436
388
511
455
438
430
409
408
400
378
370
350
1320
1179
538
514
420
419
1658
1769
1369
1155
1342
1196
1442
1881
1660
1245
1389
1594
1161
968
951
1894
1865
1441
1727
967
998
3366
3304
2775
1684
1771
1498
1343
1217
1537
1171
1054
1826
1532
1509
1547
1897
1818
1001
1180
1116
1909
1412
954
1677
1575
1159
1742
1729
1595
1373
1235
1870
930
414
353
1844
1820
1512
1349
1284
1108
1102
1095
948
506
461
1836
1243
1375
1472
1487
1327
1321
1164
1908
1906
1895
1862
1850
1805
1784
1780
1766
1756
1719
1708
1704
1695
1636
1635
1629
1618
1616
1602
1582
1564
1536
1495
1489
1428
1413
1374
1357
1347
1338
1333
1297
1261
1236
1231
1229
1220
1189
1133
1129
1100
1099
1082
1057
1033
1025
972
958
957
941
914
637
428
366
1556
1112
1012
1401
1772
1181
1040
1829
1885
1497
913
1644
932
1340
1290
1149
1069
1424
926
1868
1789
1480
1652
1329
1294
1460
922
1774
1653
1518
1891
1765
1398
1305
959
1458
947
1702
1858
1485
1539
1026
1710
1407
566
561
484
1614
1334
1280
1626
995
1563
1470
1804
1609
921
1519
1156
1911
1867
1821
1799
1553
978
1832
1623
1004
1457
1269
1393
1265
1888
1467
1028
1879
1735
1603
1420
1637
1750
1752
1700
1689
1590
1449
1344
1024
1542
1068
1683
1851
1559
1330
1146
1048
1810
1621
1580
1535
1341
1201
1195
1117
1685
1540
1435
1209
1182
1074
927
1864
1337
1730
1538
1242
1128
1793
1721
1619
1484
1153
982
1846
1723
1405
1819
1816
1717
1712
1491
1079
952
925
1516
1335
1049
1827
1796
1643
1617
1219
1172
1101
1063
1757
1351
1222
1006
1795
1659
1572
1551
1528
1278
1110
1809
1584
1293
1877
1724
1029
1737
1714
1612
1431
1365
1132
1076
1059
1662
1604
1380
1352
1863
1861
1746
1571
1517
1214
1207
897
1845
1736
1597
1370
1367
1291
1230
1205
1039
1632
1399
1092
1830
1754
1679
1436
1418
1390
1312
1273
1198
1175
1135
1123
1075
934
641
483
1800
1589
1402
1271
1185
1163
1091
997
1902
1813
1753
1734
980
907
107
1886
1823
1722
1665
1017
1849
1782
1761
1675
1663
1622
1613
1488
1339
1302
1287
1255
1160
1130
1125
960
916
1842
