1912
107
1684
3437
0
483
3078
2863
402
686
3545
1277
56
3082
2946
500
3521
2639
2892
3422
1148
3505
3858
719
694
348
332
2659
2719
2558
128
3168
414
3593
3232
3263
3528
3622
3455
1733
3203
990
455
170
887
1645
4020
1115
1703
3491
1299
1373
121
3780
1338
3158
3828
606
901
2953
3625
834
815
2313
3220
2836
2015
249
1808
3720
3604
186
949
2107
3038
2688
4019
609
3503
3655
3233
2644
3712
2171
1018
3152
3190
1150
2713
342
460
823
2380
3826
723
805
3391
3609
938
2703
3540
558
1224
1583
922
992
1952
2901
3493
680
289
465
505
132
436
360
105
43
1497
73
3623
494
1978
200
3880
2650
138
41
3442
3719
3008
1218
3584
1641
3413
2999
576
3669
3897
3295
2909
1147
563
370
231
1710
3428
1100
1505
63
627
1964
3002
382
1671
3469
118
2310
1656
2820
3145
3367
3390
2816
3980
941
2728
3284
3611
3930
589
692
3476
2832
2502
1174
2712
3209
2785
3170
3933
2466
2277
2405
1382
3061
3955
1164
3450
776
2746
615
49
3238
2089
3594
1802
3481
2522
3278
450
656
3983
481
3616
1433
338
1706
509
2345
3988
1838
3813
429
1443
1672
1042
3690
3605
3223
3684
2961
786
3750
381
2371
2401
226
1518
3707
3447
2587
1080
4003
2316
3538
15
3308
3532
112
3559
2101
2494
198
3733
1544
3214
2178
1745
979
3519
323
1660
1333
123
2534
1787
3647
911
457
768
3494
3365
1569
1356
646
3374
1478
3384
3088
3007
3537
2854
3010
1844
386
3290
3261
2962
3910
2155
3464
3571
310
3155
3908
2091
2826
1481
1019
976
3601
3884
526
3551
2459
920
893
3062
2455
3837
187
2834
864
7
1468
1362
3449
1313
497
1384
2570
1767
3767
425
2548
195
307
2036
3218
416
2320
221
451
3167
716
3747
1363
2434
3111
2044
793
809
826
801
721
1030
3909
890
708
3917
1492
3904
351
3920
3151
3928
58
3782
2704
1410
236
2227
3581
3714
3285
368
2772
3313
3054
2936
2765
710
2008
485
575
3318
928
1500
287
1972
89
255
54
325
309
3245
1651
2584
2312
101
1248
3421
3179
2708
1127
1961
631
2421
2980
3722
3187
4028
3768
1674
1942
2799
1852
1464
3887
3796
788
22
712
227
1667
1906
1775
2514
3978
1579
1748
2245
968
3542
769
3546
3631
2723
3787
3502
2734
572
217
1010
2010
2269
6
3526
435
660
331
3991
2825
184
1779
3030
1346
3745
736
987
3843
1141
1690
522
2949
1263
3055
361
3472
1133
1031
3987
1088
3251
1043
1081
2811
3563
641
3863
1053
822
57
3133
3206
3352
3706
3410
3459
2884
3511
936
3766
787
1065
214
565
1452
863
5
2156
3451
2297
3484
3786
3568
3906
250
3137
2908
3117
2967
1615
3487
3032
37
334
1378
2416
96
1403
3136
3279
2762
1822
2645
1991
2014
1958
3488
19
3956
1625
3739
2942
469
259
1415
1982
3882
3
18
1121
919
1082
1846
2789
4030
304
2166
1514
396
3778
891
548
3474
873
2997
3658
635
599
872
477
2305
3271
2259
168
3696
1498
97
1855
2764
2831
3894
623
677
1055
3687
210
3735
223
3234
1246
383
3776
3919
2926
767
305
3176
1235
854
757
1649
428
3940
3844
595
3193
3982
868
3878
2770
3923
2888
1726
247
2557
238
3466
1701
1096
28
427
147
918
1041
1815
3180
2812
2242
647
1295
1552
944
2496
1884
2700
212
638
269
676
2383
555
256
3432
3854
3416
528
352
2720
2076
602
320
2382
2094
3334
3331
2870
3147
640
3694
288
1178
770
501
3309
3499
3951
3703
3962
23
3670
608
2066
1145
1602
3817
2012
1353
2517
133
9
2858
3489
376
67
498
2697
844
1122
669
1325
1337
2025
1749
3881
882
440
2673
691
644
1705
3903
889
377
3140
2814
2524
2113
1315
2265
301
3592
1453
1911
973
2898
3618
3548
2071
1016
3816
633
3893
1091
3230
843
3372
696
713
842
2062
630
3610
3794
2195
3127
3597
3467
3329
1627
798
122
2379
2923
2572
3259
629
3777
448
875
1914
2355
3866
265
3196
339
1319
3068
1251
3221
673
2114
2175
233
263
3197
1780
3727
3791
3040
2400
621
2100
2856
103
2208
2917
2671
185
2011
3208
3507
3143
2481
415
2412
3199
3874
2852
1038
783
2691
588
1445
3798
972
3565
3427
2737
625
626
2029
1177
1772
1506
1821
78
1049
1723
1622
1400
1280
1977
1487
1811
1874
2562
3668
491
744
3307
3662
740
235
1731
11
3865
3599
3806
1670
1708
3553
3092
1268
3091
430
3761
1283
3253
3626
3015
2933
1781
1296
3957
1496
1758
1394
530
690
315
1587
3444
791
3485
3756
372
1093
877
94
196
268
468
2821
837
1905
191
3984
1856
2761
2360
859
1304
711
1700
215
3536
3856
3533
3518
1411
2618
2632
68
129
751
1588
1909
671
62
482
1061
3800
1085
3792
849
3370
3944
3373
3748
1576
4021
417
1740
488
1383
471
511
622
1537
3641
3681
3429
340
3059
1129
3819
1245
939
3932
1725
2284
2016
3175
169
1374
3095
3163
1386
2755
2683
3293
3026
2217
3718
1354
4013
1739
1223
1012
1155
205
2747
131
1742
1495
1562
1825
1165
1834
1045
3336
2882
1883
3588
1851
3989
1419
584
3039
3685
3713
1870
95
389
1831
2663
3968
3886
2760
3970
1249
409
2621
806
1937
1441
166
1196
3122
3016
2535
3244
319
3463
1140
2781
1228
1262
194
3001
480
597
224
3275
1
1200
3993
2431
1664
2752
2972
2667
611
2126
3110
3327
3087
156
2612
3357
2388
388
802
3077
4032
2968
3751
3793
3562
3883
189
3825
406
3697
424
760
847
955
697
1387
3516
3260
3172
3262
2899
3415
2295
1357
763
3457
442
420
3699
3354
1654
503
456
354
38
580
3441
1601
903
648
1371
3525
3757
2640
1921
2447
3530
546
1364
3358
1105
2540
157
2099
2721
3113
1460
3269
2769
1252
3430
655
3025
3274
3859
2960
2664
2288
1974
2977
3243
2810
2927
3445
3098
2017
3575
878
3128
962
162
689
3424
1455
2976
2801
3264
3972
613
2740
2503
1232
773
2581
1307
2377
1892
1264
65
2714
1430
252
1033
1778
1830
789
2902
2878
3901
2705
549
476
2097
2055
2417
2134
3573
3902
3461
2013
894
3405
1442
3857
42
1294
3693
792
3566
3627
1699
3527
892
2160
1933
1229
1046
2427
2197
2130
266
2440
2439
3871
913
2717
3667
3044
3018
3207
2984
2168
3934
3746
2798
1070
3963
1680
1120
314
4015
1202
529
3864
3985
4017
2566
1247
1233
2891
1215
2771
1427
418
504
466
570
533
3222
2257
1782
3606
756
2627
1814
735
2337
3435
3114
2887
2952
3153
1762
2862
885
3642
1673
1503
1764
1034
581
988
2080
2444
2797
2456
2900
3072
2687
3483
3201
3043
3005
2230
3704
3839
3936
2849
2709
3366
2480
3356
684
2569
1889
931
2722
326
3730
742
2234
84
3496
2925
3650
3195
2693
3453
2725
2993
3885
3943
1154
867
785
207
3171
1776
3585
1934
3990
4001
2262
4027
2670
2975
707
749
1260
2794
2022
3388
2219
1948
3846
1546
3194
283
1970
4033
1678
3964
356
1727
1881
3515
547
216
571
1072
3603
2692
560
2857
1693
2449
661
632
2067
3590
1490
3965
1157
39
1326
3827
3012
433
313
2426
447
3997
3896
2182
3899
759
2378
1626
559
2843
3860
3094
346
3946
3042
3181
3666
2368
3303
3705
2441
3775
3108
3379
3314
179
1524
1908
2699
652
3833
825
3802
3636
1434
3644
115
312
1151
794
3456
3840
3717
2837
248
2672
1135
1293
3522
1770
2859
153
126
1885
900
257
69
3083
80
2321
3282
77
905
1134
645
2147
1734
32
3561
336
3807
3922
66
2883
321
2457
741
1599
3942
1793
401
273
940
1288
725
182
3046
2868
3156
316
586
2415
3914
2706
975
1414
1638
959
2296
1422
135
3556
1556
83
2221
3734
3674
3888
1879
3673
3316
2930
64
4024
46
2695
2425
2613
254
298
821
290
795
724
3216
748
772
117
4008
964
1858
36
1657
4035
739
1849
183
470
160
3639
535
2776
750
2082
59
125
154
3242
3771
790
2791
52
685
2971
2784
1332
1484
10
1439
874
164
110
155
3834
3024
3099
3853
130
99
965
145
2443
1532
3272
1907
1875
1676
328
146
1457
152
1067
2060
3598
2256
3217
1239
2205
3419
1339
2435
1823
3582
2647
2018
2000
3281
3657
3952
1853
3549
3872
1658
2641
2792
4007
3436
3326
278
3785
4029
743
3638
726
3159
2589
1285
2009
620
1820
1682
2684
738
1123
3544
3869
1437
3998
659
577
1502
1561
2420
2592
2192
1642
2779
2041
2614
1438
3661
403
1429
3377
820
3473
704
2497
835
3595
879
3852
2109
109
2403
3369
3338
3402
3403
766
771
2981
3004
2651
3375
3394
3129
2807
3404
355
515
3656
1976
3975
1784
458
803
2783
3648
1486
824
2690
2145
2736
141
2024
202
421
431
2471
462
977
3300
2726
1343
3715
3663
550
1108
1324
1616
1062
1469
3822
2608
3029
2873
3215
2756
479
517
593
804
3620
3931
341
695
3682
1225
1000
1275
698
2948
1564
2258
753
92
1593
1385
1504
251
1395
1633
1904
3028
566
1944
1360
1922
1688
1397
1025
2214
1320
3071
1652
1312
1317
2362
136
603
3160
3401
1887
730
3541
2577
2181
495
2689
2162
765
3249
2969
1136
1421
2941
1118
3385
3081
211
2225
2346
306
1965
2281
2735
3124
2186
2185
2226
3074
3659
3779
657
574
2096
2003
836
3612
592
2138
1940
1848
3547
3873
327
1829
1694
1595
2727
1494
3023
2541
908
532
8
1448
261
531
246
473
2118
432
3652
294
1408
3654
1176
3851
3947
3534
3736
2934
3189
2707
2646
284
2486
3277
3070
3106
799
3392
3240
4036
3986
1424
40
1170
1841
933
2293
562
1550
335
3814
3738
2637
4000
2676
3848
1188
1114
1536
567
524
1893
3564
1102
1716
3161
3695
3709
3523
1635
50
1366
3286
2038
616
3361
3164
3960
2102
518
658
600
662
1987
3790
3009
3994
4009
1195
1161
1461
1988
1005
295
2509
201
3905
554
930
1606
175
2061
1910
1585
1959
2841
3305
2847
2665
1138
1837
1186
318
1187
2945
3213
1607
3560
3037
3080
3231
3400
3973
3664
3524
3645
330
3935
2322
886
1895
20
14
755
3752
3724
3103
3803
3247
2848
4014
1824
1647
1862
2479
1066
3105
3624
2188
3579
405
557
782
816
1398
108
369
459
2174
2430
2273
2154
4037
1308
100
3343
3969
3729
1555
1624
4016
4
3097
3266
2092
1860
3671
2702
2730
3508
3376
678
618
3258
3115
3351
3116
3169
1450
302
2413
2389
2724
1534
1007
2529
1876
3283
672
639
3506
654
1949
2152
3396
2965
2796
3613
3716
761
2561
3067
16
2844
234
2239
779
394
3823
1171
171
888
3535
3409
541
2315
715
2301
3619
737
722
811
3063
1111
1368
2183
2733
2842
3157
2198
2436
3784
3763
521
569
1847
27
3773
682
3678
3927
3555
1956
3315
1631
124
452
1113
3971
1050
3808
3929
2397
3572
1137
1759
963
48
180
53
1915
1369
2159
2106
350
173
2678
2677
1473
375
3926
1168
1143
838
3578
2252
1257
1284
1744
2105
2342
2505
2260
2983
111
3708
3759
245
2845
3847
1349
2749
2745
857
3135
345
2876
3570
3252
2065
2828
3921
2915
3799
2929
2998
