107
878
4013
4001
4015
2569
255
1208
3989
4016
891
4033
874
894
854
3974
607
638
2470
233
3807
1326
3127
193
2437
351
3742
929
1759
3370
3905
3878
667
3983
4002
3991
4029
4034
3993
4004
4022
4035
3987
749
4005
883
775
744
866
890
743
704
3709
1206
2269
1145
18
43
3650
12
1581
3798
550
2195
11
3268
642
145
286
241
468
52
3885
443
1394
154
1586
183
3688
3922
3959
386
2814
1276
1176
3854
648
153
3704
234
1430
899
155
112
499
3597
467
572
448
1996
3582
3575
219
3537
120
1937
245
1383
996
270
3965
945
288
1607
1264
3745
3661
501
1417
3305
2100
610
364
3270
3660
3216
3716
296
3908
390
1961
1263
2899
3504
300
1372
2008
2752
68
54
3607
928
2166
3614
2760
2265
590
3326
1678
2357
3679
3949
2113
225
1248
3814
3723
3626
937
1133
2015
319
1057
259
8
3887
110
1890
3055
192
1194
201
2106
454
1002
2168
49
3407
256
869
887
881
879
872
4021
3998
757
4038
3988
4003
4006
3992
3996
4012
4032
4025
91
1105
4028
4036
4008
885
776
873
867
3986
3994
3997
4030
4023
3980
3985
4017
4020
4019
4014
3982
4018
3981
4026
4009
4027
4000
3995
4031
4007
4037
4011
3990
594
865
3984
4024
857
868
3999
892
4010
860
692
875
855
841
859
801
832
699
750
864
877
884
717
798
871
788
790
858
852
825
802
895
893
721
785
756
870
702
735
796
791
846
812
880
767
691
851
813
725
689
768
732
712
826
759
707
821
690
786
811
816
710
882
886
700
799
742
876
808
888
761
740
848
779
720
804
839
818
789
736
723
806
729
753
837
833
716
889
850
863
715
861
746
733
698
686
688
694
695
697
703
705
713
718
719
724
726
728
739
745
747
752
754
760
764
766
773
774
780
781
784
800
805
814
815
820
823
824
827
828
830
834
840
842
849
853
856
687
696
708
734
770
787
810
817
819
829
847
727
731
803
838
845
738
797
701
748
758
793
835
711
792
807
809
737
783
772
706
755
777
795
709
741
778
831
730
763
693
762
844
765
771
794
843
822
722
714
769
836
782
751
2457
911
3935
3820
1560
210
292
287
3230
624
114
358
74
3853
37
3729
1386
918
1834
674
613
3570
209
3183
2842
2596
3748
335
215
15
3071
3031
1096
3451
3453
602
1466
2079
447
3856
585
668
608
1119
33
42
3746
282
581
244
3846
90
377
1224
205
47
401
179
3037
2691
2788
3875
2792
3808
182
2595
1027
1854
1046
1627
70
1270
2483
2541
379
160
2382
216
35
267
