107
742
3980
3846
384
4001
264
3619
399
3729
1326
1854
552
4031
4018
3987
3984
883
4034
3733
874
892
2595
841
859
2437
447
3709
1354
3037
287
2788
3954
1145
2736
3127
18
1466
3875
775
891
3570
1690
54
263
899
468
3502
2952
3650
182
929
3676
2195
448
648
179
1442
3230
2767
2483
873
2015
3765
1194
3439
351
3746
3932
306
3965
4036
4016
4008
4003
3992
3988
3974
3844
3445
3946
2541
3551
1403
1908
3547
3806
3970
4015
1206
3465
1755
585
2569
3805
2930
2230
3479
3063
3812
3536
3854
2868
3487
692
3856
1996
2106
3814
3819
4010
3334
1395
4022
4007
3990
3638
286
4035
3095
1253
386
788
882
740
767
881
855
721
2596
2740
870
918
832
884
11
1822
893
114
433
1240
743
145
3268
1270
912
356
1262
485
3091
910
608
262
70
1814
1087
3691
3732
256
1119
2860
550
42
377
1034
1552
3323
190
76
1094
267
3413
3183
99
2804
1560
314
1887
987
1490
945
1050
74
1203
3668
860
390
105
154
3006
801
2963
2692
61
3744
1486
49
2885
97
46
733
443
63
2316
406
3712
3766
233
1443
3594
15
269
2838
379
1105
1701
1581
3575
228
3290
923
1254
3354
674
2457
1224
3717
2168
210
2505
321
3121
3953
33
911
3044
607
289
1295
581
3727
1461
282
3031
2971
660
2998
571
1394
3461
3143
3441
2714
499
642
1974
904
1208
255
193
102
270
229
1058
220
1657
472
1711
3407
533
858
871
886
401
3181
2902
3251
1073
3985
152
218
195
275
273
181
4
328
3513
3699
1586
2357
3311
2699
2834
2703
3283
2670
3309
3008
2982
2972
3423
3325
3318
3314
2879
2959
2889
3382
90
3652
3665
3489
1838
253
3669
3911
3700
3813
3864
1133
757
3887
2817
3074
3147
3055
2774
3742
2691
2792
2204
2527
872
867
887
877
776
4012
667
594
4011
4002
4027
1797
1200
1202
1071
198
501
441
564
3908
3880
259
91
8
4029
4037
3993
4013
4020
4004
4038
3991
4025
3997
4030
4009
3998
4021
4014
4023
4019
3999
3996
3994
3983
3982
3981
3986
4017
3989
3995
4033
4032
4000
4028
4026
4005
4024
4006
786
806
791
732
863
861
704
744
816
736
714
835
793
838
818
880
849
888
889
763
890
729
804
709
799
851
761
780
739
845
794
690
718
715
854
723
688
848
772
762
717
710
725
712
790
777
774
836
758
822
815
765
797
755
833
827
823
807
720
813
705
837
805
770
756
693
741
728
828
779
748
730
789
795
895
894
879
878
876
856
825
810
803
798
769
753
747
840
754
719
722
771
814
800
784
706
697
853
844
826
819
708
696
687
829
817
773
701
831
820
745
727
726
713
711
852
847
846
843
842
839
824
821
812
811
809
808
796
792
787
782
778
768
766
764
760
751
749
738
737
735
734
724
716
703
702
700
698
695
694
689
834
830
781
752
686
731
866
885
746
707
691
875
869
868
865
864
750
759
783
850
699
802
785
857
3682
3523
3883
3606
3549
3631
3978
3508
3666
2263
1937
1933
3695
3649
3898
3613
3941
3660
3626
3725
3724
3832
3567
3538
3942
3776
3696
3694
3876
3654
3931
3583
3572
3486
3490
3591
3532
3531
3894
3662
3446
3715
3951
3648
3621
3786
3569
3641
3658
3543
3792
3833
3458
3964
3914
3825
3764
3809
3516
3871
3857
3595
3541
3858
3773
3472
3834
3878
3899
3459
3612
3937
3821
3767
3534
3499
3855
3566
3634
3510
3936
3728
3710
3889
2167
2158
2441
2456
2120
2656
2587
2558
2373
2412
2405
2335
3015
3180
2975
2899
2769
3376
2942
2321
2622
2486
2255
2442
2130
2070
2577
2545
2497
2175
2342
2260
2227
1915
2747
3760
3670
3661
3548
3795
3913
3527
3934
3919
3560
3467
3542
3485
3488
3528
3788
3686
3681
3627
3452
3586
3533
3491
3559
3578
3126
3012
2922
2805
2466
2454
3969
3893
3719
3711
3646
3761
3507
3504
3872
3847
3643
3933
3920
3522
3892
3900
3511
3463
3903
3826
3784
3907
3444
3697
3656
3644
3588
3557
3514
3874
3657
3924
3593
3916
3706
3617
3564
3561
3763
3716
3967
3747
3632
3807
3927
3818
3535
3555
3476
3722
3749
3752
3804
3923
3906
3822
3680
3509
3794
3957
3910
3579
3598
3869
3866
3781
3768
3483
3963
3585
3546
3836
3759
3757
3519
3530
3958
3793
3977
3610
3918
3616
3737
3450
3790
3762
3687
3518
3949
3863
3447
3921
3835
3740
3664
3629
3758
3785
3926
3902
3860
3731
3645
3601
3512
3448
3862
3608
3705
3636
3783
3655
3828
3693
3611
3635
3966
3930
3576
3968
3852
3620
3506
3493
3630
3602
3778
3735
3713
3553
3470
3672
3478
3568
3475
3901
3639
3562
3743
3739
3628
3940
3851
3545
3526
3881
3823
3622
3524
3915
3571
3945
3895
3474
3443
3972
3829
3515
3469
3944
3850
3815
3802
3685
3505
3498
3442
3962
3943
3938
3838
3692
3618
147
1950
2044
2019
2160
2523
2147
2085
2113
2570
2487
2281
2270
2650
2444
2349
2375
2219
2214
2562
2528
2443
2089
2049
2041
2524
1942
2447
2503
2455
2105
2440
2422
2341
2146
2371
2360
2317
1922
2129
2636
2421
2613
2628
2488
2402
2091
2082
1995
1980
2633
2173
2036
2411
2403
2397
2228
1930
2166
2618
2514
2236
1960
2181
2152
2534
2023
1990
3375
2726
2791
3165
3099
3425
3130
3329
3307
3197
3372
3131
2732
3030
2807
3428
3300
2766
3105
2799
3270
2878
2821
3242
2954
3112
2855
2811
2794
3229
3436
3156
3427
3402
3317
2837
3139
2809
3400
3358
3404
2688
3338
2856
2825
3042
2710
2978
2994
3175
2700
2816
3414
3227
2745
2987
2731
3166
2993
3275
3340
2871
3368
3083
3306
2581
2477
2391
2136
2092
2311
2561
2046
1962
2043
1963
2563
2083
2058
2574
2553
2590
2464
2407
2220
2500
2428
2546
2469
2359
2074
2374
2216
2287
2084
2045
1971
1917
2320
2207
2170
2076
1992
2579
2352
2306
2244
2237
1984
2655
2631
2499
2495
2478
2476
2423
2409
2299
2201
2165
2122
2077
2630
2578
2549
2532
2418
2354
2353
2262
2258
1979
2586
2504
2492
2340
2109
2540
2177
2485
2446
2383
2139
2112
1929
2156
2114
2013
2000
2416
2205
2474
1944
2350
2366
2277
1931
2635
2229
2069
2452
2252
1969
2141
2031
2389
2624
2526
2460
2433
2339
2326
2253
2213
2172
2164
2154
2121
2115
2095
1986
2559
2484
2482
2404
2376
2218
2200
2179
2124
2090
2020
1983
1943
2210
1982
2573
2506
2644
2580
2314
2286
2242
2193
2107
2900
3144
2898
2876
3050
3167
2918
2843
3552
3948
3796
3929
3841
3734
3707
3674
3517
3480
3477
3462
3779
3651
3456
3609
3830
3736
3702
3625
3891
3888
3817
3884
3800
3677
3596
3495
3438
3971
3877
3703
3633
3540
3525
3373
2848
2983
3128
3028
2425
1988
2029
2209
2557
2040
2185
2480
2272
2612
2208
2065
2607
1925
2604
2601
2600
2414
2393
2615
2611
2560
2550
2542
2539
2521
2308
2300
2276
2123
2104
2099
2093
2063
2059
2033
2030
1946
1938
2312
3584
3539
3956
3554
3831
3492
3979
3976
3975
3973
3960
3950
3947
3939
3928
3925
3917
3912
3909
3905
3896
3890
3873
3870
3868
3867
3865
3859
3849
3848
3843
3842
3840
3837
3827
3824
3820
3811
3810
3803
3799
3791
3789
3782
3780
3777
3774
3772
3771
3769
3753
3751
3745
3738
3730
3720
3718
3714
3708
3704
3701
3698
3690
3683
3679
3675
3673
3671
3667
3663
3659
3647
3642
3640
3637
3624
3623
3615
3614
3607
3605
3604
3603
3599
3590
3587
3581
3577
3574
3573
3565
3563
3558
3544
3529
3521
3520
3503
3500
3497
3494
3484
3482
3481
3473
3471
3468
3466
3464
3460
3457
3455
3454
3449
862
534
403
529
498
453
371
95
131
337
2025
2626
2171
1998
1958
2225
2027
2657
2627
2346
2024
2406
2449
2427
2395
2387
2288
2234
2067
2056
2001
1991
2362
2256
2066
2365
2659
2159
2009
2061
2050
2022
2011
1928
1921
1919
1914
2648
2647
2645
2639
2620
2585
2435
2378
2097
1968
1957
2536
2358
2531
2400
2502
2361
2110
2641
2623
2296
2291
2226
2186
2660
2658
2640
2637
2634
2625
2621
2619
2614
2610
2606
2593
2591
2584
2576
2575
2571
2568
2566
2556
2554
2552
2551
2548
2535
2525
2520
2518
2517
2515
2513
2507
2493
2490
2467
2462
2459
2453
2448
2439
2432
2430
2429
2401
2396
2388
2386
2370
2345
2334
2318
2313
2309
2307
2303
2298
2297
2275
2265
2261
2257
2251
2248
2238
2231
2217
2212
2202
2197
2192
2190
2188
2184
2178
2162
2150
2145
2131
2126
2119
2116
2100
2080
2079
2073
2064
2060
2048
2037
2035
2016
2014
2012
2008
2006
1999
1993
1978
1977
1975
1966
1965
1964
1949
1936
1935
1934
1927
1924
3287
3281
2881
3057
2818
2677
3157
3370
2739
3062
3249
2737
2970
2784
3255
2840
2672
2976
3295
2713
3352
2851
3322
2886
3034
2667
3328
3148
3138
3088
3080
3199
2921
2686
2734
3264
3236
2762
3261
2907
3053
3239
3094
2950
2936
3422
3359
3219
3420
2870
3392
3271
3122
3369
3282
3187
2887
2756
2765
3312
2831
3097
2663
3163
2852
3171
2668
2671
3393
3299
3194
3067
3421
3247
2832
3398
3266
3061
2997
3285
3125
2934
2711
3155
2858
3388
3014
2948
3185
3113
3431
3374
3208
3357
3110
3345
3116
2787
2981
2823
3023
3381
3377
3123
2847
2908
3435
2873
3085
2841
3262
3170
2733
2701
3129
3292
3047
2917
3158
3137
2773
2679
2897
2806
2927
3432
3159
2680
3010
2789
3303
3040
2850
3084
2977
2729
3430
3033
2905
2757
2698
3200
3394
3416
3391
3265
3146
3016
2991
2793
3212
2715
3003
3190
2723
2690
2786
3330
3267
3201
3152
3101
3049
2783
3304
3090
2705
3387
3363
3073
3054
2986
2985
2966
2867
3411
3075
2996
2895
2803
3389
3383
3297
3280
2939
3417
2890
2880
2864
2681
2673
3202
2961
3284
3195
3056
3036
3029
2906
2863
2749
3335
3115
2910
3365
3256
3347
3277
3260
3240
3224
3102
3070
3058
3041
3027
3017
2849
2785
2781
2778
3433
3257
3238
3193
3184
3000
2924
2862
2743
2683
3384
3362
3293
3231
3114
3092
3026
2969
2945
2929
2928
2896
2839
3418
2951
3385
3221
3032
2955
2947
3176
3018
3007
3205
3406
3344
3215
3154
3106
3087
3009
2932
3426
3064
3022
2911
2866
2755
2694
2676
3109
3013
2973
2904
3296
3120
2989
2812
3332
3172
2828
2797
3182
3294
3237
3234
2967
2944
2943
2931
2920
2810
2800
2782
3288
3246
2820
2696
3209
2748
3405
2957
2865
3196
2702
3324
3301
3232
3226
3174
2974
2956
2940
2919
2913
2827
2750
2689
2666
2664
3337
3327
3326
3107
3020
2914
3353
3419
3351
3316
3276
3274
3188
3140
3076
3035
3021
2901
2780
2674
3341
3331
2869
2438
2654
2638
2605
2602
2564
2489
2417
2410
2408
2392
2381
2369
2363
2356
2331
2324
2323
2290
2278
2271
2240
2233
2206
2140
2118
2108
2103
2098
2088
2086
2078
2055
2021
2005
1997
1989
1985
1953
1918
2522
2426
2232
2348
2519
2305
2142
2315
2415
2367
2211
2379
1939
2413
2267
2266
2471
2330
2329
2511
2273
2642
2572
2198
2176
2143
2609
2472
2398
2328
2646
2529
2399
2322
2310
2203
2163
2151
1972
1961
2501
2479
2475
2473
2419
2368
2325
2289
2274
2259
2221
2053
2038
1981
1954
1952
1947
2603
2555
2533
2530
2496
2390
2384
2280
2057
2028
2003
2652
2608
2598
2344
2249
2243
2222
2135
2134
2096
2075
2062
1970
1940
2629
2582
2567
2458
2282
2153
1987
1959
2617
2599
2589
2537
2451
2445
2304
2302
2294
2246
2174
2138
2068
2010
1923
1916
2512
2468
2465
2434
2420
2347
2333
2241
2235
2183
2180
2161
2137
2047
1994
1932
2752
3356
3273
3103
3001
2829
3241
2779
3214
3178
2795
2790
2768
2758
1474
3886
3797
3756
3750
3741
3721
3684
3592
3556
3501
3440
1301
1646
3068
3397
3310
3302
3069
2802
3066
2949
2903
1831
1558
1698
2653
2616
2594
2547
2544
2516
2509
2498
2461
2436
2394
2377
2355
2295
2293
2292
2285
2239
2215
2196
2132
2117
2102
2101
2087
2052
2039
2026
2007
2002
1941
1913
611
593
449
369
393
572
440
1177
521
645
505
486
541
623
643
658
576
372
349
675
627
666
684
677
575
600
3904
3726
3496
3437
518
457
489
522
543
426
359
547
478
510
477
671
568
429
455
519
437
354
558
413
469
460
187
7
162
249
319
281
129
51
227
225
243
115
17
2583
2538
2494
2463
2364
2337
2284
2279
2268
2189
2157
2133
2127
2072
2018
2004
1976
1973
1955
1951
120
69
159
86
278
20
226
44
144
317
132
10
180
189
77
45
265
295
108
331
303
148
208
164
84
338
250
59
340
96
341
297
79
274
235
1065
1512
1592
1157
1162
1853
2649
2588
2508
2343
2283
2254
2250
2224
2199
2155
2144
2125
2071
1948
1945
1926
1912
3415
3396
3395
3378
3320
3060
3039
2796
3179
2724
3343
2882
1806
1579
1676
1866
1283
3308
3164
2984
2859
2764
2718
3223
3319
2938
2725
1220
1521
2958
2719
2684
3386
3379
3366
3350
3233
3168
3162
3160
3002
2892
2845
2753
2682
3403
3151
3150
3145
3118
2894
2875
3434
3412
3409
3408
3399
3390
3380
3371
3367
3364
3360
3355
3348
3346
3342
3339
3336
3333
3321
3315
3313
3305
3298
3291
3286
3279
3272
3269
3259
3258
3254
3253
3252
3250
3248
3244
3243
3235
3228
3225
3220
3218
3216
3213
3211
3210
3206
3204
3203
3198
3192
3191
3189
3186
3177
3173
3169
3153
3149
3142
3141
3136
3135
3134
3132
3124
3119
3117
3108
3104
3098
3096
3093
3089
3082
3081
3078
3077
3072
3065
3059
3052
