107
754
3980
264
102
864
4001
202
138
15
78
4016
3720
317
607
2861
4020
532
11
3031
2281
2824
4005
2704
1200
2838
1046
209
911
806
2481
2421
2204
670
691
671
3749
3639
879
893
2942
124
131
44
2437
3647
692
1326
167
1383
585
2106
57
1140
468
4033
3230
340
2580
189
1854
37
117
3539
3453
245
1996
81
4024
608
1908
656
1933
1224
1834
182
3544
2321
1924
282
1297
1476
1640
535
2695
996
179
2952
1057
613
904
3820
2569
3949
2595
447
129
71
2817
912
3988
383
3030
247
3922
2860
1664
2358
3992
533
214
873
974
3619
3727
2487
3934
32
68
225
3801
3565
287
3977
674
3372
3427
2888
3899
3911
3121
3125
3134
649
3105
3699
3389
3897
3904
3595
602
3941
1044
3665
689
791
929
3733
714
3742
1202
2964
2245
2535
2094
3997
3981
1777
3290
3996
74
4002
3700
594
3989
3624
145
4011
821
737
2776
3122
888
411
1697
3787
3632
3789
3653
1896
652
3976
3709
638
3856
478
744
3281
327
1206
1586
166
2596
3650
464
895
882
667
885
99
2483
86
660
816
1654
2195
1162
868
2740
3974
3282
1581
581
278
624
832
1890
918
699
3744
448
126
38
187
24
196
221
1442
301
262
234
1094
1386
3451
33
1038
191
235
156
125
103
16
276
344
1176
550
584
2948
723
859
1506
3600
114
1105
1762
2859
2496
700
1042
3780
2632
2457
852
3876
3153
205
46
1088
1466
294
2714
1693
2767
18
3242
3270
3777
3588
757
1073
1992
3983
283
42
2587
365
2162
3914
2541
3765
1208
2980
27
3783
2902
64
1262
1087
1892
321
2814
3816
254
253
1203
880
3959
183
2971
668
3748
2130
1776
3689
2621
3928
4036
1071
381
1089
3006
3760
470
3310
1915
798
907
3305
2051
153
3791
1008
3910
1558
3732
3769
2066
3875
1930
1748
73
836
3691
3255
4035
3507
2990
3606
1656
3180
3436
3597
1874
3806
1701
3795
3457
3846
4032
3470
3278
762
3686
2182
826
2015
2725
375
2450
801
2296
3170
357
2167
1062
2079
1474
2736
3498
1949
2702
2388
3580
1759
442
3159
2922
3865
3958
1295
3131
1034
3890
935
154
979
869
1152
3244
759
522
2270
3425
3441
3984
259
193
3043
4037
1498
288
358
3467
3887
3894
2847
2514
554
3694
3696
2382
2456
2614
311
899
867
804
876
89
147
95
3822
3807
3905
4006
4027
3849
3676
3473
3917
2930
3251
3053
2975
3141
3218
3354
2799
3864
3376
2732
3637
177
1956
3970
776
41
220
144
137
17
28
312
174
140
20
116
19
326
192
343
226
115
149
2
4017
2230
120
377
910
3074
3745
1607
3045
1150
244
3888
3808
2041
2017
91
217
100
7
347
4000
3986
443
453
108
320
2168
93
3716
70
230
111
337
884
857
871
3695
3883
3613
3562
3481
3581
833
628
577
615
643
659
582
675
600
576
595
632
578
647
658
583
681
640
662
650
627
599
665
661
635
2034
796
712
822
771
789
3003
1268
1253
3999
2721
3091
2671
2962
572
437
406
379
467
4004
4038
3985
4014
4019
3998
4018
4023
4021
4003
4013
3993
4030
4031
3216
3271
3200
146
3751
3923
4025
3990
4007
306
273
218
195
328
275
4
219
319
393
564
198
441
351
364
4029
825
881
870
866
894
887
886
875
872
811
698
227
175
216
296
243
23
263
310
333
151
162
101
260
139
36
346
266
112
241
299
135
281
184
302
242
5
274
51
204
22
159
300
92
88
60
330
314
249
233
228
201
194
180
165
152
77
63
52
49
14
6
1
339
134
250
251
197
246
94
87
53
222
290
176
62
55
297
85
113
66
31
84
323
236
322
75
329
185
127
72
133
345
303
178
80
30
332
248
10
141
45
295
186
56
318
123
106
158
142
0
270
237
188
148
130
3
232
341
334
308
268
59
50
29
21
9
331
223
118
315
313
291
258
239
211
170
122
104
324
285
280
271
252
229
82
48
26
13
304
272
231
224
213
200
199
169
67
257
212
277
261
238
161
109
25
342
298
203
172
128
98
119
40
325
265
132
143
8
54
150
96
168
207
121
39
79
336
208
190
173
163
110
43
35
105
164
76
65
69
284
3991
4015
4010
3995
4009
3982
3987
4012
4008
3994
4026
4028
4022
4034
839
743
732
769
730
720
809
770
738
728
706
818
802
782
763
725
687
753
878
764
843
837
693
792
772
715
808
799
787
722
761
748
708
781
758
849
716
765
741
779
785
784
755
747
848
795
701
815
800
780
721
719
844
810
752
686
819
812
853
773
711
845
803
874
889
729
890
856
840
838
831
830
829
807
774
709
824
739
814
705
827
797
793
783
718
820
794
734
835
777
695
846
694
766
745
724
697
847
834
778
751
696
688
891
863
805
703
851
842
823
817
760
731
727
726
713
828
767
733
768
736
877
813
746
740
790
850
704
865
858
710
750
690
702
756
742
735
861
707
786
854
841
855
717
788
749
860
775
883
892
3314
2972
3774
3957
3814
3682
3283
2670
3423
2959
3311
2886
3607
3482
3579
3476
3848
3493
3775
3898
3490
3504
3652
3770
3382
2699
3008
2703
3318
2008
309
3048
2760
2899
3229
3336
3083
3202
3414
3388
3847
3444
3698
3973
3771
3510
3920
3862
3759
3844
3809
3933
3929
3931
3794
3486
3909
3895
3594
3447
3626
3592
3859
3461
3768
3614
3602
3530
3786
3459
3881
307
3138
3325
3309
2982
2879
2455
2100
2424
2373
505
1486
338
289
279
256
215
206
181
160
83
34
3338
2903
3312
2795
2791
3374
2709
2878
2837
2769
2790
3178
3392
3300
3130
2978
2884
3231
2963
3371
2677
3322
3308
3081
3368
2983
3092
2707
3323
3241
2816
3324
2924
2897
3181
2727
2759
3243
3193
3167
2926
3430
3213
3052
2673
3190
3142
2945
3286
2693
3000
3114
3023
2887
2794
2763
3135
3228
2807
2916
2679
2961
2761
3284
3047
3085
2974
3104
3143
2929
2912
2676
3158
2683
3916
3788
3533
3500
3861
3627
3852
3713
3869
3526
3900
3601
3489
3866
3564
3906
3896
3458
3956
3821
3964
3776
3867
3508
3735
3455
3975
3757
3616
3655
3440
3569
3951
3454
3512
3832
3841
3712
3534
3726
3529
3466
3517
3967
3764
3499
3878
3583
3460
3463
3715
3620
3969
3643
3568
3509
3831
3649
3516
3863
3662
3446
3979
3522
3870
3762
3574
3450
3559
3681
3913
3503
3543
3663
3840
3778
3785
3629
3573
3520
3496
3558
3945
3767
3761
3646
3631
3511
3940
3828
3556
3623
3782
3645
3535
3717
3670
3576
2016
2014
1977
2301
2645
2466
2656
2341
2181
3210
2803
2764
2811
3208
3171
2889
3249
2082
1922
2545
2089
2152
2316
2360
2650
2217
2227
2156
2534
2193
590
622
516
380
1264
2885
1193
2941
3429
3236
3032
2715
3067
3398
3087
2855
3276
3254
3327
3352
3194
2779
2999
2812
2696
3393
3337
2865
2737
3334
3094
3297
2846
3093
2772
2771
2843
3110
2946
2832
3042
2789
3137
2931
3401
3410
3156
2825
3157
3041
3084
3405
2876
3211
3015
3144
2809
2681
3238
2943
3253
3306
2674
3227
2818
3315
3234
2891
3370
3346
3302
3295
3176
2835
2867
2862
3377
2854
2851
2710
3435
3029
2987
2754
3390
3036
2928
3049
2896
2680
2666
3103
2933
2949
3266
3184
3149
2986
2977
3072
3028
2805
3025
3214
2711
2756
2741
2738
3384
3362
3033
2985
3145
3107
2804
3007
3148
2947
2836
3433
3387
3303
3098
2960
2827
2815
3174
2981
2852
2757
2694
3187
2918
2758
2675
3417
3232
2907
2782
2689
3073
2988
2969
2953
2913
2864
3065
3040
2706
2669
3117
2905
2880
2850
2858
3024
3348
3294
2697
3399
3108
3096
3064
3026
2917
2915
2873
2839
3365
3341
3004
2927
2925
2909
2890
2877
3221
2841
3220
2750
3363
3304
3056
2690
3340
3319
2848
3400
3394
3364
3257
3166
3119
2956
2810
2766
2743
2731
3129
3054
2874
3136
3264
3259
2900
2692
3250
2967
2966
2908
2906
2800
2777
2773
2755
2745
2717
2698
2786
3540
3438
3618
3978
3944
3480
3805
3736
3734
3667
3730
3448
3880
3548
3584
3456
3638
3439
3641
3621
3824
3697
3858
3966
3817
3891
3603
3471
3462
3802
3680
3590
3750
3826
3825
3818
3803
3718
3706
3596
3779
3915
3738
3587
3610
3753
3740
3636
3608
3728
3442
3560
3505
3472
3837
3836
3708
3571
3918
3452
3968
3804
3703
3924
3763
3711
3687
3642
3604
3578
3518
3488
3938
3731
3557
3542
3514
3937
3554
3469
3443
3677
3674
3577
3484
3474
3754
3719
3483
3464
3705
3536
3714
3506
3889
3851
3872
3523
3546
3531
3950
3690
3927
3930
3926
3702
3611
3605
3545
3485
3800
3707
3497
3921
3850
3773
3684
3672
3553
3550
3492
3855
3829
3593
3555
3813
3669
3873
3796
3475
862
3693
3766
3810
3758
3622
3524
3830
2192
2364
2006
2000
2474
2361
2114
2480
2146
1958
2636
2627
2097
2291
2570
2342
2277
2411
2248
1990
2527
2378
2080
2648
2297
2050
2657
2639
2009
2262
1952
2412
2070
2540
2105
2303
2576
2236
2577
2405
2393
2606
626
3219
2667
3173
3050
3124
3379
3356
3285
2688
2700
3353
2687
2684
2970
2765
3422
3421
2989
3016
2923
3021
3416
3235
3206
3018
2853
2802
3296
2869
3275
2904
3391
3169
3321
3212
3188
3109
3002
2785
3369
1499
1016
1061
945
1022
1134
1354
1869
2004
1950
2265
2618
2357
2120
2503
2515
2320
2488
2129
2584
2454
2234
2025
2628
2380
2263
2251
2231
2160
2113
1934
2314
2558
2453
2622
2349
2076
2228
2524
2633
2620
2225
2644
2448
2371
1975
1936
1991
2494
2337
2001
2427
2166
2018
1935
677
598
612
663
611
588
573
625
3279
2997
2935
1629
1493
1787
1648
1363
1333
1428
518
509
682
666
654
605
501
399
529
466
410
486
480
1749
1228
1251
1031
171
3380
3068
3273
3118
3256
3409
3347
3120
3034
3431
3415
3209
3267
3215
2951
2751
2712
3260
3186
3160
2833
3252
3240
2720
3011
3299
3097
2996
2793
2787
2748
2665
2958
3272
3204
3150
2914
1450
3192
3017
3113
3112
3013
3343
3381
3367
2991
2863
2840
2797
2796
2778
2742
3351
2713
3359
3355
3203
3162
3106
2830
2730
2728
2724
3246
2934
2775
3395
3198
2955
2739
3366
3177
3154
3069
3419
3332
3330
3288
3247
3070
2973
2939
2781
2770
3088
3411
3102
2894
2783
2733
3225
3199
3082
3079
3039
2937
2708
2701
2849
2661
3397
3344
3140
3116
2780
3357
3248
2718
