107
687
3980
286
243
143
181
386
2483
2817
3580
2421
3218
4000
383
4029
6
237
241
464
365
110
1711
2281
2596
1046
602
192
3820
3993
3678
3200
1105
2799
3566
2168
4024
205
1521
564
655
1248
1777
3952
3688
2256
256
114
1368
3963
2013
70
206
328
1058
279
3424
1693
3607
305
1490
882
81
2930
1510
4034
868
282
270
269
3147
3134
179
832
379
1855
3848
1854
3819
2952
2926
2808
3749
3507
725
1145
2595
3984
160
2263
2710
875
3856
3908
1755
2752
877
3665
3575
1342
1581
3494
1200
11
2721
3789
884
3748
2811
2776
775
855
505
356
4011
1057
2824
872
767
3912
3739
720
1030
233
3439
476
2975
1890
3165
2857
3988
52
2167
2094
2245
8
384
155
2402
4028
2034
2837
3271
1090
759
2204
2437
393
1901
3370
610
152
550
99
296
2357
182
2175
321
1492
1560
3389
202
216
220
162
3987
316
3044
225
245
300
69
311
974
3863
139
309
295
283
168
47
307
3669
267
2848
187
2732
836
112
106
1394
57
1974
18
1071
16
303
207
2790
146
3812
700
477
2691
3539
447
3015
2722
1276
2621
3666
349
164
235
1162
268
3333
3676
722
1726
317
3407
3878
4007
12
3541
3882
860
3537
3547
3175
788
2622
3372
3632
1969
4020
744
3805
377
100
1053
3959
3723
2251
757
1579
956
1133
985
663
3592
1143
660
1208
2972
3816
3418
791
287
1325
841
3701
3712
2541
2820
4008
668
3290
3467
2195
892
3859
260
3746
894
2634
1775
761
1474
895
3570
682
1386
2580
453
652
3872
2885
1748
4012
1648
955
96
586
692
358
209
2080
608
2961
2899
671
4001
3879
405
1988
1856
691
1461
3854
549
3630
3769
3694
3839
3489
1654
3458
3668
3857
3881
2252
3504
1466
215
336
3766
2470
699
2382
1326
721
3453
3814
1967
3030
571
3853
1096
740
910
929
3801
3531
201
3817
649
2618
2792
881
914
3251
3092
3159
3484
3183
2740
3428
42
918
1016
837
2855
923
572
2100
2505
2814
3241
2481
937
2545
2066
2947
2041
244
1157
1362
1262
2441
3472
1442
2688
3388
2860
3717
801
1731
1455
674
3999
1417
4015
2079
292
4035
613
1924
746
498
1896
15
3125
1498
2707
3784
1383
4027
4032
4010
4006
854
4018
2895
3334
4014
825
3974
3161
2380
2725
4037
3949
3885
3965
3311
749
64
3923
3720
3874
4025
4016
1034
991
1814
3037
518
485
3905
3662
71
301
1640
1000
91
2884
262
2893
2277
102
742
2487
4021
3985
3982
4003
1027
1043
3725
796
1607
1664
3991
594
3989
472
380
852
717
3216
893
3653
3807
2671
1268
939
1478
3652
776
887
874
873
885
867
3548
2769
2528
2431
2527
822
802
732
702
3429
3473
3892
3445
3868
803
145
2774
3074
76
857
3685
3698
1760
909
1254
1977
3513
3616
3932
3799
3716
3699
3638
1749
501
441
198
454
3105
3354
3053
3564
49
255
1194
1956
1270
193
259
427
552
157
190
23
61
51
154
219
319
147
89
3995
4017
4026
3986
3122
3141
2861
2106
3585
3894
3447
3127
3055
401
275
78
218
195
306
4
68
263
86
278
227
175
35
46
167
337
111
2
116
44
326
312
115
343
214
226
149
14
5
144
196
204
159
189
17
330
92
108
254
124
234
197
130
156
339
121
105
294
45
39
208
10
129
150
66
342
242
19
32
284
194
180
229
176
177
346
36
299
266
178
302
126
80
239
345
169
184
135
314
313
62
133
344
54
27
246
79
73
30
55
334
257
82
29
9
338
315
236
123
31
13
277
238
200
170
291
87
60
308
285
128
122
113
98
59
323
3
232
322
276
261
141
347
331
310
273
258
251
249
221
212
148
127
101
94
88
85
74
65
48
24
22
7
1
172
21
329
320
281
271
75
298
223
222
199
280
185
119
25
109
297
161
104
304
203
118
252
324
290
248
213
158
72
26
325
274
231
224
132
77
0
341
332
272
265
211
188
186
142
134
103
67
40
56
247
20
163
340
250
191
230
140
289
63
288
125
151
228
50
84
53
41
165
333
327
318
240
174
173
137
28
131
138
93
38
264
120
183
4002
4038
4031
3996
4023
3994
4019
4009
3998
3981
3997
4036
3983
4030
3992
4013
4004
3990
4005
4033
4022
870
743
818
861
886
863
871
689
864
833
782
736
889
876
716
891
888
869
866
811
798
751
797
890
856
726
706
771
794
765
821
813
804
786
769
741
737
730
729
707
701
690
850
704
826
880
762
756
834
799
688
713
698
778
777
831
795
734
711
735
847
812
747
800
810
842
753
708
784
774
829
752
723
693
820
766
727
758
760
694
738
807
686
793
748
770
840
830
805
792
779
764
814
695
838
827
772
731
724
853
848
819
815
745
719
709
697
696
824
849
844
835
787
781
763
715
703
817
783
780
739
718
828
823
773
754
705
728
809
808
710
733
851
846
750
845
865
839
714
712
806
843
755
790
816
789
879
878
858
768
785
859
862
3589
3636
3637
3659
3520
3579
3979
3970
3897
3664
3482
3498
3864
3960
3783
3587
3503
3603
3565
3772
3667
3639
3686
3480
3571
3465
3836
3675
3779
3619
3497
3886
3661
3517
3929
3755
3744
3933
3704
3818
3786
3724
3583
3614
3972
3582
3500
3641
3477
3657
3731
3615
3740
3692
3505
3455
3713
3710
3553
3921
3815
3663
3802
3492
3911
3502
3765
3901
3469
3776
3696
3850
3595
3543
3785
3756
3845
3471
3660
3913
3889
3852
3730
3902
3780
3697
3788
3968
3750
3440
3883
3613
3481
3721
3703
3670
3654
3527
3457
3557
3971
3501
3438
3572
3975
3708
3476
3519
3741
3550
3693
3677
3707
3491
3448
3871
3760
3495
3790
3966
3873
3858
3948
3851
3770
3645
3586
3512
3877
3518
3735
3599
3516
3830
3600
3866
3961
3925
3907
3773
3629
3508
3891
3860
3640
3528
3895
3515
3643
3810
3896
3947
3976
3924
3718
3705
3617
3483
3914
3524
3535
3474
3459
3825
3568
3443
3956
3920
3655
3847
3775
3596
3867
3608
3588
3904
3861
3456
3728
3722
3590
3499
3736
3521
3496
3700
3930
3687
3635
3605
3514
3763
3957
3918
3460
3899
3726
3791
3644
3937
3782
3832
3800
3737
3672
3627
3485
3955
3591
3493
3463
3651
3610
3545
3525
3841
3684
3633
3563
3540
3919
3594
3562
3938
3828
3658
3475
3450
3647
3734
3552
3797
3869
3837
3759
3762
3577
3574
3573
3556
3452
3943
3618
3449
3838
3683
3628
3944
3934
3461
3926
3824
3604
3488
3865
3753
3695
3479
3555
3634
3909
3826
3551
3530
3442
3915
3576
3646
3890
3767
3764
3690
3532
3711
3648
3593
3903
3855
3833
3706
3486
3777
3758
3601
3931
3870
3822
3821
3793
3768
3623
3569
3534
3945
3843
3602
3554
3529
3466
3900
3973
3967
3964
3962
3953
3950
3928
3917
3898
3888
3884
3862
3849
3842
3840
3835
3834
3831
3827
3813
3804
3798
3781
3778
3774
3761
3757
3752
3751
3747
3743
3738
3715
3702
3682
3681
3680
3674
3673
3671
3656
3650
3649
3642
3626
3625
3621
3612
3611
3609
3578
3567
3559
3542
3526
3523
3522
3511
3510
3509
3487
3478
3464
3462
3969
3951
3927
3893
3719
3631
3506
3468
3906
3829
3794
3620
3437
3584
3558
3792
883
3441
1085
3536
3598
3958
3538
3876
3796
3811
3549
3446
3581
3606
3946
3561
3806
3544
3803
3916
3546
3490
3809
3470
3622
3714
3823
3977
3942
3941
3940
3936
3787
3771
3745
3624
3597
3560
3533
3444
3679
3844
3795
3887
3754
3978
3910
3846
3808
3727
3689
3880
3057
2320
2841
3405
3128
3376
3164
2490
3133
3349
2685
2962
3156
2807
2760
3336
3322
3155
2933
2801
3425
2701
3217
3151
3103
2779
2728
3050
3109
2767
2696
990
2859
3402
2816
3063
3392
2934
3430
3231
95
2968
1701
1450
961
2349
2466
1992
2444
3454
1387
3278
2997
2771
3028
2942
2791
3196
2758
3176
2959
3266
2957
2726
2840
3099
3294
3039
3075
2865
2851
2953
3262
2708
3249
3177
3329
3186
2883
3312
3219
3167
3221
2715
3011
2733
3287
3316
2977
1666
3001
2830
2829
3341
3331
2868
3194
2766
3410
2823
3273
2711
1642
3255
3079
3257
3404
2869
2976
3323
3235
3024
2693
3086
3403
3209
3222
3066
2955
2891
2852
2917
2746
2797
3032
3360
3381
3332
3296
3281
2958
2781
2684
2889
3301
3375
3261
3258
2935
2768
2849
3046
2875
3087
2787
3318
3396
3192
3173
2826
3385
3346
2831
2819
2991
2796
3307
3111
2668
3406
3212
3206
2713
3359
3285
3210
2900
2785
2662
3110
3081
2795
3415
3178
3019
3114
2794
2789
2663
2850
3130
2756
2778
3283
3325
2670
2908
2666
3265
3097
3123
3342
2856
3248
2821
3193
3213
3117
2695
3380
3199
3358
3338
2918
2812
3434
3379
3345
2843
2720
3189
3236
3264
3187
3171
3368
3340
3012
2745
3284
2943
2763
3077
3029
2698
3228
3384
3104
2981
2862
2731
3047
3191
1505
3412
3356
2921
1759
2035
1922
2076
2651
2565
2008
2166
2584
2515
2401
2170
1950
2119
1627
2650
2486
2048
1171
1708
1253
1641
1534
1087
1038
1676
3144
3394
3042
2919
2679
3214
2954
2783
3207
3146
3422
3297
3145
3136
2939
2932
3225
3350
2886
3220
3416
3270
3252
3049
2719
3245
3089
3061
2845
3148
2734
3321
3244
2890
3277
2973
2674
3215
3203
3106
2665
