0
700
4007
1119
1326
3407
160
335
164
287
267
4037
4015
256
2079
1224
3451
3732
2596
4028
3820
3935
234
294
182
454
42
447
2842
801
3856
336
210
282
157
2691
607
255
179
1206
4006
4029
4012
166
364
3991
3230
4032
3798
3453
3925
2808
1466
1395
3183
1627
43
71
2860
4024
4022
660
1755
3582
247
2565
114
321
3271
1896
581
383
1760
1233
3408
3494
1854
2998
305
3893
892
3746
3489
3691
757
3922
205
667
4035
2767
3983
3688
384
884
832
743
846
2517
3589
1262
201
264
286
2857
3959
717
3282
1690
183
253
2441
3217
47
3885
2457
61
852
3954
499
1586
2470
3965
3849
673
12
216
2732
52
648
35
1263
340
155
899
3807
126
11
1362
3888
1002
3854
3650
1034
550
3513
672
2930
301
552
775
642
351
202
4001
145
90
2792
3037
244
33
3996
233
4036
4027
4011
4010
4008
3999
3992
3987
3998
3981
4009
4038
4017
4021
4014
3980
4023
4019
4018
4003
4000
3997
3994
3993
3986
3982
4002
3989
4026
3988
3985
4031
4030
4020
4013
3995
4004
3268
3990
4016
4025
4005
4034
594
4033
879
889
882
864
833
707
785
859
876
872
776
887
877
874
895
881
870
725
768
767
691
789
702
689
782
813
806
750
722
733
771
893
888
863
729
854
841
825
816
811
804
796
790
788
749
746
742
741
735
714
712
710
704
692
740
715
809
808
720
799
711
843
793
891
890
886
885
878
875
873
871
867
866
865
861
858
769
777
753
839
822
802
791
732
779
761
880
803
792
758
754
730
786
736
869
797
748
738
850
778
734
844
840
744
721
709
826
817
812
770
751
762
755
853
723
693
701
845
795
783
766
763
716
856
838
837
835
718
695
807
739
728
687
836
726
706
705
686
814
800
781
847
727
688
849
842
829
819
810
805
794
787
764
759
752
745
737
703
698
834
830
823
818
780
772
765
747
724
708
696
831
784
731
713
848
828
827
824
821
820
815
774
773
760
756
719
697
690
694
798
894
855
883
699
860
851
868
857
3733
3742
3502
3444
3984
3669
3904
3813
3946
3675
3543
3652
3704
3861
3724
3606
3814
3624
3843
3835
3532
3914
3908
3897
3644
3850
3496
3541
377
3575
3839
3973
3561
3641
3607
3887
3559
3957
3708
3664
3571
3868
3466
3648
3690
3963
3447
3834
3585
3471
3909
3826
3970
3864
3700
3578
3781
3870
3792
3486
3745
3764
3763
3591
3463
3923
3632
3631
3920
3759
3478
3934
3558
3899
3476
3789
3720
3819
3595
3859
3574
3445
3932
3799
3616
3491
3794
3722
3714
3519
3975
3579
3465
3472
3967
3960
3655
3867
3816
3608
3670
3536
3665
3636
3740
3728
3620
3439
3460
3803
3777
3680
3483
3581
3837
3836
3785
3527
3953
3659
3658
3645
3474
3469
3510
3825
3862
3815
3715
3498
3470
3827
3791
3776
3747
3905
3891
3869
3593
3857
3628
3767
3956
3945
3829
3726
3634
3464
3939
3811
3662
3775
3966
3902
3635
3518
3497
3678
3583
3657
3866
3821
3782
3499
3795
3467
3949
3771
3549
3490
3446
3761
3752
3614
3459
3443
3858
3627
3605
3450
3865
3840
3753
3629
3553
3455
3442
3770
3768
3568
3468
3907
3802
3773
3713
3710
3615
3597
3590
3484
3512
3523
3832
3737
3730
3707
3927
3511
3924
3810
3784
3706
3515
3509
3640
3978
3692
3548
3681
3685
3508
3505
3695
3562
3649
3940
3926
3845
3642
3874
3871
3739
3719
3718
3643
3584
3493
3884
3654
3557
3603
3576
3488
3462
3703
1248
657
564
572
441
663
448
3530
535
532
571
529
466
2375
2094
2301
293
437
406
659
578
665
647
612
590
680
650
577
576
644
636
625
682
666
598
575
681
670
662
640
635
632
627
599
595
684
664
639
622
611
588
573
3944
3838
3683
3552
3779
3780
3689
3609
3831
3736
3702
3697
3672
3621
3586
3563
3938
3928
3877
3860
3828
3824
3756
3674
3480
3438
3979
3971
3540
3950
3797
3667
3968
3948
3873
3851
3842
3841
3596
3577
3545
3449
3448
862
3977
3976
3974
3972
3969
3964
3958
3955
3952
3951
3947
3942
3941
3937
3936
3933
3931
3930
3929
3921
3919
3918
3917
3916
3915
3913
3912
3911
3910
3906
3903
3901
3900
3898
3896
3895
3894
3892
3890
3889
3883
3881
3880
3879
3878
3876
3863
3855
3853
3852
3848
3847
3846
3844
3833
3830
3823
3822
3818
3817
3812
3809
3805
3804
3800
3796
3793
3790
3788
3787
3786
3783
3778
3774
3772
3769
3766
3765
3762
3760
3758
3757
3755
3754
3751
3750
3749
3748
3743
3738
3735
3734
3731
3727
3725
3716
3712
3711
3705
3701
3699
3698
3696
3694
3693
3687
3682
3679
3677
3676
3673
3671
3668
3666
3663
3661
3660
3656
3651
3647
3646
3639
3638
3637
3630
3626
3625
3623
3622
3618
3617
3613
3612
3611
3610
3604
3602
3601
3600
3599
3598
3594
3588
3587
3580
3573
3572
3570
3569
3567
3566
3565
3564
3560
3555
3554
3551
3547
3546
3544
3542
3539
3538
3537
3535
3534
3533
3531
3529
3528
3526
3525
3524
3522
3521
3520
3517
3516
3514
3507
3506
3504
3503
3495
3492
3485
3482
3481
3479
3477
3475
3473
3461
3458
3457
3456
3452
3440
1776
910
678
631
1200
593
937
1270
956
1546
1065
1890
1840
1090
985
1640
1749
554
380
407
502
505
655
616
584
940
486
381
509
671
415
609
458
477
349
382
372
543
620
528
498
562
546
533
530
522
501
485
476
470
467
459
449
443
433
427
411
399
393
390
379
361
358
354
1490
490
474
367
495
371
568
429
418
510
555
488
442
362
630
653
413
1385
1478
3723
3487
3454
610
540
425
365
683
646
478
536
587
558
445
375
565
521
385
462
503
504
369
2431
2541
2382
2548
2100
2439
2113
2421
2217
2182
2227
1924
1996
2545
2105
2505
2219
1974
2245
2167
2535
2651
2012
2013
2014
2648
2524
2442
2066
2453
306
218
78
4
198
91
110
296
19
307
152
129
2647
245
227
464
269
150
676
570
549
511
508
463
438
387
685
677
675
674
661
658
656
654
643
638
634
633
628
626
624
623
619
618
617
615
605
603
602
600
597
592
589
583
582
579
574
289
140
311
237
73
283
79
55
123
44
7
3962
3943
3886
3872
3741
3721
3684
3633
3592
3556
3550
3501
3437
1731
912
1500
679
645
614
1194
1268
1531
1314
1660
557
507
494
493
479
422
388
370
404
1023
1342
1151
1286
629
1316
1241
1264
1106
1728
1296
649
1089
1762
1042
1481
1711
1802
1650
1562
1138
1188
1035
1889
1299
1829
1234
1147
1174
949
1853
1446
1739
909
1508
1373
1747
1381
1410
1903
1686
1141
900
1396
919
1884
1309
1815
1167
965
1033
1820
1751
1166
984
1504
1355
1131
1647
1190
1018
1855
1005
964
1489
1232
1118
958
979
1748
1785
1418
1215
1421
1061
1592
1292
1120
1015
1244
1236
1790
1862
1773
1695
1294
1030
1282
1102
1020
1880
1798
1568
1424
963
1529
1192
1379
1053
1859
1661
1578
1607
1368
955
1904
1869
1496
1246
1226
1139
1229
1442
989
1403
1777
1713
1781
1770
1703
1667
1228
1170
1716
1691
1148
1100
1066
1105
1095
1807
1159
1648
1601
938
901
1438
1279
1831
1624
1338
1306
1304
1258
1072
1011
986
944
1743
1872
1475
1227
1134
1000
924
1732
1729
1649
1503
942
898
1704
1502
1099
1699
1696
1210
1064
1464
930
915
1308
1225
1764
1742
1628
1454
1412
1406
933
1910
1566
1144
1575
1738
1709
1892
1837
1452
1216
1137
1875
1873
1706
1635
1587
1576
1462
1423
1324
1322
1284
1261
1257
1032
1007
954
1766
1625
1425
1313
1332
931
601
544
496
541
534
518
516
480
457
455
435
430
426
421
416
391
357
1870
1400
560
512
409
651
547
545
531
527
523
513
500
491
489
487
471
460
403
392
359
355
1311
596
569
524
451
1745
1681
1630
1259
1189
1121
1037
551
469
424
397
669
652
604
591
586
566
556
553
525
519
482
481
473
465
456
452
450
446
444
439
434
432
410
405
402
396
394
378
374
373
360
348
1878
1767
1616
1349
548
542
539
514
497
417
412
408
395
368
2799
3105
1541
1507
1348
1719
1676
1187
1708
1579
970
1567
1325
1876
1744
1606
1514
1512
1444
1374
1318
1183
1070
561
506
492
461
1436
1052
1677
1545
1543
1237
1025
905
1212
1552
1908
1825
1698
950
908
1245
1856
1778
1740
1673
1574
1536
1506
1397
1320
1223
567
559
537
520
517
515
440
436
431
423
419
400
398
363
353
352
350
1549
2528
1933
2186
2036
1944
2571
2452
2362
2242
2011
2130
2627
2157
2015
2401
2456
2297
2027
2277
2193
2612
2412
2296
2017
2490
1978
2558
2450
2358
2162
2119
2080
1913
2432
2029
2265
1977
2226
2177
2286
2562
2455
2383
2580
2531
2523
2497
2316
2158
2614
2214
2641
2211
2025
1935
2260
2106
2251
2114
2310
2270
2048
2388
2107
2008
1915
2416
2272
2540
2360
2160
2129
2091
2051
1949
2295
2075
2610
2501
2618
2082
2650
2425
1963
2519
2415
2274
2249
2477
2460
2136
2342
2406
2318
2185
2183
1923
2476
2340
2594
2417
2367
1939
2658
2225
1995
2419
2273
2285
2223
2092
2067
2031
2019
2447
2062
1981
2655
2122
2622
2554
2356
2266
2077
1989
2255
2534
2503
2515
2259
2207
2581
2057
2047
2485
2359
2103
2086
2601
2407
2060
2625
2489
2482
2363
2309
2303
2213
2147
2074
2040
1971
2262
2085
2018
1921
2175
1936
1930
2660
2659
2192
1999
1972
2604
2593
2586
2506
2464
2278
2123
2118
2044
2656
2557
2361
2049
2317
2628
2488
2474
2405
2197
2166
2120
2070
2035
2023
1964
2390
2280
2243
2117
1994
2639
2284
2097
2000
1919
2626
1950
2634
2570
2487
2281
2384
2222
2640
2636
2620
2583
2494
2435
2171
2159
2116
2061
2050
1976
1928
1927
2637
2617
2438
2434
2396
2304
2110
1970
1926
2518
2465
2451
2379
2345
2344
2232
2169
1955
2552
2443
2393
2353
2058
2597
2555
2516
2502
2472
2241
1954
2590
2550
2536
2500
2478
2468
2462
2446
2306
2253
2229
2218
2190
2154
2093
1962
1953
2440
2145
2657
2364
2024
2009
2004
2001
1998
1991
1968
1914
2638
2607
2563
2520
2507
2410
2409
2381
2290
2257
2172
2164
2140
2109
2424
2619
2615
2591
2578
2549
2546
2526
2469
2433
2430
2369
2354
2331
2324
2323
2299
2261
2200
2073
2059
2020
1946
1943
2654
2630
2611
2602
2579
2575
2573
2561
2560
2559
2532
2499
2495
2492
2414
2408
2395
2370
2352
2334
2329
2326
2308
2275
2220
2216
2184
2142
2124
2121
2115
2112
2098
2088
2069
2046
2033
2030
2005
1985
1979
1929
2642
2509
2463
2330
2254
2246
2151
2144
2143
2133
2127
2072
2071
2052
1920
2616
2598
2588
2543
2475
2398
2394
2389
2343
2302
2298
2292
2289
2267
2250
2247
2239
2203
2196
2191
2176
2174
2163
2128
2101
2068
2039
2028
2026
2002
1948
1941
1932
1916
22
45
214
273
226
162
84
63
281
135
10
117
195
181
257
156
148
250
31
163
88
59
82
190
344
331
268
103
330
8
238
48
259
170
13
139
302
68
85
243
60
144
115
14
89
317
318
297
189
109
39
325
222
29
98
50
312
41
17
284
159
127
57
36
263
175
143
131
230
300
339
136
225
23
320
173
274
329
298
165
105
334
217
100
186
130
299
266
213
194
146
101
24
428
414
137
93
304
303
236
310
324
315
308
277
271
200
142
122
104
40
25
3
332
261
172
341
323
291
224
203
185
141
134
128
67
56
21
235
169
343
116
20
322
92
54
1787
1218
1803
1511
1085
1031
1301
1087
1641
1788
1043
1814
1599
1162
1646
1895
1733
1629
1468
1333
1319
987
1727
1497
1556
1451
1012
1357
1595
1473
1366
1051
637
935
1039
1401
1805
920
1463
1532
1114
1885
1336
1040
1905
1585
999
1155
1618
1821
1897
1818
1794
1658
1492
1343
1217
1021
1083
1830
1680
1358
1080
917
483
1737
1712
1380
1285
972
1063
526
1375
1110
1651
1572
1069
1652
1530
1457
1340
1289
1271
1887
1636
1596
1459
1448
1404
1347
1277
1221
1158
1104
1014
981
957
902
1293
1133
953
1209
1073
1407
1809
1619
1288
1164
1600
1554
1874
1753
1644
1351
1344
1116
907
1796
1484
1402
1265
1047
1867
1808
1653
1868
1799
1736
1700
1668
1456
1365
1330
1287
1181
1172
1153
1006
1004
960
926
1907
1906
1901
1899
1898
1894
1893
1891
1886
1882
1881
1877
1871
1866
1865
1857
1850
1849
1848
1844
1841
1838
1832
1828
1824
1812
1801
1797
1795
1786
1784
1783
1775
1771
1763
1759
1756
1725
1720
1715
1710
1705
1701
1694
1692
1689
1687
1682
1679
1672
1671
1664
1657
1655
1654
1645
1638
1634
1633
1631
1615
1602
1591
1583
1582
1581
1573
1569
1565
1555
1550
1548
1542
1540
1538
1533
1526
1525
1524
1518
1515
1510
1501
1499
1498
1495
1494
1493
1491
1482
1479
1472
1469
1455
1453
1443
1439
1435
1433
1432
1430
1429
1428
1427
1426
1422
1417
1415
1414
1413
1411
1408
1398
1394
1392
1388
1384
1382
1378
1372
1370
1364
1363
1356
1354
1350
1345
1339
1328
1321
1315
1310
1307
1303
1300
1298
1283
1281
1278
1276
1275
1274
1273
1266
1260
1254
1251
1249
1247
