0
791
4037
3746
4001
4016
292
607
3854
1326
3147
327
2437
167
2421
3074
4022
4015
749
4035
3984
875
891
4036
883
859
3991
3983
851
790
1096
2079
447
608
3853
2842
2470
668
613
3183
3798
18
1119
11
1386
918
12
1145
43
33
581
282
3846
241
3885
286
443
2691
379
3589
35
2814
648
1755
153
1262
3125
3282
81
904
1253
1071
2178
2481
228
1252
499
336
3699
3955
2722
656
1546
1937
166
3619
2838
3952
3882
3910
3887
3637
152
1455
3429
3751
1038
476
3727
3963
3513
2358
2493
2517
1521
3936
2245
3502
129
1961
338
260
328
3755
1140
3817
78
2281
243
126
2034
2321
319
89
283
95
147
219
3127
2204
2817
2106
49
216
3037
154
244
4024
4007
3990
4025
3055
2774
860
4006
692
3987
4029
4008
594
868
865
4010
775
892
4034
4032
4012
3985
801
4028
4027
699
3992
871
895
894
757
4011
841
3996
4033
4005
858
884
852
717
785
3988
3989
3993
3999
881
870
893
4038
3995
4020
4017
4013
4003
879
866
877
855
743
3980
4030
4023
4031
3982
3998
4014
3997
4021
3994
4009
4004
4026
3981
3986
4019
4000
4018
4002
750
832
854
874
802
735
788
864
742
689
869
776
872
846
873
887
744
809
789
768
837
729
889
723
753
850
756
813
811
808
746
821
733
710
725
740
890
691
885
867
798
721
825
704
686
687
688
694
695
696
697
698
701
703
705
706
708
711
713
718
719
724
726
727
728
734
739
745
747
748
752
754
760
764
766
770
773
774
780
781
784
787
795
797
800
805
807
810
814
815
817
819
820
823
824
827
828
829
830
834
840
842
845
847
849
853
856
731
738
755
777
792
793
803
838
737
758
779
783
835
709
720
778
848
730
741
831
818
772
804
844
765
839
763
769
771
833
712
794
822
722
806
693
736
714
732
762
716
843
751
836
782
799
826
876
863
759
878
707
715
861
816
786
690
812
888
767
702
882
761
886
880
700
796
3650
1466
674
3709
638
602
209
2596
1206
335
215
114
3974
3453
550
74
3451
3031
15
1834
3729
2195
2569
2269
3071
1560
210
358
3935
3230
3856
585
624
37
911
3570
3820
1581
3748
287
2457
3407
3268
256
233
642
42
145
90
401
1224
255
377
179
47
52
205
2792
468
3875
1854
2788
1270
3808
70
1394
160
1046
3807
2595
2541
1967
1208
1586
1690
279
2382
1233
2483
1558
3006
267
3942
3408
3688
182
3134
3879
2704
3922
2857
183
316
1430
305
1395
1276
234
2740
1176
3704
1627
1065
1027
3959
157
138
386
3732
356
97
253
1693
411
2168
383
3801
301
1002
155
1760
3717
3744
71
899
1105
247
3691
3733
2808
667
293
1194
2527
3560
112
454
1353
76
3816
61
2922
2952
321
294
3467
174
1034
448
3413
2975
192
3597
1362
2860
3928
164
2798
660
240
191
3582
3375
571
207
3811
2998
2714
2442
3689
3954
3575
2380
453
201
467
307
384
552
124
572
3781
1996
1890
3897
2565
3121
3946
120
3003
3537
270
202
3565
220
193
2885
262
2441
110
1383
406
264
996
3939
1651
1200
3653
3978
3588
3765
190
3742
2971
1022
652
3686
3271
289
3673
288
3965
1762
673
1474
2855
1713
3494
2963
945
3865
125
1031
1969
464
206
1856
1510
3953
1442
3143
351
1776
245
530
1657
1607
3787
3849
3544
3444
3489
3676
6
910
1711
3606
1797
2015
472
1057
1264
3694
3290
3925
1157
2167
2634
649
349
2422
2736
2505
2431
2230
1295
3305
1777
3844
1486
929
2980
1240
3805
2219
3839
235
46
3059
498
1346
34
3890
91
3795
27
1147
269
2692
1476
1579
3227
485
8
593
562
250
3310
610
3665
1354
