0
4012
854
4008
1034
468
52
3987
4036
4022
4001
801
788
756
166
210
593
3853
1776
3183
193
145
3959
1969
1002
3709
179
2808
1854
358
1967
911
3816
97
90
377
292
3570
3451
2168
3694
2178
602
12
2860
499
3885
699
3270
49
918
2952
1546
71
3037
674
648
3453
3006
279
2470
581
160
613
3807
668
2842
2740
153
411
34
255
1206
11
1760
37
667
692
33
1386
215
305
3031
1755
124
307
1560
642
4037
594
4003
4017
4038
4014
4013
3999
3995
4020
4029
3992
4021
4009
3985
3989
3982
3994
4034
4033
4031
4030
4028
4026
4023
4019
4018
4011
4005
4004
4002
4000
3998
3997
3996
3993
3991
3988
3986
3984
3983
3981
3980
4025
4007
3990
4016
858
886
881
879
864
877
867
785
743
750
691
895
894
892
891
889
884
880
875
871
870
868
866
825
798
893
855
717
741
812
887
885
874
873
872
890
869
735
804
803
836
810
740
888
882
878
876
863
861
792
806
826
734
726
782
736
845
808
737
731
770
809
793
718
822
732
689
754
753
708
693
840
805
771
739
838
819
807
783
779
777
730
707
824
800
847
830
828
823
820
815
760
755
747
713
711
706
700
698
696
694
853
774
751
715
695
856
852
851
850
849
848
846
844
843
842
841
839
837
835
834
832
831
829
827
821
818
817
816
814
811
802
799
797
796
795
794
791
790
789
787
781
780
778
776
775
773
772
769
768
767
766
765
764
763
762
761
759
758
757
752
749
748
746
744
742
733
729
728
727
725
724
723
722
721
720
719
716
714
712
710
709
705
704
703
702
701
697
690
688
687
833
786
784
745
738
686
813
883
865
859
860
4032
4027
4015
4006
4035
4024
4010
2375
2167
2094
2245
2487
2439
2541
2382
3401
2975
2922
2767
3012
2714
2898
2899
2893
2281
2535
2301
1956
2621
2204
1937
2614
2162
1915
2545
2113
2106
1933
2405
1949
2114
2146
2320
2255
2089
2565
1996
2357
1922
2650
2466
2444
1992
2584
2193
2383
2164
2554
2200
2622
2349
2197
2360
2504
2044
2122
2043
2558
2534
2456
2450
2422
2051
1934
2587
2260
2477
2380
2129
2120
2082
1977
2335
2286
2476
2391
2311
2290
2258
2577
2523
2158
2656
2505
2488
2109
2591
2579
2532
2348
2326
2307
2306
2093
2182
2581
2214
2440
2228
2156
1960
2452
2566
2651
2540
2170
2060
2524
2207
1924
2443
2147
2067
1999
2061
2648
2627
2365
2639
2620
2097
2025
2024
1914
2659
2658
2645
2585
2435
2297
1958
1919
3190
2942
1394
2401
2350
2563
2552
2428
2352
2339
2213
2005
1984
1963
1929
2009
1928
2346
1968
1935
1966
3094
3269
2926
3311
2804
3197
3367
3425
3105
3199
3229
2807
2984
3092
3143
3109
3126
3208
3125
3074
3428
3217
2682
3281
3225
2895
2990
3244
2805
3392
2841
3336
3128
2886
2789
2769
3170
3370
3066
3063
2997
2935
2667
3131
2930
3288
3314
3155
3112
3039
3246
3009
2955
3429
3235
2980
3354
3216
3141
2776
3016
3050
2747
3148
2987
3080
3046
2876
2723
2715
3212
3049
2711
2717
3127
2817
3166
3093
3221
2858
3419
3416
3247
2821
3294
3228
2915
2961
2854
3073
2981
2929
2928
3378
3142
3056
3243
3114
3025
2924
2798
2726
2681
2679
3327
3251
3180
3167
2996
2816
2739
3187
3115
3352
3313
3260
3058
2783
2712
3371
3344
2729
2974
2743
3423
2982
2879
3431
3067
2988
2910
3373
3292
2820
3303
2967
3388
3384
3202
2880
3349
2762
2914
3219
3107
3286
3158
3119
2977
2966
2837
2741
2891
3364
3304
3301
3047
3036
2867
3404
2932
2904
3436
3193
3052
2796
2824
2972
2959
2699
3324
3237
3184
3108
3084
3065
3022
2994
2986
2920
2911
2761
2757
2754
2750
2745
3380
3374
3321
3276
3178
3140
3138
3134
3043
3038
2751
3363
3096
2956
2913
2866
2689
3387
3362
3284
3250
3195
3174
3149
3078
3040
2940
2916
2912
2905
2897
2872
2862
2806
2800
2782
2746
3430
3426
3231
3090
2851
2786
2731
3345
3291
3034
2937
2797
2856
2665
3154
2836
2775
2840
2576
1983
1982
2490
2655
2624
2615
2559
2484
2467
2464
2407
2374
2300
2299
2257
2253
2237
2210
2190
2165
2131
2104
2090
2077
2037
2030
2020
1997
1943
2055
2048
2618
2342
1961
2126
1930
2497
2248
2560
2393
2303
2092
2630
2625
2623
2611
2601
2550
2539
2478
2423
2410
2354
2233
2188
2121
1946
1918
2660
2657
2644
2634
2633
2632
2628
2626
2619
2613
2604
2580
2578
2574
2573
2570
2568
2564
2562
2556
2553
2549
2548
2538
2536
2528
2520
2517
2515
2513
2503
2500
2499
2493
2486
2485
2483
2482
2469
2460
2457
2455
2454
2453
2449
2447
2446
2442
2441
2437
2431
2430
2424
2421
2418
2413
2412
2411
2404
2403
2402
2397
2392
2388
2387
2386
2376
2373
2371
2361
2359
2358
2341
2340
2331
2321
2317
2316
2314
2308
2288
2287
2277
2276
2270
2269
2265
2263
2262
2256
2251
2244
2238
2236
2234
2231
2230
2227
2219
2217
2206
2205
2202
2195
2192
2184
2181
2179
2173
2172
2166
2160
2159
2154
2152
2150
2140
2130
2123
2119
2105
2100
2091
2085
2084
2080
2079
2078
2076
2074
2070
2069
2064
2063
2058
2056
2050
2049
2045
2041
2036
2035
2034
2023
2021
2019
2018
2017
2016
2015
2014
2013
2012
2011
2008
2006
2000
1995
1993
1991
1990
1988
1986
1980
1978
1973
1971
1962
1957
1950
1942
1938
1936
1931
1927
1921
635
611
603
453
3418
2901
2847
110
120
336
311
36
131
657
3335
3405
3398
3308
3259
2859
2720
2678
3279
3117
3075
3072
2946
2674
3211
427
3369
3343
2803
2768
3156
2843
2654
2646
2638
2631
2607
2606
2602
2600
2599
2593
2590
2586
2575
2561
2551
2546
2542
2526
2521
2507
2506
2495
2492
2489
2433
2414
2409
2408
2395
2381
2370
2369
2363
2356
2353
2334
2329
2323
2309
2278
2275
2271
2261
2240
2229
2220
2218
2216
2212
2201
2139
2136
2124
2118
2115
2112
2108
2103
2098
2095
2088
2086
2083
2073
2059
2046
2040
2033
1989
1979
1953
1917
2426
2099
1975
1974
1952
2142
2065
1925
2531
2429
2427
2177
2313
2107
1985
2525
2029
2612
2448
2291
2175
1965
2252
2640
2378
2364
2171
2022
2537
2293
2266
2544
2529
2312
2116
2480
2366
2362
2272
2242
2641
2425
2310
2609
2637
2557
2514
2474
2406
2296
2211
2209
2145
2141
2066
1964
1923
2462
2415
2324
1970
2473
2396
1913
2605
2610
2400
2264
2385
2249
2241
2208
2057
2652
2518
2243
2110
2096
1954
2572
2571
2379
2367
2305
2280
2232
2215
2026
2010
1939
2567
2522
1916
2416
2322
2318
2226
2186
2185
2031
1987
1944
2191
2143
2134
2603
2434
2390
2589
2445
2436
2345
2330
2254
2222
2138
2642
2501
2498
2479
2438
2432
2419
2399
2394
2377
2355
2344
2304
2274
2235
2221
2075
2054
1981
1948
1926
2516
2502
2465
2372
2315
2259
2183
2161
1959
2653
2647
2643
2636
2635
2583
2494
2491
2459
2384
2337
2284
2279
2225
2199
2189
2157
2111
2071
2032
2027
2004
2001
1998
1976
1972
1951
3397
3385
3355
3277
3252
3214
3185
3169
3146
3116
3110
3106
3041
2992
2989
2973
2939
2875
2785
2778
2765
2748
2742
2661
3319
3310
2869
1031
3341
3087
3403
3350
3182
3076
2968
2833
2823
2685
3358
3198
3189
2958
2950
2811
3191
3179
3159
2995
2951
3295
3051
2900
2692
2962
2812
3334
3233
3207
3203
3133
3100
2947
2845
2662
3302
3201
2938
1240
2608
2594
2588
2533
2519
2472
2471
2468
2463
2420
2417
2389
2332
2298
2295
2273
2247
2246
2163
2149
2148
2137
2101
2081
2062
2052
2039
2002
1994
1940
1932
1586
1133
899
956
1208
3420
3024
2819
3061
3342
3320
3287
3145
3136
3113
3060
3010
2965
2894
2781
2719
2999
2822
3435
3434
3433
3427
3424
3422
3421
3417
3415
3414
3412
3411
3410
3409
3408
3407
3406
3402
3400
3399
3396
3395
3394
3393
3391
3390
3389
3383
3382
3381
3379
3377
3376
3375
3372
3368
3366
3365
3361
3360
3359
3357
3356
3353
3351
3348
3347
3346
3340
3339
3338
3337
3333
3332
3330
3329
3326
3325
3323
3322
3318
3317
3316
3315
3312
3309
3307
3306
3305
3300
3299
3298
3297
3296
3293
3285
3283
3282
3280
3275
3274
3273
3272
3271
3267
3266
3265
3264
3262
3261
3257
3256
3255
3254
3253
3249
3248
3242
3241
3240
3239
3238
3236
3234
3232
3230
3227
3226
3224
3223
3220
3218
3215
3213
3210
3209
3206
3204
3200
3196
3194
3192
3188
3186
3181
3177
3176
3175
3172
3171
3163
3161
3160
3157
3153
3152
3151
3150
3147
3144
3139
3137
3135
3132
3130
3129
3124
3123
3122
3121
3120
3118
3111
3104
3103
3102
3099
3098
3095
3091
3089
3088
3086
3085
3083
3082
3081
3077
3071
3070
3069
3068
3064
3062
3059
3055
3054
3053
3048
3045
3044
3042
3035
3033
3032
3030
3029
3028
3027
3026
3023
3021
3018
3017
3015
3014
3013
3008
3007
3004
3002
3001
3000
2993
2991
2985
2983
2978
2971
2970
2969
2963
2960
2957
2954
2953
2949
2948
2945
2944
2943
2936
2934
2933
2931
2927
2925
2923
2921
2919
2918
2917
2909
2908
2907
2906
2903
2902
2896
2892
2890
2889
2888
2887
2884
2882
2881
2878
2877
2874
2873
2871
2870
2868
2865
2864
2863
2861
2853
2852
2850
2849
2848
2846
2844
2839
2835
2834
2832
2831
2830
2829
2828
2827
2825
2818
2815
2810
2809
2802
2801
2799
2795
2794
2793
2791
2790
2788
2787
2784
2780
2779
2777
2774
2773
2772
2771
2770
2766
2763
2759
2758
2756
2755
2753
2749
2738
2737
2736
2735
2733
2732
2730
2728
2727
2721
2718
2716
2713
2710
2709
2708
2707
2706
2705
2703
2702
2701
2700
2698
2697
2696
2695
2694
2691
2690
2688
2687
2686
2684
2683
2680
2676
2675
2673
2672
2671
2670
2669
2668
2666
2664
2663
985
1168
3386
3258
3079
3020
3019
2976
2964
2760
2734
2725
1443
2649
2598
2597
2592
2547
2530
2512
2509
2508
2496
2458
2398
2351
2347
2338
2327
2302
2292
2285
2283
2250
2196
2194
2187
2135
2128
2117
2053
2047
2007
1945
1941
1912
1814
528
682
628
599
662
579
1233
663
653
625
621
612
665
632
681
670
627
615
600
595
582
675
650
643
640
583
680
630
685
684
677
664
644
636
626
622
619
618
598
589
588
647
610
357
437
467
429
522
466
502
562
381
474
539
501
459
448
372
401
486
383
498
491
518
457
564
489
481
382
361
534
3173
2885
226
20
77
87
81
135
152
218
4
216
167
192
59
91
8
161
476
399
101
254
306
78
296
341
250
125
106
103
333
22
5
157
321
68
46
93
347
309
159
260
251
235
269
229
176
64
39
238
149
28
14
2
337
326
44
212
263
217
182
6
177
84
258
299
3
325
324
252
196
79
62
314
261
7
346
242
204
303
298
297
223
222
26
27
1
146
302
53
301
221
132
317
141
117
42
188
178
247
211
291
290
285
272
257
236
186
185
105
88
76
51
249
180
92
80
99
342
284
248
239
232
184
121
109
108
98
55
31
13
227
214
174
89
41
312
144
140
116
172
142
277
148
128
113
69
3887
666
504
590
535
445
440
508
421
669
620
523
512
422
515
493
487
558
555
365
3278
3263
3165
3097
2826
569
549
516
477
455
449
433
425
415
405
1276
1301
1140
1627
979
1558
1043
1154
935
3205
2813
1384
2744
998
2629
2617
2616
2582
2555
2543
2511
2510
2475
2461
2451
2368
2343
2336
2333
2328
2325
2319
2294
2289
2282
2268
2267
2239
2224
2223
2203
2198
2180
2176
2174
2169
2155
2153
2151
2144
2133
2132
2127
2125
2102
2087
2072
2068
2042
2038
2028
2003
1955
1947
1920
136
1476
1762
1840
976
1045
1477
1731
1599
3101
2979
2883
2764
2693
1666
1093
1411
1400
1097
3289
3245
3011
3331
3168
3162
2752
2724
1089
1592
1710
1414
1865
1137
1508
1694
1595
1771
1836
1905
1822
1362
1805
1071
937
1749
919
1524
1139
974
1500
1392
975
1364
1784
1733
1629
1568
1493
958
938
1039
1887
1841
1423
961
1594
1049
1461
1088
1196
3290
2677
1642
1077
1241
1518
1038
1631
915
1562
1177
1723
1306
1759
1090
1843
1774
912
1808
1602
1846
1801
1608
1605
1600
1539
1577
1116
1008
1037
1869
1531
1412
1110
1234
1094
1343
1903
1152
1572
1054
1607
1564
1544
1434
1260
965
914
1481
1275
1159
1042
1194
1252
1111
1290
1149
1442
1267
1884
1350
902
1401
1499
1403
1857
1129
1035
1141
1134
1672
1213
1796
1795
1659
1632
1339
1644
1618
1112
1075
1105
1864
1532
1651
1519
1419
1265
1473
1021
1009
1787
1452
1424
1118
3328
3222
3164
3057
3005
2941
1684
1231
1067
1044
1277
1100
1308
1810
1457
1006
1668
1380
1346
1874
1721
1471
1209
1198
1748
1304
1249
1649
1347
1215
1158
933
1821
1737
1491
1416
1335
1185
906
1739
1667
1743
1898
1863
1789
1527
1456
1336
1132
1068
1040
959
926
1830
1783
1661
1479
1303
1102
941
1868
1551
1470
1330
1201
1163
1078
1056
997
1603
1516
1250
1540
1106
1878
1756
1041
1244
1167
1504
1418
1829
1497
1356
1212
931
1775
1663
1580
1440
1107
1505
1851
1831
1724
1613
1590
1377
947
1745
1000
1458
1399
1199
1130
1845
1826
1757
1734
1714
1689
1622
1612
1557
1467
1407
1404
1375
1352
1323
1243
1222
1164
1126
1048
980
934
1584
1484
1447
1900
1839
1827
1800
1768
1752
1750
1717
1707
1623
1619
1617
1614
1610
1598
1547
1522
1509
1376
1287
1271
1184
1172
1156
1063
993
946
925
1910
1881
1709
1646
1453
1247
1368
955
1465
950
1047
1892
1880
1837
1798
1601
1378
1363
1333
1232
1186
903
1751
1316
1020
917
1799
1782
1769
1765
1639
1513
1480
1420
1312
1205
1123
1083
1058
991
967
1873
1872
1871
1859
1824
1790
1716
1715
1596
1578
1459
1381
1257
1235
1229
1190
1170
1036
1018
1014
1007
981
957
1011
905
683
1876
1674
1514
1314
968
963
1435
1128
676
496
436
430
1870
462
409
1677
1506
1422
1397
1374
1349
1320
1238
1223
1173
536
503
404
366
1899
1893
1812
1786
1778
1767
1766
1742
1740
1732
1692
1682
1645
1638
1565
1515
1475
1464
1454
1427
1425
1406
1382
1332
1324
1284
1282
1261
1210
1192
1142
1108
1104
1066
1032
1012
942
930
671
639
544
520
494
463
438
412
679
678
673
672
661
660
659
658
655
654
645
641
633
631
623
617
616
609
608
607
605
601
597
596
592
586
584
578
577
576
575
574
573
559
434
431
391
1630
1545
1472
1415
1385
551
509
505
424
1357
1179
1095
652
646
637
634
614
604
587
580
570
526
514
506
497
473
458
452
432
420
419
397
396
367
359
572
571
568
565
560
557
556
554
552
548
547
546
545
543
541
540
533
532
531
530
529
521
519
517
511
510
507
500
495
490
488
485
482
480
479
478
475
470
469
464
454
450
447
446
444
443
442
441
439
435
426
418
413
410
408
407
406
403
402
400
398
394
393
390
388
386
