0
746
3994
110
282
1560
112
4001
4016
802
1065
18
1466
585
3071
2168
2422
1581
3732
4028
3354
454
160
674
550
911
60
602
3429
1119
2167
4006
179
89
206
1996
4008
3875
775
2903
1263
219
2094
621
124
859
870
776
883
3246
1353
846
3536
3754
3806
3905
3798
3621
3733
3666
3908
4033
3996
4012
4034
4024
1834
335
472
3801
1002
3398
2380
3565
15
443
2691
3965
3616
3749
2842
233
3632
61
1403
2975
3691
1455
468
607
3698
195
1430
3418
1651
2079
1233
34
2182
3807
3453
530
1346
2269
3121
1759
292
3451
660
2721
3031
1034
3704
648
286
191
1690
572
1202
1967
2541
3249
3161
2922
37
3290
279
1762
3055
1046
2722
3597
311
100
3217
3744
3864
2788
71
1974
3269
228
3955
74
671
358
301
656
3935
153
3746
316
102
2382
3712
1252
3910
3230
3856
3922
955
401
70
2517
3045
3183
2437
3928
306
3333
1027
2505
3134
3808
3925
163
2798
2457
154
234
2699
3383
1111
307
2774
3147
3127
3074
1071
1200
3091
2808
78
256
3923
2792
453
3637
3477
1105
3880
3727
3682
3606
785
873
874
879
2565
260
147
327
6
319
145
90
2535
2487
2281
2481
2245
1956
2301
3251
3105
2799
3271
3218
3216
3200
3122
3053
2861
3141
2017
2421
806
689
895
725
839
712
841
702
714
804
863
866
872
893
788
869
699
732
789
707
876
861
855
740
735
822
767
890
709
894
889
888
887
886
885
884
875
867
865
864
811
832
755
831
690
741
818
736
799
880
856
797
765
730
737
763
851
833
825
816
803
798
791
786
782
768
759
757
756
744
742
729
723
717
716
706
704
691
838
848
739
821
820
777
769
753
748
792
796
733
849
809
761
708
819
815
812
843
835
807
779
758
762
695
844
840
837
774
772
752
715
698
696
688
687
793
783
764
703
826
760
734
711
700
830
770
720
853
847
836
731
728
719
800
771
727
724
845
828
817
795
794
790
751
747
738
722
718
705
694
686
834
780
754
778
726
697
850
842
829
827
824
823
814
813
810
805
787
784
781
773
766
745
701
693
713
3990
4025
4007
4029
174
201
8
193
259
91
264
245
4032
667
3995
3985
3989
4020
4027
4011
4004
594
4017
4026
3999
4014
4013
4003
3986
4038
4037
4031
4015
4010
4005
4000
3992
3987
3983
3982
3998
4023
4030
3980
4021
4018
4009
3997
3981
4019
4002
3991
3988
4036
3993
4022
3984
4035
881
858
743
882
878
891
877
871
868
710
808
852
801
750
721
3592
3626
857
860
692
892
854
749
263
296
97
68
86
46
175
32
220
237
3181
2884
2106
2015
2119
1924
2622
2158
20
227
333
230
99
177
278
275
243
337
214
115
93
343
162
2
194
290
51
221
303
24
126
88
2442
2527
2014
347
2130
2634
2456
2100
2439
2424
2217
2265
2207
2082
1949
2917
2736
2696
2682
2918
3343
2962
2930
2821
2855
3037
3436
3227
2963
2807
2766
2900
3329
2739
3308
3334
2868
3367
3376
3425
3373
3382
2907
3210
3303
3281
2673
2746
3123
2874
3328
2013
3069
2803
3175
3144
3167
3358
3156
2865
2968
2025
2019
2156
2515
2314
2021
2570
1937
1915
2358
2238
2091
2231
1992
2580
2402
2621
2488
2534
2455
2260
2035
2373
2255
2357
1934
2440
2360
2341
2160
2129
2034
1933
1986
2306
1963
2287
2450
2562
2654
2261
2316
2114
2627
2016
1950
2639
2012
2462
2353
2022
1936
1922
2513
2401
2076
2077
2553
2521
2507
2504
2307
2303
1942
2546
2391
2352
2190
2123
2093
2084
2453
2499
2489
2523
2335
2152
2105
2089
2070
2485
2046
2005
2583
2050
1998
2636
2660
2620
2297
2011
2648
2585
2346
2061
2006
3058
2772
2825
3421
3346
2692
3016
2812
2801
2667
2856
2714
3165
3151
583
576
599
662
658
650
459
184
96
85
87
262
111
44
19
17
139
181
254
326
137
149
23
320
225
143
7
77
299
101
328
218
4
251
310
140
41
116
187
180
268
288
246
168
300
247
204
317
132
84
250
30
242
22
248
196
75
295
258
197
178
98
265
338
331
65
185
25
345
3
257
38
334
236
45
212
165
186
249
213
94
280
133
92
73
176
297
274
232
169
127
123
31
1693
2225
2202
2097
1957
1914
2104
2067
2607
2484
2477
2460
2290
2044
2037
2020
1946
2631
2615
2576
2574
2561
2532
2427
2407
2393
2370
2339
2326
2234
2213
2147
2118
1929
2320
2443
2356
2299
2201
2122
2083
2078
2058
2486
2452
1989
2568
2387
2060
2494
2459
2378
2284
2018
339
2286
2618
2540
2342
2288
2162
1977
1975
2538
2171
1928
2085
2644
2614
2558
2548
2528
2388
2375
2371
2251
2230
2107
1930
2448
2291
2166
2579
2469
2253
2131
2612
2310
2659
2658
1968
1931
2602
2205
2604
2590
2386
2200
2179
2136
2055
1966
1943
2296
2400
2581
2493
2362
2270
2611
2559
2556
2550
2428
2408
2348
2323
2300
2276
2275
2271
2257
2121
2103
2065
2064
2030
2192
2000
1976
2625
2606
2600
2578
2552
2549
2526
2506
2500
2446
2404
2374
2354
2340
2244
2154
2139
2074
2073
1962
1917
2646
2566
2416
2397
2322
2277
2193
2173
2080
2036
1978
3028
3012
3018
3009
2983
2935
2693
3432
3306
3215
2811
3100
2845
3062
2938
3401
2898
2940
3254
3268
2942
3235
2974
3243
2783
3066
2886
3050
2733
2734
2970
2847
2819
2895
2751
3331
2761
3237
3065
3340
2958
3190
3061
2797
2701
2771
2820
2977
3231
3412
3001
3197
3234
3092
3088
2832
3359
3094
3236
3087
2871
2843
3186
3315
3294
3052
3356
3124
2747
3086
2947
2737
2662
3153
3048
2851
3267
3212
3083
3272
2981
2888
3313
2802
3242
3357
3392
3364
3042
3109
2685
3323
3261
3260
2878
3059
3080
2837
3133
3107
3195
3224
2830
2804
2697
2870
3423
3325
3270
2695
3279
2836
3322
3310
3126
2996
3063
3085
2945
2705
2880
3220
3180
3139
3399
2850
3389
3159
2995
2934
2787
3309
3155
2858
3400
2794
2679
3112
3311
3008
2729
3257
3135
3073
2966
3010
2790
3360
3283
3416
3377
3146
3435
3390
3022
2920
2915
2706
2671
3388
3430
3414
2891
2754
3000
2867
2862
2786
3113
2853
2904
3169
3150
2849
3300
2944
2663
3349
3115
3301
3025
2866
2817
3158
2987
2683
2959
3221
3324
2961
2816
3026
2956
2681
3084
3056
2928
2916
2913
3108
3078
3047
2994
2943
2810
2698
3352
3199
3194
3102
3041
3035
3021
3017
2989
2875
2778
2770
2712
3433
3362
3293
3168
3119
3014
2969
2953
2931
2929
2911
2743
2741
2731
2726
2690
3370
3366
3285
3273
3203
3162
3002
2957
2829
2779
2728
2711
3265
3422
3353
3345
3206
2991
2936
2840
3402
3255
3187
3032
3264
2844
2723
3420
3410
3371
3130
3095
2978
2769
3015
2700
3318
3314
2972
2670
3426
3363
3202
3023
3004
2948
2927
2839
2763
2676
3209
3046
3189
2950
2775
3228
3174
3129
3033
3029
2960
2905
3411
3337
3219
2932
2781
2702
3380
3232
3149
3098
3064
2909
2872
2750
2689
2669
3406
3274
3348
3304
3250
3142
3104
3096
3054
3040
2988
2986
2912
2910
2906
2890
2835
2815
2777
2757
2745
2717
3355
3351
3350
3330
3321
3291
3252
3247
3201
3152
3060
2973
2901
2894
2876
2863
2785
2765
2233
1921
2242
1944
2364
1995
1972
2185
2476
2309
2365
2159
1987
2554
2350
2150
2524
2531
3068
2955
3344
3140
3082
3038
2748
2720
3396
3332
3262
2937
2708
2672
3368
2768
3434
3298
3172
3160
2923
2688
3375
3365
3326
3198
2831
3295
2780
2727
3431
3312
3379
3369
3341
3327
3259
3256
3253
3111
3103
3076
3027
2914
2791
3385
3101
3043
2882
2752
1788
1372
3011
2638
2630
2623
2601
2593
2575
2572
2482
2395
2392
2363
2355
2334
2278
2229
2142
2124
2115
2112
2095
2069
1997
1984
1938
1918
2560
2208
2490
2551
2312
2274
2221
1952
2324
2214
2599
2117
2062
2429
2240
2657
2656
2655
2651
2650
2647
2645
2641
2640
2633
2632
2628
2626
2624
2619
2613
2605
2591
2587
2586
2584
2577
2573
2564
2563
2545
2542
2539
2536
2503
2497
2495
2492
2478
2470
2467
2464
2454
2447
2444
2435
2433
2431
2430
2423
2418
2414
2412
2411
2409
2405
2403
2383
2381
2376
2369
2366
2361
2359
2349
2337
2331
2329
2317
2311
2308
2263
2262
2258
2248
2237
2236
2228
2227
2220
2219
2218
2216
2212
2211
2206
2197
2188
2186
2184
2181
2172
2170
2165
2164
2157
2146
2145
2140
2137
2126
2120
2116
2109
2108
2098
2092
2090
2088
2086
2063
2059
2056
2051
2049
2045
2043
2041
2040
2033
2027
2024
2023
2009
2008
2004
2001
1999
1993
1991
1990
1988
1985
1983
1982
1980
1979
1971
1961
1960
1958
1953
1951
1935
1927
1919
985
3185
3342
3299
3214
3177
3117
2951
2841
2730
3211
2979
3005
2822
3233
1510
680
633
672
598
498
406
429
653
575
665
628
600
581
657
625
619
616
588
685
626
675
632
573
681
670
643
627
684
623
622
603
612
611
605
574
659
647
640
635
582
577
551
562
590
385
528
476
364
666
470
382
346
344
340
336
330
323
322
312
309
305
302
298
283
281
273
266
255
241
231
226
222
210
208
172
167
161
157
156
152
151
144
138
135
131
129
125
117
114
108
106
80
66
64
62
52
48
47
42
36
29
28
14
5
284
325
223
63
315
304
271
211
164
324
308
291
159
130
120
57
40
13
10
81
314
224
118
82
16
252
239
200
199
158
121
67
26
9
69
342
341
332
272
238
207
203
188
170
142
141
134
128
122
104
103
72
59
55
53
1
148
109
21
1240
549
485
3179
2175
2141
2031
2029
2413
2389
1973
2635
2609
2519
2379
2304
2637
2520
2449
2410
2344
2266
2426
2226
2174
1955
2048
2249
2057
2259
2571
2345
2101
2039
2479
2336
2222
2191
2110
2003
1925
1994
2544
2529
2432
2390
2235
1970
1959
2415
2396
2252
2652
2537
2501
2438
2243
2177
2161
2138
2075
2002
1981
1926
2617
2295
2280
2273
136
2610
2603
2557
2522
2480
2425
2419
2318
2272
2155
2038
1965
1964
2525
2514
2474
2445
2417
2406
2367
2313
2289
2256
2250
2241
2210
2209
2066
1916
2649
2588
2385
2368
2327
2325
2305
2254
2196
2127
2594
2461
2399
2292
2132
2099
1954
1947
1939
2597
2518
2516
2473
2434
2351
2347
2319
2264
2232
2203
2169
2134
2096
2010
1923
2653
2338
2246
2144
2087
1941
2472
2468
2463
2343
2279
2267
2199
2194
2183
2151
2135
2128
2111
2047
2028
1354
3287
3118
3072
3034
2984
2921
2859
2716
3057
2999
2760
3419
3289
3280
3277
3239
2939
2833
2753
2674
3182
3145
3019
2964
3428
3427
3424
3417
3415
3409
3407
3405
3404
3403
3397
3395
3394
3391
3387
3384
3381
3378
3374
3347
3339
3338
3336
3335
3320
3319
3317
3316
3307
3302
3297
3296
3292
3288
3286
3284
3282
3276
3275
3266
3258
3248
3244
3241
3240
3238
3229
3226
3225
3223
3213
3208
3207
3205
3204
3196
3193
3192
3191
3188
3184
3176
3173
3170
3166
3163
3157
3154
3148
3143
3138
3137
3132
3128
3120
3116
3114
3110
3106
3099
3093
3090
3089
3081
3077
3075
3070
3067
3051
3049
3044
3039
3036
3030
3024
3013
3007
3006
2998
2993
2992
2990
2985
2982
2980
2967
2965
2954
2949
2946
2933
2926
2925
2924
2919
2908
2902
2899
2897
2896
2893
2892
2889
2887
2881
2879
2877
2873
2864
2857
2854
2852
2848
2846
2834
2828
2827
2824
2823
2809
2806
2800
2796
2795
2793
2789
2784
2782
2776
2773
2767
2762
2759
2758
2756
2755
2749
2744
2742
2740
2738
2735
2724
2719
2718
2715
2713
2710
2709
2704
2703
2694
2687
2686
2684
2680
2678
2675
2668
2666
2665
2664
2661
1905
1492
2582
2567
2547
2533
2511
2509
2502
2475
2465
2458
2451
2436
2420
2377
2315
2298
2293
2285
2283
2268
2223
2215
2198
2189
2163
2153
2143
2125
2072
2071
2054
2042
2026
1948
1940
1913
677
663
3361
2941
1103
3386
3164
3079
3020
2976
2764
2725
435
381
2677
3393
3178
3171
3136
2883
2818
1713
1043
1784
1498
1384
1061
1664
1667
609
452
939
1478
1650
3245
1865
1481
1057
2643
2629
2608
2592
2543
2530
2508
2496
2398
2384
2372
2332
2302
2247
2239
2187
2180
2149
2148
2081
2068
2053
2007
1945
1912
1069
994
1634
1013
1220
1501
1342
1296
1301
1087
1138
1527
3278
3097
2826
990
1518
1405
1418
1648
1186
1097
1424
1575
679
375
540
1190
1671
1853
1778
1030
1884
957
1785
682
678
644
629
440
655
593
592
584
490
645
587
586
394
914
426
365
442
372
536
495
512
565
458
502
473
433
683
591
486
417
546
543
539
529
522
466
487
409
494
482
350
446
367
511
384
547
437
351
489
481
570
514
445
516
505
469
424
416
676
673
664
661
654
646
642
636
634
630
618
617
615
610
608
604
597
595
589
579
578
480
474
455
369
418
507
415
413
387
374
564
541
531
510
457
557
519
403
359
620
614
560
545
461
451
425
373
501
506
423
370
523
444
438
518
515
412
404
378
460
360
555
500
355
354
542
479
456
368
441
427
202
58
1387
1077
1058
329
318
313
285
277
269
261
217
146
113
105
56
54
50
39
27
3742
1802
938
1203
1803
1494
1328
563
1726
1395
1739
1417
1303
1548
992
1817
1552
1429
1009
1895
1787
1747
1719
928
982
976
1674
969
1502
1134
998
2642
2616
2598
2589
2555
2512
2510
2498
2491
2471
2394
2333
2330
2328
2294
2282
2224
2176
2133
2102
2052
2032
1932
1920
1414
1503
1143
971
933
1640
974
1033
649
1311
1121
949
1855
1504
1139
1089
3263
3222
2869
2707
1684
1266
905
1764
1035
1738
1569
1592
1332
1129
989
1836
1577
1700
1302
1196
1874
1523
1053
1401
1731
1875
1281
1157
1822
1193
1158
596
1896
1889
1218
1450
1154
1769
1398
1241
1226
1037
944
1743
935
1411
1642
1174
1469
1385
1601
1297
1670
1840
1818
1654
1083
1892
963
1489
1215
1091
1245
1020
1695
1565
1505
1062
909
1564
389
1882
1881
1878
1625
915
363
1859
1578
1423
1257
1866
1251
1088
2971
2813
1758
1676
1144
950
1545
1179
1809
1556
1336
1239
1413
1292
1497
906
1485
1733
1629
958
901
1197
1003
1567
1325
970
1699
1540
1180
1047
1001
1541
1415
1532
1278
1425
1094
1542
1745
1549
1246
1167
1042
1150
1045
1734
1435
1025
1568
1216
1137
1483
1774
1495
1767
1766
1740
1679
1223
1122
1012
606
1633
1299
1136
1756
1624
1876
1010
1000
943
428
1335
1547
1271
1812
1728
1691
1635
1454
1350
1221
1082
1015
1869
1500
1051
1830
1704
1711
1814
1210
1287
1272
1751
1507
1052
940
986
1064
1798
1723
1412
1308
1170
1873
1857
1647
1347
1148
1014
975
941
1626
1029
964
1829
1356
931
1563
1291
1289
1198
1571
1006
1741
1535
1867
1799
1614
1467
1447
1437
1525
1472
1366
1127
1851
1761
1255
973
923
1902
1900
1580
1389
1238
1219
1839
1280
966
1904
1529
1482
1131
1072
651
1783
1159
1070
1188
1090
1534
899
1863
1619
1488
1458
1123
1682
924
1357
1155
641
1771
1737
1897
1724
1659
1526
1321
1824
1396
1770
1749
1189
937
1893
1591
1582
984
954
917
1432
1605
1843
1736
1491
1191
1181
1117
1028
1024
1833
1735
1717
1509
1184
1149
1842
1685
1465
1636
1515
1479
1345
1322
1115
1032
1007
1754
1048
1779
1513
1441
1434
1600
1250
1059
1544
1819
1623
1528
1393
1340
1209
1879
1832
1665
1402
1380
1370
1163
1107
1063
1039
959
916
1862
1715
1462
1404
1381
1284
1883
1721
1663
1590
1290
1156
1075
1828
1315
1298
1231
1229
1204
1021
896
1871
1573
1382
1282
1166
1099
1748
1260
1249
1109
1041
977
1073
1789
1757
1644
1620
1375
1339
1101
1827
1554
1361
1017
1712
1480
1456
1331
1160
1153
1125
1124
995
960
1312
922
1177
1872
1596
1587
1379
1235
1060
1044
988
902
1891
1845
1813
1793
1782
1765
1730
1714
1707
1689
1683
1662
1622
1613
1460
1449
1351
1323
1222
1195
1175
1164
1116
1086
967
932
925
921
1868
1359
1256
983
1225
1910
1844
