107
853
4021
303
3757
4038
3372
3814
91
3147
35
501
3143
3898
3923
1651
491
443
3871
215
3515
3942
3749
3961
3863
3451
3981
3305
71
2975
691
854
2670
250
885
3997
581
749
1297
437
3704
1147
3595
3216
218
295
2527
1202
3544
2486
4033
2470
90
4011
286
195
3354
2723
4015
867
1664
3429
114
262
4034
2422
3271
3531
1890
3676
336
377
3777
1486
1013
1961
201
2182
3031
3616
1200
1977
2456
564
3074
61
1889
1023
282
1627
3375
1403
1808
1521
2671
3988
918
613
108
1353
668
233
1027
209
2714
246
2360
1838
2805
47
1395
3502
384
1354
679
593
279
607
17
577
2357
894
1731
301
2255
1579
2954
4024
1510
112
1301
74
3904
721
319
2106
3003
707
998
102
426
1654
3376
893
3685
3290
1105
2441
2450
228
864
294
264
1586
1016
2219
2382
241
424
3887
3908
3504
2817
928
3536
4022
131
2893
151
657
2922
3155
251
1607
1244
1043
1788
3699
2487
1387
3665
1002
1091
1801
2861
3218
275
3808
1071
2595
1566
3171
2168
3105
2776
3970
406
4000
4009
4019
1406
1430
18
2998
488
585
3318
349
2959
692
892
789
2791
4008
1394
3588
335
3398
347
3662
3807
1834
3585
216
3551
3925
3843
3958
3541
3724
2968
3874
3709
3853
490
2725
3653
3789
744
3613
3481
146
3946
3494
2693
2885
3600
3927
852
311
3509
3792
3895
3520
3562
231
1033
3602
3732
3937
3977
3715
3803
3603
3496
24
3522
1145
3799
243
3442
790
330
3644
2156
447
3661
3438
3817
283
3573
3448
2837
3963
1670
826
3876
2798
3844
3812
3798
3781
3763
3751
3746
321
3691
3655
877
1171
3566
3467
3658
862
3477
3742
3888
3285
155
3839
2041
441
1328
454
3334
2774
1856
868
890
51
3973
3978
193
3811
2900
3682
4012
1252
3606
3181
3939
782
737
3878
4023
1696
1069
804
1638
1263
811
3999
656
4016
1693
1326
4032
4001
848
786
1443
4020
1506
882
3984
2886
1058
50
1908
153
1477
3511
540
1922
3893
3890
316
207
2431
305
3865
477
34
2808
1956
2788
3936
498
1949
340
93
3859
3
1364
799
52
2503
1869
3063
2545
1854
3235
1560
722
3717
1206
499
3268
392
674
2227
775
240
3067
616
1461
3882
3957
751
1157
3582
1900
791
192
2983
3112
182
3583
3037
1930
3733
1262
3124
608
382
570
3134
2158
979
2375
1701
2764
2876
2868
2584
2814
76
225
1442
647
3816
120
263
3432
2548
247
1254
3565
3552
2070
640
2388
3015
1434
1711
3820
3266
2270
543
1745
2373
937
2801
1749
2249
466
2065
2358
2707
2185
1642
648
3094
1143
700
736
1065
3647
2903
2119
124
2691
740
459
42
448
1193
858
550
2838
183
1463
2205
750
2704
191
3447
911
1386
358
49
2878
1581
117
1708
716
12
3959
256
776
3729
2175
3230
2452
602
533
3885
589
652
1992
2882
1905
1073
1249
2682
876
2760
733
1933
15
3183
1759
2740
3389
2834
208
2238
212
3045
586
1498
3329
4010
3373
2524
145
1168
2735
3130
3745
536
3388
3308
3205
3664
1760
735
1015
3401
865
951
427
210
530
2260
1224
2632
317
244
3922
372
1779
1585
480
1270
583
643
628
1562
3579
621
137
3505
2281
3530
3128
729
4003
857
1061
3626
3954
3849
3452
1151
3641
3679
3889
2160
2130
832
3678
3597
3592
3847
3663
3761
3554
3631
58
2999
3310
3594
3720
502
3161
3905
3549
3159
3405
818
725
732
689
712
3986
1478
2094
1896
1090
457
516
469
486
245
259
884
2113
2217
2439
2926
3338
816
768
2421
2204
174
2836
2466
2170
310
214
28
41
226
682
1089
3911
3864
3700
3028
3368
2316
339
148
127
284
3985
3993
4004
3091
1053
1499
1177
991
956
1138
1030
1368
955
909
230
23
83
31
3127
3439
3932
3716
3513
3638
8
2535
171
3489
3652
312
887
874
872
3053
3141
3122
3200
306
4
181
4013
3989
2622
1268
2483
2443
258
78
152
2799
3725
3445
3739
3628
3819
3473
3912
467
462
642
3998
4006
4017
3982
4027
4026
3992
4030
3980
4018
3996
3994
873
2972
2982
2703
2879
3309
3325
3382
2699
3314
3008
2889
2767
3423
788
806
796
822
767
833
714
702
307
4007
3546
3490
3580
3446
3829
3956
3857
3892
453
3918
3854
3919
3516
3581
3695
3561
3649
3690
3896
3482
3850
3472
3523
3825
3622
3903
3768
3555
3784
3907
3964
3901
3587
3508
3564
3866
3527
3614
3940
3738
3645
3917
3567
3657
3538
3469
3931
3782
3623
3584
3568
3766
3969
3758
3646
3718
3569
3468
3947
3855
3810
3833
3728
3933
3735
3694
3840
3764
3671
3535
3972
3464
3460
3713
3636
3590
3615
3608
3897
3686
3773
3666
3557
3794
3822
3612
3572
3558
3486
3906
3529
3706
3705
3506
3779
3542
3934
3832
3914
3785
3462
3656
3929
3517
3512
3797
3788
3466
3941
3659
3492
3479
3621
3741
3475
3743
3669
3793
3601
3524
3809
3610
3443
3873
3951
3924
3881
3826
3593
3639
3696
3478
3643
3921
3740
3722
3710
3498
3747
3867
3827
3753
3698
3821
3668
3948
3760
3634
3862
3815
3802
3769
3599
3944
3966
3702
3596
3670
3605
3841
3858
3943
3497
3851
3521
3491
3790
3900
3870
3869
3714
3617
3463
3667
3845
3503
3736
3707
3576
3574
3528
3838
3730
3604
3611
3780
3484
3962
3550
3525
3495
3693
3684
3577
3800
3721
3586
3979
3547
3945
3930
3915
3913
3902
3877
3872
3868
3856
3848
3835
3823
3786
3783
3772
3752
3748
3734
3711
3673
3650
3648
3629
3618
3607
3553
3548
3526
3519
3510
3507
3501
3500
3474
3461
3455
3756
3737
3635
3625
3559
3488
3860
3697
3926
3842
3831
3824
3680
3518
3514
3852
3804
3456
3731
3687
3642
3627
3578
3971
3968
3692
3633
3950
3437
3938
3891
3884
3830
3828
3672
3654
3640
3480
3450
3449
3683
3609
3563
3750
3651
3545
3444
3886
3674
3861
3540
3454
3953
3677
3916
3153
393
476
364
198
351
110
237
3894
3949
3806
3441
2930
2732
3131
3251
3180
2902
4014
3995
4031
4037
4025
4002
3991
3987
4035
4028
3990
3796
3630
3791
3719
3571
3909
3620
3543
3681
3539
3485
3762
3767
3759
3487
3624
3960
3708
3910
3726
3765
3556
3532
3493
3976
3533
3471
3755
3920
3775
3712
3459
3883
3837
3675
3776
3836
3701
1085
3770
3499
3967
3952
3754
3637
3591
3476
3470
3465
3440
3534
3458
3598
3818
3632
3727
3975
3560
3795
3774
3880
3703
3974
3928
3899
3689
3483
3778
3834
3813
3935
3879
3589
3457
3537
3771
3723
1317
3787
3744
3875
3801
3660
3955
3805
3575
3846
293
249
144
19
2
14
132
101
184
187
162
337
333
140
266
242
92
39
309
254
197
75
313
346
326
115
149
116
44
133
38
22
80
196
1
165
159
257
106
135
94
36
118
96
236
169
5
59
298
222
331
323
338
87
324
103
10
314
170
84
57
194
48
68
315
248
345
213
142
343
111
26
332
189
7
204
180
280
99
232
188
121
105
104
211
252
238
88
69
320
79
62
98
109
55
134
329
224
141
77
72
29
122
82
268
199
123
119
16
308
65
277
200
9
342
341
334
327
322
318
304
302
299
296
291
288
285
276
265
176
172
168
158
130
128
125
85
53
21
13
271
25
272
239
223
186
161
156
66
40
325
261
203
113
0
344
297
274
67
56
185
167
289
20
129
206
269
126
281
100
45
178
290
287
202
60
46
30
904
64
27
150
73
139
234
328
221
273
205
163
70
37
11
227
32
220
54
270
260
253
300
6
292
177
86
267
229
278
63
175
89
164
219
179
147
143
138
95
235
157
81
190
160
255
217
43
399
173
33
594
4005
3983
709
687
763
723
839
844
817
880
793
797
809
703
778
871
861
847
688
803
690
821
827
758
755
734
792
835
713
710
747
863
728
830
783
772
697
794
746
699
731
787
730
819
843
838
760
753
718
708
765
741
701
752
726
698
845
834
837
820
724
814
719
824
815
694
774
889
856
829
842
813
781
748
738
764
761
715
780
823
807
777
745
696
828
810
800
770
754
720
886
849
784
795
705
695
805
850
840
802
779
773
771
766
739
727
711
706
686
878
875
825
742
851
831
762
836
769
759
798
693
756
841
808
717
891
855
785
866
846
888
812
743
869
704
757
860
859
895
801
879
870
883
881
3619
3965
3688
2008
2152
2656
2082
1915
2301
2051
2166
2277
2587
2412
3428
2614
2263
2076
2349
2173
2335
2035
2448
2181
2126
2401
2342
2231
2023
2107
2146
2474
2129
2411
2405
2105
2178
2013
1950
2494
1840
3175
2854
3139
2726
2979
2558
2034
2650
2444
2426
2454
2228
2089
2534
2488
2403
2014
3262
3409
3270
2019
2618
2236
2514
2397
2628
2402
2317
2197
2371
2455
2091
2167
2570
2286
1936
2248
2497
2120
2234
2321
1968
2583
2006
1991
1928
2627
1958
2626
2658
2297
2159
1972
2346
1914
985
633
3013
3194
3023
3192
3057
3283
3032
3170
3341
3093
2727
2804
2690
3393
2963
2673
3213
3317
3300
3208
3357
2908
3392
3358
3024
2818
3276
3340
1965
2576
2017
2523
2036
1988
2016
2467
2495
2449
2387
1960
2473
2265
1975
2147
1953
2030
2446
2083
2561
2625
2606
2500
2620
2647
2061
2202
2018
2225
1931
2284
2645
2001
2585
2097
1998
2687
2709
2855
2708
2859
2701
3343
2923
2733
3083
3173
2540
2362
2559
2078
2506
2122
2591
2021
1986
2563
2504
2655
2532
2363
2074
2020
2549
2108
2392
2326
1983
2484
2287
2216
2536
2418
2383
2271
2140
2103
2307
2206
2154
2188
2374
2353
2123
2118
2381
2311
2213
2190
2045
1918
2131
2115
2615
2164
2040
2611
2499
2430
2339
2306
2229
2601
2578
2564
2489
2407
2037
1925
2359
2352
2073
2060
2553
2086
2542
2404
2212
2184
1929
2602
2309
2590
2579
2554
2539
2433
2354
2299
2278
2112
2064
2059
1984
1946
2423
2033
1979
2646
2573
2482
2323
2095
1963
2624
2607
2526
2521
2369
2210
2179
2139
2136
2124
2084
1943
2965
2895
2768
2980
2802
2331
2612
2312
2379
2186
2256
2429
2575
2058
2303
2067
1962
2350
2300
2440
2406
1974
2638
2631
2630
2613
2577
2562
2556
2550
2538
2481
2469
2435
2427
2424
2386
2361
2356
2334
2329
2308
2298
2275
2262
2253
2242
2230
2207
2162
2150
2079
2055
2049
2048
2025
2024
1990
1924
1969
1952
2141
2604
2092
1942
2425
2341
2660
2657
2050
2004
1951
2639
2636
2337
1995
2027
1976
2389
2364
2192
2022
1927
2633
1919
2581
2453
1000
551
590
576
659
650
625
381
380
619
575
677
470
2843
2816
3042
3302
2790
3115
2941
3352
3109
3058
2765
3046
3369
2858
3431
3420
2875
3316
3041
3135
3394
3418
3289
3408
3249
2753
2821
3079
2933
2914
2934
3371
2990
2987
2897
2705
3229
3052
2797
3246
3089
2772
3151
2747
2783
2964
2976
3384
2996
3114
2917
3311
3066
3406
2830
2684
3223
3422
2955
3378
3148
3144
2668
3414
3294
3234
2948
2891
3064
3286
3047
3399
2928
2909
2806
2929
3104
3390
2663
3237
2754
2984
2762
3117
3110
3380
2991
3036
2810
3257
2763
3243
2943
2927
2852
2749
2969
3108
2920
2746
3231
3315
2695
3430
3166
3123
2710
2887
2953
2731
2898
2841
2832
3415
2692
3332
2995
2957
3360
3075
2737
2961
2750
2666
2825
3129
2851
3044
3026
3000
2913
3256
3107
2932
2871
3019
3232
3142
2974
2946
2761
2680
3220
2907
2905
2896
2850
3025
2931
2766
3304
3184
3096
3022
2872
2867
2827
2815
3259
3219
3146
2770
3297
3206
3016
3381
2883
3416
3277
2869
2635
2480
2637
2438
