107
828
3545
277
583
2703
144
3725
3994
399
2565
3776
3700
1368
1956
2971
717
3985
4033
230
876
839
2861
1961
306
822
229
3916
2421
850
3662
1346
2466
3616
736
3919
858
1560
4034
2569
44
225
3859
3644
147
2834
3535
178
3175
3813
2822
3807
3748
89
3770
210
3729
52
2175
1499
3904
447
3183
613
802
894
3732
215
3789
3781
95
3619
358
4022
3594
813
663
3490
3446
4
881
3271
3840
3984
3322
886
411
861
4018
638
1073
4006
3757
3691
2926
2981
2884
3190
2832
3375
909
221
2811
3105
143
3547
3587
1249
1027
3773
564
2523
3645
2455
885
2221
1977
2130
1924
3554
235
3953
1697
1776
1208
2251
2219
1853
1905
3917
34
3806
3567
798
3855
3688
655
1103
111
1401
3940
1042
884
3424
2382
895
476
96
3147
2321
2168
1651
3746
3055
3489
920
24
2857
288
3074
1534
3925
2826
251
2983
183
1586
1353
3744
2541
908
3720
162
2094
3030
35
3037
1762
775
3910
1476
3551
71
3290
3352
22
624
485
690
3767
3682
3954
27
691
639
3612
191
945
751
2255
1400
3833
3659
3929
2792
37
1466
3973
152
585
878
406
2470
990
63
3761
3733
3717
1194
2922
647
36
1607
1053
187
266
57
1477
1641
871
1634
20
657
3340
3723
859
2085
2120
2373
3180
3791
474
3675
935
2634
2788
78
124
3649
327
1531
3664
1562
1138
3534
522
3009
3558
2941
3502
3524
3927
1453
2798
792
3532
3325
3482
175
2889
99
1711
1264
278
333
137
4008
4005
4027
3481
110
3716
3848
3699
750
3799
3635
3963
3679
816
1157
649
1780
785
1890
3537
1022
3393
599
598
3771
668
1510
714
1233
712
733
882
804
650
640
23
4026
3993
4009
30
1700
4010
3983
786
3151
3285
3379
2980
2737
2686
3432
72
3236
3048
264
490
3217
609
2819
3383
1599
3356
2709
2747
3308
2687
5
3313
1145
3143
3501
3275
2816
3428
204
2734
2106
2667
3388
812
2838
84
3192
2996
2635
3130
3124
535
426
3186
3772
3109
3024
2963
3689
2865
3727
2740
3044
3709
3404
1558
2746
2301
1043
216
1252
1197
550
3533
3947
3669
842
3310
1949
2622
3159
1817
2096
379
1096
262
3627
2193
864
2297
2531
3216
129
2288
208
2041
2424
286
3974
2383
2435
2217
2614
2528
260
2048
2019
1203
803
3003
2505
3588
2443
2441
2119
1152
1830
1965
2493
571
3242
4019
4037
4032
4024
4012
123
3639
3091
3856
1019
1638
1674
3819
3892
3878
165
1650
3880
1546
3671
3697
3745
1837
140
2596
3714
149
2178
1679
3936
54
3440
1803
294
4001
70
401
602
2959
710
177
357
1474
3008
3413
311
3071
3827
1616
2699
1708
1140
1461
383
879
904
2817
3127
3969
2513
949
2975
1738
385
1270
351
3451
2678
3784
222
3749
907
3779
3498
254
1393
3161
314
781
3621
81
623
961
1239
3058
1615
676
3849
3462
3562
415
4016
3788
1678
94
3467
117
4011
298
832
77
3955
883
263
3834
1012
166
1713
3872
2514
684
1098
761
918
1690
2888
3661
3311
49
642
1834
1220
3780
155
3816
740
241
174
1061
1403
10
3786
1777
219
356
3735
154
1855
1594
874
15
540
1801
3862
3229
634
887
349
289
12
1176
2256
371
3798
179
1442
1748
3905
3575
248
51
361
593
3887
1326
3494
1779
1055
707
521
2692
1806
825
292
3289
1524
3808
673
3516
2051
3844
974
923
3946
2808
29
2483
4035
3454
706
1151
3835
765
1065
1967
1268
2375
161
3453
3939
783
340
1315
940
763
1745
2249
632
102
50
13
836
1144
3574
138
950
1978
3496
3323
3911
1854
3194
3796
681
1296
1362
2962
3170
3477
2262
1445
2671
377
621
1892
560
1234
837
2380
1934
3958
3282
3407
1
3656
467
3928
742
914
296
259
345
919
3552
256
3801
1105
3471
3173
617
3879
711
76
3703
3763
43
912
489
2357
2895
820
2801
455
1147
1143
1226
1386
584
549
2595
1419
3987
407
3853
1301
872
1087
3890
2814
777
464
678
3931
653
3978
985
3230
45
3815
2452
347
173
626
146
1541
1000
38
1306
587
472
3568
192
592
3680
3934
3903
1165
991
505
3314
226
3605
1418
3617
3874
3473
1519
2453
2449
126
2431
2558
2439
2621
2548
2450
2100
220
3949
2769
2663
276
148
224
2923
2760
3121
3139
3943
3153
3043
3001
1901
1696
3214
3144
2735
612
603
446
3138
2790
2803
3276
3167
141
3270
2892
3986
267
605
600
46
3598
3499
3825
3493
1889
3901
3571
3960
3783
2902
3222
682
214
578
675
1492
3469
3057
3343
2968
1317
1656
532
729
181
2691
3795
3896
629
3941
3909
3893
3726
3510
3464
631
616
3961
2535
2281
2167
3787
1307
1033
1274
1518
2456
3083
3155
3066
3028
3063
2933
2997
2805
309
184
320
973
1883
1171
1058
1642
1240
987
3487
1825
2774
299
346
330
302
80
3665
3676
3652
501
868
865
857
933
3976
852
3857
3868
3657
3628
1585
2156
2566
2568
2008
1990
2152
2474
2158
2231
2236
2587
2107
2411
441
393
198
3641
3967
3478
3964
68
321
131
3122
2799
3200
3218
3053
2700
2677
3246
2820
3244
3427
3560
3465
3708
3701
3957
3476
3579
3759
3519
3997
3981
3336
2949
2776
870
273
275
195
3585
3531
3523
3581
3760
319
3923
3774
3629
3836
3722
3638
3918
732
1057
1218
979
1016
3602
3738
3768
3511
3751
3164
206
3775
3895
3483
3507
3694
3561
3690
3777
3283
2972
3442
3472
3685
3508
3850
3752
3956
3937
3443
115
343
2
312
167
310
4017
4036
4013
4004
3992
3980
4038
3695
3613
3479
782
699
833
3952
3647
3513
3439
2650
3546
3606
3447
3894
3536
3814
3624
3549
3863
3580
793
849
2204
2017
3626
3592
190
689
796
2487
2245
3141
771
806
863
97
4000
4030
3995
3998
4020
4002
3103
3410
3337
3011
3368
3312
2871
3067
2768
2779
2979
3259
2955
3326
3107
3034
2914
3027
3327
3062
2965
2771
3249
2739
3373
3334
3162
3273
2990
3398
3266
3094
3306
3357
3050
2831
2795
3041
2848
3079
3038
3199
2775
2845
3005
3077
3007
3093
3068
3409
3189
3086
2722
3188
3212
3160
3197
2712
3102
2984
3380
2844
3039
3118
2812
3366
2951
3279
2825
2784
2758
2932
2697
3046
2878
3369
3187
2780
2770
3239
2665
2921
3209
3101
3020
3328
3221
3100
2762
3411
3253
3177
3302
3207
2840
3089
3418
3247
2828
2936
3391
2841
3346
3331
2829
2728
3405
2976
3272
3204
3277
2894
2823
2708
2672
3335
3179
2863
2797
3264
3255
3345
3013
2989
2973
3219
3353
3319
2748
3316
3288
2970
2869
2793
3360
3148
3060
2846
3386
2783
3070
2796
3256
3120
2875
3422
3260
3169
2939
2881
3076
2701
2858
2836
3420
3215
3019
3018
2958
2918
3136
2904
2950
3354
3344
3265
3201
2804
3355
3321
3299
3115
3035
2992
2765
3146
3298
3297
3140
3320
3287
3378
3113
3281
3185
3359
3002
2682
3385
3365
3061
3099
2856
2751
3395
3434
3358
3208
3075
3049
3419
3396
3351
3267
3224
3198
2785
2999
2772
2690
3317
2851
3154
3106
3403
2724
3196
3135
3157
3342
3252
3132
3116
2833
2802
2675
3406
3295
3168
3425
3376
3338
3280
3172
2853
2719
3111
2937
2781
2733
2718
2716
3415
3332
3240
3206
3203
2849
2753
2742
2720
2674
2668
2661
3145
2778
3274
3262
2898
2730
3341
3191
2870
2696
3126
3416
3397
3347
3182
3017
2991
2901
3225
3233
3178
2685
2868
2702
3330
3016
3015
3152
3051
2830
3081
3072
2917
3333
3269
2837
3166
3137
3123
2978
2761
2681
2773
3364
3301
2705
2977
2794
2713
3263
3119
3097
2818
3293
3054
3362
3286
3220
3234
3150
3087
3394
3036
3412
3402
3401
3381
3350
3296
3292
3291
3261
3258
3248
3211
3210
3181
3128
3125
3082
3042
3014
2961
2859
2810
2695
2684
2662
2994
3435
3092
3430
2887
3384
2679
2924
2908
3348
2943
3390
3108
3010
3117
3399
2891
2854
3257
3114
3025
2698
2993
2789
2966
2683
3339
3095
3400
3104
3026
2953
2929
2741
2743
3433
2896
2910
2890
2874
2729
3294
2948
2777
2946
2880
3213
2967
3238
3000
3023
3426
2827
3040
2906
2664
3417
3363
3226
2988
2806
2787
3231
2931
2731
1684
3149
2905
2835
3022
2927
2754
2717
3303
3237
3073
2919
2915
3158
3029
2928
2911
3047
2749
2676
2850
3228
3033
2956
2920
2913
2897
3184
3084
2974
2862
3304
2940
2757
2745
3142
3096
2669
3324
2960
2800
2738
3284
3098
3085
2944
2909
3064
2985
2786
3414
3052
2945
2925
2872
2864
2763
2756
2680
2673
2782
2750
2694
3195
3090
3065
2986
2912
2877
2873
2666
3193
2969
2815
2755
3387
3174
3078
3004
2916
2866
2839
2706
3232
3056
2867
2689
2907
1030
1788
1045
1111
955
1384
3864
3500
3920
3607
3747
3655
3615
3809
3696
3678
3933
1996
2581
2580
2317
2159
2341
2639
2448
168
2214
2403
2360
2364
1921
1957
2633
2286
2277
2160
2126
1922
2070
2454
2585
1980
2378
2061
2225
1927
2000
2577
2013
2312
2656
2311
2658
2660
2105
2337
2645
2001
2659
2647
2365
2097
2025
1919
1914
2576
2613
2579
2092
2497
2590
2520
1942
2287
2624
2381
2546
2124
2164
1925
2083
2090
2108
2631
2574
1966
2402
2197
2488
2611
2542
2086
2573
1935
2009
1991
2494
2050
2538
2006
2157
1995
2648
2636
2627
2248
2630
2386
2593
2334
2655
2462
2253
2352
2258
2549
2184
2140
1963
1943
2299
2553
2504
2326
2043
2477
2275
2210
2122
2552
2340
2278
2476
2218
2136
2615
2404
2142
2033
1917
2408
2388
1930
2619
2591
2489
2172
1998
2260
2036
2261
2490
2390
2346
2415
1913
2499
2354
2331
2329
2323
1953
2557
2181
2146
2572
2562
2506
2469
2414
1997
1946
1976
125
7
1972
2355
1939
2385
1931
2202
1968
2405
2350
2018
2163
2495
2240
2095
2530
2198
2391
2429
2121
2303
2430
2293
2057
2192
2022
1951
1985
2561
2559
2409
2407
2220
2179
2165
2060
2342
1960
2607
2600
1989
1971
2623
2604
2578
2290
2201
2188
2112
2098
2515
2554
2464
2423
2306
2059
2046
2601
2563
2395
2392
2376
2359
2073
2640
2284
2024
2011
2004
1982
2492
2212
2131
2077
2063
2045
1986
2564
2363
2237
2154
2139
2074
2020
2524
2485
2374
2369
2300
2271
2150
2056
2055
2030
2162
2644
2412
2413
2440
2602
2539
2532
2484
2467
2460
2410
2307
2216
2206
2093
2005
1983
1979
1929
2387
2309
2058
2646
2560
2348
2308
2266
2109
1993
2586
2482
2478
2446
2123
2118
2084
2078
2361
2228
2089
2428
2244
1984
2620
2583
2459
2171
2027
2012
1973
2314
2654
2556
2551
2526
2521
2418
2356
2353
2339
2324
2257
2213
2200
2190
2115
2104
2064
2338
2540
2295
2575
2433
2103
2069
1938
2468
2148
2313
2233
2652
2451
1920
1718
2315
2065
2465
2571
2398
2518
2264
2653
2519
2397
2211
2031
2235
2250
1918
2305
2529
2502
2243
2259
2537
2473
2396
2222
2389
2062
2432
2002
2196
2153
2612
2417
2333
2205
1955
2616
2516
2347
2498
2480
2270
2533
2371
2215
2208
2049
1936
2599
2472
2203
2463
2151
2543
2399
2351
2279
136
2372
2641
2310
2292
2224
2128
2039
2400
2052
2042
2223
2143
2010
1954
2589
2445
2379
2265
2232
2145
2643
2508
2461
2330
2268
2141
2511
2509
2328
2099
2087
1941
1465
2332
2110
2101
1959
2584
2458
2427
2393
2067
2588
2377
2187
2241
2649
2420
2144
2134
1994
1987
2617
2592
2512
2479
2368
2283
2135
2053
2657
2638
2628
2626
2625
2618
2606
2550
2545
2507
2500
2447
2436
2370
2366
2280
2276
2239
2229
2173
2137
2129
2116
2113
2091
2088
2044
2040
2037
2035
2029
2021
2015
1999
1975
1962
1958
1948
1944
1940
1916
2536
2007
1577
2416
2291
2242
2274
2226
1952
2609
2597
2567
2544
2434
2191
2081
2071
2028
1945
1932
2501
2491
2302
2183
2075
2594
2555
2510
2438
2394
2319
2169
1981
2475
2322
2304
2296
2194
2132
2003
2345
2327
2186
2026
2608
2582
2547
2336
2267
2161
2032
1947
2384
2344
2272
2246
2125
1926
2273
2209
2047
2629
2598
2471
2362
2254
2133
2127
2117
2102
2068
2038
2289
2285
2247
2199
2189
2180
2149
2138
2054
1912
2343
2318
1970
2282
2111
2072
2642
2367
2294
2177
2176
1923
2207
2419
2406
2174
2155
2603
2325
2637
2023
2486
2610
2525
2298
1964
2425
2401
2076
2444
2426
2349
364
4014
4028
4031
4023
3991
3982
594
3989
3595
3871
3538
3912
3541
3445
3743
41
17
326
14
28
116
3309
3318
2670
3423
2982
3012
2813
2766
3315
2809
3171
2847
2879
3389
3392
2821
2710
3202
2759
3243
3163
2900
3377
3367
3110
3307
2843
3431
2807
2987
3250
2957
2711
1405
3021
3223
3176
2693
2876
3032
2707
2934
2824
2715
2791
2764
3129
3112
3374
3421
2938
2688
3133
3080
3069
3006
2998
2954
2952
2882
2726
1450
3300
3241
3436
2723
2852
3156
2935
2947
2752
3370
2744
3235
3165
3254
2942
1666
2995
3329
3429
3134
3088
2930
2714
1505
2767
577
661
659
595
582
576
658
665
662
615
627
670
643
635
628
317
48
108
53
252
257
242
265
297
130
127
300
106
303
200
213
121
339
186
290
188
201
341
128
315
285
280
232
8
180
194
342
88
203
16
325
65
223
104
170
295
176
344
334
26
332
304
231
75
328
316
272
249
209
193
142
114
101
100
92
91
64
32
25
9
236
109
67
313
40
172
324
291
238
211
118
98
3
239
212
132
113
56
281
150
0
69
122
31
261
59
323
134
322
197
119
105
55
308
271
258
199
21
218
189
336
82
164
301
202
196
79
73
156
237
268
103
329
62
185
331
158
318
85
274
66
87
228
151
139
246
233
207
93
135
284
159
39
133
217
283
2238
2632
2570
2335
2016
2503
2234
2166
2147
2014
1928
2517
2605
1561
2496
2080
2534
2522
2442
2320
2082
1950
1937
1852
2252
250
60
338
305
240
42
18
61
169
83
6
270
227
163
234
33
243
120
253
157
58
47
11
247
153
1992
1988
2114
2170
1933
2422
2185
1196
2437
2316
2227
2066
255
293
279
245
171
112
145
282
244
337
19
335
182
74
269
2704
307
3636
3715
3663
3450
3769
3553
3622
3782
3837
3713
3854
3455
3632
3672
3526
3660
3461
3869
3821
3539
3459
3706
3914
3921
3802
3951
3608
3728
3876
3618
3470
3610
3797
3556
3851
3625
3842
3517
3886
3930
3485
3497
3861
3687
3527
3698
3762
3750
3670
3658
3603
3456
3736
3847
3495
3970
3520
3623
3668
3870
3810
3643
3794
3705
3718
3873
3852
3741
3858
3867
3599
3521
3683
3611
3860
3674
3832
3830
3971
3841
3681
3938
3646
3721
3577
1085
3448
3845
3804
3559
3707
3604
3692
3492
3596
3576
3452
3968
3633
3525
3480
3651
3491
3756
3693
3684
3758
3468
3945
3826
3555
3924
3463
3506
3792
3822
3569
3584
3877
3737
3926
3710
3902
3790
3962
3785
3734
3578
3648
3948
3640
3518
3739
3838
3514
3488
3667
3557
3824
3677
3609
3586
3449
3530
3764
3900
3591
3486
3711
3906
3966
3907
3899
3884
3875
3800
3731
3719
3702
3650
3620
3570
3542
3540
3528
3515
3505
3466
3972
3630
3793
3631
3509
3458
3437
3529
3634
3593
3915
3829
3460
3572
3484
1511
3959
3550
3817
3828
3642
3512
3823
3474
3503
3778
3590
3438
3712
3654
3563
3765
3818
3730
3475
862
3932
3889
3753
3548
3543
3504
3583
3803
3866
3601
3975
3766
1193
3881
3444
3865
3666
3950
3742
3898
3897
3805
3755
3589
3564
3944
3740
3913
3908
3891
3831
3979
3573
3882
3614
3724
3843
3965
3754
3888
3565
3600
3883
3457
3522
3811
3704
3597
1328
3686
3942
3637
3582
1687
3673
3839
3935
3922
3977
3812
3846
3544
3566
3820
3653
1136
1088
3885
3441
893
698
741
758
728
869
860
718
809
755
702
880
843
831
778
756
695
811
797
759
703
787
851
846
844
818
789
739
725
721
715
847
823
726
829
762
734
848
697
838
845
772
708
687
817
810
799
720
827
686
766
723
688
773
760
719
821
840
752
696
780
737
709
835
731
705
856
800
747
768
745
834
830
764
814
724
701
824
805
779
694
774
713
784
754
853
815
795
700
826
890
808
738
770
693
794
753
757
819
727
807
889
888
746
891
854
801
788
748
692
730
791
769
877
776
716
743
