0
2079
3183
1386
692
613
37
11
3853
2569
1206
638
209
801
3729
3650
608
3230
2457
1834
883
215
4022
1145
674
18
891
4035
1096
3974
3453
585
43
1119
335
114
3709
2596
4015
3748
358
12
911
292
4024
4008
892
875
447
4010
3935
1560
287
3856
3570
3798
668
15
3071
1581
918
607
2269
550
210
3820
602
2195
624
74
3451
1466
3031
2470
2842
3984
3268
642
256
233
581
3407
4001
282
244
4012
42
3746
33
3987
4029
3846
90
3983
1262
145
3942
3732
183
2704
648
1176
3885
3688
255
4036
3807
1224
860
841
775
377
241
47
3875
3408
2857
286
2541
1690
1270
2382
1854
1326
216
70
3922
2740
1065
138
52
1395
1276
859
750
468
3808
3134
1967
1394
154
3854
3282
1755
1233
744
443
316
279
3959
3704
1430
749
699
267
3125
2814
2788
4034
4028
160
3006
401
153
4032
4006
3589
1558
205
35
3879
379
305
234
2792
3037
301
386
383
112
3689
2975
2808
2691
2442
1760
1546
411
356
228
179
4033
2798
1253
904
499
336
240
207
3955
3801
3717
3699
3691
3467
2722
2481
1693
1586
1362
1071
899
854
454
294
4016
4007
3991
3990
3816
3733
3597
3582
2998
2860
2380
2178
1034
785
743
293
253
182
76
71
61
4025
4005
3999
3928
3811
3653
3560
3413
2922
2714
2483
2168
1353
1252
1208
1046
1027
894
757
660
656
571
448
247
191
164
157
155
81
3996
3992
3965
3939
3910
3795
3765
3744
3588
3575
3544
3494
3457
3375
3121
2952
2902
2885
2855
2838
2595
2565
2441
2230
2015
1969
1937
1651
1627
1157
1002
877
852
704
667
572
530
406
327
321
289
262
190
174
125
120
49
4038
4037
4031
4030
4027
4026
4023
4021
4020
4019
4018
4017
4014
4013
4011
4009
4004
4003
4002
4000
3998
3997
3995
3994
3993
3989
3988
3986
3985
3982
3981
3980
3979
3978
3977
3976
3975
3973
3972
3971
3970
3969
3968
3967
3966
3964
3963
3962
3961
3960
3958
3957
3956
3954
3953
3952
3951
3950
3949
3948
3947
3946
3945
3944
3943
3941
3940
3938
3937
3936
3934
3933
3932
3931
3930
3929
3927
3926
3925
3924
3923
3921
3920
3919
3918
3917
3916
3915
