0
3729
3451
4029
4005
4033
4026
4037
4036
4035
4034
4032
4030
4028
4025
4024
4022
4021
4019
4018
4017
4016
4015
4014
4012
4010
4009
4008
4007
4006
4003
4001
4000
3999
3998
3997
3996
3995
3994
3993
3992
3990
3988
3987
3986
3985
3984
3983
3982
3981
841
791
808
3704
3502
3806
3953
3657
3445
3922
3555
3664
3641
3883
3967
3595
3567
3975
3836
3708
3895
3515
3951
3569
3907
3498
3915
3829
3799
3762
4027
4023
4020
4013
4004
4002
4038
3991
3980
3463
3673
879
864
882
878
756
733
829
843
838
748
709
855
854
853
852
851
850
849
848
847
846
845
844
842
839
837
836
835
834
833
832
831
827
826
824
822
821
820
819
818
817
816
815
814
813
812
809
807
806
802
801
800
799
797
796
795
794
793
792
790
789
788
787
786
785
784
783
782
781
780
779
778
777
775
773
771
770
768
767
766
765
764
763
762
761
760
759
758
757
755
754
752
751
750
749
747
746
744
743
742
741
740
739
738
737
736
735
734
732
731
730
728
727
726
725
724
723
722
721
720
718
717
716
715
714
712
711
710
707
706
705
704
702
701
700
699
696
695
694
693
692
691
690
689
688
687
3575
3790
3477
3831
3702
3547
3828
3942
3554
3688
3521
3520
3604
3930
3979
3978
3977
3976
3974
3973
3972
3971
3970
3969
3968
3966
3965
3964
3963
3961
3960
3959
3958
3957
3956
3955
3954
3952
3950
3949
3947
3946
3945
3944
3941
3940
3939
3938
3937
3936
3935
3934
3933
3932
3931
3929
3928
3927
3926
3925
3924
3923
3921
3920
3919
3918
3917
3916
3914
3913
3912
3911
3910
3909
3908
3906
3905
3904
3903
3902
3901
3900
3899
3898
3897
3896
3894
3893
3892
3891
3890
3889
3888
3887
3885
3884
3882
3881
3880
3879
3878
3876
3875
3874
3873
3871
3870
3869
3868
3867
3866
3865
3864
3863
3862
3860
3859
3858
3857
3856
3855
3854
3853
3852
3851
3850
3849
3848
3847
3846
3845
3844
3843
3842
3841
3840
3839
3838
3837
3835
3834
3833
3832
3827
3826
3825
3824
3823
3822
3821
3820
3819
3818
3817
3816
3815
3814
3813
3812
3811
3810
3809
3808
3807
3805
3804
3803
3802
3801
3800
3796
3795
3794
3793
3792
3791
3789
3788
3787
3786
3785
3784
3783
3782
3781
3780
3778
3777
3776
3775
3774
3773
3772
3771
3770
3769
3768
3767
3766
3765
3764
3763
3761
3760
3759
3758
3757
3755
3754
3753
3752
3751
3749
3748
3747
3746
3745
3744
3743
3742
3740
3739
3738
3737
3736
3735
3734
3733
3732
3731
3730
3728
3727
3726
3725
3724
3722
3720
3719
3718
3717
3716
3715
3714
3713
3712
3711
3710
3709
3707
3706
3705
3703
3701
3700
3699
3698
3697
3696
3695
3694
3693
3691
3690
3689
3687
3686
3685
3683
3682
3681
3680
3679
3678
3676
3675
3672
3671
3670
3669
3668
3667
3666
3665
3663
3662
3661
3660
3659
3658
3656
3655
3654
3653
3652
3651
3650
3649
3648
3647
3646
3645
3644
3643
3642
3640
3639
3638
3637
3636
3635
3634
3632
3631
3630
3629
3628
3627
3626
3625
3624
3623
3622
3620
3619
3618
3617
3616
3615
3614
3613
3612
3611
3610
3608
3607
3606
3605
3603
3602
3601
3600
3599
3598
3597
3596
3594
3593
3591
3590
3589
3588
3587
3586
3585
3584
3583
3582
3581
3580
3579
3578
3576
3574
3573
3572
3571
3570
3568
3566
3565
3564
3563
3562
3560
3559
3558
3557
3553
3552
3551
3549
3548
3546
3545
3544
3543
3542
3541
3539
3538
3537
3536
3535
3534
3533
3532
3531
3530
3529
3528
3527
3526
3524
3523
3522
3519
3518
3516
3514
3513
3512
3511
3510
3509
3508
3507
3506
3505
3504
3503
3500
3499
3497
3496
3494
3493
3492
3491
3490
3489
3488
3486
3485
3484
3483
3482
3481
3480
3479
3478
3476
3475
3474
3473
3472
3471
3470
3469
3468
3467
3466
3465
3464
3462
3461
3460
3459
3458
3457
3455
3453
3452
3450
3449
3448
3447
3446
3444
3443
3442
3441
3439
3438
3779
3621
3517
3456
4031
4011
3989
642
598
615
3861
3723
3487
3454
631
619
666
501
384
2527
2219
1934
1969
2048
2614
2442
2383
2650
2305
1936
2454
1977
2618
2448
2440
2570
2487
2301
2524
2075
2393
2137
2057
2392
2577
2035
2537
2214
2082
2557
2270
2205
2013
2620
2615
2353
2233
2121
2504
2499
2462
2428
2131
2124
2095
2084
2074
2107
2647
2445
2018
311
5
344
301
143
178
180
112
115
231
340
291
213
38
328
152
274
895
894
893
892
891
890
889
888
887
886
885
884
883
881
880
877
876
875
874
873
872
871
870
869
868
867
866
865
863
861
859
858
857
856
840
830
828
825
823
811
810
805
804
803
798
776
774
772
769
753
745
729
719
713
708
703
697
686
323
261
200
54
2003
2616
2605
2594
2475
2471
2389
2241
2224
2174
2127
2052
2038
2010
1916
1762
2282
2267
2065
2054
2028
1817
1394
1478
3962
3948
3943
3886
3877
3872
3830
3797
3756
3750
3741
3721
3692
3684
3677
3674
3633
3609
3592
3577
3561
3556
3550
3540
3525
3501
3495
3440
3437
862
1094
1050
1194
1254
1708
1784
1346
956
1351
1866
1672
1089
1234
932
1033
1445
1904
1508
939
1559
1339
1132
1355
1010
1130
1608
1793
1712
1621
1598
1597
1271
1207
1149
952
1646
1891
1737
1184
1003
966
1216
1494
908
1388
1841
1413
1350
1292
1257
1009
679
1743
656
541
1861
1609
1444
1393
1110
1217
1732
1706
1324
1261
1099
1086
933
671
1311
685
684
682
681
680
678
677
675
674
672
670
668
667
665
664
663
662
661
660
659
658
657
655
654
653
650
649
648
647
644
643
640
639
638
636
635
633
632
630
628
627
626
625
624
623
622
621
620
618
617
616
613
612
611
610
609
608
607
605
603
602
600
599
597
595
594
593
592
590
589
588
587
585
584
583
582
581
579
578
577
576
575
574
573
427
1770
1472
435
1357
683
676
673
652
646
645
634
614
604
586
547
531
519
488
473
413
438
669
591
374
1606
1543
560
417
572
571
