3803
886
4003
3746
3372
193
891
3984
4034
3125
1276
1834
3885
854
11
3865
1270
3704
157
3183
3853
3745
3570
3408
205
3407
996
4035
2792
1854
3059
1690
71
2788
259
27
3729
2094
327
4016
2358
4022
3989
1383
3614
1206
3827
243
642
358
1176
2963
3290
1760
1326
3820
3451
2714
3875
3798
255
166
33
1581
35
336
145
875
899
674
120
2952
4001
47
1208
68
3887
608
3127
624
3983
4029
564
2930
1579
279
250
667
1560
2671
1394
287
179
3922
206
3453
877
866
841
749
885
852
812
801
775
2483
1974
244
859
860
37
74
12
2808
3849
3444
1027
692
3959
228
3413
1474
316
275
2100
401
2565
3936
2824
883
660
209
2704
2204
102
3744
985
3935
585
911
38
286
18
262
2227
2721
1262
36
2885
52
3808
233
3650
648
2971
15
499
1353
3582
1119
147
3942
154
2814
2457
386
717
351
364
501
42
241
49
1693
216
3990
2167
3271
1797
2691
3268
3606
155
3801
61
8
245
201
91
110
3251
3181
2902
3180
3131
2732
3991
4030
4017
3981
4019
4018
3994
4021
4036
4032
4031
4027
4026
4025
4020
4010
4007
4004
4002
3986
4013
3998
3997
4033
3992
3988
3980
4023
4000
3985
4009
3995
3982
4014
4038
4011
4024
4015
4005
3996
3999
4006
3993
594
4037
4008
3987
4028
4012
867
776
725
691
872
873
881
884
876
750
767
702
721
771
878
729
798
715
894
874
870
864
863
861
889
888
882
832
814
752
838
782
699
848
740
850
890
711
694
796
788
714
689
690
770
757
746
712
795
786
822
830
829
813
736
706
693
688
853
803
827
821
835
753
709
856
759
837
778
774
769
766
751
745
737
727
724
719
698
808
748
836
823
794
741
695
880
815
804
797
765
763
728
716
819
807
792
754
696
790
844
843
834
831
824
805
800
773
762
761
760
758
755
738
731
726
851
849
847
845
842
840
839
833
826
825
820
818
817
816
811
810
806
799
789
784
783
780
777
772
768
742
735
734
733
732
730
723
722
718
713
710
708
707
704
703
701
700
697
687
828
809
793
787
781
779
747
739
720
705
686
764
887
791
871
802
756
895
879
869
858
855
846
744
743
865
893
892
785
857
868
3925
3585
476
441
3952
3961
3580
3589
3551
3537
3659
2528
127
197
399
393
78
283
274
222
267
190
183
131
270
343
17
137
333
116
140
2
300
191
317
77
247
159
3143
2926
3269
281
156
207
295
106
16
96
251
3638
3513
3941
3676
3623
3733
3897
3955
3861
3490
3723
3894
3814
3626
3979
3772
3787
3541
3445
3882
3572
3724
3515
3458
3592
3862
3588
3607
3967
3530
3504
3809
3664
3920
3766
3891
3552
3910
3779
3652
3973
3810
3663
3716
1627
2245
2541
2382
2621
2441
2431
2321
195
309
135
5
344
139
218
345
282
338
51
276
41
341
273
86
112
337
4
28
66
3
238
73
263
225
23
242
187
307
105
133
330
299
278
177
143
178
93
84
76
266
180
101
80
168
326
162
111
44
312
289
227
89
310
226
214
151
144
115
258
30
3376
130
211
158
118
340
294
113
57
50
314
288
212
141
315
268
260
186
124
55
249
261
224
223
172
318
231
29
298
200
88
304
161
108
40
346
3153
3368
3333
3317
3030
3401
2809
2922
2766
3202
2837
3044
2977
2722
3388
3229
2695
3099
3398
2746
2899
2851
3012
3375
3197
2878
3358
3156
3429
3167
2801
2898
347
87
65
31
342
323
272
246
208
117
60
322
271
185
165
103
26
313
332
303
290
248
213
122
109
104
75
3323
3755
3681
3795
3765
3476
3618
3781
3752
3668
3711
3848
3757
3616
3579
3805
3726
3558
3641
3764
3903
3690
3485
3893
3482
3817
3665
3600
3583
3855
3657
3648
3949
3876
3544
3786
3601
3954
3871
3548
3753
3917
3892
3538
3473
3833
3823
3680
3636
3553
3486
3463
3759
3672
3965
3571
3963
3905
3863
3624
3888
3839
3958
3502
3852
3812
3682
3566
3549
3546
3446
3847
3610
3783
3720
3685
3687
3518
3760
3578
3550
3508
3769
3728
3470
3874
3857
3804
3718
3931
3834
3568
3902
3497
3462
3913
3790
3788
3731
3730
3692
3670
3574
3514
3450
3868
3743
3567
3835
3976
3951
3870
3792
3646
3631
3493
3900
3826
3794
3509
3594
3927
3511
3506
3634
3510
3474
3890
3866
3758
3881
3793
3612
3593
3622
3564
3468
3771
3761
3630
3466
3557
3542
3528
3599
3970
3573
3602
3695
3649
3516
3950
3577
862
3840
3773
3598
3512
3455
3933
3747
3843
3829
3719
3921
3713
3487
3754
3919
3639
3613
3581
3481
3964
3960
3791
3776
3696
3587
3966
3926
3642
3543
3830
3957
3837
3774
3708
3675
3519
3930
3559
3763
3673
3603
3576
3488
3906
3738
3645
3469
3464
3460
3977
3740
3722
3715
3698
3678
3615
3521
3472
3799
3647
3784
3533
3480
3343
1002
2113
2535
2481
2178
1934
2238
2456
2450
2439
2422
2263
2041
2034
2513
2349
2622
2490
2545
2523
1949
1933
2503
2158
2411
2248
2070
1930
1958
335
334
328
320
319
311
308
306
305
302
296
292
291
284
280
265
257
254
252
239
237
236
232
230
229
221
220
204
203
202
198
196
194
192
188
184
181
176
175
174
167
160
152
149
142
134
132
129
126
123
121
114
99
98
94
92
90
85
83
72
69
63
62
59
53
48
46
45
39
32
25
24
22
20
19
14
13
10
9
7
6
3427
3425
2825
3255
2791
2667
3024
3367
100
329
331
325
324
297
277
217
199
170
163
148
128
82
79
64
56
54
21
1
3042
3394
3369
3095
3008
2889
3144
3047
3314
2834
3308
2736
3389
3041
3014
2854
3066
3235
2705
2917
2975
3189
2751
2712
2895
2882
2765
2870
2745
3293
3257
3085
2983
2935
2933
3231
3080
3010
2807
2726
2703
2771
3336
2697
2918
2871
2743
3228
3029
2786
3220
3114
3130
2789
3322
3128
3126
3390
3227
2897
3303
2908
2850
2698
3416
3206
3146
2747
3141
3122
3212
3402
3187
3399
3104
3033
2852
2666
3119
3430
3294
2805
2800
3380
3354
3200
3110
3158
3135
2907
2729
2762
2723
2911
2689
2817
2994
2681
3300
3213
2943
2810
3237
2948
3304
3226
2906
2815
3025
2956
2924
3387
3163
3117
3056
3054
3040
2987
2960
2920
2866
2777
2750
2717
2680
2679
3433
3243
3084
2993
2988
2953
2945
2929
2928
2862
2683
2688
3264
3208
2831
3090
3138
3384
3250
3195
3149
3022
2966
2940
2927
2872
2754
2749
3209
2692
3174
3142
3064
2986
2969
2925
2905
2873
2867
2664
3265
3201
2970
2772
2770
3414
3363
3052
2944
2919
2912
2890
2839
2706
3423
3325
3309
2959
2879
2767
3316
1527
2466
1992
1924
3404
2758
2702
2686
3312
3242
3094
3270
2936
3190
2804
2759
3249
2999
2675
3405
2718
3133
3252
3169
3420
3244
3241
3176
3334
3341
3191
3162
2859
3417
3362
3238
3137
3123
3098
3092
3036
3026
2974
2896
2864
2731
2669
2663
3307
3032
3016
2690
3359
3007
2713
3356
2921
2739
2737
2711
3352
3148
3046
3013
2989
2846
2748
3347
3194
3170
2853
3260
3015
3328
3215
2811
3225
2845
3240
3422
3397
3223
3051
2720
3288
2832
2668
3378
3281
3028
2984
3381
3274
3204
3132
3111
2753
2708
3060
3342
3299
3262
2950
2823
3345
3302
3236
3157
3150
3075
3049
2946
2858
2841
2716
3083
3353
3335
3275
3087
3072
2744
2904
2733
2865
2780
3365
3214
3171
2923
2848
3289
2130
2017
2301
2424
2314
1915
2493
2580
2534
2286
1978
339
285
169
146
125
67
2175
1476
2990
2892
2779
3285
3177
3068
3062
2830
2820
3373
3246
2696
2962
2818
2812
3406
3355
3344
3297
3296
3291
3277
3267
3247
3120
3113
3070
3038
2992
2991
2901
2833
2796
2793
3873
3845
3611
3491
3471
3449
3734
3658
3656
3609
3605
3971
3872
3841
3780
3693
3563
3545
3520
3828
3683
3477
3688
3944
3929
3880
3842
3824
3697
3586
3448
3962
3943
3800
3762
3674
3654
3501
3938
3886
3877
3540
3975
3974
3972
3969
3968
3956
3953
3948
3947
3946
3945
3940
3937
3934
3924
3923
3918
3916
3915
3914
3912
3911
3909
3908
3907
3904
3899
3898
3896
3895
3889
3884
3883
3879
3878
3869
3867
3864
3860
3859
3858
3850
3846
3838
3836
3832
3831
3825
3822
3821
3819
3818
3816
3815
3811
3807
3806
3797
3796
3789
3785
3782
3778
3777
3775
3770
3768
3767
3751
3749
3742
3741
3739
3737
3736
3735
3725
3721
3717
3714
3710
3707
3706
3705
3703
3702
3701
3700
3699
3694
3691
3689
3686
3679
3677
3671
3669
3667
3666
3662
3661
3660
3655
3653
3644
3643
3640
3635
3633
3632
3629
3628
3627
3625
3621
3620
3619
3617
3608
3604
3597
3596
3595
3591
3590
3584
3569
3565
3562
3561
3555
3554
3547
3539
3535
3534
3532
3531
3529
3527
3526
3525
3524
3523
3522
3517
3507
3505
3503
3500
3499
3498
3496
3492
3489
3484
3483
3479
3478
3475
3467
3465
3461
3459
3457
3454
3452
3447
3443
3442
3439
3438
3081
3034
2847
2685
3350
3107
2775
3019
2957
2781
2778
3005
1890
1558
2403
2568
2527
2626
2105
2119
2634
2217
2019
2287
2182
2205
2067
2207
2170
2350
2392
1937
2402
2051
1956
1988
2644
1963
2455
2453
2406
2036
2497
2316
1975
2277
2085
2337
2012
2587
2360
2373
2015
1990
1960
2405
2341
2173
2656
2080
2488
2181
2613
2628
2577
2412
2260
1922
2016
2371
2317
2313
2156
2179
2164
2136
2650
2515
2486
2444
2320
2255
2443
2393
2584
2454
2387
2485
2258
2147
2614
2397
2361
2236
2228
2126
2089
2082
2049
2023
1936
2275
2532
2334
2027
2192
2084
2114
2590
2386
2363
2359
1953
1917
2477
2446
2407
2311
2290
2200
2121
2404
2352
2220
2201
2188
2077
2291
1998
2284
2452
2006
2467
2449
2427
2212
2154
2124
1986
2474
2335
2231
2166
2061
1951
2524
2654
2607
2579
2552
2549
2469
2370
2307
2237
2218
2140
2122
2092
2090
2074
2055
2043
1962
2202
2159
2025
2447
2638
2520
2504
2500
2381
2374
2356
2323
2299
2109
1942
1918
2270
2211
2141
2639
2633
2013
1935
2645
2640
2346
1980
2659
2658
2657
2647
2620
2583
1927
470
655
672
589
356
410
0
552
407
571
590
490
644
466
427
405
384
522
445
448
3351
3253
2996
2785
3256
3196
3116
3313
3233
3396
3327
3172
3115
3017
2881
2849
2797
2742
2701
2661
3140
2819
189
150
119
1607
2893
3410
3436
3435
3434
3428
3426
3424
3421
3419
3415
3411
3400
3395
3393
3392
3391
3383
3382
3377
3374
3371
3364
3357
3349
3348
3346
3339
3338
3337
3332
3330
3329
3326
3324
3318
3315
3311
3310
3306
3301
3292
3286
3284
3283
3282
3280
3279
3276
3266
3259
3254
3248
3245
3239
3234
3232
3224
3221
3218
3217
3216
3203
3199
3198
3193
3192
3188
3184
3178
3175
3166
3159
3155
3154
3152
3147
3139
3136
3129
3124
3121
3112
3109
3108
3106
3105
3103
3102
3096
3093
3091
3088
3086
3082
3078
3076
3074
3073
3067
3065
3063
3061
3058
3055
3053
3050
3048
3045
3043
3039
3037
3035
3027
3023
3021
3009
3004
3000
2997
