0
3987
3984
210
1386
3729
3709
743
911
3974
3230
2798
608
215
112
613
1394
2457
607
1558
1038
183
1096
891
3952
3408
4036
4007
4027
3999
4012
4031
4021
3988
4038
4037
4035
4034
4033
4032
4030
4029
4028
4026
4025
4022
4020
4017
4016
4015
4014
4013
4011
4010
4008
4006
4005
4004
4003
4002
4001
4000
3996
3995
3993
3992
3991
3990
3989
3986
3985
4023
4019
4018
4009
3998
3994
3982
3981
3980
3997
785
699
691
806
750
733
775
808
782
791
788
854
716
742
836
715
725
839
789
821
2788
859
879
873
886
846
844
889
884
798
861
792
849
794
756
851
850
746
738
734
706
695
690
880
845
838
835
848
820
819
777
765
754
748
745
701
693
855
853
852
847
843
842
837
834
833
832
831
829
827
826
824
823
822
818
817
816
815
814
813
812
809
807
805
804
803
802
801
799
797
796
795
793
790
787
786
784
783
781
780
779
778
773
771
770
768
767
766
764
763
762
761
760
759
758
757
755
752
751
749
744
741
740
739
737
736
735
732
731
730
729
728
727
726
724
723
722
721
720
718
717
714
712
711
710
709
708
707
705
704
702
700
696
694
689
688
687
4024
3983
2167
3271
3914
3806
3953
3910
3976
3844
3923
3619
3965
3701
3483
3447
3843
3519
3932
3720
3541
3848
3638
3732
3818
3539
3571
3897
3868
3664
3679
3622
3499
3681
3865
3802
3581
3776
3713
3771
3833
3883
3975
3774
3465
3543
3967
3892
3819
3825
3561
3459
3878
3568
3510
3945
3823
3777
3764
3924
3909
3869
3794
3591
3569
3956
3900
3881
3768
3761
3630
3951
3903
3822
3810
3793
3792
3719
3718
3584
3497
3527
3485
3814
3549
3738
3645
3582
3554
3936
3921
3867
3753
3663
3599
3590
3553
3505
3472
3949
3699
3513
868
3503
895
894
893
892
890
888
887
885
882
881
878
877
876
875
874
872
871
870
869
867
864
863
860
858
856
840
830
828
825
811
810
800
776
774
772
769
753
747
719
713
703
697
686
3954
3904
3859
3444
467
206
247
2431
2456
1956
2094
2034
2015
2444
1992
2217
2435
2050
2633
2442
2527
2346
2486
2487
1927
2639
2011
2006
1914
2251
2528
2422
2402
2375
2130
2424
2412
2181
1978
1922
2156
2119
2035
2651
2228
1960
2627
2061
1980
2622
2067
2613
2197
2383
2044
2467
2520
2258
1963
2207
2288
3268
2899
3281
3175
3161
3370
3122
2799
2809
3012
3401
2805
3336
3322
3249
3380
3270
2802
2759
3127
2774
3044
3231
3425
3148
3112
2861
3130
3294
3213
2816
3105
2852
2710
3237
2887
3238
3234
3173
3372
3251
3131
2902
3166
3123
3215
3394
3293
3418
2956
2846
2687
2879
3430
3417
3400
3158
2907
2810
3217
3257
2756
2679
3195
2917
2683
3052
2806
2761
2706
3382
3309
3008
3276
3117
2751
3050
3284
3174
3149
3026
2985
2913
2851
2669
3324
3250
3232
3142
3078
3029
3004
2940
2915
2912
2866
2782
2750
2746
2694
3426
3139
3084
2978
2786
2738
2726
2804
3331
3070
2992
2933
3358
3032
2918
2819
3267
3041
2785
2831
2688
3102
3332
2894
3261
3160
2783
3241
3208
3138
2709
3007
2830
3287
3260
3240
3223
3212
3140
3120
3009
2989
2921
2904
2713
3246
3334
3285
3203
2900
2739
2958
2803
2727
2690
2721
2671
2724
3416
3378
3320
3152
3116
3082
3035
2980
2950
2853
2849
2812
2748
2742
3051
2951
2845
3455
3559
3452
3575
3930
3918
3832
3635
3617
3560
3488
3457
3576
3477
3852
3520
3928
3796
3578
3979
3626
3522
3611
3780
3667
3480
3721
3625
3586
3484
3884
3734
3618
3514
3438
3978
3977
3973
3972
3971
3970
3969
3968
3966
3964
3963
3962
3960
3959
3958
3957
3955
3950
3947
3946
3944
3943
3942
3941
3940
3939
3938
3937
3935
3934
3933
3931
3929
3927
3926
3925
3922
3920
3919
3917
3916
3915
3913
3912
3911
3908
3907
3906
3905
3902
3901
3899
3898
3896
3895
3894
3893
3891
3890
3889
3888
3887
3885
3882
3880
3876
3875
3874
3873
3871
3870
3866
3864
3863
3862
3860
3858
3857
3856
3855
3854
3851
3850
3849
3847
3845
3842
3841
3840
3839
3838
3837
3836
3835
3834
3831
3829
3828
3827
3826
3824
3821
3820
3817
3816
3815
3813
3812
3811
3809
3808
3807
3805
3804
3803
3801
3800
3799
3798
3795
3791
3790
3789
3788
3787
3786
3785
3784
3783
3782
3781
3778
3775
3773
3772
3770
3769
3767
3766
3765
3763
3762
3760
3759
3758
3757
3755
3754
3752
3751
3749
3748
3747
3745
3744
3743
3742
3741
3740
3739
3737
3736
3735
3733
3731
3730
3728
3727
3726
3725
3724
3723
3722
3717
3716
3715
3714
3712
3711
3710
3708
3707
3706
3705
3704
3703
3702
3700
3698
3697
3696
3695
3694
3693
3692
3691
3690
3689
3688
3687
3686
3685
3683
3682
3680
3678
3676
3675
3673
3672
3671
3670
3669
3668
3666
3665
3662
3661
3660
3659
3658
3657
3656
3655
3654
3653
3652
3650
3649
3648
3647
3646
3644
3643
3642
3641
3640
3639
3637
3636
3634
3632
3631
3629
3628
3627
3624
3623
3621
3620
3616
3615
3614
3613
3612
3610
3608
3607
3606
3605
3604
3603
3602
3601
3600
3598
3597
3596
3595
3594
3593
3589
3588
3587
3585
3583
3580
3579
3574
3573
3572
3570
3567
3566
3565
3564
3563
3562
3558
3557
3555
3552
3551
3548
3547
3546
3545
3544
3542
3538
3537
3536
3535
3534
3533
3532
3531
3530
3529
3528
3526
3524
3523
3521
3518
3516
3515
3512
3511
3509
3508
3507
3506
3504
3502
3500
3498
3496
3494
3493
3492
3491
3490
3489
3486
3482
3481
3479
3478
3476
3475
3474
3473
3471
3470
3469
3468
3467
3466
3464
3463
3462
3461
3460
3458
3453
3451
3450
3449
3448
3446
3445
3443
3442
3441
3440
3439
857
3779
3577
3550
3517
3495
865
698
3346
2914
3383
3274
3221
2954
2762
2736
3067
3419
3365
3327
3253
3076
2791
2685
3411
3342
3292
3254
3150
3039
2923
2719
3097
3077
533
670
573
665
628
577
595
633
626
623
675
659
658
650
578
621
685
636
433
522
530
470
3961
3861
3487
3454
571
666
572
568
562
534
532
499
476
468
466
454
453
448
437
429
411
406
401
399
386
384
383
379
377
372
358
356
349
305
81
160
234
154
289
564
501
441
393
364
351
97
145
464
298
212
181
14
321
10
311
162
262
284
344
45
150
167
270
318
261
221
60
59
55
13
196
203
255
192
301
44
121
248
309
338
336
272
88
40
302
180
101
237
227
190
111
82
29
271
252
200
186
176
169
69
30
193
213
158
328
273
218
78
274
72
26
20
133
449
529
371
2291
2660
2636
324
308
125
122
67
21
2540
2601
2001
2536
2640
2538
2365
2659
2658
2657
2656
2654
2650
2648
2647
2634
2632
2626
2621
2620
2614
2596
2595
2587
2585
2584
2579
2577
2570
2565
2562
2558
2548
2545
2541
2535
2532
2523
2517
2515
2514
2513
2505
2494
2493
2490
2488
2483
2481
2477
2470
2455
2453
2452
2450
2441
2439
2437
2421
2407
2405
2401
2388
2380
2374
2373
2360
2357
2353
2349
2342
2341
2337
2321
2320
2317
2307
2301
2297
2284
2281
2270
2269
2265
2263
2256
2255
2245
2238
2237
2236
2227
2225
2219
2213
2204
2202
2192
2182
2178
2173
2170
2168
2162
2160
2159
2158
2157
2152
2146
2129
2120
2114
2113
2106
2105
2100
2097
2091
2089
2085
2082
2079
2076
2070
2056
2051
2041
2029
2025
2023
2019
2017
2016
2014
2013
2012
2009
2008
2004
2000
1999
1998
1997
1996
1991
1989
1977
1968
1965
1958
1957
1951
1950
1949
1937
1936
1935
1934
1933
1931
1924
1919
1915
2316
1921
2576
1982
2426
2392
2466
1988
1974
1952
2631
2591
2561
2500
2404
2386
2136
2118
2104
2103
2046
2020
1946
1929
1917
2427
2581
2055
2557
2448
2440
2366
2260
2175
2166
2036
2618
2358
2230
2645
2583
2447
2378
2364
2171
2027
2024
2022
2018
1995
1976
1973
1972
1928
2655
2638
2624
2606
2574
2573
2554
2553
2552
2549
2546
2542
2521
2506
2504
2499
2492
2485
2484
2476
2469
2454
2446
2443
2433
2430
2429
2423
2418
2395
2391
2376
2363
2359
2356
2352
2350
2340
2339
2331
2326
2311
2299
2290
2287
2278
2275
2262
2261
2220
2216
2212
2210
2201
2200
2190
2184
2179
2172
2165
2164
2154
2150
2140
2139
2131
2124
2122
2115
2112
2109
2098
2084
2083
2077
2074
2073
2069
2064
2060
2045
2037
1993
1986
1984
1983
1971
1966
1962
1953
1943
1938
1925
1918
2389
2362
2480
2531
2312
2329
2635
2599
2432
2355
2048
1961
2641
2628
2107
2274
2612
2610
2529
2459
2400
2116
1969
2252
2177
1970
2652
2603
2568
2518
2479
2415
2243
2222
2221
2110
2096
2075
2501
2496
2390
2226
2644
2637
2580
2572
2566
2534
2525
2503
2497
2474
2425
2416
2411
2406
2403
2397
2371
2361
2335
2322
2318
2314
2313
2310
2305
2296
2286
2277
2272
2248
2242
2231
2214
2211
2209
2205
2193
2186
2145
2141
2126
2080
