0
4036
846
3748
4032
241
1581
335
2195
3453
1065
2483
4034
4024
4022
4010
858
757
854
401
750
1586
735
2178
550
3856
4015
1105
3445
43
3071
358
602
307
112
1119
2998
2691
1466
624
656
3650
1270
2596
1206
153
1627
1967
1194
3801
2470
2722
2952
292
2808
4001
70
74
3935
1797
2569
607
2541
648
256
3974
945
468
114
2980
1690
1834
209
3987
3451
233
3885
230
253
97
182
1002
1046
749
775
4017
3986
3991
3994
4013
4000
4019
4018
4002
3997
3981
4026
3993
3985
4038
4011
4037
4014
4009
4035
4031
4030
4028
4027
4023
4021
4020
4012
4004
4003
3998
3996
3995
3989
3988
3982
3980
4016
4025
4007
3990
894
879
866
825
874
873
872
885
877
855
852
714
771
712
839
725
889
895
887
884
883
881
871
870
867
859
888
886
882
876
863
841
801
798
796
791
789
788
776
767
736
733
732
729
717
702
692
689
700
744
721
704
806
743
822
786
742
782
707
691
723
869
811
893
878
864
861
768
812
890
818
769
727
849
756
779
753
843
880
832
710
698
797
715
804
770
716
783
764
740
795
760
766
739
687
853
828
780
751
842
826
821
777
696
695
688
686
737
711
790
755
745
730
718
851
850
848
840
833
830
829
817
816
813
800
794
774
762
746
734
708
701
690
784
694
856
838
820
819
815
793
792
765
759
754
747
719
709
844
837
824
778
697
847
845
836
835
834
831
827
823
814
810
809
808
807
805
803
799
787
781
773
772
763
761
758
752
748
741
738
731
728
726
724
722
720
713
706
703
693
705
785
892
891
875
802
699
865
4005
3999
4033
4029
4008
4006
3992
3983
594
667
3984
3875
86
44
201
8
152
71
228
93
192
3074
3537
3777
3887
3678
3816
3673
3893
3854
3720
572
316
207
2621
2565
2321
262
47
79
120
333
2
338
270
259
263
225
102
293
20
111
41
32
139
38
149
140
91
29
328
275
273
181
4
99
23
254
194
191
278
221
132
309
108
283
180
138
343
310
115
28
347
168
319
3147
3122
2776
3175
2798
2963
3413
3134
3428
3408
3270
3015
2898
3424
2219
2517
3432
3266
3088
2692
339
246
3544
3626
3522
3899
3579
3465
3531
3696
3914
3897
3849
3733
3444
3973
3765
3744
3457
3600
3976
3669
3679
3890
3532
3882
3749
3923
3751
3632
3659
3783
3619
3947
3786
3606
3668
3837
3836
3757
3675
3774
3759
3571
3519
3476
3560
3736
3812
3955
3652
3489
3481
3565
3477
3564
3716
3664
3459
3649
3479
3926
3514
3880
3730
3557
3646
3631
3916
3555
3710
3809
3791
3641
3500
3931
3539
3594
3635
3843
3818
3768
3487
3942
3944
3762
3461
3972
3474
3925
3723
3530
3504
3811
3891
3703
3892
3694
3623
3584
3770
3617
3612
3906
3469
3488
3862
3512
3827
3802
3728
3666
3608
3667
3919
3883
3562
3958
3439
3909
3896
3794
3761
3752
3506
3773
3959
3785
3731
3864
3700
3834
3690
3707
3658
3542
3528
3518
3450
3775
3978
3548
3903
3719
3648
3814
3771
3585
3549
3951
3870
3572
3509
3817
3937
3895
3793
3782
3901
3967
3933
3747
3655
3852
3543
3912
3857
3900
3878
3866
3764
3645
3601
3524
3458
3956
3945
3634
3464
3460
3443
3558
3876
3850
3835
3769
3735
3588
3498
3491
3642
3485
3471
3662
3624
3819
3743
3977
3941
3921
3918
3753
3715
3508
3470
3536
3805
868
411
377
449
467
530
351
393
320
204
101
311
222
340
63
231
59
190
22
85
250
223
276
248
5
285
295
142
84
303
280
156
104
55
31
331
277
141
332
313
281
251
212
200
169
165
98
56
26
9
304
265
261
199
118
299
92
88
73
54
3418
1956
1950
2431
2177
2008
2439
2349
2204
2034
2515
1974
2035
2632
2207
2170
2651
2548
2263
2230
2130
2100
2051
2041
1934
2080
2650
2486
2076
1992
2173
2094
2158
2350
2487
2613
2360
2251
1933
2383
2193
1949
2181
2558
2217
2587
2497
2424
2166
1915
2168
2120
1982
2288
2089
2570
2591
2186
2577
2341
2197
2337
2012
2156
2014
1952
2050
2016
2017
2427
2307
1936
1922
2021
2157
1991
2639
1914
1963
2581
2563
2353
2656
2286
2114
1975
2618
2448
2440
2291
2162
2091
1960
1973
1928
2637
2446
2311
2213
2109
2033
2540
2485
2212
2122
2060
1986
2443
1983
1979
2638
2590
2556
2554
2299
2229
2165
2139
2093
2074
2043
2357
2660
2583
2001
1927
2022
1957
2624
2578
2574
2536
2520
2492
2352
2290
2200
2188
2124
2123
2046
1988
2270
2647
2636
2297
2027
2004
2658
2657
2645
2627
2620
2494
2459
2364
2346
2202
2159
2097
1999
1995
1980
1958
2623
2607
2604
2602
2549
2500
2467
2423
2418
2408
2363
2308
2271
2258
2220
2216
2179
2150
2140
2095
2059
2056
2005
1918
315
178
130
30
16
286
346
345
344
341
337
334
330
326
323
322
321
317
314
312
308
306
302
301
300
298
297
296
291
290
289
288
287
284
279
274
272
268
266
264
260
258
257
255
252
249
247
245
243
242
240
238
237
236
235
234
232
227
226
224
220
218
216
215
214
213
211
210
208
206
205
203
197
196
195
193
187
186
184
183
177
175
174
172
167
166
164
162
161
159
158
155
151
146
144
143
137
135
134
133
131
129
127
126
125
124
123
121
117
116
110
106
103
96
95
94
90
89
87
83
78
77
75
72
69
68
66
65
62
61
60
57
53
51
49
46
45
40
36
25
24
19
17
14
12
11
10
7
6
3
3323
3167
3156
3093
2930
2744
3376
2767
3217
3059
3246
3181
3131
2902
2732
2884
3218
2861
3112
2663
3030
3262
3305
2774
3354
3141
3105
2799
3388
3013
2770
3398
2701
2804
2713
3123
2935
2933
2700
3322
3155
3066
3012
3358
2686
3427
3401
2961
3436
3389
3288
3303
3128
3429
3094
2832
3349
3392
3095
2888
2859
3352
3281
3202
2967
2761
2746
3317
3261
3120
3190
3304
2705
3393
2759
2709
2794
3286
2996
3044
2897
3312
3034
3212
3209
3058
2712
2720
3040
2789
3129
2835
3238
3065
2664
3075
3321
2841
3234
2912
2872
2666
3313
3215
3194
3107
3153
3139
3022
2866
3435
3301
3073
2924
2880
3257
3092
3000
2931
2756
2741
2771
3026
3189
3110
3400
3394
3364
3084
3036
2874
2862
2766
3371
3285
3007
3178
3138
3048
2668
3231
3114
3253
3009
2715
2671
2807
2749
3213
2940
2910
3423
3311
2959
2870
3384
3226
3104
3064
3023
2988
2927
2915
2905
3348
3158
2966
2907
2680
2679
2669
3332
2894
2823
3334
3387
3293
3228
3029
3014
2786
3375
3284
3195
3108
3098
3096
3085
3056
3010
2994
2920
2917
2916
2906
2873
2827
2717
2698
2683
3264
3187
3087
2904
2843
2702
3206
3192
3102
3101
3017
3016
2781
2772
2765
3414
3363
3324
3193
3184
3004
2909
2890
2777
2763
2754
3318
2982
2972
2889
2879
2834
3329
3099
2868
2762
3386
3337
2984
2955
2791
3391
3297
3296
3274
3049
3021
2970
2876
2793
2687
3279
3081
3061
2921
2716
2685
3343
3319
2914
2784
3299
2733
2672
3369
3276
3242
3395
2871
3368
3275
3196
2865
3377
3306
3210
3254
2836
3298
3089
2735
2719
3161
3043
2941
3340
3157
2923
2688
3248
2693
1890
2641
2316
2210
2646
2631
2611
2606
2600
2593
2575
2521
2507
2495
2430
2428
2407
2395
2369
2356
2329
2323
2309
2306
2300
2237
2184
2115
2112
2108
2090
2073
2064
2055
2037
2020
1953
1925
2560
2426
2348
2208
2366
2406
2362
2355
2400
2252
2099
2635
2185
2544
2287
2525
2496
2126
2249
2462
2415
2222
2221
1970
2653
2610
2534
2453
2416
2403
2335
2310
2296
2272
2214
2205
2145
2066
2049
2031
1930
2502
2571
2518
2472
2445
2399
2367
2304
2280
2133
2601
2588
2537
2489
2473
2449
2345
2303
2259
2240
2211
2127
2092
2063
2058
2019
2652
2599
2436
2319
2254
2232
2075
1981
2471
2347
2609
2516
2511
2434
2398
2328
2241
2235
1994
1987
1939
3136
2818
2795
2768
2760
1157
2711
3405
2895
2811
3335
3240
3203
3186
3024
2995
2780
2779
2758
3207
3191
3159
3086
2830
3379
3359
3346
3273
3255
3113
3069
3068
2951
2662
3118
2690
2829
2775
2696
3373
3244
2947
3350
3280
3277
3239
3204
3201
3199
