0
4019
696
286
219
282
3686
2527
3996
155
70
624
3413
1253
1395
233
1657
4034
2269
4006
3990
3727
301
1560
602
4028
2595
319
873
872
846
81
447
210
1466
4003
2168
485
364
1854
2541
2503
4029
335
1417
3589
245
1176
129
2106
3544
3055
207
386
2382
3376
2204
4015
621
3729
3983
3447
3974
255
1486
1693
2898
3746
234
3771
43
2569
307
1002
3408
3305
4002
2195
1498
3197
868
2792
454
120
464
316
3885
3637
228
1194
4032
1203
206
2855
60
3807
61
4010
1977
1546
607
3935
3682
1022
674
2814
3820
379
305
240
3375
3856
2079
3467
1096
3986
182
112
3689
1510
3093
499
4020
912
189
2922
3006
3183
3451
910
1071
51
2481
4035
76
468
3704
1586
3691
3787
267
3875
996
1248
399
3282
3965
358
3857
33
71
1145
260
3801
3037
3846
1760
205
192
49
2437
3427
401
3074
3808
259
193
264
201
110
91
8
393
6
147
95
327
89
47
3606
3949
3441
4016
4007
1776
256
1202
244
154
878
855
879
858
882
886
717
866
876
895
870
729
804
852
788
874
877
691
789
714
890
894
889
888
875
871
863
861
859
798
785
733
748
704
826
758
864
869
833
791
732
715
710
885
867
723
812
818
778
746
736
839
816
782
768
767
707
822
725
689
831
851
779
753
739
813
795
769
738
708
698
838
797
814
734
703
880
840
763
853
810
706
765
716
842
756
808
787
745
809
803
781
705
829
754
711
694
834
821
792
771
766
752
751
701
697
687
856
854
850
848
847
845
844
843
837
836
835
830
827
825
819
817
815
811
807
806
805
796
793
786
783
780
777
776
773
770
757
755
749
742
741
740
730
726
724
722
713
712
709
702
700
693
690
849
828
824
823
820
800
799
794
784
774
772
764
762
760
759
747
737
731
728
727
720
718
695
688
686
719
802
881
832
743
790
893
891
883
865
860
841
761
721
735
775
744
887
884
750
699
892
801
692
3985
4018
3991
3993
4005
3995
4009
3981
4036
4033
4027
4025
4024
4011
3999
3988
3984
4031
4013
4017
4038
4004
3998
4037
4014
3997
3980
4023
4021
3994
3982
4030
3992
4000
4026
3987
594
4012
3989
4001
667
4022
4008
3653
3749
3585
3513
3848
3814
3644
3789
3751
3720
3607
3624
3531
3446
3895
3694
3837
3571
3754
3507
3620
3893
3524
3855
3580
3946
3770
3622
3815
3786
3769
3827
3616
3952
3647
3354
3227
2808
3724
3959
3936
3773
3728
3597
3871
3445
3859
3932
3844
3669
3594
3726
3822
3486
3894
3612
3551
3680
3538
3892
3819
3784
3623
3806
3662
3490
3878
3493
3909
3591
3458
3695
3874
3739
3657
3595
3567
3546
3777
3752
3976
3958
3794
3718
3711
3843
3583
3508
3923
3632
3645
3967
3664
3918
3899
3881
3818
3836
3759
3675
3876
3850
3802
3735
3629
3717
3511
3466
3740
3715
3933
3783
3747
3478
3549
3599
3581
3643
3920
3655
3792
3823
3907
3666
3608
3862
3500
3975
3957
3708
3701
3519
3476
3465
3705
3833
3973
3931
3810
3927
3870
3768
3646
3584
3506
3463
3767
3600
3593
3515
3443
3743
3725
3473
3904
3890
3679
3945
3602
3601
3468
3803
3714
3706
3911
3821
3758
3719
3690
3671
3532
3483
3921
3636
3901
3883
3562
3956
3668
3630
3561
3510
3460
3812
3793
3849
3977
3867
3835
3791
3778
3713
3678
3553
3455
3716
3638
3470
3736
3619
3512
3450
3681
3914
3762
3897
3722
2725
3566
2811
3311
2776
3218
2857
3122
3053
2799
3333
3105
2963
2838
2805
2699
2695
3151
2998
3388
3130
3157
3067
2961
3432
2888
3121
2949
3658
3915
3869
3474
3464
3860
3503
3497
3698
3685
3505
3472
3940
3543
3661
3635
3559
3916
3888
3521
3775
3628
3626
3861
3779
3576
3471
3611
3533
3790
3799
3852
3484
3970
3880
3864
3813
3700
3654
3613
3605
3563
3523
3479
3656
3520
3703
3979
3972
3969
3964
3963
3960
3955
3954
3953
3951
3947
3942
3941
3937
3934
3925
3924
3922
3919
3917
3912
3910
3906
3905
3903
3900
3898
3896
3891
3882
3868
3866
3865
3863
3853
3847
3840
3834
3829
3826
3825
3811
3809
3805
3782
3781
3776
3774
3772
3764
3763
3761
3757
3753
3748
3745
3744
3738
3732
3710
3707
3696
3688
3676
3673
3665
3663
3660
3652
3649
3648
3641
3639
3634
3631
3617
3615
3614
3610
3603
3598
3590
3588
3587
3582
3579
3573
3572
3569
3568
3564
3558
3556
3555
3554
3541
3539
3536
3535
3534
3529
3516
3509
3502
3499
3498
3492
3489
3482
3481
3477
3469
3462
3461
3459
3444
3442
3439
3817
3517
3926
3902
3845
3730
3488
3618
3438
3873
3796
3448
3785
3674
3670
3578
3518
3452
3944
3889
3741
3828
3731
3642
3640
3574
3528
3527
3913
3858
3838
3832
3800
3760
3737
3627
3542
3485
3978
3929
3884
3625
3548
3545
2903
1664
598
664
533
3723
3530
3496
466
289
530
377
449
2700
3244
2759
2824
3159
3398
2990
1087
2762
3418
2816
3402
3341
2733
2687
3276
3032
2667
3155
2935
3241
3343
2965
3270
3215
3175
3217
3338
2812
2884
2893
2672
2841
2972
3281
3373
2707
3358
3015
3423
2767
2670
3309
2834
2703
3141
3094
3190
3421
2955
2809
3039
3200
2861
3009
3210
3259
3294
3109
3013
3414
3315
2732
2801
3143
2802
3219
2769
3430
3392
2981
3372
3251
3181
2930
2902
2713
3379
2938
2768
3170
3422
3323
3303
3042
2851
2710
3356
2829
3317
2854
2807
3322
3128
3083
3028
2997
3286
3431
3269
2978
3352
3209
2751
2837
2690
2967
58
2823
2942
2720
3036
3378
2953
2681
2821
2761
3399
3308
2946
3272
3436
2673
3257
2931
3243
2743
3368
2983
2735
3234
3044
2908
3429
2766
3213
3417
2763
3433
3220
3158
2794
3052
2749
3229
3325
3314
2982
3336
2803
3395
3287
3199
2848
3008
2959
3104
3029
2756
3235
3187
2980
2722
2985
2913
2836
2771
3349
3099
2868
2910
3152
2828
3173
3111
3324
3238
3237
3073
2974
2940
2852
2806
2800
2741
2738
2679
3381
3275
3171
3124
3393
3365
3326
2715
3065
3064
2956
2915
2911
2897
2750
3342
3328
3313
3148
3232
3226
2987
2916
2872
2717
3163
3023
3000
2880
2867
2709
3391
3160
3103
3369
3327
3312
2723
2694
3242
3221
3192
2895
3406
2936
2901
2925
3394
3078
2789
2664
3050
2954
2871
3293
3135
2929
2928
2890
2887
2786
2773
2755
3060
3034
3027
2914
2904
2853
2783
3350
2785
3320
3079
3301
2896
2874
2754
2684
2934
2696
3228
3096
3054
2986
2917
2891
2835
2757
2706
3304
3250
3098
3085
3010
2994
2919
2909
2864
2782
2777
2683
3264
2702
2686
3279
3138
3134
3117
2958
3384
3363
3339
3142
3084
3047
3022
3014
2906
2877
2698
2689
2669
3300
3114
2731
2726
3419
3355
3274
3261
3185
3038
2790
2765
3321
3106
2973
2734
3310
3156
2688
3266
3089
2921
2665
3411
3298
3297
3172
3113
2937
2894
2797
2742
3950
3831
3795
3756
3702
3609
3604
3966
3886
3672
3621
3526
3501
3491
3475
3948
3943
3930
3839
3788
3712
3697
3693
3592
3586
3547
3522
3504
3454
862
3938
3877
3841
3824
3683
3525
3480
3449
3968
3797
3552
3971
3962
3842
3830
3780
3667
3440
3437
3851
3804
3734
3692
3687
3633
3596
3577
3557
3514
3495
857
3258
486
459
435
380
1218
1372
3374
3307
3208
3110
2727
987
928
1065
1042
1057
1016
1403
979
955
1627
1755
1233
1106
986
1169
656
649
1412
478
470
678
618
675
588
671
587
658
616
680
612
605
677
597
670
635
643
582
684
672
653
626
609
603
573
625
631
665
661
647
628
615
599
577
685
636
633
623
574
662
650
576
644
510
365
3961
3487
572
498
543
479
593
539
477
529
472
352
522
551
505
381
445
372
568
476
557
554
518
441
474
405
407
501
351
214
976
531
362
620
349
519
396
590
521
489
403
359
354
569
471
469
369
357
676
560
487
481
355
444
383
666
507
458
415
555
463
460
422
3201
2784
3256
2844
2818
3164
3211
1905
3410
3371
3223
3068
3020
3233
3306
3285
3176
2719
3380
3377
3346
3177
3168
3077
3076
2900
2830
2870
2820
2721
2671
3295
3288
3154
3405
3370
3359
3207
3069
3061
3051
3002
2951
2947
2845
2737
2730
2728
2711
2682
2662
1045
909
1023
1364
1356
1478
1428
1385
1147
1300
395
3335
3255
3196
3145
3136
3087
2918
2865
2758
2744
2718
3205
3252
3239
2780
2778
2999
2678
3434
3397
3360
3353
3347
3332
3296
3291
3253
3224
3214
3169
3082
3072
3070
3049
3017
3007
3005
2970
2939
2875
2869
2796
2781
2770
2748
2674
3043
3361
3340
3302
2941
2923
2677
3165
3062
2968
2964
990
3435
3428
3426
3424
3420
3416
3415
3409
3404
3403
3401
3400
3396
3390
3389
3387
3386
3383
3382
3367
3364
3362
3357
3351
3348
3345
3344
3337
3334
3331
3330
3329
3318
3316
3299
3292
3289
3284
3283
3280
3277
3273
3271
3267
3262
3260
3254
3249
3248
3247
3246
3240
3236
3231
3225
3216
3212
3206
3204
3203
3202
3198
3195
3194
3193
3191
3189
3188
3186
3184
3182
3180
3174
3167
3166
3161
3153
3150
3149
3146
3144
3140
3139
3137
3133
3132
3131
3129
3125
3123
3120
3119
3118
3116
3115
3112
3108
3107
3102
3097
3095
3092
3090
3088
3086
3081
3080
3075
3066
3063
3059
3058
3056
3048
3046
3045
3041
3040
3035
3033
3031
3030
3026
3025
3024
3021
3018
3016
3012
3011
3004
3003
2996
2995
2993
2992
2991
2989
2988
2984
2977
2976
2975
2969
2966
2960
2957
2952
2950
2948
2945
2944
2943
2933
2932
2927
2926
2924
2920
2912
2907
2905
2899
2889
2886
2885
2882
2881
2879
2878
2876
2873
2866
2863
2862
2860
2859
2858
2856
2850
2849
2847
2846
2843
2842
2840
2839
2833
2832
2831
2827
2819
2815
2810
2804
2795
2793
2791
2788
2787
2779
2775
2772
2760
2753
2747
2746
2745
2739
2729
2716
2712
2708
2705
2701
2697
2685
2680
2676
2675
2668
2666
2663
2661
3319
2822
2693
3263
3179
1727
1033
3872
3750
3721
3684
3677
3651
3550
3540
3456
398
527
408
905
537
462
420
400
1773
1177
1602
914
651
970
1747
1907
1638
1246
1114
1654
1072
1264
937
1901
931
1696
1044
1406
945
1228
1152
936
1666
1698
1098
389
956
1681
1451
1825
1887
1840
1847
1244
1035
1212
1647
1615
3178
949
1803
1676
1240
1582
1508
903
1319
1579
1397
1353
1573
1234
1094
1062
1785
1296
977
1179
1625
1838
929
1512
1593
1309
1812
1454
1286
989
941
1906
1672
1348
1311
1121
1052
1174
1136
1748
1011
1686
1649
1159
1310
1299
1258
1131
1115
988
1706
1682
1630
1784
1739
1624
1489
1190
1014
984
902
1088
1841
1550
1481
943
1099
1051
1032
1018
1650
1876
1041
1892
1764
1082
1015
1134
1606
1565
1030
1904
1541
1482
1189
1316
1798
1634
1141
1354
1418
1766
1526
1514
1229
975
1607
1183
1138
1896
1889
1788
1368
1872
1592
1576
1231
1158
1009
981
1890
1903
1899
1636
1635
1596
1448
1426
1413
1322
1120
1007
1859
1587
1347
1279
1100
1067
596
1778
1699
1770
1709
1525
1308
1037
1000
1667
1504
1648
1333
938
1304
1396
1081
1188
944
1469
1802
1568
1533
1493
1363
1837
1733
1601
1716
1655
1628
1611
1583
1462
1432
1392
1315
1298
1257
1148
1783
1742
1591
1479
1104
1066
971
924
1549
1464
1425
1221
1566
1342
1064
1850
1503
1502
1215
1427
1751
1373
1261
942
898
1548
1468
1314
1232
1118
1442
1679
1870
1645
1446
1142
1025
434
1070
520
451
442
432
425
1878
1692
1408
1349
1226
1122
545
493
465
440
417
409
404
375
368
363
1875
1848
1801
1763
1744
1740
1732
1729
1695
1694
1661
1631
1515
1492
1490
1455
1429
1400
1332
1324
1284
1282
1273
1102
1001
962
917
896
669
606
591
497
494
388
385
373
367
1673
565
559
556
542
506
496
491
490
488
450
439
394
366
361
683
682
681
673
663
659
654
646
645
640
639
634
632
630
627
622
619
617
611
610
600
595
592
589
586
584
583
581
579
578
575
558
553
544
513
374
571
567
564
562
561
548
547
546
541
536
535
534
532
528
523
517
516
514
511
509
504
503
502
495
492
480
473
457
456
455
448
446
438
436
431
429
426
424
421
418
416
413
410
397
392
390
382
376
371
350
198
2740
1387
269
150
221
152
216
427
46
160
63
20
17
97
135
1574
1374
1210
641
614
604
601
570
549
525
524
515
512
508
500
482
461
452
430
423
419
412
402
391
387
378
370
360
217
64
16
24
196
326
1268
2979
2825
2813
1794
3057
2826
1436
566
1008
1711
1569
1531
1726
915
1058
1562
1266
1050
3412
3366
3162
3100
3019
3001
2962
2892
2752
2724
951
1411
1150
1197
1433
900
1829
1575
1162
1091
1897
1818
1463
1073
1564
1544
1424
1439
1245
1435
1453
1885
1860
973
1274
1874
1422
1441
1831
1532
1112
1020
1155
1375
1894
1658
1473
994
637
1572
1220
1652
1821
1187
1484
1678
1398
1644
1276
1771
1745
1497
1528
1026
1265
1133
3385
3278
3265
3245
3222
3101
2883
2764
1505
3290
1684
1642
1151
1450
913
1710
1291
1287
1239
1805
1827
1866
1708
1705
1567
1555
1511
1328
1325
1144
1085
950
1782
1737
1340
1054
526
484
1844
1677
1660
1545
1543
1536
1237
968
353
1900
1160
1068
1039
1881
999
1254
1178
991
1605
1172
1024
1542
1447
1351
1336
1219
1741
1620
1571
1517
1056
1457
1069
1063
960
1910
1908
1895
1893
1884
1882
1880
1873
1871
1869
1862
1857
1856
1855
1853
1843
1833
1830
1828
1824
1822
1820
1815
1814
1810
1808
1807
1806
1797
1796
1790
1787
1786
1781
1775
1767
1762
1759
1756
1749
1743
1738
1731
1728
1725
1720
1719
1715
1704
1703
1701
1700
1691
1690
1680
1671
1670
1651
1646
1640
1633
1629
1616
1599
1595
1588
1585
1578
1556
1553
1552
1539
1529
1524
1519
1507
1500
1499
1496
1495
1494
1477
1475
1474
1472
1461
1459
1452
1444
1443
1438
1423
1421
1419
1415
1414
1410
1404
1401
1394
1384
1382
1381
1379
1378
1371
1366
1362
1360
1358
1357
1355
1350
1346
1345
1344
1343
1338
1326
1320
1318
1317
1313
1307
1306
1303
1302
1301
1297
1295
1294
1292
1281
1277
1275
1260
1259
1252
1251
1249
1247
1241
1236
1235
1230
1227
1225
1223
1217
1216
1213
1206
1204
1200
1193
1192
1186
1170
1168
1167
1166
1154
1143
1139
1137
1129
1127
1119
1113
1111
1109
1108
1103
1097
1095
1093
1090
1089
1086
1080
1061
1060
1055
1053
1046
1043
1040
1038
1036
1027
1021
1019
1013
1012
1010
1005
992
985
974
972
969
965
964
963
958
957
954
948
940
939
935
933
930
919
907
901
899
629
580
563
538
483
475
414
348
171
1924
2245
2483
54
53
100
130
250
224
134
309
338
39
345
69
45
222
132
311
44
265
184
127
299
204
92
57
40
86
306
4
83
190
14
273
218
181
78
266
145
268
223
55
347
243
173
148
50
312
28
225
143
99
73
48
23
342
142
