107
2229
1684
3437
553
2742
2754
559
3851
1413
1037
0
719
2992
398
3924
3449
3514
546
1041
3072
747
1427
3264
1155
3000
363
188
722
1908
203
4014
4016
3778
2459
2735
207
1097
170
3070
3947
421
513
3446
3224
1382
578
1931
2867
3238
3627
990
2806
135
1586
3873
2772
3829
515
3430
2892
392
1687
1536
621
3269
766
3524
1786
4019
1763
113
267
823
394
1725
3327
979
157
2342
4026
2248
3253
3001
3610
3775
3470
58
1223
3579
3907
2828
3145
689
3138
2562
2066
79
1469
1275
1300
1534
2665
2785
3959
3831
964
1494
1678
3680
3153
3033
659
583
1108
3351
2421
387
645
3866
2487
2818
1769
32
3353
1548
2658
133
356
2337
1170
2001
2620
3289
3728
3980
3121
3986
1702
2565
3079
1050
2948
1607
238
2908
3705
742
2925
462
3673
30
213
3823
1690
3810
80
3292
1043
3854
2912
3522
3659
2695
744
139
1378
39
2784
3568
454
1629
3686
3489
2228
3899
643
596
367
2375
548
877
1838
1568
2519
2466
2236
95
3127
3533
2076
3620
4013
688
3256
2844
2843
3606
833
2841
522
296
2448
2580
3801
1277
2678
293
3743
1368
1496
242
1071
3904
3532
3382
3128
715
1850
2819
3005
1455
724
2015
753
863
3530
3148
894
924
811
4020
1694
2107
958
910
2861
985
219
3638
2145
3594
4000
3573
34
2569
3410
915
2856
2715
610
795
330
1569
968
2023
3356
1354
555
3675
155
2666
2802
2923
3412
3593
544
867
2498
2958
1626
3181
4001
3663
110
1452
2783
337
3584
3622
646
591
1145
340
2970
4003
1433
3842
1310
3245
13
2380
2360
2879
716
3025
2933
876
2937
1775
3396
3335
794
3815
1114
2934
3342
3619
2871
3992
407
3211
2884
2762
433
1743
3286
339
1756
1196
1673
1625
1844
3457
2277
3988
3997
1139
1426
2825
1133
2505
705
699
734
2837
3231
2587
3080
1105
616
579
416
1397
121
585
2577
563
1489
3976
2903
2484
1484
3981
3937
3859
3761
3499
3821
3309
810
3560
775
1236
429
1441
3596
2443
1705
3180
2119
3799
3933
1138
3325
1558
2794
2596
1197
214
3022
1333
996
882
162
342
1166
3069
883
123
3516
1448
3729
3692
3621
3089
3406
3030
2712
783
144
2793
499
2385
495
2765
395
1699
1463
866
369
424
452
455
2222
748
417
3679
982
3451
1544
549
3260
1996
2792
485
2702
307
218
1575
249
3903
763
2930
3368
55
323
262
3531
3777
3975
1186
2779
3901
3505
750
2850
1749
2000
2456
2710
3217
3474
3485
3465
1418
891
3307
331
1977
239
613
2230
3926
347
148
4035
1731
375
3048
2898
150
1760
706
3914
803
338
3323
265
540
209
3791
1627
381
463
569
3647
3580
3502
2952
1395
126
1142
2838
2281
396
1910
2390
914
1049
3909
3816
832
2151
912
1187
1087
1084
704
3104
4025
906
3117
3927
3092
2444
377
3598
2208
1948
1676
2215
1264
3923
598
3071
282
14
384
2857
776
1143
3878
1510
1905
3110
2789
2957
2845
844
255
939
1492
482
609
1176
739
1853
1308
1490
2452
1461
1545
371
1307
2932
1513
730
3911
2641
1039
1190
228
3592
3401
723
3408
3476
90
3268
1021
1270
3787
3273
74
4005
3216
3802
626
1246
590
2637
858
1638
2548
3925
1383
2291
168
3095
1430
534
749
2707
682
2982
861
2234
1000
1177
605
1987
1119
2973
608
1011
4027
47
300
1722
1428
38
3850
243
1855
727
3122
3357
336
3388
528
302
3741
822
3685
427
2367
1034
1208
16
1219
2246
2129
3542
3577
3081
885
2916
1677
948
2817
171
189
1814
229
3884
3817
3630
2027
1927
2024
3490
836
230
2235
390
505
1446
1549
388
488
2344
2149
3581
1018
3004
2821
570
3776
761
3848
2070
1698
3838
943
451
3789
432
469
1842
2972
611
663
1890
814
3431
3862
1587
1899
1306
1260
3998
1829
1095
1671
1425
1773
1443
2393
119
2881
78
3345
3060
2988
2160
857
2939
3169
1603
3170
3812
1837
1802
3921
3636
3710
2902
660
1754
3784
1357
3865
510
3972
415
2688
3086
2713
2697
349
3373
3015
3880
3149
361
2790
1818
3708
1472
3312
2723
1679
3868
3520
3552
1069
4021
2799
3963
4031
108
1473
1188
974
802
3374
3328
878
3164
817
819
3287
3991
3306
3421
3192
1215
204
1304
1770
1311
3672
1904
3725
2182
1726
4011
1417
3964
975
913
1704
1303
1881
1729
1322
22
1233
2441
68
539
3087
3249
2865
3214
2422
824
711
3754
3511
3575
3176
1924
2650
2513
3618
3795
1960
1232
1371
901
929
512
3615
547
655
574
3407
3996
584
635
600
628
2158
3665
3733
1674
161
3671
3905
4015
3129
3435
3387
3114
3094
1141
2684
2349
4010
3137
2755
3052
3108
3039
593
1239
1182
1384
1889
3719
3547
94
3792
1851
3147
3623
12
3112
329
3561
3612
2931
2264
2896
3916
959
3142
380
782
3498
313
404
3276
3246
1337
3993
1047
3459
3212
3735
2025
2225
2998
2639
3259
1914
3977
1820
1129
1779
1115
1221
1653
183
276
678
3861
3338
2878
2801
2567
3255
1485
932
3500
1183
1349
2204
3999
1454
1875
640
681
661
2492
2969
3526
2576
3131
3564
1784
1274
386
780
3657
3886
3310
3545
3067
3058
2634
3423
3333
3724
1709
411
1348
1748
169
3349
1440
2031
2709
839
784
3196
3032
3392
97
289
2995
3088
3007
3434
2991
3713
321
3715
2701
2900
2528
3950
3550
2767
3343
3411
3326
2159
2286
1978
2310
2628
1921
2411
3124
1928
657
793
2996
977
1005
949
2626
1292
1125
630
1739
1672
676
2040
1004
759
923
726
741
1942
100
3
153
1878
1237
2568
3361
3928
1860
1893
1192
1909
1559
673
2663
3376
1892
3970
622
1686
3957
986
2499
152
3678
2847
1325
2501
2670
2316
3892
1127
2014
2731
620
3726
383
2660
3221
1445
2822
2609
3160
17
4029
899
1656
99
3913
3730
2515
664
1431
222
1825
1339
3528
1483
2287
3763
3919
3910
2897
1866
2949
2679
1578
2358
3908
594
1096
2777
564
3282
2993
1944
3882
1193
3003
237
1703
227
1628
3105
973
3400
2388
808
1715
3582
1479
1158
3736
1550
2195
3013
1952
3771
2833
3652
3267
2544
911
2950
3285
3404
3254
3863
3662
3546
629
3895
3837
2842
1654
581
3949
1922
538
2859
1295
1785
1278
64
3371
2733
3658
3173
1144
426
3874
443
365
3099
3037
465
370
1140
3045
3706
1788
3683
642
3428
36
220
3379
2517
3519
4028
1254
1268
2100
2034
2737
3418
3709
3994
2056
2137
2524
3700
447
21
62
248
200
3197
1151
3305
1519
2938
1161
860
2259
1480
201
2039
3523
2255
2185
46
437
2435
1220
1803
2633
374
198
3827
4006
3772
3041
1517
3946
3985
4032
2575
72
1327
2967
2392
1038
274
40
15
2177
303
2293
1605
1167
733
3820
147
2130
840
713
693
263
767
1633
341
87
656
436
1882
1616
2740
1102
1565
176
1372
2091
2094
3896
2227
1404
516
2126
2651
3336
3425
1013
1075
2379
3281
3427
3119
2888
3452
19
2773
1064
2986
232
1218
1547
1780
1967
3384
1063
3218
3193
191
3565
683
3294
3893
535
3047
712
1147
2909
3366
1262
6
2481
551
2019
2527
151
3813
771
850
2955
2431
1696
3213
117
81
1843
3190
1514
757
449
525
796
1531
852
1293
1647
1543
4018
1848
1029
2285
2791
1434
3879
841
2921
174
3050
804
2771
3358
1592
3512
401
3749
798
3942
259
4033
1092
1564
1495
206
1777
260
1894
2714
1503
2044
2812
1733
1362
834
2167
468
1451
1077
190
1406
1732
3175
3525
3600
725
1326
3967
44
2217
2662
3118
335
2775
3393
2983
658
1297
987
399
2057
3059
2087
1353
1168
3876
1745
740
962
359
355
2099
3720
2997
930
3695
2889
567
2152
3760
3952
3808
1501
1474
3635
904
881
1762
3202
3517
2450
2636
1386
3944
3462
1834
3707
3649
3486
3714
1637
2273
3890
167
2522
3028
1234
288
2416
825
2021
2661
3378
2028
1088
2061
1570
1527
1666
3204
3102
3100
751
3068
562
3416
279
2739
2894
3537
215
2321
2807
2753
2401
480
1110
890
3367
3329
1022
1907
3375
514
3133
1989
1412
478
3461
1933
3144
3540
24
177
1950
3746
2048
1631
3544
1958
3583
160
880
3885
2470
3935
1165
785
755
4023
3454
845
2700
769
2226
812
3227
310
3567
1865
130
256
1466
270
37
327
120
418
382
665
20
257
3965
295
3676
1263
662
2298
843
199
240
3229
212
332
887
290
3589
3308
268
57
345
205
3690
60
575
851
2947
1915
1697
3134
1203
900
1681
467
2820
677
965
821
2453
2535
466
3572
3984
2439
1273
358
3534
3664
2652
1319
1072
1755
286
2486
4036
441
944
933
3482
1152
3691
652
3424
632
791
1840
3222
2170
3453
1381
3717
2219
2457
1053
294
3053
1091
2114
2295
3774
2
3744
1930
1957
837
216
3667
4
2221
3785
905
3556
2096
1364
3469
2341
3697
1518
3480
2141
1421
2529
3602
3745
1532
3467
1046
43
3518
3563
3941
1217
1470
617
2394
573
311
634
1700
3262
312
2445
3929
1078
1103
45
675
247
131
2178
3082
1113
1392
3751
1870
3233
1453
89
1212
1801
813
2135
1968
2512
324
224
3571
3891
545
494
3464
3304
3194
902
3084
1444
1131
1225
1585
2272
957
1410
1360
3648
1359
978
2006
2062
1420
1269
1284
641
2353
1667
1315
781
762
2173
2116
3258
2734
3011
5
389
1500
1010
3188
3157
3948
773
2184
2460
615
1345
2627
3038
1323
1173
479
493
511
146
2749
3869
3779
3770
3184
3023
2873
1008
1642
3629
3515
1595
1080
941
1649
1885
3263
1090
2796
709
1634
651
1320
3445
3595
2690
531
519
3123
2890
2920
2906
2827
1419
3420
3956
3634
3915
3529
1407
1747
1619
865
181
2303
1630
1767
1374
1343
1692
428
1422
1229
3208
612
589
603
1563
1126
1244
1189
3611
2102
2603
2438
2447
2097
2365
1991
2004
2704
2681
3940
2373
2598
2128
2175
2289
2581
464
691
3780
2809
2683
3394
770
1529
1797
1624
3152
3391
3347
3332
3046
2038
2305
672
654
2058
3042
3426
2759
1157
1104
1508
1099
2480
2540
1338
3773
1334
3809
3888
1528
1864
1290
1393
2718
2758
362
430
348
561
1505
787
1342
1566
3207
2829
3019
2668
1591
1706
874
872
3918
1174
3472
3764
3174
3107
2835
1116
3339
2928
2862
2854
2750
1074
1920
3900
1385
1961
1744
936
1358
1574
2946
419
718
720
805
3178
236
142
31
25
3651
3938
3640
1504
3554
1980
2297
2378
2009
3758
3833
308
261
797
3463
3711
3506
184
320
346
266
187
254
3240
3341
1055
703
450
554
1826
1741
1738
1051
1807
1122
366
507
475
438
423
537
461
378
456
400
391
2053
2989
2787
2748
3625
3495
82
9
165
1314
2673
140
2664
3054
2743
2766
2834
3960
3783
3616
1990
2644
1615
1033
1511
3687
3790
3971
1482
3931
3443
3738
4009
2999
3136
439
2322
2120
2105
3139
849
772
3156
1282
1515
1720
1583
1873
1235
1350
1366
1487
1294
1210
1831
1478
2757
350
3275
504
3337
3313
3150
3291
3132
3199
3280
2803
3380
2672
3417
2810
2953
2618
2317
1355
3666
3521
3797
3803
3906
3386
3206
3320
2720
2719
1895
1798
1468
91
3599
2732
3247
2780
3279
2882
2191
560
484
442
376
360
3786
3167
2730
2728
3077
2868
2994
1062
1876
1658
1635
829
1060
1636
3684
3877
2325
2566
3844
154
2656
1109
1901
1070
1781
3215
2848
2965
3274
2778
3350
3113
3298
3024
886
1937
760
807
838
3225
2751
3140
1261
2886
180
194
132
1052
937
1106
1035
1857
1066
1298
1812
1502
1429
1032
1036
1727
1396
1507
1316
969
989
917
1661
2256
1964
2525
2366
2186
2047
2474
3248
3171
2954
3385
3429
2863
815
745
752
842
3646
1988
2622
3633
2368
1648
557
500
409
402
431
558
412
373
420
647
2085
2523
2488
2570
903
919
3115
2686
1216
1533
197
272
122
2891
3303
2943
3979
3362
2872
2944
3098
2680
3065
3232
3056
2866
2815
2880
3226
2927
2940
2786
3097
1774
3331
3189
3718
3793
3601
3794
104
56
368
2911
2738
2877
2698
786
3822
118
67
3234
2694
2797
1214
1045
4030
4017
2805
4022
3990
4024
3867
3677
3968
3840
3062
2645
2192
1995
2648
1972
2583
2494
1691
1655
956
1758
1787
1118
2667
2984
2716
2813
2301
3818
3558
3958
3468
3645
434
671
556
473
503
1645
606
2168
2437
3381
3252
3201
1751
577
2899
3843
3617
1317
1561
951
1567
1588
3484
3852
3471
1171
1606
580
1906
1415
1815
1169
128
2238
1936
2795
779
799
686
826
736
3101
2674
3185
3239
3316
3272
2823
3835
3740
269
3767
3660
3847
3626
3075
3244
3016
2951
2904
3018
2497
2193
2049
1562
2893
2875
3021
2770
1259
954
1783
1213
1025
297
334
223
98
280
291
940
3982
981
1459
1475
1596
898
1373
3945
3535
3782
3483
731
818
853
800
778
3010
680
566
1258
1159
1553
444
471
2724
3405
3002
3205
2914
3090
2851
3614
3668
2744
2831
1194
284
3014
3734
3604
3841
3966
3750
3448
3491
862
1085
3832
3702
3642
3557
3475
3440
3609
3830
3414
3064
2669
3324
3315
3163
3096
2966
3363
3135
3348
3433
2689
2887
2917
2960
2676
3026
2729
2745
2202
1241
1014
988
1438
1432
1286
1859
1903
1573
1347
1716
994
1462
896
1120
1481
1742
1081
3151
3146
2840
2853
2846
3302
3116
3397
3321
3120
2677
3103
3360
3624
3585
595
1318
670
650
637
627
414
542
604
614
1408
1525
435
669
408
571
413
565
543
459
3881
3969
3569
3509
3855
3870
3973
3826
3377
3076
3034
3403
2990
3154
3035
3299
3168
3209
3093
3330
3297
3027
2849
3419
3265
315
251
186
304
1601
938
2830
3261
3017
2157
1940
2196
2268
2640
2050
1998
2647
2018
2657
3508
3722
3553
3455
3753
134
325
66
65
271
109
185
85
277
846
764
830
827
738
694
721
697
768
318
48
156
1740
1309
1020
506
1824
1332
3085
2763
2706
3364
3284
2839
2915
3243
2977
2864
3293
3036
2800
3301
2929
2987
2717
3195
2741
3078
3220
3399
2782
2956
2910
3237
2913
2945
2874
2756
2705
3029
2924
2919
2974
497
1602
1512
460
1506
440
527
524
1778
1154
520
3365
3198
3162
2826
1058
3182
3179
1009
1313
1067
1279
1231
445
1526
1790
483
1044
1015
1680
1204
1884
1871
1582
1828
1281
971
1245
353
942
984
1007
687
816
696
698
828
708
728
3083
3020
3355
410
397
470
489
502
458
357
496
523
403
3578
3576
3543
3605
3603
3828
3804
3858
3456
3943
3805
3674
3962
3800
3559
3501
3721
3643
517
3278
2869
3049
2855
2936
2781
3203
3051
2727
3106
3219
3111
3288
3277
3346
889
848
746
831
820
754
756
28
226
73
70
61
1
322
83
112
106
51
149
116
283
92
343
63
281
125
124
319
143
285
103
252
192
164
1257
1019
1089
1228
1887
1299
1296
1247
1134
457
1728
1423
1082
1227
1324
1841
1611
1872
1862
3586
3902
3845
3756
3438
3860
3590
3872
3824
3765
3755
3693
3930
3450
3703
633
1599
1464
481
354
425
352
639
587
446
521
1897
1400
541
1695
1766
526
1012
3250
2985
3158
3073
3228
2981
3390
2905
3040
3257
2761
3044
2961
2907
2769
3436
2942
3166
3296
2979
2675
2901
2895
3395
3344
3352
3172
3319
3415
3177
2962
2696
3422
2976
2687
2832
3009
3235
2711
2708
3186
2980
1450
2876
2811
3241
3340
3295
2804
3359
474
907
1379
487
1794
492
568
1179
385
477
601
625
644
536
448
1664
422
372
405
618
668
1001
1650
1056
1594
1669
1123
1809
1662
993
1724
1685
1620
1163
1135
1721
1734
1156
1861
897
1665
1271
1584
1663
1288
1255
1291
1539
1164
