107
713
3930
170
4021
41
3538
3329
909
3998
1208
269
110
4009
3147
3606
2930
1216
3126
3314
2535
4005
1403
3645
278
1657
1797
226
3477
3799
788
1218
202
3623
2481
3322
846
681
3271
4033
50
4027
2678
247
900
3539
306
2621
3143
3244
406
3063
671
1057
4020
791
287
3701
3218
631
3700
95
3551
2175
3837
3732
3755
2431
152
3954
1492
882
2388
319
49
3763
253
2558
3961
3748
3712
562
3664
3626
1138
1996
2886
3823
166
3655
151
1194
97
86
263
3999
4035
1936
201
320
194
2170
2014
2732
2618
2493
3
1087
3083
891
2790
1297
929
1308
3548
1466
1599
622
90
616
23
833
2805
160
2860
401
3165
78
3372
885
3055
3588
3990
935
3981
692
193
183
2736
1105
2270
3746
4012
691
832
717
472
3627
3594
727
3836
4001
3241
2868
1295
2982
3376
3370
2700
3785
2168
3996
1050
35
860
3801
1035
182
42
3879
371
757
894
1362
74
3490
233
2838
2483
3925
139
3292
2802
744
1477
872
10
3408
750
3686
2710
2076
1071
3754
3522
911
3922
3161
3802
18
3443
923
1444
3544
288
1558
2596
3970
189
3751
3093
114
3859
3424
1119
843
2422
467
3691
534
179
155
386
3846
778
3516
881
2375
3871
1498
673
3874
3892
937
3249
2452
3773
230
3963
730
3444
3840
235
32
2952
3317
24
130
469
875
521
27
3445
3473
64
3582
3769
3890
887
3894
3814
3662
1937
2106
2934
38
543
782
746
3389
2771
43
1777
663
660
657
619
1165
2816
3251
2565
501
2444
783
135
2193
2130
2540
2341
2173
68
177
3821
3587
608
3537
1710
489
3946
3128
3457
1834
2548
1005
192
89
2152
861
825
863
137
888
729
328
195
275
181
3571
17
3864
584
3053
718
3916
121
274
4
4037
1664
2528
2263
120
4013
79
3986
2788
2776
273
635
129
3552
3678
311
3530
3290
3069
664
3950
674
1489
210
704
914
1853
1422
3579
1967
477
785
173
3699
3647
3439
3935
333
326
3875
220
115
262
3736
529
157
399
1856
1162
296
3133
2167
1956
2114
3598
433
1949
1046
3778
1801
1976
3428
3666
2513
1651
1095
2225
2316
2197
2435
2158
2013
2389
146
2096
1928
2016
2296
2371
330
2628
572
2440
769
2517
3953
3494
2166
2065
2589
2570
2568
2524
2382
2474
3665
3887
2129
3775
1906
1977
2185
3807
3959
808
716
3037
2699
3311
2834
3283
2670
1372
1650
3059
973
762
3956
796
2949
1802
963
1262
1053
892
751
237
1186
250
245
813
1646
1401
1016
765
1934
759
131
1950
2256
1363
550
642
1240
1455
441
2809
2230
1924
443
1270
4025
777
2817
4018
3983
3368
4023
3993
335
8
264
1890
715
4016
1805
347
581
3057
340
4026
996
3704
4003
3995
1384
1368
3809
2895
787
3092
450
2789
3099
3405
972
2726
52
2804
184
3349
3109
2746
767
3401
2807
2933
3420
3246
1840
3679
3316
2921
3110
3856
3176
3282
910
2855
3358
3254
3067
2685
3897
3315
1821
228
586
45
585
2978
2829
3196
3032
3048
2918
156
3194
3068
3682
3281
2923
3279
809
3199
821
3589
222
159
3193
845
3157
3028
3024
175
1527
2714
1865
2831
2747
61
2671
2962
3245
2801
3557
240
1581
225
1355
3502
1638
3438
1640
587
3843
3872
1514
3811
54
221
365
5
96
2691
1417
267
1007
145
749
709
104
3542
488
3242
486
3937
624
568
918
3924
2041
209
85
883
2572
3965
3121
928
1552
241
3518
847
3742
380
700
725
141
2486
346
2457
3418
2580
138
1615
3543
3414
3375
3573
1364
610
2269
857
1206
2634
1248
2470
3834
2651
3942
3603
3635
3614
644
3512
530
3839
185
283
614
3615
1386
81
1854
2808
279
649
575
126
164
3074
1930
1690
234
1889
153
207
117
3127
2740
3740
2752
3639
34
244
3717
3908
270
381
1832
219
338
109
112
307
655
3958
1011
70
807
132
3519
1738
611
3648
1249
679
3928
3088
1476
3795
1874
1414
3476
1556
1561
3881
1851
418
2766
3484
1445
1579
3310
1141
354
707
217
293
1676
379
1220
2522
302
1353
1354
1493
899
1274
877
2893
598
1174
837
187
1151
672
154
3978
1740
2249
3095
1065
3343
3771
552
2527
3599
427
405
940
3636
3266
55
2321
1560
4015
602
2963
1726
268
1139
564
12
889
3467
1225
3865
2964
216
3943
904
351
356
3921
3409
3451
773
1806
71
229
282
617
3765
3533
3586
3517
3759
3794
3738
350
369
180
646
321
2957
2822
3164
1776
3806
985
1759
329
3229
2899
3061
2769
2663
3300
3130
390
539
755
2768
3274
3261
1461
1758
4019
22
1002
1654
1394
1693
835
1904
2265
3660
2181
2228
2027
3153
533
2156
2707
198
3831
149
734
357
485
1247
3805
3564
658
662
675
582
670
647
576
632
659
661
599
627
600
665
615
640
583
578
595
643
650
69
3141
3122
3200
3216
878
140
3901
3967
3644
3698
3685
3500
3508
3510
2656
2373
127
393
1701
991
1034
592
712
2437
3446
3531
3949
518
80
3045
3269
2837
1481
1749
1264
3628
3739
3912
3819
3725
3868
3917
3567
2439
858
870
895
3649
3562
478
349
532
3016
3171
3312
3151
3720
1860
3808
1641
1088
1193
3630
3529
3752
3455
3563
3553
3927
3803
2320
197
3580
3863
3624
3585
866
775
33
1905
1822
4028
2421
3328
2832
3338
3309
3008
2879
3910
723
854
3479
3681
855
852
789
742
736
2425
3248
2696
2751
3177
4007
874
859
867
227
124
83
573
625
588
589
623
621
1497
1317
1171
1283
1411
2902
3181
1988
2349
266
92
101
204
108
281
2314
2082
2146
2534
1990
1933
2411
2248
2162
2497
2286
1978
99
28
3960
3920
3964
3783
3933
3776
3791
3478
3622
3617
3507
3336
3066
361
3566
2217
2113
2051
205
327
886
856
804
1385
1531
1258
1781
3733
2614
3975
3854
3465
3918
3749
3957
3813
3669
3911
639
574
2861
3354
3774
806
702
822
714
732
768
4030
4000
1217
1183
1667
964
3223
3904
3861
3496
3895
4002
4031
4004
2799
577
628
3535
3468
3786
384
464
1177
3616
3565
3847
20
162
2
116
144
14
343
312
44
143
102
3955
3554
3680
979
4011
3980
2281
2487
2080
2008
2426
2403
2335
2126
2186
1992
2085
1991
2202
2231
2049
2119
2070
2455
2626
2192
2346
2011
1958
1914
2227
2488
2092
2406
2566
2378
2412
2097
2658
1927
2612
2587
2089
2659
2639
2001
2636
2620
2012
2000
1999
1980
2120
2317
2644
2147
2585
2024
2657
2648
2116
1931
2443
2107
2211
2584
2021
2364
1998
246
1935
2637
2067
2476
1942
2209
2387
2530
2258
2624
2348
2449
2391
2019
2415
2031
2155
2402
2496
2603
2305
2234
2322
2473
2599
2212
2311
1925
2469
2532
2165
2056
2235
1975
2379
1982
2554
2552
2213
2579
2462
2121
2046
2044
2490
2646
2536
2276
2140
2095
2591
2074
2559
2500
2447
2004
2529
2413
2571
2298
1957
2022
2018
2171
2025
1465
2365
2297
2284
2061
1968
2036
2576
2307
2184
2216
2577
2448
2091
1960
2098
2647
2050
2006
1995
1951
2615
2309
2220
2023
2291
2466
2101
1961
2638
2506
2414
2329
2083
2489
2467
2408
1952
2353
2350
2236
2035
2601
2324
2287
2108
2078
2563
2404
2261
2257
2122
2645
2640
2583
2538
2159
2157
2504
2326
2190
2118
2240
2088
2352
2397
2553
2427
2306
1943
1929
2136
1962
2605
2163
2063
2366
2142
2029
2057
2594
2459
2653
2362
2345
2026
2268
1970
2607
2409
2395
2331
2109
2084
2037
2033
1918
2654
2561
2611
2606
2482
2354
1993
2652
2479
2355
2176
2110
2252
2480
2438
136
2627
1921
2267
2075
1955
2344
2177
2272
2145
2555
2295
2507
2418
2299
2200
1983
2495
2478
2154
2045
2367
2285
2232
2619
2539
2521
2477
2460
2433
2376
2374
2340
2300
2064
2040
1979
2549
2430
2363
2359
2253
2112
2169
2630
2600
2550
2271
2210
2206
2139
2073
2069
2059
2655
2586
2556
2244
2201
2077
2058
2043
1986
1938
2454
2428
2393
2243
1917
2280
2137
2547
2330
2318
2141
1940
2501
2390
2313
2191
2196
2081
2544
2194
1981
2332
2003
2117
2604
2429
1985
2325
2394
2381
2188
1984
2071
2590
2574
2546
2526
2446
2423
2386
2370
2356
2233
2229
2131
1946
2631
2573
2564
2542
2392
2323
2308
2179
2123
2104
2093
2090
2060
2055
1971
1963
2509
2475
2511
2432
2183
2132
2062
2368
2351
2327
2602
2551
2484
2464
2339
2288
2259
2218
2172
2164
2115
2103
2086
2005
2445
2417
2254
2215
2293
2312
2187
2125
1973
1972
1919
2609
2592
2241
2148
2660
2641
2633
2613
2610
2578
2575
2562
2518
2499
2494
2485
2453
2434
2407
2383
2342
2337
2328
2301
2290
2275
2274
2238
2237
2226
2221
2214
2208
2150
2124
2099
2053
2030
2020
1997
1989
1966
1965
1964
1953
1923
1577
2502
2144
1959
2598
2283
2068
2472
2385
2180
2002
1994
2398
2282
2222
1926
2292
2617
2396
2189
2134
1987
2616
2557
2525
2516
2510
2239
1945
2582
2336
2294
2102
2419
2250
2560
2520
2410
2384
2333
2242
2054
2038
2629
2588
2498
2203
2149
2143
1948
2537
2458
2343
2304
2273
2138
2133
2039
2028
2625
2623
2608
2597
2593
2492
2491
2420
2369
2334
2266
2264
2042
2635
2338
2289
2199
2567
2508
2465
2399
2377
2224
1939
2642
2319
2007
1718
2174
2087
2543
2372
2347
2310
2302
2278
2246
2153
1947
2649
2468
2223
2135
2127
1954
1932
1912
2643
2519
2451
2436
2315
2279
2247
2161
2111
2047
2010
1916
2512
2461
2052
1941
2533
2471
2198
2151
2128
2072
2032
1920
2463
2245
2360
2703
3318
3383
3325
3423
2889
3382
2767
2959
2972
2999
1837
938
1548
1137
1798
958
1371
1118
1533
1895
1784
1648
1452
1314
1097
1880
1601
1232
1319
1787
1747
1424
992
1568
903
1733
1378
1892
1468
1333
1629
3131
3180
3745
3727
2774
3982
4029
4017
4034
91
100
4036
3997
3994
3988
4014
3987
3984
1043
1788
1111
955
2784
3007
3139
3030
3167
3307
3188
2785
3237
3010
2731
2988
3129
2794
3231
3080
2948
2920
3052
2745
3303
2917
2985
2681
3425
3264
3369
2762
3260
2858
2907
2675
3159
3356
3367
3393
3124
3374
2668
3221
2744
3399
3081
2854
3137
2848
3238
3065
3213
3390
3036
2743
3243
3220
2940
2683
3044
2874
3284
3054
2924
2850
2887
3014
2994
2689
2953
2977
2761
2912
2750
3114
3084
3400
3195
2694
2669
2666
3174
2738
2888
3430
3228
2806
2910
3163
2960
2929
3339
3117
3047
2749
2919
3348
3040
3234
3433
2862
2755
2754
2698
3324
2913
2827
2741
2705
2676
3362
2884
2866
2759
3108
2916
2880
2800
2871
2938
2965
3365
2878
3100
3062
2713
2787
2932
2702
2690
2846
3417
3394
3058
2836
2665
3289
2867
2864
3140
3295
3410
2984
3011
2892
2840
3313
3352
3219
2795
2727
2709
2883
3276
1450
2674
2954
2772
3422
3215
3148
3360
3252
3239
3257
2931
3021
2841
2763
3097
2758
3149
2891
2813
3214
2872
2974
2915
3098
3064
2877
2782
3293
3073
3000
2679
2928
2911
2905
2873
3301
3085
3232
3096
2925
2897
2717
2943
3426
3387
3384
3364
3104
2993
2966
2890
2786
3025
2756
3189
3022
2956
2896
2815
2757
3427
3363
3056
2945
2927
2839
2773
3337
3023
2777
2706
3226
3184
2986
2969
2909
2906
3208
3415
3359
3285
3273
3186
3144
3327
3256
3253
3298
2672
3397
2856
3391
2735
3146
3136
3001
3299
3049
3259
3103
3118
2724
3082
3403
3385
3421
3275
3386
3212
2820
3341
3224
3201
2770
3160
3077
2728
3034
2729
2687
3326
3046
3330
2811
3342
3302
3076
2946
2818
2859
3346
3412
2739
2662
1642
3039
2684
3287
3002
3172
2733
2720
3017
2803
2715
3347
3094
2973
3070
2780
3015
3304
2718
2958
3262
3179
2939
3087
2783
3406
3319
3197
3240
2793
3272
2875
2845
3361
3013
3277
3116
2819
2781
3320
3280
3247
2989
2869
3435
3416
3351
3345
