0
4027
776
858
642
377
3990
233
18
81
3984
3935
201
2541
2998
1262
744
4006
3808
872
443
2808
3748
2788
1713
3729
2842
153
2798
8
1455
286
4025
674
1157
870
401
3887
892
4035
894
139
887
4010
1065
859
743
788
775
294
356
448
3992
293
192
1762
2595
2431
2922
3746
2505
4001
2980
875
321
215
3127
1486
173
1249
2457
1510
790
1176
1934
3928
2952
220
3254
550
1362
3879
124
3970
3952
2565
3310
39
3637
190
699
2883
3477
2503
1105
1967
660
1295
97
464
3653
594
3408
3372
899
3733
480
4017
52
288
327
4002
1270
1581
656
549
1394
1119
1560
540
160
2671
1579
1558
2634
1599
3899
1417
3183
3801
855
852
955
219
2722
3165
585
3589
3230
33
1386
3798
608
1206
2382
3143
996
3030
3807
152
3407
868
3959
2569
624
3703
2230
1031
668
3699
3217
1759
3717
166
3853
3709
3597
3691
2792
42
4011
1996
3513
262
3055
3846
2528
205
77
757
881
871
245
91
3121
885
873
874
3544
259
264
193
110
256
4016
4007
581
866
879
895
877
867
893
869
733
712
714
802
818
689
742
854
890
865
864
860
886
876
735
888
863
861
763
798
811
799
803
770
716
786
821
704
758
822
796
791
808
730
720
690
804
707
718
836
889
831
748
732
736
842
829
839
789
794
727
698
837
771
746
882
878
769
729
849
826
703
843
820
741
708
705
880
709
792
838
779
761
694
800
774
745
807
787
728
760
719
853
850
834
813
747
731
726
722
847
824
781
754
738
724
701
696
830
765
759
851
848
844
841
840
835
833
827
825
817
815
814
812
810
809
806
797
795
793
784
783
782
773
768
766
764
762
755
753
740
737
725
723
721
715
711
710
706
702
700
697
693
692
691
856
845
828
823
819
805
780
777
772
756
752
751
739
734
713
695
687
686
688
884
832
816
846
778
767
750
785
749
883
717
891
801
857
4026
3995
3981
4037
4023
4009
4000
3998
3993
4021
4018
3994
3985
3982
4033
4036
4030
4019
4015
4005
4004
3999
3997
3996
3988
3983
3986
3980
4031
4020
4014
4038
4003
667
4034
4032
4024
4022
4013
3989
4012
4029
4028
3987
3991
4008
3537
3652
3910
3483
3676
3489
3630
3664
3494
3882
3588
3607
3694
3682
3665
3901
3655
3914
3638
3844
3977
3470
3715
3447
3583
3620
3892
3725
3917
3903
3955
3541
2017
3698
3749
3716
3613
3626
3976
3645
3832
3761
3763
3754
3631
3701
3792
3500
3668
3499
3791
3641
3478
3718
3941
3825
3510
3739
3595
3567
3904
3953
3829
3527
3461
3781
3949
3960
3821
3777
3767
3690
3784
3671
3568
3459
3458
3610
3727
3657
3862
3740
3508
3787
3867
3822
3472
3759
3708
3476
3863
3812
3441
3775
3719
3482
3450
3659
3921
3758
3907
3710
3590
3850
3835
3666
3455
3931
3706
3509
3443
3463
3933
3783
3776
3766
3696
3973
3900
3833
3826
3764
3643
3539
3535
3905
3679
3546
3965
3957
3837
3757
3519
3617
3534
3810
3794
3648
3493
3827
3663
3585
3446
3840
3442
3932
3799
3616
3773
3747
3629
3722
3713
3771
3624
3531
3924
3869
3855
3711
3569
3912
3874
3857
3634
3878
3866
3782
3623
3532
3680
3972
3786
3602
3538
3673
2421
2517
3333
3815
3778
3769
3735
3598
3950
3785
3574
3543
3503
3805
3923
3854
3836
3789
3774
3647
3579
3465
3497
3864
3502
3898
3523
3481
3940
3512
3736
3556
3496
3817
3592
3522
3667
3978
3693
3658
3492
3979
3880
3603
3578
3438
3752
3605
3790
3681
3851
3906
3818
3768
3529
3524
3765
3454
3828
3730
3471
3804
3800
3640
3557
3707
3702
3687
3462
3452
3945
3554
3464
3515
3511
3507
3506
3975
3969
3967
3964
3963
3958
3956
3951
3947
3946
3942
3939
3937
3936
3934
3930
3927
3926
3925
3920
3909
3908
3896
3895
3894
3893
3891
3890
3888
3883
3881
3876
3871
3870
3868
3865
3852
3849
3848
3847
3845
3843
3839
3838
3834
3831
3823
3819
3814
3813
3809
3806
3803
3802
3793
3779
3772
3770
3755
3753
3751
3745
3743
3738
3737
3731
3728
3726
3724
3720
3714
3712
3705
3688
3686
3685
3675
3662
3660
3654
3649
3646
3644
3642
3636
3622
3615
3612
3608
3606
3599
3593
3591
3587
3584
3582
3581
3580
3571
3564
3562
3558
3553
3550
3549
3547
3542
3528
3526
3520
3518
3505
3498
3490
3486
3485
3479
3473
3469
3468
3466
3460
3457
3445
3439
3566
3530
2375
2548
2113
2251
2008
2051
2204
2514
2158
2166
2227
2388
2341
2442
1933
2130
3208
2360
2622
2114
3227
3045
2769
2736
3126
3425
3376
2807
3015
2794
3388
3039
2987
2705
2809
3944
3628
3521
3889
3966
3929
3824
3780
3750
3576
3573
3559
3475
3440
3575
3971
3919
3918
3911
3902
3886
3795
3700
3695
3670
3669
3639
3563
3560
3552
3516
3672
3491
3448
3860
3796
3741
3689
3656
3788
3760
3684
3533
3517
3484
3480
862
3948
3842
3841
3683
3677
3651
3540
3625
3621
3577
3548
3449
3968
3884
3873
3858
3762
3756
3697
3674
3618
3609
3596
3270
3305
2961
235
228
616
635
670
572
467
631
3938
3915
3913
3734
3635
3627
3611
3601
3586
3561
3545
3514
3501
3488
3474
3555
3437
3551
3487
1676
1251
1058
2413
2831
2466
2572
2305
1982
2450
2439
2527
2357
2099
1913
2535
2277
2119
2568
2513
1992
2641
2217
2316
2234
2050
2178
2486
1988
2618
2614
2558
2456
2214
2100
2041
2545
2014
2487
2301
2245
1956
2021
2650
2076
2523
2361
2006
1924
2627
2656
2335
2444
2574
2524
2260
1968
2412
2197
2070
2015
1922
1915
2455
2129
2107
2400
1961
2126
2633
2571
2355
2437
2342
2238
2393
2383
2067
2581
2371
2049
1986
2654
2030
2066
1958
2488
2440
2231
2387
2258
2025
2012
1914
2647
2639
2626
2171
2097
1998
1951
1950
1935
2405
2173
2058
1953
2539
2499
2443
2244
2655
2542
2077
1989
2492
2482
2381
2229
1993
2534
2640
2494
2364
2297
2192
2016
1995
1980
1931
1921
2564
2446
2354
2308
2118
2056
2638
2613
2606
2532
2467
2353
2275
2212
2184
2136
2086
1938
2570
2373
2162
2152
2091
2089
2615
2575
2477
2410
2350
2307
2303
2237
2206
2147
2055
2037
1918
2497
2403
2035
2659
2658
2657
2022
2011
2000
1999
1957
2630
2602
2591
2590
2563
2561
2549
2546
2507
2478
2331
2299
2131
2073
1966
1946
1929
1061
3151
3075
3323
3352
3110
3016
3007
2747
3125
2728
2713
3341
2813
1353
2243
2141
1975
2427
2660
2645
2583
2447
2009
1972
1928
2249
2610
2401
2365
1919
2406
2366
2362
2310
2291
2256
2185
2036
1965
1944
2525
2322
2318
2296
2145
1346
1220
3048
3269
2667
2870
2856
3080
3283
3393
2886
3092
3243
3391
3156
3013
3338
3371
3410
3244
2861
3200
3197
2967
2990
3265
3050
2773
3329
2802
2848
3094
2991
2745
2819
3369
2702
2902
2732
3336
3083
3053
2799
2881
3010
2970
3042
2710
3344
3319
3209
3106
2816
3103
3111
2774
2997
2983
3334
2978
3147
2884
3416
2833
2805
3340
2941
2887
3174
3130
2731
3399
3382
3309
2879
2699
3279
2771
3357
3155
3315
2874
2743
2681
3362
2907
2854
2755
3066
3063
3012
3358
2783
2686
3181
2985
3427
3220
3221
3009
2953
3409
2735
2862
3436
3389
3159
3184
3073
3144
3435
3257
3114
2993
2977
2929
2750
3108
2850
3373
3099
2825
2715
3231
3139
3084
2789
3402
2744
2675
3284
3163
3135
3025
2867
2852
3091
3246
2882
3421
2709
3014
2912
2876
2700
3360
3306
3138
3109
3058
3326
3252
3102
2939
2904
3141
3105
3346
3093
2821
2729
3132
3021
2770
3234
3414
3324
3064
2815
2679
3433
3166
3065
2940
2756
2741
3380
3321
3188
3082
3041
2976
2931
2790
3024
2795
3137
2837
3215
2936
3239
3204
3081
3032
2832
3280
3224
3120
3286
2910
2827
2777
2695
2982
2972
3186
2992
3426
3384
3364
3023
2988
2956
2928
2905
2749
2717
3383
3365
3275
2996
2844
2836
2803
3194
3046
2742
3339
3228
2917
2763
3390
3250
3226
3036
2920
2666
2664
3193
2877
3261
2684
3325
3311
2889
2834
3149
3129
3085
3026
3004
2974
2943
2911
2800
2786
2738
2689
2683
3430
3428
3229
3090
2899
2890
2888
3353
3316
3192
3177
2753
3330
3276
2973
2937
3355
2693
2677
3962
3943
3877
3872
3830
3797
3721
3692
3633
3525
3495
3456
3350
3297
3277
3247
3146
3060
2869
2849
2828
2674
3419
3385
3267
3240
3185
3169
3116
3049
2989
2863
2853
2793
3214
3107
3040
3033
3000
2960
2925
2810
2668
3119
2969
2913
2897
2880
2864
2841
2835
2759
2698
3255
3236
3320
3262
3198
3182
3115
3005
2875
2796
2701
181
189
340
195
162
174
138
112
89
221
117
317
301
5
196
204
266
267
155
86
318
295
16
164
307
283
338
50
10
238
103
161
59
258
79
2157
2024
2018
45
55
149
140
2
341
87
85
60
69
183
254
260
146
180
582
675
661
643
621
662
627
665
650
677
647
595
623
658
632
577
459
437
612
453
411
618
672
3604
3600
3444
3961
3504
1403
1016
1368
1218
928
1203
3253
2938
3374
1410
950
1022
1552
956
3308
3164
3061
2865
2847
2768
2716
2665
3395
3313
3018
2762
2696
3201
2714
2389
3172
3017
2823
2733
2708
3242
3415
3331
2951
3343
2871
3356
3160
3133
3051
2958
2860
2730
3097
2903
2688
3328
2822
1005
2540
2242
2182
2175
1923
2646
2605
2593
2586
2506
2495
2489
2464
2423
2407
2395
2392
2340
2257
2142
2140
2139
2124
2093
2090
2064
2046
2040
1971
2298
2163
2637
2520
2449
2032
1976
2501
2222
2177
1925
2324
2208
2065
2048
1964
2603
2029
2529
2174
2625
2579
2576
2559
2553
2551
2550
2521
2500
2485
2484
2469
2460
2430
2414
2404
2391
2376
2363
2352
2348
2311
2309
2306
2287
2253
2218
2201
2179
2172
2154
2150
2123
2112
2109
2098
2095
2084
2069
2063
2479
2399
2057
2608
1987
2599
2233
2351
2042
2502
2537
2432
2390
2274
2110
2062
2628
2594
2480
2434
2294
2272
2209
2519
2522
2498
2189
2127
1970
1954
2652
2461
2203
2138
2111
2609
2372
2315
2247
2068
2047
2010
2617
2604
2601
2600
2588
2526
2473
2471
2429
2428
2417
2396
2345
2285
2259
2240
2198
1942
1926
2582
2518
2511
2436
2377
2344
2336
2330
2327
2304
2232
2224
2223
2196
2125
2081
1947
1941
1940
2653
2643
2629
2597
2567
2547
2472
2465
2347
2343
2338
2250
2235
2191
2137
2134
2072
2071
2054
1994
1959
1948
1939
2651
2648
2644
2636
2635
2632
2631
2624
2623
2621
2620
2619
2612
2611
2607
2598
2589
2587
2585
2584
2580
2578
2577
2573
2566
2562
2560
2557
2556
2555
2554
2552
2544
2538
2536
2531
2515
2504
2491
2490
2481
2476
2474
2468
2463
2462
2459
2454
2453
2452
2448
2445
2438
2435
2433
2426
2425
2424
2422
2418
2416
2415
2411
2409
2408
2402
2398
2397
2394
2386
2385
2379
2378
2374
2370
2369
2367
2359
2358
2356
2349
2346
2339
2337
2334
2332
2329
2326
2323
2321
2320
2317
2314
2313
2312
2300
2295
2290
2289
2288
2286
2284
2283
2281
2280
2278
2276
2273
2271
2270
2269
2264
2263
2262
2261
2255
2252
2248
2239
2236
2228
2226
2225
2221
2220
2216
2215
2213
2211
2210
2207
2205
2202
2200
2195
2193
2190
2188
2187
2186
2183
2181
2180
2170
2165
2164
2161
2160
2159
2156
2146
2128
2122
2121
2120
2116
2115
2108
2106
2105
2104
2103
2101
2096
2092
2088
2085
2083
2082
2080
2078
2075
2074
2061
2060
2059
2045
2044
2043
2039
2034
2033
2031
2027
2026
2023
2020
2019
2013
2005
2004
2002
2001
1997
1991
1990
1985
1984
1983
1981
1979
1978
1973
1963
1962
1960
1952
1943
1937
1936
1930
1927
1917
1443
1144
3406
3397
3327
3287
3067
3043
3038
2840
2784
3259
3219
3187
2955
2858
3403
3379
3285
3207
3113
2900
2830
3056
2916
2915
2866
2782
3370
3359
3176
3002
3001
2780
3302
3298
3288
3178
3162
3154
2845
2787
2737
3405
3295
3273
3210
3203
3118
3077
3068
3011
2947
2934
2758
2739
2711
923
1240
2616
2510
2475
2451
2419
2368
2328
2325
2268
2254
2246
2241
2176
2169
2155
2151
2149
2144
2143
2133
2052
2038
2003
1955
1932
1916
1103
1395
1178
1154
1050
1043
1200
1481
1521
1788
1045
1792
1301
1498
1171
1023
1364
998
1248
1228
1640
1710
1651
1537
1797
1057
1869
1476
1133
1771
1039
1501
1821
1296
1731
1147
974
1354
1770
1906
1121
1747
1424
1518
1033
1691
1044
1263
1091
598
575
1177
1802
1711
626
625
588
935
1900
3434
3432
3431
3424
3423
3422
3420
3418
3417
3413
3412
3411
3400
3398
3396
3394
3392
3387
3386
3378
3377
3368
3363
3361
3354
3351
3349
3348
3347
3345
3342
3337
3332
3322
3318
3317
3314
3312
3307
3303
3301
3300
3299
3296
3294
3293
3292
3291
3281
3278
3274
3272
3271
3266
3264
3260
3256
3251
3249
3241
3238
3237
3235
3232
3225
3223
3218
3216
3213
3212
3211
3206
3202
3199
3196
3195
3191
3190
3189
3180
3179
3171
3170
3167
3158
3157
3153
3152
3150
3148
3145
3142
3140
3136
3134
3131
3128
3124
3123
3122
3112
3104
3101
3100
3098
3096
3095
3089
3088
3087
3086
3079
3078
3076
3074
3072
3071
3070
3069
3059
3057
3054
3052
3047
3044
3035
3029
3028
3027
3022
3020
3008
3006
2999
2995
2994
2986
2984
2981
2966
2965
2959
2957
2954
2950
2949
2948
2945
2944
2942
2935
2933
2932
2930
2927
2926
2924
2923
2921
2919
2914
2909
2908
2906
2901
2898
2896
2895
2893
2891
2878
2873
2872
2868
2859
2857
2855
2851
2846
2843
2839
2829
2826
2824
2820
2818
2817
2812
2811
2806
2801
2797
2791
2785
2781
2779
2778
2776
2775
2772
2766
2765
2764
2761
2757
2754
2752
2751
2748
2746
2734
2727
2726
2723
2721
2720
2719
2718
2712
2706
2703
2697
2694
2690
2687
2685
2682
2680
2676
2673
2672
2670
2669
2663
2662
2661
1642
1085
3381
3335
3117
2946
2918
2894
2838
22
333
226
167
106
257
169
96
222
168
158
345
30
302
249
242
101
212
346
49
216
344
276
263
68
177
306
273
100
268
29
57
213
38
290
339
275
172
309
278
157
144
116
19
285
132
326
44
324
186
122
99
231
118
65
330
194
187
94
24
331
342
323
261
223
170
130
27
23
175
137
320
197
93
200
142
129
7
291
232
224
199
185
123
13
9
332
148
105
98
88
84
67
40
3
334
325
308
297
281
277
274
271
252
251
248
203
188
159
136
119
104
66
56
312
310
214
151
28
20
322
280
236
133
126
92
53
48
1654
552
384
617
603
592
349
574
619
609
605
485
1311
589
684
681
680
666
664
659
657
649
640
636
633
628
622
615
611
602
600
599
597
587
583
579
578
576
573
435
671
486
673
406
383
646
634
610
590
498
685
682
663
655
593
584
554
382
678
639
3861
3723
570
362
371
392
415
1400
979
909
1562
1508
1474
985
926
1905
1719
1328
1425
1489
1907
1116
1306
1694
1463
2678
1239
1141
1865
389
1825
1705
1588
1445
1325
1136
1872
3289
3222
2707
1697
2964
1555
1088
1866
1708
1511
1187
1874
1053
1195
1494
1360
1887
1159
1382
