107
3320
3437
136
0
713
780
3782
332
1825
3528
588
3529
3781
764
2231
2942
1452
1615
312
2847
1262
693
672
1922
357
3907
2193
862
154
3976
2281
3509
819
3667
3998
3068
3482
337
2879
3768
2997
809
1990
650
2995
1910
3414
3048
194
518
403
287
642
1549
1270
3125
2487
92
876
2840
3553
3801
4010
2170
3785
3609
803
3568
4030
1387
1258
231
1103
630
2918
1283
759
522
3308
634
901
2990
1889
2935
2583
628
2105
3192
1202
195
130
3935
226
47
155
574
696
3843
1788
801
396
1197
70
3833
179
1353
965
3706
852
2824
973
2158
3798
3888
3547
3865
1797
3903
2760
293
1755
2962
869
1650
786
1567
873
535
399
320
3587
846
1666
3466
270
82
3388
1510
3990
1829
3918
1992
3059
2895
648
1949
636
4001
3732
36
99
3053
657
4014
3443
3554
3766
871
198
2671
14
2260
647
279
2830
646
3398
3167
592
660
603
655
626
2788
778
3639
2270
3455
3728
233
3094
299
2535
1602
1446
234
547
280
165
272
2861
314
879
255
1831
3952
2981
615
3177
3401
278
2403
782
813
741
3792
731
1143
3168
733
3359
1913
2889
3949
3346
3163
4029
3980
2933
3540
3813
1412
2878
1634
3947
4015
1961
3251
4006
4000
3292
3742
398
3491
3934
3828
883
2715
3678
3964
2450
2342
3173
627
1039
3846
230
554
2774
1151
3043
3812
985
4031
2443
4013
3159
434
2768
2732
699
886
115
447
1466
1468
2647
1756
1186
3209
3139
95
2238
3336
2566
1444
3130
3991
2756
750
3227
963
3905
3659
356
1296
1534
874
804
196
3595
610
2248
3057
987
717
54
793
3283
2885
870
711
727
1346
3729
1710
1711
3155
3709
1025
3645
3896
3333
443
3671
2714
105
3932
3271
1404
264
2837
2426
2842
61
818
3859
3323
3881
2412
2700
3111
1328
3102
2605
2422
919
4036
1178
3796
2891
4025
2855
1386
3978
261
3884
3820
3787
3904
3720
1775
222
3926
2219
1738
3840
228
3875
3512
377
27
3702
441
2776
1896
3755
2688
3894
10
201
1517
3993
2696
176
316
1246
2621
1726
124
1133
2820
364
2541
205
1769
3208
2106
1855
3882
2727
850
1506
3874
81
2263
2926
3943
2798
572
1588
537
3313
1252
499
868
2082
3380
3619
3479
220
891
568
3158
319
2952
3312
676
3560
893
884
3517
979
16
4007
3328
1853
1450
3269
1784
2459
1991
3287
863
390
2490
3662
516
381
681
3478
4033
1429
3594
3502
3750
3692
3618
4018
3112
3221
463
3358
3331
3546
3727
3423
3086
700
836
2829
635
2887
2799
108
188
123
213
40
2923
334
1670
1744
1062
2357
2031
976
2525
3481
596
3124
1383
2355
3775
2217
3507
3986
3105
1585
135
2349
2211
431
3957
3757
1152
1544
3854
118
3937
1267
3972
3278
1901
3696
2972
867
885
860
1421
2101
1708
3344
771
1354
2752
3273
3077
2678
1486
1355
3597
3473
3892
798
1011
944
3303
145
3631
3643
214
2
41
3321
152
2360
2091
2644
1154
1499
1218
1546
1016
1403
3285
3268
2911
1880
1837
1802
931
1587
3301
385
519
604
587
2690
3166
1057
961
426
682
664
663
2953
1120
579
1348
3436
1041
1815
1906
1239
1428
171
3793
3770
1581
3377
799
549
3898
3147
3880
3824
2295
3383
1058
1988
3835
486
3608
3526
3713
3598
1311
3977
1248
2050
3245
3530
94
1053
1228
1297
470
920
360
505
369
2763
1994
3143
1407
26
48
3746
158
3031
302
476
3157
3110
1342
3074
466
2668
949
915
939
2192
2389
3257
3857
2066
595
1275
358
2804
3393
1010
1618
777
779
3151
4026
807
687
718
1397
2186
847
283
368
3381
621
2922
3373
3241
3314
3309
468
1566
2699
3848
3791
1061
2869
2941
910
3849
4035
4016
3556
3520
2019
3475
892
4021
817
821
3637
2514
792
3329
3763
493
498
3219
3761
1869
3459
2301
1956
2959
3855
219
3736
1430
3044
1713
3559
3864
3873
2691
1196
3860
3741
3734
4028
3410
1096
3966
485
1852
639
3962
2710
3795
411
1244
2568
3447
3940
3010
427
1020
2402
372
2107
2628
2964
2361
530
2114
2569
2120
1824
147
2729
448
469
3715
551
1127
2070
1531
2146
575
844
835
1087
512
465
3989
2473
3747
4005
697
1538
1808
2424
2764
3020
1141
2449
1088
1023
900
3099
3249
3016
3190
561
1002
1363
2808
903
1648
83
3230
1183
1319
1095
1232
2908
3871
3093
2269
114
1442
2577
2036
2462
2316
3235
3181
2322
3465
1498
1606
2474
3987
374
1040
3259
2375
1233
3284
1952
1552
3954
812
3941
1434
1828
416
1814
716
1219
3515
3555
2709
2844
2147
3499
3927
3823
2651
1924
2618
3983
928
1501
1514
162
3634
1134
3425
2166
1915
3486
1704
2415
3784
3931
2882
1722
2454
445
1147
2358
2826
3758
3254
1651
600
1106
2746
598
2634
15
2265
2171
1701
2803
456
3217
3660
2544
2745
1856
3265
490
3467
3242
2558
2227
3069
2809
2965
3223
1461
1934
2977
3697
1164
1012
3408
1155
3438
2929
3175
2682
2527
1846
477
37
1569
3672
3304
2502
2707
2584
2695
2483
2156
1656
2137
2205
1279
1625
3845
35
1911
1838
3395
1368
935
1400
1121
1203
1937
495
1144
1511
437
174
3461
1077
1174
112
3361
2380
1212
216
2875
1967
2702
30
1257
2097
59
2726
1965
684
4011
133
3868
221
63
1092
386
1090
3745
338
50
3281
432
1245
1672
3802
2100
2441
895
970
77
274
2595
552
2811
1050
3199
3171
2831
227
242
612
3121
2767
23
266
3897
2470
1295
1996
3413
454
117
3806
899
1437
3777
2394
1045
1560
3483
3189
3786
679
3665
2431
2012
2737
3661
3681
534
3392
459
3908
3131
1206
725
2456
464
1874
243
44
581
1863
629
2094
2860
638
832
838
797
3997
1892
690
3537
746
1562
761
826
3901
2857
1306
3092
2581
2744
802
796
924
3161
951
2113
3893
769
1030
3946
1657
3114
710
1372
3477
3489
3691
1455
3153
3621
673
3805
1526
851
877
2912
749
866
1537
3638
1369
2025
3441
585
833
3305
32
4022
3979
2079
3753
4
256
730
1690
349
707
712
2984
704
855
3496
3839
857
825
2641
1394
1043
146
3878
2841
1865
3988
3286
191
2596
968
33
365
3156
904
3490
3959
295
3705
3686
2242
235
1871
1743
383
3816
265
197
189
1664
126
1595
3699
73
2858
2574
1503
46
1760
3294
3772
1854
192
151
541
164
4034
43
3551
251
187
100
3700
206
91
301
2400
3887
488
2883
3583
125
1490
309
138
3453
571
12
3996
2848
482
1905
3407
156
3666
2024
336
3703
907
1654
1682
2693
1739
241
160
1484
1417
2311
262
1205
90
3912
327
994
273
193
3925
613
3549
905
3688
1007
3457
209
182
89
897
480
1573
594
3009
3439
354
3981
310
3767
3548
3071
3723
260
3890
8
671
163
307
3368
3676
1309
178
1812
3867
3428
2730
1398
177
384
1
1150
143
2130
2519
3450
3194
1223
3088
425
2099
3402
1000
1907
1441
1900
520
1332
2312
2610
1097
1890
492
412
2856
3349
1687
1705
1942
4038
1317
1236
3036
2455
2656
543
173
3317
1805
1527
3668
3140
3341
453
3586
3960
3500
2982
834
829
1836
1310
1159
3095
3025
2854
429
132
109
277
13
2673
555
1951
