107
828
3906
98
2707
3980
582
3473
616
2959
3918
3538
2207
2838
3580
1654
22
623
281
3727
1368
3269
270
3928
78
3985
3959
2535
3798
275
3531
2444
2321
602
3774
443
3440
3898
732
863
3777
660
1200
3699
490
3282
866
1933
3637
3251
786
4003
939
816
2437
3413
1889
1585
1061
2421
3510
140
3682
851
1087
111
216
1193
4030
1387
935
3691
3999
3801
1977
3887
3581
1581
358
4022
3157
2861
3945
3631
3812
3175
2696
3647
1829
3955
3533
3513
887
890
189
137
775
1031
3914
788
335
498
1731
3949
1
3549
2301
638
24
3911
502
476
3536
3927
3939
1445
190
3143
1002
2208
3218
801
20
2427
3793
1262
4027
71
267
541
292
340
3556
3848
1326
3407
3589
2470
1890
282
1780
2382
2548
985
127
1386
3638
3127
89
970
3825
1089
3626
259
702
3066
2439
3603
2922
3675
2569
3856
225
49
406
1760
892
3607
485
39
4020
3931
3996
3986
3562
909
3438
2980
3991
42
3775
4007
2177
442
2170
1498
690
3616
3995
4029
1698
4019
855
3063
2695
2822
2967
3908
3190
2848
2965
3081
3408
3024
1306
3788
825
3494
244
284
1090
3071
986
3865
3941
1248
817
164
3341
3766
2899
3789
2692
63
441
1138
3719
1461
3305
175
208
674
85
55
3733
253
93
3147
3897
51
852
401
1711
3461
3489
3333
3432
247
1263
2688
496
1476
1458
3130
43
3965
248
2493
1403
2175
894
893
1558
258
268
90
1546
386
167
102
3807
3155
69
174
3847
3989
4021
1713
1394
594
4011
4031
3644
3553
3893
193
3655
3534
1433
77
1840
1105
3492
301
375
44
3742
344
965
3896
691
80
242
187
266
2487
1343
346
684
590
1162
437
736
41
885
872
99
3664
1874
1453
2514
3937
114
3752
2788
3271
228
2734
3537
1531
276
4009
1739
263
58
1978
923
32
116
3323
1450
1098
1251
151
3792
191
1586
928
987
3925
1775
1016
2821
2766
1253
29
558
3181
3372
317
3131
61
1930
1114
1797
2587
3555
3445
1401
882
876
3074
3868
1690
2425
3919
3594
3639
3899
2515
3202
3963
3806
3679
607
1748
306
104
1771
2094
763
1095
3354
195
76
826
1045
250
1518
854
3441
3771
139
644
654
1537
1023
1762
878
1808
783
2265
2227
1364
1937
2566
2691
2316
579
155
2523
2360
601
2455
2023
3439
2605
2141
2249
2557
2389
295
230
2450
2080
2126
2577
2565
2288
165
2678
2903
2263
1990
3592
1481
339
3739
3912
3857
1521
126
663
910
1967
499
3846
3661
797
1801
3349
255
3787
1693
1651
2252
759
2982
2703
3942
95
3423
1430
532
3823
2972
3325
3560
12
2483
3650
135
138
657
380
1240
632
647
643
681
215
3888
501
1324
537
652
1560
133
588
425
2851
2926
234
245
294
3
3317
871
371
3582
3983
4018
2195
737
4034
860
4006
3984
3990
956
3987
123
336
3992
4008
4005
679
3205
2933
323
3059
2941
3654
3322
2983
2990
2954
3039
2718
3028
2760
1719
832
2761
3052
2824
587
2831
3110
2722
3410
2741
2930
3012
3433
3047
3356
529
3199
3357
2721
3401
3968
822
2836
3034
3223
2682
2672
3112
3208
365
3276
3315
3254
781
3014
3006
1510
2882
2847
3820
3669
2702
2701
1244
2723
3058
3172
3453
2785
1178
3048
2826
733
648
2801
3849
1168
785
843
1594
3933
2
3954
1353
1022
52
899
252
734
446
2505
994
3690
1444
3681
3715
1254
743
3862
382
710
59
1996
1151
182
351
1000
316
2952
196
15
472
2710
1734
1417
2884
3544
1424
1749
153
1234
1065
3905
757
621
3875
3663
6
3746
2900
605
800
3950
166
865
971
3428
257
778
47
210
424
433
1526
883
349
1924
3696
722
550
799
3922
3712
113
1848
845
2998
480
237
3659
1194
3686
2008
790
3520
1406
1145
3134
3670
1909
841
3528
1228
715
3936
1474
812
940
269
3811
1372
3485
1103
945
3748
3769
1206
3619
3370
3859
3159
3974
804
3588
2422
1252
2858
2792
3067
1038
221
3866
964
3962
97
3671
3973
1640
862
3183
381
206
3864
3920
3761
2814
613
3216
2805
176
1301
334
1772
3189
160
3653
773
3878
3845
787
3522
3373
3882
2457
1908
639
1854
3575
459
875
891
1362
1412
3796
3958
1418
1627
197
900
260
2431
1233
362
1119
405
3451
3935
2051
700
241
1223
3597
11
124
1088
938
3576
794
2860
74
106
1834
519
3832
3768
1147
1701
240
1157
390
904
1063
3694
2632
2251
1297
3867
3524
3745
464
410
50
448
466
1571
2656
1094
2541
673
3249
2596
377
3526
3635
131
1395
1296
3088
347
426
1779
608
3393
3773
1436
203
3791
3776
1134
1245
696
857
3590
3713
756
3500
2846
3343
796
3376
2671
2935
3151
3312
3327
3389
2886
3755
308
3020
3429
1751
1203
655
2834
831
1657
3567
3725
3916
2628
2085
1073
1615
603
159
1397
1357
803
1756
1131
3541
886
1778
132
360
1071
3530
1174
1494
1860
1792
28
2885
3981
1154
2923
3292
2517
2214
2318
1478
1566
1671
3901
23
14
115
597
300
3930
3821
3881
3598
296
1552
1499
161
156
38
3300
3045
1670
717
798
2774
3055
337
227
278
86
3622
1607
1896
1183
1562
1218
1057
1053
399
2783
3359
809
1785
1106
309
3398
2997
3061
2957
3148
3133
3997
1847
4014
3932
2426
2490
2401
3454
3660
3760
955
3695
4017
4026
3994
3972
3460
667
4038
4004
4037
457
518
469
3964
3850
3827
3747
3698
3505
3685
3840
3836
2375
91
264
110
8
3504
3839
3652
3612
3535
3568
2817
3952
251
1027
3268
4002
4023
3833
3976
226
326
149
3564
3767
3803
3714
3509
3754
549
198
393
364
491
3502
3813
299
54
249
53
2424
2314
1922
2107
2570
1956
3662
3446
3624
194
48
3814
1901
1599
411
3978
150
869
867
873
874
3467
3674
3799
2735
3307
3634
3469
3738
3561
3053
3122
3141
3200
3121
3328
2781
3508
3809
4036
1486
171
2704
3988
4013
243
310
279
214
1317
1140
3447
144
312
3668
3630
2634
2456
2041
1687
1136
1325
1434
1822
1564
1055
1441
1043
979
768
707
746
1342
1064
1212
2732
2902
3565
2614
2129
881
858
895
470
458
3617
806
839
818
771
791
3516
3649
3481
3600
3697
453
3708
3957
3579
3476
3757
3701
3975
3465
2349
2320
3894
3546
152
4
1961
2281
2245
3993
181
328
218
3227
1197
1788
1111
1030
633
625
685
592
636
653
3863
3490
2393
2558
2466
2358
1992
2503
2474
2277
2411
2371
1935
2022
2346
1931
2000
1988
2486
2286
2480
2357
2049
2197
2105
2538
2157
1999
1991
2645
2004
2633
2297
2016
2337
1958
2447
2378
2435
1998
1927
1982
2650
2622
2048
2361
2205
2209
2644
2146
2119
2097
1968
2440
2405
2173
2585
2459
2620
2658
2006
1950
2192
2009
2647
2202
2171
2061
2659
2364
2162
2583
2018
1951
2366
2529
1980
2365
2502
2312
2568
2547
2027
2024
2479
2494
2627
2522
2513
2400
2396
2291
2002
2155
2156
2152
2270
1915
2113
2317
2228
2193
2132
2298
2211
2488
2011
1919
2534
2236
2166
2070
1975
1965
1995
1928
2385
2660
2626
2284
1973
2657
2225
1914
2226
1964
2096
1916
2540
2161
2116
2537
2518
2222
2057
2003
2475
2416
2145
2531
2264
2616
2151
2295
2653
1718
2053
2640
2463
1976
2571
2652
2127
2377
2344
2267
2296
2610
2394
2338
2242
2054
1981
136
2183
2330
2203
2497
2589
2498
2368
1920
2110
2075
1952
2262
2639
2001
2292
2254
2081
2406
2588
2436
2101
2609
2598
2215
1947
2383
2350
2618
2351
2319
2304
1954
2294
2068
1970
2432
2111
2608
2336
2310
2612
2412
2235
2231
2031
2341
2034
2402
2035
2343
2328
2283
2125
2010
1923
2362
1944
2635
2199
2087
2187
2120
1972
2496
2133
2038
2279
2196
2451
2280
2169
2335
2417
2629
2582
2465
2648
2636
2025
2315
2138
2021
2379
2303
2243
2544
2510
2508
2572
2501
2302
2247
2143
1959
2282
2174
2153
2042
2028
1939
2642
2491
2399
2071
1948
2420
2102
2603
2434
2293
2274
2246
2241
2029
2649
2519
2511
2473
2413
2372
2355
2176
2117
2039
2026
2509
2445
2384
2148
2144
2052
2032
2287
2592
2268
2198
1994
2617
2567
2345
2285
2273
2232
2223
2191
2186
1955
2613
2552
2234
2476
2398
2044
2512
2083
2327
2163
2149
2047
2180
2390
2221
2128
2554
2574
1963
2387
2088
2454
2098
2040
2576
2376
2578
2615
1989
2573
2446
2095
2033
2407
2586
2352
2190
2150
2043
2478
2164
2323
2472
2458
2367
2239
2099
1945
1577
1465
2602
2477
2462
2460
2326
2271
2172
2056
2504
1925
2607
2532
2484
2290
2147
2139
2137
2074
2638
2631
2597
2562
2550
2471
2461
2452
2448
2419
2415
2397
2332
2325
2322
2313
2289
2272
2259
2258
2189
2181
2160
2159
2135
2134
2072
2055
2017
1987
1986
1969
1932
1929
1921
2655
2630
2408
2353
2218
2194
1918
2240
2200
2165
2063
2654
2601
2593
2563
2551
2206
2104
1962
1917
2418
1993
2581
2561
2536
2449
2428
2118
2064
2062
1942
2278
2276
2179
2140
2090
2060
2005
1983
1953
2600
2500
2395
2237
2073
2045
2037
2591
2579
2495
2275
2266
2220
2213
2077
2058
1946
2646
2594
2560
2485
2482
2354
2340
2201
2069
2624
2543
2643
2619
2575
2555
2533
2507
2499
2409
2381
2369
2333
2253
2250
2224
2112
2093
2007
1979
1971
1926
2590
2553
2469
2467
2464
2410
2059
2524
2506
2430
2423
2356
2348
2334
2154
2142
2121
2084
2549
2526
2516
2489
2392
2391
1984
1940
2559
2520
2492
2443
2438
2363
2308
2306
2299
2257
2210
2131
2122
2086
1985
1943
