0
4005
894
12
4010
47
294
692
1586
286
18
638
70
3984
4006
750
892
891
883
1208
3808
841
3691
11
3744
1096
15
2952
154
216
468
1417
3885
3729
602
157
2481
2380
660
613
3935
205
3597
2580
3987
3467
4008
3974
3650
3732
209
585
174
287
648
3317
153
112
4025
3407
3742
2842
2178
3811
2691
255
3846
210
1854
3946
911
1466
1560
377
1119
2079
1834
3887
3006
1034
3589
4035
279
1713
3370
3955
1394
3748
3709
2704
33
2195
2792
3954
155
3560
1046
4033
4036
4018
4017
4000
3996
3999
4030
4026
4019
4009
3994
4037
3995
3993
4034
4024
4022
4021
4014
4011
4003
4002
4001
3998
3997
3992
3988
3986
3985
3983
3982
3981
4023
3989
4020
4013
4004
3991
594
3980
4038
4031
4027
866
858
895
870
881
885
877
785
884
846
756
832
812
791
852
733
854
762
716
704
831
814
790
833
816
802
788
714
689
759
730
806
702
839
742
842
739
738
720
715
821
760
795
887
879
874
873
872
871
867
859
776
734
864
847
845
737
727
844
837
829
826
706
843
773
696
731
688
761
713
890
869
880
817
765
758
719
694
848
827
747
708
695
779
777
764
718
803
787
741
855
853
851
850
849
840
836
835
834
824
822
820
818
815
813
810
809
808
807
805
801
800
799
798
797
796
794
793
792
789
786
784
783
781
780
778
771
770
768
767
766
757
755
754
752
751
748
746
745
743
736
732
728
726
725
724
723
722
721
717
712
711
710
709
707
705
701
700
699
698
693
691
690
753
878
893
882
876
838
830
828
825
823
819
811
774
772
769
735
703
697
687
886
782
763
729
686
889
863
861
856
804
888
740
775
749
744
865
868
875
860
4029
4028
4012
4007
4032
4015
3990
4016
2776
2930
3271
3105
2767
2732
3251
3074
3218
3141
2799
2922
3408
3349
3392
2483
2439
2051
1933
2634
401
476
364
8
77
207
270
51
167
3099
340
3281
3336
2923
3292
2834
3398
3266
2685
3028
3048
3126
3197
3314
3305
3375
3358
3389
3190
2667
3208
3337
2902
3418
3235
3372
3180
2861
3043
2824
3112
3127
3354
3200
3269
3059
3421
3063
3209
3030
3192
3083
2805
2879
3402
2692
2695
2998
3012
2933
3429
3338
3187
3384
3042
3088
2876
2771
3243
3014
3325
3311
3008
2959
3227
3199
2775
3047
2731
2980
3414
3229
2803
3109
2967
3399
2880
2990
3333
2978
2789
3148
2709
2818
3312
3352
3058
3046
2856
2700
3151
3077
2929
2674
3315
2841
3383
3303
3202
3095
2919
2917
3238
2773
3119
3084
2940
3250
3129
3036
3004
2896
2877
2965
2772
2696
2668
3313
3215
3107
2793
3365
3139
3000
2924
2810
2738
3260
3369
3307
3255
3138
2816
2812
3114
2690
3344
3204
3195
2985
3212
3015
2687
3393
3171
2844
2832
2831
3357
3335
2942
2769
3423
2699
2670
3236
2954
3064
3026
2913
2867
2729
2666
3246
2962
2870
2820
3433
3135
2920
2705
2681
2679
3219
3217
3075
3435
3400
3394
3364
3237
3123
3090
2994
2993
2956
2953
2906
2887
2874
2862
2837
2741
2676
3387
3193
3149
3056
2927
2925
2891
2749
2706
3363
2948
2761
3395
3328
3327
3249
2843
2675
3362
3339
3284
3184
3174
3108
3098
3096
3078
2988
2960
2916
2915
2872
2866
2806
2782
2750
2694
2669
3428
3426
3300
2899
2786
3254
2768
3397
3225
3224
3242
3124
2727
2938
3186
3121
2840
2836
2752
3396
3111
2568
2565
2595
1974
1961
2349
2541
2019
2168
2514
2219
1969
2656
2632
2528
2263
2100
2014
1956
2545
2497
2080
2566
2548
2375
2383
2453
2175
2540
2251
2455
2618
2535
2301
2181
2070
2082
2034
2016
2008
2558
2450
2587
2227
2570
2342
2260
1960
2245
2167
2523
2186
2628
2371
1965
2488
2197
2129
1975
2452
2298
2577
2089
2346
2041
2156
1914
2192
2050
2225
2022
2011
2644
2405
2361
2490
2401
2207
2170
2076
1992
1924
2303
2092
2097
2061
2025
1931
1928
1927
2493
2657
2001
2261
2639
1919
2626
1995
1957
2277
2606
2136
2334
2123
2286
2193
1978
2373
2091
2506
2218
1942
2317
1915
2647
2447
2297
2202
2159
1980
1951
2492
2469
2404
2073
1997
2638
2554
2495
2484
2477
2460
2386
2381
2376
2352
2339
2200
437
467
386
448
399
406
552
501
441
146
54
243
341
345
208
78
201
311
231
262
319
6
165
48
130
217
129
132
60
258
257
183
150
197
73
274
261
268
144
28
93
324
281
329
303
45
296
102
266
53
1
264
193
176
238
222
84
269
194
24
185
344
290
196
113
75
10
314
148
301
177
143
339
251
184
337
310
331
178
338
247
16
334
298
291
277
271
224
212
203
72
69
9
3
267
83
61
332
323
322
186
169
159
121
105
88
40
25
333
226
14
293
289
214
175
89
41
137
265
252
211
172
98
59
56
347
31
22
180
328
273
181
152
326
433
485
424
486
3411
3262
3172
3049
2958
2823
2797
2701
2672
2868
2744
2531
2645
2389
2517
2362
2231
2036
1930
2599
2610
2425
2522
2658
2620
2538
1973
1935
2415
2003
2636
2583
2494
2337
2171
2157
2024
213
125
3067
3326
3289
2957
2707
2813
3378
3272
3261
2996
2796
2720
3128
3066
2886
2725
2949
3302
3103
2971
2688
3275
3156
3145
3136
3087
3032
3017
2932
2819
2758
2735
2718
3316
3297
3267
2863
2780
2770
2722
3259
3256
3002
2946
2921
2845
2678
3406
3391
3381
3347
3296
3288
3277
3247
3182
3169
3155
3132
3116
3106
3102
3089
3072
3070
3034
2970
2950
2937
2914
2901
2875
2849
2833
2778
2661
2714
2416
2209
2182
2141
2066
2155
2654
2646
2579
2359
2300
2290
2287
2118
2069
2060
1963
2637
2520
1952
2222
2214
2612
2557
2525
2366
2185
1944
2652
2604
2575
2574
2559
2553
2552
2521
2518
2504
2501
2499
2485
2454
2446
2418
2410
2409
2392
2391
2331
2326
2309
2307
2288
2276
2271
2244
2210
2201
2179
2147
2124
2122
2098
2093
2090
2086
2056
2045
2037
2030
2020
1984
1929
2242
2417
2438
2400
2233
2048
2462
2398
2267
2252
2127
2075
2054
2498
2345
2169
1939
2215
2572
2479
2390
2243
2026
2002
1987
1981
2635
2617
2582
2461
2330
2294
2259
2143
2072
2032
1926
2625
2623
2619
2615
2607
2600
2578
2567
2564
2563
2556
2551
2533
2526
2482
2465
2430
2420
2395
2363
2323
2308
2280
2257
2253
2188
2184
2137
2099
2064
2059
2058
2053
2040
1993
1985
1964
1946
2471
2434
2384
2347
2283
2250
2199
2180
1932
1065
3285
3191
3113
3005
3177
3176
2995
2947
2892
2739
3415
3412
3380
3346
3210
3118
3024
2900
2860
2728
3334
3308
3295
3207
3162
3086
3081
3069
3068
3061
3051
3001
2865
2737
2682
2662
3436
3434
3431
3430
3427
3425
3424
3422
3420
3419
3417
3416
3413
3410
3405
3404
3403
3401
3390
3388
3382
3379
3377
3376
3374
3373
3371
3368
3367
3360
3359
3356
3355
3353
3351
3350
3348
3345
3343
3342
3341
3340
3332
3331
3330
3329
3324
3323
3322
3321
3320
3319
3318
3310
3309
3306
3304
3301
3299
3298
3294
3293
3291
3287
3286
3283
3282
3280
3279
3276
3274
3273
3270
3268
3264
3258
3257
3253
3252
3248
3244
3241
3240
3239
3234
3233
3232
3231
3228
3226
3223
3221
3220
3216
3214
3213
3211
3206
3203
3198
3196
3194
3189
3188
3185
3183
3181
3178
3175
3173
3170
3167
3166
3163
3161
3160
3159
3158
3157
3154
3153
3152
3150
3147
3146
3144
3143
3142
3140
3137
3134
3133
3131
3130
3125
3122
3120
3117
3115
3110
3104
3100
3097
3094
3093
3092
3091
3085
3082
3080
3076
3073
3071
3065
3060
3055
3054
3053
3052
3050
3045
3044
3041
3040
3039
3038
3037
3035
3033
3031
3029
3027
3025
3023
3022
3021
3020
3018
3016
3013
3010
3009
3007
2997
2992
2991
2989
2987
2986
2984
2983
2982
2981
2977
2975
2974
2973
2972
2969
2968
2966
2961
2955
2951
2945
2944
2943
2939
2936
2935
2934
2931
2928
2926
2918
2912
2911
2910
2909
2908
2907
2905
2904
2898
2897
2895
2894
2893
2890
2889
2888
2884
2882
2881
2878
2873
2871
2869
2864
2859
2858
2855
2854
2853
2852
2851
2850
2848
2847
2846
2839
2835
2830
2829
2828
2827
2821
2815
2814
2811
2809
2807
2804
2802
2801
2800
2798
2795
2794
2791
2790
2788
2787
2785
2784
2783
2781
2779
2777
2774
2766
2765
2763
2762
2760
2759
2757
2756
2755
2754
2753
2751
2748
2747
2746
2745
2743
2742
2733
2730
2726
2723
2721
2719
2717
2716
2715
2713
2712
2711
2710
2708
2703
2702
2698
2697
2689
2686
2684
2683
2680
2673
2665
2664
2663
2609
2605
2544
2472
2468
2445
2436
2419
2355
2344
2315
2247
2224
2191
2151
2149
2138
2047
2039
1443
3409
3386
3205
3079
3062
2826
2734
1607
3011
2976
1093
1762
1546
1498
516
1383
1301
1038
464
166
655
664
1602
986
534
449
568
466
382
539
470
562
530
2660
2659
2655
2653
2651
2650
2648
2643
2641
2640
2633
2631
2630
2627
2624
2622
2621
2616
2614
2613
2611
2603
2602
2601
2594
2593
2592
2591
2590
2588
2586
2585
2584
2581
2576
2573
2571
2569
2562
2561
2560
2555
2550
2549
2547
2546
2543
2539
2537
2536
2534
2532
2530
2527
2524
2519
2515
2513
2507
2505
2503
2502
2500
2496
2489
2487
2486
2480
2478
2476
2474
2473
2467
2466
2464
2463
2459
2456
2451
2449
2448
2444
2443
2442
2441
2440
2435
2433
2432
2431
2429
2428
2427
2426
2424
2423
2422
2421
2414
2413
2412
2411
2408
2407
2406
2403
2402
2397
2396
2393
2388
2387
2385
2382
2379
2378
2377
2374
2372
2370
2369
2368
2367
2365
2364
2360
2358
2357
2356
2354
2353
2350
2348
2341
2340
2335
2332
2329
2324
2322
2321
2320
2318
2316
2314
2313
2312
2311
2310
2306
2305
2304
2299
2296
2295
2291
2284
2281
2278
2275
2274
2273
2272
2270
2265
2262
2258
2256
2255
2254
2249
2248
2241
2240
2238
2237
2236
2235
2234
2232
2230
2229
2228
2226
2221
2220
2217
2216
2213
2212
2211
2208
2206
2205
2204
2194
2190
2183
2177
2176
2174
2173
2172
2166
2165
2164
2163
2162
2161
2160
2158
2154
2152
2150
2146
2145
2142
2140
2139
2132
2131
2130
2126
2121
2120
2119
2116
2115
2114
2113
2112
2111
2110
2109
2108
2107
2105
2104
2103
2102
2101
2096
2095
2094
2088
2087
2085
2084
2083
2078
2077
2074
2067
2063
2062
2057
2055
2052
2049
2046
2044
2043
2035
2033
2031
2029
2028
2027
2023
2021
2018
2017
2015
2013
2012
2010
2009
2007
2006
2005
2004
2000
1999
1998
1996
1994
1991
1990
1989
1988
1986
1983
1982
1979
1977
1976
1972
1971
1970
1968
1967
1966
1962
1958
1953
1950
1949
1948
1943
1940
1938
1937
1936
1934
1925
1923
1922
1921
1918
1917
1916
1913
498
679
685
575
666
650
595
662
643
599
603
622
574
597
657
631
659
636
626
589
573
681
582
684
625
579
633
619
592
675
670
661
578
577
576
642
469
635
472
587
533
362
535
1510
1599
1631
646
1654
1455
473
547
442
372
355
490
422
416
360
683
652
610
586
570
557
523
397
669
455
409
571
564
554
551
549
532
529
528
522
520
518
509
505
502
499
495
491
480
478
474
471
459
457
454
453
447
445
429
418
413
411
410
407
396
393
390
387
385
384
381
380
371
365
361
358
356
354
351
198
119
100
346
343
342
336
335
330
327
325
320
318
317
315
313
312
309
308
307
306
304
302
300
299
297
295
292
288
285
284
283
282
280
278
276
275
272
263
260
259
256
254
253
249
248
246
244
242
240
239
237
236
235
234
233
232
230
229
228
227
225
223
221
220
219
218
215
206
204
202
200
199
195
192
191
190
189
188
187
182
170
168
164
163
162
161
160
158
156
151
149
147
145
142
141
140
139
138
135
134
133
128
127
126
123
122
120
118
117
116
115
111
110
109
108
106
104
103
101
99
96
95
94
92
91
87
86
85
82
81
80
79
76
74
71
68
67
66
65
63
62
58
57
55
52
50
46
44
39
38
36
34
32
30
29
27
26
23
21
20
19
17
13
7
5
4
2
3513
3699
645
543
541
510
504
477
435
426
421
405
369
357
350
3179
3057
1822
3432
2825
1419
1477
1008
1558
985
1262
1731
1905
1050
2649
2598
2589
2529
2511
2509
2491
2475
2399
2394
2343
2333
2328
2325
2319
2268
2264
2246
2198
2189
2153
2148
2144
2133
2125
2117
2071
2038
1955
1954
1947
136
1270
1521
1697
989
912
3165
3164
2964
2883
1666
1140
3201
2999
2941
2903
2693
2677
1890
1647
1489
1194
1200
1646
1896
1218
1780
3385
3361
3278
3265
3263
3245
3222
3101
2979
2822
2764
990
965
1385
1670
2642
2629
2608
2597
2542
2516
2512
2510
2508
2458
2351
2338
2336
2327
2302
2293
2292
2289
2285
2282
2279
2266
2239
2223
2203
2196
2187
2135
2134
2128
2081
2068
2065
2042
1959
1945
1941
1920
1178
1356
1817
1434
1739
3366
3168
3019
2724
1684
1016
1577
1268
1492
1378
1836
1618
1414
1400
1167
1748
1299
937
1037
1202
987
1392
1015
1910
1468
1186
1469
1279
1364
992
1869
1041
1379
1115
988
1011
1004
1700
1527
1883
1387
1297
1072
977
944
1258
1321
1785
1308
1889
1266
1837
1784
1568
1097
901
1639
1090
1000
1774
1895
1892
1798
1629
1601
938
1263
1248
1710
1644
1340
1788
1368
1311
1147
1131
1002
1841
1764
1691
1587
1350
1345
1044
1706
1884
1715
1635
1067
1909
1672
1624
1354
1505
996
961
1877
1737
1463
1180
1054
1022
1437
1457
1743
1497
1342
1094
1696
1540
1053
1716
1021
981
1552
1544
1686
1188
1450
1891
1197
1832
1359
1107
1531
1412
1246
1152
1013
955
1526
1464
1339
1207
1133
1475
1598
1501
1416
1341
1812
1638
1582
1347
1292
1257
1036
1542
1287
1123
1091
1040
959
1725
1667
905
1439
1181
1668
1456
1389
1651
1580
1280
1084
1658
1473
1426
1366
1009
1893
1382
1215
1344
1239
1230
1164
1499
1177
956
1610
1132
1010
1069
1273
1204
1170
1183
1833
1772
1689
1557
1441
1402
993
916
1886
1789
1491
1380
1370
1351
1336
1305
1285
983
960
1493
1319
1873
1655
1583
1578
1550
1459
1438
1432
1381
1286
1231
1148
1082
1066
975
902
1495
1373
1227
1120
1108
924
896
1842
1530
1483
1409
1271
1214
1201
1163
1083
1161
1428
389
907
941
1236
1225
1168
1042
1566
1295
1212
931
1393
1793
1757
1753
1128
1079
1649
1573
1503
1261
1665
1594
1488
1447
1269
1773
1695
1675
1611
1369
1329
1290
1153
1146
1026
947
925
897
1608
1605
1255
1056
1863
1858
1662
1399
1792
1782
1584
1907
1906
1899
1820
1786
1742
1703
1595
1533
1507
1504
1502
1451
1444
1371
1309
1277
1241
1159
1158
1007
964
942
919
903
1801
1110
1052
1808
1077
1861
1804
1800
1795
1768
1652
1480
1278
1256
1242
1205
1175
1116
1783
1732
1729
1396
1316
1102
1081
1023
173
1876
1738
1699
1674
1671
1548
1514
1436
1314
1070
963
644
630
1828
1680
1650
1576
1233
1229
1129
1019
620
609
584
1870
1294
1210
1142
1113
1630
1536
511
493
452
434
370
1767
1763
1223
545
525
375
1487
1179
637
503
461
394
368
1882
1677
1506
1422
1374
1357
1300
1160
1080
913
560
544
536
526
494
479
456
440
398
352
1427
1155
651
565
561
555
548
546
531
527
521
519
506
497
489
488
482
481
463
458
450
439
403
392
378
367
359
1912
1777
1740
1545
1425
1408
1237
962
676
614
604
591
512
508
500
444
438
425
415
402
395
391
373
366
569
507
451
432
682
680
678
677
674
673
672
671
667
665
663
658
656
654
653
647
641
640
639
634
632
628
627
624
623
621
618
617
616
615
612
611
608
605
600
598
593
590
588
583
581
558
556
553
524
515
514
465
436
431
427
423
412
400
374
1844
1778
1744
1694
1616
1543
1529
1358
1122
1075
1012
976
567
559
542
540
537
513
496
492
487
483
462
460
446
430
419
