0
885
4014
219
3853
3807
607
692
4035
608
1854
233
1105
4006
1096
1326
841
2788
3071
2975
1466
875
624
1276
1002
3709
154
1119
3729
3992
4007
4029
4028
4024
4015
801
3989
581
3922
337
3367
155
253
674
1194
2814
384
229
3878
3121
550
3801
532
1065
453
3637
2168
338
1693
2817
3546
3928
2493
124
3439
3724
3461
1442
865
2691
2481
1022
2442
3375
1690
1474
3671
2483
3037
209
1224
1206
335
3230
3936
255
3965
775
2437
854
880
401
717
216
1560
3910
244
3650
2998
33
785
2736
2219
2079
193
1220
1395
3812
2855
2380
1586
1558
3688
3691
2804
286
3059
2178
2952
1270
1034
42
288
744
358
3925
70
3161
945
2860
501
3045
852
2106
2421
241
49
904
2792
3699
1760
468
379
3885
157
3990
4027
1027
1890
1208
256
319
89
327
6
147
95
3988
3986
4018
3993
4023
4031
3996
4037
4026
3982
3999
4033
4030
3998
3994
4025
4011
3991
4004
3995
4038
4022
4021
4020
4019
4017
4016
4013
4009
4005
4003
4002
4001
4000
3997
3987
3985
3984
3983
3981
3980
4034
4010
594
4012
4036
4032
4008
667
873
867
887
874
776
894
877
886
689
866
859
893
882
879
858
881
878
846
743
790
740
690
851
864
812
712
889
863
761
767
806
786
839
789
714
803
777
750
716
729
709
715
722
746
821
732
702
848
760
742
734
890
769
816
835
819
807
797
779
754
895
888
884
876
872
871
870
869
861
860
856
811
844
780
765
727
687
748
730
688
815
799
772
696
741
773
731
764
747
817
763
720
752
728
808
793
705
834
813
711
853
847
840
830
820
805
784
766
733
718
713
706
695
694
843
842
838
837
833
832
831
829
828
826
825
824
823
822
818
814
810
804
800
796
795
794
792
791
783
782
778
774
771
770
768
762
759
756
753
751
739
738
737
736
735
726
725
724
723
721
710
708
707
704
703
701
700
699
698
697
693
691
849
845
836
827
809
787
781
758
745
719
686
755
788
850
892
868
798
802
855
749
757
891
883
296
102
328
441
243
263
273
201
264
110
91
99
305
247
16
317
267
240
190
83
51
336
246
237
151
44
226
149
144
140
17
14
3781
198
318
344
284
197
298
63
290
281
308
148
22
214
162
137
28
20
185
230
55
36
311
282
86
68
143
118
78
4
130
306
181
259
8
325
142
309
139
135
108
133
90
278
131
32
329
64
172
261
77
312
310
279
231
29
212
45
204
182
300
187
53
265
82
31
105
39
23
320
303
232
132
59
1
178
276
113
62
25
302
289
175
41
236
65
169
283
228
72
343
116
115
3003
3128
3911
3946
3494
3865
3806
3607
3791
3641
3478
3447
3823
3882
3816
3977
3664
3726
342
313
280
176
163
79
50
1937
346
266
242
180
88
476
364
340
238
109
27
341
334
257
249
239
199
168
158
141
208
203
188
170
122
295
272
85
271
211
98
7
339
345
332
323
322
315
277
200
165
161
134
127
67
66
40
9
347
333
331
330
326
316
307
301
299
297
294
291
275
274
270
268
260
258
254
252
251
248
227
225
224
223
222
221
218
215
213
206
205
202
196
195
194
192
191
186
184
183
179
177
174
167
164
159
153
150
146
145
129
128
126
125
123
121
117
112
111
106
104
101
100
97
96
94
93
92
84
81
76
75
74
73
71
69
61
60
57
56
54
48
46
43
38
30
26
24
19
13
10
5
3
2
2885
2838
269
3271
3336
3143
3270
3323
2695
2963
3392
3167
2767
2752
3091
3666
3961
3919
3649
3581
3813
3507
3920
3776
3696
3513
3727
3474
3879
3720
3647
3897
3815
3509
3875
3809
3537
3718
3715
3669
3588
3620
3768
3524
3602
3534
3874
3728
3757
3571
3572
3763
3759
3951
3690
3643
3963
3899
3740
3905
3814
3624
3549
3531
3789
3898
3695
3686
3787
3833
3792
3506
3871
3868
3739
3445
3754
3622
3932
3638
3523
3481
3895
3836
3710
3567
3714
3967
3964
3933
3783
3766
3747
3655
3500
3900
3818
3894
3811
3473
3912
3857
3725
3606
3441
3927
3866
3623
3601
3673
3956
3937
3777
3761
3752
3634
3630
3614
3554
3460
3485
3758
3564
3532
3483
3862
3719
3648
3646
3558
3676
3723
3976
3794
3711
3850
3508
3975
3767
3599
3443
3972
3881
3829
3821
3738
3510
3579
3519
3909
3906
3822
3569
3468
3863
3490
3552
3769
3713
3698
3553
3543
3472
3921
3802
3629
3615
3598
3793
3764
3459
3869
3464
3661
3467
217
119
2971
2723
3093
2933
2595
2634
2456
2034
2535
2580
1915
1956
2017
2207
2513
2357
649
549
166
80
399
351
386
3539
3511
3444
3954
411
2089
2562
3429
3235
3307
2744
2349
2490
2505
2503
2193
2008
324
304
285
156
120
103
87
21
979
2735
3275
2697
2834
3401
2893
3180
2918
2997
3080
2981
3249
2926
2700
3092
2891
2798
58
3382
3314
3281
3039
2965
2809
3094
3181
3131
2930
2902
2732
2756
2727
2990
3428
3066
2886
3141
2776
3322
2713
2797
3055
2941
3028
2949
3209
2733
3200
3260
3197
2770
3380
3306
3024
2709
2681
3388
3333
3317
3030
2837
2683
2967
3007
3159
3135
3036
3163
3192
2888
2959
3326
2731
3379
3313
2791
3436
3414
2818
3244
2870
2820
3293
2738
2805
3430
2852
3088
2878
2844
3229
3358
3435
2726
2810
3364
3129
2953
2663
3387
3166
3052
2993
2745
3289
3199
3016
2980
3301
3184
3117
3056
2763
3348
3139
3114
2911
2864
3264
2812
2747
2668
3075
2868
3187
2773
2705
2690
2865
3354
3218
3374
3138
3110
3119
2887
2821
3316
3239
3041
3231
2819
2787
3339
3213
3096
2854
2666
3148
3420
2927
2806
2741
2669
3127
3390
3362
3193
2706
3237
2961
2909
3236
3065
2986
2945
2917
2835
2698
3108
3084
3054
2960
2906
2897
2827
3220
3149
3073
3026
2994
2969
2943
2896
2750
2680
3215
3058
3304
2931
2925
2866
2839
2664
3191
2871
2830
3433
3394
3257
3090
3025
3000
2874
2766
2743
2679
3204
3170
2936
2753
3296
3198
3032
3098
3033
2940
2905
2877
2754
2689
2676
3095
2807
2769
3008
2879
2670
3325
3318
3311
2982
3107
3426
3417
3284
3232
3226
3202
3195
3174
3104
3078
3022
2974
2966
2944
2928
2915
2913
2912
2908
2862
2800
2786
2673
3194
2846
2737
2692
3337
3087
2955
2914
2962
2824
2721
2765
2742
3703
3477
3876
3835
3636
3590
3505
3442
3934
3642
3484
3916
3659
3475
3741
3566
3504
3883
3795
3755
3744
3717
3700
3594
3562
3560
3516
3502
3479
3491
3902
3457
3790
3817
3670
3654
3914
3645
3561
3555
3462
3450
3913
3860
3542
3488
3966
3838
3627
3605
3557
3518
3640
3527
3979
3974
3973
3969
3960
3958
3957
3953
3952
3949
3947
3945
3944
3942
3940
3939
3931
3924
3923
3918
3917
3915
3908
3907
3903
3901
3896
3893
3892
3887
3880
3870
3867
3864
3855
3848
3845
3844
3843
3840
3837
3834
3832
3827
3826
3820
3819
3810
3804
3803
3800
3799
3786
3785
3784
3782
3778
3775
3774
3773
3772
3771
3770
3765
3753
3751
3749
3745
3743
3736
3735
3731
3730
3722
3716
3708
3707
3706
3705
3701
3694
3689
3685
3682
3681
3680
3679
3678
3675
3668
3665
3663
3662
3660
3658
3657
3653
3652
3644
3639
3635
3632
3631
3628
3617
3616
3613
3612
3611
3610
3608
3603
3597
3595
3593
3591
3587
3584
3582
3580
3578
3575
3568
3559
3541
3538
3536
3535
3530
3529
3528
3515
3499
3498
3497
3493
3489
3487
3486
3482
3476
3470
3469
3466
3465
3463
3458
3446
3852
3574
3471
3452
3438
3702
3693
3667
3550
3526
3521
3520
3492
3480
3825
3583
3978
3721
3687
3548
3888
3941
3547
3503
3760
3533
3626
3621
189
1368
3252
3212
3120
2751
2712
3434
3179
3049
3035
2991
3048
3352
3349
3224
3013
3365
3279
3276
3009
2876
2813
2762
2715
2667
3383
2954
3211
3012
2983
2784
3171
2898
2858
2935
2665
2831
2882
2848
2923
2836
2808
3327
3217
1295
2130
2316
2100
2454
2628
2486
2320
2204
1952
2358
2146
2515
2076
1924
2439
2321
2614
2548
2528
2388
2263
2230
2217
2041
2545
2167
1961
2197
2120
2650
1936
2487
2301
