0
4037
750
76
114
699
2842
3453
801
401
1834
851
841
689
2963
1034
624
1664
3801
240
3999
4001
3071
2382
2269
1967
3935
74
2714
1240
209
3816
3003
270
4015
205
585
262
2195
860
15
1690
1560
356
3619
1176
638
307
42
1233
1119
2808
1206
3853
112
3570
81
674
1145
3183
3765
2898
301
4005
33
2481
550
472
192
52
1394
4036
1607
887
877
866
873
804
888
872
865
776
884
881
876
863
767
850
890
832
743
707
733
869
811
786
742
895
894
893
892
889
886
885
883
882
879
878
874
871
870
868
867
864
861
859
858
729
751
854
852
846
825
822
812
802
788
775
769
761
757
746
732
717
714
712
702
692
691
756
821
768
759
744
721
711
735
839
806
796
791
789
771
736
725
700
710
809
783
741
817
813
790
777
798
795
737
727
726
722
755
690
856
844
834
826
708
840
792
765
845
799
772
740
734
723
880
838
837
807
763
753
739
823
803
797
793
764
758
730
720
716
703
687
833
829
828
816
814
810
800
794
787
784
782
774
766
724
706
701
698
688
686
853
847
843
836
808
778
773
762
760
754
752
738
728
719
715
693
848
842
835
827
824
820
819
818
815
805
781
780
745
731
709
696
695
694
849
831
830
779
770
747
718
713
705
697
748
855
749
704
891
785
875
4002
4020
4027
4016
4004
4031
4029
4026
3986
3982
4014
4030
3996
3981
3985
3991
4021
4038
4034
4028
4025
4023
4022
4019
4018
4017
4013
4010
4009
4008
4006
4003
4000
3998
3997
3995
3994
3993
3992
3990
3989
3988
3984
3983
3980
4032
4007
594
4033
4024
4011
3987
4012
667
4035
3936
3445
3595
3653
3939
3664
3952
3598
3811
2441
3899
3588
3607
3946
2621
2431
2437
3444
3806
3538
3848
3976
3781
3572
3809
3973
3696
3953
3917
3657
3567
3865
3473
3954
3868
3857
3819
3541
3789
3632
3675
3802
3494
3963
3967
3776
3960
3710
3977
3850
3799
3716
3638
3893
3847
3660
3490
3965
3519
3620
3814
3678
3606
3906
3614
3446
3472
3786
3932
3896
3900
3855
3747
3685
3535
3903
3648
3646
3925
3506
3754
3553
3866
3532
3458
3881
3759
3757
3630
3602
3624
3738
3469
3460
3876
3773
3698
3949
3662
3546
3699
3647
467
70
2230
2514
2505
2632
2422
2162
3975
3836
3476
3516
3794
3714
3643
3591
3895
3878
3777
3584
3568
3639
3613
3867
3862
3835
3815
3728
3715
3666
3608
3599
3891
3779
3626
3808
3921
3827
3753
3615
3508
3482
3455
3933
3920
3587
3500
3478
3972
3956
3937
3909
3761
3474
3459
3843
3821
3719
3690
3829
3764
3634
3510
3628
3940
3503
3492
3880
3621
3805
3772
3703
3795
3839
3504
3454
3915
3914
3869
3770
3601
3559
3555
3497
3788
3658
3578
3790
3702
3627
3926
3730
3542
3737
3485
2565
2503
2442
2541
2008
2158
2513
2076
1937
2515
2490
2170
2219
2178
2545
2094
2528
1924
1956
2476
2402
2651
2618
2375
2100
2650
2622
2466
2426
2320
1992
2106
2130
2015
1949
1915
2044
2373
2119
2424
2227
2262
2152
2089
2035
2614
2488
2260
2091
2558
2450
2634
2421
2204
2317
2316
2197
1960
2067
1996
1950
2055
1963
2405
1922
2265
2114
2311
2258
2213
1989
2356
2562
2388
2577
2360
2120
2504
2340
1966
2341
2563
2532
2507
2492
2477
2407
2404
2359
2354
2201
2188
2184
2103
2037
3904
3742
3463
3530
3978
3970
3969
3961
3959
3958
3955
3951
3950
3947
3942
3941
3934
3931
3924
3923
3922
3918
3916
3912
3907
3905
3901
3898
3897
3894
3892
3890
3887
3885
3882
3879
3874
3871
3870
3863
3859
3854
3849
3844
3840
3837
3834
3833
3826
3825
3823
3822
3820
3818
3812
3810
3803
3793
3792
3791
3787
3784
3783
3782
3778
3775
3774
3771
3769
3768
3767
3766
3763
3762
3758
3755
3751
3749
3748
3746
3745
3743
3740
3739
3735
3733
3729
3727
3726
3725
3724
3722
3720
3718
3713
3712
3711
3709
3708
3707
3706
3705
3701
3694
3691
3689
3688
3686
3682
3681
3679
3676
3673
3671
3668
3665
3663
3661
3659
3655
3654
3652
3650
3649
3645
3644
3641
3640
3636
3631
3629
3623
3622
3616
3612
3610
3600
3597
3593
3585
3583
3582
3581
3580
3579
3576
3575
3571
3569
3566
3564
3562
3558
3554
3551
3549
3547
3543
3539
3537
3536
3534
3531
3529
3528
3526
3524
3523
3522
3520
3515
3513
3511
3509
3507
3505
3502
3499
3498
3496
3493
3489
3487
3486
3483
3470
3468
3467
3466
3465
3464
3450
3447
3443
3442
3441
3439
411
468
679
572
216
296
2659
2633
2585
2050
1961
1958
2346
2365
2639
2494
2159
2025
2022
2012
2006
1998
1957
1914
2657
2636
2627
2626
2435
1928
155
183
263
102
230
283
311
2575
2554
2408
2348
2299
2212
2121
1929
1918
2358
2342
2615
2586
2579
2489
2469
2467
2339
2307
2288
2218
2216
2206
2190
2140
2123
2109
2108
2098
2077
2074
2063
2060
2056
2033
2020
1984
1979
2270
2560
2084
1974
2452
2478
1999
1980
2517
2440
2362
2066
2036
2318
2601
2234
2147
2086
1942
1951
1935
1927
1972
2449
2058
1982
2654
2624
2606
2604
2602
2600
2590
2564
2559
2551
2506
2446
2433
2423
2381
2334
2323
2309
2306
2290
2276
2271
2237
2220
2210
2165
2139
2131
2046
2040
1983
1953
1943
2392
2226
2099
2526
2493
1988
2400
2389
2221
2429
2425
1987
2480
2610
2242
2031
1923
2048
2522
2208
2144
1985
2367
2324
2252
2243
2137
1964
2599
2427
2390
2293
2163
2062
2612
2525
2497
2473
2453
2406
2403
2379
2361
2314
2313
2286
2277
2248
2232
2231
2214
2175
2134
2065
2057
2049
1975
1944
1930
2472
2607
2550
2150
2518
2183
2029
2652
2603
2396
2274
2246
2338
2125
2052
1916
1586
1383
3548
3731
3574
3452
3845
3838
3817
3527
3475
3957
3919
3913
3911
3902
3883
3864
3832
3813
3744
3717
3700
3695
3680
3670
3669
3635
3617
3605
3594
3560
3552
3518
3488
3481
3479
3457
3573
857
3785
3697
3637
3603
3590
3565
3462
3683
3852
3736
3672
3563
3556
3491
3471
3979
3888
3544
3858
3828
3480
3477
3928
3656
3611
3586
3550
3533
3521
3944
3929
3889
3642
3512
3964
3945
3927
3752
3966
3886
3841
3780
3760
3693
3525
3938
3800
3796
3741
3517
3484
3449
862
3930
3908
3884
3872
3860
3842
3824
3734
3721
3667
3625
3618
3545
3461
3440
3971
3968
3962
3943
3873
3831
3804
3750
3687
3677
3609
3604
3596
3557
3514
3448
3438
1157
1208
945
1295
1353
663
2658
2656
2655
2648
2646
2645
2644
2641
2640
2638
2637
2631
2630
2628
2625
2623
2620
2619
2613
2611
2605
2597
2596
2595
2593
2591
2587
2584
2583
2582
2581
2580
2578
2576
2574
2573
2572
2570
2568
2566
2561
2557
2556
2553
2552
2549
2548
2546
2544
2542
2540
2539
2537
2536
2535
2534
2531
2530
2527
2524
2523
2521
2520
2501
2500
2499
2495
2487
2486
2485
2484
2483
2482
2479
2474
2470
2468
2464
2462
2460
2459
2457
2456
2455
2454
2448
2444
2443
2439
2438
2434
2432
2430
2428
2418
2416
2415
2414
2412
2411
2410
2409
2401
2399
2397
2395
2393
2391
2387
2386
2385
2383
2380
2378
2377
2376
2374
2371
2370
2369
2366
2363
2357
2353
2352
2350
2349
2345
2335
2331
2329
2326
2322
2321
2312
2310
2308
2305
2304
2303
2302
2301
2300
2297
2296
2291
2287
2284
2281
2280
2279
2278
2275
2272
2268
2263
2261
2259
2257
2256
2255
2253
2251
2250
2249
2245
2244
2240
2238
2236
2235
2233
2229
2228
2222
2217
2215
2211
2209
2207
2205
2202
2200
2194
2193
2192
2186
2182
2181
2179
2177
2173
2172
2171
2168
2167
2166
2164
2161
2160
2157
2156
2155
2154
2151
2146
2145
2142
2141
2136
2129
2126
2124
2122
2118
2116
2115
2113
2112
2110
2107
2105
2104
2097
2096
2095
2093
2092
2090
2088
2085
2083
2082
2080
2079
2078
2075
2073
2070
2069
2064
2061
