0
4003
707
209
4010
2842
674
4034
3748
3987
3650
2079
47
1760
3922
18
74
4035
3729
1693
301
866
894
802
791
733
3451
110
1071
1027
11
401
49
642
911
2167
1486
1096
884
3805
1002
207
453
3820
3688
3955
3946
613
1690
875
1046
293
383
152
286
157
16
81
2714
3453
349
2569
859
2692
155
667
244
2481
3965
307
4028
1581
2541
841
379
1206
117
335
386
801
12
1119
1386
3984
102
3653
891
124
3908
247
2195
743
37
240
1558
3827
2798
1395
1233
865
4032
4016
1262
1145
3808
3935
1253
2470
3875
3999
230
1194
468
1208
2535
2094
2487
241
61
193
91
8
264
259
858
873
881
870
874
759
895
888
887
882
879
878
872
871
868
860
769
790
806
851
735
855
717
767
885
867
765
839
889
886
876
863
861
804
822
725
714
811
761
854
813
833
816
712
869
771
856
880
763
768
756
742
721
843
809
741
730
838
728
812
706
792
787
740
890
754
709
698
852
850
848
844
840
837
835
832
821
819
818
817
807
800
799
798
797
796
789
782
779
776
757
755
753
749
747
746
744
732
729
716
704
702
699
691
689
687
774
710
690
734
723
700
849
815
810
805
793
784
783
772
770
764
758
752
745
830
824
795
786
777
736
708
701
688
828
766
727
695
847
845
836
831
827
823
820
814
808
803
762
748
737
731
726
722
720
719
718
713
703
694
693
842
834
780
778
773
739
697
686
853
829
826
794
781
760
751
724
715
711
705
696
738
788
864
825
893
877
750
785
775
846
892
883
692
3993
4018
3981
4027
3986
3996
4033
3992
4023
4019
4009
3994
4004
3985
4011
4030
4026
4014
3998
3988
4038
4031
4024
4021
4020
4017
4015
4013
4006
4002
4001
4000
3997
3995
3991
3989
3982
594
3980
4037
4025
4029
4012
4008
4007
4005
3990
4036
3983
4022
3859
3742
3939
3657
3652
3834
3890
3724
3446
3582
3745
3767
3671
3843
3537
3726
3630
3489
3857
3953
3594
3581
3686
3759
3708
3579
3675
3781
3893
3443
3887
3801
3567
3473
3813
3774
3849
3444
3661
3963
3863
3806
3739
3916
3725
3502
3844
3868
3445
3682
3949
3964
3529
3612
3701
3476
3465
3607
3923
3718
3499
3483
3665
3466
3960
3920
3641
3789
3643
3623
3601
3568
3787
3815
3878
3647
3802
3663
3498
3855
3826
3903
3764
3620
3558
3539
3524
3468
3679
3490
3447
3822
3794
3918
3899
3837
3836
3519
3924
3909
3486
3458
3956
3777
3511
3463
3972
3752
3507
3685
3482
3531
3727
3624
3927
3821
3532
3906
3770
3958
3952
3932
3881
3829
3738
3602
3896
3869
3833
3803
3593
3840
3698
3598
3472
3664
3587
3705
3583
3506
3883
3695
3649
3516
3783
3696
3945
3634
3469
3464
3460
3793
3763
3614
3876
3865
3791
3735
3728
3678
3644
3508
3546
3638
857
3825
3723
572
467
406
476
540
3134
3354
3122
3121
2963
3045
2886
2695
2736
2801
2744
3421
2790
3917
3871
3743
3595
3541
3538
3850
3769
3713
3659
3615
3608
3979
3626
3610
3799
3454
3520
3574
3722
3681
3452
3642
3542
3527
3619
3779
3575
3689
3492
3484
3736
3790
3731
3817
3703
3526
3521
3902
3898
3795
3765
3717
3700
3691
3680
3669
3613
3562
3533
3523
3481
3457
3762
3640
3503
3617
3559
3557
3462
3796
3832
3670
3635
3627
3611
3578
3528
3518
3488
3485
3693
3977
3976
3975
3973
3969
3967
3961
3957
3954
3951
3947
3942
3941
3940
3937
3936
3933
3931
3921
3919
3915
3914
3913
3912
3911
3910
3907
3905
3904
3901
3900
3897
3895
3894
3892
3891
3879
3874
3870
3867
3866
3864
3862
3853
3848
3846
3845
3839
3835
3823
3819
3818
3816
3814
3812
3811
3810
3809
3798
3792
3786
3784
3782
3778
3776
3775
3773
3771
3768
3766
3761
3758
3757
3755
3754
3753
3751
3749
3747
3746
3740
3732
3730
3720
3719
3715
3714
3711
3710
3709
3707
3706
3702
3699
3694
3690
3676
3668
3666
3662
3660
3658
3655
3648
3646
3645
3639
3637
3636
3632
3631
3629
3622
3616
3603
3599
3597
3591
3585
3584
3580
3572
3571
3570
3569
3566
3565
3564
3561
3555
3554
3553
3549
3547
3544
3543
3536
3535
3534
3522
3515
3513
3510
3509
3505
3500
3497
3494
3493
3479
3478
3477
3474
3470
3467
3459
3450
3442
3441
3439
3621
3600
3925
3530
3504
3496
660
621
685
622
598
399
411
501
532
441
371
198
263
32
2168
2106
448
405
480
539
3153
3338
3314
3393
2834
2767
3283
2889
3235
3305
3009
2980
3427
3401
2795
3317
3139
3167
3418
2735
3405
2826
3055
2847
2930
3088
2668
2967
2824
3127
2774
3266
3300
2746
3218
3105
2861
2799
3399
3163
3225
3093
2783
3209
2846
2687
3333
3080
3030
3323
3166
3368
3123
2805
3042
2789
3326
2662
3322
3155
3128
2977
2733
3066
3012
2933
2854
3402
3213
2914
2855
2819
3251
3181
3327
3435
3111
2844
3073
3275
2990
3170
2720
2891
3094
2770
3014
3095
3422
3389
3424
2858
2759
2672
3292
3244
2696
3129
2845
3419
3381
3355
3212
3041
3037
2812
3249
3109
2661
3335
3221
3157
2939
2884
3349
3274
2831
3119
2907
2794
2729
3237
2931
2810
3385
3255
3032
2955
2718
2929
2888
3075
2992
3353
3124
3360
3070
3294
3084
3186
2840
3180
3400
3257
2987
3307
2843
2816
2739
2665
3356
3137
3114
2837
3312
3276
3171
3050
2936
2865
2747
3345
3038
3035
2778
2716
2809
2769
2663
3220
3023
2928
2743
2673
2874
2867
3382
3008
3431
3253
2811
2709
3430
3234
2960
3417
3384
2948
2925
2806
3156
2688
3365
3242
2723
3339
3228
3085
3054
2749
3158
3046
3026
2969
2910
2890
2887
2880
2755
2741
2689
2683
2681
3387
3149
3064
2944
2909
2873
2754
3404
3369
3330
2932
2702
3344
3316
3296
3291
3277
3206
3120
3102
3016
2982
2972
2959
2699
3184
2974
2956
2911
2908
2906
2897
2864
2839
2761
2750
2745
3329
3313
3211
3099
3087
2856
2784
2762
3426
3364
3250
3108
3096
3078
3040
2966
2913
2912
2872
2827
2786
2773
2727
3340
3072
3043
2999
2822
3299
3182
3020
2742
3069
2871
2707
3380
3379
3350
3411
3396
3386
3332
3196
3081
2958
2894
2701
2685
3198
3145
3039
3434
3378
3287
3272
3160
2950
2875
3223
3432
3034
2813
3420
2830
2724
3320
3240
3140
3106
3089
2989
2901
2833
2719
3359
3334
3207
3203
3191
3154
3101
3027
3018
2711
3324
3174
2915
2905
2815
2782
2757
2664
3331
3246
3159
3118
2934
2697
3373
3302
3091
2947
2752
2671
3298
3288
3233
3001
3273
3162
3051
2737
2684
1151
1586
1138
3672
3628
3491
3605
3548
3448
3926
3838
3852
3552
3455
3929
3785
3772
3697
3590
3950
3873
3797
3712
3656
3625
3888
3847
3480
3928
3860
3804
3788
3677
3654
3550
3828
3576
3512
3968
3966
3760
3618
3556
3471
3780
3737
3683
3596
3573
3563
3551
3440
3889
3884
3877
3851
3651
3545
3517
3475
3449
862
3978
3944
3934
3930
3880
3872
3824
3734
3721
3687
3684
3667
3971
3938
3858
3842
3841
3831
3830
3800
3609
3604
3586
3514
3461
3438
3437
1200
1094
1762
1510
574
1579
1443
985
974
1295
1892
533
646
3861
3487
481
390
571
568
474
643
575
662
628
618
616
635
578
577
630
588
632
576
653
636
617
605
573
684
654
597
681
582
659
658
640
625
612
677
579
599
593
521
1506
470
403
548
440
549
679
678
584
352
451
360
372
590
387
565
564
547
530
522
502
499
498
495
478
454
452
447
437
429
393
365
364
362
361
359
355
351
34
220
192
316
327
296
337
89
83
336
84
73
167
3297
3239
3188
3146
3132
3049
2991
2923
2780
2765
3222
3107
3086
2984
2957
2946
2941
2921
2859
3161
3289
3201
1240
424
2421
645
381
536
508
551
509
380
369
562
529
510
466
433
407
392
388
382
354
1455
560
422
357
505
486
614
472
570
534
523
367
558
535
520
473
445
421
413
531
469
458
449
418
552
543
528
527
519
455
2838
2431
1933
1442
1711
1417
907
1654
494
374
1254
1874
1887
1424
1038
1802
1143
1599
3205
2979
2677
3057
2678
1840
3436
3433
3429
3428
3425
3423
3416
3415
3414
3413
3410
3408
3403
3398
3397
3395
3394
3392
3391
3390
3388
3383
3377
3376
3374
3372
3371
3370
3367
3363
3362
3361
3358
3357
3352
3351
3348
3347
3346
3343
3342
3341
3337
3336
3328
3325
3321
3319
3318
3315
3311
3310
3309
3308
3306
3303
3301
3293
3286
3285
3284
3281
3280
3279
3270
3269
3267
3264
3262
3261
3260
3259
3256
3254
3252
3248
3247
3243
3241
3238
3236
3232
3231
3229
3227
3226
3224
3219
3216
3215
3214
3210
3208
3204
3202
3200
3199
3197
3195
3194
3193
3192
3190
3189
3187
3185
3179
3178
3177
3176
3175
3173
3172
3169
3168
3165
3152
3151
3150
3148
3147
3144
3143
3142
3141
3138
3136
3135
3133
3131
3130
3126
3117
3116
3115
3113
