0
918
4012
2788
3031
4022
4008
12
801
1430
608
43
18
305
585
638
160
3268
3006
1224
74
1560
76
154
3974
3748
602
668
4005
4032
4006
3995
4029
4009
3981
3985
4026
3998
3988
4020
4013
4038
4036
4034
4033
4030
4028
4027
4025
4024
4023
4021
4019
4018
4017
4016
4014
4011
4007
4004
4003
4002
4001
4000
3999
3997
3996
3994
3993
3992
3990
3987
3986
3983
3982
4031
3989
3980
3991
732
702
855
750
699
740
743
733
789
712
768
839
822
802
735
846
843
836
756
854
852
841
821
809
808
806
796
791
788
786
785
775
771
767
757
749
748
746
744
736
725
720
714
707
704
691
689
3732
3849
3444
3699
873
894
881
861
826
812
779
759
754
751
835
741
703
731
832
787
728
710
717
887
874
761
849
838
837
831
807
793
792
783
770
764
763
739
730
718
716
853
829
805
799
795
794
790
762
758
755
737
723
715
711
700
889
888
882
863
851
850
847
845
833
817
816
813
784
782
781
778
774
773
752
742
738
734
726
724
722
719
706
696
690
830
827
814
811
797
848
844
842
840
834
824
820
818
815
800
780
777
766
765
760
727
721
709
705
701
695
694
693
688
687
686
3637
3619
3742
3879
3854
3806
3890
3844
3638
3660
3610
3749
3965
3910
3946
3882
3539
3755
3659
3745
3904
3893
3708
3899
3818
3857
3477
3870
3529
3504
3727
3441
3694
3622
3468
3627
3786
3815
3666
3821
3909
3728
3598
3511
3766
3655
3947
3671
3446
3860
3855
3883
3587
3809
3485
3725
3595
3482
3845
3543
3484
3583
3774
3757
3519
3895
3738
3724
3612
3869
3861
3706
3972
3915
3881
3829
3726
3474
3443
3825
3812
3782
3770
3645
3900
3792
3719
3593
3493
3636
3588
3498
3891
3658
3603
3682
3624
3819
3538
3865
3791
3773
3705
3615
3553
3505
3716
3647
3616
895
893
892
891
890
886
885
884
883
880
879
878
877
876
875
872
871
870
869
868
867
866
864
859
858
856
828
825
823
819
810
804
803
798
776
772
769
753
747
745
729
713
708
697
3305
2895
3672
3527
3765
3760
3744
3717
3670
3635
3578
3574
3533
3512
3796
3966
3926
3902
3852
3839
3480
3800
3927
3469
3950
3978
3944
3930
3908
3880
3756
3501
3448
3841
3545
3514
3461
3971
3886
3842
3703
3576
3540
865
857
1252
2926
3427
3338
3088
3181
3197
3372
3180
2902
2876
3333
3030
3336
3225
3368
3388
3227
3329
3281
2893
2882
2774
2700
3418
3354
3249
3099
2891
3105
3414
2854
2918
3184
3175
2846
2687
3352
3212
3194
3243
3238
3050
3362
3092
3029
2977
2930
3400
3137
3123
3025
2981
2862
2821
3359
3308
3091
2714
3095
2809
2807
3015
3323
3283
2982
2703
3234
2751
2735
3213
3037
3242
2667
3417
3135
3073
2974
2810
2705
2681
3075
3250
3036
3010
2986
2925
2745
3193
3052
2944
2706
3311
2889
3228
3104
3054
2994
2960
2874
2777
2754
2683
2680
2679
3134
3048
2832
3384
3026
2966
2956
2877
2851
2843
2791
3428
3139
3130
3114
3084
2888
2731
2726
3115
3049
2904
3083
2886
2675
2991
2722
3046
2841
3391
3206
2765
2674
3925
3530
3775
3547
3979
3977
3976
3975
3973
3970
3969
3968
3967
3964
3963
3962
3960
3959
3958
3957
3956
3954
3953
3952
3951
3949
3948
3945
3942
3941
3940
3939
3938
3937
3936
3934
3933
3932
3931
3929
3928
3924
3923
3922
3921
3920
3919
3918
3917
3916
3914
3913
3912
3911
3907
3906
3905
3903
3901
3898
3897
3896
3894
3892
3889
3888
3887
3885
3884
3878
3876
3875
3874
3873
3871
3868
3867
3866
3864
3863
3862
3859
3858
3853
3850
3848
3847
3846
3843
3840
3838
3837
3836
3835
3834
3833
3832
3831
3828
3827
3826
3824
3823
3822
3820
3817
3816
3814
3813
3811
3810
3808
3807
3805
3804
3803
3802
3801
3799
3798
3795
3794
3793
3790
3789
3788
3787
3785
3784
3783
3781
3780
3779
3778
3777
3776
3772
3771
3769
3768
3767
3764
3763
3762
3761
3759
3758
3754
3753
3752
3751
3750
3747
3746
3743
3741
3740
3739
3737
3736
3735
3734
3733
3731
3730
3729
3723
3722
3721
3720
3718
3715
3714
3713
3712
3711
3710
3707
3704
3702
3701
3700
3698
3697
3696
3695
3693
3691
3690
3689
3688
3687
3686
3685
3683
3681
3680
3679
3678
3676
3675
3673
3669
3668
3667
3665
3664
3663
3662
3661
3657
3656
3654
3653
3652
3651
3649
3648
3646
3644
3643
3642
3641
3640
3639
3634
3633
3632
3631
3630
3629
3628
3626
3625
3623
3621
3620
3618
3617
3614
3613
3611
3609
3608
3607
3606
3605
3604
3602
3601
3600
3599
3597
3596
3594
3592
3591
3590
3586
3585
3584
3582
3581
3580
3579
3575
3573
3572
3571
3570
3569
3568
3567
3566
3565
3564
3563
3562
3560
3559
3558
3557
3555
3554
3552
3551
3550
3549
3548
3546
3544
3542
3541
3537
3536
3535
3534
3532
3531
3528
3526
3524
3523
3522
3521
3520
3518
3517
3516
3515
3513
3510
3509
3508
3507
3506
3503
3502
3500
3499
3497
3496
3494
3492
3491
3490
3489
3488
3486
3483
3481
3479
3478
3476
3475
3473
3472
3471
3470
3467
3466
3465
3464
3463
3462
3460
3459
3458
3457
3455
3453
3452
3451
3450
3449
3447
3445
3442
3439
3438
698
4037
4035
4015
3984
581
628
632
675
643
583
578
633
622
672
626
453
592
3375
3103
3327
3067
3214
1065
1270
3358
3219
3187
2844
2762
3321
3369
3124
3063
3012
2949
2878
2795
3254
2894
2950
2684
2923
2990
3140
3106
2858
3296
3174
3033
2924
2920
2896
2746
2694
2664
2829
3306
3069
2900
2779
2697
