1912
107
2233
1078
1684
1352
2072
3437
2336
553
1267
2915
1946
2344
3101
1661
1459
3291
483
1238
1716
1322
3399
1782
2268
391
3302
3299
2944
2854
1706
3076
1097
2878
2203
1479
0
3348
2289
3250
1250
348
3434
1338
1245
3387
3079
3359
3026
3824
201
2785
460
429
3384
500
2043
340
2364
2876
2818
495
1426
1101
1858
281
856
396
182
2016
3955
2956
1206
580
2657
3154
3286
1975
2775
2872
1646
3295
2650
357
2629
824
3489
2849
1142
3633
315
2176
3719
3248
1913
1216
2969
203
1841
1691
2181
2828
893
3767
191
3656
3483
3025
1961
3001
1064
3404
819
1825
3289
3368
3449
177
2955
1233
484
764
3855
1128
482
1256
3941
1544
2089
1379
2211
3309
1634
3385
3239
1617
1327
3433
1688
2842
199
3708
2562
1891
1148
1597
1304
3253
3971
1174
2696
3581
2127
1306
430
1990
3214
3412
2660
2658
1464
1487
358
1814
3645
2962
686
951
1283
1652
82
2306
286
3924
2400
1458
2164
1997
1938
3872
1358
2329
439
525
3596
3450
543
705
3464
995
2988
3160
3959
452
3916
3931
1508
163
1261
1260
1541
3362
814
3774
489
515
2341
792
3388
1695
496
3863
1780
103
3322
3372
1513
562
2792
1436
2325
57
3541
2180
1118
2125
133
1417
2105
3930
1157
2050
3475
3463
1739
93
264
4019
1309
1789
2968
590
2445
862
3907
1007
53
3273
3481
987
598
3157
2672
3379
101
3130
20
1786
294
3922
1853
1507
3866
738
3776
110
795
3840
3630
122
3686
1045
1796
1934
109
734
1030
597
291
878
899
3497
2617
1829
382
900
2799
1060
169
3536
3948
2399
528
1200
4038
1846
1380
1703
1217
3740
1742
2748
3234
2663
1614
1521
713
3308
645
471
1343
2521
2156
3752
121
536
1556
1085
1823
744
725
696
844
3604
1778
595
2335
3116
3771
3196
3527
2388
179
1859
3616
680
1027
2862
2743
3206
3981
3780
6
3397
3685
1587
632
3533
2703
3208
1494
529
667
3726
1435
440
3615
48
497
935
839
596
3136
3140
1527
3423
3330
1831
2724
3231
3400
1498
1713
679
248
2901
3336
104
1682
265
2117
2643
3457
2946
2137
405
3218
2028
1052
2603
3448
665
148
1096
968
1580
641
3609
3797
3269
3170
591
724
2985
2906
2686
3714
3367
3796
533
3149
274
3261
1002
2301
3313
278
445
3161
2168
2479
1053
3530
3792
1063
3899
3583
583
3882
378
1697
1951
2587
2631
2481
3939
2098
3832
2216
3105
1534
3897
1822
33
3407
260
2544
1567
263
2431
3768
3862
2014
3232
3575
2437
626
1648
1627
3585
2438
3467
2812
3371
3010
2864
3119
1400
620
1581
3917
3281
380
3067
1319
3073
2664
3040
516
1672
752
2871
2452
1241
2772
3270
3979
704
3034
1700
1978
2205
544
383
1972
3654
3465
1285
1324
3770
299
867
2911
140
3290
491
3063
336
3085
1568
3625
1141
504
1898
3784
2580
2259
2223
1959
79
1787
629
2514
3920
1625
2130
2848
3480
808
697
1806
205
3677
30
3380
3458
3577
1591
1313
2502
2510
962
1500
1792
3109
1889
791
2704
410
1350
1968
377
2387
658
3556
1279
3023
3794
3821
39
2847
135
2863
2894
3809
637
4009
426
2173
644
2897
1232
630
3636
3508
2552
2160
3680
3494
1201
2925
2741
810
3894
722
1509
1163
716
627
3054
3858
1266
342
3347
1571
2934
977
2697
678
767
1378
360
2670
1628
2992
3247
3644
3043
3049
1890
3005
3381
2778
1037
1214
1844
2412
1686
3963
794
2947
2973
1104
2254
984
1132
2434
3984
2808
27
3831
493
2566
21
1732
1111
1197
1766
8
1020
988
1515
969
1179
3276
2677
3386
2853
735
2027
1758
1533
1154
266
204
3921
1674
262
139
2712
3888
2087
879
993
1091
3461
3267
1242
1185
3789
3634
2997
3731
706
2346
96
1150
1168
2671
958
846
2332
2855
3657
2366
375
399
3278
2804
1069
501
830
2455
519
3975
2595
3339
1044
924
3567
1139
2584
3532
898
2687
3058
1815
10
3998
344
3237
2132
858
3687
213
4030
956
1671
3759
395
463
1866
2933
3398
845
456
370
3524
3392
473
3245
2959
1191
651
2099
509
2585
2476
3829
2307
1143
2529
118
2888
723
1644
3836
1372
906
761
718
1224
2761
1794
3118
2636
1931
2022
2001
1389
2351
3406
569
317
284
3430
1631
257
1310
1659
749
938
321
740
2487
1884
863
3374
3213
1899
1346
3107
2357
2217
1407
1902
3854
2907
309
1656
2948
2768
4002
841
2963
3024
933
1090
3283
1263
853
1637
215
4031
1574
1299
2035
943
1741
1647
1887
3876
232
1112
1149
3694
1348
52
779
1300
2693
2540
521
2386
513
384
3712
778
2713
3259
3462
3230
3914
1221
230
4011
2978
904
1640
3146
940
1251
896
1558
185
3908
961
3647
2449
314
712
2757
91
1980
137
1383
2002
1875
1944
3069
1145
1708
231
1690
165
3835
3563
701
86
3627
3593
470
998
144
1384
770
3849
2490
991
1781
746
2945
3638
81
1626
1735
1654
3553
102
2740
3186
1928
3748
3683
3614
1550
259
1486
270
3758
1726
2737
1864
1247
1411
850
2435
3967
3390
2350
3546
18
3173
2469
3334
875
1851
3746
3424
3425
3413
3887
2383
46
3812
3715
1540
2080
673
117
1162
2692
123
643
2034
1705
2456
4005
972
2662
2231
69
454
1638
3006
474
3864
1401
312
2912
1579
760
3934
71
2013
639
2581
3594
3783
2689
306
3482
3702
3949
2355
2320
2861
2402
1856
535
838
3659
1511
3850
3927
1466
329
3016
3841
1681
3249
3856
3099
3893
1594
1394
2954
3953
2440
3199
550
3898
2554
3725
571
4017
184
593
3843
3083
3814
351
1365
3991
3560
1503
1915
2015
43
3405
3451
150
74
2110
3030
2025
2415
2062
2052
570
175
3775
3164
3944
2873
3661
2807
2108
1392
1131
1751
1502
1561
2950
3211
1548
789
40
2533
2365
1572
435
3300
457
2313
1639
398
888
303
186
1296
1275
1354
2880
2806
2673
709
3222
503
1837
3559
1547
1484
1886
1612
1195
2971
54
3106
1190
2917
1624
1881
3183
934
3495
1736
258
1294
3141
3335
3349
3419
2238
4029
707
3077
1138
3938
2486
1181
1761
699
1610
2090
3710
3414
566
2459
914
2980
350
3572
2750
2923
3837
594
600
38
1388
2291
2036
1860
2709
3395
153
1907
2779
1284
149
3576
2715
1414
188
908
1698
3950
180
2385
4032
3785
1535
982
1330
1468
2986
2867
963
1820
1039
3755
3565
2047
2403
3341
3704
3258
2921
3221
820
727
2515
2859
551
34
3226
2698
2745
3225
3986
2729
502
1075
2728
1838
78
1832
2057
2075
3446
605
592
584
1740
2993
1950
3722
3867
3590
3094
3607
1615
1593
31
3665
1092
2261
2556
2535
112
2424
477
3074
3660
681
3786
3421
959
1607
755
560
422
601
2641
3152
2805
666
719
229
2393
2746
3279
1172
986
176
949
1159
1947
2942
362
3877
2597
2349
2832
1973
3763
3266
3176
783
3321
1356
2951
1353
3145
3
2825
3177
847
1311
574
537
126
1147
437
3983
3138
4014
670
577
319
301
649
3288
2840
2976
2989
2835
3611
1108
1038
676
1156
1003
717
3873
3529
3602
3561
202
730
1268
3700
401
1366
3589
1062
2634
3312
917
3698
1024
1604
1830
872
4013
166
2079
821
2519
2599
3619
2844
2516
2509
2185
385
187
3492
3760
3679
1152
2255
3200
1553
1497
3479
3901
156
469
3588
1133
26
633
1254
623
354
2265
1220
1524
77
2197
1396
3520
287
2787
3724
3830
146
3860
1974
2577
1564
1474
2868
1442
1729
1328
831
2396
2008
2885
2147
3793
3885
912
662
193
305
2304
316
901
1448
2450
2609
2252
813
777
234
2926
816
3110
334
3268
1444
1086
2723
3131
3839
1321
1870
472
238
538
945
1949
189
2221
2681
3870
711
256
1167
854
2774
1569
1316
546
3350
2666
3447
2680
897
1297
3143
1465
1025
3923
3747
1437
2688
1434
2448
851
3171
240
2044
568
352
363
450
3052
1305
3699
1764
423
614
3039
3961
181
310
2596
2030
1675
1470
479
1673
1110
386
604
487
2005
843
3738
2224
85
3439
3918
464
1317
1852
2559
2484
2578
1012
97
2312
3552
2531
2722
1734
3622
2055
209
178
13
2222
2569
3982
1033
1836
2532
2558
2783
1337
1301
1087
1641
855
775
721
2892
3764
427
1566
710
2321
328
2789
1976
2061
298
3865
3762
729
120
3874
886
1762
3169
4020
3179
652
37
255
1199
1286
873
250
4000
1183
1229
2965
2882
3370
2260
2242
3817
2019
1115
4001
1622
251
3788
2857
2811
5
2668
3091
285
2981
2972
3648
2764
1802
283
3121
1759
23
4008
369
3057
192
2635
624
3156
1228
1776
1120
359
3903
1293
1812
415
3521
2819
2615
1386
3992
1967
2721
218
3795
1701
365
3954
99
2503
950
2570
807
389
1312
3394
1677
1478
206
2322
1387
2770
3416
3296
3132
1244
1432
3573
433
2256
1068
3142
19
3325
3301
2579
1395
2824
2762
3915
214
2141
2517
776
64
3358
1747
2314
3676
751
2272
1687
674
2653
114
3332
2939
2421
1057
3732
3878
928
431
3956
505
4034
2622
92
880
1278
3180
737
1911
1362
3401
2856
3331
3535
1415
2193
1512
2497
894
3853
2990
2225
3526
222
436
2606
3999
655
2012
1651
1582
253
804
3628
1001
1369
3445
1177
581
4018
16
3029
1855
1694
3970
2158
2983
3933
1958
3251
1106
269
147
2725
1885
2290
3766
3635
2605
1270
759
1777
955
974
2613
2352
1779
318
1775
3328
1821
1208
654
2204
1186
876
1517
2163
3202
3418
2118
970
631
3507
2474
3605
2505
1403
2462
1137
1031
506
2303
616
860
125
2210
907
3436
3028
883
3205
3493
3240
2411
3744
408
507
444
3209
3964
1134
388
453
2416
3311
3020
868
2977
1105
438
4026
3123
636
558
2833
3165
3297
3852
2760
2091
1969
1854
1576
3068
2527
152
3147
3911
4035
3389
1109
361
747
1840
3974
2523
1273
3578
3703
3197
296
3985
3754
2858
1385
793
2146
4028
390
372
476
1264
1490
3236
2208
72
1023
911
927
3046
1492
1074
223
3718
2548
1476
174
3503
2924
3402
2957
220
4027
1731
1010
2148
1194
3579
2319
741
3092
2803
895
2884
2826
3655
3435
3631
1987
3658
768
2952
3969
3551
3871
871
3037
1349
1565
2373
434
1986
3791
3271
2353
3443
2879
3201
1080
49
3036
3819
1405
2610
3304
1925
527
1960
3787
1765
948
1657
3671
653
3827
2195
67
2608
2690
1488
3728
3667
1520
1332
3925
2327
2188
805
3409
555
419
432
512
84
1421
3238
575
2302
1809
3018
3891
3441
3292
1965
1282
1601
3065
675
3640
1274
2869
2
326
3066
2309
1818
2122
1480
1669
3586
3285
3263
3086
3879
1620
2716
3476
421
3442
1196
1351
2967
2920
1412
132
2447
2780
1559
1009
1790
2625
3158
3962
567
3454
2241
2096
2328
2620
1894
3825
3868
2742
3354
2836
1419
280
1676
2245
2928
2676
2706
2705
3509
2361
3415
960
640
98
1966
2718
3124
3811
2026
3478
1429
3055
3777
3782
3617
3257
2756
691
2170
849
3810
3468
754
829
2283
2029
2964
4007
3569
2410
2655
170
2239
1667
1259
1231
1170
1857
1166
2665
1562
47
561
402
417
910
2550
2480
3361
823
1124
1619
1592
1636
964
1783
1236
2488
2618
936
4004
1215
1281
2881
3668
2763
3061
1530
975
1611
1315
2695
3127
1207
2682
2860
1049
1869
2048
141
36
2491
2153
2116
2010
2626
2157
1209
1059
3547
325
331
1948
2384
424
2230
2338
634
1863
2767
3045
511
465
1203
451
3994
3518
3117
1847
1072
1355
1482
3212
1014
3500
3912
3241
944
1051
2496
708
1505
2654
2367
407
772
3427
540
2305
3641
2112
1606
1026
1883
1843
2645
3182
1019
1320
3333
1616
3352
1788
1824
3460
2247
2178
1662
2589
1650
1100
2817
1655
3779
1878
83
1532
3952
2893
3453
3051
3082
9
2889
565
1050
3913
647
763
1605
1288
1833
1570
2717
2363
1333
397
1679
3947
2797
2845
3097
3511
3506
106
3554
2443
610
403
608
2389
3469
2771
796
2846
1666
1477
1649
1397
1374
920
973
3890
3618
3642
3741
3822
3951
903
3050
3540
1136
1908
817
797
2874
2588
1192
3255
2151
3510
3945
836
1093
1457
2866
1542
1750
3229
3826
1276
2935
41
3012
3444
1280
3745
3338
3675
3701
3403
669
2525
3697
2798
1936
3706
1725
1874
3022
3151
3274
622
2908
3227
2644
3346
2155
3600
617
2738
3090
2996
4023
628
3166
3608
1834
1325
1555
1018
339
2376
2593
2773
1971
1895
2311
2140
3189
2300
3736
2538
602
131
3345
3543
3287
3256
3875
3426
411
3108
842
852
834
2530
1061
733
2937
3298
3851
1460
1402
1868
1028
1029
1807
1472
1536
1504
2294
3114
3808
3315
3651
1485
965
2135
1303
1573
865
322
22
1618
3252
3137
3019
3765
1428
2661
2991
3393
320
3664
508
1525
579
1082
3472
1253
2821
2794
3624
618
3716
3369
3087
3365
2865
3727
2236
3806
3720
3905
3705
771
3932
1289
1125
3323
1445
1178
635
2200
2020
2485
1930
3769
671
833
3613
3272
954
1102
985
3815
1518
937
3125
1916
1371
2368
2463
3159
3684
1996
3682
160
2614
1910
1529
806
3606
1169
2398
2511
541
2279
3515
387
889
129
56
589
677
239
1722
1375
1043
200
2422
235
700
3960
3688
3519
1451
254
3168
1728
3246
2809
2632
2823
2707
3883
992
3695
2995
1021
698
3621
3194
3595
2067
4021
1501
523
2749
3798
1826
2513
1670
3539
3989
1828
2379
2788
2371
926
802
915
1160
3501
2378
3088
3357
3477
2161
1422
1430
2895
1499
2425
2262
765
2565
2282
62
2267
2473
913
1461
1867
1339
1523
1696
1819
979
3564
3003
2293
728
803
585
818
762
2898
2929
2316
1011
1226
1453
1121
355
1903
690
812
2927
1755
3431
3904
12
1240
1416
183
3942
1678
1491
1849
2296
1909
922
1642
3773
373
356
217
2466
3958
1711
1408
3522
1768
3910
2734
1302
1921
1425
1982
2064
2308
2765
3968
549
2470
1963
2536
2340
3210
3729
3513
3517
2162
1116
261
2624
3317
758
2219
3833
2646
295
1262
3906
1905
2395
271
2630
3408
2638
273
