1912
107
1684
3437
3434
3426
348
0
1277
686
3198
438
2915
1204
3877
417
2863
2657
1109
484
3604
25
3287
834
203
941
1699
2683
1366
3233
3758
901
2146
1866
3568
1113
3132
697
3938
1307
924
1487
1502
2171
231
452
277
414
1177
3068
915
412
3633
2751
800
2119
627
3038
1349
745
315
3980
1228
3921
286
2784
2440
3896
3551
2270
1831
2854
355
2841
1259
3419
313
331
836
3443
2626
3255
1473
3824
596
591
3625
2738
101
578
2182
1910
306
1137
204
2932
824
489
630
1489
2024
810
3862
1500
3093
1751
3892
3549
949
276
1763
1258
3355
847
3528
3809
1247
677
3226
3617
3215
3139
3375
1061
2342
3589
797
2205
1687
1169
974
427
1716
266
3238
3415
766
3803
1636
1143
3832
3874
524
3721
520
2900
589
3066
3160
2940
3969
3659
2829
635
3493
3275
3069
3289
3959
3929
848
777
41
129
3283
996
1747
2238
1908
1150
1540
3660
3922
3709
3441
707
2612
1561
2049
2286
2412
1378
3235
3264
3222
583
3741
558
2825
2892
1704
625
531
3810
3350
265
705
3966
1935
3466
3643
2225
3595
3448
3103
2680
1616
3923
1319
2878
529
345
65
3818
1436
2809
2335
321
1968
1077
1641
3299
2716
1703
844
3846
3563
243
149
3248
320
3121
159
189
3336
2721
1224
2822
1586
2100
1889
1792
2439
1144
2650
2265
2426
1544
883
886
3853
4021
4030
4018
3994
3887
3665
3581
2566
2413
2291
2114
986
518
3402
2983
168
1682
3394
494
3192
569
3499
1801
3839
3456
3444
3728
3760
1118
683
188
142
862
1582
1894
2628
28
3774
1859
771
3009
3926
3026
1232
3957
3002
3798
3726
3644
786
195
192
1314
1268
1248
1443
1264
928
3410
2700
298
1595
555
2836
1624
3913
1980
821
1025
3960
3597
1121
618
3828
780
754
3442
182
167
2141
1425
3273
3176
207
31
3639
2978
2848
581
22
3200
3059
2952
860
464
3105
3091
3134
530
2811
1759
1252
1760
1856
2562
1817
776
869
3801
4027
3974
3854
3789
3632
3594
859
757
2531
1779
2160
2320
1147
2113
1949
2632
3241
3409
3205
125
3217
2898
3292
2924
1673
3239
184
2701
54
3225
206
439
2974
491
3276
3109
32
758
3475
510
3445
3837
3332
679
3857
3870
579
3731
3100
3867
1100
3592
248
156
3236
407
1328
1421
857
3534
3107
903
3526
856
2805
4003
4033
3579
3539
689
210
179
1646
2540
1860
2488
1360
1654
3388
3167
2735
647
3234
1381
3341
3223
1578
1103
3584
708
3187
442
3743
577
3312
3882
3565
3515
822
715
225
1251
2682
654
3471
3619
795
174
76
71
49
4
1013
341
302
3967
913
3352
275
3908
3561
51
1957
278
247
413
213
251
3372
10
2740
2732
2699
3127
2691
3125
3413
2814
2725
1546
