107
1912
1684
2142
2410
1199
2123
3437
2543
1833
2140
1391
2615
1059
2309
1888
1604
1985
2590
1941
2131
1662
2056
1663
0
1516
2139
2384
1184
2103
2289
1557
1962
1231
2542
2586
2642
1399
1746
2268
1622
1966
2068
3277
2331
2032
1617
2509
2600
1367
1361
3426
1288
1811
2326
2530
2966
3434
2491
3951
3516
3038
1620
1791
2629
1536
1278
917
1735
2030
1707
2839
690
2757
1158
2598
2969
3101
285
2630
2117
2081
2000
3256
2782
1894
2045
1589
2872
2777
2676
428
921
2250
455
503
578
599
688
3938
2992
2755
1348
261
26
2428
1761
2495
2377
3116
1309
1268
348
2395
35
654
764
796
1298
2741
2805
3898
686
3035
2597
1279
2464
3172
3662
3360
1907
1143
1160
2681
2075
1277
56
470
830
1574
3384
3786
3954
3288
3229
2724
2659
2487
2001
463
1864
2206
1793
2169
1462
936
1871
1026
3078
2496
2318
2315
637
1250
9
374
657
718
2618
3690
3711
3403
3385
3049
1794
1767
1475
515
1795
1003
1712
2376
2133
2683
1668
2354
2654
1296
1236
1122
17
1653
3090
3324
1515
2093
1580
408
547
1206
1521
2412
2728
3215
3696
4028
3876
3826
3529
3374
3145
3023
2978
832
748
367
213
172
2302
2188
2416
1783
2583
2485
507
2415
1968
625
476
2165
2024
2753
2406
1626
431
2101
2877
1851
1344
4
73
146
551
837
1052
1778
2335
3468
3648
3673
3714
3740
3741
3830
3829
3672
3593
2984
2965
2581
2009
1806
1654
1419
418
325
297
1485
2815
404
353
304
3438
3291
1880
1655
1294
1007
1737
1447
2069
2906
414
3149
2432
2195
1235
492
1600
1542
902
176
301
882
945
1008
2066
2844
2907
3470
3561
3968
3943
3781
3737
3708
3330
3258
3114
2812
2342
2262
1890
1860
1780
1763
1455
747
559
1074
1538
2742
2344
412
1479
25
1998
3350
542
3372
3299
3188
1518
1215
298
103
1290
2461
2087
1569
3104
3927
2717
2528
1040
1583
2327
1688
71
101
300
350
410
843
1154
1260
1514
2170
2361
2541
3127
3346
3418
3461
3544
3644
3727
3749
4005
3885
3578
3502
3300
3176
3162
3131
3015
2963
2841
2768
2734
2633
2297
1698
1193
1183
905
749
706
665
308
2643
1608
1389
1786
2582
1473
1598
2664
1149
1584
1229
1318
2155
3821
113
2229
482
3677
3132
1960
3970
3833
3235
2896
2895
2442
2337
1905
1831
1822
1677
1436
528
1123
1752
1076
2240
934
566
322
2362
3443
2853
908
565
2138
2504
3228
2254
5
102
274
294
380
419
453
564
595
662
663
724
811
1197
1478
1493
2082
2727
2831
3134
3448
3462
3465
3846
3934
3961
4029
3975
3860
3815
3717
3706
3651
3628
3587
3559
3491
3361
3248
2850
2821
2558
2230
2173
1766
1649
1496
1164
1131
1100
1094
1093
912
658
516
384
1605
2037
2198
2539
2084
3355
2429
2475
1547
2371
2867
3272
3705
1273
1522
2365
3697
1407
2507
1683
1136
3703
3504
3366
2791
2097
1980
1629
1396
914
549
397
2026
3391
3013
3179
1818
1350
1190
387
2239
3014
807
1243
1312
1
12
46
97
120
131
214
278
626
639
887
893
1276
1798
1840
1854
2158
2766
2886
3034
3045
3112
3271
3398
3402
3407
3423
3466
3476
3670
3785
3919
4002
3952
3949
3825
3734
3709
3381
3349
2975
2851
2702
2626
2599
2405
2013
1850
1775
1527
1495
1411
1328
1025
987
821
738
727
655
