0
750
3798
2541
1967
43
42
12
3230
3071
704
775
785
767
836
4012
4019
3959
879
893
867
795
773
737
851
752
746
817
728
754
747
731
721
694
855
854
853
852
850
849
848
847
846
845
844
843
842
841
839
838
837
835
834
833
832
831
829
827
826
824
822
821
820
818
816
815
814
813
812
811
809
808
807
806
805
804
802
801
800
799
797
796
794
793
792
791
790
789
788
787
786
784
783
782
781
780
779
778
777
771
770
768
766
765
764
763
762
761
760
759
758
757
756
755
751
749
748
744
743
742
741
740
739
738
736
735
734
733
732
730
727
726
725
724
723
722
720
718
717
716
715
714
712
711
710
709
707
706
705
702
701
700
699
696
695
693
692
691
690
689
688
687
4009
3985
4037
4036
4035
4034
4033
4032
4030
4029
4028
4026
4025
4024
4022
4021
4018
4017
4016
4015
4014
4008
4007
4006
4005
4003
4001
4000
3999
3998
3997
3996
3995
3994
3993
3992
3990
3988
3987
3986
3984
3983
3982
3981
3946
3503
3657
3922
3597
3952
3632
3507
3671
3690
3524
3832
3967
3791
3598
3878
3623
3622
3535
3757
3579
3895
3947
3762
3945
3786
3770
3564
3951
3903
3792
3643
3493
3907
3835
3753
3728
3715
3608
3498
3470
3442
3731
3730
3528
3679
3624
3585
3580
3868
3725
3589
895
894
891
890
889
888
887
886
885
884
883
882
881
880
878
877
876
875
874
873
872
871
870
869
866
864
863
861
859
858
856
840
830
828
825
823
819
810
803
798
776
774
772
769
753
745
729
719
713
708
703
697
686
4038
4027
4023
4020
4004
4002
4013
3991
3980
3726
3444
3723
401
576
640
582
3670
3919
3813
3649
3613
3574
3467
3457
3796
3547
3788
3491
3480
3970
3683
3533
3484
3968
3831
3654
3586
3979
3978
3977
3976
3975
3974
3973
3972
3971
3969
3966
3965
3964
3963
3960
3958
3957
3956
3955
3954
3953
3950
3949
3944
3942
3941
3940
3939
3938
3937
3936
3935
3934
3933
3932
3931
3930
3929
3928
3927
3926
3925
3924
3923
3921
3920
3918
3917
3916
3915
3914
3913
3912
3911
3910
3909
3908
3906
3905
3904
3902
3901
3900
3899
3898
3897
3896
3894
3893
3892
3891
3890
3889
3888
3887
3885
3884
3883
3882
3881
3880
3879
3877
3876
3875
3874
3873
3871
3870
3869
3867
3866
3865
3864
3863
3862
3860
3859
3858
3857
3855
3854
3853
3852
3850
3849
3848
3847
3846
3845
3844
3843
3842
3841
3840
3839
3838
3837
3836
3834
3833
3829
3828
3827
3826
3825
3824
3823
3822
3821
3820
3819
3818
3817
3816
3815
3814
3812
3811
3810
3809
3808
3807
3806
3805
3804
3803
3802
3801
3800
3799
3795
3794
3793
3790
3789
3787
3785
3784
3783
3782
3781
3780
3779
3778
3777
3776
3775
3774
3773
3772
3771
3769
3768
3767
3766
3765
3764
3763
3761
3760
3759
3758
3755
3754
3752
3751
3749
3748
3747
3746
3745
3744
3743
3742
3740
3739
3738
3737
3736
3735
3734
3733
3732
3729
3727
3724
3722
3720
3719
3718
3717
3716
3714
3713
3712
3711
3710
3708
3707
3706
3705
3704
3703
3702
3701
3700
3699
3698
3697
3696
3695
3694
3693
3691
3689
3688
3687
3686
3685
3682
3681
3680
3678
3676
3675
3673
3672
3669
3668
3667
3666
3665
3664
3663
3662
3661
3660
3659
3658
3656
3655
3653
3652
3650
3648
3647
3646
3645
3644
3642
3641
3640
3639
3638
3637
3636
3635
3634
3631
3630
3629
3628
3627
3626
3625
3620
3619
3618
3617
3616
3615
3614
3612
3611
3610
3607
3606
3605
3604
3603
3602
3601
3600
3599
3596
3595
3594
3593
3591
3590
3588
3587
3584
3583
3582
3581
3578
3576
3575
3573
3572
3571
3570
3569
3568
3567
3566
3565
3563
3562
3561
3560
3559
3558
3557
3555
3554
3553
3552
3551
3549
3548
3546
3545
3544
3543
3542
3541
3539
3538
3537
3536
3534
3532
3531
3530
3529
3527
3526
3523
3522
3521
3520
3519
3518
3517
3516
3515
3514
3513
3512
3511
3510
3509
3508
3506
3505
3504
3502
3500
3499
3497
3496
3494
3492
3490
3489
3488
3486
3485
3483
3482
3481
3479
3478
3477
3476
3475
3474
3473
3472
3471
3469
3468
3466
3465
3464
3463
3462
3461
3460
3459
3458
3455
3453
3452
3451
3450
3449
3448
3447
3446
3445
3443
3441
3439
3438
3621
3592
868
865
857
698
625
621
603
4031
4011
3989
3961
3861
3487
3454
386
499
685
682
636
617
579
440
381
509
505
680
498
382
182
454
684
681
679
675
674
672
670
666
665
664
662
661
660
659
658
657
654
650
648
647
643
642
638
635
633
632
631
628
627
626
624
623
622
619
615
613
612
611
608
607
605
602
600
599
598
597
595
592
590
588
585
583
578
577
575
573
3962
3948
3943
3886
3872
3851
3830
3797
3756
3750
3741
3721
3692
3684
3677
3674
3651
3633
3609
3577
3556
3550
3540
3525
3501
3495
3456
3440
3437
862
1956
1949
2119
2656
2177
2584
2580
2342
2019
2565
2426
2393
2443
2639
2476
2044
1974
1965
2281
2089
2070
1968
2524
2390
1981
2525
2270
2182
2029
1923
2391
2021
2046
1989
1929
2023
1975
1921
2497
2317
2159
2335
2538
2202
1942
2259
2137
2536
2469
2276
2579
2576
2563
2554
2532
2499
2381
2354
2353
2339
2261
2184
2172
2150
2104
2098
2077
2064
2056
1979
1953
2251
2658
2633
2627
2620
2365
2171
1919
2496
286
2582
2264
2196
2185
2003
1760
1690
1071
1599
1443
1094
1586
1194
1152
1385
1089
956
1489
1711
1234
1764
1295
1154
1248
1775
