0
608
3995
4037
4035
4034
4033
4032
4030
4029
4028
4026
4025
4024
4022
4021
4020
4019
4018
4017
4016
4015
4014
4012
4010
4009
4008
4007
4006
4005
4003
4001
4000
3999
3998
3997
3996
3994
3993
3992
3990
3988
3987
3986
3985
3984
3983
3982
3981
767
3806
3574
3811
3969
3639
3543
3767
3701
3761
3812
3782
3827
3464
3936
3740
3508
3638
4038
4027
4023
4013
4004
4002
3991
3980
2439
2545
2204
2076
1960
2091
2317
2613
2097
879
895
783
795
690
831
792
787
779
842
834
827
726
724
855
854
853
852
851
850
849
848
847
846
845
844
843
841
839
838
837
836
835
833
832
829
826
824
822
821
820
818
817
816
815
814
813
812
809
808
807
806
802
801
799
797
796
794
793
791
790
789
788
786
785
784
782
781
780
778
777
775
773
771
770
768
766
765
764
763
762
761
760
759
758
757
756
755
754
752
751
750
749
748
746
744
743
742
741
740
739
738
737
736
735
734
733
732
731
730
728
727
725
723
722
721
720
719
718
717
716
715
714
712
711
710
709
708
707
706
705
704
702
701
700
699
696
695
694
693
692
691
689
688
687
2225
2534
2503
2049
1990
2277
2620
2401
2358
2433
2350
2290
2123
2020
1953
2557
2126
2243
2067
2367
2615
2600
2518
2150
2108
2090
2259
3670
3731
3488
3527
3626
3828
3512
3927
3693
3449
3805
3525
3979
3978
3977
3976
3975
3974
3973
3972
3971
3970
3968
3967
3966
3965
3964
3963
3960
3959
3958
3957
3956
3955
3954
3953
3952
3951
3950
3949
3947
3946
3945
3944
3942
3941
3940
3939
3938
3937
3935
3934
3933
3932
3931
3930
3929
3928
3926
3925
3924
3923
3922
3921
3920
3919
3918
3917
3916
3915
3914
3913
3912
3911
3910
3909
3908
3907
3906
3905
3904
3903
3902
3901
3900
3899
3898
3897
3896
3895
3894
3893
3892
3891
3890
3889
3888
3887
3885
3884
3883
3882
3881
3880
3879
3878
3876
3875
3874
3873
3871
3870
3869
3868
3867
3866
3865
3864
3863
3862
3860
3859
3858
3857
3855
3854
3853
3852
3850
3849
3848
3847
3846
3845
3844
3843
3842
3841
3840
3839
3838
3837
3836
3835
3834
3833
3832
3831
3830
3829
3826
3825
3824
3823
3822
3821
3820
3819
3818
3817
3816
3815
3814
3813
3810
3809
3808
3807
3804
3803
3802
3801
3800
3799
3798
3796
3795
3794
3793
3792
3791
3790
3789
3788
3787
3786
3785
3784
3783
3781
3780
3778
3777
3776
3775
3774
3773
3772
3771
3770
3769
3768
3766
3765
3764
3763
3762
3760
3759
3758
3757
3755
3754
3753
3752
3751
3749
3748
3747
3746
3745
3744
3743
3742
3739
3738
3737
3736
3735
3734
3733
3732
3730
3729
3728
3727
3726
3725
3724
3722
3720
3719
3718
3717
3716
3715
3714
3713
3712
3711
3710
3709
3708
3707
3706
3705
3704
3703
3702
3700
3699
3698
3697
3696
3695
3694
3691
3690
3689
3688
3687
3686
3685
3683
3682
3681
3680
3679
3678
3676
3675
3673
3672
3671
3669
3668
3667
3666
3665
3664
3663
3662
3661
3660
3659
3658
3657
3656
3655
3654
3653
3652
3650
3649
3648
3647
3646
3645
3644
3643
3642
3641
3640
3637
3636
3635
3634
3632
3631
3630
3629
3628
3627
3625
3624
3623
3622
3620
3619
3618
3617
3616
3615
3614
3613
3612
3611
3610
3608
3607
3606
3605
3604
3603
3602
3601
3600
3599
3598
3597
3596
3595
3594
3593
3591
3590
3589
3588
3587
3585
3584
3583
3582
3581
3580
3579
3578
3576
3575
3573
3572
3571
3570
3569
3568
3567
3566
3565
3564
3563
3562
3560
3559
3558
3557
3555
3554
3553
3552
3551
3549
3548
3547
3546
3545
3544
3542
3541
3539
3538
3537
3536
3535
3534
3533
3532
3531
3530
3529
3528
3526
3524
3523
3522
3521
3520
3519
3518
3516
3515
3514
3513
3511
3510
3509
3507
3506
3505
3504
3503
3502
3500
3499
3498
3497
3496
3494
3493
3492
3491
3490
3489
3487
3486
3485
3484
3483
3482
3481
3480
3479
3478
3477
3476
3475
3474
3473
3472
3471
3470
3469
3468
3467
3466
3465
3463
3462
3461
3460
3459
3458
3457
3455
3453
3452
3451
3450
3448
3447
3446
3445
3444
3443
3442
3441
3439
3438
3779
3621
3586
3517
4031
4011
3989
2659
2658
2657
2656
2655
2654
2652
2651
2650
2648
2646
2645
2644
2641
2639
2638
2637
2634
2633
2632
2631
2630
2628
2627
2626
2625
2624
2623
2622
2621
2619
2618
2614
2612
2611
2610
2607
2606
2604
2603
2602
2601
2599
2596
2595
2593
2591
2590
2587
2586
2585
2584
2581
2580
2579
2578
2577
2576
2575
2574
2573
2572
2570
2569
2568
2566
2565
2564
2563
2562
2561
2560
2559
2558
2556
2554
2553
2552
2551
2550
2549
2548
2546
2541
2540
2539
2537
2536
2535
2532
2531
2528
2527
2526
2525
2524
2523
2522
2521
2520
2517
2515
2514
2513
2507
2506
2505
2504
2500
2499
2497
2496
2495
2494
2493
2492
2490
2489
2488
2487
2486
2485
2484
2483
2482
2481
2480
2479
2478
2477
2476
2474
2473
2470
2469
2467
2466
2464
2462
2460
2457
2456
2455
2454
2453
2452
2450
2449
2448
2446
2444
2443
2442
2441
2440
2438
2437
2435
2434
2432
2431
2430
2429
2428
2427
2426
2425
2424
2423
2422
2421
2418
2416
2415
2414
2412
2411
2410
2409
2408
2407
2406
2405
2404
2403
2402
2400
2397
2396
2395
2393
2392
2391
2390
2388
2387
2386
2383
2382
2381
2380
2379
2376
2375
2374
2373
2371
2370
2369
2366
2365
2363
2362
2361
2360
2359
2357
2356
2354
2353
2352
2349
2348
2346
2345
2342
2341
2340
2339
2335
2334
2331
2329
2326
2324
2323
2322
2321
2320
2318
2316
2314
2313
2312
2311
2310
2309
2308
2307
2306
2305
2304
2303
2301
2300
2299
2297
2296
2291
2288
2287
2286
2281
2280
2278
2276
2275
2274
2272
2271
2270
2269
2265
2263
2262
2261
2260
2258
2257
2256
2255
2253
2252
2251
2249
2248
2245
2244
2242
2240
2238
2237
2236
2235
2234
2233
2232
2231
2230
2229
2228
2227
2226
2222
2221
2220
2219
2218
2217
2216
2214
2213
2212
2211
2210
2209
2208
2207
2206
2205
2202
2201
2200
2197
2195
2193
2192
2190
2188
2186
2184
2182
2181
2179
2178
2177
2175
2173
2172
2170
2168
2167
2166
2165
2164
2162
2161
2160
2159
2158
2156
2154
2152
2147
2146
2145
2142
2141
2140
2139
2136
2131
2130
2129
2124
2122
2121
2120
2119
2118
2115
2114
2113
2112
2110
2109
2107
2106
2105
2104
2103
2100
2099
2098
2096
2095
2094
2093
2092
2089
2088
2086
2085
2084
2083
2082
2080
2079
2078
2077
2075
2074
2073
2070
2069
2066
2064
2063
2061
2060
2059
2058
2057
2056
2055
2051
2050
2048
2046
2045
2044
2043
2041
2040
2037
2036
2035
2034
2033
2030
2029
2025
2023
2022
2021
2019
2017
2016
2015
2014
2013
2012
2011
2009
2008
2006
2005
2000
1999
1997
1996
1995
1993
1992
1989
1988
1987
1986
1985
1984
1983
1982
1981
1980
1979
1978
1977
1975
1974
1971
1970
1969
1968
1966
1965
1964
1963
1962
1961
1958
1957
1956
1952
1950
1949
1946
1944
1943
1942
1938
1937
1936
1935
1934
1933
1931
1930
1929
1928
1927
1925
1924
1923
1922
1921
1919
1918
1917
1915
1914
662
632
621
3961
3861
3723
3454
619
437
305
244
86
2660
2647
2640
2636
2635
2617
2583
2571
2538
2502
2459
2447
2378
2364
2337
2284
2171
2157
2116
2027
2024
2018
2004
2001
1998
1991
1976
1973
1972
1951
1939
120
32
8
286
24
57
77
338
265
76
155
99
159
293
151
72
3
22
306
149
894
893
892
891
890
889
888
887
886
885
884
883
882
881
880
878
877
876
874
873
872
871
870
869
868
867
866
865
864
863
861
859
858
857
856
840
830
828
825
823
819
811
810
805
804
803
800
798
776
774
772
769
753
747
745
729
713
703
697
686
280
229
39
13
2471
2461
2330
2325
2254
2185
2155
2127
2031
2003
1955
1947
1926
2653
2616
2609
2605
2594
2589
2588
2582
2555
2544
2543
2529
2519
2512
2511
2498
2475
2472
2468
2465
2463
2458
2451
2445
2436
2419
2417
2413
2394
2389
2384
2377
2355
2344
2343
2298
2295
2294
2273
2246
2241
2224
2215
2203
2196
2189
2176
2174
2163
2151
2144
2143
2137
2133
2101
2072
2071
2062
2052
2047
2039
2038
2026
2010
2002
1994
1959
1954
1940
1932
1916
1913
1346
2649
2643
2642
2629
2608
2598
2597
2592
2567
2547
2542
2533
2530
2516
2510
2509
2508
2501
2491
2420
2399
2398
2385
2372
2368
2351
2347
