0
4031
893
293
145
3922
1834
191
37
550
74
3992
3691
1560
1119
1372
879
801
721
4007
642
1558
234
904
241
1276
294
210
3700
1755
4010
183
1760
3597
1326
692
2596
2375
244
71
1664
1262
61
656
3798
2382
2704
27
3879
2963
286
2838
610
929
749
182
3235
1096
18
552
160
1206
292
209
3413
3808
2569
2975
42
166
228
1031
1263
154
3183
316
585
2178
447
114
2855
2441
278
607
1002
3031
1442
4015
301
1854
2168
3983
44
49
1362
2692
1546
3820
15
386
4005
2922
699
206
2621
43
3071
4032
384
307
282
1224
4016
4025
3990
3560
174
894
866
870
881
744
872
791
788
869
895
892
891
877
874
873
871
864
859
858
825
832
761
878
876
863
880
848
722
837
778
861
855
717
733
714
846
734
833
813
803
704
887
885
867
757
890
786
794
790
755
751
715
707
690
889
888
886
882
854
756
818
806
702
816
767
853
784
847
810
752
842
753
724
701
695
732
774
760
723
713
709
698
696
808
783
840
823
807
765
728
841
739
688
814
716
849
844
836
835
834
831
800
770
763
762
747
738
737
720
843
838
827
805
764
758
754
730
719
694
856
852
851
850
845
839
829
828
826
824
822
821
820
819
815
812
811
809
804
802
799
798
797
796
795
792
789
787
785
782
781
780
777
776
775
773
772
771
769
768
766
759
746
745
743
742
741
736
735
731
729
727
726
725
712
711
710
708
706
700
697
693
689
687
830
817
793
779
740
718
705
703
686
748
875
860
691
884
883
865
750
868
4033
4026
4017
4004
3993
4013
4037
4023
3986
4014
3988
4038
4027
4003
3998
3981
4036
4035
4034
4022
4019
4012
4011
4002
4001
4000
3995
3994
3991
3989
3987
3985
3982
4021
4020
4018
4009
3997
3980
4030
3996
4029
4028
4024
4008
4006
3999
594
3984
667
2808
3227
110
3427
2776
3218
3216
3121
2723
2884
2961
3153
2804
147
201
52
300
138
245
155
253
8
269
60
121
336
306
195
78
305
220
28
153
2281
2204
2193
2238
1937
1949
250
3952
3848
3844
3699
3659
3653
3439
3606
3959
3939
3834
3832
3614
3588
3537
3859
3813
3467
857
2868
3405
3125
2256
3349
3099
2858
2941
3361
3401
3428
2899
3338
2700
2918
2926
2898
2879
2725
3315
3367
3402
2801
3408
2816
2930
3194
3328
3016
3271
3122
2861
3032
2882
3039
2853
3163
3371
3128
3305
3334
3127
3200
2799
2837
3281
2846
3155
3030
3382
3157
2856
3206
3368
3092
3042
3423
2699
2981
3066
2964
3015
2720
2766
3292
3028
2805
3202
3009
3358
3112
3047
2982
2767
3336
3310
3270
2745
2972
2969
2916
2852
3431
3190
2759
2752
3333
3378
3199
3296
3110
3416
3103
2992
2970
3059
3116
3249
3419
3214
2707
3352
3297
3041
2687
2817
3424
3188
2849
3316
3049
2667
3193
3033
2917
3073
2888
3435
3098
2985
2800
2717
2676
3284
3166
3036
3029
3022
2919
2909
2769
2750
3135
3119
3399
3234
3228
2945
2910
3243
3220
3084
2931
2887
2683
2681
2914
3319
3254
2836
3181
3131
2902
3257
2987
2873
3394
3158
3123
2993
2907
2821
2689
3229
3139
3114
3045
2663
3091
2671
2840
2832
2831
2979
3007
2990
3321
3277
3120
3035
2991
2881
2748
3300
3095
3090
2851
2807
2749
2772
3293
3052
2960
2810
2806
2777
2763
2673
3325
3318
3283
2670
2954
2859
2870
3303
3388
3250
3232
3149
3085
3064
2988
2946
2944
2915
2862
2815
2680
3341
3087
2665
3390
3348
3324
3301
3237
3129
3108
3056
3054
3026
3000
2994
2974
2940
2927
2925
2880
2877
2874
2867
2866
2839
2786
2705
2698
2679
2666
2664
3357
3204
3138
3093
3043
2751
3360
3340
3329
3236
3117
2841
3082
3070
3067
3038
2863
3409
3171
2848
2818
3395
3212
2989
3347
3223
2900
3176
2965
2811
3145
2690
3233
3159
2934
2697
3273
3051
2995
3415
3346
3207
3133
3081
2947
2921
2829
2739
2728
2662
3688
92
152
38
340
89
6
132
47
263
345
86
264
91
344
105
36
120
117
106
240
189
178
192
196
341
338
50
10
288
79
135
97
202
219
320
197
127
140
157
268
19
303
295
229
143
23
148
130
237
83
238
123
270
3
230
227
225
265
55
45
314
100
236
186
193
297
290
276
272
221
212
169
128
113
104
59
30
9
248
242
94
334
329
325
239
224
172
133
313
165
141
69
337
93
142
252
211
302
101
168
342
170
159
108
26
25
13
162
326
115
111
261
310
226
214
149
144
41
291
129
187
328
275
273
218
181
312
280
73
54
2545
2570
2094
1956
2651
2505
2548
2358
2466
2166
2119
2015
2503
2614
2528
2450
2431
2162
2080
2245
1992
2008
2474
2263
1977
2349
2320
2535
2130
2576
2277
2186
2181
2562
2217
2230
2383
2260
2023
2443
2523
2650
2513
2486
2262
2019
2478
2234
2644
2628
2497
2314
1975
1936
2449
2634
2606
2311
2566
2288
2265
2437
2421
1996
2477
2056
2467
2021
2403
2397
2172
2454
2427
2656
2236
2126
2504
2404
1943
2448
2197
2173
2105
2089
2035
2435
2050
2014
2654
2619
2552
1989
2593
2591
2574
2539
2409
2363
2306
2299
2220
2115
2109
1983
1929
1918
2373
2360
2016
2286
1995
1914
2604
2549
2492
2339
2084
2037
2452
2209
2412
2129
1990
2657
2620
2648
2627
2494
2061
2587
2251
2146
2114
2647
2636
2337
2284
2171
1998
1991
1972
322
304
146
125
122
2885
3530
3755
3914
3563
3641
3638
3616
3805
3950
3742
3444
3746
3934
3789
3885
3932
3716
3647
3483
3973
3708
3847
3531
3977
3701
3675
3646
3683
3637
3787
3865
3954
3574
3745
3567
3749
3903
3620
3506
3818
3572
3502
3440
3816
3946
3494
3780
3955
3882
3878
3870
3843
3711
3544
3845
3603
3503
3471
3858
3864
3590
3931
3489
3696
3783
3776
3587
3500
3478
3924
3558
3607
3448
3654
3814
3806
3953
3660
3968
3785
3450
3913
3557
3527
3462
3474
3815
3735
3455
3657
3979
3841
3692
3480
3475
3969
3792
3763
3631
3539
3493
3476
3929
3828
3651
3852
3965
3957
3899
3836
3757
3477
3927
3622
3613
3581
3523
3479
3930
3926
3461
3591
3737
3661
3963
3894
3576
3542
3857
3819
3679
3662
3825
3459
3860
3702
3640
3568
3779
3835
3526
3465
3902
3790
3730
3578
3514
3497
3533
3898
3883
3639
3481
3909
3866
3515
3507
3821
3668
3630
3900
3855
3803
3794
3714
3486
3827
3508
3472
3671
3862
3715
3636
3551
3978
3667
3525
3966
3545
3449
3905
3817
3681
3488
3940
3873
3901
3598
3553
3871
3541
3876
3796
3773
3810
3623
3532
3652
3823
3761
3738
3724
3617
3601
3583
3460
3822
3719
3643
3569
3830
3948
3831
3824
3804
3800
3762
3703
3618
3880
3673
3621
3611
3596
3682
3585
3549
3628
3915
3752
3645
3593
3554
3936
3907
3867
3850
3791
3778
3698
3663
3629
3615
3949
3842
3734
3677
3264
3185
3136
3002
2955
2932
2843
2819
3398
3308
3266
3259
3077
2865
2718
2716
2685
3255
3156
2557
1982
2459
2157
2610
2296
2291
2378
2022
2018
1928
2400
2228
2406
2362
2272
2001
2517
2322
2214
2185
2141
1944
2317
2310
2031
2222
2252
2652
2637
2640
2585
2365
2297
1968
2318
2903
3343
3005
3320
2742
2701
2672
3275
2997
2951
2935
2933
2878
2768
3379
3377
3359
3306
3295
3285
3203
3118
3113
3062
2758
2730
2682
2822
3161
3434
3332
3201
3132
2784
2778
2674
2661
3411
3350
3196
3061
2708
3386
3344
3272
3182
3160
3060
2973
2958
2950
2753
3258
3265
3248
2764
2693
990
1087
2999
3436
3433
3432
3430
3429
3426
3425
3422
3421
3420
3418
3417
3414
3412
3410
3407
3403
3400
3397
3396
3393
3392
3391
3389
3387
3384
3383
3381
3380
3376
3375
3374
3373
3372
3370
3369
3365
3364
3363
3362
3356
3355
3354
3353
3351
3345
3342
3339
3337
3335
3330
3327
3326
3323
3322
3314
3313
3312
3311
3309
3307
3304
3302
3299
3298
3294
3291
3289
3288
3287
3286
3282
3280
3279
3276
3274
3269
3267
3262
3261
3260
3256
3253
3252
3251
3247
3246
3244
3242
3241
3240
3239
3238
3231
3226
3225
3224
3222
3221
3219
3217
3215
3213
3211
3210
3209
3208
3198
3197
3195
3192
3191
3189
3187
3186
3184
3180
3178
3177
3175
3174
3173
3172
3170
3169
3168
3167
3154
3152
3151
3150
3148
3147
3146
3144
3143
3142
3141
3140
3137
3130
3126
3124
3115
3111
3109
3107
3106
3105
3104
3102
3101
3096
3094
3089
3088
3086
3083
3080
3078
3076
3075
3074
3072
3069
3068
3065
3063
3058
3057
3055
3053
3050
3048
3046
3040
3027
3025
3024
3023
3021
3018
3017
3014
3013
3012
3010
3008
3006
3004
2998
2996
2986
2984
2983
2980
2978
2977
2971
2968
2967
2966
2962
2959
2957
2956
2953
2952
2949
2948
2943
2942
2939
2938
2937
2936
2929
2928
2924
2923
2920
2913
2912
2911
2908
2906
2905
2904
2901
2897
2896
2895
2894
2893
2892
2891
2890
2889
2886
2876
2875
2872
2871
2869
2864
2860
2854
2850
2847
2845
2844
2835
2834
2833
2830
2828
2827
2825
2824
2823
2820
2814
2812
2809
2803
2802
2797
2796
2795
2794
2793
2791
2790
2789
2788
2787
2785
2783
2782
2781
2780
2779
2774
2773
2771
2770
2765
2762
2761
2760
2757
2756
2755
2754
2747
2746
2743
2741
2738
2737
2736
2735
2734
2733
2732
2731
2729
2727
2726
2722
2721
2719
2715
2714
2713
2712
2711
2710
2709
2706
2703
2702
2696
2695
2694
2688
2686
2684
2675
2669
2668
3003
2740
3097
1775
1266
1057
1105
3034
2813
1058
1865
1045
3406
3404
3366
3331
3162
3100
3001
2775
2724
1498
3886
3851
3750
3556
3540
3501
862
2366
2057
2345
2655
2624
2607
2602
2601
2573
2564
2553
2536
2532
2408
2393
2391
2381
2376
2356
2300
2290
2287
2278
2261
2258
2213
2212
2206
2201
2078
1986
1963
2392
2235
2177
2003
2110
2060
2029
2603
2170
1988
2631
2623
2600
2590
2579
2563
2559
2556
2554
2551
2550
2507
2500
2489
2485
2469
2468
2433
2423
2410
2386
2374
2369
2354
2348
2340
2329
2271
2237
2229
2210
2208
2188
2184
2165
2136
2123
2112
2083
2077
2074
2064
2059
2055
2033
2020
1997
1984
1917
2571
2581
2266
2473
2480
2304
2239
2155
2243
1987
2496
2396
1940
2432
2415
2390
2324
2221
2075
2048
1939
2298
1955
2522
2249
2065
2568
2537
2280
2163
2438
2226
1981
2416
2367
1941
2609
2471
2134
2560
2445
2434
2414
2394
2303
2240
2189
2174
2161
2135
2086
2063
1942
2629
2511
2465
2327
2283
2148
2047
2038
2026
1932
2588
2529
2510
2498
2344
2330
2282
2187
2151
2144
2127
2102
1697
1759
1544
150
119
315
266
