107
2504
1912
1684
2139
1833
2030
1522
1621
2482
2224
2331
2467
1918
1985
1571
1577
2336
3437
3501
376
2218
1703
1351
2064
2073
2027
3603
2241
1689
3348
889
3085
2956
3049
387
2404
1122
1879
1583
1172
2592
1014
1190
1562
3645
1553
2594
3198
2069
2090
1124
1995
2500
1643
3584
2032
1591
2068
1401
2888
926
1738
3355
3363
2365
394
1075
1041
1861
2039
33
770
1804
3351
3784
961
1472
1761
3403
2200
917
1729
2452
1048
1277
2201
2553
2646
2176
1810
1146
3987
2160
1284
3771
2010
0
654
2734
1348
486
3545
2052
1136
1969
1514
2759
3491
853
1462
3067
2658
1346
1828
3918
2357
4037
1043
1626
1979
1617
670
147
2891
3201
845
360
2793
3923
2509
3002
726
976
2484
3111
2837
3672
2272
2381
1033
1714
3172
1728
3170
3079
1222
601
3738
3734
2920
2994
1730
3069
1160
1121
986
3387
2275
2384
3013
2598
212
3800
3761
2437
545
348
3766
761
1447
2526
2729
893
2189
445
1305
2413
1255
3090
1444
3242
462
423
425
3174
2117
3778
3105
3041
2304
3235
2834
72
2771
272
784
696
732
632
3000
1257
461
1163
3968
3913
573
3894
88
1534
2502
1523
1764
3724
1672
16
2389
11
2449
1100
3270
1779
37
1436
2235
876
1378
70
3225
1045
881
1484
856
1889
2440
2418
2228
414
271
3423
3397
500
2021
3023
1170
1032
3438
1613
3925
2244
3808
2317
3165
2562
3076
1298
3707
2394
686
319
1486
2233
2586
2815
2489
1785
1221
1433
1770
111
2361
3074
234
173
1138
1636
930
2474
2310
512
2643
3109
1050
1448
380
3642
2911
1034
2923
1551
1696
82
1456
1515
2814
1155
2075
258
652
3322
2828
1920
1086
3999
3920
1250
735
1603
1954
828
1423
3869
2153
1683
1747
368
34
1175
2103
510
2647
1716
1055
679
1285
1148
1320
2742
3027
2246
2728
1570
953
3892
509
43
3810
1213
983
2822
1949
504
2214
1362
3253
4027
56
1488
610
1915
2945
3065
2217
179
1422
3257
1452
2636
1321
2896
874
2889
707
3754
1219
3280
879
3799
2738
2444
434
1932
3791
3842
3498
1137
3358
736
3504
2387
3187
2918
3629
2011
3383
2303
3137
3945
3735
3233
1680
432
728
3578
2621
884
3321
3557
3478
3595
3633
2192
1498
2076
950
2490
2990
1204
3151
3299
671
3465
3815
3343
1713
1978
2162
480
3562
2116
1000
1753
903
248
1627
2906
945
2812
1389
894
1306
1040
3364
3149
3349
3473
3258
256
2566
3459
1519
3902
3525
3255
1388
2226
1029
1540
1420
1399
1816
1556
1750
3889
981
146
2115
115
2630
2819
1057
2684
3347
2433
221
3301
71
1149
1987
373
3547
1964
878
3406
1118
3374
1575
3942
1235
518
3017
126
3692
1453
830
2841
1740
1566
370
2197
1560
526
1921
2
1177
1528
398
3212
481
813
865
215
3783
225
3956
786
3746
2419
2608
420
2072
3284
2913
1642
1629
4020
794
3995
722
2476
3798
1633
3436
933
2078
281
867
3424
2086
3930
2796
1145
937
2278
666
3379
1031
3020
1885
35
3463
1335
3124
265
488
3130
2131
1166
3369
1201
620
2952
1505
20
250
1144
3083
36
2856
3681
359
2140
577
1982
2234
646
2037
4032
3326
2213
1387
1074
734
337
3821
3914
1283
1105
973
2175
2367
1022
289
3306
160
604
86
3309
2013
491
781
3318
3
2567
1535
1664
1822
1504
4002
907
78
3120
1722
254
742
1661
1739
4038
3302
2519
245
3806
2405
1602
1176
1152
3948
483
1127
1533
2470
1881
2204
1660
1247
2846
817
2059
2932
3866
1911
1573
347
2682
4017
121
1130
1759
1670
104
3457
1960
1935
1788
1870
3430
3831
513
4014
3237
2986
2910
3226
1923
2041
1762
3659
2557
1913
1758
527
1200
695
3393
2066
1838
3623
2060
3865
1773
3052
1093
2215
1774
435
3954
2535
3580
1455
2995
3494
2599
3366
594
377
3648
3906
3472
857
2002
1466
1733
3702
1679
2225
2975
1588
3870
3447
1775
3075
453
2300
648
2632
674
2761
2666
2817
2255
935
2456
1640
2576
2648
2720
163
3840
616
2025
3537
3205
3432
3194
2946
2838
1240
3415
184
2943
2178
2110
2695
3493
1853
2651
848
2737
3248
1530
2402
1766
3097
290
19
2432
2406
3449
2487
3036
21
463
1786
1701
2134
2781
44
929
3118
75
2017
3996
2147
469
2247
2170
3004
1393
683
141
1322
99
2735
268
24
1128
1789
2515
1619
2416
3841
3596
1536
2818
2915
2835
1319
136
3518
3898
499
1576
1951
1265
3533
3964
2286
87
563
3927
3231
3256
196
1648
3487
5
887
2874
2907
2581
467
947
1293
109
331
1089
3883
1403
1024
4015
710
3346
3162
3911
3132
1512
637
409
2659
2861
28
759
456
1651
381
1245
2127
741
390
1286
839
1271
587
2279
2298
782
1582
1543
3581
174
1771
3916
3089
180
1347
1315
1338
1296
1749
2045
2363
2339
3115
279
313
2038
267
450
693
161
3344
81
2421
769
1112
997
954
971
2791
2595
2848
3274
658
3571
663
2730
255
3575
102
1299
253
2550
943
938
1895
1765
242
314
3006
3103
809
3725
3683
1354
3943
1262
550
525
1229
3117
479
739
3325
701
137
2797
444
437
3833
746
3952
1214
585
2087
2511
2169
2755
2370
269
2308
1805
1001
96
908
931
103
2635
868
2400
3991
1328
282
1264
883
660
2938
249
3834
3155
442
554
3859
1291
1224
3204
2875
2541
898
288
7
74
3980
1143
2340
2253
801
1555
796
2034
3188
665
1194
3921
507
1880
134
811
3937
3340
112
3139
647
209
149
152
218
1077
3531
1228
2260
748
3757
399
3546
1865
2782
2099
1581
1082
569
3835
1731
3126
618
3712
3729
2055
257
3960
1054
3500
1409
4007
3211
1191
3619
3450
1183
2085
1678
655
3739
3549
3372
4016
2301
1606
344
1096
379
835
1860
2230
1634
1174
1233
3129
699
854
2525
1443
1364
3814
3668
1419
1195
3867
2314
3599
2439
994
2167
738
890
1657
2523
3175
2264
1011
1780
521
3846
3792
3011
1744
900
1609
222
1732
2767
709
1341
3772
825
2792
2852
1426
3316
240
3819
2082
2871
959
198
855
3715
2697
3770
3958
703
2876
3123
2262
2862
490
2887
3997
2680
1666
974
3935
3763
2125
2372
4011
1058
875
1909
13
2205
120
3147
2840
909
3182
2212
1937
2965
2909
2442
3431
2443
2380
4009
831
228
1549
276
2899
2168
3032
644
2193
2893
733
433
1869
2686
1537
1487
2256
581
4006
3632
2844
3534
3710
3752
3527
3505
3745
3978
3401
1439
1507
2942
791
2693
624
1239
3042
3878
2708
999
124
3092
1349
2979
2554
2903
3159
493
3310
3708
1641
3218
2186
3134
1544
3338
2270
1501
4028
2633
2855
3375
3686
602
3934
92
3160
775
1832
3382
3453
3425
1165
2572
3682
1091
1301
2481
691
2878
3953
3588
1281
1690
482
2514
3747
3317
3021
148
1069
1210
2248
927
3563
22
1418
4004
31
1410
2259
3119
2609
2319
1635
3657
932
1340
2436
2031
119
1903
1185
2657
97
1878
3416
956
1056
295
175
2679
1976
2435
1550
2050
2953
3574
3737
2673
235
342
310
2325
280
915
2089
2360
2934
2905
135
608
3550
1957
375
3611
3514
3024
3005
2285
3234
3895
758
2185
229
3339
374
2672
400
188
1850
1120
2718
2593
1313
1095
426
1871
217
3152
2764
1469
162
415
85
2703
2642
2574
2430
2164
928
1624
2492
3822
2423
227
4
29
511
1323
3569
3183
2460
3576
144
3938
3153
612
668
233
3408
2148
3474
143
2785
3467
448
1114
911
705
3693
1038
309
176
1169
846
514
952
1046
2313
3748
357
2561
128
2179
1007
101
4019
2575
2552
1476
1468
2971
1368
3713
946
1037
66
1491
213
80
1110
1662
998
1344
2612
3656
3962
995
2784
306
3054
3591
1902
2786
2864
1421
3276
367
1013
1901
2768
896
1483
3609
3643
1244
100
764
369
1186
3010
680
1150
2183
3294
489
743
885
565
1097
963
1359
332
1083
84
457
105
2739
3411
2762
3373
1282
3046
298
1677
1425
515
1018
2018
1584
1413
1667
91
3973
1639
114
1193
388
262
2294
1506
1316
805
3275
1760
1793
1769
1391
464
3776
2656
1727
286
183
1123
1704
3121
1451
1375
1767
3731
3730
1192
1434
1526
3608
3817
389
3882
1546
789
3426
59
2258
324
3461
1342
4029
3797
1109
2121
191
305
766
753
1542
1203
3378
2411
987
1597
1336
1837
793
1353
424
560
2964
2863
492
2454
1318
687
1384
3263
3039
73
1655
3561
622
3877
1886
1256
283
517
1459
650
771
98
2836
2954
165
2390
2161
364
1477
2305
745
1959
2513
2940
3788
3781
645
614
1882
966
1246
3548
892
870
3315
2283
1638
3544
454
40
3300
3886
2570
2687
788
2496
2054
2998
2156
1005
2431
3769
3697
164
922
2232
1702
1671
2714
2222
2997
53
2880
3148
2375
3539
3385
117
1830
2722
2354
3709
704
2321
4010
834
3434
2029
2613
2902
2105
2707
819
1161
785
2296
1532
3341
1042
3295
2702
2582
1874
2457
2577
1854
219
684
3206
558
2015
800
3522
338
2507
2816
3443
1417
1851
3390
3758
2447
2736
1080
902
3259
2760
323
106
62
187
944
278
795
2641
2857
182
1470
206
4035
2710
2250
1326
2410
2281
3907
2326
2429
2499
1053
307
2322
3327
1036
904
150
1414
2980
2843
672
847
841
1278
1307
473
2014
3110
3816
3060
1400
1392
3764
1782
3801
2957
779
1300
3177
1009
3131
3125
1012
1206
1178
3969
685
3879
3012
3714
3854
3811
1460
3269
572
2284
2959
3203
2316
2583
3224
530
3223
939
1706
3008
1652
1801
982
2239
3610
3173
3860
3988
1631
592
1428
1817
749
4036
1442
3951
3108
640
3458
3553
3974
649
965
3538
3219
2831
1116
3939
1406
4026
1066
383
955
2701
3209
427
1475
1899
3471
1060
1595
1473
823
1658
2506
2350
523
2992
3489
2985
3388
4000
3195
1234
505
3250
3928
1441
32
808
3446
3279
1365
95
724
1693
2289
2422
3057
440
4012
2269
2963
3420
3773
3524
2824
964
3414
631
3703
3440
2820
3314
3520
3112
3352
459
3540
886
404
474
557
3625
2373
3564
3483
3716
3876
3836
3896
3589
3795
3552
3620
3572
3009
3932
3285
3392
252
2847
3499
2565
2568
3389
1973
3567
3454
3289
3356
2364
3541
3091
1611
2885
3669
3661
2596
2083
2645
1324
3156
1461
3665
3602
721
3630
3992
3627
1343
3677
2096
3640
220
3720
3308
2746
1630
3207
1385
2382
3243
2158
320
3644
3691
3765
3751
3785
3398
335
3240
3048
3323
2947
38
1527
2984
3128
3215
958
2977
3281
2667
520
1719
3266
127
354
2685
2332
3804
2491
2001
2337
3678
3442
3333
777
2639
1656
328
25
2351
1199
2315
1020
3185
431
1357
472
341
3056
1565
3542
1894
1015
302
1480
419
2769
3329
3072
2698
1600
204
1482
2392
3359
392
580
689
3687
3803
1407
2209
1294
202
1404
506
438
2842
2338
3334
2962
3073
1754
598
1875
751
1267
1002
181
2644
1692
3249
2982
723
1799
2894
2527
2118
3251
239
3671
1742
1230
1608
1369
1808
1818
1843
2132
651
1712
1458
575
3774
1593
3994
4008
2291
2674
1073
2095
3433
2198
3802
2180
365
1539
1377
3786
792
3022
3304
3476
3873
962
2539
159
1500
3519
3088
2700
2019
1594
1402
600
2277
3176
2638
1966
358
251
1236
3695
2721
2151
2053
2273
299
2333
2463
503
465
553
151
2626
353
384
1382
803
50
157
330
872
2744
3167
2789
2004
1231
197
285
2890
2873
1819
1111
168
1016
2207
690
2391
495
3612
2809
3604
3517
3303
58
3278
531
1356
1408
2334
1567
2202
2588
3593
3068
1763
2057
863
153
2813
2677
2530
3888
2634
1332
1508
776
1273
717
3324
866
4023
3495
2335
802
325
583
534
1314
1709
542
1454
1492
2173
2009
1848
862
1355
1295
2137
142
669
3506
760
2348
2359
2005
1929
4031
343
633
224
593
263
1489
1673
408
1288
156
1736
914
3086
3313
2655
1490
2650
1025
2356
2604
2124
1558
1241
941
2532
1983
1216
2866
397
3674
2471
3554
2584
1394
3345
77
2999
451
439
470
2195
2879
478
2589
2540
2969
1310
1681
905
588
1952
635
2512
2605
2040
411
541
2715
3475
730
1215
1531
1339
3699
1710
1280
446
2883
2119
292
895
3427
1070
3863
2706
1990
617
3516
543
923
2459
1445
476
556
1980
3862
750
3989
1784
64
458
2929
3113
3070
1248
787
3271
2100
1266
1446
1996
547
2155
3732
3985
2227
1263
3376
2245
2783
1916
2130
850
629
452
455
355
3200
1276
869
656
2252
1653
1849
241
1752
1751
1836
2243
333
820
727
2788
2629
1084
2756
1559
916
838
3809
3998
3587
1119
416
642
1846
3701
1685
1279
15
1379
2163
3666
2625
1647
214
532
984
1208
498
1806
3394
3940
2477
2165
1676
2671
2407
969
3775
3053
756
3908
2378
3199
2397
3551
564
4034
1620
1181
3919
3885
2670
3247
2501
39
1898
246
603
2973
63
1802
2290
2578
729
1632
859
1023
3464
4005
2775
605
2048
3616
3721
1068
1858
2182
675
826
329
661
270
3470
2268
843
1947
1803
2152
3444
68
1756
1061
4018
1955
2740
765
2696
2649
116
1071
3662
4022
2733
487
2026
3884
1383
1772
3711
2916
2203
3855
3664
899
1147
2865
2668
2323
3750
449
3337
2120
2773
2777
3232
1380
913
237
3082
3377
3287
1809
3368
970
2320
3959
3045
55
840
3891
3845
466
3848
3189
3864
2591
3485
2070
2802
2925
2483
3353
2917
3335
3660
849
3252
3330
3193
3221
3696
3095
3477
3161
2753
1907
346
1030
3210
2157
3856
2288
178
45
2016
3064
318
350
3018
1831
2547
3357
2424
3490
921
1449
3003
3099
2434
2732
2280
3901
2949
3441
3241
623
3796
2386
1859
2926
3298
2898
3220
167
1432
1104
1412
1168
3202
3101
351
2580
949
4025
3296
2181
236
2652
1237
3874
2293
2368
2727
2750
1726
659
2884
460
1067
3061
3245
1687
89
2036
3909
3924
2022
129
1297
529
275
2620
3827
2441
2766
3837
1580
844
3573
3230
3861
3600
3402
2983
2825
1825
3843
3418
2524
3760
1586
3594
3613
2146
1021
1852
3903
1529
2935
2681
2112
708
3513
3026
3818
2811
3753
3033
1928
2993
3621
702
731
3614
304
3718
3015
3037
1292
3507
1700
3857
3601
3062
1646
3680
3638
3481
2219
1521
2854
3635
2804
3484
3793
3705
3755
3789
681
3679
2107
12
1847
768
3849
2353
3736
3568
3143
3598
76
2931
3741
3307
3502
1840
3421
190
3468
2312
2415
3479
1290
42
2263
1254
3634
3122
3647
1944
308
1961
2691
1182
3787
2908
2892
2987
3667
3409
3839
3650
2897
3290
1386
1892
3181
2080
3482
2466
65
2393
2665
3579
3688
3526
