0
757
4011
1065
4008
154
3407
3570
3071
3987
4037
4022
4015
2100
12
52
2998
267
1002
2269
1145
293
228
1967
4035
358
282
447
624
2442
191
114
1558
1430
550
841
785
241
3453
292
1581
3952
864
875
674
602
652
256
2079
2195
2541
585
743
3161
2528
3268
667
3992
3983
3991
594
4017
4003
3989
4016
4033
3986
4021
4009
3999
3981
4014
3988
3985
4019
3982
4038
4036
4031
4030
4029
4028
4026
4025
4023
4020
4018
4013
4012
4010
4007
4006
4004
4002
4001
4000
3998
3997
3996
3995
3994
3993
3990
4027
3980
4032
4034
4005
3984
4024
788
858
887
872
895
881
879
885
877
874
721
893
798
699
886
878
861
729
836
850
806
725
691
735
762
826
813
818
742
786
723
816
782
707
732
894
891
890
889
888
884
883
882
880
876
873
871
870
869
867
866
863
860
825
811
776
753
795
756
706
731
839
789
714
847
800
772
695
851
848
829
778
760
693
722
809
805
747
814
708
713
840
823
792
777
758
740
856
807
780
765
728
703
697
855
854
853
852
849
846
845
844
843
842
838
837
835
834
833
832
830
827
824
822
821
819
817
815
812
810
804
803
802
801
799
796
794
793
791
790
787
784
781
779
775
774
773
771
769
768
767
766
761
759
754
752
751
749
746
745
741
738
737
736
734
733
727
726
724
720
719
718
717
715
712
711
710
709
705
704
702
701
700
698
696
694
690
689
688
831
828
820
808
783
770
764
763
755
748
739
730
716
687
686
797
744
892
859
750
692
1071
286
90
189
279
307
253
71
83
51
294
229
2483
2481
2388
1937
1253
3045
3134
2899
3428
3413
2256
1977
2265
3192
202
327
305
81
262
242
205
178
88
57
133
152
78
102
68
16
75
333
179
311
347
157
149
295
69
177
246
22
278
225
300
344
156
217
100
211
290
272
223
222
207
60
221
226
151
111
17
212
77
117
7
143
48
231
106
308
161
158
142
123
79
62
297
224
141
84
76
346
249
101
237
230
144
345
325
304
284
280
127
104
39
31
14
2
277
252
238
199
148
98
332
200
245
201
91
219
95
187
180
122
306
275
273
218
195
323
188
85
72
9
299
236
126
54
2255
2527
2441
2634
1992
2015
2320
2632
2562
2456
2263
2130
2119
2545
2490
2094
2238
2181
2535
2424
2405
2105
2051
2168
2383
2067
2540
1934
2613
2044
2019
2614
1960
2437
2204
2197
2089
2565
2041
2311
1963
2651
2532
2021
2656
2166
2049
2337
2487
2435
2378
1968
2173
2152
2477
2115
2297
2577
2488
2086
2447
2000
1957
1931
2207
2455
2412
2160
2583
2346
2016
1999
2601
2504
2404
2308
2307
1986
1946
2587
2156
2146
2633
2225
2097
2011
1202
600
661
627
577
640
635
595
578
576
675
662
643
615
166
648
2107
2291
2260
2612
2425
2205
2647
1998
339
324
315
213
146
125
2804
3401
3338
3424
2893
3336
3159
3308
2898
2736
3197
2692
3095
2902
3323
3112
3315
3208
3371
3153
3123
3190
2771
2952
2997
3370
3251
2732
3080
3425
3155
3066
3227
3008
3249
3042
3215
3156
3270
2832
2831
3383
2841
3234
3010
3316
2876
2803
2744
3367
3317
2726
3399
3334
3241
2759
3393
3236
2907
3269
3121
3028
3218
3200
3296
3088
3059
2807
2769
2663
2700
3178
2709
3356
3195
3216
3273
3074
3313
3286
3166
3124
2668
2710
3365
2715
3392
3139
3199
3148
3041
3379
3433
3092
2924
2798
2682
3418
3359
3211
3210
2947
2918
2690
3137
3114
2993
2977
2821
2794
2766
3091
2671
3422
3281
3206
2785
3255
2973
2712
2662
3410
3120
2728
2921
2758
2723
2714
2667
3052
2948
2945
2743
2962
3140
3023
2967
3426
3387
3000
2988
2913
2815
2792
2846
3081
3061
3228
3064
3029
2891
3293
3220
3119
3026
2994
2966
2953
2931
2887
2873
2763
2741
2689
2681
3264
3256
3187
2702
3351
3382
3325
3283
2972
2834
2703
3390
3174
3129
3085
3084
3056
3047
2985
2944
2943
2906
2874
2866
2800
2782
2757
2754
2698
2683
2666
3299
3259
2942
3339
3304
3149
3142
3098
3022
2986
2929
2916
2908
2905
2890
2872
2786
2750
2746
2717
2676
2673
3332
3191
3274
3189
3076
2686
3267
3152
3116
3082
3049
2812
2661
2957
3275
3117
2996
2674
3391
3330
3252
3212
3038
2901
2753
3405
3398
3279
3086
3002
2984
2951
2859
2847
3083
3072
2983
3310
2949
3103
2426
2452
2551
2467
2363
2190
2030
2660
2640
2538
2364
2027
1976
1928
2334
2288
2648
2620
2365
1921
2517
2440
2406
2318
2036
1973
2317
1944
1930
1966
2524
3353
3240
2793
2748
3067
2937
2797
2733
3378
3172
2989
2783
3077
2836
2808
2790
2903
2270
2599
2586
2579
2578
2575
2542
2492
2464
2392
2386
2306
2136
2090
2059
1983
1918
2478
2331
2242
2466
2170
1988
2572
2233
1969
2226
2177
2029
2630
2624
2590
2573
2564
2559
2549
2506
2489
2484
2482
2476
2454
2446
2433
2430
2423
2418
2410
2391
2387
2381
2376
2370
2353
2348
2303
2240
2229
2201
2184
2179
2164
2139
2124
2122
2084
2083
2058
2043
2033
2005
1997
1962
1942
1925
2531
2413
2312
1913
2557
1982
2310
2163
1972
2400
2116
1954
2438
2432
2462
2324
2154
2040
2075
2594
2580
2566
2474
2468
2411
2403
2397
2305
2286
2272
2214
2209
2186
2085
1987
1975
1964
1936
1923
2609
2519
2295
2604
2449
2429
2428
2409
2379
2218
2211
2147
2434
2396
2235
1994
2592
2582
2571
2472
2465
2451
2417
2280
2273
2224
2032
2002
1941
1939
1854
1383
3298
3272
3157
2772
2688
3335
3411
3320
3292
3039
2875
2955
3265
945
1731
3406
3233
3168
3100
3001
2724
1664
1262
914
1776
3290
2740
2704
611
684
622
575
682
453
498
530
343
342
341
340
338
337
336
335
334
331
330
329
328
326
322
321
320
319
318
317
316
314
313
312
310
309
303
302
301
298
296
291
289
288
287
285
283
281
276
274
271
270
269
268
266
265
264
263
261
260
259
258
257
255
254
251
250
248
247
243
240
239
234
233
232
227
220
214
210
209
208
206
204
203
197
196
194
193
192
186
185
184
183
182
181
176
175
174
172
170
169
168
167
165
164
163
162
160
159
155
153
150
147
145
140
139
137
135
134
132
131
130
129
128
124
121
120
119
118
116
115
113
112
110
109
108
105
103
99
97
96
94
93
92
89
87
86
82
80
74
73
70
67
66
65
64
63
61
59
56
55
53
50
49
47
46
45
44
42
41
40
38
36
35
32
30
29
28
27
26
25
24
23
21
20
19
15
13
10
8
6
5
4
3
1
603
605
666
625
626
619
2659
2658
2657
2655
2654
2652
2650
2646
2645
2644
2641
2639
2638
2637
2636
2635
2631
2628
2627
2626
2625
2623
2622
2621
2619
2618
2616
2615
2611
2610
2607
2606
2605
2603
2602
2600
2596
2595
2593
2591
2589
2588
2585
2584
2581
2576
2574
2570
2569
2568
2563
2561
2560
2558
2556
2554
2553
2552
2550
2548
2546
2544
2539
2537
2536
2534
2529
2526
2525
2523
2522
2521
2520
2518
2515
2514
2513
2507
2505
2503
2500
2499
2497
2495
2494
2493
2486
2485
2480
2479
2473
2470
2469
2460
2459
2453
2450
2448
2444
2443
2439
2431
2427
2422
2421
2416
2415
2414
2408
2407
2402
2401
2398
2395
2393
2390
2382
2380
2375
2374
2373
2371
2369
2367
2366
2362
2361
2360
2359
2358
2357
2356
2355
2354
2352
2351
2350
2349
2345
2344
2342
2341
2340
2339
2335
2329
2326
2323
2322
2321
2316
2314
2313
2309
2304
2301
2300
2299
2298
2296
2294
2290
2287
2284
2281
2278
2277
2276
2275
2274
2271
2262
2261
2259
2258
2257
2253
2252
2251
2249
2248
2245
2244
2243
2237
2236
2234
2232
2231
2230
2228
2227
2222
2221
2220
2219
2217
2216
2213
2212
2210
2208
2206
2202
2200
2193
2192
2188
2182
2178
2175
2172
2171
2169
2167
2165
2162
2161
2159
2158
2157
2150
2145
2142
2141
2140
2131
2129
2126
2123
2121
2120
2118
2114
2113
2112
2110
2109
2108
2106
2104
2103
2099
2098
2096
2095
2093
2092
2091
2088
2082
2080
2078
2077
2076
2074
2073
2070
2069
2066
2064
2063
2061
2060
2057
2056
2055
2050
2048
2046
2045
2039
2038
2037
2035
2034
2026
2025
2024
2023
2022
2020
2018
2017
2014
2013
2012
2009
2008
2006
2004
2003
2001
1995
1993
1991
1990
1989
1985
1984
1981
1980
1979
1978
1974
1971
1970
1965
1961
1958
1956
1953
1952
1951
1950
1949
1943
1938
1935
1933
1929
1927
1924
1922
1919
1917
1915
1914
1657
1200
647
198
380
1353
552
384
429
681
672
670
668
665
664
659
658
656
650
638
636
632
628
621
618
608
607
599
598
592
588
583
582
573
173
437
509
551
574
349
685
657
631
617
597
579
620
372
541
396
470
610
521
519
504
680
1838
3420
1521
1546
1552
1887
1510
1162
2825
2555
2463
2394
2330
2325
2289
2267
2254
2223
2185
2176
2155
2153
2151
2144
2072
2031
2010
1955
1947
1926
136
1414
3436
3435
3434
3432
3431
3430
3429
3427
3423
3421
3419
3417
3416
3415
3414
3412
3408
3404
3403
3402
3400
3397
3396
3395
3394
3389
3388
3385
3384
3381
3380
3377
3376
3375
3374
3373
3372
3369
3368
3366
3364
3363
3362
3360
3358
3357
3354
3352
3350
3349
3348
3347
3346
3345
3344
3343
3342
3341
3340
3337
3333
3331
3329
3327
3326
3324
3322
3321
3319
3318
3314
3312
3311
3309
3307
3306
3305
3303
3302
3301
3300
3297
3295
3294
3291
3288
3287
3285
3284
3282
3280
3277
3276
3271
3266
3262
3261
3260
3257
3254
3253
3250
3248
3247
3246
3244
3243
3242
3239
3238
3237
3235
3232
3231
3230
3229
3226
3225
3224
3223
3222
3221
3219
3217
3214
3213
3209
3207
3204
3203
3202
3201
3198
3196
3194
3193
3188
3185
3184
3182
3181
3180
3179
3177
3176
3175
3173
3171
3170
3169
3167
3163
3162
3160
3158
3154
3151
3150
3147
3146
3145
3144
3143
3141
3138
3136
3135
3133
3132
3131
3130
3128
3127
3126
3125
3122
3118
3115
3113
3110
3109
3108
3107
3106
3105
3104
3102
3101
3099
3096
3094
3093
3090
3089
3087
3078
3075
3073
3070
3069
3068
3065
3063
3062
3060
3058
3055
3054
3053
3051
3050
3048
3046
3044
3043
3040
3037
3036
3035
3034
3033
3032
3030
3027
3025
3024
3021
3020
3019
3018
3017
3016
3015
3014
3013
3012
3011
3009
3007
3006
3004
2995
2992
2991
2990
2987
2982
2981
2980
2979
2978
2975
2974
2971
2970
2969
2965
2964
2963
2961
2960
2959
2958
2956
2954
2950
2946
2940
2939
2936
2935
2934
2933
2932
2930
2928
2927
2926
2925
2923
2922
2920
2919
2917
2915
2914
2912
2911
2910
2909
2904
2900
2897
2896
2895
2894
2892
2889
2888
2886
2885
2884
2882
2881
2880
2879
2878
2877
2871
2870
2868
2867
2865
2864
2863
2862
2861
2860
2858
2857
2856
2855
2854
2853
2852
2851
2850
2849
2848
2845
2844
2843
2840
2839
2837
2835
2833
2830
2829
2828
2827
2824
2823
2822
2820
2819
2818
2817
2816
2813
2811
2810
2809
2806
2805
2802
2801
2799
2796
2795
2791
2789
2787
2784
2781
2780
2779
2778
2777
2776
2775
2774
2773
2770
2768
2767
2765
2762
2761
2756
2755
2752
2751
2749
2747
2745
2742
2739
2738
2737
2735
2731
2730
2729
2727
2722
2721
2720
2719
2718
2716
2713
2711
2708
2706
2705
2701
2699
2697
2696
2695
2694
2691
2687
2685
2684
2680
2679
2675
2672
2670
2669
2665
2664
1670
3289
3258
3186
3111
2869
2707
1792
3164
3097
3361
3355
3263
2999
2938
2764
2693
2677
985
1027
1477
2653
2617
2598
2533
2512
2511
2510
2502
2498
2491
2475
2471
2461
2458
2445
2436
2420
2419
2389
2385
2384
2377
2368
2347
2343
2336
2333
2327
2292
2279
2268
2246
2241
2239
2215
2203
2191
2189
2183
2174
2149
2148
2143
2138
2137
2135
2133
2127
2117
2101
2087
2071
2062
2054
2052
2042
1948
1940
1932
1920
1916
1093
3409
3386
3205
3165
3079
2976
2968
2826
2760
2734
2725
1150
2649
2643
2642
2629
2608
2597
2567
2547
2543
2530
2516
2509
2508
2501
2496
2399
2372
2338
2332
2328
2319
2315
2302
2293
2285
2283
2282
2266
2264
2250
2247
2199
2198
2196
2194
2187
2180
2134
2132
2128
2125
2111
2102
2081
2068
2065
2053
2047
2028
2007
1959
1945
1033
1486
1892
1599
1749
923
1147
951
1883
986
1196
1167
1817
987
1062
1492
1103
1797
1372
1268
1091
1389
943
1618
1090
940
1909
1702
1836
1493
958
1711
1321
1723
1728
1356
1193
1556
1164
1198
1587
1805
1905
1822
1572
1586
1194
1884
1869
949
1296
1170
1286
1160
1133
1848
1653
1480
1437
1398
1181
1499
1129
1713
1131
1072
1392
1015
1089
1851
1339
1208
1860
1458
1180
1173
1171
1886
1734
1484
1470
1117
953
1034
922
897
3328
3278
3245
3057
3005
2941
2883
2678
1534
1450
973
1221
959
1134
1359
1429
1241
1868
1826
1821
1380
1361
1672
1667
1624
1415
1259
1234
1327
1197
1793
1619
1527
1447
1336
1083
1068
1218
1177
979
1495
941
1054
1773
1832
1598
1562
1516
1132
999
1756
1469
965
1837
1424
1106
1714
1559
1794
1649
1775
1517
1483
1211
997
1566
1064
939
1701
1831
1603
1405
967
1782
1722
1608
1906
1830
1304
1260
1258
1236
1127
1010
1842
1833
1753
1639
1390
1291
1230
1195
1128
920
1899
1876
1770
1742
1481
1314
1303
1275
1225
1121
1057
1018
942
1900
1849
1835
1809
1712
1685
1668
1643
1617
1580
1524
1509
1402
1335
1330
1293
1289
1288
1280
1271
1269
1267
1191
1125
1092
1063
1040
1028
1026
1006
1004
946
1602
1294
1818
1807
1675
1620
1575
1497
1444
1247
1183
1052
912
1788
1384
955
1845
980
1737
1652
1623
1547
1375
1278
1243
1126
1059
925
1263
171
1787
1747
1629
1371
1232
1137
1097
963
901
1611
1379
1347
1279
