0
4019
287
613
797
4022
1096
3798
3230
911
607
1386
1206
3746
3744
447
4006
468
3955
2817
120
3003
3897
145
2814
2792
74
4012
2740
2885
216
210
270
3846
4001
2421
904
3984
35
4032
2483
3748
1924
3006
2527
1027
581
3856
918
1466
321
43
891
899
3875
166
2842
3650
42
585
70
1430
1252
4024
286
2569
160
234
2857
1937
52
2596
4028
152
692
209
4029
3987
3037
2691
3147
3127
3074
3055
453
3717
884
895
879
894
893
888
852
885
877
874
721
704
886
889
876
761
699
812
791
691
807
796
851
743
811
767
749
779
763
854
846
756
786
826
711
799
705
855
806
771
732
707
689
850
816
746
736
869
789
821
778
890
887
882
881
878
875
873
872
871
870
867
866
864
863
861
858
798
776
729
848
844
835
780
709
845
774
777
760
751
700
687
720
820
842
836
814
784
762
726
694
808
745
840
837
804
765
764
753
752
716
688
880
856
827
739
728
853
849
847
843
841
839
838
834
833
832
831
830
829
828
825
824
823
822
819
818
815
813
810
805
803
802
801
800
795
794
792
790
788
785
782
775
773
772
770
769
768
766
759
757
755
754
750
748
744
742
741
740
738
737
735
734
733
731
730
727
725
724
723
722
719
718
717
715
714
713
712
710
708
706
702
701
698
697
696
695
693
690
817
793
787
783
781
758
747
703
686
809
859
3983
4005
3999
4000
4037
4026
3988
3986
4018
3985
4023
4020
4004
4002
4036
4035
4034
4030
4025
4021
4017
4015
4009
4008
4007
4003
3998
3997
3996
3995
3994
3993
3992
3990
3982
3981
594
4027
4014
4031
3980
4038
4011
3991
3989
4013
4033
4016
4010
3652
3477
3699
3537
3922
3887
3665
3686
3893
3607
3644
3447
892
3953
411
2808
3637
3770
3970
3688
3513
3502
3552
3859
3848
3603
3946
3890
3885
3616
3439
3807
3751
3660
3444
3574
3910
3864
3664
3836
3476
3882
3768
3541
3960
3783
3720
3523
3638
3617
3500
3778
3871
3594
3659
3745
3536
3880
3847
3589
3791
3478
3965
3899
3579
3973
3917
3912
3868
3743
3725
3595
3473
3515
3719
3695
3827
3747
3949
3894
3811
3679
3891
3904
3895
3583
3931
3925
3614
3459
3543
3921
3840
3740
3608
3919
3581
3481
3479
3730
3670
3518
3714
3569
3896
3786
3646
3584
3534
3511
3867
3728
3636
3615
3599
3455
3527
3969
3792
3648
3558
3458
3905
3771
3531
3926
3845
3707
3658
3627
3557
3452
3976
3909
3869
3711
3706
3754
3499
3852
3967
3850
3698
3685
3508
3505
3482
3442
3972
3927
3622
3524
3881
3821
3784
3975
3918
3837
3774
3757
3708
3519
3956
3945
3777
3668
3612
3602
3554
3510
3794
3593
3555
3790
3814
3662
3580
3819
3538
3829
3738
3630
3460
3860
3804
3611
3712
865
3723
3775
499
467
371
454
351
498
364
401
2245
2565
429
2824
2975
3121
2922
3425
3401
2952
2736
3050
3197
2971
2790
552
476
1627
3432
1476
1394
2305
1657
910
3760
3736
3902
3605
3559
3462
3689
3618
3563
3520
3492
3484
3656
3522
3504
3496
3480
3851
3756
3692
3604
3968
3672
3841
3830
3556
3471
3908
3667
3625
3548
3525
3461
3824
3734
3703
3697
3693
3687
3501
3449
3438
3979
3978
3977
3974
3971
3966
3964
3963
3961
3958
3957
3954
3952
3951
3950
3947
3944
3941
3940
3939
3938
3937
3936
3935
3934
3933
3932
3930
3929
3928
3924
3920
3916
3915
3914
3913
3911
3907
3906
3903
3901
3900
3898
3892
3889
3888
3886
3884
3883
3879
3878
3876
3874
3873
3870
3866
3865
3863
3862
3861
3858
3857
3855
3854
3849
3844
3843
3842
3839
3838
3835
3834
3833
3832
3831
3828
3826
3825
3823
3822
3820
3818
3817
3816
3815
3813
3812
3810
3809
3806
3805
3803
3802
3801
3800
3799
3796
3795
3793
3789
3788
3787
3785
3782
3781
3780
3776
3773
3772
3769
3767
3766
3764
3763
3762
3761
3759
3758
3755
3753
3752
3749
3742
3741
3739
3737
3735
3733
3732
3731
3729
3727
3726
3724
3722
3718
3715
3713
3710
3709
3705
3702
3701
3700
3696
3694
3691
3690
3683
3682
3681
3680
3678
3675
3674
3673
3671
3669
3666
3663
3661
3657
3655
3654
3653
3649
3647
3645
3643
3642
3641
3640
3639
3635
3634
3632
3631
3629
3628
3626
3624
3623
3620
3619
3613
3610
3606
3601
3600
3598
3597
3596
3592
3591
3590
3588
3587
3585
3578
3576
3573
3572
3571
3568
3567
3566
3564
3562
3561
3560
3553
3551
3549
3547
3546
3545
3544
3542
3539
3535
3533
3532
3530
3529
3528
3526
3521
3516
3514
3512
3509
3507
3506
3503
3498
3497
3494
3493
3491
3490
3489
3488
3486
3485
3483
3475
3474
3472
3470
3469
3468
3466
3465
3464
3463
3457
3450
3448
3446
3445
3443
3440
1203
3797
3779
3633
3621
3609
3586
3517
868
857
1326
1713
3161
1162
457
380
1417
928
1856
1696
3487
3454
477
532
1103
1022
590
648
623
662
576
615
619
681
627
684
626
598
677
625
611
660
618
665
582
675
661
659
664
612
685
605
588
579
680
631
448
568
354
1154
673
478
547
531
403
361
519
437
372
505
381
357
666
1506
630
656
620
355
405
362
510
569
469
683
609
565
529
528
418
368
556
512
488
445
572
571
564
562
557
554
551
541
536
535
533
530
522
518
509
502
495
490
486
474
473
472
470
466
452
443
440
426
424
406
399
393
387
386
382
375
365
360
358
356
349
2249
2535
2255
2548
2130
2106
2641
2168
2170
1974
2166
1934
2650
2544
1933
2441
2051
1956
2545
2160
2360
2162
2089
2263
2075
2432
2310
2304
2094
2474
2424
1949
2362
2066
2628
2412
2373
2181
2400
2312
2371
2120
2136
2568
2438
2243
2217
2113
2581
2523
2048
2236
2479
2161
2096
2003
1970
1939
2599
2091
2014
2572
1987
2311
2477
2034
2397
2366
2082
2469
2517
2209
2036
2608
2053
2584
2476
2151
2114
2387
2234
2147
1981
1942
2017
2117
2210
2164
2300
2490
2466
2443
2426
2399
2320
2076
1992
2532
2499
2462
1946
2345
2049
2265
2256
2012
2534
2503
2411
2228
2175
2126
1990
1965
1960
1930
1928
2531
2611
2579
2391
2140
1986
1929
2301
2097
1968
1950
2407
2329
2278
2122
2078
2111
2062
2202
2540
2480
2416
2270
1964
2597
2556
2518
2379
2323
2280
2253
2208
2191
2123
2040
2021
1985
1959
2351
1948
2601
2591
2575
2539
2500
2464
2449
2418
2374
2370
2369
2359
2348
2307
2306
2276
2237
2229
2212
2190
2184
2103
2064
2063
2037
1966
2644
2497
2286
2173
2023
2435
2006
2000
1931
1914
2655
2604
2573
2521
2492
2324
2299
2271
2206
2201
2172
2058
1979
2259
2207
2637
2272
2163
2029
2659
2658
2639
2633
2459
2159
2022
2013
2009
1935
2648
2640
2620
2585
2365
2364
2341
2192
2025
1980
2654
2615
2607
2586
2564
2563
2559
2552
2546
2507
2504
2495
2467
2460
2433
2404
2353
2339
2308
2287
2275
2266
2257
2244
2218
2213
2154
2139
2115
2093
2090
2088
2084
2083
2046
2045
2030
2026
2020
1983
1971
1963
1943
1917
2455
2156
2107
1922
2116
2609
2516
2509
2468
2385
2355
2273
2215
2047
1932
1967
543
534
516
508
504
485
459
455
451
449
442
435
433
425
421
415
407
397
369
350
3376
2893
3251
3217
3130
3159
2722
3092
2820
2900
3216
3156
3143
2899
2671
3042
3333
3030
3367
2774
3218
2963
2727
3028
3190
3163
3314
3374
3157
2721
2697
2733
2987
2686
3343
2983
2935
3338
2734
2852
2746
3088
3181
3131
2753
2718
3358
3229
3155
2897
3336
3322
3128
3126
3066
2949
3202
2850
2848
2907
3337
3299
2739
3359
2990
2696
3402
2747
3270
3034
2980
2831
3354
3141
2771
2759
2978
2789
3144
3424
2898
2832
3170
3413
3135
2766
2731
3393
3249
2791
3331
3428
3400
3394
3231
2769
2805
2695
3138
3212
2981
3383
3010
2939
2869
3069
3306
3225
3185
3039
2884
3273
2684
3328
3093
3151
3072
3220
2967
2891
3327
3414
3303
3307
3196
3167
3399
3166
3204
2974
3149
3073
2940
2710
2706
2843
3416
3260
3199
3152
3315
3243
3418
3140
2930
3369
3365
3312
3264
3256
3219
3214
3032
2999
2918
2801
2675
3241
3171
2713
3045
2663
3308
3086
2947
2934
2830
2836
2715
3160
3089
3009
2932
3422
3281
3079
2840
2796
3406
3287
3191
3109
3107
3106
3041
3015
2992
2973
2936
2853
2846
2687
2662
3415
3077
2665
2896
3275
2748
2668
3253
2709
3008
3417
3234
3119
3047
2906
3250
3078
3023
2946
2928
2925
2915
2815
2787
2680
2903
2688
3395
3342
3242
2882
2844
2803
3279
3061
3426
3286
3232
3158
3104
3029
2977
2837
2810
2809
2794
2773
2754
2743
2729
2676
3019
2737
2692
3293
3228
3085
2945
2931
2929
2756
2738
3103
3434
3347
3316
3291
3192
3120
2770
3324
3052
2948
2839
3350
3332
3076
2823
2701
3423
3283
2982
2959
2703
3362
3284
3274
3226
3184
3174
3098
3084
3065
3064
3056
3054
3004
3000
2966
2960
2927
2919
2909
2905
2872
2867
2800
2757
2745
2689
2679
2666
2664
2856
2784
3353
3335
3320
3252
3239
3224
3198
3172
3154
3146
3132
3101
3070
3007
2991
2970
2937
2914
2894
2833
2785
2780
2765
2708
1461
3420
3178
2813
195
384
1387
501
441
293
174
112
2660
2647
2589
2571
2502
2472
2461
2451
2447
2384
2279
2223
2004
1955
1521
1395
1383
1157
1295
1651
3385
3057
2512
2511
2510
2508
2498
2463
2343
2319
2264
2250
2246
2198
2174
2169
2149
2081
2052
2032
1954
1947
1926
1916
1697
1150
1240
935
3111
3100
2707
3165
3097
2883
3263
3201
2764
1440
1756
1057
1814
1731
1263
1007
3258
3205
3062
2725
996
1174
1372
1356
1152
2643
2642
2598
2543
2542
2533
2501
2491
2420
2333
2332
2315
2285
2247
2203
2196
2194
2187
2135
2132
2128
2125
2068
2065
2054
2042
1945
1920
1013
1817
1654
1443
3278
1822
1564
1808
912
3168
3162
2892
1883
1579
1353
968
1265
1241
1050
1738
1869
1308
1143
1051
1385
1498
1437
1403
1314
1186
992
1489
1797
1788
1196
1594
1046
1244
998
1297
1151
1077
943
1481
907
1524
1130
1068
982
1723
1464
1784
1744
1798
1484
1030
1711
1321
1056
1147
1841
1874
1592
1350
1279
1229
1719
1567
1534
1187
1733
1424
958
938
1397
1646
1667
3962
3948
3943
3877
3872
3750
3721
3684
3677
3651
3577
3550
3540
3495
3456
3437
1803
1705
1588
1421
1328
862
1107
995
1183
1159
924
1497
1202
1094
1676
1144
1062
1188
1042
1572
1416
1317
1330
1239
1368
1043
909
1748
1457
1832
1727
1299
1296
1035
970
1753
1868
1501
1442
1289
1125
1806
1661
1115
1019
1315
1815
1482
1249
1131
944
1900
1898
1810
1619
1488
1351
1335
1271
1213
1707
1344
1208
1105
1725
985
1772
1605
1580
1517
1409
1160
960
953
1569
1525
1492
1258
1217
1864
1613
1535
1471
1076
1561
1034
3248
3245
3164
2968
2941
2822
2760
973
1044
1582
1245
1862
1857
1298
1813
1761
1685
1644
978
932
1177
1138
1338
1306
1072
1655
1426
1060
988
1228
1127
1010
1649
1158
1081
1500
1304
1275
1664
1311
1278
1802
1747
1452
1378
1319
901
1910
1809
1519
1483
1402
1359
1285
983
972
1859
1583
1576
1550
1438
1345
1292
1257
1170
1036
902
1781
1227
896
1161
1410
1770
1630
1259
389
1799
1272
1211
1156
1135
1028
1017
999
1888
1886
1833
1819
1804
1752
1721
1712
1668
1637
1632
1617
1614
1610
1532
1491
1377
1370
1365
1302
1238
1184
1172
1132
916
1899
1751
1503
1102
1894
1824
1704
1691
1611
1502
1412
1379
1472
1418
1139
1109
1829
1566
1749
1264
1736
1675
1621
1528
1460
1185
1182
1048
1663
1280
1191
961
1626
1305
1827
1793
1765
1757
1689
1669
1603
1540
1509
1404
1391
1341
1329
1312
1290
1269
1222
1164
1078
967
952
934
925
1792
1477
1447
1369
1636
1294
1818
1807
913
1537
1518
1433
1327
1325
1800
1771
1746
1737
1724
1623
1520
1407
1367
1256
1199
1175
1126
1059
1003
966
1224
1895
1837
1648
1548
1468
1371
1363
1333
1825
1615
1307
1732
1166
919
917
1861
1805
1791
1782
1769
1741
1530
1449
1376
1205
1123
1083
1058
1029
1709
1526
645
1830
1671
1479
1423
1332
1067
679
1645
629
1435
1128
567
497
439
373
367
1763
1400
1226
465
462
408
398
395
352
1870
1850
1828
1820
1812
1801
1786
1783
1773
1766
1729
1720
1706
1679
1565
1543
1454
1446
1406
1382
1373
1324
1313
1309
1303
1261
1237
1210
1204
1192
1113
1108
1099
1086
1025
1020
1014
1001
933
671
639
596
542
537
494
479
446
416
392
682
678
676
674
672
670
668
663
658
657
655
654
653
650
647
644
643
640
638
636
635
633
632
628
624
622
621
617
616
610
608
603
602
600
599
597
595
593
592
589
587
584
583
578
577
575
574
573
558
496
480
461
423
422
394
1777
669
652
646
634
614
604
591
586
570
546
545
544
523
520
511
507
491
489
460
458
456
450
438
434
420
417
413
410
396
391
390
359
1767
1694
1673
1658
1574
1349
1179
555
553
548
539
524
436
374
1844
1740
1514
1374
1358
561
527
526
525
521
517
506
500
493
484
481
475
463
444
419
402
385
378
370
1882
1881
1878
1778
1606
1529
1512
1427
1425
1080
1075
976
936
930
641
606
580
560
559
540
515
514
513
503
492
487
482
471
432
431
430
428
412
409
404
400
388
348
167
283
8
2657
2656
2653
2652
2651
2649
2646
2645
2638
2636
2635
2634
2632
2631
2630
2629
2627
2626
2625
2624
2623
2622
2621
2619
2618
2617
2616
2614
2613
2612
2610
2606
2605
2603
2602
2600
2595
2594
2593
2592
2590
2588
2587
2583
2582
2580
2578
2577
2576
2574
2570
2567
2566
2562
2561
2560
2558
2557
2555
2554
2553
2551
2550
2549
2547
2541
2538
2537
2536
2530
2529
2528
2526
2525
2524
2522
2520
2519
2515
2514
2513
2506
2505
2496
2494
2493
2489
2488
2487
2486
2485
2484
2482
2481
2478
2475
2473
2471
2465
2458
2457
2456
2454
2453
2452
2450
2448
2446
2445
2444
2442
2440
2439
2437
2436
2434
2431
2430
2429
2428
2427
2425
2423
2422
2419
2417
2415
2414
2413
2410
2409
2408
2406
2405
2403
2402
2401
2398
2396
2395
2394
2393
2392
2390
2389
2388
2386
2383
2382
2381
2380
2378
2377
2376
2375
2372
2368
2367
2363
2361
2358
2357
2356
2354
2352
2350
2349
2347
2346
2344
2342
2340
2338
2337
2336
2335
2334
2331
2330
2328
2327
2326
2325
2322
2321
2318
2317
2316
2314
2313
2309
2303
2302
2298
2297
2296
2295
2294
