0
4035
52
3589
11
607
1466
447
335
3451
744
796
859
864
710
887
877
735
882
784
742
843
693
855
854
853
852
851
850
849
848
847
846
845
844
842
841
839
838
837
836
835
834
833
832
831
829
827
826
824
822
821
820
818
817
816
815
814
813
812
809
808
807
806
802
801
799
797
795
794
793
792
791
790
789
788
787
786
785
783
782
781
780
779
778
777
775
773
771
770
768
767
766
765
764
763
762
761
760
759
758
757
756
755
754
752
751
750
749
748
746
743
741
740
739
738
737
736
734
733
732
731
730
728
727
726
725
724
723
722
721
720
718
717
716
715
714
712
711
709
707
706
705
704
702
701
700
699
696
695
694
692
691
690
689
688
687
4029
4000
4018
90
3976
3920
3747
3567
3866
3836
3668
3714
3555
3915
3763
3758
3900
3743
3634
3907
3728
3722
3710
3629
3526
895
894
893
892
891
890
889
888
886
885
884
883
881
880
879
878
876
875
874
873
872
871
870
869
867
866
863
861
858
856
840
830
828
825
823
819
811
810
805
804
803
800
798
776
774
772
769
753
747
745
729
719
713
708
703
697
686
2204
2580
2439
2227
2238
2450
2034
2565
1996
2070
2301
2015
1934
2016
2412
2251
4027
4020
3991
4038
4037
4036
4034
4033
4032
4030
4028
4026
4025
4024
4023
4022
4021
4019
4017
4016
4015
4014
4013
4012
4010
4009
4008
4007
4005
4004
4003
4002
4001
3999
3998
3997
3996
3995
3994
3993
3992
3990
3989
3988
3987
3986
3985
3984
3983
3982
3981
2855
3180
2930
2732
3121
3058
3286
2837
2809
3238
3135
2944
2706
3228
2943
3305
3387
2931
2906
2698
3229
2888
2000
1999
1968
1927
3424
3383
3274
3276
3012
2808
2182
2258
1963
2170
2136
2260
2427
2391
2386
2374
2216
2112
2287
2480
2400
2641
2296
2209
2449
2572
2524
2611
2602
2600
2590
2429
2348
2309
2103
2046
2005
1993
3208
3421
3260
2916
2746
3255
2775
3267
3152
3049
3035
2980
2937
2753
3919
3695
3658
3565
3795
3930
3788
3929
3796
3625
3514
3842
868
865
2865
3341
3279
3018
3221
2735
220
86
179
2660
2640
1972
336
5
204
23
73
111
28
309
135
83
178
338
106
302
185
121
104
17
82
56
110
339
283
142
25
9
333
326
226
115
20
3566
3979
3978
3977
3975
3974
3973
3972
3971
3970
3969
3968
3967
3966
3965
3964
3963
3960
3959
3958
3957
3956
3955
3954
3953
3952
3951
3950
3949
3947
3946
3945
3944
3942
3941
3940
3939
3938
3937
3936
3934
3933
3932
3931
3928
3927
3926
3925
3924
3923
3922
3921
3918
3917
3916
3914
3913
3912
3911
3910
3909
3908
3906
3905
3904
3903
3902
3901
3899
3898
3897
3896
3895
3894
3893
3892
3891
3890
3889
3888
3887
3885
3884
3883
3882
3881
3880
3879
3878
3876
3875
3874
3873
3871
3870
3869
3868
3867
3865
3864
3863
3862
3860
3859
3858
3857
3856
3855
3854
3853
3852
3850
3849
3848
3847
3846
3845
3844
3843
3841
3840
3839
3838
3837
3835
3834
3833
3832
3831
3829
3828
3827
3826
3825
3824
3823
3822
3821
3820
3819
3818
3817
3816
3815
3814
3813
3812
3811
3810
3809
3808
3807
3806
3805
3804
3803
3802
3801
3800
3799
3798
3794
3793
3792
3791
3790
3789
3787
3786
3785
3784
3783
3782
3781
3780
3779
3778
3777
3776
3775
3774
3773
3772
3771
3770
3769
3768
3767
3766
3765
3764
3762
3761
3760
3759
3757
3755
3754
3753
3752
3751
3749
3748
3746
3745
3744
3742
3740
3739
3738
3737
3736
3735
3734
3733
3732
3731
3730
3729
3727
3726
3725
3724
3720
3719
3718
3717
3716
3715
3713
3712
3711
3709
3708
3707
3706
3705
3704
3703
3702
3701
3700
3699
3698
3697
3696
3694
3693
3691
3690
3689
3688
3687
3686
3685
3684
3683
3682
3681
3680
3679
3678
3676
3675
3673
3672
3671
3670
3669
3667
3666
3665
3664
3663
3662
3661
3660
3659
3657
3656
3655
3654
3653
3652
3650
3649
3648
3647
3646
3645
3644
3643
3642
3641
3640
3639
3638
3637
3636
3635
3632
3631
3630
3628
3627
3626
3624
3623
3622
3621
3620
3619
3618
3617
3616
3615
3614
3613
3612
3611
3610
3608
3607
3606
3605
3604
3603
3602
3601
3600
3599
3598
3597
3596
3595
3594
3593
3591
3590
3588
3587
3586
3585
3584
3583
3582
3581
3580
3579
3578
3576
3575
3574
3573
3572
3571
3570
3569
3568
3564
3563
3562
3560
3559
3558
3557
3554
3553
3552
3551
3549
3548
3547
3546
3545
3544
3543
3542
3541
3539
3538
3537
3536
3535
3534
3533
3532
3531
3530
3529
3528
3527
3524
3523
3522
3521
3520
3519
3518
3517
3516
3515
3513
3512
3511
3510
3509
3508
3507
3506
3505
3504
3503
3502
3500
3499
3498
3497
3496
3495
3494
3493
3492
3491
3490
3489
3488
3486
3485
3484
3483
3482
3481
3480
3479
3478
3477
3476
3475
3474
3473
3472
3471
3470
3469
3468
3467
3466
3465
3464
3463
3462
3461
3460
3459
3458
3457
3455
3453
3452
3450
3449
3448
3447
3446
3445
3444
3443
3442
3441
3439
3438
857
698
2659
2658
2657
2656
2655
2654
2652
2651
2650
2648
2647
2646
2645
2644
2639
2638
2637
2636
2635
2634
2633
2632
2631
2630
2628
2627
2626
2625
2624
2623
2622
2621
2620
2619
2618
2615
2614
2613
2612
2610
2607
2606
2604
2603
2601
2599
2596
2595
2593
2591
2587
2586
2585
2584
2583
2581
2579
2578
2577
2576
2575
2574
2573
2571
2570
2569
2568
2566
2564
2563
2562
2561
2560
2559
2558
2557
2556
2554
2553
2552
2551
2550
2549
2548
2546
2545
2541
2540
2539
2538
2537
2536
2535
2534
2532
2531
2528
2527
2526
2525
2523
2522
2521
2520
2518
2517
2515
2514
2513
2507
2506
2505
2504
2503
2500
2499
2497
2495
2494
2493
2492
2490
2489
2488
2487
2486
2485
2484
2483
2482
2481
2479
2478
2477
2476
2474
2473
2470
2469
2467
2466
2464
2462
2460
2459
2457
2456
2455
2454
2453
2452
2448
2447
2446
2444
2443
2442
2441
2440
2438
2437
2435
2434
2433
2432
2431
2430
2428
2426
2425
2424
2423
2422
2421
2418
2416
2415
2414
2411
2410
2409
2408
2407
2406
2405
2404
2403
2402
2401
2397
2396
2395
2393
2392
2390
2388
2387
2383
2382
2381
2380
2379
2378
2376
2375
2373
2371
2370
2369
2367
2366
2365
2364
2363
2362
2361
2360
2359
2358
2357
2356
2354
2353
2352
2350
2349
2346
2345
2342
2341
2340
2339
2337
2335
2334
2331
2329
2326
2324
2323
2322
2321
2320
2318
2317
2316
2314
2313
2312
2311
2310
2308
2307
2306
2305
2304
2303
2300
2299
2297
2291
2290
2288
2286
2284
2281
2280
2278
2277
2276
2275
2274
2272
2271
2270
2269
2265
2263
2262
2261
2259
2257
2256
2255
2253
2252
2249
2248
2245
2244
2243
2242
2240
2237
2236
2235
2234
2233
2232
2231
2230
2229
2228
2226
2225
2222
2221
2220
2219
2218
2217
2214
2213
2212
2211
2210
2208
2207
2206
2205
2202
2201
2200
2197
2195
2193
2192
2190
2188
2186
2184
2181
2179
2178
2177
2175
2173
2172
2171
2168
2167
2166
2165
2164
2163
2162
2161
2160
2159
2158
2157
2156
2154
2152
2150
2147
2146
2145
2142
2141
2140
2139
2131
2130
2129
2126
2124
2123
2122
2121
2120
2119
2118
2116
2115
2114
2113
2110
2109
2108
2107
2106
2105
2104
2100
2099
2098
2097
2096
2095
2094
2093
2092
2091
2090
2089
2088
2086
2085
2084
2083
2082
2080
2079
2078
2077
2076
2075
2074
2073
2069
2067
2066
2064
2063
2061
2060
2059
2058
2057
2056
2055
2051
2050
2049
2048
2045
2044
2043
2041
2040
2037
2036
2035
2033
2030
2029
2027
2025
2024
2023
2022
2021
2020
2019
2018
2017
2014
2013
2012
2011
2009
2008
2006
2004
2003
2001
1998
1997
1995
1992
1991
1990
1989
1988
1987
1986
1985
1984
1983
1982
1981
1980
1979
1978
1977
1976
1975
1974
1973
1971
1970
1969
1967
1966
1965
1964
1962
1961
1960
1958
1957
1956
1953
1952
1951
1950
1949
1946
1944
1943
1942
1939
1938
1937
1936
1935
1933
1931
1930
1929
1928
1925
1924
1923
1922
1921
1919
1918
1917
1915
1914
4031
4011
3980
660
659
583
180
2330
2325
2254
2185
2155
2144
2031
1955
1926
3436
3435
3434
3433
3432
3431
3430
3429
3428
3427
3426
3425
3423
3422
3419
3418
3417
3416
3415
3414
3413
3411
3408
3407
3405
3403
3402
3401
3400
3399
3398
3397
3396
3395
3394
3393
3392
3391
3390
3389
3388
3384
3382
3381
3380
3379
3378
3377
3376
3375
3374
3373
3372
3371
3370
3369
3368
3367
3365
3364
3363
3362
3360
3359
3358
3357
3356
3354
3353
3352
3351
3350
3349
3348
3347
3346
3345
3344
3343
3342
3340
3339
3338
3337
3336
3335
3334
3333
3332
3330
3329
3327
3326
3325
3324
3323
3322
3321
3320
3318
3317
3316
3315
3314
3313
3312
3311
3310
3309
3308
3307
3306
3303
3302
3301
3300
3299
3298
3297
3296
3294
3293
3292
3291
3288
3287
3285
3284
3283
3282
3281
3280
3277
3275
3273
3272
3271
3270
3269
3268
3266
3265
3264
3262
3261
3259
3257
3256
3254
3253
3252
3251
3250
3249
3247
3246
3244
3243
3242
3241
3240
3239
3237
3236
3235
3234
3232
3231
3227
3226
3225
3224
3223
3220
3219
3218
3217
3216
3215
3214
3213
3212
3211
3210
3209
3207
3206
3204
3203
3202
3200
3199
3198
3197
3196
3195
3194
3193
3192
3191
3190
3189
3188
3187
3186
3185
3184
3183
3182
3181
3177
3176
3175
3174
3172
3171
3170
3169
3167
3166
3163
3161
3160
3159
3158
3157
3156
3155
3154
3153
3151
3150
3149
3148
3147
3146
3145
3144
3143
3142
3141
3140
3139
3138
3137
3134
3133
3132
3131
3130
3129
3128
3127
3126
3125
3124
3123
3122
3120
3119
3118
3117
3116
3115
3114
3113
3112
3110
3109
3108
3107
3106
3105
3104
3103
3102
3099
3098
3096
3095
3094
3093
3092
3091
3090
3089
3088
3087
3086
3085
3084
3083
3082
3081
3080
3078
3077
3076
3075
3074
3073
3072
3071
3070
3069
3068
3067
3066
3065
3064
3063
3061
3060
3059
3056
3055
3054
3053
3052
3051
3050
3048
3047
3046
3045
3044
3043
3042
3041
3040
3039
3038
3037
3036
3033
3032
3031
3030
3029
3028
3027
3026
3025
3024
3023
3022
3021
3017
3016
3015
3014
3013
3010
3009
3008
3007
3006
3004
3002
3000
2998
2997
2996
2995
2994
2993
2992
2991
2990
2989
2988
2987
2986
2985
2984
2983
2982
2981
2978
2977
2975
2974
2973
2972
2971
2970
2969
2967
2966
2965
2963
2961
2960
2959
2958
2957
2956
2955
2954
2953
2952
2951
2950
2949
2948
2947
2946
2945
2942
2940
2939
2936
2935
2934
2933
2932
2929
2928
2927
2926
2925
2924
2923
2922
2921
2920
2919
2918
2917
2915
2914
2913
2912
2911
2910
2909
2908
2907
2905
2904
2902
2901
2900
2899
2898
2897
2896
2895
2894
2893
2891
2890
2889
2887
2886
2884
2882
2881
2880
2879
2878
2877
2876
2875
2874
2873
2872
2871
2870
2868
2867
2866
2864
2863
2862
2861
2860
2859
2858
2857
2856
2854
2853
2852
2851
2850
2849
2848
2847
2846
2845
2844
2843
2842
2841
2840
2839
2836
2835
2834
2833
2832
2831
2830
2829
2828
2827
2825
2824
2823
2821
2820
2819
2818
2817
2816
2815
2812
2811
2810
2807
2806
2805
2804
2803
2802
2801
2800
2799
2798
2797
2796
2795
2794
2793
2792
2791
2790
2789
2788
2787
2786
2785
2784
2783
2782
2781
2780
2779
2778
2777
2776
2774
2773
2772
2771
2770
2769
2768
2767
2766
2765
2763
2762
2761
2759
2758
2757
2756
2755
2754
2751
2750
2749
2748
2747
2745
2744
2743
2742
2741
2740
2739
2738
2737
2736
2733
2731
2730
2729
2728
2727
2726
2724
2723
2722
2721
2720
2719
2718
2717
2716
2715
2714
2713
2712
2711
2710
2709
2708
2705
2703
2702
2701
2700
2699
2697
2696
2695
2694
2692
2691
2690
2689
2688
2687
2686
2685
2684
2683
2682
2681
2680
2679
2676
2675
2674
2673
2672
2671
2670
2669
2668
2667
2666
2665
2664
2663
2662
2661
860
3258
3111
2707
3097
3355
3319
3201
2999
2938
2903
2764
2677
2653
2617
2616
2609
2605
2594
2589
2588
2582
2544
2529
2519
2511
2510
2502
2498
2475
2472
2471
2468
2465
2463
2461
2451
2445
2436
2419
2417
2413
2394
2389
2377
2355
2344
2343
2298
2295
2294
2273
2268
2246
2241
2224
2215
2196
2189
2176
2174
2151
2143
2137
2134
2133
2127
2101
2072
2071
2062
2052
2039
2038
2026
2010
2002
1994
1954
1947
1940
1932
1916
1913
3385
3248
3101
2979
2693
3409
3386
3205
3165
3079
3062
3020
3005
2964
2826
2734
2725
2649
2643
2642
2629
2608
2598
2597
2592
2567
2555
2547
2543
2542
2533
2530
2516
2512
2509
2508
2501
2496
2491
2458
2420
2399
2398
2385
2384
2372
2368
2351
2347
2338
2336
2333
2332
2328
2327
2319
2315
2302
2293
2292
2289
2285
2283
2282
2279
2267
2266
2264
2250
2247
2239
2223
2203
2199
2198
2194
2191
2187
2183
2180
2169
2153
2149
2148
2138
2135
2132
2128
2125
2117
2111
2102
2087
2081
2068
2065
2054
2053
2047
2042
2032
2028
2007
1959
1948
1945
1941
1920
3289
3179
3011
2976
3420
