0
850
4030
3037
81
2884
90
1890
692
2860
707
3983
4022
15
230
2178
110
870
1206
1276
3854
1581
3217
2470
656
120
1119
1560
877
237
3560
3436
71
2217
788
3816
882
875
893
864
704
1105
1002
316
2691
4033
4036
4020
4025
4024
4011
4005
4003
1640
3984
3717
379
3650
1657
256
3724
3959
2442
3227
18
3746
3807
1693
2885
3709
49
292
550
43
1224
351
3121
114
74
2752
207
1546
358
4034
4029
1233
154
2483
3134
273
70
608
3974
3935
2569
244
3699
1474
642
3453
3600
3942
2517
3978
3516
841
699
480
2814
2382
3689
3504
2481
406
884
3848
602
1034
3045
499
3939
3570
229
228
3820
2505
1486
1151
2452
3181
832
2375
2791
3716
485
2804
3592
3165
3091
945
1594
255
1087
447
2301
1838
1031
3489
3805
371
356
522
3941
1731
2269
2704
2767
2076
3827
2922
860
3444
1961
202
1558
3308
3520
411
1133
1065
613
895
11
453
3427
243
3772
2541
1301
3334
1586
3666
3156
3846
2457
2747
386
2971
3372
3890
27
3031
1708
3370
3305
2903
2596
97
3875
2926
1696
3582
899
429
472
2281
2245
2952
3925
3551
3723
2066
581
1840
2808
904
910
3744
4000
1208
3694
3691
885
887
867
247
858
879
264
259
245
201
8
2034
2321
785
872
886
776
798
794
821
806
746
799
777
742
733
846
874
873
869
865
861
729
778
740
696
889
888
878
876
863
811
755
762
717
744
709
812
693
753
792
735
822
689
813
786
743
736
712
691
772
738
834
795
700
836
844
839
818
771
814
732
833
767
845
748
730
716
840
723
688
880
739
770
828
826
752
734
713
815
804
793
783
780
769
765
829
768
711
694
842
774
760
727
708
706
698
695
853
835
831
824
810
787
781
763
754
731
724
718
697
856
817
809
805
728
855
852
851
848
847
843
838
837
827
819
808
807
803
802
800
796
791
789
784
782
779
764
761
759
758
756
751
749
745
741
737
726
725
721
720
715
714
710
702
701
690
687
849
830
823
797
773
766
747
722
719
705
703
686
820
1627
1027
179
145
58
269
2792
4032
4002
4037
4027
4026
3992
3986
4023
4014
4031
3989
3999
4017
4021
4009
3981
4018
3982
3988
4038
4019
4015
4004
3998
3997
3996
3994
3993
3985
3980
4010
4013
3991
4028
3995
667
4012
4006
4001
594
3987
4007
4035
4008
3990
4016
750
816
801
790
757
825
894
892
890
866
775
883
881
871
859
868
854
891
857
3844
3932
2671
3616
3513
3338
3538
3632
3965
3792
3949
3817
3665
3269
2824
3218
2975
3799
3376
3953
3916
3839
3595
3813
3975
3767
3871
3580
3749
3720
3622
3561
3500
3631
3958
3623
3620
3457
3541
3739
3834
3920
3696
3655
3641
3587
3452
3571
3519
3465
3493
3509
3870
3607
3682
3771
3441
3447
3676
3893
3515
3732
3496
3661
3467
3619
3891
3668
3634
3630
3718
3510
3822
3763
3601
3652
3761
3934
3556
3783
3508
3815
3590
3706
3572
3494
2816
3110
3125
2774
3354
3216
3122
3105
3059
3190
2789
3202
3390
2673
2729
3246
3068
3244
3159
979
1664
3552
3628
3491
3765
3654
3639
3481
3479
3736
3480
3712
3438
3326
3425
3358
2709
3421
3058
2820
2696
3393
3161
3310
3015
3367
3241
3148
3043
3176
2962
2990
2893
3167
576
628
670
640
681
3847
3626
3906
3785
3527
3460
3656
3862
3608
3901
3653
3867
3722
3523
3917
3912
3874
3857
3657
3445
3818
3524
3911
3502
3742
3950
3836
3708
3715
3498
3784
3486
3518
3461
3603
3947
3900
3896
3869
3643
3462
3927
3725
3473
3648
3905
3679
3751
3923
3660
3547
3522
3803
3529
3967
3802
3505
3914
3584
3809
3478
3786
3711
3583
3568
3506
3703
3892
3567
3915
3602
3578
3913
3627
3972
3558
3713
3774
3759
3757
3492
3499
3483
3539
3960
3933
3919
3840
3747
3659
3878
3636
3926
3877
3790
3707
3670
3576
3574
3902
3858
3788
3681
3640
3635
3503
3951
3855
3714
3443
3613
3675
3476
3852
3702
3969
3924
3883
3695
3511
3463
3956
3829
3794
3752
3474
3464
3769
3753
3698
3663
3482
3472
3536
3531
3963
3894
3662
3624
3528
3825
3612
3593
3535
3931
3610
3850
3599
3559
3521
3471
3889
3683
3563
3557
3737
3533
3754
3971
3760
3586
3484
3863
3940
3838
3488
3778
3455
3945
3810
3764
3458
3821
3680
3793
3782
3645
3614
3564
3469
3762
3674
3497
3930
3851
3845
3804
3684
3485
3904
3791
3740
3735
3728
3705
3629
3597
2548
2100
2558
2422
2008
1949
2017
2697
3175
2725
2995
3410
2677
3210
3264
3251
2930
3213
3315
3257
2685
3388
3281
3423
2834
2699
3325
3314
3311
2819
2848
3294
2854
3224
3203
3414
3356
3382
3292
2776
3187
3139
2851
2899
2726
2675
3276
2876
2996
3067
3109
2732
2843
3428
3329
3138
3431
2861
2888
3336
3322
3083
3215
2803
2805
2856
2751
3435
2874
3357
3077
3405
3208
3127
3055
2817
3163
2794
2938
2878
3237
3114
2963
3197
2713
3394
3080
3368
3075
3317
2769
2972
3039
3387
3166
3012
2935
3014
2997
3044
3226
2961
3009
3430
3417
2993
2953
3304
3013
2735
3250
3088
2855
3131
3415
3288
3007
2840
2825
2928
3312
3050
2955
2850
3169
3082
2832
3422
3383
2898
2836
3184
3026
2981
2948
2777
3232
3108
3078
2994
2987
2913
3331
2880
2867
3032
3053
3378
2845
3103
3243
2924
2731
2663
3149
3025
3022
2706
3116
3433
3158
2915
2756
2666
2907
2821
2939
2828
3221
2690
2667
3117
3095
2877
2872
2681
3399
3293
3234
3096
3052
3023
2945
2761
2746
2743
2738
2717
3079
3416
3391
3041
2973
3272
2937
3386
3381
3225
2785
2707
2844
3296
3019
2942
2779
3300
3130
2978
2809
2807
2982
2959
2889
2670
3248
3348
3119
3090
2890
2873
3360
3321
3194
2846
2871
2702
2986
2944
2943
2891
2763
2750
2689
3364
3339
3324
3220
3084
3046
3004
2988
2966
2956
2940
2931
2911
2906
2896
2887
2835
2810
2800
2741
2683
3301
3195
3193
3142
3065
3047
3036
2960
2946
2917
2909
2755
2745
2705
2669
3146
2661
3384
3174
3064
3033
3029
2974
2929
2908
2905
2897
2862
2815
2749
2694
3295
3186
3136
3024
2900
3145
2781
3351
3340
3335
3270
3170
2980
2708
3412
3359
3346
3223
3133
3001
2957
2829
2775
2739
1562
1607
2727
3672
3621
3677
3943
3873
3800
3756
3693
3604
3968
3944
3842
3797
3625
3611
3517
3962
3830
3796
3750
3667
3651
3618
3545
3938
3886
3734
3948
3550
1326
1253
1071
3222
1387
1579
1088
1023
3337
3330
3327
3256
2932
2744
2718
3260
3172
3111
2965
2737
3242
2895
3118
3107
2936
2894
2812
2958
2954
2668
3199
3018
2951
2665
3406
3287
3240
3209
3211
3066
3063
3160
3061
2847
2701
3379
3323
3291
3249
3207
3076
3027
2934
2870
3377
3316
3274
3191
2783
3353
3313
3017
2918
3140
3106
2989
2787
2933
2886
2730
3419
3373
3347
3198
3182
3150
3120
3097
3060
3051
3035
2991
2970
2901
2853
2849
2796
2716
3409
3365
3177
3020
2795
2790
3185
3280
3277
3102
3021
2780
2770
2784
3262
2968
2950
2875
2672
3273
3179
3162
2947
2728
3374
2758
1499
1038
937
647
675
643
600
583
659
658
582
578
662
650
627
577
574
679
611
664
603
573
626
625
623
621
588
639
622
618
612
448
3979
3976
3973
3966
3964
3957
3955
3937
3936
3929
3921
3918
3909
3908
3907
3903
3899
3898
3895
3888
3887
3884
3882
3881
3876
3868
3866
3864
3861
3860
3859
3856
3849
3843
3841
3837
3835
3833
3832
3831
3828
3826
3824
3823
3819
3806
3801
3798
3789
3787
3780
3779
3777
3776
3775
3773
3770
3768
3766
3758
3755
3748
3745
3743
3741
3738
3733
3731
3730
3726
3719
3710
3701
3697
3690
3687
3678
3671
3669
3664
3658
3649
3646
3644
3642
3638
3637
3617
3615
3609
3605
3598
3596
3594
3591
3588
3581
3579
3573
3569
3566
3562
3555
3554
3553
3549
3548
3546
3544
3543
3542
3540
3537
3534
3532
3530
3526
3525
3514
3512
3507
3501
3490
3477
3475
3470
3468
3466
3459
3456
3451
3450
3449
3448
3442
306
2437
2450
2113
1956
2444
2453
2015
2380
2456
2105
1969
2545
2316
2651
1933
2119
2193
2114
2587
2628
2402
1977
2152
2371
2130
2166
2524
2565
2238
2156
629
1103
3344
3252
3247
3239
3206
2992
2833
2748
3319
3302
2923
2688
3397
3361
3069
2802
1353
1410
1905
3396
3253
3196
3087
2976
3434
3429
3426
3420
3418
3411
3407
3404
3402
3400
3398
3395
3392
3389
3385
3380
3371
3366
3363
3362
3352
3350
3349
3345
3343
3342
3341
3333
3332
3320
3318
3309
3307
3306
3303
3299
3297
3286
3285
3284
3283
3282
3275
3271
3267
3261
3255
3254
3238
3236
3231
3229
3228
3219
3214
3212
3204
3201
3192
3189
3188
3178
3173
3171
3157
3155
3154
3153
3152
3147
3144
3141
3137
3135
3132
3129
3128
3126
3124
3123
3115
3113
3112
3104
3099
3098
3093
3092
3086
3085
3081
3074
3073
3070
3062
3056
3054
3049
3042
3040
3038
3034
3030
3028
3016
3010
3008
3006
3005
3003
3000
2998
2985
2983
2977
2969
2967
2949
2927
2925
2921
2920
2919
2916
2914
2912
2910
2904
2902
2892
2882
2881
2879
2868
2866
2865
2864
2863
2858
2852
2841
2839
2838
2837
2831
2830
2827
2826
2823
2822
2818
2811
2806
2801
2799
2797
2793
2788
2786
2782
2778
2773
2771
2766
2765
2762
2759
2757
2754
2753
2742
2736
2733
2723
2722
2721
2719
2715
2712
2711
2710
2703
2700
2698
2695
2687
2686
2684
2682
2680
2679
2676
2674
2664
2662
1364
1814
3233
3100
2869
2724
1476
973
1889
1016
1896
3205
1803
929
3872
3721
3692
3633
3577
3495
3440
862
1202
1726
1203
1098
1749
1521
1477
1395
1162
1702
1111
1354
1501
1585
1073
3369
3298
2772
3403
3279
3266
3259
3164
3089
3072
3011
3002
2984
2859
2768
2720
2734
2678
2999
3101
1666
2813
3278
3265
2979
1443
3258
3168
2964
1701
1552
1161
1518
1193
1401
1885
1524
1140
1775
1847
1106
1784
1493
1137
1892
901
1147
1880
958
1492
1342
951
1846
922
1710
1263
1081
1780
1802
1747
1216
1186
1378
1022
1601
1452
1319
903
1481
1762
1887
1841
584
1629
605
590
677
674
665
663
661
632
624
619
616
615
599
595
589
635
630
682
655
631
597
593
652
1506
532
364
1127
1306
1121
1362
459
685
684
636
617
598
579
575
654
653
644
633
592
587
678
620
365
413
435
1510
649
1878
3961
3487
3454
3437
490
610
586
464
478
645
487
117
2230
2050
2400
2355
2048
61
190
328
2397
2082
2270
2439
2312
2295
2094
2227
1974
2349
2335
2129
2531
2337
2622
2513
2486
2170
2204
2519
2411
1937
2248
2515
2320
2099
2208
2304
2632
2614
2051
2041
1965
2393
2570
2605
2555
2318
1926
2207
1988
1992
2237
2096
2425
2476
2493
2568
2155
2311
2210
2291
2413
2626
2518
2472
2417
2345
1940
2373
2487
2523
2474
2231
2334
2258
2566
2502
2357
2092
2512
2196
1982
2577
2448
2360
2329
2136
2299
2310
2198
2072
2028
1994
2560
2546
2354
2342
2160
2120
2131
2005
2645
2440
2260
2070
2631
2477
2462
2591
1989
2588
2567
2332
2057
2575
2629
2609
2603
2598
2530
2496
2250
2177
2277
2478
2443
2353
2491
2434
2385
2174
2149
2138
2125
2102
1947
1932
2625
2359
2287
1997
2333
2137
2003
1966
2600
2576
2391
2652
2649
2643
2642
2597
2463
2222
2191
2111
2101
2075
2002
2592
2582
2497
2475
2406
2379
2305
2183
2173
2169
2141
2071
2065
2053
2052
1978
1975
1936
2552
2212
2064
1986
2499
2288
1942
2623
2532
2489
2407
2306
2058
1985
2618
2228
2089
2049
1930
2630
2619
2573
2556
2467
2464
2418
2309
2257
2213
2060
2176
2036
1991
2428
2179
2584
2449
2067
2037
1968
1976
2297
1954
1914
2627
1931
2365
2012
2494
2346
1980
1958
2503
2286
1922
2268
2000
1951
1935
1928
2461
2389
2368
2267
2151
2637
2610
2525
2514
2367
2362
2317
2265
2256
2236
2197
2189
2162
2133
2085
2042
2023
2007
1960
1944
2655
2601
2244
2093
2074
2059
1993
2613
2521
2507
2446
2404
2386
2350
2275
2216
2118
2115
2103
2073
2055
2040
1984
1979
1953
2599
2572
2509
2315
2292
2285
2282
2280
2232
2215
2187
2153
2110
1987
1941
1920
2659
2657
2640
2633
2116
2001
1950
2296
2594
2589
2571
2537
2465
2420
2398
2394
2377
2351
2343
2294
2224
2223
2161
2148
2144
2143
2039
2038
2010
1955
1916
2608
2399
2396
2390
2274
2273
2246
2180
2132
1981
1948
2624
2564
2559
2539
2526
2352
2348
2340
2324
2276
2200
2108
2020
1946
2361
2646
2638
2615
2542
2433
2423
2409
2356
2326
2308
2278
2266
2229
2139
2109
2104
2083
2077
1971
1943
1917
2435
2364
2011
2611
2602
2593
2586
2561
2553
2549
2543
2520
2500
2430
2414
2410
2339
2323
2300
2218
2206
2201
2190
2188
2184
2172
2164
2142
2095
2084
2078
2045
2030
2026
1983
1918
2581
2416
2328
2325
2247
2209
2185
2163
2660
2658
2583
2225
2192
2159
2025
1973
1921
2455
2146
2384
2127
1967
1777
1489
1414
1564
1434
1453
1247
976
1771
1580
1658
987
1368
1045
1030
1248
1883
1158
1821
1769
1676
1494
1258
1249
1131
1808
1400
1223
905
950
900
1198
1588
1555
1869
1139
1311
1005
1215
3355
2764
2693
1240
1298
1872
1381
1060
1763
1700
1632
1796
1336
1901
1832
1091
1328
1217
968
1911
991
1441
1197
1055
1385
1093
1446
1866
1187
1136
1369
994
1100
3289
1684
1615
1567
1770
1089
935
1903
1646
1508
1241
964
1285
1063
1618
1375
1351
1312
1371
1858
1577
1465
1321
