0
4003
704
447
865
12
3935
287
2079
3071
3704
1627
2442
3413
190
891
775
4036
4010
864
832
4022
4035
4001
209
3729
3709
3031
638
114
3853
210
43
607
3856
3230
2195
674
918
335
37
292
33
47
1224
2792
1854
443
1270
860
1394
2382
1276
3959
1967
138
1430
3134
1233
3006
3854
1046
2483
3282
216
2541
234
183
1208
2168
1071
3717
155
899
76
454
3928
3582
2798
174
2204
467
3781
945
485
649
27
1038
562
3890
3372
3893
3432
2456
263
2256
3030
3880
173
1240
1797
1711
868
1253
1693
301
1027
2595
42
3999
893
884
667
841
875
883
749
892
801
4008
3984
871
4006
692
4015
790
699
4034
3983
4024
846
735
788
717
855
854
757
750
3987
4012
816
700
691
870
881
887
873
802
895
858
866
877
894
852
743
785
744
4005
686
687
688
694
695
696
697
698
701
703
705
708
709
711
713
718
719
724
726
727
728
731
732
734
738
739
745
747
752
754
755
760
764
765
766
770
772
773
774
780
781
783
784
787
792
793
795
797
800
803
805
807
810
814
815
817
819
820
823
824
827
828
829
830
834
835
838
840
842
845
847
848
849
853
856
706
748
758
777
778
809
822
839
741
768
771
779
831
844
889
714
720
737
769
804
818
826
833
722
729
762
843
730
753
794
837
763
806
693
712
716
736
751
799
723
789
836
876
782
742
861
863
878
707
715
808
813
759
756
850
811
888
786
821
690
689
746
880
882
702
761
812
725
767
886
710
733
740
890
869
796
791
776
885
867
874
798
872
825
721
879
851
859
3992
4033
4032
3991
4028
4029
594
4037
4007
4025
3990
4009
4000
3981
3989
3988
3993
4013
4011
3996
4016
3980
4023
4030
3982
4021
4031
3998
4014
3997
3994
4004
3995
4038
3986
4026
4019
4017
4020
4018
4002
3985
4027
3748
2569
3650
1119
1560
1466
550
2269
911
2596
3820
2470
215
3974
2842
602
1386
11
624
1206
613
3453
1096
1581
1834
1145
608
3451
358
15
668
3798
585
74
18
3570
2457
3183
581
282
233
3746
244
3268
642
256
3407
3846
90
145
286
241
401
377
255
3885
179
205
3875
3037
2691
52
468
2788
3808
154
1395
3807
35
2857
160
153
70
3688
279
3942
267
1176
305
316
3732
1558
648
379
1690
1065
3125
2814
1262
3922
3879
1326
2704
1755
3408
182
1586
2740
3589
81
157
386
904
97
49
253
411
383
356
3801
1760
3560
71
3691
293
3744
112
1002
3733
1105
247
2808
1194
2527
228
2178
660
3816
61
1353
2952
2922
1252
3811
3689
499
294
3699
3375
2975
2481
2380
2722
2714
1546
240
191
1362
448
321
3955
3575
571
656
336
2998
164
192
1034
2860
3597
3467
207
2106
3954
307
453
384
552
3121
572
2565
124
201
327
3147
2838
1996
120
3003
270
3952
2817
202
3565
262
3897
166
3653
1890
3537
2885
3946
3619
220
1937
3588
2441
652
3865
1474
1383
206
1031
3939
3910
1510
1762
1200
1022
406
1969
289
3978
2855
2774
3965
3143
2971
3055
3673
3494
125
3882
3953
2963
3127
996
673
3074
3765
2437
3887
1651
110
264
530
3686
3444
1713
3742
1856
193
3271
1657
288
3694
472
3544
1776
245
3489
351
3849
464
3676
910
3787
1442
3637
2015
1607
283
1157
219
349
2167
152
3290
2431
3925
1295
1417
1264
2634
2422
1486
1057
147
2230
3429
371
3844
1455
610
498
1476
2692
3678
2505
3606
95
3305
3059
1777
1579
3795
929
3227
6
3805
1346
2736
671
235
250
1354
593
2980
2219
46
3751
3839
3310
1147
1664
34
3665
3513
1133
3727
269
259
1254
77
2671
3963
3661
365
3970
3270
2721
476
3477
1297
8
2776
3749
3091
1838
91
2421
229
117
2884
3660
3848
2580
3745
163
3632
2824
2621
3044
1855
533
340
319
2375
1263
102
1924
63
44
3457
2358
390
2493
1792
655
3806
1168
86
3859
3724
3370
1759
32
1301
2767
230
2100
3936
3447
1498
3441
2388
1521
987
3977
3175
3217
3161
2899
2517
1151
3652
3908
2017
89
2321
2263
2902
2528
3864
3131
3904
3813
2930
1654
3180
3911
3923
3812
2651
3700
3669
393
2094
937
2732
1701
151
3181
3165
167
1087
347
3834
3716
3159
2245
3789
3317
621
296
