0
3992
749
892
4022
3408
1276
3709
287
279
2442
3704
870
884
894
3467
1581
743
841
4015
358
1690
3686
3854
49
2470
215
90
1558
42
918
608
581
411
2857
3147
3570
2168
891
1224
3939
550
61
286
2569
292
3453
3935
3650
2269
138
1967
674
74
638
3268
3494
34
3925
2167
18
37
3407
81
2106
2437
33
179
255
893
864
785
871
872
895
888
689
855
717
880
693
762
885
867
691
750
740
704
798
826
836
831
790
723
715
700
886
847
832
834
734
706
710
755
843
835
827
807
793
741
730
718
845
794
889
887
882
881
879
878
877
876
875
874
873
869
866
863
861
858
856
825
811
803
890
849
840
819
754
748
731
726
721
705
695
688
687
830
795
784
778
747
739
738
694
853
773
802
806
791
702
789
759
713
850
833
788
854
852
851
848
846
844
842
839
838
837
829
828
824
823
821
820
817
816
815
814
813
812
810
809
808
805
804
801
800
799
797
796
792
787
786
783
781
780
779
777
776
775
774
772
771
770
769
766
765
764
763
761
760
758
757
756
753
752
751
746
745
744
737
735
733
729
728
727
724
722
720
719
716
711
709
708
703
701
699
698
697
696
692
690
818
732
725
822
782
768
742
736
707
686
714
712
767
4007
4011
3991
3996
4032
4016
3990
4031
4029
3989
4004
4037
4036
4035
4033
4028
4027
4025
4024
4012
4010
4008
4006
4005
4002
4001
3999
3988
3983
4020
3993
4000
3986
4017
3985
4003
4038
4034
4013
3995
3980
3998
4030
4026
4021
4014
4019
4009
4023
4018
3997
3982
3981
3994
3984
594
3987
3727
3575
3807
3922
3606
3766
3531
3742
3653
401
3770
3953
3772
3771
3801
3626
3588
3745
3682
3632
3809
3872
3965
3950
3789
3751
3954
3509
3975
3813
3946
3781
3622
3598
3963
3905
3911
3736
3901
3967
3960
3791
3587
3478
3941
3508
3696
3552
3536
3699
3776
3500
3459
3747
3867
3603
3666
3663
3608
3893
3898
3481
3899
3914
3818
3564
3524
3711
3466
3897
3863
3549
3913
3730
3635
3890
3725
3567
3541
3441
3610
3673
3627
3649
3907
3476
3640
3485
3724
3754
3951
3785
3484
3843
3671
3483
3740
3908
3870
3826
3569
3463
3613
3516
3940
3902
3828
3543
3739
3595
3850
3482
3773
3769
3753
3927
3764
3718
3534
3675
3579
3895
3829
3823
3777
3668
3601
3510
3934
3559
3726
3630
3602
3529
3900
3810
3643
3493
3884
3762
3461
3775
3658
3804
3497
3814
3662
3580
3490
3819
3904
3861
3972
3634
3593
3977
3918
3876
3835
3735
3722
3715
3553
3505
3455
3716
868
865
883
860
857
648
3723
3566
3551
530
576
665
628
575
659
643
578
650
632
627
599
583
386
349
572
443
499
356
564
441
1270
3838
3817
3672
3471
3880
3860
3858
3832
3717
3703
3680
3670
3617
3605
3604
3594
3560
3514
3502
3488
3796
3788
3712
3586
3522
3504
3979
3847
3929
3651
3576
3517
3448
3942
3738
3612
3469
3693
3797
3966
3780
3760
3684
3618
3491
3438
3968
3756
3978
3976
3973
3971
3970
3969
3964
3962
3961
3959
3958
3957
3956
3955
3952
3949
3948
3947
3945
3944
3938
3937
3936
3933
3932
3931
3930
3928
3926
3924
3923
3921
3920
3919
3917
3916
3915
3912
3910
3909
3906
3903
3896
3894
3892
3891
3889
3888
3887
3885
3883
3882
3881
3879
3878
3877
3875
3874
3873
3871
3869
3868
3866
3865
3864
3862
3859
3857
3855
3853
3852
3848
3846
3845
3844
3842
3841
3840
3839
3837
3836
3834
3833
3831
3827
3825
3824
3822
3821
3816
3815
3812
3808
3806
3805
3803
3802
3800
3799
3795
3794
3793
3792
3790
3787
3786
3784
3783
3782
3779
3778
3774
3768
3767
3765
3763
3761
3759
3758
3757
3755
3752
3750
3749
3748
3746
3744
3743
3737
3734
3733
3731
3728
3720
3719
3714
3713
3710
3708
3707
3706
3705
3702
3701
3700
3698
3697
3695
3694
3692
3691
3690
3689
3687
3685
3683
3681
3679
3678
3676
3669
3667
3665
3664
3661
3660
3659
3657
3656
3655
3654
3652
3648
3647
3646
3645
3644
3642
3641
3639
3638
3637
3636
3633
3631
3629
3628
3625
3624
3623
3621
3620
3619
3616
3615
3614
3611
3609
3607
3600
3599
3596
3591
3590
3589
3585
3584
3583
3582
3581
3578
3574
3573
3572
3571
3568
3565
3563
3562
3558
3557
3555
3554
3548
3547
3546
3545
3544
3542
3539
3538
3537
3535
3533
3532
3530
3528
3527
3526
3523
3521
3520
3519
3518
3515
3513
3512
3511
3507
3506
3503
3501
3499
3498
3496
3495
3492
3489
3486
3480
3479
3477
3475
3474
3473
3472
3470
3468
3465
3464
3462
3460
3458
3457
3456
3454
3452
3450
3449
3447
3446
3445
3444
3443
3442
3440
3439
862
1264
672
682
611
684
625
622
574
623
592
466
562
486
522
384
678
657
655
654
617
529
554
509
477
3487
470
382
534
390
354
656
664
626
396
644
528
405
450
653
535
371
372
479
472
541
424
381
620
425
413
490
359
614
367
2541
2441
2178
2349
193
110
166
86
46
309
234
685
681
680
677
675
673
671
670
668
667
666
662
661
660
658
652
647
640
639
636
635
633
631
621
619
615
613
612
610
607
605
603
600
598
597
595
590
588
586
584
582
579
577
573
568
552
551
543
540
539
536
533
532
505
501
498
495
489
481
480
478
476
468
467
464
462
459
454
453
448
445
437
433
429
410
408
406
403
399
393
380
379
377
369
365
364
362
361
360
357
355
351
198
71
318
336
1057
512
493
409
368
1792
1640
1854
937
1478
1745
629
1430
1354
1414
1711
998
935
1762
1455
1599
1025
928
1521
1385
1906
1723
1443
1633
1167
1855
1005
1268
1586
1046
1333
1016
1748
1089
1401
1295
1090
1403
950
1246
985
1484
1616
1248
1147
1350
1316
1892
1646
1890
3943
3886
3851
3830
3741
3721
3677
3674
3592
3577
3561
3556
3550
3540
3525
3437
1815
1781
1760
1429
1007
1372
1356
1212
1094
1696
1818
1482
1304
1042
1807
1496
1188
1183
1152
943
1544
1239
1170
1627
1442
1133
1848
984
1691
1655
1035
389
1592
1380
1375
1339
1181
1112
1336
926
1630
1258
1308
965
1257
1499
956
959
1247
1241
933
1867
1054
1833
1799
1789
1737
1132
1130
983
1904
1725
1507
1041
1038
1601
1649
1382
1166
1681
1259
1189
1801
1707
1700
1668
1532
1402
1196
1003
968
941
1738
1686
1634
1525
1260
1249
1159
1131
977
1541
1469
1418
1221
1139
1775
1256
1831
1829
1566
1343
939
1761
1404
952
1582
898
1902
1665
1580
1163
1040
982
1881
1625
1602
1446
1910
1727
1709
1497
1444
1436
1776
910
1043
955
1203
1347
1345
1158
1842
1530
947
1875
1872
1764
1742
1706
1636
1596
1550
1462
1454
1448
1426
1379
1322
1284
1190
1129
1044
1021
1014
989
988
1606
1011
683
646
587
1716
1479
1324
1277
1143
1067
1012
679
1720
1650
1576
1311
1233
663
630
618
616
589
1435
593
394
645
634
569
545
531
518
516
510
504
485
471
469
457
455
449
435
426
421
416
407
350
1885
1506
1422
537
527
511
506
494
482
440
420
398
375
352
1894
1870
1820
1786
1729
1475
1349
1273
1245
1210
1148
1108
1080
1018
976
942
936
669
601
560
557
538
525
514
503
496
446
436
422
412
397
388
385
374
353
1844
1673
1645
1514
1425
1155
1122
676
604
580
567
565
561
559
556
555
548
547
546
542
524
521
519
502
500
491
488
487
474
463
458
452
442
439
434
418
376
373
370
363
1574
1512
1358
1320
1313
1237
962
930
609
591
570
558
553
549
544
523
520
517
515
513
508
507
497
492
473
465
461
460
456
451
444
438
432
431
430
427
423
419
417
415
404
402
400
395
392
391
387
378
2321
2456
2012
2272
1956
2534
2263
2558
2422
2375
2100
1924
2490
2249
2405
2360
2070
2008
1933
2548
2450
2051
2230
2281
2614
2231
2082
2197
1982
2432
2252
2444
2330
2403
2314
2310
2066
2397
1930
2204
2041
2367
2259
2350
2346
2316
2091
2443
2639
2284
2337
2234
2097
1914
2157
2192
2017
2426
2320
2622
2513
2466
2303
2530
1942
2304
2003
2060
2453
2633
2435
1999
1927
2499
2427
2605
2493
2202
1976
1957
1931
1919
2651
2557
2517
2366
2265
2256
2228
2186
2141
2036
1977
2535
2487
2317
2618
2570
2448
2411
2371
2342
2166
2146
2479
2221
2000
2407
2277
2236
2181
2280
2552
2540
2307
2136
2092
2408
2058
2652
2396
2390
2110
2075
2062
2560
2539
2489
2476
2449
2430
2418
2381
2237
2084
1966
2015
2644
2503
2497
2335
2049
1978
1975
2388
2144
2638
2615
2492
2306
2271
2218
2206
2154
2122
2103
2086
2073
1983
1998
1995
2610
2461
2273
2211
2209
2125
2038
2641
2525
2425
2419
2362
2270
2185
2155
2129
1990
2657
2648
2627
2533
2459
2159
1980
1935
2592
2385
2343
2292
2285
2241
2223
2161
1994
1955
1945
2578
2553
2526
2506
2409
2374
2348
2278
2261
2244
2240
2123
2121
2112
2109
2046
1993
2630
2611
2607
2601
2600
2576
2563
2556
2554
2550
2495
2484
2477
2469
2464
2460
2429
2404
2356
2352
2326
2324
2309
2308
2290
2212
2201
2179
2172
2140
2108
2095
2093
2090
2088
2083
2069
2056
2037
2030
1963
1962
1925
2156
2502
2400
2355
2608
2501
2496
2315
2289
2266
2194
2149
1427
1412
1332
1113
1109
1010
924
641
366
208
207
151
153
181
306
178
220
182
259
256
173
135
205
196
225
223
250
243
5
140
184
93
32
2660
2647
2643
2640
2636
2583
2538
2463
2445
2436
2364
2279
2225
2203
2171
2135
2128
2039
2027
2018
1991
1972
1951
146
120
183
278
191
284
206
331
268
231
77
38
14
17
229
281
251
127
36
217
296
177
68
147
187
320
48
1
261
341
221
63
60
30
239
302
266
260
254
54
314
20
132
143
414
348
84
338
106
16
326
149
324
203
123
104
62
299
194
57
230
190
83
168
293
289
214
89
41
342
325
313
265
98
82
285
277
334
297
276
188
156
141
134
85
75
67
21
201
340
339
304
291
65
328
78
228
142
25
115
2817
1240
3432
3133
2692
1202
1137
903
901
1735
1632
1604
1539
1485
1467
1262
1184
1128
1218
1798
1787
963
938
1733
1692
1378
1232
1223
917
1794
1325
1045
1879
1796
1791
1689
1659
1340
1293
1267
1086
980
934
1874
1821
1804
1752
1652
1619
1612
1600
1271
1199
1172
1153
1125
1123
960
1905
1908
1588
1615
1494
1144
1511
2714
970
2616
2609
2597
2589
2582
2543
2519
2511
2508
2491
2475
2413
2336
2333
2332
2302
2298
2294
2264
2199
2191
2176
2174
2148
2138
2133
2132
2117
2111
2087
2068
2054
2028
1954
1916
1603
1513
1416
1407
1073
526
1851
1846
1644
1617
1608
1509
1255
1222
920
1803
929
1817
1911
1589
1888
1800
1750
1746
1730
1685
1669
1563
1557
1391
1191
1149
1075
925
906
1501
1126
922
1779
1675
1622
1605
1598
1584
1195
1135
