0
4019
875
785
2079
3183
383
581
4024
287
3268
3856
4029
1176
1119
301
12
2817
233
15
3673
3709
250
3744
215
1969
228
210
241
11
4015
42
3704
1145
282
3282
183
90
3504
3650
2256
911
2457
3006
2722
2431
52
608
891
3935
1760
3748
3560
4028
668
602
3984
2596
379
190
1208
3408
3570
3729
279
841
1581
3798
4001
1693
244
3530
256
3147
3074
3055
2774
3407
642
893
871
879
859
881
870
884
873
877
704
799
700
895
894
886
885
883
866
858
756
811
861
878
825
740
806
846
887
874
872
867
869
706
689
749
715
789
889
888
882
876
863
804
702
842
734
793
855
770
851
813
751
690
816
742
736
714
707
711
809
720
782
737
880
845
830
829
826
812
752
745
731
847
784
766
723
695
694
787
764
693
834
778
724
708
698
777
748
781
703
843
805
765
739
730
890
840
820
800
780
772
760
754
753
747
726
721
701
696
856
853
852
850
849
848
844
839
838
836
833
832
831
827
822
821
818
817
815
814
810
808
807
803
802
798
797
796
795
794
791
790
788
786
783
776
775
774
773
771
769
768
767
763
762
761
759
758
757
755
750
746
744
743
738
735
733
732
729
727
725
722
719
718
717
716
713
712
710
709
705
691
688
687
837
828
824
823
819
792
779
741
728
697
686
835
892
865
864
860
854
801
699
692
3999
4011
3985
4003
4038
4027
3998
4031
4023
4004
4000
4017
4020
4014
3988
3986
3982
3981
4009
4037
4036
4035
4034
4033
4032
4026
4022
4018
4016
4013
4012
4008
4006
4005
4002
3996
3995
3993
3992
3991
3990
3987
3983
4030
4021
3994
3980
3997
3989
4007
4025
4010
594
667
97
3792
3875
3958
3910
3447
3441
182
3953
3515
3494
3652
3575
3811
3901
3815
3911
3794
3746
3963
3905
3848
3844
3763
3914
3964
3582
3954
3745
3606
3620
3776
3587
3946
3969
3843
3711
3493
3502
3641
3787
3593
3463
3903
3893
3810
3719
3646
3643
3558
3458
3649
3519
3822
3714
3486
3757
3623
3919
3840
3698
3887
3922
3866
3694
3601
3534
3524
3564
3771
3479
3724
3648
3555
3869
3951
3924
3900
3833
3826
3706
3569
3506
3809
3482
3920
3664
3947
3881
3671
3862
3894
3585
3967
3960
3975
3836
3774
3701
3675
3630
3614
3827
3715
3814
3624
3580
3819
3743
3906
3460
3977
3735
3685
3663
3644
3636
3629
3615
3599
3638
3616
3513
3662
3549
3895
216
46
205
253
296
93
327
2926
2922
3030
3059
81
83
3227
3414
1627
3552
3503
3871
3868
3857
3595
3617
3474
3880
3934
3707
868
3970
3957
3795
3700
3695
3639
3594
3523
3481
3467
3576
3563
3457
3913
3658
3845
3477
3512
3640
3485
3488
3610
3847
3829
3758
3738
3468
3466
3890
3823
3767
3764
3507
3469
3972
3761
3726
3772
3978
3907
3850
3835
3778
3773
3769
3728
3713
3705
3608
3597
3472
3470
3861
3475
3703
3611
3654
3492
3484
3825
3612
3583
3858
3832
3603
3514
3462
3902
3824
3785
3730
3722
3681
3557
3542
3471
3452
3450
3971
3908
3872
3831
3461
3976
3973
3966
3965
3959
3956
3955
3952
3950
3949
3941
3940
3939
3937
3936
3933
3932
3931
3930
3929
3925
3923
3921
3918
3917
3916
3915
3912
3909
3904
3899
3898
3897
3896
3892
3883
3882
3879
3878
3876
3874
3870
3867
3865
3864
3863
3859
3855
3854
3852
3849
3846
3842
3837
3834
3828
3821
3818
3816
3813
3812
3808
3807
3806
3803
3802
3799
3793
3791
3790
3789
3786
3784
3783
3782
3781
3780
3779
3777
3770
3768
3766
3765
3762
3759
3754
3753
3752
3751
3749
3747
3742
3740
3739
3737
3733
3731
3727
3725
3720
3718
3716
3710
3708
3696
3691
3690
3689
3686
3682
3680
3679
3678
3676
3669
3668
3666
3665
3660
3659
3657
3655
3653
3647
3645
3637
3635
3634
3632
3631
3627
3622
3619
3613
3607
3605
3602
3598
3591
3590
3589
3588
3584
3581
3579
3574
3572
3571
3568
3567
3565
3562
3559
3553
3551
3546
3544
3543
3541
3539
3538
3537
3536
3535
3532
3531
3529
3528
3527
3526
3522
3518
3516
3511
3510
3509
3508
3505
3500
3499
3498
3497
3490
3483
3478
3476
3473
3465
3464
3459
3455
3453
3446
3445
3444
3443
3442
3439
3723
3566
3487
3775
3642
3547
386
162
220
337
243
167
32
152
76
115
131
240
94
61
4
145
143
68
226
14
319
263
306
195
192
230
175
99
333
111
343
293
227
174
214
144
140
137
116
41
259
110
91
219
95
2998
3424
3094
2899
3429
3401
3376
3315
3370
3197
2857
2799
3402
2902
2802
3127
3125
3141
3209
3217
3367
3388
3333
2837
3371
3323
3270
3092
3091
2981
2692
3144
3251
3292
2794
3389
2771
3229
3042
3382
3336
3128
3126
3354
3271
2953
2816
3281
2898
2736
3423
3390
3065
2993
2852
3413
3244
3190
3317
3269
2695
3121
3028
3037
3088
3300
3231
3045
2891
3148
2938
3399
2867
3216
3242
3163
2940
2929
2910
3433
2908
2717
2681
3093
3339
3324
2986
2880
2763
2706
3175
3143
3156
3419
3378
3199
3194
2687
3400
3238
3232
3014
2928
2756
2679
3372
3180
3131
3394
3123
2810
2766
2698
2689
2824
3009
3422
3267
3255
3236
3352
3208
2832
2747
3103
2859
2829
2769
3311
2879
3275
3325
2670
3099
2996
2844
2667
3337
3237
3158
3129
3119
2943
2874
2741
3228
3054
2944
2927
2916
2800
2743
2669
3369
3256
2932
3193
3184
3052
3023
2864
2839
2761
3357
3363
3047
2917
2913
2773
2749
2676
3299
3259
2921
3426
3348
3284
3149
3142
3098
3040
3022
3004
2969
2960
2912
2906
3137
2851
2731
2726
3192
2804
347
130
206
160
187
299
126
330
266
254
180
101
92
24
234
63
269
229
80
242
29
132
336
103
73
51
208
106
54
135
36
117
311
294
120
57
346
197
318
338
48
320
281
139
108
303
237
84
295
79
3191
2900
3219
2858
3334
3174
2961
2946
2942
2915
2866
2815
2757
2746
2705
2694
3159
2892
3359
2947
2865
2682
2936
3124
3368
3083
2983
2878
2856
2768
3380
3379
3273
3203
3162
2737
1046
3341
2684
3396
3079
2797
2733
3344
3298
1264
1890
3760
3672
3628
3604
3944
3736
3702
3670
3667
3661
3548
3533
3926
3889
3838
3750
3540
3491
857
3860
3830
3621
3501
3886
3877
3873
3756
3712
3683
3656
3618
3609
3480
3938
3839
3788
3674
3577
3928
3884
3841
3804
3800
3796
3741
3693
3687
3651
3586
3578
3517
3456
3449
3448
3438
862
3979
3891
3888
3626
3945
3927
3554
3817
3688
3968
3625
3573
3521
3520
3496
3851
3805
3755
3734
3697
3684
3600
3596
3545
3525
3495
3437
2819
3347
3254
3151
3068
2790
533
349
1353
1417
659
647
612
611
640
615
680
635
582
577
682
654
679
662
661
658
583
576
664
616
684
677
672
625
605
579
631
597
371
3961
3454
472
459
365
486
429
532
502
440
552
372
539
572
467
380
587
362
478
418
413
381
406
474
1777
491
590
666
452
530
531
396
519
564
501
399
351
202
163
100
340
335
328
326
321
317
316
314
312
310
309
307
305
300
298
289
288
283
278
275
274
273
270
268
265
264
262
258
251
245
231
225
223
222
218
217
209
207
204
201
196
194
193
191
189
184
181
179
177
168
166
164
157
155
151
149
147
138
129
124
123
112
102
96
89
86
78
77
75
71
70
65
59
49
44
37
33
28
23
20
19
17
16
8
6
2
3418
3210
2847
3326
3157
3223
3176
3086
2728
2739
3307
3048
2727
2709
3067
2971
2848
2795
3432
2825
3177
3160
3107
2697
3154
2958
3343
2882
3133
3358
3136
3087
3032
2934
2758
2735
3346
3416
3316
3146
3102
3395
3360
3327
3313
3274
2841
2762
2696
3403
3296
3288
3214
3188
3185
3182
3076
3021
2937
2863
2785
1838
1364
3345
3332
3287
3247
3082
2992
2989
2661
3411
3321
3089
2904
2672
3397
3330
3297
3291
3280
3272
3261
3252
3204
3169
3115
3113
3106
3070
3060
3049
2973
2901
2793
3310
3240
2935
2933
2730
2677
2831
2693
2818
3436
3435
3434
3431
3430
3428
3427
3425
3421
3417
3415
3409
3406
3405
3398
3393
3392
3391
3387
3384
3383
3381
3377
3375
3374
3373
3365
3364
3362
3356
3353
3351
3350
3349
3342
3340
3338
3335
3331
3329
3322
3320
3318
3314
3312
3309
3308
3306
3305
3303
3302
3301
3295
3294
3293
3286
3285
3283
3279
3277
3276
3266
3264
3263
3262
3260
3258
3257
3253
3250
3249
3246
3243
3241
3239
3235
3234
3233
3230
3226
3225
3224
3221
3220
3218
3215
3213
3212
3211
3207
3206
3202
3200
3198
3196
3195
3189
3187
3181
3172
3171
3170
3167
3166
3161
3155
3153
3152
3150
3145
3140
3139
3138
3135
3132
3130
3122
3120
3118
3117
3116
3114
3112
3111
3110
3109
3108
3105
3104
3097
3096
3095
3090
3085
3084
3081
3080
3078
3077
3075
3073
3072
3071
3069
3066
3064
3063
3062
3061
3058
3056
3053
3051
3050
3046
3044
3043
3041
3039
3038
3036
3035
3033
3029
3027
3026
3025
3024
3018
3017
3016
3015
3013
3012
3010
3008
3007
3002
3000
2997
2995
2994
2991
2990
2988
2987
2985
2984
2982
2980
2979
2978
2977
2975
2974
2972
2970
2967
2966
2965
2963
2962
2959
2957
2956
2955
2954
2951
2950
2949
2948
2945
2939
2931
2930
2925
2924
2923
2920
2919
2918
2914
2911
2909
2907
2905
2897
2896
2895
2894
2893
2890
2889
2888
2887
2886
2884
2881
2877
2876
2875
2873
2872
2871
2870
2868
2862
2861
2860
2855
2854
2853
2850
2849
2846
2845
2843
2840
2836
2835
2834
2833
2830
2828
2827
2823
2821
2820
2812
2811
2809
2808
2807
2806
2805
2803
2801
2798
2796
2792
2791
2789
2788
2787
2786
2784
2783
2782
2781
2780
2779
2778
2777
2776
2772
2770
2767
2765
2759
2755
2754
2753
2751
2750
2748
2745
2744
2742
2740
2738
2734
2732
2729
2723
2721
2720
2719
2718
2716
2715
2714
2713
2712
2711
2710
2708
2703
2702
2701
2700
2699
2690
2688
2686
2685
2683
2680
2675
2674
2673
2668
2666
2665
2664
2663
2662
528
473
458
570
535
541
512
445
331
238
150
27
22
329
290
276
260
221
178
118
88
87
60
53
38
30
302
246
199
133
40
7
1
341
257
249
239
211
172
69
291
125
109
188
85
339
285
148
50
342
271
261
176
142
128
119
98
62
5
344
334
325
323
252
248
224
213
185
170
158
141
113
82
72
56
45
26
25
13
10
3
345
332
313
308
297
284
280
277
272
236
235
232
212
203
200
186
165
161
159
134
127
121
105
104
66
55
39
31
9
2621
1937
2015
2634
2034
2528
2388
2678
3412
3404
3366
3304
3168
3001
2869
2775
2752
2724
1050
1034
1342
1797
1043
910
1270
1266
1055
1690
3386
3205
3165
3020
3019
2764
1731
939
1194
3289
3245
3179
3011
2976
912
1081
1372
1147
1773
1695
986
1385
1087
1414
971
1481
1203
1258
940
1498
914
1478
1565
1887
1872
1438
915
1259
977
1403
1016
987
956
1297
1139
1038
1418
1295
1884
1625
1602
1308
1764
1592
981
1575
1315
905
937
1002
1841
1635
1279
988
1316
1168
3962
3948
3943
3797
3721
3692
3677
3633
3592
3561
3556
3550
3440
1226
949
1253
1781
1634
1633
1696
1859
1347
1298
1257
975
1343
1310
1183
1869
1815
1541
1647
1500
1252
1650
1903
1596
1350
1221
994
1591
1451
1638
1286
1322
1044
1009
1131
1474
1134
1010
1880
1629
1363
3328
3222
3005
2941
2760
1583
1345
1840
1090
1775
1239
1138
1640
1904
1109
1234
923
1857
1655
1636
1573
1459
1432
1292
1231
1227
1190
1082
902
1282
1120
969
941
924
1748
1703
1469
1428
1306
1249
1225
1649
1829
1743
1453
1064
1611
1820
898
1899
1786
1785
1739
1738
1732
1725
1706
1686
1507
1502
1472
1412
1338
1275
1246
1167
1166
1158
1037
984
965
1378
963
1798
1568
1533
1452
1314
1216
1097
958
938
1709
1169
646
1897
1830
1671
1526
1324
1067
1025
1515
1235
1233
1229
1019
367
1013
556
543
510
485
471
469
457
442
433
421
407
369
357
350
494
434
1907
1870
1828
1812
1794
1729
1720
1680
1508
1464
1454
1446
1429
1427
1382
1357
1294
1273
1104
1102
1095
1032
1014
942
896
671
641
639
604
537
482
416
1545
1374
676
360
513
506
451
432
685
683
681
678
675
673
670
665
663
660
657
655
653
652
650
648
645
644
643
638
636
634
633
632
630
628
627
626
624
623
622
621
620
619
618
617
614
613
610
609
607
603
600
599
598
595
592
589
588
586
584
578
575
574
573
558
544
480
438
422
34
1878
1631
1490
1408
555
503
475
402
400
1767
1744
1529
1425
1349
1122
1113
976
669
656
591
565
538
527
444
385
378
368
1855
1790
1778
1679
1616
1606
1514
1313
930
601
580
567
560
542
500
496
460
417
408
391
388
571
569
568
562
557
554
551
550
549
548
547
546
545
540
536
534
529
524
523
522
521
520
518
516
515
514
511
509
508
507
505
504
499
498
495
492
490
489
488
487
481
479
477
476
470
466
464
463
462
461
456
455
454
450
449
448
446
443
441
439
437
436
435
431
427
426
425
424
423
419
415
412
411
410
405
403
401
397
395
394
393
392
390
389
387
384
382
377
376
373
370
364
361
359
358
356
355
354
352
198
173
2704
1549
1486
1387
1193
64
3290
3173
3003
2885
2838
2814
2439
2380
2130
2100
1949
1641
3278
3164
3057
2964
2826
3420
3410
3178
3034
2813
1758
1007
935
3186
3100
2968
2707
1434
3385
3361
3265
3248
3101
2883
1701
1140
1779
1818
1807
1569
1151
1069
1245
972
1441
1365
968
1860
3355
3319
3201
2999
2903
2822
2725
1684
1552
1200
1463
913
1026
1080
1068
1796
1556
1772
998
932
484
1821
1491
1401
1130
1881
1844
1436
1223
1155
948
1483
1205
1160
1710
1630
1237
1054
606
561
559
553
525
497
493
465
430
409
404
398
375
374
1187
1784
1232
1218
1847
1579
950
1518
1384
1073
1494
1410
1705
1676
1588
1328
1908
1360
970
324
322
315
304
169
156
146
122
67
21
2524
2632
2517
2382
2041
2545
2441
2217
2424
2580
2548
2014
2281
2245
2094
1961
1956
2263
2650
2490
1992
2067
2357
2342
2162
2146
2371
2016
1965
2562
2314
2152
2360
2236
2262
1982
2540
2448
2397
2193
2515
2513
2466
2444
2320
1988
2156
2359
1950
2558
2450
2113
2179
1966
1986
2197
1960
2321
1996
2013
1928
1921
2449
2435
2157
2018
2240
2136
2477
2258
2084
2056
1989
1963
2645
2346
2591
2520
2500
2499
2276
2220
1971
2265
2651
2337
2493
2459
1976
2585
1980
2586
2550
2446
2210
2190
2074
2606
2563
2554
2506
2504
2418
2309
2307
2299
2172
2112
2020
1917
2478
2353
2303
2019
2640
2636
2494
1919
2440
1936
2587
2577
2160
2260
2049
2035
2553
2369
2352
2109
2083
2078
2077
1983
1962
1943
2622
2341
2251
1922
2657
2225
2011
2006
2004
2000
1995
1951
1927
2480
2270
2658
2291
2085
2082
1594
1501
1723
1688
1571
1288
1280
1056
959
934
1585
1877
1724
1774
1665
1842
1683
1609
1460
1340
1265
1250
1146
916
1851
1726
1750
1741
1675
1668
1644
1598
1597
1539
1484
1431
1416
1375
1367
1271
1209
1182
1181
1132
999
966
1827
1420
1405
1391
1290
1544
1368
1045
909
1467
1088
1031
991
1867
1839
1833
1826
1819
1809
1782
1717
1689
1678
1622
1621
1619
1614
1605
1562
