0
4003
872
292
4022
918
3820
3709
15
3746
3928
138
883
3451
3589
202
1224
114
1096
2952
1627
3748
3807
3575
1206
247
52
892
3650
1065
1119
179
2195
267
4035
3990
3991
3467
4028
377
4024
4019
4008
1586
70
3983
750
788
884
441
704
860
2505
743
717
886
893
210
3897
3128
33
2792
2017
1253
11
293
1466
3230
46
891
260
244
801
2483
2079
47
3935
2885
3910
3704
1854
1558
2732
42
3159
2263
3885
642
2380
1362
1262
1346
608
602
1208
3407
2714
1856
2596
287
3839
4029
316
911
61
2788
4010
3031
1693
12
157
2569
3071
3282
86
1581
3429
3614
3942
692
3453
3963
152
1386
3183
1890
4015
1755
2808
3946
3271
4001
3268
1002
3801
3180
3372
3181
3131
3251
2902
2930
160
99
177
2565
3037
2651
351
476
399
501
564
393
198
364
864
825
1046
1194
383
3996
4016
4025
4007
23
259
245
91
8
145
90
166
3989
4005
4032
4038
4011
3998
4027
4031
4009
3981
3995
3985
4030
4026
4014
3982
4037
4036
4034
4023
4020
4018
4013
4006
4004
4002
3999
3997
3994
3993
3988
3987
3984
4033
4021
4017
3992
3986
3980
4000
802
775
798
796
767
702
691
839
816
785
744
756
715
740
812
874
870
895
881
837
761
722
741
789
730
808
850
732
833
813
804
786
779
688
771
836
783
759
757
770
734
832
718
849
733
855
822
818
689
844
773
721
706
768
746
736
712
754
795
760
738
727
831
846
853
848
845
781
778
693
847
747
711
710
705
784
745
731
800
735
843
824
787
765
737
716
834
827
748
726
724
708
701
696
838
815
709
687
894
887
885
880
879
877
875
873
871
869
867
866
840
811
805
776
854
852
851
842
835
829
826
823
821
820
817
814
809
806
803
799
797
794
793
792
791
790
782
780
777
772
766
764
763
762
758
755
752
751
742
739
725
723
720
719
714
713
707
703
700
695
694
690
889
882
888
878
830
828
810
807
774
769
728
697
890
861
819
698
686
876
863
856
753
729
858
841
749
699
859
857
868
865
667
4012
594
3673
195
201
3745
3530
3487
273
78
110
275
4
2439
1937
2421
3952
3844
3513
3808
3727
3925
3637
3923
3494
3539
3814
3603
3819
3541
3445
3682
3585
3878
3607
3890
3914
3882
3816
3840
3771
3784
3724
3815
3583
3638
3626
216
328
264
241
89
117
196
94
24
317
253
71
208
66
16
178
184
126
158
311
55
1956
2481
2281
2015
1949
1915
341
207
3661
3827
3953
3775
3732
3660
3689
3765
3461
2524
2013
2528
2587
2217
2113
2100
2119
2515
2444
2632
2178
2614
2450
2245
1961
2357
2360
2251
2437
2034
2487
2094
2405
2130
2230
2644
2456
2316
2097
2016
2012
1950
2650
2255
2076
1919
2166
2626
2284
2388
2129
2225
1957
2207
2159
2435
2365
3733
3904
3444
3880
3522
3620
3598
3569
3848
3799
3567
3934
3806
3679
3447
3544
3778
3473
3736
3950
3630
3515
3949
3776
3587
3913
3572
3896
3751
3720
3653
3524
3584
3975
3701
3772
3927
3483
3802
3846
3892
3725
3657
3554
3961
3566
3551
3744
3616
3833
3509
3486
3958
3955
3870
3899
3837
3579
3519
3940
3863
3812
3624
3549
3536
3459
3659
3696
3655
3762
3787
3769
3735
3866
3970
3690
3664
3516
3895
3694
3559
3518
3686
3681
3658
3450
3912
3898
3883
3869
3768
3479
3905
3546
3446
3957
3757
3919
3481
3730
3627
3492
3511
3507
3573
3838
3628
3543
3528
3497
3743
3441
3468
3929
3795
3622
3490
3707
3862
3698
3599
3649
3639
3931
3821
3668
3529
3959
3779
3731
3911
3669
3791
3783
3766
3843
3758
3564
3535
3907
3713
3705
3978
3908
3903
3646
3665
3652
3901
3685
3960
3933
3920
3747
3465
3967
3823
3764
3469
3508
3505
3773
3826
3706
3558
3488
3452
3900
3761
3634
3602
3601
3568
3466
3792
3719
3711
3648
3506
3944
3703
3867
3850
3740
3722
3553
3860
3611
3485
3956
3937
3906
3464
3941
3835
3728
3715
3710
3678
3644
3636
3590
3755
3600
3932
3647
3872
632
655
254
57
32
50
327
302
132
60
305
243
167
36
63
68
220
258
248
161
134
135
83
306
345
204
96
5
49
285
97
299
249
242
321
296
342
325
261
59
250
223
128
62
226
95
6
151
38
289
111
93
17
143
53
320
197
159
206
113
82
69
314
239
344
295
169
266
194
187
101
80
227
225
156
272
185
269
221
326
230
44
19
298
274
231
29
291
280
129
122
67
51
331
303
48
9
140
115
14
336
288
276
232
176
148
98
84
39
284
281
236
235
203
186
123
108
26
13
322
65
22
323
283
228
200
142
20
88
304
277
224
199
119
118
1934
2170
2118
2098
2613
2147
2499
2454
2179
2044
2658
2585
2538
2622
2513
2607
2311
2307
2154
1986
2645
2627
2447
2364
2006
1931
1928
2657
2337
2297
2050
1951
1935
2256
2466
2477
2460
2213
2108
2540
2231
2181
2171
2580
2534
2440
2403
2628
2570
2535
2488
2152
2146
2051
2008
1933
2424
2412
2160
1922
2248
2173
1990
2314
2236
2193
2114
2035
2182
2455
2459
2359
2121
2545
2542
2363
2300
2504
2339
2275
2200
2150
1966
2655
2532
2506
2484
2352
2287
2140
2115
2078
2536
2393
2067
1942
2514
2000
1976
2566
1982
2205
1057
2618
2648
2061
2009
2612
2517
2270
2647
2640
2636
2494
2157
2116
1991
339
308
125
120
103
87
56
3943
3635
3548
3525
3521
3817
3790
3471
3852
3831
3621
3563
3520
3491
3930
3847
3697
3656
3592
3504
3438
3938
3610
3540
3514
3858
3877
3797
3788
3734
3687
3667
3654
3578
3886
3750
3873
3828
3721
3693
3625
3618
3586
3517
3964
3803
3752
3971
3968
3889
3830
3800
3796
3545
3484
3475
3456
3449
2522
2638
2619
2599
2521
2433
2392
2386
2370
2348
2331
2306
2276
2253
2103
2043
2037
2426
2606
2593
2586
2579
2551
2507
2430
2427
2423
2418
2414
2407
2326
2216
2206
2190
2136
2123
2122
2077
2073
2055
2020
1953
1917
2266
2660
2583
2027
2024
2018
2004
2413
2572
2317
2623
2590
2573
2559
2464
2462
2428
2408
2229
2188
2104
2090
2088
2040
2033
1938
2659
2656
2654
2641
2639
2633
2625
2624
2621
2620
2615
2600
2591
2584
2578
2577
2576
2575
2574
2563
2562
2561
2558
2556
2554
2553
2548
2546
2541
2539
2523
2503
2495
2489
2486
2474
2469
2467
2457
2452
2446
2443
2442
2432
2431
2409
2404
2402
2397
2389
2383
2378
2376
2375
2374
2373
2371
2361
2358
2356
2354
2353
2349
2346
2342
2341
2340
2324
2323
2321
2320
2313
2308
2303
2301
2299
2277
2272
2265
2262
2261
2257
2238
2237
2228
2227
2219
2204
2202
2197
2192
2186
2177
2167
2162
2158
2156
2120
2109
2106
2105
2099
2096
2093
2092
2091
2089
2083
2082
2080
2074
2070
2069
2064
2063
2060
2058
2049
2041
2036
2025
2023
2022
2021
2019
2014
2011
2005
2001
1999
1998
1996
1995
1992
1988
1980
1979
1977
1974
1968
1965
1962
1960
1958
1946
1944
1943
1936
1930
1927
1924
1921
1914
3954
3859
3849
3454
3979
3977
3976
3974
3973
3972
3969
3966
3965
3962
3951
3947
3945
3939
3936
3926
3924
3921
3918
3917
3916
3915
3909
3902
3894
3893
3891
3888
3887
3884
3881
3876
3874
3871
3868
3865
3864
3857
3855
3854
3845
3842
3841
3836
3834
3832
3829
3825
3824
3822
3818
3813
3811
3810
3809
3804
3794
3793
3789
3786
3785
3782
3781
3780
3777
3774
3770
3767
3763
3760
3759
3756
3754
3753
3739
3738
3737
3726
3723
3718
3717
3716
3714
3712
3708
3702
3700
3699
3695
3691
3688
3683
3680
3675
3672
3671
3670
3666
3663
3662
3645
3643
3642
3641
3640
3632
3629
3623
3619
3617
3615
3613
3612
3608
3605
3604
3597
3596
3595
3594
3593
3591
3588
3582
3581
3580
3576
3574
3571
3570
3565
3562
3560
3557
3556
3555
3552
3550
3547
3542
3538
3537
3534
3533
3532
3531
3527
3526
3523
3510
3503
3502
3500
3499
3498
3496
3495
3493
3489
3482
3480
3478
3477
3476
3474
3472
3470
3463
3462
3460
3458
3457
3455
3448
3443
3442
3440
3439
862
643
628
582
675
599
665
595
600
577
659
658
650
640
583
349
499
467
636
618
622
598
666
626
588
633
609
603
660
592
644
639
623
382
562
372
381
347
346
343
338
337
335
334
332
330
329
319
318
315
313
312
310
309
307
300
297
294
290
286
279
278
271
268
265
263
262
257
255
252
251
246
240
238
237
234
233
229
222
219
218
215
214
213
212
211
205
193
192
191
188
183
182
180
175
174
172
170
168
165
154
153
149
147
146
144
141
139
137
133
131
130
127
121
116
112
109
106
105
104
102
92
85
79
75
73
72
58
54
45
43
41
40
31
30
28
27
25
21
18
10
7
3
2
1
324
2095
2298
2029
2210
2131
2560
2478
2449
2084
2221
2145
1913
2631
2630
2604
2602
2601
2564
2552
2550
2549
2520
2500
2492
2485
2482
2410
2369
2329
2309
2290
2278
2271
2258
2244
2240
2220
2218
2212
2201
2172
2165
2164
2139
2124
2112
2086
2059
2046
2045
2030
1997
1993
1989
1984
1971
1963
1929
2544
2493
2318
2490
2208
1969
2222
2448
2425
2406
2366
2296
2260
2312
2155
2518
2635
2345
2259
2611
2526
2476
2429
2395
2391
2387
2334
2288
2234
2184
2142
2056
1983
1954
2529
2525
2519
2571
2401
2610
2480
2416
2362
2291
2141
2646
2233
2048
1972
1916
2400
2355
1973
2415
2305
2285
2249
2110
1952
2530
2501
2479
2434
2293
2252
2003
1970
1964
2652
2603
2568
2274
2137
2075
2062
2438
2399
2396
2390
2294
2243
2235
2226
2125
1985
2637
2594
2581
2557
2497
2473
2417
2411
2335
2325
2322
2310
2286
2242
2214
2211
2209
2185
2175
2126
2107
2085
2057
1978
1975
2653
2642
2475
2372
2267
2232
1987
2537
2531
2381
2350
2176
1981
1959
1940
1925
1918
2516
2491
2338
2295
2163
2134
2071
2007
1994
2617
2598
2588
2509
2498
2472
2394
2379
2367
2304
2302
2280
2161
2138
2101
1939
1923
2609
2597
2533
2471
2465
2445
2420
2351
2194
2151
2068
2002
1947
1926
996
1295
1034
974
1168
986
1664
2582
2461
2436
2344
2333
2330
2328
2283
2282
2254
2241
2198
2174
2143
2102
2054
2052
2038
2032
2031
2028
2010
1955
136
1759
950
1233
589
3948
3851
3741
3692
3684
3677
3674
3651
3633
3609
3577
3561
3501
1326
1061
173
2649
2629
2608
2555
2543
2510
2496
2458
2384
2368
2347
