107
713
3900
4030
280
144
3616
3999
1776
3709
230
349
3912
3585
2889
2691
2902
3565
3897
131
874
846
3695
3985
1627
888
1119
4002
1387
379
1760
255
1654
310
1140
3159
1430
124
1792
816
3661
3071
327
1956
33
233
3933
3787
3045
3588
2450
3624
890
2437
401
218
871
3566
868
3811
3031
587
3546
3720
2281
3986
782
263
68
2106
929
2670
1098
675
603
2983
3864
3147
1325
2808
3126
3682
2621
2380
702
3407
3445
668
2178
51
1759
3743
3854
1065
407
594
4007
1111
3717
3987
4028
4005
3849
756
160
1176
253
3798
201
3647
866
234
2527
2709
529
1136
3816
826
3774
2998
875
1690
3958
10
302
3865
1096
1326
206
12
3676
338
217
95
91
1193
146
45
290
3271
244
1936
865
3704
3882
3461
3929
761
259
3519
2930
1443
607
35
671
2878
3532
2794
3650
3074
3688
3401
102
4019
3502
1346
1270
4027
138
996
3654
454
2886
2580
1253
2975
655
829
841
1445
725
2453
3973
499
638
3477
3638
791
3266
3094
3276
3665
2721
602
3037
3582
911
3560
3323
1581
832
1461
3057
2182
2926
3767
3571
3795
3317
3652
3444
528
3567
240
767
3669
2997
2791
3155
2805
453
3322
3370
619
1775
3953
627
632
854
336
1834
2834
746
2167
3679
870
881
1478
769
884
3393
3771
3333
3814
3446
3467
3807
979
3907
1306
3664
256
2487
2481
1817
649
2396
2565
157
1672
190
151
2466
162
572
386
532
4035
1631
4022
2017
4015
2442
1372
878
1564
3249
882
691
3936
869
864
441
2023
3637
3619
3995
3919
3269
74
3563
894
943
1138
3097
3978
1625
2091
1276
2731
2860
2817
2972
3318
1764
3306
1162
2740
3451
467
2952
1133
2362
3137
3727
1141
384
674
3745
3885
3823
3725
743
1498
2979
3628
2411
717
2048
534
478
210
448
1657
1838
3988
977
4036
1853
645
4037
1203
533
1585
4034
3349
3292
2422
3712
1295
3991
3772
1087
1607
557
1321
3932
446
2
149
2486
14
3570
588
112
411
2255
1474
1442
2207
1157
3846
939
459
258
194
221
730
16
63
1
159
139
3133
250
121
183
189
584
2788
269
69
229
168
2942
212
485
184
22
13
223
2177
320
2799
1499
126
81
77
11
84
1383
120
339
318
2569
867
50
344
79
3290
1978
1855
2688
1497
377
4011
3361
3748
621
3153
430
296
1633
2105
2892
3003
838
309
3039
899
4033
3751
2470
3484
3950
86
472
706
3875
626
2015
443
2736
3229
480
581
2903
3944
2248
3413
257
2855
2814
1187
722
3700
274
1988
3820
1527
2704
3375
237
193
1705
3059
1560
3922
1788
3856
3887
690
737
3942
288
3544
883
1466
991
682
799
1641
660
811
3050
3230
2767
624
2457
2256
3099
723
1384
646
2265
433
1762
987
802
3268
1874
3058
2747
282
3196
1319
886
926
618
2821
1266
892
1090
15
1434
857
2735
2175
1145
2570
1248
571
3979
2596
1681
879
2079
65
3404
689
260
3732
191
3151
739
71
34
876
652
2584
657
1147
3225
1937
1781
923
540
2208
1901
293
219
1982
3537
90
1093
585
270
358
3377
1922
3478
3620
1651
1343
335
267
2762
852
530
153
152
468
2013
3282
2980
880
860
3358
2802
2957
283
3216
1262
43
37
3305
1200
182
3165
207
385
3992
2100
3630
1492
667
1755
1055
2722
245
47
447
114
891
306
1797
1711
205
1386
1830
1297
3340
3164
442
4032
1089
2389
4018
3244
2898
1701
1177
1518
2801
490
3626
3504
1913
3539
3843
642
1046
3522
3583
3634
955
3876
3859
2517
3482
3270
3715
3694
3707
3970
3773
3457
3689
3681
3666
3512
2938
3786
3310
3825
3817
3736
3452
1802
3642
3939
3515
3893
3878
1247
3880
2514
3870
1240
631
711
2534
2503
3916
3805
3285
3410
1599
1212
2403
246
105
678
113
1924
2426
498
28
2076
2515
3513
1521
416
3847
3260
2923
1905
986
1748
910
3917
3946
552
3392
1731
2959
2699
3008
3055
3127
2774
2130
2968
2882
3649
3883
3659
2382
2456
2341
2301
3789
858
3905
3894
736
2703
647
681
583
598
3012
2933
3368
3739
3868
350
3533
3701
3429
720
3091
2824
2671
3489
3308
3061
3716
3439
3844
2651
2505
2036
1274
822
3703
3427
3376
3556
2844
321
143
2732
3372
3131
3181
3465
3757
3579
3476
264
3141
3053
2861
176
1088
1301
175
19
319
6
2838
171
178
1202
330
196
254
1825
1251
2443
3954
3904
3742
3996
4012
3744
4016
3989
3595
3538
23
2321
839
714
2431
2528
3066
3128
1567
623
625
579
633
622
573
609
605
653
659
577
599
661
665
643
670
595
658
650
635
582
640
615
662
578
600
3311
3283
3309
3325
177
733
712
4021
4026
4017
2094
3749
3441
3863
3490
3531
3961
3925
3662
3487
275
2421
2034
2204
753
735
856
825
2051
2548
2113
2439
3632
3923
3653
3815
3498
3809
3641
3783
3776
3920
3696
3791
3901
3908
768
833
707
818
806
850
742
116
137
17
337
140
214
312
111
20
49
1486
4004
4020
4014
4038
4013
4001
3997
3980
889
863
861
804
1890
1027
3581
3516
3594
3523
785
734
776
872
873
885
225
99
227
278
3251
3180
2879
3314
2982
3382
3580
3536
3949
3549
3812
3541
3874
3857
3657
3892
3819
3473
508
70
912
1422
1808
3982
3998
4009
3981
4023
4003
4031
3990
3984
4006
3994
4029
3983
3848
3799
326
262
343
115
41
174
93
226
289
243
266
167
32
187
281
180
24
48
135
127
92
129
192
299
100
316
103
238
98
75
197
101
284
36
303
291
249
231
7
268
199
87
161
188
297
204
155
61
82
165
5
172
232
134
31
148
108
56
251
3
346
169
185
53
323
213
211
345
329
170
109
315
314
141
133
324
301
298
294
286
241
203
94
80
236
313
334
308
158
40
261
55
332
83
21
272
200
122
57
285
128
325
88
26
224
118
104
62
342
322
271
0
304
265
142
123
25
276
277
119
186
72
67
252
239
39
9
242
317
222
106
130
60
341
202
156
132
76
29
311
248
66
59
307
331
30
333
150
208
85
300
235
44
4
96
54
46
89
195
147
73
38
340
292
287
209
181
166
145
295
220
215
18
163
64
305
247
117
125
78
8
273
228
97
3993
4000
4010
4024
3839
3960
3890
3678
3623
3726
3668
3530
3685
3466
3509
3976
3777
3459
3967
3587
3855
3569
3458
3643
3599
3867
3818
3568
3464
3834
3690
3499
3510
3914
3909
3551
3850
3500
3977
3835
3710
3951
3881
3793
3822
3763
3631
3758
3593
3766
3937
3486
3947
3903
3866
3826
3845
3753
3615
3872
3492
3528
3740
3713
3601
3529
3927
3956
3821
3761
3931
3535
3474
3469
3794
3862
3496
3505
3728
3705
3508
3524
3769
3590
3470
3711
3646
3969
3591
3924
3463
3803
3493
3648
3481
3898
3719
3871
3747
3730
3550
3548
3785
3962
3906
3602
3558
3475
3760
3755
3521
3891
3462
3687
3796
3930
3684
3454
3926
3520
3608
3455
3468
3861
3945
3738
3764
3584
3722
3553
3442
3770
3629
3896
3506
3833
3714
3680
3511
3800
3562
3895
3479
3804
3698
3491
3450
3672
3667
3737
3526
3693
3683
3605
3525
3440
3869
3828
3734
3635
3497
3448
3775
3852
3741
3677
3480
3797
3788
3670
3518
3830
3625
3611
3557
3545
3540
3495
3574
3559
3618
3621
3884
3790
3640
3578
3972
3971
3921
3889
3829
3810
3768
3754
3735
3718
3706
3699
3686
3658
3639
3613
3612
3503
3472
3940
3851
3913
3838
3542
3968
3471
3841
3697
3656
3596
3831
3692
3604
3886
3877
3586
3449
3943
3860
3517
3514
3501
3938
3842
3576
3456
862
3731
3437
3966
3488
3873
3756
3750
3674
3651
3633
3609
3577
3902
3573
3527
3948
3702
3721
3592
3827
3675
3965
3888
3910
3759
3564
3622
3779
3660
3663
3614
3610
3645
3784
3554
3636
3507
3782
3534
3460
3957
3918
3598
3762
3555
3780
3575
3975
3974
3792
3572
3494
3600
3934
3485
3858
3627
3438
3691
3552
3824
3840
3547
3802
3543
3778
1085
3655
3617
3765
3836
3708
3752
3561
3671
3483
3915
3959
3928
3911
3853
3832
3801
3733
3603
3447
3443
3879
1806
1698
3607
3813
1847
3899
3963
3952
3941
3781
3964
3724
3644
1852
1165
961
1803
3589
1553
1588
1676
1719
3955
3806
3723
3673
3606
3729
3935
3837
3453
3597
729
893
859
808
797
840
770
698
758
696
793
718
721
830
778
760
752
774
731
815
772
764
747
777
848
701
687
849
784
703
740
697
781
796
788
716
807
765
809
783
766
810
695
705
819
805
780
719
842
813
724
694
754
727
708
693
688
843
820
773
709
748
837
835
801
795
794
792
779
749
728
726
853
847
834
823
762
738
700
828
824
817
686
845
745
827
755
787
814
803
732
771
836
741
704
759
851
786
800
715
844
710
751
812
798
775
763
699
692
821
831
790
855
789
895
887
757
877
750
744
3808
1866
3746
2444
3312
2349
2787
1992
2837
3253
3338
2358
1934
2263
2558
2490
2401
3030
2744
3402
2397
2656
2587
2373
2119
2114
2228
2317
2249
2217
2082
2008
2644
2262
2181
2288
639
620
2746
3248
3163
2809
3294
3010
3080
2851
3300
2789
3231
3135
2961
3023
2888
2874
1552
2843
2819
2763
3431
2918
3178
2954
3214
2633
2322
1915
2455
2197
2160
2488
2335
2371
2260
2357
2342
2412
2035
2523
2448
2192
1928
2050
2313
2205
1952
2618
2152
2070
2320
2234
2613
2393
1942
2427
2383
2540
2638
2350
2387
1935
1977
2146
2297
1840
2964
2298
2231
2165
2413
2400
2566
2277
2641
2658
2147
2005
2574
628
680
575
555
3328
3161
2846
2865
3119
2689
2705
3304
3193
2700
3166
3236
3028
2768
3211
3085
2743
3054
2681
3257
2917
2852
2981
2960
3056
2867
3158
2683
2974
2890
3078
2873
2676
2925
3301
2664
2738
3213
2967
2782
3390
3293
3243
3326
3303
3238
3042
2978
2912
2800
2769
3022
2945
2850
3084
3040
3394
2953
2777
3123
3286
3227
2891
2759
2673
3226
3114
2993
2931
3149
2987
2913
3098
2985
2924
2909
2877
2741
2698
2680
3195
2916
2911
3000
2663
3073
1642
3109
3157
2955
3156
3187
3272
2775
2970
3173
2927
2906
2835
3194
3167
2690
3403
3418
3373
3110
3273
2687
2758
2831
3313
2813
2825
3215
3024
2841
3217
3210
2858
2725
1726
3295
3015
2876
3144
3132
2771
3121
2848
2818
3258
2701
2650
2077
2477
1971
2252
2303
1950
2312
2006
2225
1958
2097
2025
2085
2361
2096
2156
2577
2535
2424
1933
2405
2286
1975
2562
2497
2388
2193
2236
2129
2107
1997
2410
2386
2370
2101
2186
2287
1919
2576
2476
2323
2414
2356
2046
1963
2524
2104
1986
1917
2474
2089
2581
2299
1973
1931
2645
1914
2636
2585
2157
2583
2159
1999
2640
1921
2549
2539
2440
2416
1960
2226
2407
2556
2460
2311
2409
2353
2307
2056
2654
2552
2348
2164
2021
2646
2489
2454
2308
2055
1993
2600
2352
2300
2244
2334
2591
2590
2563
2495
2418
2329
2206
2121
2058
2428
2423
2275
2216
2154
2136
2118
2043
2467
2404
2339
2213
2115
2103
2098
2092
2485
2484
2340
2326
2074
2033
1985
2611
2331
2253
2124
1966
2564
2359
2240
2040
2630
2625
2602
2586
2536
2500
2478
2449
2446
2354
2324
2276
2201
2109
2090
2593
2579
2499
2429
2290
2278
2237
2093
2063
1962
2553
2504
2073
2578
2546
2391
2306
2257
2179
2122
2088
2086
2059
2045
2044
1979
2310
2655
2606
2573
2559
2554
2506
2462
2408
2309
2212
2200
2172
2112
2084
1938
2657
2061
2211
2346
2337
2004
2659
2620
2435
2202
2001
985
2296
2522
2385
2325
2507
2468
2381
2258
2220
2218
2190
2188
2139
2078
2037
1984
1953
1943
2531
2145
2525
2280
2075
1989
2415
2137
2473
2235
2557
2480
2031
2305
2060
2502
1954
2243
2526
1925
2230
2572
2222
2615
2604
2575
2561
2369
2142
2095
1378
1073
382
548
1738
1241
1548
612
634
470
403
397
684
597
510
2693
372
2932
3360
3041
2727
3307
2958
2724
2845
2919
2966
3348
3129
2896
3102
3069
3011
3399
2827
2935
2803
3435
3036
2907
2854
2810
3083
2666
3274
3184
2920
2706
3417
3220
2988
2694
3052
2946
3009
3400
3004
2807
2949
2897
2755
2864
2679
3426
3364
3362
3108
3096
2956
2928
2908
3142
2944
3354
2752
3433
3384
3339
3174
3029
3026
2915
2729
2872
2669
3363
3232
2977
2929
3234
3104
3090
3047
2943
2866
2786
3430
3324
3237
3033
2994
2797
3341
3087
2996
2783
3387
3064
2986
2910
2815
2754
2859
3130
2749
2999
2990
2702
3212
3089
3262
3067
3005
3289
3385
3256
3043
3032
2832
3148
2833
2707
3261
3018
3185
3117
3319
3076
2684
3406
3367
3267
2737
3296
2665
3365
3192
2795
3242
3072
3116
3335
3265
3316
3188
3101
2937
3070
2853
2995
3355
2793
2748
3209
2784
3331
3075
3171
2868
3107
2934
3221
3302
3398
3278
3205
3086
2678
3334
2900
2921
2772
2881
1328
3191
3007
2901
3235
3206
3115
3112
2965
2811
2672
3111
2836
2734
3287
3182
2875
1050
2293
1916
2155
2221
2529
2272
2438
2242
2170
2619
2560
2551
2520
2430
2363
2140
1946
2508
2132
2328
2345
2279
2623
2434
2019
2648
2627
2494
1998
2254
2304
2378
2365
2022
1980
1927
2639
2364
2116
2024
2011
1972
2071
2209
2214
2610
2166
1965
2232
2151
1939
2458
2215
2637
2318
2173
2126
2066
2010
