107
731
3571
3531
4018
219
273
3682
4021
3619
11
2106
667
2902
3180
3200
1403
86
3925
245
327
264
4022
333
309
16
338
3660
275
3953
3856
115
3539
3616
871
870
4032
841
785
861
716
2470
3031
3183
2569
1224
1208
216
2382
2483
1176
2634
2380
1038
2375
979
3338
950
2252
622
1169
1138
1218
2456
300
955
3105
237
3865
283
3218
3932
3789
263
3575
3955
336
206
3727
307
3537
166
3811
247
174
316
904
3807
33
145
15
3650
4038
4020
4016
4028
3984
865
3587
3849
3472
3764
3446
3994
63
20
69
121
3992
102
3536
1
344
38
96
139
340
100
93
3441
32
328
289
301
3688
3959
3935
3729
4011
3982
4015
133
3649
3883
3594
23
3775
3916
27
3694
3669
3965
3846
3681
3482
3767
3639
3522
3588
3742
3967
3517
775
749
750
717
692
4036
4024
873
4006
691
802
886
725
825
3995
746
876
808
712
782
833
818
789
813
751
715
748
783
883
774
801
1096
585
3709
335
209
918
256
2596
114
3820
911
2195
447
241
2269
255
581
1560
205
3037
1270
2814
70
2168
1046
1326
3147
499
1071
1253
321
2481
1233
228
2922
453
351
1276
1395
476
1996
3121
202
2421
1776
464
3003
2714
3749
46
1474
910
564
2441
3290
448
1383
2798
2487
2281
3354
3647
1295
1486
1651
2963
3336
1476
3059
673
437
2263
198
1711
3429
1354
2884
1777
1579
1168
1792
655
657
2388
937
3217
1855
956
1151
2899
3175
478
173
3333
3165
3323
3317
2752
1372
3398
2834
3083
1840
1193
3308
3425
663
1414
2251
2826
1073
3164
3388
435
1708
380
2941
2942
2791
477
628
2360
2373
2568
505
3292
382
920
2695
2710
442
3222
3242
2962
2818
612
551
1817
3392
3144
2181
3194
3410
462
2851
677
625
2096
495
1615
1072
2303
2049
579
1758
1419
600
681
583
578
658
659
640
615
662
675
632
516
661
670
643
635
599
577
582
650
595
357
665
88
576
39
2949
1178
1088
2177
405
1197
3523
1177
73
1889
427
3914
909
58
1387
2926
1043
1499
3427
1788
621
126
1030
1053
3376
3044
1368
2535
1016
260
2805
3401
3678
3970
3904
189
250
2034
3632
3771
163
177
2321
3141
2861
68
3911
288
3122
2017
2799
3439
1254
3216
3716
120
4
270
1657
3489
3251
207
2930
3565
3676
3131
3181
3372
3560
76
3952
91
294
3717
240
259
2975
3074
3055
3942
110
201
155
279
49
35
2595
42
47
182
179
3853
286
210
292
74
215
287
3748
4031
4004
795
4014
4017
4026
4027
863
3991
3996
4037
4034
4007
867
4010
4035
858
881
894
879
757
3837
3708
3757
3476
3864
3461
3755
3572
3917
3614
3492
3912
3878
3520
3701
