0
4012
699
4016
286
3709
2842
215
674
3885
1270
3037
2595
4035
4036
884
4033
851
2195
668
638
335
114
3820
3031
1466
1119
287
2269
1206
3071
3230
608
3974
74
1834
209
3729
1581
292
3748
3183
642
33
3268
233
3746
256
145
1224
377
3808
2740
860
1854
1276
3688
2541
3879
3408
2814
3854
1755
1176
182
1027
386
356
383
1693
2808
3733
61
1252
1105
2380
191
1546
552
201
3965
3897
283
3849
593
671
3227
3749
3632
117
2767
296
3789
3923
1797
865
411
97
904
81
2691
775
3846
581
42
801
3987
594
4001
825
832
2792
891
892
3999
4025
4010
4029
3983
3984
704
879
864
790
855
852
667
785
854
750
859
841
749
692
875
4006
4005
3992
4037
4003
3985
4013
3989
4002
3993
3988
4018
4020
3981
4017
4000
4038
4019
3986
3995
4009
4026
3994
4004
3997
4031
4021
4014
3982
4030
4023
3998
3980
3996
4011
4027
4028
3991
4032
3990
686
687
688
693
694
695
696
697
698
701
703
705
706
708
709
711
713
714
716
718
719
720
722
723
724
726
727
728
730
731
734
738
739
741
745
747
748
752
753
754
755
758
760
762
764
765
766
768
770
771
772
773
774
777
778
779
780
781
782
783
784
787
792
793
794
795
797
800
804
805
807
809
810
814
815
817
819
820
823
824
827
828
829
830
831
834
835
837
838
839
840
842
845
847
848
849
853
856
889
732
736
737
742
751
763
769
789
803
806
813
818
822
833
843
712
729
799
876
836
844
826
816
850
878
715
861
707
863
756
888
759
786
808
821
811
690
746
886
733
812
702
710
689
882
767
880
761
725
740
776
791
869
885
700
796
867
890
874
871
872
691
846
881
873
870
887
798
895
721
802
735
858
866
788
877
893
894
717
743
757
744
4034
883
4024
4022
4008
4007
4015
1096
2470
911
602
2569
37
1145
2596
3798
1386
210
11
3853
447
2457
3451
918
18
2079
585
3570
358
3650
3856
3453
43
607
624
12
15
550
1560
3935
613
244
282
3407
90
255
241
47
401
179
205
443
3875
468
2788
2382
52
1394
1690
216
183
267
3922
2704
160
3704
1395
305
3942
379
154
1065
1326
3732
70
648
2857
35
1233
138
3134
316
153
234
1430
1967
279
3959
3807
1262
3589
3006
1558
3125
1586
3282
1046
2483
301
1627
3801
1208
49
157
1071
3691
3560
155
1253
3717
293
253
3744
1760
2168
112
71
1353
247
899
454
294
1194
76
656
240
207
1362
228
3811
3582
3467
2722
1002
2860
2714
3413
2527
571
3816
2798
3928
3689
3597
660
336
3575
164
2998
499
3699
1034
321
2952
2178
448
2975
3955
2442
2922
3375
2481
174
192
2106
384
3954
2204
270
3121
202
120
1996
262
124
673
453
868
307
572
467
2838
3565
3003
3781
220
1510
166
2441
406
3946
3939
1031
3494
2565
652
3537
1200
327
1969
3653
2963
3673
1937
1713
1651
1762
3588
2971
289
2885
1856
206
3882
1383
3952
996
3978
3865
125
3147
3143
1474
945
530
3765
3953
1890
3887
1022
3619
288
190
3686
2855
3271
3910
2817
193
3742
1711
3544
2437
3444
472
464
3694
3055
3074
110
264
2774
910
1442
3787
3637
3127
1607
2167
1295
351
1057
1346
2634
245
1657
371
1264
1776
3844
3676
2980
3059
3290
2230
27
3839
3489
1579
1157
2505
3310
1476
929
46
3305
2431
1147
1455
152
250
1777
34
3805
1354
1038
349
3925
3606
2015
2422
1417
3678
3429
219
2692
2219
235
562
1486
649
3795
3890
610
485
2736
147
95
3477
2824
498
1254
77
1240
1133
269
6
3751
2671
1168
1924
3217
3270
3806
1838
3970
2358
1664
476
340
229
3727
2884
2776
3665
2621
533
3963
3513
2721
2517
3859
3457
1855
1521
3044
1792
1263
655
390
63
163
44
3936
3432
3161
2100
987
3848
3745
1759
91
3977
3661
2902
3370
1297
86
3441
3893
3091
3660
3447
2493
1498
1301
365
2388
1151
2580
2899
32
2321
2017
2421
102
3372
3175
3813
3724
1974
259
2245
2094
2375
1087
230
3904
3771
311
8
1654
549
51
3094
393
3908
2456
480
347
89
3834
621
2811
2008
985
3700
3669
3333
319
3652
3424
3131
937
243
2263
1552
1058
317
263
131
3961
3864
3216
3180
2732
2528
300
189
126
3941
3916
3911
3552
2651
1961
679
208
64
3336
3181
2752
338
151
1701
2632
2256
3812
3389
3165
3716
3317
2034
441
129
83
3899
3323
167
3445
3159
1372
3600
3436
586
3251
657
260
237
2930
2227
935
399
3126
2041
3901
2805
60
2893
3973
3502
1956
1202
106
93
3530
3045
2725
564
385
3772
3723
3376
2548
1506
1461
1103
534
532
3914
3827
3647
3626
3504
3461
1949
1775
1640
501
3905
3585
3548
3030
672
333
218
3572
3439
1896
1697
1203
1162
1053
1008
