0
716
4026
4002
4016
4015
3570
112
870
757
270
3746
1854
1607
47
4020
4012
152
3993
179
91
3143
1262
3798
205
230
2798
74
2535
1353
1208
3952
401
1627
294
279
1586
1157
1194
1046
3885
195
3846
613
35
3805
2230
3704
97
2204
699
2195
1581
3811
145
3922
2079
234
499
263
2632
244
3408
3732
668
2963
3282
1105
1362
1693
259
2178
90
4027
1057
3565
2842
2767
209
3990
335
4036
4029
891
4022
4005
71
37
3982
3988
3372
3871
2120
750
1486
2316
282
3890
3127
2565
3818
3445
3340
3963
3992
3689
3812
3941
46
54
18
2281
3757
2487
3934
4001
3898
3575
89
3772
2975
4028
2725
3859
2998
3407
34
305
208
4010
3235
802
873
893
892
879
859
816
790
825
693
715
602
2634
875
3736
923
3451
3650
3071
3427
3595
3678
3910
3637
673
2168
3631
3686
872
3660
3453
3074
253
447
1977
3748
77
3911
1058
1394
292
3676
3654
448
3141
1510
3808
216
1887
3723
1383
3322
358
3537
656
943
3954
3657
1386
3928
3270
1301
2691
1498
371
174
3875
3133
2899
945
549
674
939
102
1690
1797
1043
912
2981
593
1411
117
2801
1027
241
1326
642
1145
3769
108
160
1133
3388
286
1206
311
1697
443
624
550
910
3125
586
464
3751
1696
2651
2980
3961
52
1755
1967
1147
222
1896
3375
356
3126
383
629
3974
1119
552
3959
607
911
3733
3849
1297
3879
182
49
1295
3925
3551
3530
3487
3477
2041
885
866
3268
3883
1956
2167
3893
3999
2982
3382
3311
2834
3309
2670
3423
3283
3314
3318
3325
2972
2699
3008
2879
2703
2889
2959
1664
2321
264
8
2034
2421
2358
275
4
218
273
78
181
3801
386
3513
3439
3799
3647
3638
3932
1002
1240
1203
307
193
110
3987
4037
775
749
858
894
895
881
4025
4007
4018
3981
4034
3985
3997
4014
3998
4038
4023
4004
3995
4009
4003
4031
4030
4024
4019
4017
4013
4008
4000
3996
3994
3986
3980
4033
4021
4011
4006
3984
3983
3989
4035
4032
3991
594
788
882
733
691
854
791
833
746
736
707
789
725
886
863
861
729
889
884
806
714
786
771
700
812
756
874
871
864
761
829
711
880
844
782
869
769
721
727
690
832
822
796
768
767
753
742
732
712
704
702
689
878
876
804
837
826
818
772
724
849
701
696
850
808
821
695
741
735
824
777
794
890
827
848
831
835
792
747
773
762
734
698
703
847
842
836
810
781
738
722
720
694
805
752
731
706
813
770
853
843
811
713
828
784
686
780
766
856
845
815
778
723
697
688
740
793
763
840
807
754
748
783
765
737
819
800
709
760
708
820
730
838
719
809
755
739
705
834
799
787
774
751
726
830
817
797
779
759
728
823
814
803
764
758
745
687
718
887
776
839
855
852
846
888
867
860
795
798
710
717
841
744
877
785
851
743
865
868
801
883
692
857
3626
3592
2528
2017
3979
3522
3888
3131
2933
327
2486
2375
2439
2100
2515
3630
3665
3652
3600
3752
3619
3715
3950
3847
3779
3610
3827
2732
2688
3121
3028
3045
2886
3368
3155
2983
3349
3432
168
306
76
299
83
296
227
319
2357
2514
2431
2466
2444
2595
2076
2401
2255
2621
2548
2113
1930
2251
2349
2288
2036
2238
2424
2099
1922
1933
2380
1996
2050
2159
2660
2620
2454
3965
3507
3864
3624
3581
3855
3694
3880
3697
3795
3467
3792
3857
3937
3582
3803
3916
3788
3765
3671
3777
3909
3725
3874
3784
3817
3755
3712
3469
3539
3622
3564
3555
3860
3931
3623
3509
3770
3731
3815
3447
3917
3912
3606
3814
3809
3701
3675
3515
3483
3726
3602
3735
3627
3452
3913
3825
3532
3972
3561
3946
3915
3464
3741
3462
862
3544
3480
3845
3760
3621
3659
3926
3642
3707
3687
3681
3557
3662
3585
3666
3776
3753
3498
3940
3603
3563
3505
3889
3484
3828
3677
3512
3180
2902
3094
3428
3336
3066
2997
2935
3251
3246
2817
2774
3193
3420
3209
3048
3227
3328
3218
2819
2876
3312
3112
3024
2818
3088
2821
2734
3389
3436
3249
2878
2735
2923
3043
2822
3005
2693
2714
2854
2805
3390
2891
3229
2663
3413
3393
2697
3343
3175
3414
2953
3023
3430
2789
2835
2831
3307
3244
3405
2685
3276
3015
3367
3373
3067
3083
3063
3012
2795
2820
3273
2947
2812
2938
2707
2900
2860
2823
2684
2882
2346
1476
2784
2760
1197
1252
126
1
88
235
197
196
101
80
221
63
31
318
183
32
337
17
254
303
163
321
225
278
99
85
165
3
135
2658
50
10
94
24
339
314
288
48
29
220
28
338
51
269
274
260
250
161
231
211
75
276
176
69
123
66
68
19
14
3173
3171
2999
2957
3358
3156
3222
3841
3440
3492
2517
2493
2442
2044
2637
2524
2393
2459
2641
2008
2566
2277
2618
2248
2214
2193
1921
2208
2355
2305
2234
2025
2599
1991
2558
2080
2350
2503
1978
2207
1992
2019
2012
2650
2622
1988
2577
2158
2119
2572
2217
2051
2636
2097
2027
2009
2584
2527
2304
2258
2320
2170
2441
2313
2587
2260
1937
2449
1974
2004
2001
1957
2455
2440
2373
2286
2160
2311
2337
2018
2367
2186
2406
2256
2523
2405
2152
2613
2156
1965
2605
1981
2392
2645
2171
2011
1976
1949
2411
2341
2314
1990
2335
2077
2476
2391
2383
2067
2210
2084
2056
1982
2287
1961
2630
2546
2240
2211
2619
2656
2570
2228
2146
1915
2360
1960
2563
2354
1918
2522
2345
2301
2245
2197
2162
2130
2023
2539
2108
2093
2402
2644
2126
2646
2556
2414
2213
2429
2058
1963
2300
2290
2188
2046
2562
2497
2488
2448
2317
2456
2342
2628
2397
2371
2129
2089
1975
2525
2291
2270
2145
1964
1923
2559
2433
2308
2043
1929
2581
2242
2022
2142
2607
2590
2464
2323
2615
2495
2418
2220
1993
2550
2408
2261
2253
2131
2098
2055
1966
1962
2110
1952
2365
2116
1980
1935
1927
2648
2640
2435
2061
2014
2610
2452
2416
2576
2507
2484
2462
2353
2339
2326
2276
2212
2179
2165
2092
2088
1938
1936
2657
2633
2627
2225
2202
1973
1972
1968
1914
2378
2157
2205
2085
2655
2638
2624
2564
2552
2504
2329
2278
2200
2172
2069
1942
2626
2585
2583
2284
2006
1999
2611
2579
2549
2532
2478
2409
2407
2395
2376
2363
2359
2352
2340
2307
2271
2257
2237
2216
2190
2139
2112
2020
1983
1946
1177
3410
3759
3571
3745
3969
3506
3967
3768
3813
3700
3669
3548
3806
3679
3878
3718
3458
3714
3614
3493
3695
3562
3502
3661
3976
3613
3523
3516
3535
3887
3538
3497
3780
3491
3499
3970
3858
3691
3651
3533
3517
3457
3951
3870
3822
3558
3920
3478
3947
3767
3460
3899
3977
3470
3511
3466
3968
3960
3933
3500
3663
3628
3668
3443
3918
3836
3591
3572
3486
3826
3793
3569
3891
3838
3527
3616
3693
3586
3577
3449
3958
3882
3645
3468
3463
3683
3520
3819
3743
3567
3964
3696
3832
3542
3518
3833
3786
3648
3906
3810
3764
3711
3971
3873
3734
3540
3927
3895
3754
3719
3690
3584
3907
3599
3590
3574
3543
3488
3866
3593
3568
3524
3649
3479
3766
3869
3758
3938
3790
3640
3633
3514
3785
3670
3658
3573
3503
3835
3685
3629
3894
3892
3473
3664
3727
3682
3441
3612
3459
3975
3476
3465
3829
3821
3554
3529
3840
3728
3598
3872
3824
3596
3545
3966
3611
3471
3850
3644
3919
3956
3945
3823
3634
3948
3943
3884
3800
3797
3703
3674
3609
3448
3438
3930
3804
3737
3730
3672
3604
3528
3580
3490
3936
3921
3876
3867
3802
3778
3773
3722
3710
3615
3472
3455
3531
3953
3902
3842
3831
3756
3656
3526
3521
3501
3475
3625
3525
3454
1455
2781
3254
3212
3151
3402
3032
2846
2802
3316
3333
2954
2682
3160
3109
2687
3292
3174
3058
2768
2737
2672
3148
3194
2690
3303
2763
3239
3275
3259
2758
3371
3378
3210
3297
3021
2719
2930
3138
2727
2709
3199
3145
2893
3016
3381
3198
3225
3041
3153
2949
3105
2726
3377
3189
3157
2875
2796
2870
2696
2686
3355
3252
2828
2913
3392
2851
2759
3338
3337
2816
2675
3149
3231
2787
2765
2739
3185
2965
2950
3300
3147
3315
3243
2946
2741
3146
3132
2970
2853
3261
3217
2992
2665
3294
3188
3118
3113
2728
3170
3351
3267
3247
3116
2833
2674
3161
3092
2961
3091
3184
3288
2733
3313
3285
3264
3241
3240
3100
2990
2914
2711
2850
2989
3001
3429
3376
3411
3345
3342
3124
3047
3014
2717
3042
2911
2908
2884
2794
3399
2664
3017
3257
3419
3416
3330
2863
2753
2742
2708
2661
3329
3099
2856
2667
3369
3253
3187
3167
2843
3404
3075
3280
2904
3347
3169
3115
3101
3035
2973
2939
2778
2770
2712
3306
3365
3144
3034
2881
2791
3335
3208
3089
3339
3213
2810
2695
3317
3269
3030
2809
2683
3421
3190
2840
2771
3434
2779
3108
2925
3331
3129
3010
2887
2710
3214
3211
2996
2956
2827
3396
3350
3332
3076
2936
3422
3353
2955
2932
3352
3265
3136
3102
3013
2871
2793
2785
2977
2666
3357
3361
3319
3302
