0
4027
693
255
891
757
743
2541
292
447
90
4012
3031
3781
3147
4029
3875
42
12
4035
3942
2842
386
1713
884
749
704
854
881
3006
3864
894
3691
1560
3853
3983
2722
3570
166
3290
2457
1654
138
2957
3984
163
4002
3175
3991
4007
2204
996
164
3652
3999
3996
3673
356
2838
209
233
613
3811
945
3893
1386
1145
467
1208
43
624
3709
587
499
1016
2788
2632
2380
321
3807
3952
3816
3995
28
642
3922
44
2079
1974
801
3282
1762
2106
157
550
602
2580
1119
1581
3820
4032
411
2798
3125
81
267
918
1031
468
3134
1200
1558
282
3935
3453
2740
668
2569
335
911
3589
1690
987
4000
3513
1105
572
2437
4016
871
858
895
879
825
33
4001
3055
2774
3127
2817
205
52
192
49
725
841
788
802
742
789
689
712
806
746
839
768
850
890
869
833
700
844
816
818
832
791
785
776
775
771
767
759
750
744
740
736
732
717
714
707
702
692
691
690
721
794
822
796
786
782
733
762
715
753
735
687
851
708
836
748
826
711
769
701
814
846
812
808
803
838
835
817
809
793
764
741
730
709
778
754
781
731
821
792
777
888
849
797
783
770
763
716
859
872
887
877
874
893
889
811
780
779
772
766
752
724
705
810
765
853
847
843
837
831
807
761
756
739
734
855
852
834
824
815
813
795
790
773
758
751
738
723
718
713
697
686
848
845
842
840
830
829
827
820
819
800
799
787
784
774
760
755
737
728
727
726
722
720
706
703
696
695
694
688
878
863
861
747
729
885
882
880
873
870
867
866
864
857
856
828
823
805
798
745
719
876
804
698
886
892
883
875
710
699
868
865
860
4014
4023
4036
4004
4026
4017
4038
4031
4030
4028
4025
4024
4020
4015
4013
4008
4003
3989
3987
4018
4009
3981
4019
3993
3985
3994
3986
3980
3998
3997
3988
3982
4021
4005
4011
4006
4033
4010
3992
3990
594
4034
4037
4022
667
3504
3676
3724
3218
3053
3551
3660
3665
3894
3447
3939
3580
3446
3814
3745
3606
3897
3813
3502
3732
3694
3678
3901
3696
3591
3569
3890
3567
3819
3898
3515
3537
3603
3483
3881
3910
3914
3588
3666
3626
3582
3561
3354
3908
3847
3547
3978
3496
3788
3780
3681
3492
3799
3637
3533
3839
3765
3831
3503
3441
3929
3614
3632
3641
3931
3806
3679
3941
3624
3585
3546
3490
3595
3848
3452
3757
3590
3795
3744
3736
3697
3457
3843
3714
3682
3662
3916
3885
3866
3509
3749
3720
3896
3920
3544
3855
3534
3934
3628
3818
3623
3654
3923
3548
3512
3932
3616
3643
3497
3572
3463
3608
3486
3669
3946
3499
3494
3955
3575
3552
3527
3958
3882
3821
3950
3610
3873
3477
3458
3613
3647
3439
3833
3867
3778
3498
3969
3718
3895
3834
3564
3532
3636
3645
3601
3612
3933
3973
3951
3903
3826
3593
3558
3869
3539
3836
3708
3701
3675
3785
3858
3800
3790
3670
3803
3767
3728
3722
3482
3536
3531
3912
3874
3871
3868
3743
3739
3657
3541
3473
3445
3909
3777
3510
3464
3919
3523
3479
3832
3730
3640
3542
3927
3754
3506
3936
3827
3698
3783
3747
3664
3810
3611
3884
3804
3731
3627
3518
3966
3845
3967
3960
3766
3655
3809
3828
3471
3773
3753
3825
3459
3878
3823
3782
3764
3622
3568
3535
3602
3957
3774
3519
3915
3900
3786
3761
3630
3921
3862
3815
3663
3913
3860
3545
3528
3796
3977
3802
3791
3740
3735
3715
3710
3685
3599
3508
3472
3979
3522
3750
3642
1046
3733
3511
3870
3443
3972
3752
3742
3566
247
3338
3180
3401
2861
2975
3181
3271
3141
3227
3311
2699
2922
3126
3094
3099
3333
3317
3155
3012
2692
2834
3428
2852
3130
1627
1027
1002
3367
3674
3525
3930
3852
3683
3574
3462
3971
3902
3842
3817
3692
3677
3625
3563
3526
3521
3501
3484
3440
3943
3851
3841
3667
3656
3618
3596
3556
3480
3448
3944
3797
3756
3734
3721
3687
3633
3586
3461
3456
3976
3975
3970
3968
3965
3964
3959
3956
3953
3949
3948
3947
3945
3940
3938
3937
3926
3925
3924
3918
3917
3911
3907
3906
3905
3899
3892
3891
3889
3888
3887
3886
3883
3880
3876
3865
3863
3857
3856
3850
3844
3840
3838
3837
3835
3830
3829
3824
3822
3812
3805
3801
3794
3793
3792
3789
3787
3784
3776
3775
3772
3771
3770
3769
3768
3763
3762
3760
3759
3758
3755
3751
3748
3738
3737
3729
3727
3725
3723
3719
3716
3713
3712
3711
3707
3706
3705
3704
3703
3702
3700
3699
3695
3693
3690
3680
3672
3671
3668
3659
3658
3653
3651
3650
3649
3648
3646
3644
3639
3638
3635
3634
3631
3629
3621
3620
3619
3617
3615
3609
3607
3605
3604
3600
3598
3594
3592
3587
3584
3583
3581
3579
3578
3576
3573
3571
3562
3560
3559
3557
3555
3554
3553
3549
3543
3538
3529
3524
3520
3516
3514
3507
3505
3500
3493
3491
3488
3485
3481
3478
3476
3475
3474
3470
3469
3468
3466
3465
3460
3455
3454
3451
3450
3449
3442
3438
3872
3779
3550
3517
2671
443
476
3091
899
3242
1586
621
3954
3904
3859
3726
3444
3961
682
657
679
2830
3109
3235
2878
202
177
183
219
145
29
225
10
110
3371
3359
1394
1892
3249
3208
3266
2899
3112
3427
3251
2732
3192
3144
3007
2856
3389
3382
2767
2670
3356
3334
3393
2980
2926
3410
3223
3286
3229
3092
3216
3122
2857
2686
2914
3068
2995
3203
3400
2726
2791
2930
2902
3323
3272
2799
2776
3188
2712
3191
3088
2779
3059
2884
3199
3236
2801
2825
3435
2768
3281
3093
2772
3209
2846
2687
2837
2965
3159
3083
3063
2935
3318
2879
3414
3325
3309
2972
2889
2703
3014
3132
2970
3075
2820
3028
2949
2756
2680
2679
3110
3009
2751
3412
3424
2858
3336
3322
3128
3042
2887
2977
3084
2702
3381
3277
3170
2992
2778
2753
3073
2880
3357
3316
3296
3204
2802
2674
3390
3415
3169
3145
2770
2765
3306
3148
2876
2803
3402
3431
3259
3081
2762
2667
3377
3118
3228
3119
3040
2981
2912
2690
3312
3015
3233
2721
3341
3328
2904
2882
2812
2700
2790
3394
2997
3416
2708
3374
3307
2709
3380
3369
2849
3349
3342
3211
3072
2696
2984
2932
3399
2915
2913
2827
2800
2669
2666
3074
3214
2893
2736
3095
2961
3301
3129
3064
2940
3339
3142
2698
2920
3234
2993
2862
3238
3026
2988
2835
2773
2681
2760
3257
3166
3158
2987
3420
3244
3210
3162
3016
2996
2947
2739
2737
2728
3433
3384
3123
3080
2929
2873
2794
2786
2766
3178
3138
2668
2903
3379
3370
3366
3177
2685
2682
2662
3239
2859
3352
3347
3299
3287
3276
3206
3089
3058
3046
3041
2868
2785
3365
3330
2723
3391
3285
3207
3176
2990
2951
3300
3090
2807
2769
3417
3303
3293
3213
3056
3004
2974
2944
2928
2911
2743
3350
3320
3298
2937
3292
3275
2870
3363
3348
3135
3117
3096
3000
2986
2925
2916
2810
2750
2775
3426
3387
3250
3195
3184
3174
3149
3108
3098
3036
2966
2943
2917
2909
2897
2896
2866
2815
2755
2717
2694
2683
3154
3324
3193
3052
2948
2806
2777
2763
2761
2754
2664
3262
2881
2875
3345
3337
3326
3274
3224
3198
2989
2942
2711
3430
3139
3114
2978
2890
2888
2851
2789
3343
3067
1890
3331
3280
3160
3076
3060
2950
1372
928
3962
3877
3741
3684
3577
3540
3495
3437
862
1756
1306
1168
1178
1748
986
1664
1248
1474
3077
3043
1759
3062
1008
1792
1641
1579
1251
1755
1005
622
532
453
501
441
399
317
50
129
126
1698
1445
3404
3304
3019
2962
2752
1417
1442
3187
3034
2844
2735
3351
3247
3179
3102
2828
2661
3406
3398
3308
3278
3107
3086
2847
2718
2999
3297
2964
2780
2714
3156
1061
3186
3100
2707
1585
1905
1771
1194
970
562
665
599
643
661
660
659
662
647
632
595
582
681
640
615
578
464
1094
1646
1776
1022
573
1023
633
449
1263
677
625
612
611
592
588
1167
1490
466
530
485
3861
3487
433
478
685
655
598
631
616
620
547
510
663
653
618
678
610
405
3434
3397
3360
3261
3252
3240
3215
3212
3152
3124
3116
3082
3038
3035
2793
2781
2748
2742
3248
3190
3002
2921
3264
3255
3167
3087
2955
2758
3396
3115
3049
3011
2991
2833
2796
2733
2719
3050
2865
2831
63
16
275
218
226
151
135
221
246
228
181
4
338
118
259
310
231
263
102
262
330
53
78
266
94
242
346
251
46
106
139
333
326
224
45
278
99
300
191
36
324
150
162
140
23
2
134
66
137
148
299
180
92
276
133
62
327
319
147
179
237
83
222
294
188
67
296
261
250
172
320
332
211
103
25
302
80
73
54
1
20
343
115
17
14
143
93
178
223
200
199
123
79
174
89
264
91
347
213
168
85
72
3185
3103
2688
3319
3201
2938
1240
1193
1865
1419
1161
1546
1463
1266
1854
1295
3432
2764
1787
1606
1065
907
1424
1143
1840
1308
1249
929
1760
1042
3436
3429
3425
3423
3422
3421
3419
3418
3413
3411
3409
3408
3405
3403
3395
3392
3388
3386
3383
3378
3376
3373
3372
3368
3364
3362
3358
3355
3353
3346
3344
3340
3332
3329
3327
3321
3315
3314
3313
3310
3305
3302
3295
3294
3291
3288
3284
3283
3279
3273
3270
3269
3267
3260
3258
3256
3254
3253
3246
3243
3241
3237
3232
3231
3226
3225
3220
3219
3217
3205
3202
3200
3197
3196
3194
3189
3182
3172
3171
3168
3163
3161
3157
3153
3151
3150
3146
3143
3140
3137
3136
3133
3131
3121
3120
3113
3111
3106
3105
3104
3101
3097
3085
3079
3078
3071
3070
3069
3066
3065
3061
3054
3051
3048
3047
3045
3044
3039
3033
3032
3030
3029
3027
3025
3024
3023
3022
3021
3020
3018
3017
3013
3010
3008
3005
3001
2998
2994
2985
2983
2982
2973
2971
2969
2967
2960
2959
2958
2956
2954
2953
2952
2946
2945
2941
2939
2936
2934
2933
2931
2927
2924
2923
2919
2910
2908
2907
2906
2905
2901
2900
2898
2895
2892
2891
2886
2877
2874
2872
2871
2869
2867
2864
2863
2860
2855
2854
2853
2850
2848
2845
2843
2841
2840
2839
2836
2832
2829
2824
2823
2821
2819
2818
2816
2813
