0
854
4028
90
3983
3748
472
282
4022
3606
883
624
2569
2788
12
321
4020
4036
4008
3990
43
335
210
1262
3746
638
443
3974
11
2457
2842
215
384
2382
3928
2565
18
1474
114
1627
2079
1096
3910
316
32
3699
448
1206
660
3650
1834
255
205
42
3453
2798
74
358
3570
3808
81
3619
1176
233
1967
377
3984
717
1252
1386
865
1145
721
1755
3778
3230
2168
3413
293
667
283
1690
2596
1224
550
349
2998
220
3451
3125
3665
904
1254
852
855
798
383
286
33
192
49
1890
3846
3271
244
356
179
145
4034
4001
3981
4021
3989
4003
4027
4023
4002
4018
3998
3988
3985
4033
3982
4017
4038
4037
4031
4030
4029
4026
4025
4024
4019
4014
4011
4010
4009
4007
4006
4004
4000
3999
3997
3996
3995
3994
3993
3992
3986
3980
3991
4032
4016
4013
4035
4015
4012
3987
594
776
887
876
859
867
871
863
894
885
873
872
888
878
895
881
841
802
757
789
822
732
707
889
744
767
839
882
750
890
832
893
886
884
879
877
874
870
869
868
866
864
861
858
771
740
850
833
825
816
811
806
791
788
786
775
768
735
729
725
714
712
704
702
692
691
689
808
804
730
836
818
746
736
753
783
765
803
779
739
687
790
723
748
716
848
812
796
782
742
734
733
851
846
838
826
807
797
792
769
693
799
856
880
843
837
815
756
710
709
703
700
813
795
793
770
762
708
831
821
737
731
690
819
817
787
774
772
766
755
720
698
688
827
686
849
835
824
820
809
800
764
763
761
759
758
754
741
728
722
706
697
726
713
845
830
823
747
738
727
711
853
847
844
840
780
778
777
751
745
724
718
694
834
829
828
814
810
805
794
784
781
773
760
752
719
715
705
701
696
695
842
749
891
875
743
699
785
4005
183
86
307
70
263
2
2245
160
129
250
3805
3881
3787
3582
3922
3822
3879
3653
3441
3894
3771
3322
2882
3181
3131
2752
3134
3270
3376
3893
3474
3765
3308
1854
258
336
14
30
162
301
327
305
262
116
44
167
227
345
228
153
50
328
85
110
311
344
234
133
270
268
274
135
91
8
55
273
78
68
139
4
46
289
140
17
278
225
77
284
251
184
238
29
257
325
269
190
19
126
7
211
291
128
123
45
31
141
276
272
265
231
221
66
63
13
127
149
41
230
99
51
226
115
111
172
95
235
204
180
156
188
2541
2535
2481
2437
2251
2301
2357
2442
260
65
38
22
223
199
94
53
347
341
322
212
158
134
69
26
21
334
332
236
165
113
40
10
9
252
98
3530
3673
3515
3772
3712
3883
3704
3887
3739
3567
3473
3840
3916
3610
3471
3899
3461
3510
3963
3890
3716
857
3973
3460
3946
3587
3660
3671
3923
3696
3607
3628
3538
3445
3913
3871
3595
3511
3499
3755
3560
3621
3955
3591
3939
3537
3908
3541
3641
3614
3866
3764
3459
3855
3659
3952
3720
3593
3483
3848
3727
3686
3462
3440
3629
3949
3976
3833
3718
3613
3562
3780
3512
3701
3944
3934
3762
3681
3958
3909
3794
3768
3711
3574
3956
3443
3504
3905
3536
3678
3534
3524
3927
3622
3564
3752
3634
3630
3601
3568
3469
3468
3737
3605
3666
3698
3903
3896
3895
3829
3758
3620
3555
3507
3640
3964
3783
3478
3867
3835
3713
3707
3705
3690
3900
3648
3458
3676
3951
3870
3826
3706
3572
3569
3509
3463
3901
3832
3505
3639
3594
3481
3637
3809
3708
3526
3767
3753
3599
3553
3945
3937
3915
3761
3726
3602
3583
3464
3918
3837
3774
3757
3675
3579
3519
3921
3827
3773
3722
3685
3442
3545
3838
3485
3682
3863
3662
3624
3546
3490
3932
3513
3491
860
572
467
346
242
213
194
101
24
1071
626
529
1240
2926
2900
3151
2700
3372
2930
3200
2861
3170
3334
2888
3336
3128
2886
3141
2766
3261
3354
3427
3338
3410
3091
2817
3127
3388
2949
2860
2707
3186
3176
2697
2830
3192
2703
3423
3008
2834
2847
3373
2987
3436
2818
2769
2997
3066
3063
3400
2705
3173
3380
2855
2811
3180
2732
3358
3217
3325
3039
3024
3382
2959
3306
2977
2907
3246
3009
2801
3213
2953
3231
3130
3381
3178
3133
2791
3422
3367
3281
3317
3269
3424
2893
2723
3345
2712
3016
3326
2747
2971
3030
2710
3121
3080
2805
2695
3085
3053
3307
3148
3138
3048
2727
2709
2821
3391
3206
3132
2720
2803
3364
3040
3036
3068
2884
2741
2670
3390
2734
2820
3301
2919
3293
2981
2924
2683
3163
2916
2852
2746
2743
2681
3202
3108
3073
3047
3023
2827
2786
3117
3049
2846
2772
3394
2825
2936
3244
3097
2996
2812
2768
2675
2978
3273
3203
2947
2934
2758
2662
3418
3369
3236
3167
2932
2843
2913
3352
3299
3240
3140
3060
2796
2868
3371
3154
3286
3237
3234
2967
2945
2940
2920
3337
2668
3396
3182
3318
3311
3195
3056
2908
2896
2863
2773
2669
2682
3404
3259
3256
3232
3228
2891
2749
3435
3417
3257
3243
3158
3135
3078
3029
2994
2969
2944
2887
2880
2810
2729
2689
3103
3184
2912
2877
2864
2664
2824
3313
3050
3387
3363
3348
3284
3226
3149
3098
3084
3064
3033
3004
2993
2906
2905
2866
2839
2815
2698
2676
3430
3428
3426
3139
3114
2899
2789
2731
3419
3397
3353
3330
3296
3276
3265
3239
3188
3152
3115
3102
3035
3021
2950
2853
2770
2765
2708
2687
3420
2175
3416
3350
3347
3267
3247
3169
3145
3120
3110
3082
3038
3027
2970
2939
2828
2787
2785
2781
2778
2674
3409
2856
2784
2780
3124
3405
2829
2739
2738
2728
3434
3160
3067
2823
2742
2672
3069
2938
3083
3012
2983
2951
3332
3262
2957
2937
2894
2684
3344
3291
3172
2973
2958
2783
2753
3043
3340
2923
1969
1930
3076
3331
3233
2892
2869
2775
1034
3683
3573
3943
3919
3864
3790
3670
3649
3576
3517
3516
3488
3779
3540
3902
3702
3697
3667
3547
3492
3484
3677
3962
3796
3788
3687
3656
3654
3611
3533
3514
3480
3456
3741
3692
3618
3979
3888
3626
3522
3825
3738
3872
3672
3948
3930
3873
3824
3734
3586
3548
3525
3501
3361
3298
3225
3157
3017
2819
3398
3061
3034
2859
2685
2665
3395
3383
3327
3018
2736
2696
3342
3320
3302
3287
3254
3198
3072
2719
3343
2999
2693
3258
1797
3003
342
323
313
229
185
170
163
148
132
122
109
64
54
48
25
343
340
338
337
333
331
330
329
326
324
320
319
318
317
314
312
310
309
308
306
303
302
300
299
298
297
296
295
294
290
288
287
285
281
280
279
277
275
271
267
266
264
261
259
254
249
248
247
245
243
241
240
239
237
232
224
222
219
218
216
214
208
206
203
201
200
197
196
195
193
191
187
186
182
181
178
177
176
175
174
168
166
161
159
157
155
154
152
151
147
144
143
142
138
137
131
130
121
118
117
112
108
106
105
104
102
100
97
96
93
92
89
88
87
84
83
82
79
76
75
73
72
67
62
60
59
57
56
39
36
35
28
27
23
20
16
6
5
3
1
2439
2263
2450
2113
2483
2094
2441
2217
2634
2204
2580
2277
2613
2248
2076
2632
2178
2456
2310
2252
1961
1956
2029
2486
1992
2355
2358
2383
1977
2400
2025
2080
2452
2490
2444
2320
2130
2424
2070
2034
2425
2599
2048
2181
2051
2295
1933
2558
2231
2644
2562
2227
2238
2570
2177
2415
2584
2019
2014
2467
1987
2311
2519
2501
2099
2387
2209
2330
2628
2316
2409
2041
1996
1937
2571
2447
2559
1997
1953
1981
2049
2466
2261
2213
2553
2532
2454
2329
2300
2299
2189
2147
2059
2092
2192
2012
2534
2314
2158
2050
2097
2022
2611
2489
2485
2429
2423
1918
2651
2525
2265
2256
2186
2185
2066
2036
1965
2554
2504
2500
2469
2356
2257
2172
2118
2098
2040
1946
1943
2577
2474
2448
2440
2335
2197
2166
2162
2129
2639
2435
2364
1927
2296
2110
2236
2173
2152
2512
2432
2390
2368
2161
2133
2416
2499
2393
2303
2201
1984
2592
2563
2464
2370
2363
2306
2104
2063
2117
1994
2602
2601
2591
2551
2521
2476
2460
2449
2428
2418
2404
2381
2352
2340
2326
2240
2229
2218
2212
2210
2200
2188
2179
2150
2140
2136
2095
2088
2084
2074
2033
1989
1979
2403
2286
1978
2523
2361
2624
2615
2607
2604
2593
2578
2564
2556
2552
2536
2520
2492
2482
2430
2408
2354
2331
2324
2323
2308
2290
2287
2278
2190
2184
2154
2131
2123
2122
2121
2109
2108
2086
2064
2043
2037
1993
1985
1966
1963
1925
1917
2620
2598
2566
2419
2347
2322
2313
2304
2291
2235
2232
2214
2205
2191
2085
2082
1955
2207
2637
2581
2493
2406
2362
2325
2242
2145
2013
2346
2016
1995
1968
2518
2434
2377
2344
2298
2221
2176
1970
1939
2455
2341
1922
2659
2658
2648
2585
2365
2284
2171
2011
1991
1980
1951
1935
1931
2529
2116
2647
2636
2635
2494
2472
2458
2451
2267
2247
2153
1998
339
315
304
246
169
120
103
2814
499
468
498
3925
3723
3904
3604
3454
3566
3978
3977
3975
3972
3971
3970
3969
3968
3967
3966
3965
3960
3959
3957
3954
3953
3950
3947
3941
3940
3938
3936
3933
3931
3929
3926
3924
3920
3917
3914
3912
3911
3907
3906
3898
3897
3892
3891
3889
3884
3882
3880
3878
3876
3875
3874
3869
3868
3865
3862
3860
3859
3858
3857
3856
3853
3852
3851
3850
3849
3847
3845
3844
3843
3842
3841
3839
3836
3834
3831
3828
3823
3821
3819
3818
3817
3815
3814
3813
3812
3811
3810
3806
3804
3803
3802
3801
3800
3799
3797
3795
3793
3792
3791
3789
3786
3785
3784
3782
3781
3777
3776
3775
3770
3769
3766
3763
3760
3759
3756
3754
3751
3749
3747
3745
3744
3743
3742
3740
3736
3735
3733
3731
3730
3728
3725
3724
3719
3715
3714
3710
3703
3700
3695
3694
3693
3691
3689
3688
3680
3679
3674
3669
3668
3664
3663
3661
3658
3657
3655
3652
3647
3646
3645
3644
3643
3642
3638
3636
3635
3632
3631
3627
3625
3623
3617
3616
3615
3612
3608
3603
3600
3598
3597
3596
3590
3588
3585
3584
3581
3580
3578
3577
3575
3571
3565
3563
3559
3558
3557
3554
3552
3551
3549
3544
3543
3542
3539
3535
3532
3531
3529
3528
3527
3523
3521
3520
3518
3508
3506
3503
3502
3500
3498
3497
3496
3494
3493
3489
3486
3482
3479
3477
3476
3475
3472
3470
3466
3465
3457
3455
3452
3450
3449
3448
3447
3446
3444
3439
3438
862
437
588
663
657
666
665
684
623
597
632
677
644
592
670
635
662
583
681
643
685
573
80
654
1253
618
636
612
605
485
449
466
440
562
530
382
522
429
540
593
352
1411
1266
1353
630
1477
1177
1087
1905
1776
1657
1053
3432
3385
3179
3057
2498
2461
2399
2241
2198
2072
2007
1932
1697
1775
3433
3431
3429
3425
3421
3415
3414
3412
3411
3407
3406
3403
3402
3401
3399
3393
3392
3389
3386
3384
3379
3378
3377
3374
3370
3368
3366
3365
3362
3360
3359
3357
3356
3355
3351
3349
3346
3341
3339
3335
3333
3329
3324
3323
3321
3319
3316
3315
3314
3312
3310
3309
3304
3303
3300
3297
3295
3294
3292
3290
3288
3285
3283
3280
3279
3277
3275
3274
3272
3266
3264
3260
3255
3253
3252
3251
3250
3249
3242
3241
3238
3235
3229
3227
3224
3223
3221
3220
3219
3218
3216
3215
3214
3212
3211
3210
3209
3208
3207
3204
3201
3199
3197
3196
3194
3193
3191
3190
3189
3187
3185
3183
3177
3175
3174
3171
3166
3165
3162
3159
3156
3155
3153
3150
3147
3146
3144
3143
3142
3137
3136
3129
3126
3123
3122
3119
3118
3116
3113
3112
3111
3109
3107
3106
3105
3104
3100
3099
3096
3095
3094
3093
3092
3090
3089
3088
3087
3086
3081
3077
3075
3074
3070
3065
3059
3058
3055
3054
3052
3051
3046
3045
3044
3042
3041
3037
3032
3028
3026
3025
3022
3019
3015
3014
3013
3010
3007
3006
3002
3001
3000
2995
2992
2991
2990
2989
2988
2986
2985
2984
2982
2975
2974
2972
2966
2965
2964
2963
2962
2961
2960
2956
2955
2954
2952
2948
2946
2943
2942
2935
2933
2931
2929
2928
2927
2925
2922
2921
2918
2917
2915
2914
2911
2910
2909
2904
2903
2902
2901
2898
2897
2895
2890
2889
2881
2879
2878
2876
2875
2874
2873
2872
2871
2870
2867
2865
2862
2858
2857
2854
2851
2850
2849
2848
2845
2844
2841
2840
2837
2836
2835
2833
2832
2831
2816
2813
2809
2808
2807
2806
2804
2802
2800
2799
2797
2795
2794
2793
2792
2790
2782
2779
2777
2774
2771
2767
2763
2762
2761
2760
2759
2757
2756
2755
2754
2751
2750
2748
2745
2744
2737
2735
2733
2730
2726
2724
2721
2718
2717
2716
2715
2713
2711
2706
2702
2701
2699
2694
2692
2691
2690
2688
2686
2680
2679
2677
2673
2671
2667
2666
2663
2661
1419
951
2617
2594
2588
2582
2555
2516
2511
2468
2417
2389
2385
2351
2343
2338
2289
2273
2215
2194
2174
2135
2127
2111
2101
2039
2038
2032
2026
2002
1959
1954
1945
1544
1498
3278
3222
3101
2979
926
3205
3168
3164
3079
3062
3020
3011
2976
2883
2826
2764
2725
1140
2629
2542
2510
2420
2333
2328
2319
2292
2266
2199
2187
2180
2149
2148
2132
2087
2068
2065
2047
1920
3289
1852
1055
1676
1061
1780
1150
922
1670
1405
1002
1594
1782
973
923
1705
1031
991
1383
1723
1196
1251
958
1860
1301
1556
3886
3877
3830
3750
3721
3684
3651
3633
3609
3592
3561
3556
3550
3495
1653
1323
1460
1171
1008
1642
1077
1772
1201
932
1585
1626
1239
1368
1788
961
1532
1883
1123
1403
956
1874
1340
1112
1538
1439
1605
1722
1580
1180
3328
3263
3248
3245
3005
2968
2941
2822
2678
1666
1821
1712
1132
1138
959
1528
1524
1485
1484
1441
1402
1076
1886
1826
1351
1285
1898
1665
1542
1519
1399
1388
1030
1530
1191
978
1714
1491
1832
1637
1597
1295
1317
1851
925
1535
1522
1369
1146
993
934
1796
1750
1707
1668
1571
1563
1330
1287
1214
1207
1175
983
946
1889
1197
1307
1845
1734
1659
1623
1520
1116
1049
1892
1493
1648
1314
1186
2885
2838
2740
2704
217
189
150
119
1724
1771
2660
2657
2656
2655
2654
2653
2652
2650
2649
2646
2645
2643
2642
2641
2640
2638
2633
2631
2630
2627
2626
2625
2623
2622
2621
2619
2618
2616
2614
2612
2610
2609
2608
2606
2605
2603
2600
2597
2590
2589
2587
2586
2583
2579
2576
2575
2574
2573
2572
2568
2567
2561
2560
2557
2550
2549
2548
2547
2546
2545
2544
2543
2540
2539
2538
2537
2533
2531
2530
2528
2527
2526
2524
2522
2517
2515
2514
2513
2509
2508
2507
2506
2505
2503
2502
2497
2496
2495
2491
2488
2487
2484
2480
2479
2478
2477
2475
2473
2471
2465
2463
2462
2459
2453
2446
2445
2443
2438
2436
2433
2431
2427
2426
2422
2421
2414
2413
2412
2411
2410
2407
2405
2402
2401
2398
2397
2396
2395
2394
2392
2391
2388
2386
2384
2379
2378
2376
2375
2374
2373
2372
2371
2369
2367
2366
2360
2359
2353
2350
2349
2348
2345
2342
2339
2337
2336
2334
2332
2327
2321
2318
2317
2315
2312
2309
2307
2305
2302
2297
2294
2293
2288
2285
2283
2282
2281
2280
2279
2276
2275
2274
2272
2271
2270
2269
2268
2264
2262
2260
2259
2258
2255
2254
2253
