0
4021
799
292
891
43
1586
749
256
201
153
667
3589
467
1145
642
448
2380
112
1394
4024
3717
3935
3954
866
1607
602
776
613
852
775
750
3652
875
871
215
721
2808
2691
2788
4016
648
244
2431
1956
996
4008
3925
3928
2814
668
3691
3407
1326
247
893
3987
3689
1206
2714
2505
307
3709
2470
744
70
4
81
1693
1466
459
987
2541
3798
3808
3673
3006
3444
660
1031
3134
2450
3854
1264
692
911
3688
2013
2792
37
1353
2569
33
2824
4032
918
3875
2457
191
454
2595
1071
3235
64
3806
638
2860
1664
390
3161
293
206
279
1270
316
607
2316
386
1065
1176
4001
1430
1834
3748
1119
3575
267
3600
3031
1224
294
3984
2481
61
183
3848
155
4029
42
3530
1760
286
181
195
78
328
306
275
273
218
4007
4025
3141
3271
757
879
858
881
870
895
3733
174
581
572
264
8
233
894
876
825
874
873
867
802
791
816
689
812
850
732
888
878
863
861
889
811
804
730
837
808
723
892
887
886
885
884
882
877
872
869
890
798
795
806
707
824
843
835
765
709
822
796
836
746
733
691
777
786
712
720
751
711
855
854
839
832
813
809
801
789
788
785
778
771
767
766
762
759
756
743
740
729
725
718
717
715
714
710
702
700
856
846
834
807
800
764
693
849
845
797
770
741
737
792
753
735
779
773
739
880
838
810
803
793
783
774
769
763
758
745
716
703
687
826
821
736
726
701
829
817
814
805
794
784
768
755
731
728
727
722
708
706
698
697
694
853
847
842
840
833
831
830
827
823
818
815
787
782
781
780
772
760
752
748
742
738
734
705
696
695
690
688
686
844
828
820
819
761
754
747
724
719
713
704
848
864
699
851
790
859
841
868
865
883
860
4002
3989
3996
4006
4031
4013
4038
4005
3999
3994
3981
3985
4037
4028
4027
4018
4003
3993
3983
4023
4020
4009
4004
4019
4014
3998
3997
3988
3980
4033
4017
4030
4026
3986
3982
4034
4000
4036
4035
4012
4010
3995
3992
3991
3990
594
4015
4011
4022
3489
3887
3781
3844
3890
3939
3905
3566
3509
3812
3579
3859
3834
3958
3882
3614
3446
3819
3598
3977
3597
3543
3879
3632
3581
3686
3766
3878
3778
3927
3783
3751
3801
3663
3695
3626
3445
3715
3973
3915
3515
3588
3676
3665
3583
3911
3881
3920
3901
3965
3855
3782
3606
3558
3792
3591
3572
3593
3957
3757
3476
3870
3571
3465
3599
3775
3903
3815
3636
3866
3818
3931
3690
3646
3932
3647
3638
3772
3532
3735
3857
3739
3567
3976
3896
3763
3643
3752
3924
3900
3458
3803
3767
3507
3506
3963
3949
3811
3580
3549
3531
3912
3874
3725
3473
3922
3441
3511
3504
3909
3761
3634
3568
3468
3459
3975
3675
3738
3466
3747
3482
3472
3776
3696
3664
3655
3615
3508
3821
3671
3535
3534
3771
3662
3624
3585
3961
3754
3524
3479
3565
3764
3726
3724
3822
3486
3576
3972
3786
3602
3474
3443
3862
3835
3498
3894
3682
3679
3742
3799
540
3917
3892
3743
3907
3850
3840
3769
3753
3740
3713
3710
3685
3590
3492
3442
3557
3544
3603
3891
3497
3520
3805
3526
3941
3659
3847
3918
3898
3883
3864
3755
3680
3669
3649
3613
3562
3560
3516
3502
3556
3470
3635
3547
3967
3956
3587
3478
3893
3837
3836
3869
3645
3617
3601
3469
3736
3852
3553
3640
3670
3908
3484
3707
3637
3797
857
3858
3785
3731
3730
3574
3897
3661
3926
3824
3702
3542
3528
3527
3518
3480
3452
3860
3697
3693
3642
3485
3471
3978
3974
3969
3960
3951
3947
3945
3940
3937
3936
3933
3923
3921
3919
3916
3914
3913
3910
3906
3904
3899
3895
3876
3871
3868
3867
3865
3863
3861
3849
3843
3839
3833
3832
3829
3827
3826
3825
3823
3817
3816
3814
3813
3810
3809
3807
3802
3794
3793
3791
3789
3784
3777
3774
3773
3770
3768
3762
3759
3758
3749
3744
3728
3727
3723
3722
3721
3720
3719
3718
3716
3714
3712
3711
3708
3706
3705
3704
3703
3701
3700
3699
3698
3694
3681
3678
3668
3666
3660
3658
3657
3656
3648
3644
3641
3639
3631
3630
3629
3627
3623
3622
3620
3619
3616
3610
3608
3607
3595
3594
3584
3582
3573
3569
3564
3559
3555
3554
3552
3546
3541
3539
3538
3536
3529
3523
3519
3514
3512
3510
3505
3503
3500
3499
3496
3494
3493
3490
3488
3487
3483
3481
3477
3475
3467
3464
3463
3462
3460
3457
3455
3454
3450
3447
3439
670
582
480
650
577
681
665
659
643
632
599
576
640
628
627
468
443
655
666
588
621
476
399
626
633
598
597
573
636
603
575
678
631
574
1016
644
623
579
2565
2441
2178
662
600
372
610
380
296
270
202
152
1627
985
1295
1008
3628
3521
3491
3800
3966
3930
3929
3902
3605
3888
3522
3889
3873
3845
3838
3790
3734
3672
3651
3971
3950
3831
3795
3779
3674
3540
3830
3684
3884
3804
3796
3788
3760
3687
3654
3578
3533
3438
3948
3979
3828
3677
3618
3611
3586
3517
3449
862
3964
3942
3612
3604
3970
3968
3886
3841
3780
3737
3683
3625
3563
3550
3501
3938
3934
3880
3842
3756
3692
3667
3621
3596
3548
3545
3461
3456
3448
3440
3437
1364
931
1168
1887
1749
1248
1755
1728
1489
675
661
658
649
639
622
615
611
595
593
583
578
684
682
672
664
625
619
617
612
605
437
647
671
590
522
466
453
435
382
362
571
685
657
654
618
592
568
441
364
502
401
377
457
680
547
530
564
198
478
1748
1218
1822
1829
677
653
616
589
1055
1157
1690
1419
679
584
1889
979
1403
1143
1043
1797
620
511
609
565
548
367
656
536
409
1297
2227
2634
2017
2558
2422
2008
2421
2570
2182
2265
2014
2641
2580
2175
2321
2455
1949
2486
2320
1711
1961
474
430
508
509
531
455
450
361
355
1654
1400
482
556
521
458
442
418
403
614
495
473
446
387
635
524
385
398
570
543
569
567
537
504
350
646
460
392
554
505
424
397
369
147
89
6
97
240
177
102
68
57
76
549
166
163
318
84
144
317
301
175
309
108
36
192
222
10
120
1784
1363
1792
1383
1629
1027
1002
1634
1575
1733
1319
1097
958
1840
1279
1229
1404
1414
950
1841
1499
1299
1455
1152
1348
1246
1853
1896
1314
1284
1013
976
1443
1154
1094
939
1633
1625
1606
1090
965
1429
1708
1249
955
1174
1503
1203
1349
905
1568
1672
1005
1682
1649
1475
1500
1406
1035
1188
1645
1408
1884
1292
1308
1236
940
944
1640
1134
974
1680
1576
1275
1011
949
1725
1418
1311
1147
937
1848
1454
1294
3962
3943
3877
3872
3851
3750
3741
3633
3609
3592
3577
3561
3525
3495
1903
1764
1870
1681
1428
1259
1226
1121
1041
1894
1638
1595
1316
1306
1245
1108
1694
1566
1478
1342
1234
1794
1343
928
1366
1310
1228
1042
1010
943
1194
1636
1100
1855
1529
1504
1472
389
1158
1445
1628
1587
1423
1298
1751
1706
1322
1286
1215
1104
1067
971
898
1844
1436
353
924
1720
1655
1345
975
1828
1099
1815
1260
1169
986
1073
1904
1667
1089
1910
1671
1591
1273
942
1773
1766
1549
1704
1729
1103
941
1303
1261
1907
1906
1785
1783
1732
1699
1686
1582
1525
1412
1309
1221
1216
1167
1070
1018
1602
1142
930
1368
1880
1787
1747
1468
1137
1118
963
1899
1873
1691
1379
1347
1257
1190
1129
1019
957
1648
1601
1493
1452
1378
1333
1186
992
938
1893
1875
1872
1715
1661
1647
1583
1515
1502
1462
1459
1448
1432
1426
1413
1373
1350
1315
1282
1277
1231
1227
1120
1081
1015
1009
989
981
1850
1679
414
630
1878
1763
1695
560
1320
1268
936
527
488
463
1300
683
676
669
645
634
604
591
587
586
559
557
545
514
496
490
481
461
417
410
394
360
354
561
558
555
553
552
551
550
542
539
535
534
533
529
528
519
513
510
507
498
497
493
492
491
489
487
486
477
472
471
470
464
462
456
452
447
445
444
440
434
433
432
429
426
423
422
419
413
406
405
402
396
395
393
391
388
383
381
373
365
359
351
349
1727
1709
1703
1444
1183
1052
914
1494
1144
1806
1045
1033
1719
1034
1788
1111
1030
1701
951
1050
1562
1441
1020
1133
1212
1660
1427
1192
1060
1032
1022
641
1063
1874
1025
1807
1696
1239
1745
1357
596
1630
651
566
525
512
428
408
375
374
368
366
1434
1901
1897
1492
1401
1836
1523
2310
2522
1437
1537
1307
1463
1375
1771
1278
1594
1532
1810
1293
1536
1080
1485
1737
1658
1538
1524
1435
1263
1491
1407
995
1588
1410
1712
1132
922
1200
1114
637
1266
1177
1057
956
1542
1163
1024
983
1796
1439
966
1734
1722
1668
1458
1207
1497
1128
1531
1518
1184
1877
1054
1003
1847
1517
1285
1092
1809
1795
1584
1881
1753
1689
1520
1516
1185
1149
1110
1059
952
1900
1793
1336
1201
1039
1453
1124
1004
1605
1598
1402
1180
1083
1056
926
1498
1483
1461
1384
1775
1440
1370
1238
982
1256
1214
1885
1882
1692
1673
1616
1545
1543
1514
1512
1506
1397
1217
1179
1122
1001
953
606
580
515
506
503
494
479
465
412
404
400
378
363
352
1387
2658
2097
2225
1978
2263
2483
2517
2382
2255
2490
2076
2454
2044
2219
2248
2173
2584
2636
2193
2181
2001
1914
2228
2644
2051
2158
2432
2400
2621
2581
2548
2402
2317
2119
2041
2605
2256
2016
2603
2656
2519
2499
2401
2177
2487
2281
2448
2023
2524
2383
2048
1977
2296
2413
2085
2557
2322
2249
2094
2626
2025
2587
2412
2251
2130
2114
2034
2610
2080
2449
2443
2362
2270
1982
2272
2036
2355
2351
2312
2061
2439
2217
2100
2562
2411
2403
2166
2160
2152
1922
1915
2168
2360
2260
2230
2568
2480
2469
1964
2236
2571
2473
2274
1994
2163
2095
2067
2438
2398
2629
2612
2314
2286
1990
1975
1965
2433
2311
2208
2589
2525
2416
2379
2367
2366
2330
2186
1944
1923
2628
2618
2397
2082
1936
1930
2489
2266
2213
1918
2447
2364
2000
2417
1999
1951
2408
2627
2202
1995
1931
2222
2637
2226
2127
2026
2650
2466
2426
2349
2207
2170
2494
1950
2606
2574
2420
2348
2307
2147
2073
2434
2304
2101
2075
2029
2619
2556
2520
2495
2356
2353
2339
2331
2278
2136
1997
2639
2459
2157
2024
2012
2214
2648
2647
2346
2337
2297
2192
2011
1972
1957
1928
2390
2389
1952
2122
2506
2485
2446
2376
2276
2275
2090
2069
2055
1986
2577
2540
2474
2146
2089
2537
2243
2232
1987
2620
2583
2171
2050
2027
2022
2006
1998
1980
1919
2659
2640
2010
1968
1935
1927
1926
1921
2436
2111
2042
2518
2498
2458
2327
2246
2110
2234
2092
2084
2019
2630
2617
2615
2609
2597
2461
2451
2423
2381
2323
2302
2280
2223
2196
2153
2121
2108
2103
2088
2078
2071
2064
2058
2047
2021
1971
1955
1946
2646
2638
2586
2559
2551
2532
2482
2467
2429
2428
2404
2392
2370
2253
2212
2210
2179
2131
2115
2037
1929
2523
2440
2341
2091
2488
2129
2126
2120
2655
2601
2552
2536
2504
2464
2410
2409
2352
2324
2257
2140
2109
2622
1988
2654
2631
2623
2607
2604
2602
2590
2578
2576
2573
2563
2554
2550
2549
2546
2521
2484
2395
2369
2359
2334
2326
2300
2240
2201
2188
2184
2172
2165
2112
2104
2098
2093
2086
2063
2059
2046
2045
2020
1993
1984
1983
1966
1953
1943
2582
2419
2384
2343
2318
2221
2132
2032
1939
2653
2649
2344
2325
2292
2199
2174
2155
2031
1945
1940
1932
1817
1697
1540
2643
2592
2516
2512
2511
2502
2463
2445
2394
2368
2298
2294
2247
2241
2239
2224
2215
2180
2144
2143
2128
2117
2054
2007
1920
1913
1289
546
544
541
523
520
518
516
500
485
483
475
469
451
449
439
438
436
431
427
425
421
420
416
415
407
370
357
308
60
219
262
116
17
151
299
168
290
131
46
331
98
16
160
182
184
139
259
216
59
23
263
143
99
100
340
246
96
302
242
30
266
249
187
101
285
185
124
75
320
329
20
14
238
48
284
176
62
44
229
31
69
167
137
346
94
80
24
178
73
231
314
211
207
103
25
53
27
1
332
298
274
258
232
200
132
117
173
338
172
106
82
140
41
325
313
295
276
224
186
158
118
104
13
324
345
281
277
223
212
197
127
55
39
289
214
115
272
252
203
199
169
161
156
141
133
119
113
67
66
110
304
136
129
323
283
142
85
343
333
2954
2893
3401
2857
2732
3159
2975
3126
3300
2710
3317
2736
2898
1837
1593
1533
1371
1161
2692
3389
3328
2804
2725
2876
2769
2888
3398
3266
1450
2821
2832
3338
2941
1772
1476
3278
2693
1687
1832
1040
959
1909
1895
1892
1890
1876
1871
1869
1865
1862
1859
1857
