0
887
4019
4033
4022
2569
1119
1466
35
2842
247
3003
3055
1224
179
335
868
3544
550
3801
454
841
377
114
3147
4034
4032
4010
3996
3984
4007
2704
3700
3848
4006
3614
1096
42
4028
1560
3453
244
875
3853
4003
3970
163
3575
1200
292
3897
674
3031
2457
182
283
1558
870
3183
1295
1430
3820
301
472
358
3748
467
1797
581
43
4029
12
668
468
585
4008
287
996
401
3959
1856
2740
788
1133
893
2857
267
860
775
750
749
743
3451
912
2380
2227
499
2792
3935
3751
286
1967
613
3489
2596
3676
15
2814
929
3570
2269
1046
250
602
1233
3795
1760
3429
256
1065
1176
11
3197
3372
3875
2442
386
3807
3974
3704
3037
2691
2263
899
443
453
642
356
47
866
858
881
879
895
871
894
253
282
351
3885
3808
90
145
904
3074
2774
3127
2817
120
3991
3992
4017
4027
3985
4038
4020
4013
4005
4037
3986
3989
3995
4000
4021
4023
4031
4016
4014
4011
4004
4002
3999
3990
3988
3983
3982
594
4026
4030
3997
3994
3981
3980
4018
4009
3998
4025
3993
4024
4015
4035
4001
4012
4036
3987
667
733
707
757
725
689
864
825
885
874
873
872
776
869
715
854
756
821
721
700
771
759
804
779
806
789
847
796
880
807
735
791
736
714
762
710
850
787
704
816
856
738
695
797
792
741
708
782
746
783
764
827
786
852
770
767
739
810
836
831
809
800
799
763
752
748
728
719
718
839
732
892
890
889
888
886
884
883
882
878
877
876
867
863
861
811
798
769
729
845
834
781
780
772
760
745
731
727
711
805
687
820
754
713
828
815
784
774
773
766
723
703
697
696
693
812
734
726
701
853
851
849
846
843
842
840
838
837
835
833
832
830
829
826
823
822
819
818
817
814
813
808
803
802
801
795
794
793
777
768
765
761
758
755
753
751
747
742
740
737
730
724
722
720
717
716
712
709
706
705
702
699
698
694
691
690
688
848
824
778
686
844
859
855
891
744
790
785
865
692
3914
3859
3963
3939
3699
3638
3811
3806
3936
3696
3855
3857
3694
3639
3668
3815
3732
3601
3543
3876
3769
3916
3726
3513
3768
3917
3937
3782
3714
3443
3976
3784
3679
3447
3893
3843
3764
3671
3535
3932
3647
3439
3964
3678
3803
3776
3836
3789
3954
3849
3444
3725
3657
3595
3606
3616
3818
3636
3572
3965
3910
3483
3472
3949
3977
3905
3960
3641
3587
3466
3871
3819
3567
3664
3500
3740
3505
3524
3786
3708
3460
3459
3758
3591
3598
3624
3585
3546
3892
3874
3868
3901
3887
3922
3812
3612
3771
3566
3752
3529
3933
3482
3958
3648
3515
3629
3583
3646
3558
3863
3446
3969
3870
3509
3967
3837
3809
3757
3554
3743
3881
3866
3810
3623
3584
3947
3909
3793
3900
3822
3792
3569
3941
3918
3865
3735
3715
3710
3644
3538
3091
2824
3867
3778
3728
3498
3470
3899
3774
3571
3519
3465
3659
3450
3479
3919
3695
3908
3454
3619
3951
3924
3794
3711
3706
3499
3516
3931
3895
3823
3738
3719
3622
3464
3562
3481
3691
3813
3669
3921
3835
3713
3666
3747
3753
3599
3891
3610
3788
3869
3861
3658
3645
3542
3469
3805
3928
3852
3559
3796
3600
3817
3484
3687
3934
3913
3902
3681
3627
3578
3497
3640
3966
3832
3804
3790
3485
3702
3661
3635
3605
3712
3438
3611
3667
3521
632
576
1762
3626
3978
3975
3973
3972
3956
3955
3953
3952
3946
3945
3942
3940
3927
3925
3923
3920
3915
3912
3911
3907
3906
3904
3903
3896
3894
3890
3888
3882
3878
3862
3856
3850
3846
3844
3840
3839
3838
3834
3833
3829
3827
3826
3825
3821
3816
3814
3802
3799
3798
3791
3787
3785
3783
3781
3777
3775
3773
3772
3770
3767
3766
3763
3761
3759
3754
3749
3746
3745
3742
3739
3733
3731
3730
3729
3727
3722
3720
3718
3716
3705
3701
3698
3690
3689
3686
3685
3682
3675
3673
3672
3670
3665
3663
3662
3660
3655
3653
3652
3650
3643
3642
3634
3632
3631
3630
3628
3620
3615
3613
3608
3607
3603
3602
3597
3593
3588
3581
3580
3579
3576
3568
3564
3555
3553
3549
3548
3541
3539
3537
3536
3534
3532
3531
3528
3527
3511
3510
3508
3507
3506
3503
3496
3494
3493
3490
3488
3486
3478
3476
3474
3473
3468
3463
3462
3461
3458
3452
3448
3445
3442
3441
633
590
51
2671
3059
3333
2767
2714
2696
2811
2855
2722
2998
2899
2710
3006
2721
2942
3370
2692
3133
3092
3130
2963
2807
155
61
2431
3217
2790
1022
1248
1027
1441
1889
1607
3164
3491
3455
3779
3943
3877
3845
3471
3957
3930
3926
3898
3883
3880
3864
3860
3760
3755
3750
3680
3649
3617
3594
3574
3560
3552
3523
3518
3512
3502
3495
3467
3457
3618
3944
3884
3707
3625
3590
3565
3517
3477
3971
3741
3736
3721
3621
3563
3547
3526
3520
3492
3480
3475
3968
3697
3656
3545
3522
3979
3734
3693
3604
3533
3449
3929
3828
3633
3847
3889
3780
3737
3683
3573
3551
3540
3501
3440
3938
3873
3858
3842
3841
3831
3824
3800
3762
3703
3692
3654
3596
3557
3514
3948
3609
3586
3577
3550
857
1651
1664
937
1759
618
599
681
640
628
664
665
615
600
675
670
659
658
650
643
583
582
612
1887
644
623
598
589
1654
653
636
682
672
625
619
573
631
616
1631
584
3961
3530
3504
3437
945
498
379
437
564
530
680
597
592
579
1401
1678
1030
909
83
2746
3424
2893
3292
2997
2816
2771
3425
3338
2962
3122
3053
2878
3349
3388
3227
3186
3157
2972
3088
2961
2876
3141
2733
3427
3401
2954
2898
3032
3245
3218
2799
3068
3079
3024
3334
3422
3428
3300
3153
2726
3341
3259
3251
2732
2808
2759
3430
2821
3359
3177
2882
2678
3374
3269
3095
3209
3394
3043
3326
2793
2809
2837
2695
3281
2895
3030
2854
2699
3039
3295
2964
2820
2775
3247
2665
3163
3155
3314
3105
2791
2753
3308
3254
3337
3067
2675
3421
3285
3159
2947
2844
2825
2779
2739
3191
3152
3144
3128
3066
3028
3012
2935
2933
3234
3253
3181
2902
2945
2884
2749
3384
2725
3356
3162
2845
3142
3322
3126
3188
2803
2672
3313
2871
2934
2697
3145
2980
2833
3187
3061
2744
2715
3404
3275
2979
3316
3332
3212
2939
2770
2765
3306
3203
2784
2700
3360
3175
2914
3171
2667
3118
2904
2662
3406
3391
3265
2823
2831
2936
2778
3307
3137
2851
2663
3158
3022
2850
2861
3435
2782
2664
3409
3403
3417
3315
3303
2967
2681
2888
3226
3098
2913
2757
3380
3357
3215
3365
3399
2927
2924
2915
2910
2743
3243
2978
2977
2890
2835
3343
3165
3293
3166
3135
3090
2794
2731
3273
3086
2829
3138
3140
2868
2719
3353
3352
3347
3274
3109
3070
3058
2992
2984
2863
2783
2687
3241
3224
3223
3176
3106
3038
3007
3415
3321
3277
3120
2991
2785
3207
3077
3019
3009
2723
3015
2812
2780
3304
2689
2959
3298
3287
3262
2976
3397
3310
3069
2802
2764
3395
3342
3099
2921
2787
3115
3075
3002
2702
3405
3279
3350
3076
3011
3366
3233
3018
2737
2724
3129
3363
3339
3257
3195
3073
3054
3029
2956
2953
2931
2907
2896
3387
3078
3064
3040
2944
2916
2912
2873
2866
2827
2815
2745
2717
2694
2683
2666
3288
3267
3252
3239
3201
3192
3146
3082
3049
3021
2970
2772
2661
3436
3052
2806
2754
3283
2889
2879
3426
3362
3284
3237
3149
3096
3085
3084
3056
3047
2974
2966
2960
2943
2940
2920
2919
2911
2908
2897
2877
2786
2761
2750
3278
160
263
328
181
501
399
245
110
243
151
206
347
330
177
102
86
23
237
3340
3420
3302
2999
2923
1476
3361
3101
1498
1220
1518
1234
1414
1701
1162
1858
1710
1008
1143
984
1249
3100
3020
2707
1564
1180
1801
1093
1814
1674
1892
1650
1599
1439
3179
990
1836
2813
1527
1531
1618
1755
989
1319
1880
1784
1544
1063
991
1434
1005
1405
1649
1112
1402
1568
1000
1403
1723
1326
1064
1485
1265
1895
1363
958
979
928
1865
1756
1592
1587
1680
1315
1749
1418
1890
1903
1682
1647
1628
1279
1015
988
1215
1324
1140
1860
1244
1524
1340
1003
1843
959
1253
1365
1728
1596
1229
1722
1905
1822
1585
1050
1911
1811
1043
1884
1715
1636
1100
1019
1868
1359
1205
1872
1859
1550
1322
1009
1850
1591
1382
1102
1696
1582
1508
1495
919
1848
1578
1286
1821
1499
1138
956
1573
1874
1398
1198
1752
1737
1902
1851
1772
1330
927
1424
1758
1240
1840
1879
1346
1271
978
1014
898
1802
1629
1601
1493
1097
1852
1301
923
1832
1571
1123
1101
1091
998
972
1857
1716
1292
1227
1067
1670
997
1168
1786
1764
1742
971
1342
1747
1733
1533
1216
901
1721
952
1594
1488
1388
1156
1810
1280
1127
974
1842
1669
1535
1164
1893
1812
1261
1086
1057
942
1900
1632
1623
1619
1598
1163
1657
1816
1644
1528
1243
1126
1837
1468
1137
1118
1379
1298
1257
1235
1190
1082
981
896
1782
1765
1447
1083
1058
1776
1726
1676
1579
1325
1505
950
1705
1494
1433
1073
900
1803
1719
3962
3886
3872
3851
3830
3797
3756
3684
3677
3674
3651
3592
3561
3556
3525
3456
1410
862
1847
1337
1274
1665
1480
995
1829
1909
1891
1539
1161
1151
1675
1713
1141
1431
1393
1021
967
920
1053
1436
1135
1907
1503
1502
1481
1454
1282
1245
935
1704
1667
1213
1672
1089
1873
1655
1611
1479
1462
1426
1423
975
1785
1373
1246
977
1299
1051
1819
1711
1390
1191
1075
1311
964
1885
1725
1348
1310
1869
1306
1169
1139
1855
1541
1904
1072
1412
1308
1134
1304
646
1569
1189
944
1416
1377
1350
1344
1341
1818
1526
635
406
1506
1268
905
1658
521
448
362
365
685
684
679
677
666
663
662
661
660
656
652
649
648
647
629
627
626
624
622
621
617
611
605
603
596
595
588
578
577
575
1294
915
1906
1876
1500
1482
1472
1167
986
1807
1525
1515
994
1356
1343
1212
962
1901
1767
1671
907
654
620
535
1160
1029
382
1694
1475
609
510
1770
1745
1545
459
671
1881
1853
1743
1349
1778
549
34
586
385
413
678
630
574
1179
1122
1677
637
409
3723
3487
473
539
462
375
1882
1875
1871
1870
1844
1783
1740
1732
1720
1661
1638
1595
1565
1543
1514
1490
1473
1464
1455
1408
1406
1400
1397
1396
1357
1284
1273
1210
1204
1166
1158
1108
1095
1080
1066
954
948
936
933
930
639
494
446
511
445
683
471
572
568
560
532
512
491
490
487
478
474
470
442
429
398
390
371
364
359
352
173
380
558
372
547
571
562
529
466
463
449
542
526
435
354
422
381
533
433
464
1639
1376
1823
1809
1799
1753
1741
1622
1580
1559
1520
1457
1453
1399
1335
1305
1201
1069
1049
966
947
1886
1717
1605
1597
1557
1532
1375
1302
1289
1287
1250
1175
1024
925
1898
1877
1864
1839
1835
1827
1804
1800
1768
1750
1746
1707
1685
1683
1643
1613
1609
1608
1584
1554
1551
1530
1491
1391
1380
1369
1351
1331
1269
1209
1184
1132
1125
1107
1076
1059
1026
1590
1084
955
1641
1384
1317
1761
1757
1735
1612
1589
1523
1516
1467
1149
946
84
191
190
187
338
288
208
79
66
1193
2901
2735
3389
3249
3214
3190
2836
2819
2801
2781
2762
2730
3335
3294
3228
3174
3124
3104
2986
2906
2867
2864
2862
2839
2748
2706
2698
2668
3369
3167
3087
3411
3396
3327
3261
3225
3198
3182
3172
3112
3111
3060
2973
2958
2937
2742
2708
3402
3331
3255
3196
3107
3081
2843
2758
3434
3433
3432
3431
3423
3419
3416
3414
3412
3410
3408
3400
3398
3393
3392
3390
3386
3385
3383
3382
3381
3379
3378
3377
3376
3373
3371
3368
3367
3364
3358
3355
3354
3351
3348
3346
3345
3344
3336
3330
3329
3328
3325
3324
3323
3320
3319
3318
3317
3312
3311
3309
3305
3301
3299
3297
3296
3291
3289
3286
3280
3276
3272
3271
3270
3266
3264
3263
3260
3258
3256
3250
3248
3246
3244
3242
3240
3238
3236
3235
3232
3231
3229
3222
3220
3219
3216
3213
3211
3210
3208
3206
3205
3204
3202
3200
3199
3194
3193
3189
3185
3184
3180
3178
3170
3169
3168
3160
3156
3154
3151
3150
3148
3143
3139
3136
3134
3132
3131
3125
3123
3121
3119
3117
3116
3114
3113
3110
3108
3103
3102
3097
3093
3089
3083
3080
3072
3065
3063
3062
3057
3051
3050
3048
3046
3045
3044
3042
3041
3036
3035
3034
3033
3027
3026
3025
3023
3017
3016
3014
3013
3010
3008
3005
3004
3001
3000
2996
2995
2994
2993
2990
2989
2988
2987
2985
2983
2982
2981
2975
2971
2969
2968
2965
2957
2955
2951
2950
2949
2948
2941
2938
2932
2930
2929
2928
2926
2925
2922
2917
2909
2905
2903
2900
2892
2891
2887
2886
2883
2881
2880
2875
2874
2872
2870
2869
2865
2860
2859
2858
2856
2853
2852
2849
2848
2847
2846
2841
2840
2834
2832
2830
2828
2822
2818
2810
2805
2804
2800
2798
2797
2796
2795
2789
2777
2776
2773
2769
2768
2766
2763
2760
2756
2755
2751
2747
2741
2738
2734
2729
2728
2727
2720
2716
2713
2712
2711
2709
2705
2703
2701
2693
2690
2688
2686
2685
2684
2682
2680
2679
2676
2674
2673
2670
2669
1656
27
137
260
50
167
111
197
159
153
227
4
311
201
233
297
65
139
194
234
70
68
240
306
195
78
150
313
476
441
393
166
91
8
16
268
129
343
60
257
39
38
144
41
309
184
127
99
312
116
28
17
14
134
36
346
180
80
178
22
156
117
331
324
248
185
75
189
342
82
13
123
1
302
299
266
242
204
48
24
192
132
337
93
7
214
44
293
175
138
323
295
133
105
69
89
25
149
2528
2437
2255
2277
2493
2321
2568
2545
2013
1863
1845
1780
1697
1321
922
1913
1361
2826
2677
1642
1534
1754
1730
1662
1570
1519
1483
1460
1222
1211
1185
1173
1012
1866
1825
1806
1698
1537
1327
1077
1910
1908
1899
1896
1894
1888
1883
1878
1867
1862
1861
1854
1849
1841
1838
1833
1831
1830
1826
1824
1820
1817
1815
1813
1805
1798
1796
1795
1794
1793
1792
1791
1790
1789
