0
870
3993
744
2195
1834
33
2788
3724
891
3984
11
1119
90
1394
3134
97
2714
2855
464
4022
4008
692
4012
3987
3999
4032
4011
749
699
859
790
613
3650
3853
12
1581
43
1386
624
3570
918
3935
209
215
2569
3974
335
1096
447
287
585
642
256
3407
241
377
1224
468
2792
1854
154
1558
305
1430
1326
3282
3959
1046
216
3942
1065
356
2168
112
1002
3699
3375
336
192
124
572
190
1383
3537
1031
1200
3686
530
1651
1856
1057
1354
649
1133
3806
3908
2632
3133
3543
2252
568
2421
219
384
174
2106
293
49
904
182
1586
179
42
233
4005
865
860
594
4036
875
801
4010
4006
892
4015
4035
868
841
4033
883
4024
3992
3983
4034
4028
4029
3991
4016
4025
4007
4001
3989
4013
4027
4003
4037
3990
879
832
877
852
717
854
757
785
4000
750
3996
775
871
825
895
893
4031
3980
4023
4030
3982
3994
4014
3998
4021
4009
3997
4004
4026
4038
3995
3986
4020
4017
4019
3981
3988
4018
4002
3985
850
816
689
710
725
740
776
867
691
864
866
788
851
884
743
686
687
688
694
695
696
697
698
701
703
705
708
709
711
713
718
719
724
726
727
728
731
732
734
737
738
739
741
745
747
748
752
754
755
758
760
764
766
770
772
773
774
777
779
780
781
783
784
787
792
793
797
800
803
805
807
809
810
814
815
817
819
820
823
824
827
828
829
830
831
834
835
838
840
842
845
847
848
849
853
856
706
722
730
768
771
778
789
794
804
833
844
693
714
720
736
763
769
782
795
806
818
822
753
762
765
837
889
839
712
723
751
843
729
742
716
799
876
759
836
878
756
826
863
707
861
813
715
786
746
811
888
886
690
821
767
812
808
880
733
882
761
702
791
796
869
890
700
885
874
846
872
798
721
887
704
873
802
735
858
894
855
881
1206
3856
608
3071
2269
210
3183
292
674
37
1560
2470
18
2079
3031
114
3729
638
358
2457
1466
3451
668
607
2596
602
3748
3230
3709
3798
1145
911
74
3453
15
2842
550
3820
3746
3268
3846
282
581
244
145
286
401
47
255
205
3885
52
443
2691
3037
1270
3808
70
3875
2541
2814
3125
1690
160
3854
267
1262
234
1967
379
1176
3589
3408
138
2704
1276
1395
183
3688
153
648
2382
35
1755
3732
3922
3704
1233
3807
279
3006
3879
2740
1208
2483
2857
316
2595
1027
1627
386
157
81
383
253
411
3801
301
155
1693
3560
1071
1253
1760
3691
247
2808
3744
3717
667
71
1105
899
454
2527
76
228
3816
61
3733
1194
1353
294
499
448
240
2178
1252
1362
3575
207
2952
1034
321
3811
3582
164
3597
2380
2481
191
2998
2975
3928
2442
2798
1546
2922
3689
2722
656
3955
2860
660
571
3413
3467
3121
3954
467
2204
453
327
307
270
3946
120
552
3003
1996
3565
3147
2817
2565
166
202
406
201
2838
3781
3897
3952
3653
3882
220
2441
3939
996
3965
3673
262
1762
289
1937
2885
3143
1022
3910
1890
3978
1969
3953
1510
3619
125
3055
3588
2774
1713
3887
1474
206
2437
1711
673
3127
3865
945
2971
3765
652
3074
2963
288
3494
3271
3544
193
110
3742
283
1442
472
1797
1657
351
910
3849
3676
2422
264
3787
1607
3489
245
3694
3444
1157
1776
3606
3290
2015
3925
3227
3844
3637
2167
2505
152
3429
2219
2634
1579
3805
929
95
1038
2736
593
3890
1486
562
349
2431
1346
3795
3305
3059
1147
1264
1295
610
3310
671
250
485
34
235
27
2980
2230
1417
1476
46
371
3839
3678
1777
147
6
1455
77
2692
1240
498
269
2671
2884
3745
3661
1254
3751
3749
3665
3477
229
3970
2776
2824
2721
1838
3936
1664
3513
2358
3727
2100
102
3963
533
3091
1855
3447
365
340
1924
3893
32
3848
3432
3457
86
476
117
3859
987
1263
655
1151
3161
2375
1498
1168
163
44
3217
2388
259
3977
3632
3175
3044
2621
1297
3370
2580
319
91
63
2517
3372
2493
1792
2902
1301
3441
2767
3270
8
390
2899
2017
1759
3660
230
89
3700
2321
3131
3864
1521
263
3813
2528
3923
3911
1087
3789
3716
300
2651
1974
1058
985
3652
3552
3180
2930
3904
3323
2227
480
393
3094
2094
549
532
3961
1701
3669
311
3181
51
3834
