0
3990
3853
3037
210
4029
379
3820
899
4035
4028
918
1693
3992
3984
4015
49
2596
288
2195
37
3974
33
207
145
3808
3875
2569
114
3717
3230
468
3942
351
585
3748
335
608
3935
638
607
179
42
255
241
1760
3996
4001
2691
2792
4011
4020
4025
4031
4027
4019
4005
4002
4023
3981
3991
3993
4021
3997
4038
4037
4036
4034
4033
4032
4030
4026
4024
4022
4018
4017
4016
4014
4013
4012
4010
4009
4008
4007
4006
4004
4003
4000
3999
3998
3995
3994
3989
3988
3986
3985
3983
3982
3980
667
594
3987
767
789
714
732
852
816
771
736
786
691
821
722
764
855
854
841
839
836
832
825
822
809
808
806
802
801
796
791
788
785
775
768
759
757
756
750
749
746
744
743
742
740
734
733
725
717
716
712
707
704
702
700
699
692
689
864
877
803
879
826
723
846
812
797
779
770
847
843
842
761
727
710
695
851
735
874
867
820
819
807
798
889
849
838
837
793
792
783
780
773
765
763
741
739
730
728
703
853
845
824
813
799
795
790
758
755
752
737
720
718
715
711
888
878
876
863
850
848
844
833
831
829
818
817
814
794
787
784
782
778
777
762
751
738
726
724
706
690
688
856
840
835
834
827
815
781
772
766
760
754
748
731
721
719
709
708
705
701
696
694
693
687
686
1208
3597
3733
3536
3653
3978
3878
3704
3660
3746
3600
3848
3632
3809
3766
3965
3789
3727
3606
3929
3483
3749
3802
3572
3494
3502
3560
3882
3447
3888
3530
3864
3537
3783
3696
3695
3843
3967
3960
3659
3777
3754
3622
3647
3638
3644
3893
3821
3792
3481
3585
3899
3579
3810
3758
3961
3487
3493
3507
3661
3549
3441
3731
3657
3725
3445
3535
3499
3468
3662
3446
3601
3898
3594
3516
3479
3836
3757
3958
3439
3671
3947
3855
3969
3833
3718
3690
3569
3534
3458
3482
3921
3862
3707
3551
3894
3676
3627
3518
3747
3587
3500
3892
3868
3857
3743
3829
3761
3583
3957
3837
3774
3476
3869
3714
3555
3486
3559
3972
3937
3900
3768
3474
3812
3564
3867
3827
3815
3769
3713
3636
3658
3737
3672
3845
3640
3475
3956
3915
3593
3529
3469
3464
3936
3663
3615
3599
3553
3526
3508
3472
3610
411
3904
3742
3642
476
2634
2788
3126
3180
3175
3030
2855
2884
895
894
893
890
887
886
885
884
883
882
881
880
875
873
872
871
870
869
866
861
859
858
830
828
823
811
810
805
804
800
776
774
769
753
747
745
729
713
697
2380
1046
1105
1002
3889
3926
3813
3765
3613
3562
3457
3576
3565
3858
3741
3689
3839
3547
3504
3449
3847
3589
3927
3817
3521
3492
3491
3930
3908
3796
3684
3625
3962
3692
3651
3557
3979
3977
3976
3975
3973
3971
3970
3968
3966
3964
3963
3959
3955
3954
3953
3952
3951
3950
3949
3948
3946
3945
3944
3941
3940
3939
3938
3934
3933
3932
3931
3928
3925
3924
3923
3922
3920
3919
3918
3917
3916
3914
3913
3912
3911
3910
3909
3907
3906
3905
3903
3902
3901
3897
3896
3895
3891
3890
3887
3885
3884
3883
3881
3880
3877
3876
3874
3873
3871
3870
3866
3865
3863
3860
3859
3854
3852
3850
3846
3844
3842
3841
3840
3838
3835
3834
3832
3831
3828
3826
3825
3824
3823
3822
3819
3818
3816
3814
3811
3807
3806
3805
3804
3803
3801
3800
3799
3798
3795
3794
3793
3791
3790
3788
3787
3786
3785
3784
3782
3781
3780
3778
3776
3775
3773
3772
3771
3770
3767
3764
3763
3762
3760
3759
3755
3753
3752
3751
3750
3745
3744
3740
3739
3738
3736
3735
3734
3732
3730
3729
3728
3726
3724
3723
3722
3720
3719
3716
3715
3712
3711
3710
3709
3708
3706
3705
3703
3702
3701
3700
3699
3698
3697
3694
3693
3691
3688
3687
3686
3685
3683
3682
3681
3680
3679
3678
3675
3674
3673
3670
3669
3668
3667
3666
3665
3664
3656
3655
3654
3652
3650
3649
3648
3646
3645
3643
3641
3639
3637
3635
3634
3631
3630
3629
3628
3626
3624
3623
3620
3618
3617
3616
3614
3612
3611
3608
3607
3605
3604
3603
3602
3598
3596
3595
3591
3590
3588
3586
3584
3582
3581
3580
3578
3575
3574
3573
3571
3570
3568
3567
3566
3563
3558
3554
3552
3548
3546
3545
3544
3543
3542
3541
3539
3538
3533
3532
3531
3528
3527
3525
3524
3523
3522
3520
3519
3517
3515
3514
3513
3512
3511
3510
3509
3506
3505
3503
3501
3498
3497
3496
3490
3489
3488
3485
3484
3480
3478
3477
3473
3471
3470
3467
3466
3465
3463
3462
3461
3460
3459
3455
3453
3452
3451
3450
3448
3444
3443
3442
3440
3438
3779
3633
3621
3609
3577
868
865
857
1295
1034
621
672
622
648
650
677
660
670
595
623
573
662
647
640
615
582
577
576
664
589
498
3861
3454
593
673
652
1777
499
406
442
572
390
453
349
529
522
466
534
381
654
618
597
592
569
535
448
362
382
365
421
570
678
574
441
502
490
676
426
530
416
548
539
568
562
551
518
516
486
459
457
359
557
547
519
510
403
564
364
552
546
543
2505
1956
2422
2466
1992
2405
2421
2450
2167
2650
2034
2017
2320
2281
2314
1915
609
508
452
415
405
360
2886
2876
2798
3333
2885
2816
2998
3271
3282
3181
2861
2776
3110
3208
3367
3147
2895
2809
3371
3159
2805
2713
3083
2714
3161
3092
2961
3336
3310
3155
3315
2952
3422
2965
3066
3012
3246
3358
3251
2902
2732
3427
3338
3225
2733
3432
3112
3423
3111
2690
3199
3156
2801
2768
2746
2771
3349
2770
2759
2736
3016
3381
2868
3403
3272
3409
2837
2882
3354
3218
3200
2995
2684
2904
2720
2975
3203
3267
3169
3297
3247
3049
3048
2939
3285
3313
3093
2674
2841
3163
3215
3041
2973
2753
2712
2863
2787
3419
3391
3260
3252
3194
3188
3070
3058
3035
3021
3013
2875
2846
2765
3399
2766
3418
3307
2996
2844
3340
3287
2848
2840
2981
3138
3392
3114
3266
3176
3069
3068
3009
3091
3255
3173
3032
2843
2758
3050
2831
2829
2667
2769
2719
3062
2778
3323
3034
2812
2784
2709
3098
2915
3288
3295
3186
3213
2908
2705
3086
3212
3209
3038
2785
2661
3002
3405
3081
3435
3417
3286
3237
2887
3056
2743
3195
3135
3073
3046
3025
2953
2907
2890
2880
2873
2757
2729
3103
3364
3078
3065
3010
2960
2919
3327
3264
3259
3189
3132
3087
2730
3436
3052
2877
2839
3351
3298
3280
3262
3113
2796
2701
3325
3318
2972
3362
3228
3047
3022
2986
2969
2925
2920
2910
2896
2827
2754
2738
2664
3276
3154
2751
3387
3384
3339
3232
3174
3040
2956
2909
2815
2786
3406
3395
3386
3345
3253
3240
3214
3017
2989
2984
2942
3428
3229
3090
2978
2851
2789
3415
3353
3346
3316
3198
3191
3177
3152
2951
2783
2737
2728
2716
3258
2883
3328
2678
698
2442
2570
2535
2424
2181
2173
2120
2236
2166
2373
1949
2613
2237
2307
2655
2579
2532
2308
2495
1963
2383
2340
2391
2200
2418
2404
2359
2213
2122
2074
2286
2248
1990
2476
2035
2023
2615
2606
2484
2460
2326
2244
2172
2139
2098
2056
2030
1971
1953
2014
2536
1924
2316
2411
2371
2335
2156
2114
2644
2632
2488
2456
2402
2388
2342
2119
2113
2080
2051
2256
1974
2085
2231
2291
2288
2637
2370
2271
2257
2058
2514
2576
2044
2426
2493
2474
2448
2175
1965
2525
2317
2029
2270
2066
1944
2298
216
198
1510
3205
3385
3164
1607
1057
3201
2999
2938
2693
1033
1094
1690
3263
3245
3222
1154
1194
1631
1498
1792
1654
3420
1450
3233
2775
1353
912
940
1045
920
1161
1701
929
1656
1385
1887
1417
1682
1414
904
1901
1356
962
987
956
1061
928
943
1781
1310
1246
1865
1676
1474
1748
985
958
1541
1723
1248
949
988
1728
1021
1251
1140
1890
1283
996
3943
3886
3872
3851
3830
3797
3756
3721
3677
3592
3561
3556
3550
3540
3495
3456
3437
1847
1803
1719
862
1851
1381
1643
1845
1869
1306
1896
1343
1053
1441
1064
907
1392
1015
989
1518
1322
1037
1013
1489
1252
1220
1587
1279
1221
1138
1259
1072
1640
1472
1141
1000
974
1779
1346
1009
1333
1192
1833
1774
1164
1874
1811
1274
1482
1304
944
1511
1360
1814
1711
1696
1435
1821
1219
1634
1188
1904
1415
1311
1041
1005
1629
923
1789
1272
1898
983
1368
1043
924
1868
1810
1572
1017
1795
1669
1059
1879
1761
1700
1632
1539
1456
1391
1211
1185
1024
926
1638
1282
1497
1478
1342
1533
1363
1749
1007
1729
1775
1734
1409
1370
1056
982
1773
1817
1626
1130
1864
1753
1603
1467
1404
993
967
934
1495
1261
900
1812
1785
1770
1739
1706
1661
1507
1412
1275
1273
1245
1241
1167
1121
1102
1060
1835
1799
1793
1752
1712
1685
1668
1619
1614
1613
1610
1597
1589
1563
1399
1330
1285
1238
1230
1207
1063
1004
1818
1675
1575
1366
1384
1111
1866
1687
1555
1307
1816
1653
1652
1623
1622
1520
1431
1390
1323
1278
1222
1209
1184
1078
1048
1658
1493
1857
1691
1680
1596
1591
1462
1438
1379
1347
1190
1148
981
975
1378
1232
1216
1137
1097
1133
1751
1454
1066
1014
971
969
1782
1741
1590
1570
1398
1388
1329
1312
1256
991
927
1526
1428
1169
587
1023
915
1830
1628
1573
1464
1436
1429
1423
1204
1143
1067
957
896
604
1699
1674
1548
1314
1183
1052
1001
614
1828
1345
1229
1215
655
653
616
1300
1294
931
1763
1565
1408
440
439
1800
1791
1768
1754
1730
1724
1688
1644
1600
1557
1528
1519
1416
1393
1191
1128
1110
1074
465
1268
1095
462
460
387
1885
1813
1604
1422
1397
1358
1313
1223
1160
511
436
375
352
685
684
683
682
681
680
679
675
671
668
666
665
663
661
659
658
657
646
645
644
643
642
639
636
635
634
633
632
631
630
628
627
626
625
624
620
619
617
612
611
610
605
603
602
600
599
598
591
590
588
586
584
583
581
579
578
575
558
515
513
480
427
423
34
1671
1574
1332
1155
1122
1080
936
669
561
542
487
461
412
374
373
368
367
1855
1673
1645
1529
1475
1349
1237
1114
1012
976
567
566
559
500
493
483
475
471
430
419
388
376
1025
571
565
563
560
556
555
554
553
549
545
544
541
540
537
536
533
532
531
528
527
525
524
523
521
520
514
512
509
507
506
505
504
503
501
497
496
495
494
492
491
489
488
485
482
481
479
478
477
474
473
472
470
469
467
464
463
458
456
455
454
451
450
449
446
445
444
443
438
437
435
434
433
432
431
429
425
424
422
420
418
417
413
410
409
408
407
404
402
401
400
399
398
397
396
395
394
393
392
391
389
386
385
384
383
380
378
377
372
371
370
369
366
361
357
356
355
354
350
2656
2654
2651
2638
2628
2622
2621
2619
2614
2604
2595
2591
2587
2586
2580
2577
2575
2574
2565
2564
2563
2562
2558
2556
2554
2553
2552
2550
2549
2548
2546
2545
2541
2540
2539
2534
2528
2527
2524
2523
2521
2520
2517
2515
2513
2507
2506
2504
2503
2500
2499
2497
2492
2490
2489
2487
2486
2485
2483
2482
2481
2480
2477
2470
2464
2455
2454
2453
2444
2441
2440
2439
2437
2431
2430
2415
2412
2406
2403
2401
2397
2395
2382
2376
2375
2363
2360
2358
2357
2356
2354
2352
2350
2349
2341
2339
2323
2321
2311
2306
2301
2299
2276
2272
2269
2265
2263
2262
2260
2258
2255
2251
2245
2238
2227
2221
2219
2217
2216
2207
2204
2201
2197
2193
2188
2182
2179
2170
2168
2164
2162
2160
2158
2154
2152
2150
2146
2130
2129
2123
2121
2115
2107
2106
2105
2104
2103
2100
2094
2093
2091
2089
2084
2082
2079
2077
2076
2070
2064
2060
2055
2049
2046
2045
2041
2040
2021
2015
2008
1997
1996
1993
1989
1988
1986
1978
1977
1975
1969
1967
1966
1962
1961
1960
1943
1936
1934
1933
1930
1929
1922
428
3434
3433
3431
3430
3429
3426
3425
3424
3421
3416
3414
3413
3412
3411
3410
3404
3402
3401
3400
3398
3397
3396
3394
3393
3390
3389
3388
3383
3382
3380
3379
3378
3377
3376
3375
3374
3373
3372
3370
3369
3368
3366
3365
3363
3361
3360
3359
3357
3356
3355
3352
3350
3348
3347
3344
3343
3342
3341
3337
3335
3334
3332
3331
3330
3329
3326
3324
3322
3321
3320
3319
3317
3314
3312
3311
3309
3308
3306
3305
3304
3303
3302
3301
3300
3299
3296
3294
3293
3292
3291
3290
3289
3284
3283
3281
3279
3278
3277
3275
3274
3273
3270
3269
3268
3265
3261
3257
3256
3254
3250
3249
3248
3244
3243
3242
3241
3239
3238
3236
3235
3234
3231
3227
3226
3224
3223
3221
3220
3219
3217
3216
3211
3210
3207
3206
3204
3202
3197
3196
3193
3192
3190
3187
3185
3184
3183
3182
3179
3178
3172
3171
3170
3168
3167
3166
3165
3162
3160
3158
3157
3153
3151
3150
3149
3148
3146
3145
3144
3143
3142
3141
3140
3139
3137
3136
3134
3133
3131
3130
3129
3128
3127
3125
3124
3123
3122
3121
3120
3119
3118
3117
3116
3115
3109
3108
3107
3106
3105
3104
3102
3101
3100
3099
3097
3096
3095
3094
3089
3088
3085
3084
3082
3080
3079
3077
3076
3075
3074
3072
3071
3067
3064
3063
3061
3060
3059
3057
3055
3054
3053
3051
3045
3044
3043
3042
3039
3036
3033
3031
3029
3028
3027
3026
3024
3023
3020
3019
3018
3015
3014
3011
3008
3007
3006
3005
3004
3001
3000
2997
2994
2993
2992
2991
2990
2988
2987
2985
2983
2982
2980
2979
2977
2976
2974
2970
2968
2967
2966
2964
2963
2962
2959
2958
2957
2955
2954
2950
2949
2948
2947
2946
2945
2944
2943
2941
2940
2937
2936
2935
2934
2933
2932
2931
2930
2929
2928
2927
2926
2924
2923
2922
2921
2918
2917
2916
2914
2913
2912
2911
2906
2905
2903
2901
2900
2899
2898
2897
2894
2893
2892
2891
2889
2888
2881
2879
2878
2874
2872
2871
2870
2869
2867
2866
2865
2864
2862
2860
2859
2858
2857
2856
2854
2853
2852
2850
2849
2847
2845
2836
2835
2834
2833
2832
2830
2828
2826
2825
2824
2823
2822
2821
2820
2819
2818
2817
2813
2811
2810
2808
2807
2806
2804
2803
2802
