0
887
3995
891
801
1270
70
2541
3864
785
749
3984
866
3991
3983
3570
3650
3798
642
42
468
2788
1208
3807
1627
1027
1755
383
2106
2998
2380
1151
1521
64
3502
2382
873
885
691
858
852
875
892
4024
744
4036
4035
4028
585
292
3853
114
11
624
918
3451
12
607
3935
1560
1834
3974
358
2842
3748
3183
210
3746
145
286
401
3885
241
1224
47
205
443
2792
154
3875
216
182
279
3134
160
2814
1276
1233
1176
3688
2704
2740
155
71
61
1194
240
2798
191
2817
3597
552
467
2565
3953
2885
1383
3673
673
206
3271
3882
3965
1969
245
1031
910
3787
1711
3694
2431
929
2015
3844
3890
2219
3749
3091
2902
3963
86
3977
655
2388
3175
167
3600
347
243
3323
586
3876
3888
435
1084
3658
150
657
2456
189
2528
3180
3131
3813
3911
3700
2017
3632
3372
2421
8
1776
1996
3055
2774
2204
453
667
3801
2168
1105
1002
904
253
386
49
377
255
179
33
825
869
710
733
816
811
707
690
850
756
826
836
742
751
837
799
782
789
732
833
889
716
729
844
806
723
765
693
714
839
771
768
794
843
763
762
778
769
722
730
831
822
804
737
706
818
720
795
772
748
755
741
809
783
779
777
709
848
817
758
738
734
701
845
838
807
797
793
727
711
696
856
853
849
847
842
840
835
834
830
829
828
827
824
823
820
819
815
814
810
805
803
800
792
787
784
781
780
774
773
770
766
764
760
754
752
747
745
739
731
728
726
724
719
718
713
708
705
703
698
697
695
694
688
687
686
776
890
700
791
725
886
689
812
746
888
786
861
878
876
736
874
798
796
740
702
880
761
821
808
813
712
4027
4031
851
872
882
767
759
721
704
867
864
802
715
743
790
832
881
846
854
884
879
3999
717
895
870
841
871
750
894
4032
877
3669
1890
757
775
883
868
865
4010
594
692
4012
860
3987
4022
4001
4015
4033
4007
4029
4008
855
3990
3989
4011
859
4016
4025
4006
893
4005
4034
699
3996
3992
4002
4013
788
4038
4020
3985
4003
4037
735
3994
3981
4019
3988
4030
3997
4009
4004
3986
4017
4018
753
863
3980
4023
3982
3998
4014
4021
4026
4000
3993
215
2079
74
2269
550
2596
37
608
3031
1145
613
2569
3071
668
335
3856
2470
674
1096
3230
43
3820
2195
1386
447
3453
287
1581
209
3709
1119
18
602
3729
911
638
1466
15
1206
2457
3846
244
282
233
3268
256
90
581
3407
52
2691
3037
1854
1394
3808
1326
1586
1046
2595
234
2483
3589
305
1430
183
379
1262
153
3282
35
3942
648
1558
3922
1690
1395
1967
3006
3879
316
3854
2857
81
138
3959
1065
3732
3125
157
3408
267
3704
356
1693
411
97
3691
301
1071
1253
1760
899
3560
3717
112
293
3744
2808
247
3733
454
76
499
228
2527
3699
3413
2922
294
1353
2860
3816
174
1252
2178
656
2442
336
207
448
3575
2952
2975
2481
2722
192
3811
660
3928
2714
321
3375
3955
1546
571
3582
3954
3689
3467
1034
164
1362
572
3147
201
384
327
307
3074
3127
124
120
3121
202
3565
193
3946
3781
3003
3897
166
2838
220
3537
264
3952
270
3653
3619
2437
110
262
2441
3588
1937
406
1200
190
1762
3742
3887
1510
3143
2963
945
464
3865
996
3765
3939
219
1713
3978
2855
1474
1856
288
3494
3686
3444
2971
95
530
289
147
1022
125
351
3910
3849
1651
3637
6
1442
652
1607
1797
1657
2167
3489
3544
472
2634
3676
3925
283
3606
152
2422
1157
1057
3290
91
1264
1455
498
2505
46
1486
3227
2736
3839
3310
2230
3751
1476
259
1295
3678
649
1038
1240
349
3059
1579
1147
1354
3477
3305
1346
562
2980
371
476
235
34
593
1133
1417
485
3429
250
2824
671
3805
3513
27
3795
3661
2671
610
319
269
2692
3727
1838
1777
2721
3665
2776
77
89
3270
3745
1254
1297
1664
3806
2358
2884
102
3848
2621
3970
3923
987
32
117
229
3893
2930
3789
2100
3181
533
3724
44
2375
2094
2732
340
230
3660
3217
1168
163
1759
2580
393
2517
1924
63
3908
3936
1498
1263
3044
532
3447
3370
3859
2321
3652
3432
3716
3457
390
3161
1301
441
2899
1855
365
3904
3251
2245
3441
2493
2263
2767
2034
131
