0
892
4034
1200
3808
3453
33
3031
750
335
4010
2456
3746
3709
2857
35
160
2808
480
3882
1233
642
3820
1262
11
1560
3589
3037
305
3071
262
2722
1326
4008
228
2842
2167
3688
90
153
3269
911
4011
289
2269
672
3974
3942
1383
1854
2195
379
448
585
1969
1031
3570
841
3742
891
2817
2704
2079
707
883
801
692
1711
550
241
166
301
76
206
3727
3375
875
3983
2971
1297
18
74
1119
1937
530
2470
287
210
3268
1270
581
3846
42
4016
3990
4032
3999
4028
3991
4020
4021
4017
4007
4038
4003
4027
4014
4005
3996
4000
3985
3997
3986
4019
4037
4036
4035
4031
4030
4026
4025
4023
4018
4015
4013
4012
4009
4004
4002
4001
3998
3995
3994
3993
3992
3988
3987
3984
3982
3981
3980
594
4033
4029
4006
3989
4024
882
767
702
866
887
874
881
858
877
885
886
729
725
839
714
689
712
768
786
895
894
884
879
873
872
871
870
868
867
859
776
710
832
890
869
893
889
888
878
876
864
863
861
700
735
732
691
833
816
782
851
846
812
834
693
847
829
821
760
756
690
855
854
852
850
843
842
835
826
825
822
818
811
809
808
807
806
802
798
796
791
790
789
788
785
778
774
765
759
757
746
742
736
733
731
722
721
717
715
711
706
699
763
795
752
737
813
762
836
805
794
784
755
741
738
720
718
824
695
827
814
761
698
817
787
779
758
703
880
838
837
819
810
804
803
793
773
769
764
753
730
728
716
708
705
831
766
745
856
853
840
830
823
815
800
792
780
771
751
739
734
726
724
713
701
696
687
844
828
754
727
719
709
697
694
686
849
845
820
799
797
783
781
777
772
748
747
740
723
688
848
770
704
744
749
743
775
860
259
3952
6
278
78
264
245
201
193
263
147
162
44
3678
3939
3787
3801
3663
3977
3874
3441
3844
3513
3959
1996
2441
3551
3504
63
124
191
336
237
95
143
71
103
319
254
328
275
273
218
205
52
46
32
157
181
4
93
91
8
131
318
268
101
296
24
27
314
255
330
111
117
129
84
247
151
267
230
227
175
51
197
165
127
123
174
138
89
214
144
312
310
116
236
65
342
316
283
343
333
326
149
20
2382
2439
2455
2158
2514
104
45
1
249
161
295
148
334
297
290
276
134
118
109
62
3465
3685
3666
3598
3597
3770
3788
3686
3781
3522
3879
3653
3579
3940
3481
3539
3963
3953
3626
3715
3588
3911
3700
3669
3502
3682
3887
3716
3572
3931
3910
3975
3899
3836
3759
3708
3675
3571
3603
3751
3717
3661
3785
3913
3917
3912
3923
3802
3632
3494
3530
3888
3610
3816
3558
3870
3477
3972
3840
3735
3713
3496
3536
3447
3711
3970
3907
3599
3818
3468
3657
3567
3833
3768
3718
3623
3584
3509
3951
3949
3670
3463
3723
3662
3639
3581
3516
3479
3679
3563
3866
3534
3909
3668
3614
3695
3613
3511
3933
3747
3607
3553
3555
3920
3783
3766
3696
3664
3478
3671
3921
3705
3658
3543
3450
3903
3792
3458
3712
3905
3580
3676
3665
3542
3527
3976
3969
3906
3869
3826
3706
3506
3790
3528
3782
3524
3837
3701
3519
3892
3857
3739
3541
3698
3482
3753
3764
3738
3474
3459
3784
3652
3823
3630
3612
3583
3838
3762
3945
3915
3900
3726
3602
3568
3862
3850
3815
3778
3740
3728
3722
3710
3636
3590
3526
3505
3442
3880
3642
3640
3814
3549
3531
3819
3628
3538
3904
3849
3829
3554
3755
3932
3647
3638
3616
3503
3979
3916
3978
660
2481
2650
2527
2017
2281
2422
2421
2015
1915
2437
2168
2255
2634
2034
2487
2587
625
647
628
603
670
640
576
662
632
599
583
3961
3487
285
105
300
284
139
323
313
211
203
185
170
121
98
53
339
248
7
266
242
194
180
94
92
88
199
298
280
239
231
172
169
158
142
141
77
25
347
346
345
344
341
340
338
337
332
331
327
325
324
321
317
311
309
308
307
306
304
303
302
299
294
293
288
282
281
279
277
274
272
271
270
265
261
260
258
257
256
253
252
251
250
244
243
238
235
234
233
232
229
226
225
224
223
222
221
220
219
216
212
209
208
200
196
195
192
190
188
187
186
184
183
182
179
177
176
168
167
164
159
155
152
150
140
137
135
133
132
130
128
126
125
122
115
114
113
112
110
108
102
100
99
97
96
86
85
83
82
80
79
75
73
70
69
68
67
66
61
60
59
57
55
54
50
49
48
47
41
39
38
37
36
31
30
29
28
26
23
22
21
19
17
16
15
14
13
10
9
5
3
2
2513
2466
2444
2358
2011
1958
2620
2365
2648
1957
2284
2159
2022
1914
2013
2515
2426
2320
1992
2349
2580
1961
1933
2565
2181
2523
2238
2651
2375
2231
2080
2251
1949
2656
2659
2360
2120
2105
2070
2570
2424
2160
2341
2316
2197
2089
2644
2405
2119
2562
2411
2035
2558
2614
2008
2524
2476
2258
2576
2147
2098
2311
2164
2118
2488
2448
2371
2236
2162
2091
1974
1960
2499
2359
2307
2271
2549
2121
1962
1929
2009
1980
1931
2291
2225
2000
1921
2214
2265
865
2166
2210
2175
1965
2612
2209
2658
2585
2297
1999
1968
1927
2583
2378
322
246
213
156
146
87
56
2625
2604
2469
2244
2218
2216
2109
2033
2646
2624
2579
2561
2520
2504
2477
2467
2460
2418
2391
2356
2309
2287
2188
2115
2090
2056
1943
1942
1917
1071
3929
3780
3731
3452
3845
3672
3475
3438
3957
3919
3860
3832
3765
3683
3635
3617
3605
3594
3574
3457
3677
3858
3966
3872
3852
3831
3702
3667
3621
3521
3928
3687
3943
3741
3545
3492
3968
3950
3656
3889
3841
3760
3692
3674
3533
3484
3449
3938
3884
3824
3734
3697
3693
3604
3596
3514
3461
3973
3971
3967
3965
3964
3960
3958
3956
3955
3954
3948
3947
3946
3944
3941
3937
3935
3934
3930
3927
3926
3925
3924
3922
3918
3914
3908
3902
3901
3898
3897
3896
3895
3894
3893
3891
3890
3883
3881
3878
3876
3875
3873
3871
3868
3867
3865
3864
3863
3861
3859
3856
3855
3848
3847
3843
3842
3839
3835
3834
3828
3827
3825
3822
3821
3817
3813
3812
3811
3810
3809
3807
3806
3805
3804
3803
3800
3799
3796
3795
3794
3793
3791
3789
3786
3777
3776
3775
3774
3773
3772
3771
3769
3767
3763
3761
3758
3757
3756
3754
3752
3749
3745
3744
3743
3737
3736
3733
3730
3725
3724
3720
3719
3714
3707
3704
3703
3694
3691
3690
3681
3680
3673
3660
3659
3655
3654
3651
3650
3649
3648
3646
3645
3644
3643
3641
3637
3634
3631
3629
3627
3625
3624
3622
3620
3619
3618
3615
3611
3608
3606
3601
3600
3595
3593
3591
3587
3586
3585
3582
3578
3576
3575
3573
3569
3566
3565
3564
3562
3561
3560
3559
3557
3552
3550
3548
3547
3546
3544
3540
3537
3535
3532
3529
3523
3520
3518
3515
3512
3510
3508
3507
3500
3499
3498
3497
3493
3491
3490
3489
3488
3486
3485
3483
3480
3476
3473
3472
3471
3470
3469
3467
3466
3464
3462
3460
3455
3454
3448
3446
3445
3444
3443
3440
3439
3779
3592
3517
3495
1301
1474
677
573
612
598
619
588
671
617
592
616
579
485
590
502
2657
2654
2647
2639
2636
2633
2632
2631
2628
2627
2622
2621
2613
2593
2590
2584
2577
2575
2574
2569
2568
2566
2564
2553
2552
2550
2548
2545
2541
2536
2535
2532
2528
2521
2517
2506
2505
2495
2494
2490
2486
2457
2454
2452
2450
2443
2440
2435
2433
2431
2414
2412
2407
2402
2397
2388
2383
2380
2373
2361
2357
2353
2352
2350
2342
2337
2331
2326
2323
2321
2301
2290
2288
2263
2262
2260
2256
2245
2228
2227
2220
2219
2217
2213
2212
2207
2204
2200
2193
2192
2178
2172
2170
2156
2152
2146
2140
2139
2136
2130
2129
2124
2123
2113
2112
2106
2104
2100
2097
2095
2094
2082
2077
2076
2066
2064
2061
2060
2051
2050
2049
2048
2041
2036
2030
2025
2016
2014
2012
2006
2001
1998
1997
1991
1989
1986
1977
1967
1963
1956
1953
1951
1950
1934
1925
1924
1922
1919
541
673
666
464
384
562
407
429
543
449
529
443
467
477
457
634
385
654
644
636
631
597
474
685
684
682
681
680
679
675
665
664
663
661
659
658
657
656
650
648
643
638
635
633
627
626
623
622
621
615
613
611
610
605
600
595
593
582
578
577
575
609
533
372
558
430
421
676
501
560
614
516
406
532
374
383
1777
652
586
523
491
490
450
554
518
469
442
433
350
536
375
476
548
432
362
455
551
531
470
458
397
396
567
388
649
163
189
119
320
315
291
204
178
106
72
40
2540
2296
2270
2182
1973
2449
1988
2611
2044
1983
2392
2493
2362
1923
2312
2626
2346
2202
1935
2551
1976
1913
2655
2638
2630
2615
2606
2602
2591
2546
2507
2500
2492
2485
2484
2464
2446
2427
2404
2386
2376
2374
2370
2354
2339
2329
2308
2261
2237
2201
2190
2179
2165
2154
2122
2093
2084
2083
2074
2073
2055
2045
2040
2037
2020
2005
1984
1979
1966
2177
2557
2618
2230
2252
2660
2645
2640
2538
2459
2447
2364
2171
2157
2116
2027
2024
2018
2004
1995
1972
1928
2155
2345
2480
2453
2322
2114
2635
2599
2401
1982
2462
2185
2278
2400
2605
2519
2544
2416
2317
2272
2226
2029
2305
2610
2531
2221
2522
2259
2518
2491
2304
2222
2096
2075
2623
2652
2542
2501
2479
2280
2274
2229
2069
1970
1952
2603
2099
2641
2581
2572
2534
2525
2503
2497
2474
2473
2425
2417
2406
2403
2366
2335
2325
2318
2314
2313
2310
2286
2277
2248
2242
2211
2205
2189
2186
2173
2145
2141
2126
2107
2085
2023
1990
1978
1975
1944
1936
1930
2445
2554
2434
2381
2369
2367
2299
2150
1948
1918
2601
2560
2409
2398
2396
2393
2387
2379
2303
2249
2240
2234
2232
2137
2092
2086
2067
2063
2058
2019
1985
1981
2637
2608
2537
2438
2432
2415
2390
2243
2174
2110
2003
2619
2609
2607
2600
2597
2586
2578
2573
2571
2563
2559
2556
2539
2526
2489
2482
2478
2468
2430
2429
2428
2423
2410
2408
2395
2363
2348
2340
2334
2324
2306
2300
2276
2275
2257
2253
2233
2208
2206
2184
2142
2131
2108
2103
2088
2078
2059
2057
2046
2043
2021
1994
1993
1971
1964
1946
1938
2330
2327
2264
2163
2143
2368
2241
2138
2002
1926
1916
2472
2465
2461
2315
2302
2267
2235
2215
2161
2151
2053
2038
2028
1987
1945
1939
1111
1521
1395
3059
2952
857
1147
