3333
299
3170
1
59
317
988
1113
1246
1537
2015
2047
2623
3722
3842
3889
697
742
830
924
954
1131
1448
1539
1787
1854
2026
2223
2641
3007
3174
3564
161
308
343
518
654
705
878
973
1014
1312
1400
1656
1780
1897
2145
2159
2216
2275
2359
2405
2480
2525
2533
2550
2622
2865
2923
2931
2994
3124
3144
3269
3414
3427
3480
3700
3703
3780
3792
3814
3862
3903
3922
3923
91
145
182
220
348
394
405
575
620
628
678
758
782
811
832
912
952
1015
1124
1133
1158
1170
1177
1306
1309
1330
1343
1376
1391
1573
1615
1635
1654
1707
1714
1715
1716
1725
1773
1795
1860
1899
1907
1920
2012
2051
2094
2177
2217
2231
2233
2273
2286
2296
2333
2343
2364
2390
2419
2476
2516
2560
2574
2607
2680
2700
2778
2798
2809
2818
2841
2870
2892
2936
2942
2943
2948
2984
3076
3100
3225
3285
3304
3330
3343
3371
3381
3398
3407
3449
3463
3485
3510
3530
3688
3704
3709
3718
3726
3835
3857
3859
3884
3912
3972
4029
3
4
72
106
110
131
159
176
196
218
228
242
251
263
315
339
350
362
393
397
402
406
432
440
463
488
500
508
581
616
696
727
775
798
803
804
806
827
866
919
941
969
971
974
981
997
1002
1043
1118
1139
1140
1141
1150
1172
1244
1247
1253
1270
1289
1293
1324
1344
1393
1395
1450
1469
1525
1576
1598
1601
1606
1612
1620
1622
1625
1678
1699
1728
1729
1735
1742
1753
1794
1802
1824
1865
1923
1928
1935
1936
1958
1987
1989
2005
2018
2023
2024
2043
2045
2096
2144
2146
2165
2172
2175
2202
2220
2289
2316
2355
2380
2442
2444
2511
2570
2575
2579
2580
2603
2610
2635
2685
2688
2698
2707
2719
2785
2817
2824
2838
2844
2853
2876
2879
2880
2894
2898
2907
2920
2939
2981
2982
3005
3009
3010
3085
3091
3096
3128
3137
3220
3252
3257
3264
3282
3288
3329
3389
3461
3465
3479
3490
3509
3511
3521
3532
3534
3543
3561
3566
3578
3590
3609
3725
3738
3746
3749
3750
3833
3849
3915
3934
5
20
22
28
67
88
113
123
133
137
139
140
147
150
162
163
181
202
226
235
243
245
276
285
288
307
311
338
341
342
366
384
409
412
417
427
430
434
435
442
445
446
466
480
481
496
505
530
532
533
535
547
550
562
563
585
586
588
597
599
614
641
656
669
672
686
692
703
704
714
721
749
751
783
788
789
792
807
822
829
836
856
869
902
918
920
923
932
933
957
958
965
982
987
994
999
1004
1005
1007
1022
1025
1027
1029
1054
1055
1058
1079
1090
1091
1097
1108
1143
1183
1189
1254
1255
1261
1265
1283
1307
1315
1322
1353
1383
1405
1406
1412
1417
1434
1445
1453
1455
1464
1467
1489
1490
1491
1493
1502
1505
1510
1522
1527
1534
1546
1554
1593
1629
1634
1642
1651
1667
1682
1689
1695
1697
1701
1704
1738
1744
1745
1747
1750
1790
1791
1800
1803
1819
1823
1850
1856
1862
1868
1887
1892
1900
1902
1918
1924
1926
1927
1930
1934
1948
1953
1977
1984
1985
1990
1993
2001
2022
2030
2031
2033
2034
2039
2055
2058
2063
2086
2088
2123
2136
2168
2174
2190
2194
2197
2200
2214
2229
2242
2290
2299
2306
2308
2323
2328
2363
2371
2401
2418
2431
2434
2436
2448
2453
2460
2465
2466
2479
2484
2489
2502
2523
2524
2534
2539
2540
2549
2553
2554
2559
2565
2571
2584
2602
2637
2651
2663
2687
2706
2741
2753
2781
2799
2828
2829
2832
2839
2862
2863
2864
2875
2877
2878
2899
2901
2917
2937
2963
2976
2985
2987
3023
3025
3029
3031
3043
3051
3052
3061
3070
3087
3103
3105
3108
3109
3117
3147
3200
3206
3209
3215
3228
3237
3254
3258
3266
3292
3311
3312
3315
3317
3340
3346
3352
3354
3357
3373
3383
3396
3400
3401
3411
3416
3417
3419
3421
3431
3435
3441
3456
3458
3472
3473
3476
3481
3493
3504
3512
3526
3537
3548
3553
3554
3570
3582
3593
3608
3621
3622
3628
3633
3647
3653
3655
3662
3664
3673
3687
3707
3723
3728
3734
3735
3745
3758
3759
3760
3764
3770
3771
3796
3799
3800
3801
3818
3829
3858
3877
3885
3902
3959
3968
4003
4004
4009
4013
4036
4038
14
15
26
27
44
48
54
63
74
77
81
86
104
111
114
120
126
130
138
143
148
152
155
156
166
183
184
185
195
201
209
237
239
240
247
253
256
266
270
277
278
279
282
300
326
328
332
333
336
351
356
357
363
382
396
407
408
453
467
469
473
485
487
493
498
501
502
516
517
539
542
548
555
561
564
579
592
603
609
613
619
627
630
637
645
647
650
665
668
682
689
694
695
701
702
706
708
725
739
743
747
750
759
760
777
780
799
808
815
817
824
828
831
833
838
840
842
848
859
873
882
887
890
897
913
914
930
936
940
944
964
970
975
980
991
1000
1010
1011
1013
1016
1019
1024
1035
1040
1045
1046
1050
1065
1068
1074
1078
1096
1101
1104
1105
1114
1115
1116
1121
1130
1132
1142
1148
1151
1156
1163
1164
1166
1171
1173
1192
1197
1199
1216
1225
1231
1233
1237
1240
1241
1242
1243
1258
1262
1268
1277
1281
1282
1285
1286
1287
1288
1295
1303
1311
1313
1317
1321
1337
1339
1342
1345
1348
1358
1359
1361
1380
1407
1413
1426
1431
1441
1449
1459
1461
1462
1466
1474
1476
1477
1499
1507
1511
1519
1523
1530
1535
1541
1551
1563
1572
1583
1585
1597
1599
1600
1602
1607
1614
1623
1624
1632
1637
1639
1641
1652
1671
1680
1685
1691
1705
1710
1748
1752
1758
1759
1761
1762
1777
1785
1797
1798
1805
1810
1817
1821
1826
1828
1831
1840
1848
1851
1879
1880
1890
1904
1913
1929
1937
1940
1959
1960
1967
1973
1975
1979
1982
1983
1988
1997
1999
2000
2007
2009
2010
2021
2032
2053
2061
2066
2072
2074
2076
2077
2078
2098
2107
2108
2113
2127
2134
2135
2152
2155
2157
2162
2170
2185
2191
2201
2203
2213
2235
2244
2245
2259
2261
2263
2264
2268
2282
2288
2291
2301
2315
2319
2326
2339
2340
2341
2347
2348
2350
2354
2357
2362
2372
2374
2377
2378
2396
2399
2406
2409
2412
2417
2427
2438
2443
2458
2471
2481
2488
2496
2497
2501
2504
2507
2512
2530
2531
2547
2564
2566
2597
2601
2605
2609
2611
2618
2621
2632
2636
2639
2643
2646
2652
2653
2665
2669
2672
2673
2684
2689
2694
2696
2701
2705
2714
2717
2718
2724
2727
2731
2737
2745
2750
2754
2761
2763
2765
2767
2772
2782
2784
2790
2793
2797
2800
2811
2813
2821
2826
2827
2835
2836
2847
2857
2867
2869
2885
2888
2909
2913
2916
2918
2929
2932
2940
2950
2952
2957
2958
2967
2973
2974
2978
2996
3037
3044
3045
3060
3065
3068
3079
3081
3083
3089
3101
3118
3121
3125
3131
3133
3139
3140
3142
3146
3156
3165
3175
3183
3186
3189
3190
3194
3196
3198
3199
3203
3205
3208
3219
3227
3230
3240
3241
3247
3276
3279
3281
3283
3289
3293
3296
3301
3316
3320
3331
3336
3338
3339
3351
3364
3399
3405
3418
3444
3445
3487
3488
3492
3494
3499
3502
3506
3514
3517
3520
3531
3542
3544
3550
3560
3563
3567
3568
3571
3574
3595
3597
3607
3610
3618
3623
3632
3637
3644
3650
3652
3657
3660
3670
3689
3705
3716
3719
3720
3727
3732
3747
3748
3761
3781
3789
3805
3807
3813
3815
3816
3819
3830
3844
3845
3847
3871
3872
3873
3875
3876
3894
3895
3898
3904
3908
3918
3920
3949
3953
3960
3962
3964
3965
3970
3986
3987
3994
3999
4011
4020
4021
4030
4034
4035
8
13
17
25
37
43
45
46
49
50
62
64
70
71
73
82
92
94
95
100
107
109
112
117
122
124
125
128
141
154
157
158
165
167
173
178
180
198
203
207
212
214
217
221
238
249
255
261
262
264
267
274
289
297
303
309
316
321
327
346
347
352
354
355
359
360
364
367
368
374
378
381
386
391
398
403
404
413
414
415
416
419
426
429
437
438
448
451
457
460
464
468
470
474
476
477
483
491
492
494
506
510
512
514
521
523
528
536
538
541
544
549
553
559
566
570
573
580
583
591
594
595
596
598
605
607
610
623
629
640
642
643
648
652
662
670
673
677
683
685
690
698
700
707
709
713
715
719
730
737
752
757
765
768
774
781
785
786
787
794
801
813
814
820
821
834
841
843
844
845
846
847
849
851
854
855
857
858
862
867
868
871
874
880
881
883
884
886
891
893
895
905
906
909
911
926
937
938
942
945
946
948
955
959
972
978
979
983
990
995
996
998
1009
1017
1018
1023
1030
1031
1032
1036
1039
1042
1047
1048
1049
1052
1056
1060
1063
1066
1076
1083
1087
1093
1100
1109
1117
1120
1123
1128
1134
1136
1137
1145
1162
1174
1180
1184
1186
1191
1193
1195
1201
1205
1208
1213
1221
1224
1228
1229
1230
1234
1235
1239
1245
1248
1250
1252
1257
1269
1294
1305
1310
1316
1319
1325
1327
1328
1332
1333
1349
1355
1356
1364
1365
1367
1368
1372
1373
1384
1386
1389
1392
1396
1399
1408
1409
1414
1415
1418
1423
1429
1432
1436
1440
1452
1457
1463
1468
1471
1472
1482
1484
1485
1486
1494
1495
1498
1503
1514
1515
1516
1517
1520
1521
1531
1542
1544
1545
1549
1555
1559
1566
1567
1570
1571
1575
1577
1584
1589
1603
1627
1640
1643
1646
1647
1657
1659
1664
1668
1676
1679
1683
1686
1693
1694
1712
1717
1718
1719
1721
1722
1730
1733
1736
1740
1754
1755
1764
1770
1772
1776
1779
1783
1784
1788
1799
1812
1814
1818
1820
1822
1833
1835
1837
1839
1846
1847
1852
1855
1861
1867
1870
1871
1873
1874
1878
1883
1886
1891
1894
1895
1896
1917
1925
1931
1939
1942
1943
1951
1952
1954
1965
1966
1968
1970
1980
2011
2014
2019
2025
2028
2037
2048
2050
2060
2069
2071
2080
2083
2084
2100
2104
2105
2122
2124
2129
2132
2138
2147
2156
2163
2183
2184
2188
2189
2198
2208
2210
2211
2221
2222
2236
2238
2241
2246
2250
2251
2256
2257
2266
2269
2270
2278
2281
2285
2297
2298
2302
2304
2307
2309
2312
2318
2324
2325
2332
2388
2397
2403
2407
2411
2413
2428
2440
2445
2446
2457
2461
2463
2464
2468
2469
2472
2474
2475
2477
2483
2486
2491
2499
2503
2505
2506
2508
2510
2514
2515
2518
2527
2528
2529
2532
2544
2546
2558
2562
2577
2578
2587
2588
2604
2608
2615
2616
2619
2620
2625
2626
2631
2633
2634
2638
2642
2657
2664
2667
2670
2671
2674
2676
2677
2686
2690
2702
2703
2708
2720
2725
2728
2729
2736
2743
2746
2747
2749
2764
2780
2788
2792
2796
2802
2804
2806
2807
2814
2816
2823
2834
2843
2846
2860
2871
2873
2874
2881
2890
2906
2912
2922
2928
2930
2935
2941
2947
2949
2960
2962
2964
2968
2969
2971
2972
2975
2986
2988
2989
2991
2995
2997
3000
3004
3011
3014
3024
3026
3039
3040
3054
3056
3057
3062
3064
3066
3075
3078
3080
3086
3097
3098
3099
3104
3107
3113
3115
3116
3120
3122
3127
3138
3155
3157
3160
3161
3172
3173
3177
3181
3187
3192
3193
3195
3204
3216
3221
3233
3238
3262
3265
3267
3270
3277
3280
3294
3303
3307
3321
3322
3323
3324
3335
3350
3355
3358
3360
3365
3367
3372
3375
3382
3385
3390
3391
3393
3422
3423
3428
3432
3436
3439
3440
3442
3446
3452
3454
3460
3468
3470
3474
3475
3477
3486
3489
3497
3500
3525
3527
3528
3536
3538
3539
3540
3545
3546
3549
3569
3583
3587
3591
3598
3603
3613
3615
3620
3625
3626
3629
3631
3641
3646
3661
3667
3668
3681
3690
3697
3698
3699
3701
3702
3712
3737
3739
3740
3741
3742
3752
3755
3763
3765
3766
3772
3773
3774
3778
3784
3788
3794
3795
3803
3804
3806
3811
3823
3827
3832
3834
3841
3846
3851
3852
3856
3861
3867
3878
3882
3892
3897
3899
3919
3926
3927
3928
3936
3937
3938
3941
3942
3944
3945
3946
3951
3954
3955
3957
3961
3969
3971
3974
3976
3977
3983
3993
3996
3997
4001
4015
4016
4018
4025
4027
4028
4031
6
7
10
19
23
29
30
32
33
36
38
41
47
52
53
56
65
69
76
78
80
84
87
90
101
108
118
119
121
129
134
135
136
146
153
160
164
168
170
171
172
175
177
189
191
192
200
205
213
215
219
222
224
227
230
231
232
