107
829
23
3660
3638
2301
3487
147
3990
746
4023
501
3904
3580
3965
181
3676
3816
43
891
881
4015
3798
233
61
3282
1383
1814
310
3446
328
441
3954
264
49
179
806
702
4025
3912
344
3552
3949
269
3779
3767
99
699
874
884
4010
721
3453
1119
37
550
447
3071
2457
1834
3407
443
3037
3808
386
2857
1027
411
1046
356
1065
2437
3408
2922
3952
3560
1546
1760
1890
152
1776
270
2721
1856
2263
1788
3270
3045
2886
985
912
1372
2008
429
3334
2013
2723
670
958
3543
63
217
3445
3771
235
288
2671
3669
3585
3910
3953
3582
2421
2838
124
307
234
3589
95
3688
71
253
1627
267
3807
282
244
114
3974
3570
3748
287
3998
3991
839
733
788
871
895
3652
3441
3905
3524
3944
3685
3736
3478
3840
3483
3520
3783
3979
3572
3641
3755
3671
338
260
3600
2535
3899
83
3893
229
3720
3890
3765
283
3686
3694
2487
3978
3597
3716
289
3751
3444
76
201
3994
3988
865
3447
3841
3764
3635
3710
80
3803
3555
7
66
330
3837
3832
3967
197
3817
3796
3941
340
3723
3932
3928
164
127
284
36
3626
775
749
860
3984
893
875
879
744
4036
4022
4008
802
4001
832
4029
846
878
888
740
690
808
880
715
751
837
722
792
3856
2842
42
2269
1206
2596
3031
256
1466
911
585
3853
3230
3451
2470
255
286
607
3885
581
3846
377
81
1854
2168
35
97
2541
1693
2382
1105
3732
3147
3942
2704
193
3854
899
648
904
3691
383
667
166
1353
3897
2952
1996
3413
660
2776
3575
3565
1657
406
1937
1607
1034
218
656
498
448
571
3637
2722
1200
2799
3882
120
2431
1762
3143
472
2422
3200
349
2824
652
3059
3310
2505
1651
437
1969
2621
2230
1664
1133
2736
3305
3432
1354
1016
1368
3376
1701
1030
1301
2632
1151
657
2893
3175
2493
1521
3333
3165
586
3317
3083
935
1203
909
3311
3308
1445
1477
2545
3028
1977
2066
1905
2251
1050
2826
3388
1708
1268
974
1696
2424
2130
2238
2769
2515
3349
2983
1055
943
1887
1641
3325
3067
920
3156
2990
900
3245
1544
1564
3151
626
1739
2076
2402
2693
3392
2962
931
2746
665
1817
3144
3093
2534
1830
940
2305
1784
605
2401
1501
2400
1698
2082
578
1780
2260
2848
2667
1098
3421
3286
2474
354
3211
933
1311
3231
1121
1785
2335
3234
2448
683
2907
1728
988
1085
1415
1910
1928
1274
3740
3707
1779
2570
1186
3698
2119
1518
1441
3663
2949
2889
3622
2997
65
171
3950
2933
2879
2959
298
2972
1197
522
3681
3675
3479
3898
3473
3631
3066
3917
3012
3516
3595
3876
3919
466
3973
3819
38
3766
150
1138
58
3857
3914
3834
3662
1043
311
1218
956
3338
1896
3128
1499
1654
129
317
549
3936
100
1974
162
3679
3977
237
2805
3322
3970
3126
1455
34
3105
2528
3661
2321
3336
27
3091
3502
3504
125
3530
3141
3813
3494
3864
532
3700
3911
2017
2245
275
3544
296
32
86
102
306
3467
3946
3806
3673
3955
393
3003
3513
3745
262
46
3963
220
2565
3925
3606
3742
476
3939
228
240
3787
2167
245
91
1194
3811
3801
247
153
219
321
2204
3959
3733
3699
499
293
2106
216
70
3268
145
241
209
3729
90
74
33
210
12
4030
4013
4020
818
3981
729
3986
4027
822
707
833
782
850
816
4005
4033
725
4037
3999
4034
689
4006
776
872
887
867
885
4032
864
866
3682
93
3549
3659
168
3861
3655
3579
3454
3602
4021
192
259
3727
3489
206
273
167
278
198
3624
111
137
3522
3892
156
258
3863
3651
3599
3557
3828
3559
3943
3578
3821
3852
3656
3499
3627
204
3862
3913
3866
3511
3762
3498
3645
3646
3517
88
3802
3760
3735
3574
3815
3929
3500
3703
3780
3533
3776
39
105
3628
3788
3512
3630
3769
3503
3587
3784
3872
314
3757
3895
3571
3809
3644
87
3975
3763
3476
3668
41
29
3743
3708
3538
3868
3725
3610
3701
165
3515
3562
50
3883
3934
3649
3695
3613
3878
22
3481
3666
3523
3567
16
1889
73
3958
3507
3712
3639
3541
3880
3581
3754
3843
3461
3888
2
3539
3772
3546
3548
3566
3775
3871
3457
126
347
3859
3908
117
1961
250
151
2034
77
3531
337
44
243
3678
3632
143
3647
3805
177
225
3812
3961
3839
3588
2281
3923
3789
4
564
3749
3887
207
78
3781
399
319
3849
3689
3653
190
3537
351
3704
3879
183
110
160
