0
776
3989
3992
866
2527
4022
71
3875
883
3691
3798
2195
2541
2079
652
2792
443
4006
1002
193
3984
301
2204
1224
2740
3031
52
613
8
1208
124
4028
3996
1353
3988
4037
4015
411
851
801
699
550
3481
3453
3844
241
2942
4035
3789
3125
1016
377
2752
3074
3436
3953
4024
568
743
256
1854
3799
1760
138
887
1046
3952
282
3959
1586
2842
1930
3801
1395
3805
244
2814
2380
2707
459
1096
1071
3650
3939
1924
1157
90
1552
3175
2971
305
3477
293
929
3230
3745
3375
3699
2596
2100
1326
76
648
37
1486
3704
1430
3700
624
18
217
2952
3003
3942
1776
2456
935
267
262
210
3807
3408
1651
216
1027
3849
1145
867
3388
316
1397
191
2838
3666
1762
2798
1147
3676
3589
1640
2470
717
1176
250
918
2457
3885
183
3897
228
892
638
874
3925
160
868
3413
1038
3310
2562
3183
602
3954
3742
220
270
58
3513
1693
1797
2774
2817
3147
3055
3127
3751
3923
3787
49
1240
4002
157
264
110
47
467
437
453
3037
2691
3560
3887
3537
4032
3994
4020
4001
4025
4036
4018
4027
3985
4004
4009
4005
3982
4031
4029
4016
4007
3999
3990
3981
3997
4000
4038
4014
4013
4003
3995
3998
3980
4021
3983
4026
4023
4019
4017
3986
4030
3993
2483
2595
790
832
746
881
761
786
806
839
803
818
732
789
736
714
689
744
721
710
759
822
795
737
722
880
758
740
716
741
844
715
799
733
720
836
793
787
850
833
816
794
762
742
693
778
700
884
877
870
895
894
846
826
777
843
835
764
849
729
886
876
805
779
814
703
756
739
855
845
841
834
831
821
817
815
813
812
808
802
798
796
791
788
783
782
771
768
767
757
755
754
750
734
725
718
712
707
702
696
691
687
848
847
837
745
723
709
705
853
810
773
766
727
724
711
694
690
829
824
731
726
706
820
819
809
807
792
770
769
763
748
728
697
751
827
800
797
730
719
842
781
780
760
713
695
893
888
885
882
879
878
871
859
840
830
823
804
889
863
861
838
772
765
753
735
688
686
828
784
752
747
738
708
701
698
856
811
774
869
890
785
864
704
875
865
858
825
852
667
594
4011
3991
4033
4034
4010
4008
3987
4012
854
873
872
775
891
860
749
692
857
3227
3688
3879
3457
3161
2972
3323
3012
3336
3128
3083
3249
3305
3312
2876
2983
2882
2723
3404
2686
2954
2766
3317
3130
3357
3276
3157
2893
3251
3131
3269
3094
2801
2856
3309
2767
3370
3281
3192
2984
2981
2907
2722
3755
3657
3639
3581
3970
3491
3961
3945
3556
3644
3460
3735
3689
3901
3770
3671
3937
3871
3908
3518
3955
3708
3969
3673
3905
3562
3523
3898
3516
3508
3915
3857
3743
3827
3598
3840
3573
3620
3459
3958
3951
3882
3870
3792
3784
3973
3629
3850
3862
3802
3470
3936
3940
3603
3496
3440
3934
3712
3640
3760
3929
3880
3383
2791
2702
3957
3918
3703
3467
3772
3565
3610
3788
3525
3831
3697
3461
3438
3235
3197
3109
3013
3338
2816
3058
3424
3326
2955
2898
2790
3187
3043
2692
3373
2932
2714
3196
2968
2935
3398
945
3229
2918
3283
3008
3369
2718
2889
2879
2699
3217
3393
3260
3377
3097
2895
2980
3335
3266
3164
3061
2865
3425
3402
3236
3167
2871
2831
2772
3343
2970
3102
3359
3141
3171
2803
2771
2762
3285
2900
2917
3209
2914
3297
3116
3415
3241
3093
2853
3307
2794
3322
3294
3337
3242
2868
3149
3143
3434
3306
3106
3016
2674
3308
3208
3367
3353
3199
3113
3154
3088
3155
3105
3316
3047
3132
2939
2833
3264
3255
2945
2832
2987
2873
3356
3123
2953
2743
2886
2729
3279
3124
2761
3215
3368
3066
2949
3181
3180
3427
3365
3259
3075
2858
2768
3092
2891
2698
3418
3342
3110
2753
2747
3173
3112
2796
3114
3237
2967
2887
3246
3009
3419
3378
3277
3170
2863
3073
2929
2773
3354
3200
2776
3193
2759
3084
2965
2859
3211
2878
2715
2665
3286
3213
3117
2746
2695
3156
3341
3313
3221
2996
2735
3080
3036
3030
2837
2769
3028
2922
2936
2708
3050
3048
2668
3271
3380
3034
2904
3025
2994
2931
2731
2663
3352
3041
2846
2661
3409
3329
3072
2813
2696
2690
3185
3027
3017
2720
3303
2985
2681
3374
3360
3219
2950
2765
2716
2687
2988
2943
2920
2850
2806
2763
3346
3411
3021
3435
3433
3163
3158
3119
3056
2880
2827
3234
3228
3174
3129
3065
3052
3029
2906
2890
2874
2852
2835
2756
2717
2705
2673
3038
2841
2748
2810
2710
3430
3394
3010
3004
2864
2789
3351
3344
3319
3239
3160
3148
3146
3101
3089
3070
2991
2937
2875
2712
3399
3243
3238
3220
2969
2679
3410
3379
3240
3121
2836
3172
2812
2902
3178
2840
3139
3137
3045
2818
3334
3332
3210
3191
3176
3068
3062
2951
2685
2682
3261
3206
3204
3169
3120
3039
2973
2828
2793
3296
2989
2758
2667
2957
2938
2781
2778
3417
3324
3184
3096
3423
3318
2982
2959
2834
2670
2672
3431
3253
3067
2709
2992
2934
3090
3078
3023
3022
2986
2974
2960
2944
2940
2928
2927
2896
2800
2750
2802
3328
3396
3320
3182
3060
3395
3330
3198
3150
3107
2843
3091
2824
3387
3085
2956
2919
2912
2911
2910
2908
2867
2757
2683
2676
2664
3364
3363
3226
3108
2993
2966
2916
2866
2815
2689
3412
3152
2804
3265
2764
1034
3769
3823
3466
3941
3902
3779
3659
3654
3642
3485
3462
3749
3847
3707
3917
3819
3739
3718
3648
3493
3719
3806
3559
3649
3594
3911
3585
3492
3976
3890
3558
3687
3609
3909
3793
3463
3967
3632
3731
3702
3660
3465
3778
3753
3612
3965
3579
3786
3646
3975
3899
3630
3561
3443
3867
3567
3538
3445
3653
3569
3664
3655
3641
3938
3618
3693
3545
3484
3480
3842
3804
3510
3968
3886
3563
3550
3540
3520
3566
3750
3625
3614
3896
3833
3458
3921
3907
3815
3730
3627
3679
3447
3454
3803
3754
3971
3966
3926
3817
3785
3762
3574
3527
3698
3634
3464
3818
3768
3623
3593
3835
3722
3710
3705
3608
3442
3889
3851
3828
3734
3721
3681
3577
3557
3542
3528
3514
3740
3933
3809
3858
3824
3604
3822
3927
3534
3532
3777
3767
3515
3511
3506
3972
3529
3950
3628
3548
3811
3775
3859
3605
3497
3690
3678
3583
3922
3727
3606
3949
3866
3979
3592
3837
3836
3701
3675
3571
3476
3533
3517
3924
3906
3677
3530
3947
3843
3821
3535
3483
3713
3615
3814
3771
3682
3580
3549
3446
3825
3723
3869
3714
3711
3832
3919
3695
3613
3964
3783
3776
3766
3747
3500
3829
3761
3469
3868
3595
3541
3553
3852
3526
3475
3900
3881
3810
3782
3680
3645
3622
3584
3568
3876
3685
3663
3521
3505
3891
3658
3576
3488
3860
3737
3672
3948
3877
3873
3838
3796
3651
3448
3586
3495
628
1731
3361
3248
3136
3057
2941
2822
1142
1546
2744
1089
3830
3756
3674
3633
3501
3456
3422
3421
3397
3345
3321
3299
3291
3287
3224
3212
3201
3189
3140
3087
3046
2849
2713
3403
3327
3295
2881
2829
2961
2925
2924
2905
2680
3405
3159
3086
2738
3203
3118
3051
3018
2830
2730
2728
3273
2820
3298
3162
3077
3001
2995
2737
1642
1362
3278
2883
900
1194
655
584
3289
3186
3111
1822
1443
931
1838
1143
1474
1438
1641
1249
988
1264
3432
3205
2979
1178
3258
3020
3011
3005
2964
2760
1406
1093
1170
1103
987
1042
1904
1503
1306
1241
575
681
615
647
595
622
677
661
670
675
665
600
582
576
3428
3426
3420
3416
3414
3407
3401
3400
3392
3391
3390
3389
3386
3385
3384
3382
3381
3372
3371
3362
3358
3355
3350
3349
3348
3347
3340
3339
3331
3325
3315
3314
3311
3302
3301
3300
3293
3292
3290
3288
3284
3280
3275
3274
3272
3270
3267
3263
3262
3257
3256
3254
3252
3250
3247
3245
3244
3233
3232
3231
3225
3223
3222
3218
3216
3214
3207
3202
3195
3194
3190
3188
3179
3177
3166
3165
3153
3151
3145
3144
3142
3138
3135
3133
3126
3122
3115
3104
3100
3099
3098
3095
3082
3081
3079
3076
3069
3064
3063
3054
3053
3049
3042
3040
3035
3033
3032
3026
3024
3015
3014
3007
3006
3002
3000
2999
2998
2997
2990
2978
2977
2976
2963
2958
2948
2947
2946
2933
2930
2926
2921
2915
2913
2909
2903
2901
2899
2897
2894
2888
2877
2872
2870
2869
2862
2861
2854
2851
2848
2847
2845
2844
2839
2825
2823
2821
2819
2811
2809
2808
2807
2805
2799
2797
2795
2788
2787
2786
2785
2784
2783
2782
2780
2779
2777
2775
2770
2755
2754
2751
2749
2745
2742
2741
2739
2736
2734
2733
2732
2727
2726
2725
2724
2721
2719
2711
2706
2704
2703
2701
2700
2697
2694
2693
2688
2684
2678
2675
2671
2669
2666
2662
3103
2923
1461
1239
1218
1098
1803
1328
1518
973
955
1368
1254
1043
1883
1564
1595
1283
991
1771
1442
1133
1285
1856
1832
2422
2251
564
3978
3977
3963
3962
3960
3956
3944
3943
3931
3930
3920
3916
3914
3913
3912
3903
3895
3894
3892
3888
3884
3883
3878
3874
3872
3865
3864
3863
3861
3855
3845
3841
3839
3834
3826
3820
3813
3800
3797
3795
3794
3791
3790
3780
3774
3773
3765
3764
3763
3759
3758
3757
3752
3746
3741
3738
3736
3733
3728
3726
3725
3720
3715
3706
3696
3694
3692
3684
3683
3670
3669
3668
3667
3665
3662
3656
3652
3643
3636
3635
3631
3626
3624
3621
3617
3611
3607
3602
3601
3600
3599
3596
3591
3590
3587
3582
3578
3572
3564
3555
3554
3547
3546
3544
3543
3539
3536
3531
3524
3522
3519
3512
3509
3504
3503
3502
3499
3498
3494
3490
3489
3487
3486
3482
3479
3478
3474
3473
3472
3471
3468
3455
3452
3450
3449
3441
862
499
406
662
650
632
577
574
678
598
664
605
573
680
639
626
623
612
589
588
653
435
636
618
592
1412
1296
1681
1139
1900
590
654
385
1745
372
569
587
1422
671
586
673
634
1602
1510
1654
502
1561
1477
1419
1050
1907
1318
1414
1150
1213
1091
922
1262
1784
1829
1696
1599
1850
1704
971
933
1037
1112
1863
1763
1526
1446
990
1801
1281
1781
1244
1321
1084
1887
1870
1848
1812
1732
1247
1773
1200
914
1499
1251
1908
1700
1201
1723
1674
1851
1299
1498
1135
1392
1453
939
1455
1275
1847
1667
1496
1418
940
1489
1215
994
1726
1534
1852
1023
1544
1055
1585
1457
1434
1266
1903
1682
1294
1592
1192
1369
1906
1672
1482
1100
1085
3406
3366
3304
3168
3019
2962
2892
1779
1578
1177
1843
1470
1388
1481
1469
1542
1517
1757
1260
1764
1550
1755
1691
1129
1019
1435
1695
1625
1113
1080
1220
1313
1871
1825
1203
1860
1805
1656
1538
1440
1810
1790
1587
1315
1875
1340
1068
932
1869
1633
1310
1090
986
1308
1885
1702
1439
1336
1245
1747
1232
1809
1393
1287
1205
1647
1082
1705
1698
1615
1588
1676
1494
1421
1814
1327
951
1051
1769
952
1859
1841
1716
1492
1067
596
1666
1889
979
956
1874
1605
1083
1785
1709
1703
1556
1501
1480
1101
1311
1072
1795
1772
1380
1280
1751
1569
1348
1131
1728
1636
1635
1462
1292
1231
1229
1120
1021
1316
969
1802
1533
905
1154
1737
1689
1688
1539
934
1816
1750
1665
1653
1351
1198
1160
966
1165
1724
1344
1123
1059
1910
1743
1566
1342
1234
1212
1896
1876
1053
1721
1644
1572
1399
1317
1086
1519
1265
1146
1056
1389
1715
1583
1015
1872
1576
1298
1257
981
957
902
1531
1511
1274
1535
1359
1346
953
897
1209
1128
947
1898
1652
1488
1458
1398
1207
1130
1746
1661
1591
1508
1451
1286
1158
1102
1073
1259
1134
1010
1821
1752
1669
1076
1006
1009
1840
1831
1748
1338
1041
1899
1786
1345
1322
1279
1204
1567
1433
1818
1364
1782
1522
1484
993
1225
1188
1137
1780
1088
1868
1598
1447
972
1824
1502
1396
1382
1018
1014
984
896
1226
1770
1686
1428
1169
1070
1011
1304
1893
1857
1820
1794
1628
1596
1454
1303
1277
1227
1787
1548
1319
1767
1012
1144
1061
1151
1026
997
1830
1725
1159
1141
974
1758
1505
1193
1495
1261
1066
1032
942
1828
1783
1742
1738
1706
1699
1541
1525
1515
1507
1504
1444
1436
1371
1366
1324
1282
1273
1221
1217
1183
1167
1166
1081
1057
1052
1007
992
964
898
1497
1788
1384
1464
948
1629
1378
1333
1314
1186
1895
1892
1880
1837
1648
1601
1363
1118
1671
1573
1235
1060
930
915
1679
1349
685
684
682
679
672
660
659
658
657
649
643
640
633
629
627
625
621
617
616
611
603
599
583
581
578
2885
1684
904
2677
1387
1173
995
980
1866
1806
1719
1687
1593
1537
1337
1325
1136
950
1003
1886
1804
1736
1619
1437
1352
1291
1288
1219
1153
2263
1849
1833
1789
1707
1662
1643
1632
1604
1590
1185
1184
1163
1107
1017
1867
1819
1807
1683
1597
1110
1054
1864
1610
1609
1589
1570
1460
1329
1267
1256
1211
946
1774
1272
1175
1045
1030
1879
1811
1734
1659
1520
1377
1196
1126
978
906
1845
1842
1827
1793
1765
1730
1675
1621
1584
1563
1554
1516
1467
1390
1361
1341
1323
1243
1195
1164
1124
927
920
1823
1799
1796
1754
1753
1717
1685
1668
1663
1637
1622
1612
1571
1559
1547
1471
1456
1409
1402
1365
1330
1312
1269
1255
1250
1230
1214
1172
1156
1092
1063
1040
1004
983
982
960
2094
1915
1956
2166
2152
2505
2455
2441
2238
1934
2114
2105
2442
2173
2622
501
441
1487
1429
1334
1189
3437
480
381
539
522
349
532
449
635
528
663
644
631
630
619
609
597
593
579
490
386
485
620
359
910
474
403
424
533
1844
1536
547
491
489
390
554
457
466
369
558
666
646
1549
1300
1660
1543
1565
962
1545
1385
1109
1791
1710
1616
1237
1191
1114
637
398
524
683
614
461
458
451
1897
1813
1506
1408
1223
537
494
375
555
410
511
382
430
418
566
536
409
570
534
540
518
486
471
389
545
421
360
591
565
548
423
416
367
362
355
352
538
512
445
388
465
444
651
495
394
363
1374
1357
676
669
645
610
604
580
556
553
531
519
515
481
450
417
413
396
1882
1694
1658
1631
1490
976
606
517
497
493
482
1778
1677
1514
1122
560
