107
824
144
3725
3982
3980
3662
3664
78
2596
99
3899
3053
2935
3720
447
732
3716
3271
23
2740
2930
639
358
871
1558
3031
3536
174
1383
578
1105
1168
2774
3099
2265
145
205
996
1034
882
2167
2106
1552
1445
2528
662
1022
858
51
44
100
132
311
888
287
283
3798
81
75
47
165
245
1672
3994
771
3751
1498
2949
3354
2
3457
3770
3840
3920
3963
3959
786
3447
143
3946
305
923
2487
2621
468
441
3175
476
1016
266
3988
437
2727
256
3306
1924
221
1934
2972
656
18
3057
2971
121
4003
857
306
3164
3429
1385
3727
3159
3827
2857
3657
37
467
4024
3401
4016
86
3530
1346
911
270
642
1693
3543
3999
2933
279
52
3494
3792
3666
1134
3865
12
2922
4031
401
3954
454
2809
2790
3227
668
785
1560
3929
3808
2166
1510
110
1759
3806
3030
357
4010
386
607
282
530
1602
2320
613
2961
4013
4025
218
2889
33
3314
3048
453
1045
2094
225
3580
799
811
3789
301
550
1023
2437
2321
3430
3813
863
3531
1297
166
3127
681
2548
576
2829
1933
632
372
1157
147
2036
112
310
3922
678
3181
61
281
96
101
3626
180
317
3210
94
343
4017
85
2737
168
60
3092
1087
242
480
1756
1506
2490
274
267
329
48
247
212
751
470
35
3661
3167
253
3771
2231
3952
398
2998
117
3996
164
3787
3861
3832
3665
3603
3688
3518
3678
3566
3613
3581
3769
3989
3786
3866
867
3587
3480
356
2981
3715
1664
1455
3970
3540
3578
3598
3876
3612
3700
3784
3592
3833
3515
3731
3701
1711
3209
426
3614
3134
3620
3974
3973
1937
3898
3868
3849
1967
3781
3774
880
3732
2852
851
3632
3668
1113
879
131
46
1930
1353
71
4033
3807
1053
602
2760
922
3984
237
335
1903
171
3445
522
1521
3709
340
704
1698
393
549
1064
3176
3044
1218
1301
1165
4001
956
3987
1588
3208
2486
193
184
1097
3352
1865
1784
986
912
1572
4026
3846
3111
791
501
3588
3637
3308
1562
1414
2860
1316
3441
2193
1579
3074
2967
448
3058
3992
1002
744
4032
1814
207
1084
671
3767
3125
2455
157
611
3205
3249
3496
179
2373
646
3317
572
3565
241
4029
1760
1328
3388
29
3805
586
1599
3379
3983
859
1731
3736
2581
998
994
2252
3300
3856
588
3717
3156
341
3897
2530
2525
2707
3467
1697
649
4030
1412
3329
877
290
1749
541
2798
3748
4035
816
3336
2527
759
1701
1266
860
2886
798
2444
3199
973
1775
765
215
3582
3121
424
2195
1194
2296
838
3795
600
327
2170
1276
2722
3879
3349
288
3147
593
2605
2422
3965
4002
2545
2975
3904
2079
173
1058
2710
3811
1147
1042
691
3245
1038
2178
498
1476
3671
1969
2205
2413
1771
292
383
2726
2041
2650
1855
2723
3230
1262
2316
821
2456
74
1651
3006
505
750
1705
1641
1295
3269
1046
380
1127
3936
350
3338
1627
1088
2811
749
3704
89
1474
1224
1263
478
1213
3739
2014
1466
3407
673
3689
736
756
4015
1854
2695
3853
384
3477
775
3190
1326
1136
1233
1050
2245
1386
692
294
410
2651
2691
899
757
233
721
1206
2453
1678
1537
3128
216
3863
97
1031
3942
891
1417
365
955
965
472
1395
3913
3282
443
209
864
2671
869
562
3071
1119
1098
2255
826
1518
3055
1586
742
2483
3993
2957
1825
1676
49
2424
2156
1268
796
1802
2791
3088
4012
1896
1138
3068
1187
3003
2838
1773
1012
1095
905
3919
3652
3571
3511
3759
3491
3130
887
885
874
4038
3594
3556
3638
403
795
228
3
92
194
156
3916
3839
159
3180
605
111
93
95
319
3356
2113
2100
2450
582
729
861
769
753
2017
2204
3653
2281
2301
1043
1030
1788
2767
3423
3309
2670
3311
244
459
469
264
201
8
259
1965
2848
2734
2837
3742
4020
3631
192
3859
3990
3427
3425
3595
3912
3819
3541
3874
3892
3917
3200
3067
2678
328
4
868
865
69
39
3432
2688
2725
2818
2699
2388
303
4004
3985
3995
5
187
254
364
2481
1956
278
3682
767
768
813
3939
3655
3478
3964
3766
3776
3783
3960
3967
3526
3524
3459
2776
3105
3218
3310
3322
3083
3749
3923
789
269
698
804
876
189
163
338
31
881
675
627
650
577
2535
886
825
889
878
763
670
643
615
640
658
647
599
595
661
583
635
337
289
19
17
115
3812
3606
3814
3585
3549
1860
895
870
584
685
682
622
616
20
24
262
226
346
139
320
162
312
129
108
318
217
133
248
135
127
302
57
243
214
339
176
40
236
7
344
258
224
299
1
158
272
191
252
142
197
123
204
334
308
105
54
167
32
230
14
148
331
13
345
280
276
246
130
88
268
150
188
232
25
73
238
84
291
122
53
295
141
134
21
65
26
45
9
213
104
98
67
116
315
77
30
314
304
119
229
169
41
22
185
172
322
313
265
59
325
324
285
208
118
297
200
199
79
63
211
82
332
239
56
203
186
128
321
298
257
231
222
220
219
210
202
178
161
160
149
146
114
109
87
64
55
50
16
10
342
277
271
261
323
250
223
124
0
113
170
72
182
3844
3848
3799
3616
3439
3513
3932
3647
689
839
712
725
788
3802
3155
3063
3020
3141
2861
2799
3674
3773
3610
3753
3470
3772
3564
3641
3493
3909
3950
3659
3599
3471
3615
3778
3735
3608
3539
3621
3797
3907
3914
3822
3569
3643
3472
3779
3825
3878
3463
3645
3623
3796
3788
3969
3958
3793
3591
3931
3683
3831
3750
3687
3618
3642
3557
3845
3512
3852
3702
3452
3962
3693
3563
3635
3442
3455
3519
3895
3869
3948
3886
3780
3934
3651
862
3573
3858
3790
3609
3516
3800
3567
3636
3498
3921
3862
3663
3896
3794
3714
3927
3601
3719
3706
3644
3741
3574
3880
3670
3454
3930
3703
3450
3675
3836
3975
3837
3568
3768
3507
3903
3855
3593
3486
3535
3968
3809
3889
3873
3625
3449
3953
3826
3680
3838
3586
3971
3851
3842
3456
3824
3730
3640
3604
3527
3734
3902
3804
3737
3877
3684
3503
3497
3440
3926
3611
3828
3707
3835
3482
3629
3710
3705
3823
3617
3583
3956
3843
3532
3679
3577
3495
3672
3475
3901
3830
3924
3584
3562
3481
3462
3938
3697
3743
3740
3713
3590
3444
3728
3951
3782
3646
3509
3747
3966
3605
3545
3957
3708
3947
3690
3506
3499
3847
3501
3911
3870
3775
3763
3711
3943
3760
3756
3667
3656
3448
3438
3488
3525
3860
3596
3576
3542
3514
3722
3698
3553
3521
3465
3474
3466
3464
3529
3972
3900
3829
3979
3944
3940
3933
3918
3906
3891
3888
3884
3867
3818
3815
3810
3803
3791
3785
3758
3712
3696
3692
3685
3681
3677
3676
3673
3669
3660
3648
3633
3627
3607
3551
3528
3520
3508
3505
3485
3476
3761
3634
3602
3468
3534
3752
3437
3945
3937
3764
3554
3460
3469
102
227
68
175
263
177
66
103
140
137
91
284
83
307
80
347
195
333
273
249
234
42
125
106
62
196
330
152
275
181
3537
3821
3977
3579
3500
3854
3443
3976
3572
3483
3489
3600
3757
3777
3754
3558
3561
3890
3510
3649
3484
3461
3857
3555
3881
3458
3624
3738
3850
3915
3834
3490
3639
3548
3547
3544
3765
3479
3552
3817
3910
3883
3882
3872
3729
3718
3619
3533
3523
3522
3517
1085
3841
3559
3658
3654
3550
3721
3887
3905
3446
3546
3961
3686
3733
3575
3893
3502
3622
3864
3949
3726
3630
3695
3538
3941
3925
3745
3473
3451
3978
3894
4023
3997
4000
3986
4021
4027
4008
3991
3998
4014
4034
4019
3981
4037
4006
4005
4018
4011
4028
4009
4007
3871
3628
3908
3694
3724
3492
3955
3885
3801
3691
3762
3744
3560
3755
3487
3589
3935
3820
3746
3699
3723
1421
3650
151
2885
300
3290
36
326
235
251
28
38
90
183
155
138
120
58
126
27
316
240
309
190
464
255
34
6
427
336
198
11
76
296
286
206
70
15
3173
260
154
564
293
702
1838
730
690
720
787
703
782
746
748
773
809
700
847
790
758
853
845
693
1719
1317
815
762
836
755
777
812
848
723
734
797
715
754
770
794
779
774
764
783
686
850
740
706
745
701
849
738
696
778
694
830
718
793
687
803
761
828
760
856
827
711
844
837
780
772
724
823
820
727
829
817
784
781
708
842
731
726
792
766
695
3928
866
835
834
747
705
697
814
810
805
752
719
713
688
894
819
800
3504
707
884
806
883
833
714
818
843
890
854
822
808
709
699
722
739
840
831
737
741
728
875
873
872
716
807
733
893
717
802
846
710
841
892
735
832
776
743
801
852
855
3816
3453
3292
3398
2983
3275
3405
477
575
659
623
481
489
2251
3170
3313
3043
3383
2836
3318
3409
2685
3231
2826
3431
516
466
533
354
446
633
598
680
612
684
573
407
474
457
557
359
450
473
458
2238
1764
422
2744
2987
3138
3211
2870
2700
3222
2903
3034
3248
3077
3410
2804
3151
2876
2735
3171
3014
3112
2816
3081
2739
2977
2731
2887
2917
3238
3293
2960
3400
3390
2956
3025
2851
3384
2772
2910
2931
2681
2890
2807
3075
2690
2701
1758
1656
1354
551
509
1739
3597
1748
1443
935
1094
1840
1892
958
508
444
548
574
502
654
571
529
510
536
471
1300
1625
907
482
1167
1264
672
666
592
628
625
619
609
665
644
621
603
490
491
361
355
369
555
445
1635
636
630
547
452
568
1212
503
404
587
397
2587
2429
2393
2158
2562
43
2096
2736
3279
3215
3326
3373
2934
2682
3168
1887
1647
1286
1875
546
421
416
429
1496
1713
1041
1534
2697
3358
3264
3259
2945
2825
2888
2769
2898
2771
3374
2709
2909
2908
3158
2741
3387
3303
3294
3114
2891
3369
2964
2843
3233
3178
3263
3015
2995
3298
3289
2881
3265
3179
3307
2667
3334
3246
3377
3272
2847
2784
3087
3340
2999
2969
3385
3089
3297
3047
3342
2936
3368
2997
2858
3079
2783
2720
3257
3066
3370
3273
3221
2724
3285
3177
2711
2662
3367
3145
2665
3204
2855
2819
3016
3355
3347
3009
3110
2994
2953
3149
2755
3196
2831
3254
3172
3150
2869
2759
3166
3090
3080
2915
3135
2906
2717
2773
2865
2782
3184
2907
3186
3011
3378
3422
3192
3060
2716
3364
2862
2698
3348
3193
3117
3022
3187
3041
2927
2919
3362
2729
3316
2668
3412
3004
2948
2911
2854
2705
3436
2993
2777
3033
3399
2827
3065
2880
2986
3433
3220
3129
3098
3000
2928
2924
3250
2850
2835
2746
3226
2866
2666
3394
2912
2756
2669
2920
2905
3188
2871
2785
2748
3100
2932
3182
3295
3244
3032
2955
3392
3078
2985
2913
2757
3229
3095
2750
3435
2929
2877
2683
3148
2921
3350
3386
3274
3097
3013
3320
3287
2875
2764
3343
2958
3021
3007
3416
2853
1090
1770
1137
539
463
1333
521
1072
928
1778
1696
496
1362
1011
977
1531
1545
1188
1815
1906
1304
974
1830
1500
941
1787
1568
1468
1371
1592
597
1878
1740
1801
417
461
591
559
387
385
558
506
455
418
374
532
352
511
495
438
425
395
391
512
525
488
515
504
561
527
439
423
1660
1320
988
1469
1415
1051
1671
1763
948
428
1790
1299
1633
1348
1404
1227
1725
1308
1296
1131
1745
940
1106
494
440
368
679
653
645
617
579
434
376
524
569
554
537
523
519
487
390
382
367
351
1743
930
1859
1350
620
514
500
683
542
432
405
1450
939
931
1441
1642
1080
962
556
388
373
2628
2181
2570
2012
2449
2488
2023
2618
1958
2659
2432
2207
3327
3082
3403
3109
2996
2846
3224
3206
2863
3395
3337
3255
3207
3203
3002
3001
2775
1044
1872
1628
981
1550
1438
1536
1197
1311
563
531
460
394
1727
1444
1275
944
2822
971
2789
3288
3256
2926
2801
3136
2946
3414
2761
2763
2942
2978
3214
2795
3142
2966
2874
2664
2806
3234
3084
3052
3026
2680
3261
2712
2674
3162
2677
2672
2747
2758
2718
3415
3160
3107
3051
3018
2892
2802
3139
3353
3076
2770
2733
3341
3277
3069
3046
2696
3396
3116
2950
2937
2856
2751
3321
3299
3169
3146
2828
3241
2728
3351
3240
3239
3101
2939
3108
2940
3278
3434
3419
3267
3252
3102
2787
2872
3198
3113
3072
2992
2984
2944
2743
2673
3366
3346
3133
2947
2779
2753
2703
2840
3344
2989
2849
3126
3028
3331
3118
2778
3253
3280
3144
3035
2901
2844
3228
3119
3073
3054
3217
3124
3005
2781
2742
2719
2859
3389
2954
2762
3339
3213
3163
3104
3056
3029
2916
2867
3236
3123
2821
2800
2706
2689
2679
2845
2823
2708
3039
3017
3417
3243
3036
2988
2896
2812
2749
2738
3010
2684
3391
3291
3223
3363
3301
3195
3174
3096
3085
2974
2943
2925
2864
2815
2786
2676
2780
3132
2833
2730
2702
3426
3137
2873
3411
3381
3360
3332
3302
3276
3247
3120
2991
2765
1482
914
1831
1244
1541
1226
389
1638
1591
1292
1036
1229
1379
1060
1601
1319
1118
938
1837
1629
1406
614
604
560
1216
1880
1548
1099
517
1400
1715
1120
1857
1587
1021
1231
896
1129
1019
1576
1279
1733
1378
1363
1313
544
1624
1033
1325
1203
1144
1511
1673
634
1703
1228
1035
1766
1526
669
553
1061
1812
1503
1382
1324
2968
1055
1596
1066
1728
1462
989
1873
1578
1413
933
902
1869
1306
1259
1037
1889
1249
1141
1261
1158
1781
1473
1260
1667
1121
1709
1634
1310
1236
1225
1005
1273
1170
1454
1451
1108
1720
1582
1345
1281
1014
963
901
942
900
1866
1907
1322
589
1565
1422
1844
580
1425
915
492
400
436
570
567
545
507
360
497
462
456
412
409
392
565
370
1427
1575
1893
1820
1166
1783
1277
1829
1566
1478
1453
1372
1870
1446
1374
1686
1355
1109
1611
1481
1472
1418
1221
1630
676
493
414
402
378
348
1179
1901
1808
1210
1616
1448
1143
1104
1067
601
538
513
1171
1910
1897
1818
1364
1905
1670
1077
1439
1436
1677
1349
3258
2813
465
408
2357
2360
2260
2070
2152
2474
1931
2011
2647
2365
1935
2171
2435
2097
2644
2197
2361
2534
2051
1949
2342
2105
2577
2412
2034
2129
2639
2284
1991
2633
2225
2024
2620
2364
1980
1914
2660
2378
2297
2067
2566
2371
2035
2146
2080
1982
2640
2648
2645
2416
2272
2209
2400
1992
1988
1193
3421
3397
3345
3038
2793
3330
3219
2951
1519
1440
1337
1321
1884
1862
1636
1381
1347
1691
1655
1583
1475
1674
1397
1769
1001
1544
1524
1710
1501
1874
1553
1894
1850
1357
969
1564
1434
1654
1366
475
366
1876
990
1489
1215
3428
3393
3365
3335
3333
3324
3315
3304
3296
3284
3270
3251
3237
3232
3212
3201
3191
3185
3154
3153
3152
3140
3115
3106
3103
3086
3070
3064
3049
3040
3027
3023
3019
3008
2980
2976
2973
2970
2938
2914
2904
2897
2895
2894
2868
2841
2839
2832
2810
2797
2796
2768
2754
2745
2715
2713
2694
2687
2686
2675
2663
2661
1645
976
1567
1217
1189
949
1848
1515
1423
1102
1899
1426
1315
1009
975
1798
1493
903
1392
1204
1786
1732
1595
898
483
1533
1555
1824
1751
1742
1252
1785
937
1649
1512
629
1841
1682
1257
1115
1082
1032
1479
1148
957
1232
1699
484
1904
1338
1615
1433
1360
950
1408
936
651
1549
1237
363
1687
1494
1282
1020
1666
1716
1508
1284
1495
1100
1661
1573
1070
1240
1177
1150
1807
1658
1258
1010
1871
1729
1525
1507
1504
1373
1309
992
964
954
1806
1828
1680
1650
677
655
1744
1694
1692
1606
1514
641
606
520
431
430
420
419
1358
959
1164
1040
1885
1497
984
919
1458
1356
1318
1142
1052
1569
1246
1877
1159
566
1484
1091
