0
216
37
2704
3031
3974
4012
4008
3183
3846
3820
3798
602
585
215
210
15
2195
1581
1560
1386
1027
3125
2596
3987
725
4020
3991
4000
4004
3995
3890
3638
3647
3946
3781
3878
3759
3537
3789
3660
3914
3818
3965
3663
3622
3907
3876
3740
3498
3511
3616
3439
3507
3723
3671
3564
3535
3771
3591
3754
3799
3516
3933
3747
3696
3912
3940
3602
3708
3579
3519
3476
3823
3612
3826
3714
3786
3568
3474
3758
3534
3584
3468
3673
3640
3531
3868
3819
3829
3470
785
691
757
802
732
836
854
841
839
831
822
821
808
806
801
796
795
791
789
788
786
775
771
767
750
749
744
743
740
717
714
712
707
704
702
699
692
689
3455
3731
3913
3911
3744
3695
3691
3639
3617
3574
3562
3785
3689
3683
3736
3672
3526
3492
3712
3889
3824
3979
3942
3803
3944
3438
3968
3842
3545
3525
4038
4037
4036
4035
4034
4033
4032
4031
4030
4029
4028
4027
4026
4025
4024
4023
4022
4021
4019
4018
4017
4016
4015
4014
4013
4010
4009
4007
4006
4005
4003
4002
4001
3999
3998
3997
3996
3994
3993
3992
3990
3989
3988
3986
3985
3984
3983
3982
3981
3551
3925
3566
386
454
6
155
160
2437
3978
3977
3976
3975
3973
3972
3971
3970
3969
3967
3966
3964
3963
3960
3959
3958
3957
3956
3955
3954
3953
3952
3951
3950
3949
3947
3945
3941
3939
3938
3937
3936
3934
3932
3931
3930
3929
3928
3927
3926
3924
3923
3922
3921
3920
3919
3918
3917
3916
3915
3910
3909
3908
3906
3905
3904
3903
3902
3901
3900
3899
3898
3897
3896
3895
3894
3893
3892
3891
3888
3887
3885
3884
3883
3882
3881
3880
3879
3875
3874
3873
3871
3870
3869
3867
3866
3865
3864
3863
3862
3860
3859
3858
3857
3856
3855
3854
3852
3850
3849
3848
3847
3845
3844
3843
3841
3840
3839
3838
3837
3836
3835
3834
3833
3832
3831
3828
3827
3825
3822
3821
3817
3816
3815
3814
3813
3812
3811
3810
3809
3808
3807
3806
3805
3804
3802
3801
3800
3796
3795
3794
3793
3792
3791
3790
3788
3787
3784
3783
3782
3780
3778
3777
3776
3775
3774
3773
3772
3770
3769
3768
3767
3766
3765
3764
3763
3762
3761
3760
3757
3755
3753
3752
3751
3749
3748
3746
3745
3743
3742
3739
3738
3737
3735
3734
3733
3732
3730
3729
3728
3727
3726
3725
3724
3722
3720
3719
3718
3717
3716
3715
3713
3711
3710
3709
3707
3706
3705
3704
3703
3702
3701
3700
3699
3698
3697
3694
3693
3690
3688
3687
3686
3685
3682
3681
3680
3679
3678
3676
3675
3670
3669
3668
3667
3666
3665
3664
3662
3661
3659
3658
3657
3656
3655
3654
3653
3652
3651
3649
3648
3646
3645
3644
3643
3642
3641
3637
3636
3635
3634
3632
3631
3630
3629
3628
3627
3625
3624
3623
3620
3619
3618
3615
3614
3613
3611
3610
3608
3607
3606
3605
3604
3603
3601
3600
3599
3598
3597
3596
3595
3594
3593
3590
3589
3588
3587
3585
3583
3582
3581
3580
3578
3576
3575
3573
3572
3571
3570
3569
3567
3565
3563
3560
3559
3558
3557
3555
3554
3553
3552
3549
3548
3547
3546
3544
3543
3542
3541
3539
3538
3536
3533
3532
3530
3529
3528
3527
3524
3523
3522
3521
3520
3518
3515
3514
3513
3512
3510
3509
3508
3506
3505
3504
3503
3502
3500
3499
3497
3496
3494
3493
3491
3490
3489
3488
3486
3485
3484
3483
3482
3481
3480
3479
3478
3477
3475
3473
3472
3471
3469
3467
3466
3465
3464
3463
3462
3461
3460
3459
3458
3457
3454
3453
3452
3451
3450
3449
3448
3447
3446
3445
3444
3443
3442
3441
867
776
879
893
3779
3550
3517
885
3626
3621
3586
876
804
846
826
812
832
763
710
735
855
852
869
738
761
837
792
783
770
716
813
799
790
723
720
715
711
700
768
759
756
737
734
733
853
851
850
847
833
829
816
794
784
782
778
773
766
762
752
751
746
742
736
726
722
706
701
690
814
755
845
843
838
820
817
809
807
805
797
793
787
779
764
758
741
739
730
728
718
890
849
848
844
842
835
834
827
824
818
815
781
780
777
769
765
760
754
748
731
727
724
721
709
705
696
695
694
693
688
687
686
3962
3948
3943
3886
3877
3872
3851
3830
3797
3756
3750
3741
3721
3692
3684
3677
3674
3633
3609
3592
3577
3561
3556
3540
3501
3495
3456
3440
562
437
583
4011
3980
578
600
657
619
3961
3861
3487
472
533
406
470
572
571
552
551
550
532
530
522
509
505
499
486
468
467
457
453
448
447
443
433
429
424
411
401
384
383
381
380
379
377
364
358
356
382
474
371
568
529
466
372
354
385
478
349
365
445
495
546
528
498
362
540
305
47
63
256
89
5
564
501
476
441
399
393
351
52
135
36
206
112
464
319
95
183
157
279
295
102
164
300
294
270
290
60
260
19
17
317
42
167
137
93
140
336
288
283
3
175
281
212
127
121
104
66
29
313
188
59
85
75
245
87
65
116
126
2634
2483
2548
2217
2227
2094
2106
1949
1933
2100
2160
2170
2262
2310
2277
2204
2517
2406
2371
2421
2321
2208
2454
2443
2256
2314
2236
2656
2613
2488
2474
2405
2162
2089
2572
2637
2029
1923
2350
2136
1986
2067
2243
2575
2478
2307
2179
2060
2015
2534
2494
2646
2308
2306
2086
2192
1958
2610
2473
2396
2291
1964
2506
2414
2329
2150
2122
2030
2401
2259
2601
2578
2574
2573
2551
2521
2433
2430
2376
2374
2356
2348
2340
2278
2275
2261
2124
2118
2073
2069
2020
1993
1984
1941
1917
2475
2455
1922
2658
2633
2011
1919
2571
2459
2024
2001
67
202
3437
895
894
892
889
888
887
886
884
883
882
881
880
878
877
875
874
873
872
871
870
868
866
865
864
863
862
861
859
858
857
856
840
830
828
825
823
819
811
810
803
800
798
774
772
753
747
745
729
719
713
708
703
697
324
332
318
176
163
122
113
82
2268
1162
2544
2498
2389
2344
2295
2294
2144
2137
1940
2542
2328
2289
2285
2203
2191
2183
2148
2102
2053
1945
1385
1364
1478
1372
1234
1887
1410
950
908
1187
1154
985
1085
1463
1253
928
1050
955
943
1855
1254
1252
909
1220
1627
1501
1451
389
994
1840
1759
1532
1651
1784
1346
1874
1439
1682
1866
1073
1796
1672
1089
1005
1064
1542
1091
998
1292
1286
1403
1218
1809
1849
1337
1033
1507
907
1101
1402
1339
1163
1092
1756
1748
1316
1241
1898
1775
1741
1605
1517
1370
1829
939
1056
1736
1617
1610
1538
1184
1181
1112
916
1906
1120
1035
1010
974
940
1817
1805
1614
1399
1793
1750
1621
1608
1554
1520
1516
1389
1291
1255
1195
980
934
917
1497
1135
1776
1737
1600
1344
1243
1126
1048
1363
1298
1100
981
1493
1319
938
1698
1742
1373
971
969
1570
1530
1458
1280
1214
1428
1871
1475
1324
1189
1143
1067
963
1872
1650
1233
1967
1338
554
543
541
534
518
516
510
504
485
477
469
459
455
449
435
425
421
415
407
369
357
1679
560
1800
1730
1724
1688
1644
1630
1540
1377
1367
1128
375
1870
462
409
1422
1238
1160
536
440
398
352
350
1794
1744
1732
1720
1677
1638
1582
1455
1427
1294
1284
1273
1245
896
671
535
503
494
416
565
557
547
521
491
487
481
471
418
403
390
361
1425
1210
1109
667
549
545
525
512
508
479
463
405
392
569
556
537
451
397
370
685
684
683
682
681
680
679
678
677
675
674
672
670
668
666
665
664
663
662
661
660
659
658
656
655
654
653
650
648
647
644
643
642
640
639
638
636
635
633
632
631
630
628
627
626
625
624
623
622
621
620
618
617
616
615
613
612
611
609
608
605
603
599
598
597
595
594
593
592
590
589
588
584
582
581
579
577
576
575
574
573
558
480
465
427
422
1777
1343
676
673
669
652
646
645
634
614
610
604
591
587
586
570
567
561
559
531
527
523
519
513
511
507
506
502
500
490
489
488
473
461
460
458
456
452
450
444
442
439
432
431
426
423
419
417
413
412
410
396
395
388
387
378
367
360
359
355
348
1878
1844
1740
1692
1400
1358
1320
1313
1300
976
936
580
555
553
548
544
542
