107
1912
1684
3437
348
0
2793
3000
1284
3038
408
3545
823
376
414
1413
3054
1504
557
713
2827
3648
2284
359
3327
2739
2921
3077
1893
3443
1473
1995
40
419
3731
3611
26
1494
1512
2863
1876
828
310
705
558
3201
3546
1641
302
1353
714
726
1421
340
521
3758
804
1273
109
304
62
1282
1415
2773
3573
3605
3956
2864
2891
3553
901
3019
2202
2640
1400
1625
1120
1681
2856
627
3157
1445
1424
1104
2070
2006
1960
958
2673
3738
3542
3962
2745
1094
134
3614
2662
3412
3406
3360
3070
3187
3215
1159
3562
944
1279
2538
498
643
1019
2848
508
499
1433
3602
3985
240
4014
2851
2557
2444
2225
3168
3905
1990
3131
432
1001
2119
2207
165
3217
3446
1141
178
280
2080
516
574
3733
636
3971
3465
646
3673
893
1155
1127
1792
1908
3498
3288
3646
437
542
1906
595
3649
3641
1507
3487
1550
1145
2843
2715
1977
1419
3243
2145
465
2371
3822
2872
3672
3799
3436
1194
1784
3694
906
1483
3549
1395
1418
2691
504
3246
3068
597
649
3960
657
351
3844
3492
2844
3118
3299
3338
435
3884
3845
807
284
3897
3870
598
2342
3290
17
2821
2924
2562
2683
1133
3785
3527
336
994
1710
170
1745
3489
3813
7
3665
1719
1000
1708
3660
3375
20
782
888
3777
848
196
4002
3774
3191
83
434
1552
863
3603
547
1042
3496
1171
2432
53
225
230
3704
2690
752
289
235
973
2350
898
535
137
3424
886
3203
1210
455
680
1769
3513
3600
3040
3772
511
451
764
645
236
3395
706
3298
3696
3723
3382
3584
991
281
937
1174
3334
3708
4037
424
3574
775
2406
200
1503
50
278
1030
1988
2570
2397
3031
210
1726
3989
2341
3746
2752
845
3225
885
1453
1951
1523
3460
691
3724
1213
194
2013
968
1705
1131
3919
3479
2528
3559
3477
3986
3039
1139
3933
976
3663
3485
2780
3344
3917
3145
2940
3345
3379
3354
3782
723
959
3358
3835
3273
407
2957
767
2222
2733
2725
2841
3601
1928
1818
1025
274
3141
123
3163
1452
1533
3685
393
2166
2024
626
454
1119
3676
3341
110
2301
1506
68
4
1688
1543
2255
3335
3740
591
2158
1541
72
305
100
3121
226
399
881
1364
850
1872
106
3998
220
1838
554
1762
321
763
253
880
2015
3619
839
3307
3282
179
2185
621
3701
425
93
441
3789
3823
935
2968
316
3
2995
827
1087
3805
2737
3699
2946
189
256
3801
85
1264
783
2771
1781
2065
1144
2177
3234
3055
3309
467
731
599
2587
3418
2454
3128
3491
3262
742
3526
715
2978
3990
1108
1749
3173
2878
3537
141
1654
3666
1961
264
1098
950
3271
1169
3885
2707
2525
3710
1969
1482
1037
1307
3110
2704
3821
1992
2768
2316
247
203
160
188
169
2794
3543
114
35
3547
2687
3518
1286
58
548
565
409
536
4028
1878
2977
2050
1031
2706
3098
575
612
426
2790
489
2416
2176
527
734
594
3200
2723
1062
3108
1354
92
1450
2425
3817
54
3159
698
1499
3693
3754
1013
3836
2379
749
3803
333
951
3780
474
2610
1103
2522
3931
213
3514
3433
3183
2792
757
1636
1658
1254
1258
3691
3311
699
2361
36
3674
2938
3143
356
765
3326
3389
2825
2248
3385
2826
496
3819
562
1331
1140
234
1697
2979
120
1101
2424
1369
4016
3916
608
3951
34
735
2949
2181
3637
3533
444
3898
3683
740
2620
3669
335
2440
3139
245
2435
1594
2784
3974
1224
97
3745
3948
3581
613
1474
470
1244
786
717
857
3447
155
2452
2674
3764
3008
2664
1337
2456
339
66
3207
3934
3767
2576
1756
2387
405
1690
629
3254
3541
3476
2481
3736
644
678
611
859
1349
862
2497
2358
631
3688
239
664
3976
2195
67
2014
448
3632
2360
1093
3757
720
2618
2314
2685
3857
443
936
3083
3504
2442
2960
2173
1934
522
1443
3393
2558
3171
1913
3935
3726
375
3978
3770
655
3275
1576
1587
1635
1438
1044
2513
3686
576
661
2364
173
3787
2011
3310
841
1884
3890
452
1152
1738
2802
1903
182
258
2422
3127
3927
341
3454
84
648
2396
1055
3391
918
3727
3390
2031
2470
1325
761
3995
2548
708
1154
2668
3006
3515
2857
1788
2305
1410
670
2605
202
3887
1889
3928
719
63
2550
3952
1378
326
3295
2699
3067
2518
3850
468
3516
510
1430
3913
298
24
2722
2831
3368
1693
3469
1022
42
2249
673
3435
2695
3888
669
2747
2876
738
2980
3500
4022
3807
195
3202
2798
1808
1021
3414
2817
3678
2029
371
2413
1521
1525
2219
692
1440
2736
3942
876
3720
3914
3765
1981
3398
3896
1270
3642
3102
2714
3149
2332
589
2675
2632
2769
4023
3875
2252
3773
1195
990
3099
3329
642
3499
1394
1315
3380
1497
3552
286
3413
877
3892
3094
3689
3415
700
3392
2211
476
3798
3197
2888
2801
1937
3903
410
1606
2935
90
1715
2472
1798
3129
3224
3292
442
2760
1936
2534
2693
3833
186
172
868
3628
2019
308
813
829
2660
1957
3911
3066
1069
1806
1123
1383
216
3209
732
3325
1113
2847
2186
2681
3578
221
211
146
3568
2296
2531
1382
3557
3596
1161
149
3957
809
873
729
2367
1519
2965
3208
2652
3445
403
3336
3715
347
572
4017
2297
1518
479
461
495
2710
3910
382
48
3072
2320
1855
1529
1363
1385
3874
3093
3879
2155
1046
3210
1742
1850
1379
3257
3505
3472
789
1313
2797
3116
157
628
632
3314
2774
1676
1869
793
358
64
1386
184
3304
756
787
571
228
3690
145
3285
2113
718
702
3994
836
551
971
1568
1880
895
2808
737
132
2488
2089
634
523
102
3276
2238
1740
2703
1242
914
1885
86
1973
2321
2648
3442
3598
1137
379
3270
1085
3394
3227
283
1922
3122
139
96
314
287
2417
46
2858
667
690
2954
2568
1624
2571
1007
3474
3198
3357
3351
3650
3595
2846
3133
532
3403
3024
3871
32
2765
1016
129
3841
3944
3627
685
3735
1080
3482
1262
3744
3776
1847
3535
1478
3071
741
3539
1412
126
1866
1328
1444
3238
130
2639
872
3420
187
820
709
1138
2732
3925
4013
3167
2678
2260
1875
2545
610
318
265
1700
660
3555
3732
486
3980
4015
3709
2829
3018
3820
3958
198
998
108
2889
2982
3639
2114
2914
3411
3597
815
2686
2696
3607
851
1573
3432
614
387
560
701
3816
1773
37
779
4032
3681
2931
2994
3534
2483
2100
552
466
208
3538
4009
2167
1374
800
3452
3421
3230
704
1952
1939
1982
1142
2834
2245
1150
2450
1477
759
961
2735
19
2596
3075
2803
3908
2903
70
237
744
3659
101
254
2501
1883
1642
1151
5
1831
1834
2058
894
456
3359
4031
3030
3532
733
2599
401
1165
1008
931
1510
313
118
2677
2795
3849
1014
3604
3790
3269
3755
3364
3894
1544
44
2766
2850
2540
791
3716
2135
2434
3647
3794
2701
135
3922
4012
3625
3278
585
244
1949
3337
1005
3425
2893
319
3846
1461
2634
1500
233
2480
2942
792
940
3662
4019
1487
1116
1285
1278
1074
1821
3881
1851
1466
2565
1164
1491
1365
638
2981
1571
1143
3503
927
3174
1156
1707
980
1532
1136
1209
191
1597
3781
799
1632
81
1843
1508
3490
870
1787
2234
874
183
2689
2510
1187
867
3779
616
4008
2656
2726
2822
27
3486
1760
1095
818
251
207
1996
1439
2644
3081
910
2295
2523
279
2865
3376
1252
2936
2672
1706
1417
1066
710
1667
3655
996
77
1727
2524
1978
2849
367
215
406
1650
675
3015
875
209
3991
3658
662
1134
985
1599
2476
338
79
1631
1020
533
1446
4036
3631
2591
1854
2767
3861
480
846
457
505
277
193
600
3441
1268
122
1091
222
3783
747
1967
218
1397
1677
2635
938
3422
569
835
1777
1933
1975
945
4018
3729
1106
288
2883
929
3792
3964
49
2060
2647
3251
125
1189
2349
3510
1043
3937
1910
4024
904
3509
1638
2051
1739
615
4027
2016
3955
3993
3180
1442
1927
3889
2378
2682
545
3589
2493
981
663
1403
299
1052
43
1463
1249
1241
3880
1050
540
2816
3839
635
3211
844
174
1581
3170
1558
909
3355
1034
2840
882
2971
1423
383
2842
2744
674
2838
3416
1218
2855
3388
2076
3013
2298
3865
3205
131
2393
1489
2972
206
3520
3016
883
833
858
478
750
2280
1240
3843
147
3829
3564
3893
854
273
3429
1038
3480
3333
3580
923
1588
1476
549
2405
3752
3466
3671
3470
609
687
1208
2383
260
892
344
1822
2134
1968
74
1944
1111
6
3147
329
3592
3864
3459
3583
3356
1061
3044
3153
3664
1540
2487
18
1865
1711
3936
262
3548
2852
3963
2420
4020
1861
834
192
45
2147
3883
3164
1118
1493
900
907
1796
1003
2421
2458
2208
2368
2239
3439
2809
3528
3640
1245
94
65
778
2837
1077
2932
1656
1237
921
1916
770
529
2720
3343
3373
4026
3996
389
1562
776
1998
3029
3904
3920
1122
2787
1729
2812
3297
3302
3863
1526
964
2508
161
3025
1088
1097
1914
2004
1128
2628
242
866
3608
688
3306
3079
2918
1502
3242
2772
1902
1767
1778
3983
168
3521
2835
2242
3005
3109
3624
2904
2770
3999
1084
1987
797
3670
728
1215
148
317
212
2741
802
390
842
3156
1505
3260
1601
1333
826
3428
1010
975
1531
2451
1841
3657
603
2572
2636
2839
2910
2974
853
3060
1704
3199
3189
3938
2429
246
2274
1028
1630
2312
2569
1728
1100
2911
275
3587
3616
3478
724
2099
1168
2867
2983
3862
2182
2519
2
1319
3638
847
3855
1096
3984
1295
3473
3151
974
450
1691
3001
2061
3797
1651
1350
449
1162
1257
2441
2431
2782
1771
1696
3612
745
3289
926
864
2455
1206
238
60
2120
2156
3440
3725
2975
2584
1011
2391
2830
2023
1360
1702
3348
3056
477
1129
3047
3610
3419
3682
1266
3449
758
30
3609
1994
922
2337
3626
2022
831
2627
2659
3812
445
3020
3493
1301
920
1336
1652
3340
1666
3582
394
438
566
500
1219
3431
3221
3249
2665
2781
3240
3331
2964
3369
2003
1774
3939
2171
1490
905
1569
1018
1479
3370
3135
1226
2999
285
1660
354
861
3635
3804
3800
1180
2345
3832
856
337
2270
2950
2976
2779
3107
2990
2870
538
525
1514
788
1517
1909
1970
377
494
481
3712
2909
2717
2617
2896
2755
2943
368
3193
2505
1947
2993
3213
1882
2038
385
507
3654
366
473
352
2438
415
269
1887
2684
3950
3795
3475
2490
652
297
185
73
2426
928
812
1649
1566
1555
1770
2400
3525
1765
977
1840
3636
2751
472
2718
1549
1296
2230
1414
391
1454
2306
1039
3455
3778
534
3629
3831
2823
3653
3261
3438
3166
647
832
658
362
3381
309
2806
930
3387
2969
2845
1803
1317
772
