1912
1211
2586
2937
1668
1376
1583
2536
2561
2140
2343
2638
2410
3098
69
2128
414
696
1059
1420
2043
1644
1935
1702
3919
1849
2189
2543
3796
1920
1966
3844
3899
1800
1801
2129
1979
3087
2816
4011
2199
1897
2344
1648
2666
3244
1984
1759
3340
2032
1605
2075
28
109
119
121
158
293
370
511
546
653
791
796
838
932
967
1080
2690
1811
1159
1172
3553
3275
1392
1429
2337
2204
1603
2368
1540
2078
1994
2048
3598
2491
2589
1125
1867
3110
2123
2201
2634
3691
2392
2408
2754
2596
3093
3166
3099
2085
1639
3604
2487
2584
2832
3560
1784
1902
2641
2441
3310
2615
3247
1980
3724
2070
2069
2216
2750
3056
3716
3061
3257
2780
2381
2323
3195
2765
3627
3016
2214
4009
3138
2447
3377
2597
2036
3134
0
10
2130
55
59
78
82
116
2445
190
304
346
348
372
378
391
413
426
438
459
460
3776
466
467
501
537
566
570
603
614
623
629
635
639
640
661
669
1885
677
689
708
715
718
727
3951
763
797
823
825
844
886
890
908
913
3611
929
939
1014
1016
1021
1024
1027
1038
1041
1066
1111
3743
1161
1183
3652
2161
1192
3694
2810
1215
1225
1227
1237
1872
1252
1294
2943
3601
2178
2305
2924
1940
1415
3904
3010
2766
2706
1469
1484
1503
2145
1505
1507
2194
1549
2907
3401
3728
1595
4021
2893
1828
1634
1640
1641
3542
1671
1683
1816
1727
2248
1802
3403
3053
1769
1777
1899
1763
1703
1374
1633
1426
676
35
2279
2153
3416
1621
1405
2608
2125
2909
2655
3155
2356
2833
2139
2200
2272
2689
2930
2428
1765
2570
1559
1370
1391
2336
1835
1669
1864
3504
2891
3044
1590
2508
2892
2854
1184
2621
3017
2870
3353
2911
1733
2415
3234
3327
2573
2628
1117
3129
2933
3190
2916
1997
3817
2864
2955
2521
2514
2003
2835
2585
2578
2239
2802
3265
3808
3325
1663
1463
1208
1238
2560
3227
2863
2431
3000
2958
745
465
2905
2859
3529
2303
3203
2164
2534
2346
3606
3535
3328
2797
3623
3579
2563
2045
2213
3546
2470
3410
1591
3019
1554
3358
3737
2716
3011
3291
3648
2672
2823
3830
2404
3658
2903
2601
3630
3527
3570
3573
2400
1989
3566
3618
2504
3859
3893
3751
2726
3431
2547
2357
2241
2362
3922
3907
2951
3854
2836
3111
2013
2946
2569
2594
4020
3977
2126
3617
9
16
17
27
30
32
40
46
50
53
62
66
67
88
120
125
2355
139
141
2884
145
2814
147
167
171
173
174
182
184
193
2812
217
222
231
233
234
3811
3121
256
257
258
270
272
277
282
284
3993
295
309
341
358
3035
2747
2942
390
394
401
409
412
2781
2794
2745
2748
433
435
439
447
454
2583
473
474
478
482
2770
503
509
513
519
3498
3508
3833
532
536
2759
2778
4005
571
575
577
3495
579
583
586
588
592
593
3482
605
625
631
2321
3487
648
654
655
2396
672
686
691
695
701
703
709
712
720
728
733
737
750
761
764
770
772
775
782
783
787
799
806
807
813
817
819
837
851
855
856
860
865
868
874
875
876
882
904
3440
912
917
918
923
926
3887
930
933
941
943
946
954
3212
966
3042
970
973
977
2886
984
3510
2481
3655
1000
3242
1004
1012
1013
3916
3957
2705
4038
1043
1047
1050
3048
1054
2618
1058
1063
1069
2736
1077
3365
1092
1098
3935
1116
3052
3521
1133
1134
1137
3787
3687
3176
3362
3037
1169
1175
2544
2304
3119
1186
1194
3339
2729
2953
3788
1216
3144
2710
1223
1229
1231
3967
1235
4026
1244
1246
1247
1260
4010
2276
1274
1277
3712
2230
1290
2419
1301
3775
3589
1317
1320
1325
2456
3218
3804
3754
2889
1351
3457
1357
1362
1371
1372
1382
1383
2667
3367
3375
1394
3222
3717
3699
1410
3680
1423
1424
2265
1440
1445
3934
3383
1470
2253
1473
3705
1492
1506
1511
1513
3938
2243
1533
2896
1537
1542
3502
1556
1562
1567
2963
3408
2954
1578
1582
3395
1593
1596
1598
1599
1602
1606
3933
1614
3742
1626
1649
1654
3976
2397
3522
1689
1690
1692
1696
1700
1706
2637
1718
1720
3481
2645
3822
3226
3748
3171
1751
3863
2208
1762
3766
1778
1787
3466
2379
3320
1814
1817
4031
1821
1822
2632
1829
2941
3413
1844
1851
1853
1854
3683
3856
1865
1876
2458
2817
2577
1889
2658
1905
1907
1913
3879
1928
1930
1931
3927
3139
4028
3266
1955
1958
1960
1961
2900
2877
2982
1982
3828
3891
1991
3875
2867
4000
3312
2008
2012
2019
2021
2025
2027
2031
2034
2038
3294
2902
2952
3607
2828
3912
3199
3331
2065
3985
3842
2079
2603
2384
3164
2112
3182
3614
2360
3300
4016
3251
2538
3385
2173
3625
2176
2186
2990
2205
3679
3350
2796
1753
2979
1938
1661
1286
1798
3174
1471
3722
2744
3405
1271
2999
1820
3944
3115
527
2127
2061
2661
254
3645
3225
3186
3456
3396
2720
1181
1752
3233
3232
3096
3058
3178
3066
3173
2235
3026
3047
3417
2679
3270
1675
2841
3389
3414
2806
1232
2976
1532
1330
3075
2072
1029
1863
2913
3229
927
997
1028
1365
3183
1199
1547
3277
2340
2369
3185
3207
2386
2591
2533
2292
2510
1809
1243
3004
2758
3136
3262
3245
2894
1738
3309
3298
3322
1205
3323
1717
1724
3034
1893
3608
3135
1385
2915
1213
1725
2039
1036
1221
3025
1504
2664
2988
1217
1201
1076
1132
1425
3399
366
430
3532
3516
491
559
3033
359
3525
3168
3162
136
292
209
146
3422
3287
3263
1929
3197
2287
3361
2846
3049
2738
3023
2352
3348
3371
2001
3582
3159
3853
3085
1861
3428
3243
3252
1964
2042
3491
3078
2086
2935
2938
2030
2418
3619
1833
2649
3956
2210
3161
3568
2338
3575
1891
1572
1974
3621
2996
921
3014
3219
3097
3665
1163
968
1191
1052
1509
993
3646
1128
526
1180
666
132
3439
144
2399
3381
2264
2306
2103
2464
3274
1942
3153
2945
2682
3206
3587
2994
3165
2432
3398
2117
2151
2970
2063
2939
2275
999
960
1331
1619
1399
1836
3581
3628
3615
3290
2465
2420
2087
3643
2285
2247
1953
3062
3369
3571
2133
3476
3786
3001
3603
3390
2062
3557
3264
3376
3684
1153
3306
3758
1393
2389
3008
3657
3430
1149
3425
3463
3708
1003
2956
1886
1652
906
1750
1352
1795
3685
599
646
638
578
3523
3846
2512
3142
3586
3050
2857
3719
3602
3272
3816
3360
3824
2118
3777
2060
3236
3876
2052
3730
2293
3039
3877
3881
2971
2414
3455
2549
3594
3789
3795
1421
1859
1148
3043
1479
1284
1402
3688
3654
1620
1741
1810
1340
1773
3314
3666
2984
1334
3342
3101
3192
3152
1983
3735
3768
2077
3359
2469
3472
2553
3888
3880
2478
3241
2090
3964
3794
3765
3635
2212
3675
3256
3435
3003
2335
2468
2429
2220
3882
3858
3872
3979
563
2270
2141
3378
3707
4014
2280
2962
2
5
12
18
19
3704
2934
25
31
33
34
37
39
43
54
56
58
60
63
65
68
70
71
72
73
77
79
81
85
86
89
92
3150
94
97
98
104
110
113
114
115
117
127
128
129
130
134
138
140
142
149
3556
3554
153
156
157
159
161
163
164
165
166
168
3151
177
179
180
181
3703
187
191
192
194
198
199
203
206
208
215
216
220
230
3851
238
3551
244
245
248
249
250
251
255
260
262
263
267
268
271
276
279
281
283
3702
286
288
289
291
3156
299
302
305
306
307
311
313
314
315
316
317
319
320
3850
325
326
331
333
338
339
340
342
343
345
347
352
353
354
355
361
3533
364
3141
379
386
388
392
3148
398
3538
3249
403
405
407
408
410
2883
416
3517
424
425
427
429
431
437
440
444
446
448
450
452
456
457
3246
462
464
3147
472
476
479
480
481
484
487
3537
490
3841
493
494
3530
2882
500
502
507
508
2879
512
3534
517
3198
520
521
525
531
533
2874
539
540
541
3531
543
547
550
551
552
555
558
562
564
3285
573
580
582
3840
589
590
595
3700
598
600
601
602
604
607
612
613
617
619
620
621
624
626
627
3836
633
3128
636
637
644
3834
656
657
658
659
3832
3130
667
671
673
678
3865
682
3518
687
3515
690
702
711
713
714
717
722
724
726
729
731
3697
738
740
741
743
744
746
752
753
3118
756
757
3125
765
766
768
769
771
776
3123
784
786
793
794
800
3117
804
3091
808
821
822
831
832
833
834
3124
3514
841
3960
846
847
850
854
858
861
872
877
880
883
887
2860
891
895
896
898
899
902
2997
911
914
915
919
924
931
3204
935
936
942
3386
948
952
955
956
3107
965
3660
974
975
976
979
2855
3419
3317
3994
3059
990
991
3599
994
995
998
1001
1002
3493
1015
3936
3046
1026
3029
1033
1034
1039
1042
1046
1055
3418
1061
1062
1067
1068
1070
1072
1073
1074
2926
3760
1081
3469
1091
1096
1100
3638
1102
3928
1109
3729
1119
1120
1121
3942
3671
3100
1131
1139
1143
1147
3915
1160
1162
3503
1168
2847
1174
1176
1179
1182
1193
1197
1198
3424
1206
1207
1209
1212
1218
1219
3988
1224
1228
1230
1233
1234
1248
1249
3259
3759
1257
3492
1262
3296
1268
3406
3931
1275
1276
1278
3015
1282
3343
1292
2897
3501
1300
1304
1305
1306
1307
1309
3447
1315
1316
3941
1321
1323
1326
1327
3930
1333
1336
1337
1339
1345
3483
1350
1353
1355
3181
1358
3990
1367
1368
1369
3496
2948
1381
1384
1388
1395
2845
1397
3762
3079
3952
3669
1416
1422
1430
1434
1435
2932
3955
1441
1442
1443
1444
3311
1450
1453
1460
1461
1466
2888
1468
1476
3284
1486
3637
1489
1491
3725
3905
1495
1496
1497
1510
1512
1517
1524
2842
1527
1529
2831
1538
3585
3027
3693
1558
3802
1565
1566
3726
1571
1575
1576
1579
3433
1585
1586
2885
1588
2829
3258
3991
1601
1604
1607
2840
1613
1615
1616
1618
3953
1623
1624
1628
3813
3018
3505
1645
1646
1647
1653
3911
1656
1657
1658
1660
1662
2843
3465
1670
1672
1674
1676
3673
1681
3939
2910
1688
1691
1695
1697
1699
1701
1705
3230
1710
1711
3803
1714
1715
3996
1731
3692
3647
3095
1737
2838
3506
1748
1749
3986
1766
3005
1771
3597
1775
1776
1780
2827
1782
1786
1788
3304
1794
3462
1803
3499
1806
1807
1812
3667
1815
1818
1819
1825
3949
1838
3028
1842
1843
1846
3449
1850
1852
1856
1860
3441
1870
1875
3650
1878
3929
1890
1892
1894
1895
3909
1900
1901
1904
1908
1910
1915
1916
2898
1919
1921
1924
1927
3558
1934
1937
3380
3736
1944
4032
3397
1950
1951
1952
3827
1969
3580
1972
1975
1977
3706
3801
1988
1990
1992
1999
2000
2002
2826
3070
2011
2014
2017
3559
2022
2023
2824
2028
3884
3354
2053
2054
2055
2057
2968
2076
3572
2088
2975
2094
2096
3524
3779
2105
2107
2110
2113
2116
3755
3825
3869
2132
2134
3038
2137
3163
2142
2146
3819
2155
2158
2160
2167
2170
3622
2175
2179
2180
3733
2185
3848
2195
2197
2207
4019
2222
3567
2231
2234
2237
2238
4001
3577
2249
3778
2251
2252
2993
2260
2262
2912
3826
3798
2281
3782
2288
2904
2294
2297
2298
2301
3610
2317
2318
3641
2325
3713
3791
2342
2345
3739
3890
2349
3980
2358
2359
2364
2366
2371
2375
3984
4012
2378
2383
2387
2388
2925
3790
3112
2401
2403
2407
2412
4018
2417
2422
2424
2425
2426
2437
3387
2444
3750
3547
2454
2459
2460
3596
2466
3997
4035
2474
3289
3235
3632
2483
3489
4006
2494
4008
2498
3009
2501
2502
2503
2509
2513
2515
2516
2519
2523
2525
2526
2528
2529
2531
2535
4029
2539
2807
2541
2542
3878
3885
3363
2566
3194
2580
2581
2582
2967
4025
4013
2947
2612
2616
2620
4002
3999
2626
4007
3983
3269
3544
3271
3818
3659
2818
2652
3731
3870
2656
2662
2663
2668
2974
2670
2673
2677
2678
2813
3584
2683
2685
2687
2691
2696
2697
2698
2699
2700
2701
3664
2703
2707
3864
2991
2718
2723
3404
2732
2733
2735
2737
2740
2741
3060
2743
2749
2751
2752
2755
2769
2771
2774
2775
3592
3470
3961
2788
2792
2815
2800
2540
2680
2793
2648
2024
2006
1781
1589
1531
1740
1611
1525
1665
3829
1396
3696
3205
889
3644
1545
538
2742
510
3127
499
415
1587
1467
1293
3971
3797
3670
2267
2390
1078
2098
3145
3021
23
2500
2619
2300
2575
2485
2728
3080
1380
1456
2047
2473
2068
2074
2590
2073
2308
3238
2717
2669
3962
3051
1799
3412
2713
2259
2111
2191
3068
1312
2211
1267
1520
1888
1767
3809
3901
1431
1280
1636
1438
1322
2101
1553
1841
1032
3528
3497
2135
2283
1404
1020
1946
2331
2307
988
2876
3633
3400
903
3158
1879
934
1040
1409
3237
1344
3114
1736
1130
978
964
3886
805
803
754
843
778
839
762
680
634
664
1973
374
567
471
395
93
169
297
2009
3106
3867
2471
2138
2372
2174
2606
2607
3511
2629
3488
2020
2576
2611
3540
3076
3763
2973
3082
1746
3346
3077
3806
3963
2278
2600
2206
1986
3208
461
402
1535
1447
1597
1250
3351
2555
2233
2640
3090
2862
3228
2506
3286
1480
2931
3193
2475
1577
1265
1056
1791
1086
1377
1449
1302
982
1457
1826
1214
1287
2625
2229
2056
2046
2334
2354
2095
2554
2551
2266
2196
1959
1939
2203
947
2438
2598
1947
2328
428
3215
2730
3002
2844
3332
1060
981
1204
1573
1126
1584
1580
1107
3543
1866
1310
1848
3710
1796
107
1666
1087
2786
3054
2940
2927
1348
2944
3301
1259
1011
1379
3676
1298
1166
1638
1742
1356
840
688
553
422
684
373
3478
421
417
495
542
463
362
516
489
400
518
252
2643
2451
239
151
150
2511
1932
2018
2228
2391
2040
2084
1941
2433
2244
1971
2374
3137
3616
2872
3065
2866
2782
2604
2462
1772
992
3576
1926
2302
2966
2681
2409
2324
2172
2188
2482
2124
2430
1488
1101
2319
2143
2644
1612
1735
1877
1823
1291
2647
971
2784
2702
3663
1146
1813
1412
1686
1124
1678
1608
1804
1341
1721
1185
1734
1557
1173
732
597
285
186
21
1981
2574
2309
2131
2326
1684
1493
1568
1118
2333
2653
2183
2507
1943
2347
2448
2120
1390
1256
1079
1398
980
2484
2564
2363
2250
2102
2282
2007
2623
2394
2327
2059
2290
2289
2273
1985
1563
1712
1707
2171
1632
2559
2646
2150
2339
2121
2271
1962
1269
662
647
632
587
492
524
2187
322
236
3104
2965
2709
2880
2961
2122
2654
2423
2218
2602
2550
1925
2495
2593
2037
2552
2395
1993
2348
2499
1494
1896
1655
1150
1104
1884
1329
1272
1017
1682
1318
1123
1832
1411
1622
1439
3267
3120
2787
2093
2477
2329
1918
2005
2353
2630
2376
1761
1222
1359
1600
983
1730
2467
2624
2240
2622
2489
2627
2496
2377
2595
2385
2413
2209
2592
2537
1945
2472
1
3
4
6
7
8
11
13
14
15
20
22
24
26
29
36
38
41
42
44
45
47
48
49
51
52
57
61
64
74
75
76
80
83
84
87
90
91
95
96
99
100
101
102
103
105
106
108
111
112
118
122
123
124
126
131
133
135
137
143
148
152
154
155
160
162
170
172
175
176
178
183
185
188
189
195
196
197
200
201
202
204
205
207
210
211
212
213
214
218
219
221
223
224
225
226
227
228
229
232
235
237
240
241
242
243
246
247
253
259
261
264
265
266
269
273
274
275
278
280
287
290
294
296
298
300
301
303
308
310
312
318
321
323
324
327
328
329
330
332
334
335
336
337
344
349
350
351
356
357
360
363
365
367
368
369
371
375
376
377
380
381
382
383
384
385
387
389
393
396
397
399
404
406
411
418
419
420
423
432
434
436
441
442
443
445
449
451
453
455
458
468
469
470
475
477
483
485
486
488
496
497
498
504
505
506
514
515
522
523
528
529
530
534
535
544
545
548
549
554
556
557
560
561
565
568
569
572
574
576
581
584
585
591
594
596
606
608
609
610
611
615
616
618
622
628
630
641
642
643
645
649
650
651
652
660
663
665
668
670
674
675
679
681
683
685
692
693
694
697
698
699
700
704
705
706
707
710
716
719
721
723
725
730
734
735
736
