0
210
114
1119
801
3987
279
4032
4022
4035
4008
4003
287
71
43
42
15
3935
3853
3846
3748
11
3729
499
860
638
550
468
2704
1690
1466
1430
1233
3570
841
883
2269
3746
4012
788
767
3992
850
854
743
691
816
707
808
783
716
735
839
796
771
725
768
733
855
852
836
832
822
821
806
802
799
795
793
791
790
789
786
785
775
763
757
750
746
740
732
717
714
712
710
704
702
700
699
692
690
689
3999
4028
4000
3993
4017
4021
95
3865
3879
3854
3653
859
825
870
858
879
893
803
723
846
837
826
812
737
711
792
756
754
738
715
849
745
872
720
687
770
761
798
853
851
847
842
834
833
829
813
794
787
784
782
778
773
762
752
751
742
736
734
722
706
705
701
695
688
814
811
797
755
730
880
845
843
838
835
831
817
809
807
781
779
764
759
758
741
739
728
718
856
848
844
827
824
820
819
818
815
780
777
766
765
760
753
748
747
731
727
726
724
721
719
709
696
694
693
686
4034
3998
3995
3994
3981
4002
4038
4037
4036
4033
4030
4029
4027
4026
4025
4024
4019
4018
4016
4015
4014
4013
4010
4009
4007
4006
4004
4001
3997
3996
3990
3988
3986
3985
3984
3983
3982
93
52
49
68
243
183
220
264
296
263
259
327
6
135
247
140
240
99
144
137
111
151
41
245
129
328
181
152
333
347
47
106
126
178
96
168
311
38
60
190
317
251
235
69
303
212
59
283
221
94
261
65
342
276
141
341
62
284
272
231
54
3271
3808
3742
3781
3801
3588
3789
3717
3806
3700
3676
3665
3489
3816
3941
3787
3720
3916
3848
3861
3686
3503
3976
3447
3899
3939
3857
3743
3657
3445
3606
3673
3614
3594
3867
3713
3832
3707
3670
3770
3850
3903
3646
3569
3555
3960
3821
3835
3455
3585
3913
3870
3855
3833
3714
3706
3572
3493
3463
3793
3690
3901
3644
3472
3919
3649
3639
3613
3581
3809
3783
3776
3975
3526
3460
3917
3912
3892
3874
3819
3725
3567
3541
3543
3769
3753
3629
3599
3442
3829
3459
3881
3782
3680
3458
3918
3837
3774
3759
3708
3579
3823
3583
3510
3497
3863
3814
3624
3531
3904
3849
3554
3466
3932
3716
3647
3513
895
894
891
890
889
888
887
886
885
884
882
881
878
877
876
875
874
873
871
869
867
866
864
863
861
840
830
828
823
810
805
804
800
776
774
772
769
729
713
708
703
697
3575
3839
3454
868
1996
2483
2621
2548
2422
2402
2316
2106
2251
2517
2119
2008
2562
2358
2105
2515
2401
2545
2614
2558
2113
2442
2321
2041
2650
2360
2493
2452
2628
2448
2405
2231
2089
2626
2584
2067
2357
2403
2335
2173
2025
2587
2488
2049
2035
2009
2435
2097
1966
2317
2129
1915
2659
2639
2620
2494
2061
1968
1931
1914
2103
2636
2583
2364
2171
2027
2024
2004
1995
169
156
103
21
4023
4020
3991
3989
3980
3566
3487
346
204
194
180
88
24
345
344
343
339
338
337
336
335
334
330
326
321
320
319
316
315
314
312
310
309
308
307
306
305
302
300
299
298
295
294
293
292
291
290
289
288
286
282
281
278
275
274
273
270
268
267
266
262
260
258
257
255
254
253
250
249
246
244
242
241
237
236
234
233
232
230
227
226
225
222
219
218
216
215
214
209
207
206
205
201
197
196
195
193
192
191
187
186
185
184
182
179
177
175
174
167
165
164
162
161
160
159
158
157
155
153
149
147
143
142
139
138
134
133
131
130
127
124
123
121
120
117
116
115
112
110
108
102
101
97
92
91
89
87
86
85
84
83
81
79
78
77
76
75
74
73
72
66
63
61
57
55
53
51
48
46
45
44
40
37
36
35
33
32
31
30
29
28
26
23
20
19
17
16
14
12
10
8
7
5
4
3
2
1
340
332
304
301
238
224
118
22
322
271
265
223
213
211
172
170
104
98
331
325
318
313
297
285
280
277
252
248
239
229
208
203
200
199
188
176
148
146
132
125
122
113
109
105
82
67
56
50
39
27
25
13
9
323
189
329
3268
3401
2798
2980
3197
2776
3143
3125
2779
2886
3141
3323
2699
3336
3322
2933
3427
3376
2852
3044
2972
3270
3402
3030
3421
2695
3218
2861
3050
3203
3147
3074
2817
2895
2893
3139
2961
2816
2766
3123
2873
2731
3241
2829
3114
3379
3356
3133
2866
3352
2687
2936
3285
2978
2809
2663
3307
2845
2668
3388
2948
2908
3099
2667
3080
2945
2794
3228
2924
2891
3433
3257
3158
3004
2993
2987
2907
2862
2763
2871
3436
3363
3184
2890
2721
3008
2834
2703
3129
3108
3056
3000
2994
2867
2761
3149
2956
2915
2913
2839
2827
2755
3395
2791
3384
3174
3104
3078
3040
3033
3022
2920
2919
2912
2906
2815
2782
2754
2746
2745
2698
2676
3196
3422
3377
3337
3275
3215
3157
3117
3206
3102
3375
3264
3255
3167
3087
3032
2996
2955
2918
2744
3419
3146
3256
3107
3355
3277
3239
3155
3132
3051
2991
2833
2796
2778
2770
2712
2661
3156
3353
3345
3106
3082
2793
3342
3291
2742
3273
3068
2739
2738
3398
3396
3350
3332
3081
2797
3344
2753
2735
2808
2787
2623
2306
2136
2495
2407
2353
2055
1984
1963
2466
1988
1969
1976
2573
2526
2257
2140
2131
2073
2063
2020
2221
1982
2440
2291
2625
2606
2604
2602
2601
2593
2575
2550
2521
2500
2499
2443
2433
2414
2376
2374
2370
2369
2356
2352
2348
2334
2323
2290
2288
2258
2234
2229
2188
2184
2164
2147
2142
2122
2112
2108
2095
2093
2090
2088
2083
2078
2069
2064
2046
2531
2400
2355
2312
2432
2415
2096
2646
2287
2233
2116
2480
1964
2222
2560
2536
2530
2580
2572
2534
2453
2425
2371
2361
2325
2314
2226
2175
2080
1990
1978
1944
1955
1985
2524
2635
1923
2434
2241
2144
2730
3374
3357
3110
2780
2727
3397
3365
2951
2818
2803
2768
3559
3452
3838
3565
3702
3852
3736
3496
3712
3544
3928
3828
3788
3888
3800
3492
3672
3551
3760
3978
3948
3908
3860
3687
3625
3873
3841
3693
3557
3545
3842
3697
3979
3977
3974
3973
3972
3971
3970
3969
3968
3967
3966
3965
3964
3963
3959
3958
3957
3956
3955
3954
3953
3952
3951
3950
3949
3947
3946
3945
3944
3942
3940
3938
3937
3936
3934
3933
3931
3930
3929
3927
3926
3925
3924
3923
3922
3921
3920
3915
3914
3911
3910
3909
3907
3906
3905
3902
3900
3898
3897
3896
3895
3894
3893
3891
3890
3889
3887
3885
3884
3883
3882
3880
3878
3876
3875
3871
3869
3868
3866
3864
3862
3859
3858
3856
3847
3845
3844
3843
3840
3836
3834
3831
3830
3827
3826
3825
3824
3822
3820
3818
3817
3815
3813
3812
3811
3810
3807
3805
3804
3803
3802
3799
3798
3796
3795
3794
3792
3791
3790
3786
3785
3784
3780
3778
3777
3775
3773
3772
3771
3768
3767
3766
3765
3764
3763
3762
3761
3758
3757
3755
3754
3752
3751
3749
3747
3745
3744
3740
3739
3738
3737
3735
3734
3733
3732
3731
3730
3728
3727
3726
3724
3722
3719
3718
3715
3711
3710
3709
3705
3704
3703
3701
3699
3698
3696
3695
3694
3691
3689
3688
3685
3683
3682
3681
3679
3678
3675
3671
3669
3668
3667
3666
3664
3663
3662
3661
3660
3659
3658
3656
3655
3654
3652
3651
3650
3648
3645
3643
3642
3641
3640
3638
3637
3636
3635
3634
3632
3631
3630
3628
3627
3626
3623
3622
3621
3620
3619
3618
3617
3616
3615
3612
3611
3610
3608
3607
3605
3604
3603
3602
3601
3600
3598
3597
3596
3595
3593
3591
3590
3589
3587
3584
3582
3580
3578
3576
3574
3573
3571
3568
3564
3563
3562
3561
3560
3558
3553
3552
3549
3548
3547
3546
3542
3540
3539
3538
3537
3536
3535
3534
3533
3532
3530
3529
3528
3527
3524
3523
3522
3521
3520
3519
3518
3516
3515
3514
3512
3511
3509
3508
3507
3506
3505
3504
3502
3500
3499
3498
3494
3491
3490
3488
3486
3485
3484
3483
3482
3481
3480
3479
3478
3477
3476
3475
3474
3473
3471
3470
3469
3468
3467
3465
3464
3462
3461
3457
3451
3450
3449
3448
3446
3444
3443
3441
3439
3438
698
3872
3779
3586
3517
865
857
1326
2498
2420
2398
2315
2285
2194
2174
2072
2062
2026
1913
3225
3144
2688
3424
