0
4017
689
179
377
750
852
607
3453
891
3879
4029
892
112
125
1105
3268
447
859
782
864
608
801
895
883
955
3996
364
287
241
3451
4036
3748
3489
4024
4008
2998
4011
1046
3597
35
2204
3984
3844
1607
443
1176
3846
3885
1546
3992
3942
269
1560
124
183
2799
1386
884
2457
3650
3570
3071
1865
3729
76
3820
1027
2722
3864
1996
321
3977
613
3983
1394
1362
286
233
95
3444
4016
2168
3688
255
775
1119
138
3370
3853
3890
638
3805
1194
2431
571
1262
3709
307
454
3863
2565
642
4035
467
316
2493
1760
4005
220
3125
1206
1651
234
585
47
3575
668
2930
581
2106
3990
1057
3676
3665
1252
1254
743
3407
1002
1890
1627
174
4001
717
855
383
90
732
802
786
877
873
832
788
818
822
702
839
714
816
771
730
733
808
885
863
886
876
740
735
763
794
790
812
792
762
715
854
690
736
756
826
806
796
789
768
767
746
725
712
710
707
700
699
691
737
847
850
797
836
783
809
716
695
845
723
721
835
851
727
704
701
779
821
795
711
829
799
787
761
755
722
706
837
834
780
894
866
776
887
867
881
889
846
838
814
778
759
751
741
869
888
882
878
856
729
769
739
819
803
770
752
842
840
830
820
766
745
726
720
696
853
844
833
815
810
805
784
773
760
742
738
734
731
708
694
686
843
831
824
817
807
793
781
764
758
754
728
718
890
849
848
827
823
800
777
765
753
748
724
709
705
693
688
687
880
879
875
874
872
871
870
861
860
828
811
804
798
774
772
747
719
713
703
697
698
791
825
744
785
813
858
841
757
692
749
893
865
868
4020
4002
4009
4037
4031
4003
3988
3997
3982
4027
3995
3993
4023
4019
3994
3981
4026
4014
4038
4032
4030
4028
4022
4021
4018
4007
4006
4004
4000
3999
3998
3986
3980
3987
4033
4025
4012
4010
3991
3985
4034
4013
667
594
3989
4015
2437
3585
3531
2421
3949
3771
3446
2251
2528
2017
2034
1933
3742
3699
3749
3479
3639
3594
3616
3941
3963
3939
3447
3792
3631
3976
3814
3745
3727
3690
3754
3646
3910
3535
3965
3837
3973
3843
3855
3641
3862
3482
3664
3812
3490
3580
3566
3775
3598
564
216
167
337
2621
2375
2113
2545
2513
1937
2238
2181
2562
2595
2527
2632
2439
2100
2622
2412
2277
2227
2166
2014
2105
2321
2358
2613
2650
2490
2486
2320
2424
2130
2015
2120
2466
2444
2147
2442
2019
2349
2013
2286
2634
2173
2503
2497
1978
2160
3892
3595
3541
3473
3445
3582
3758
3457
3744
3919
3649
3563
3849
3733
3600
3823
3659
3686
3493
3767
3668
3483
3647
3439
3887
3751
3608
3768
3883
3581
3516
3481
3704
3801
3912
3638
3899
3893
3701
3612
3777
3738
3630
3602
3515
3909
3725
3786
3894
3679
3624
3763
3716
3951
3903
3572
3920
3901
3747
3655
3632
3833
3711
3809
3895
3584
3499
3503
3539
3648
3558
3896
3643
3870
3620
3924
3593
3509
3560
3911
3789
3840
3607
3815
3666
3629
3821
3900
3866
3818
3623
3568
3460
3500
3906
3869
3826
3591
3458
3874
3743
3940
3682
3606
3549
3927
3803
3564
3713
3698
3498
3506
3825
3933
3776
3766
3696
3975
3774
3753
3553
3459
3878
3782
3645
3534
3524
3881
3726
3652
3583
3759
3757
3708
3579
3571
3519
3947
3793
3705
3680
3486
3850
3835
3827
3773
3715
3599
3526
3936
3918
3907
3867
3802
3778
3735
3728
3710
3685
3615
3590
3508
3662
3546
3511
3547
3505
647
393
351
289
32
46
301
270
131
39
288
317
27
305
243
327
214
111
310
2788
2317
2207
2119
1915
2287
2001
1991
1928
2570
2316
1960
2262
2564
2558
2548
2402
2388
2217
2162
2091
2628
2236
2152
2023
2452
2651
1982
2477
2577
2554
2391
2376
2363
2326
2258
2620
2455
2008
1953
2615
2590
2556
2520
2484
2220
2218
2154
2514
2505
2342
2265
2219
1988
2387
2092
2656
2080
2619
2504
2476
2467
2323
2311
2213
2122
2093
2074
2064
1963
2633
2534
2405
2357
2146
2097
2647
2639
2284
2050
2024
2022
1958
2435
2447
2192
2000
2061
1999
1980
2009
2657
2640
2636
1957
1951
1921
1914
2626
2159
2575
2446
2407
2353
2340
2139
2109
2088
2073
2033
2021
2492
2464
2418
2404
2331
2299
2240
2237
2179
2123
2112
2055
2046
2020
1966
1929
2566
2296
2260
2036
2648
1919
2580
2403
2397
2335
2126
2107
2085
2350
2568
2655
2624
2593
2574
2559
2552
2539
2536
2482
2433
2430
2423
2408
2392
2381
2359
2354
2352
2348
2334
2308
2307
2290
2261
2257
2172
2150
2124
2103
2083
2045
2030
1997
1993
1989
1986
1983
1943
1925
1917
2324
2623
2383
2234
2067
2630
2625
2601
2586
2578
2573
2563
2550
2521
2489
2460
2395
2370
2309
2306
2300
2276
2275
2271
2253
2188
2184
2131
2095
2090
2063
2058
2040
2005
1971
1946
1938
1918
2660
2654
2645
2644
2638
2631
2627
2618
2614
2607
2606
2604
2602
2600
2591
2587
2584
2581
2579
2561
2553
2551
2549
2546
2535
2532
2526
2523
2517
2515
2507
2500
2499
2495
2488
2487
2485
2483
2474
2469
2454
2450
2449
2448
2443
2441
2440
2428
2426
2422
2414
2411
2410
2409
2401
2393
2386
2382
2380
2374
2373
2371
2369
2366
2364
2361
2360
2356
2346
2341
2339
2329
2314
2305
2303
2301
2288
2281
2270
2263
2255
2248
2245
2244
2230
2229
2216
2214
2212
2206
2205
2201
2200
2197
2193
2190
2178
2170
2165
2164
2158
2156
2140
2136
2129
2121
2118
2115
2108
2104
2098
2089
2086
2082
2078
2077
2076
2070
2069
2060
2059
2056
2051
2049
2048
2044
2043
2041
2037
2035
2027
2025
2016
2012
2011
2006
1998
1992
1990
1984
1979
1977
1976
1975
1974
1967
1962
1961
1956
1950
1949
1944
1942
1936
1934
1927
1924
1922
3917
3871
3857
3739
3657
3538
3454
3520
3522
3916
3626
3970
3712
3839
3467
3944
3707
3637
3972
3945
3915
3761
3752
3529
3510
3443
3908
3484
3492
3772
3703
3950
857
3813
3765
3736
3717
3700
3695
3613
3562
3523
3528
3656
3861
3617
3555
3474
3464
3790
3670
3627
3518
3873
3817
3517
3660
3831
3930
3860
3832
