107
818
4030
206
887
2861
3894
624
668
775
704
892
1627
3407
2774
145
4033
1854
3985
2902
166
138
288
3787
533
788
18
34
3781
3083
1194
725
215
585
613
3865
3801
447
572
1855
49
77
233
2444
2316
2838
3125
3955
74
3544
3536
3954
2808
3676
929
692
3952
1071
918
3679
3839
293
202
1558
3481
757
749
1042
2017
3044
867
35
4034
4029
4024
4017
4015
3994
3990
2227
3059
3447
3621
3795
3953
235
4037
3619
2041
4006
3264
3401
3574
4001
3766
3548
3984
3903
3694
3254
1562
2321
3849
4012
2505
571
263
2714
61
2514
2771
1978
2178
3537
2265
2016
2667
1996
2596
2990
657
3662
3744
3547
4010
2740
1802
2517
667
886
729
638
802
890
2158
335
262
825
798
243
1295
785
1368
854
150
245
3436
86
2481
70
198
2541
89
114
2798
1096
3846
253
102
207
3230
962
674
3161
1301
1065
182
3890
1908
3875
2788
1218
1383
1486
2483
1253
3732
534
1208
358
193
3805
1058
1814
673
3720
3709
3939
2957
3560
1111
3811
1501
205
2569
3467
3928
3893
3580
3489
2726
1755
1145
230
3424
1690
1263
190
530
883
3147
3701
3650
3775
652
832
123
307
1233
155
3686
217
3512
899
3854
3389
2421
256
300
801
3748
2704
3704
244
1262
3589
550
3959
181
1063
1430
3729
52
371
2634
866
3432
3840
480
1206
3678
2470
996
1654
2595
3700
656
382
1856
383
1038
3494
90
1395
1822
581
1252
1977
3853
891
3306
3134
894
3973
3006
3935
152
2437
3660
1162
8
201
91
259
2527
1294
549
1956
1264
1154
32
337
167
2066
3682
3566
682
631
3987
3904
4007
3992
873
859
885
776
174
3863
3806
3624
3490
3905
3716
3799
3733
192
3885
1046
3322
3128
2886
3126
3946
289
19
3181
2732
3180
3251
3993
3988
4004
4014
3074
2817
1027
1890
3963
2799
3105
3053
2857
3218
3200
3354
3141
3216
874
260
4000
4026
4005
4019
3986
3998
4021
3981
4018
4009
4016
4031
4002
3997
3980
4028
4032
4027
4003
4020
4038
594
3999
4023
3982
4022
4011
4008
3995
3989
4035
4025
4013
3991
3983
3996
4036
878
796
767
889
768
707
691
689
717
863
888
856
700
833
702
822
771
855
720
758
826
759
882
881
880
877
876
872
858
840
753
794
813
800
723
727
787
808
821
693
751
711
687
835
837
817
799
750
735
737
741
806
714
839
852
845
841
836
812
804
791
761
755
739
738
722
708
703
698
774
824
820
730
830
736
842
848
827
795
793
778
745
786
814
762
844
843
831
828
792
772
764
756
752
705
746
809
728
715
838
765
726
701
696
779
754
709
695
688
784
766
797
740
718
823
819
815
807
803
783
770
769
763
719
716
789
712
686
853
849
847
724
773
697
694
850
834
829
810
805
782
781
780
777
760
748
747
742
734
731
713
706
733
851
846
816
690
869
721
710
871
895
875
861
860
811
870
879
743
864
893
865
732
857
744
790
884
699
868
2431
3626
3779
3864
220
2621
2528
2245
2167
3979
3916
3772
3649
3479
3883
3639
3911
333
28
312
643
599
595
2388
2998
2975
3045
3311
2948
2879
2982
3427
2405
2120
2441
2263
2487
1922
1992
2450
2113
2515
1924
1860
3404
3847
3823
3919
3516
3944
3913
3897
3791
3664
3813
3669
3859
3770
3739
3657
3538
3899
3646
3759
3644
3685
3632
562
2014
162
2
226
111
321
296
46
578
670
650
583
582
577
2105
2156
1958
2692
3300
2811
3349
2736
3367
3329
3242
3024
3139
3081
3398
3266
3323
3409
2893
2804
3157
2922
2805
3057
3012
2997
3042
2762
2952
3421
3171
2843
2685
3163
3394
3043
2751
2980
2992
3374
2769
3130
2789
3283
3325
2723
3279
2807
3382
3333
2994
3384
3202
3004
3414
3431
3204
3209
3197
3121
2766
3080
2803
2686
3305
3093
2727
3008
2699
3423
3318
3029
2746
3388
2908
2750
3013
2882
2700
2954
3099
3148
2961
2891
2873
2761
2925
3065
3166
3137
3023
2852
3416
3120
3199
2708
3425
3418
3289
2816
2494
1990
2251
2412
2260
2614
2129
2023
2660
2061
2658
2558
1915
2097
2301
2403
2349
1936
2570
2577
2341
2238
2644
2146
2486
2466
2426
2166
2162
1960
2361
2080
2317
2152
2548
2375
2219
2357
1933
2402
2650
2320
1937
2490
1950
2013
2006
2248
2193
2119
2022
2397
2312
1935
2659
2453
2411
2114
2286
2656
2049
2207
2584
2545
2476
2288
2262
2622
1434
2881
2813
3313
2858
3780
3565
3818
3656
3444
3492
3655
3500
3933
3622
3478
3524
3571
3441
3614
3975
3956
3554
3529
3598
3769
3616
3452
3714
3695
3562
3457
3496
3471
3730
3661
3832
3715
3666
3907
3776
3765
3683
3502
3788
3533
3603
3503
3738
3671
3484
3755
3450
3707
3868
3874
3473
3747
3607
3895
3499
3719
3648
3531
3551
3957
3896
3458
3869
3519
3706
3947
3768
3493
3668
3459
3777
3767
3469
3630
3474
3881
3866
3495
3926
3687
3654
3848
3757
3710
3482
3936
3508
2812
979
518
633
584
528
429
466
163
441
393
351
4
593
449
486
357
472
411
361
159
2657
2297
2626
2202
2346
2018
1919
1957
214
44
20
149
17
175
108
336
76
101
576
622
574
661
627
647
659
658
681
665
662
640
628
344
36
135
178
158
1965
2228
2182
2562
2130
2089
2035
2628
2360
2091
2435
2364
1991
2585
2648
2365
2050
2024
1914
2583
2337
2004
2639
2636
2620
2171
2159
2012
2000
1998
1927
2284
1476
3020
2790
2048
2878
2870
2682
3370
3334
3373
2995
3359
3229
2953
2888
2681
3170
2965
2684
2739
3236
2918
2856
2718
1792
671
551
516
509
522
478
3186
3272
3393
3360
3412
2779
2671
3015
2687
2791
2675
3420
3151
3187
3124
2914
3122
3206
3203
2989
2917
2926
2889
2795
3353
3116
2680
3247
3238
3228
3400
3115
2784
3381
2934
3234
3173
3088
3048
2991
2840
3225
3101
2733
3267
3152
2970
2770
3150
3107
2802
2662
3132
3277
3140
3076
2853
3235
2844
3110
2977
2845
3260
3188
3303
3430
3326
3195
3036
2810
2756
3368
3342
3253
3192
3155
3086
3405
3308
3212
2846
3335
2832
3284
3178
2702
3231
3073
2887
2874
3317
2745
3343
3214
3111
2836
3240
3066
2903
3190
3117
3316
3257
3232
2985
2927
2794
3123
3114
3104
2987
2969
2862
2835
2773
2731
3255
3067
3032
3018
3063
3028
2981
3396
3332
3298
2753
2737
2983
2935
3358
2938
2735
2896
3435
3364
3362
3047
2993
2928
2906
2890
2915
2839
3002
2768
2690
2960
2910
2907
2872
2850
2717
3363
3149
3129
3108
3033
3022
2946
2919
2913
2705
2669
3291
3113
3106
3027
3009
2715
3017
2848
3395
3299
3219
3136
3038
3301
3243
3054
2945
2944
2880
2763
2743
2698
2683
3426
3399
3387
3226
3084
3056
2905
2827
2786
2782
2755
3429
3357
3297
3270
3102
3021
2831
2785
2780
2778
2674
3392
2978
2663
3383
2972
2703
3207
2711
3403
3378
3179
3079
3011
2797
2729
3341
3030
3026
2837
3417
3309
3294
3014
2673
3433
3135
3085
3000
2988
2974
2912
2877
2757
2679
2664
3351
3280
3261
3060
3039
2939
3327
3321
3312
3302
2734
3422
3385
3172
2730
3096
3064
2897
2884
2815
2741
2689
2676
3328
3256
2958
2709
2668
2959
2670
3419
3330
3094
3035
3095
3041
2854
3220
3078
2986
2909
2864
2694
2666
3350
3194
3049
3046
2818
2742
3319
3176
3007
2830
3344
3215
3160
3082
3070
2973
2868
2793
3386
2936
2875
3371
3223
3434
3288
3224
2950
2849
2833
3331
3320
3286
3213
3184
3052
2967
2943
2911
2754
3287
3262
2976
2894
2672
2962
3275
3274
3310
2688
3248
2968
3411
3397
3198
2904
2828
2781
3196
3087
2801
2613
2019
2442
2252
2640
1999
1972
1931
2170
2497
2173
2107
2641
2448
2440
2362
2197
2192
2011
2001
1968
1982
2599
2391
2651
2637
2633
2632
2627
2587
2580
2568
2565
2538
2535
2534
2523
2513
2503
2488
2474
2456
2455
2452
2424
2422
2401
2373
2371
2342
2335
2277
2270
2269
2256
2236
2234
2231
2221
2217
2214
2185
2181
2168
2160
2155
2082
2079
2076
2025
2015
1988
1980
1976
1975
1949
1934
1921
2226
2096
1969
2525
2141
1930
2222
2163
2406
2211
2295
2400
2413
2389
2298
2566
2145
2031
2345
2303
2067
2044
2493
2318
2272
2427
2603
2296
2205
2177
2416
2322
2310
2175
1944
2350
2561
2610
2313
2291
2242
2036
2179
2367
2280
1981
2606
2600
2300
2118
2353
2579
2506
1970
1923
2307
2154
2478
2409
2184
2092
2612
2186
2085
2521
2392
2210
2140
2274
2029
2305
2484
2340
2311
2164
2131
2103
1966
2654
2574
2573
2560
2477
2278
2150
2142
2060
2040
1963
2065
2635
2518
2588
2619
2615
1986
2624
2576
2374
2218
2206
2122
1984
1946
2630
2559
2500
2499
2485
2359
2045
1925
2556
2495
2418
2290
2033
2631
2446
2430
2428
2423
2410
2376
2356
2352
2299
2261
2220
2213
2084
2083
2078
1918
2462
2552
2395
2334
2104
2064
1942
2638
2607
2604
2539
2404
2370
2339
2212
2201
2124
2046
2021
2655
2623
2611
2590
2551
2532
2524
2504
2489
2393
2386
2363
2348
2308
2306
2287
2275
2200
2190
2172
2121
2109
2077
2069
2063
2059
2056
1962
1943
2601
2591
2578
2554
2553
2520
2492
2467
2460
2433
2408
2381
2329
2309
2266
2237
2233
2216
2136
2115
2112
2108
2005
1993
1989
1983
1971
1953
1917
1544
3365
3075
2923
1892
928
3440
3609
3872
3852
3556
3477
3937
3764
3443
3929
3908
3618
3667
3480
3438
3573
3943
3940
3828
3741
3515
3742
3638
3841
3670
3563
3593
3510
3610
3535
3967
3641
3909
3546
3612
3803
3950
3917
3693
3964
3782
3708
3579
3476
3976
3718
3711
3569
3486
3600
3794
3572
3446
3855
3643
3797
3763
3509
3758
3623
3584
3837
3972
3851
3501
3912
3819
3663
3873
3802
3521
3455
3491
3635
3969
3833
3468
3466
3941
3835
3636
3498
3472
3824
3485
3870
3506
3523
3817
3785
3542
3497
3462
3938
3880
3877
3702
3672
3518
3454
3861
3858
3737
3658
3596
3555
3528
3867
3753
3728
3713
3857
3567
3581
3862
3815
3615
3783
3696
3830
3633
3517
3475
3449
3585
3838
3790
3731
3906
3617
3534
3821
3934
3930
3902
3891
3831
3576
3804
3640
3545
3527
3514
3488
3625
3892
3725
3628
3583
3812
3727
3698
3543
3592
3971
3690
3511
3549
3530
3504
3675
3951
3705
3591
3558
3945
3915
3829
3634
3602
3601
3464
3962
3884
3762
3750
3703
3697
862
3921
3918
3735
3608
3553
3505
2869
655
616
598
381
1138
935
457
626
575
664
672
666
636
684
678
589
677
611
625
573
452
490
521
442
569
539
610
405
474
529
350
470
645
477
473
586
396
504
620
587
548
491
425
390
355
654
407
403
397
362
535
481
410
100
327
6
364
306
273
99
555
547
498
489
467
459
454
450
433
424
401
384
380
377
367
359
356
354
320
180
250
197
69
303
2647
2225
2157
2116
2027
1973
1951
132
48
65
14
343
144
115
148
105
79
16
268
290
60
57
24
25
302
266
340
224
685
679
675
669
663
660
635
632
623
621
615
608
600
212
334
168
50
29
281
251
184
88
246
66
276
30
291
257
231
39
540
505
676
502
494
2557
2540
2480
2415
2531
2010
2479
2432
2330
2282
2198
2618
2465
2230
2143
2126
1959
1916
2645
2459
2447
2378
2267
2259
2249
2038
2009
1995
1928
2302
2132
1955
2396
2144
2355
2609
2572
2110
2099
2075
2209
2394
2003
2151
2744
1150
3258
2760
1445
2605
2498
2475
2468
2279
1297
3356
3346
3285
3210
3177
3100
3062
3001
2942
3415
3366
3295
3273
3162
3068
3019
2738
3379
3051
2951
2892
2758
1254
1869
1599
1477
3165
3097
2964
1967
604
554
546
508
469
435
369
3191
2661
3222
3089
3077
2859
2847
2716
2665
3410
3408
3406
3402
3391
3390
3380
3377
3369
3348
3347
3345
3339
3338
3337
3324
3314
3307
3304
3296
3293
3292
3281
3276
3269
3268
3265
3259
3252
3250
3249
3246
3245
3244
3241
3239
3237
3221
3217
3211
3208
3205
3193
3189
3185
3182
3175
3174
3169
3167
3164
3158
3156
3154
3146
3145
3144
3143
3142
3138
3131
3119
3118
3109
3103
3098
3092
3090
3072
3069
3061
3058
3050
3040
3034
3025
3016
3010
3005
2999
2996
2984
2966
2956
2955
2949
2947
2940
2937
2933
2932
2931
2930
2929
2924
2921
2920
2916
2901
2895
2876
2871
2867
2866
2863
2851
2842
2841
2834
2829
2826
2823
2821
2820
2819
2809
2806
2800
2796
2787
2783
2777
2776
2772
2767
2765
2759
2749
2748
2728
2720
2719
2713
2712
2707
2706
2701
2697
2696
2678
1077
2693
990
3201
2865
3361
1408
2646
2625
2602
2586
2550
2549
2546
2482
2469
2443
2407
2387
2354
2331
2326
2323
2271
2258
2257
2244
2229
2188
2139
2098
2088
2074
2073
2055
2043
2037
2020
1997
1979
1929
2502
2324
1913
2589
2571
2294
2215
2594
2536
1954
2652
2445
2438
1952
1939
2496
2224
2134
2062
2434
2304
2250
2519
2417
2366
2243
2161
2149
2127
1920
2399
2235
2087
2054
2047
2028
2002
1994
2581
2555
2544
2461
2425
2232
2026
1964
1947
2567
2543
2471
2343
2194
2071
1987
1948
1945
2472
2327
2293
2241
2649
2537
2512
2377
2338
2189
2169
2135
2102
2101
2039
1912
2629
2501
2390
2385
2372
2315
2289
2273
2239
2153
2117
2111
1926
2643
2533
2522
2420
2333
2223
2203
2196
2138
2128
2125
2057
2032
2616
2582
2516
2473
2463
2449
2436
2419
2414
2383
2351
2347
2325
2176
2147
2137
2133
2086
2608
2598
2597
2593
2592
2575
2564
2563
2526
2511
2507
2464
2429
2384
2379
2369
2328
2285
2276
2253
2247
2240
2208
2187
2183
2180
2165
2123
2095
2093
2090
2081
2058
2052
2030
1985
1938
1186
1585
1564
949
1035
2825
2764
1137
1747
985
1901
1189
1743
1887
1022
618
1739
1579
1187
951
1144
1650
409
1763
901
1629
1601
961
3968
3721
3684
3674
3651
3752
3842
3760
3692
3677
3525
3448
3978
3974
3970
3966
3965
3958
3949
3948
3942
3931
3927
3922
3920
3914
3901
3900
3898
3889
3888
3887
3871
3860
3845
3836
3827
3826
3825
3822
3814
3810
3807
3800
3798
3796
3793
3786
3784
3774
3773
3771
3761
3756
3745
3743
3740
3736
3734
3726
3722
3717
3712
3691
3680
3647
3645
3642
3629
3627
3620
3613
3611
3605
3604
3599
3595
3594
3590
3587
3586
3578
3568
3564
3559
3557
3552
3541
3539
3526
3522
3520
3507
3487
3465
3463
3460
3456
3453
3445
3442
1666
1031
630
1121
1188
1364
1037
913
1646
969
1672
1134
1381
389
1506
1441
1167
1403
1759
1072
977
1904
1226
931
1478
1342
939
1709
1525
1500
1866
1593
1203
1836
1384
1321
1906
1781
1751
1503
1152
1005
1727
1649
902
1830
940
1363
1232
938
1694
1740
1210
1681
422
536
487
440
426
352
646
634
385
445
421
388
1766
680
603
592
588
553
496
1095
984
417
416
976
1767
1679
653
619
617
612
605
597
579
557
531
372
427
561
520
488
408
438
394
519
471
446
525
462
398
391
545
544
514
451
418
392
560
527
513
475
455
368
590
567
439
566
556
523
434
510
465
460
376
374
541
537
497
493
456
420
395
444
412
406
402
373
683
559
507
458
415
565
558
543
495
463
365
189
64
329
301
271
199
172
128
82
272
185
164
10
84
345
223
59
346
204
23
118
564
476
399
165
242
78
278
649
348
80
318
252
236
125
121
5
284
127
67
315
183
96
31
323
304
248
232
213
176
113
104
136
56
342
331
238
119
13
310
41
9
332
258
170
322
186
239
203
249
196
194
130
94
92
54
339
141
414
298
277
