0
3984
74
1466
801
4001
3853
3981
3995
3985
4017
4000
4014
3994
4020
4013
4038
4037
4036
4035
4034
4033
4032
4030
4029
4028
4027
4026
4025
4024
4023
4022
4021
4019
4018
4016
4015
4012
4011
4010
4009
4008
4007
4006
4005
4004
4003
4002
3999
3998
3997
3996
3993
3992
3991
3990
3988
3987
3986
3983
3982
2431
2263
2595
2227
1969
2017
2422
2375
1992
1933
2252
2383
2316
2262
2175
1930
2012
2231
2288
2256
2535
2367
2345
2416
2506
1986
2652
2479
2390
2348
2534
2193
2540
2604
2308
2253
2086
1966
2566
2537
2313
2186
2085
2622
1988
2452
2159
2591
2539
2521
2500
2433
2374
2142
2123
2118
2064
1997
1983
1963
1925
1917
2518
2146
2659
2648
2627
2620
1935
153
154
288
205
49
46
35
2640
2116
68
147
6
177
4
294
10
268
222
93
231
295
266
94
124
51
281
251
169
127
40
25
319
293
261
339
38
316
9
343
149
73
4031
3989
3980
600
202
605
349
635
466
592
464
552
364
1262
1627
1027
1558
1276
2355
2344
2294
2224
2189
2176
2174
2038
2028
1947
2597
2533
2530
2516
2508
2347
2332
2285
2283
2087
2032
2007
1008
1364
1556
1728
1607
943
1696
1635
989
906
1105
1009
1874
1351
1438
988
1069
1091
1201
1016
1617
1562
1112
1072
1154
1424
1898
1205
1528
1605
1725
1170
1458
1123
1608
1389
1323
1894
1569
1503
1502
1167
1007
1809
1402
1288
1271
1267
966
1747
1636
1648
1378
1216
1820
969
957
679
963
1233
1229
1041
949
551
2660
2658
2657
2656
2655
2654
2653
2651
2650
2649
2647
2646
2645
2644
2643
2642
2641
2639
2638
2637
2636
2635
2634
2633
2632
2631
2630
2629
2628
2626
2625
2624
2623
2621
2619
2618
2617
2616
2615
2614
2613
2612
2611
2610
2609
2608
2607
2606
2605
2603
2602
2601
2600
2599
2598
2596
2594
2593
2592
2590
2589
2588
2587
2586
2585
2584
2583
2582
2581
2580
2579
2578
2577
2576
2575
2574
2573
2572
2571
2570
2569
2568
2567
2565
2564
2563
2562
2561
2560
2559
2558
2557
2556
2555
2554
2553
2552
2551
2550
2549
2548
2547
2546
2545
2544
2543
2542
2541
2538
2536
2532
2531
2529
2528
2527
2526
2525
2524
2523
2522
2520
2519
2517
2515
2514
2513
2512
2511
2510
2509
2507
2505
2504
2503
2502
2501
2499
2498
2497
2496
2495
2494
2493
2492
2491
2490
2489
2488
2487
2486
2485
2484
2483
2482
2481
2480
2478
2477
2476
2475
2474
2473
2472
2471
2470
2469
2468
2467
2466
2465
2464
2463
2462
2461
2460
2459
2458
2457
2456
2455
2454
2453
2451
2450
2449
2448
2447
2446
2445
2444
2443
2442
2441
2440
2439
2438
2437
2436
2435
2434
2432
2430
2429
2428
2427
2426
2425
2424
2423
2421
2420
2419
2418
2417
2415
2414
2413
2412
2411
2410
2409
2408
2407
2406
2405
2404
2403
2402
2401
2400
2399
2398
2397
2396
2395
2394
2393
2392
2391
2389
2388
2387
2386
2385
2384
2382
2381
2380
2379
2378
2377
2376
2373
2372
2371
2370
2369
2368
2366
2365
2364
2363
2362
2361
2360
2359
2358
2357
2356
2354
2353
2352
2351
2350
2349
2346
2343
2342
2341
2340
2339
2338
2337
2336
2335
2334
2333
2331
2330
2329
2328
2327
2326
2325
2324
2323
2322
2321
2320
2319
2318
2317
2315
2314
2312
2311
2310
2309
2307
2306
2305
2304
2303
2302
2301
2300
2299
2298
2297
2296
2295
2293
2292
2291
2290
2289
2287
2286
2284
2282
2281
2280
2279
2278
2277
2276
2275
2274
2273
2272
2271
2270
2269
2268
2267
2266
2265
2264
2261
2260
2259
2258
2257
2255
2254
2251
2250
2249
2248
2247
2246
2245
2244
2243
2242
2241
2240
2239
2238
2237
2236
2235
2234
2233
2232
2230
2229
2228
2226
2225
2223
2222
2221
2220
2219
2218
2217
2216
2215
2214
2213
2212
2211
2210
2209
2208
2207
2206
2205
2204
2203
2202
2201
2200
2199
2198
2197
2196
2195
2194
2192
2191
2190
2188
2187
2185
2184
2183
2182
2181
2180
2179
2178
2177
2173
2172
2171
2170
2169
2168
2167
2166
2165
2164
2163
2162
2161
2160
2158
2157
2156
2155
2154
2153
2152
2151
2150
2149
2148
2147
2145
2144
2143
2141
2140
2139
2138
2137
2136
2135
2134
2133
2132
2131
2130
2129
2128
2127
2126
2125
2124
2122
2121
2120
2119
2117
2115
2114
2113
2112
2111
2110
2109
2108
2107
2106
2105
2104
2103
2102
2101
2100
2099
2098
2097
2096
2095
2094
2093
2092
2091
2090
2089
2088
2084
2083
2082
2081
2080
2078
2077
2076
2075
2074
2073
2072
2071
2070
2069
2068
2067
2066
2065
2063
2062
2061
2060
2059
2058
2057
2056
2055
2054
2053
2052
2051
2050
2049
2048
2047
2046
2045
2044
2043
2042
2041
2040
2039
2037
2036
2035
2034
2033
2031
2030
2029
2027
2026
2025
2024
2023
2022
2021
2020
2019
2018
2016
2015
2014
2013
2011
2010
2009
2008
2006
2005
2004
2003
2002
2001
2000
1999
1998
1996
1995
1994
1993
1991
1990
1989
1987
1985
1984
1982
1981
1980
1979
1978
1977
1976
1975
1974
1973
1972
1971
1970
1968
1965
1964
1962
1961
1960
1959
1958
1957
1956
1955
1954
1953
1952
1951
1950
1949
1948
1946
1945
1944
1943
1942
1941
1940
1939
1938
1937
1936
1934
1932
1931
1929
1928
1927
1926
1924
1923
1922
1921
1920
1919
1918
1916
1915
1914
1913
217
347
346
345
344
342
341
340
338
337
336
335
334
333
332
331
330
329
328
327
326
325
324
323
322
321
320
318
317
315
314
313
312
311
310
309
308
307
306
305
304
303
302
301
300
299
298
297
296
292
291
290
289
287
286
285
284
283
282
280
279
278
277
276
275
274
273
272
271
270
267
265
264
263
262
260
259
258
257
256
255
254
253
252
250
249
248
247
246
245
244
243
242
241
240
239
238
237
236
235
234
233
232
230
229
228
227
226
225
224
223
221
220
219
218
216
215
214
213
212
211
210
209
208
207
206
204
203
201
200
199
197
196
195
194
193
192
191
190
189
188
187
186
185
184
183
182
181
180
179
178
176
175
174
172
170
168
167
166
165
164
163
162
161
160
159
158
157
156
155
152
151
150
148
146
145
144
143
142
141
140
139
138
137
136
135
134
133
132
131
130
129
128
126
125
123
122
121
120
119
118
117
116
115
114
113
112
111
110
109
108
106
105
104
103
102
101
100
99
98
97
96
95
92
91
90
89
88
87
86
85
84
83
82
81
80
79
78
77
76
75
72
71
70
69
67
66
65
64
63
62
61
60
59
57
56
55
54
53
52
50
48
47
45
44
42
41
39
37
36
33
32
31
30
29
28
27
26
24
23
22
21
20
19
17
16
15
14
13
12
11
8
7
5
3
2
1
612
1853
1967
1745
554
449
1604
1217
968
1766
1661
1515
1400
1397
1284
1261
1148
896
594
505
685
684
682
681
677
675
674
672
671
670
668
667
665
664
663
662
661
660
659
658
657
656
655
654
653
650
648
647
644
643
642
640
639
638
636
633
632
631
628
627
626
625
624
623
622
621
619
618
617
616
615
613
611
608
607
603
602
599
598
597
595
589
588
585
584
583
582
581
579
578
577
576
575
573
173
609
593
352
678
630
620
601
574
1313
1179
676
673
652
634
586
481
426
396
569
680
614
587
434
669
666
523
442
415
1882
1427
517
363
572
571
570
568
565
564
562
560
558
557
556
555
550
549
548
547
546
545
544
543
542
541
540
539
538
536
535
534
533
532
531
530
529
528
526
522
521
519
518
516
515
514
512
511
510
509
508
507
506
504
502
501
500
499
498
496
495
494
493
491
490
489
488
487
486
485
482
480
479
478
477
476
474
473
471
470
469
468
467
463
462
459
458
457
455
454
453
452
450
448
446
445
444
443
441
440
438
437
436
435
433
432
431
430
429
427
425
424
422
421
418
413
411
410
409
408
407
406
405
404
403
401
400
399
398
397
394
393
391
390
386
385
384
383
382
381
380
379
378
377
375
372
371
369
368
367
365
362
361
359
358
357
356
355
354
351
350
198
34
1507
1496
1121
928
1620
1189
897
1518
1498
1813
1753
1730
1714
1707
1621
1523
1522
1516
1491
1409
1391
1367
1291
1211
1155
1126
1101
934
925
1838
2792
2886
2933
3376
3159
3155
3216
2776
2898
2858
3317
3012
2983
3354
3059
3271
3425
2895
2961
3105
2852
2715
3143
3148
3340
2819
2801
3379
3273
3418
3187
3032
3109
2830
2783
2720
2662
2990
2779
2695
2982
3288
2934
2820
3365
2787
2723
3345
3209
2748
3123
3018
3301
2743
3220
3135
3025
2907
2763
3193
3305
3215
3110
3043
2832
3313
3099
3363
3014
2993
2917
2689
2921
2675
3284
3142
3108
3033
2986
2966
2877
2815
2800
2755
2673
2669
3430
3231
2786
3419
3351
3291
3277
3272
3239
3154
2894
2785
2778
2825
1327
3355
1077
3409
3258
2964
929
923
3179
1140
1843
1835
1622
1376
1329
995
3136
2968
1678
1911
1910
1909
1908
1907
1906
1905
1904
1903
1902
1901
1900
1899
1897
1896
1895
1893
1892
1891
1890
1889
1888
1887
1886
1885
1884
1883
1881
1880
1879
1878
1877
1876
1875
1873
1872
1871
1870
1869
1868
1867
1865
1864
1863
1862
1861
1860
1859
1858
1857
1856
1855
1854
1852
1851
1850
1849
1848
1846
1845
1844
1842
1841
1840
1839
1837
1836
1834
1833
1832
1831
1830
1829
1828
1827
1826
1824
1823
1822
1821
1819
1818
1817
1816
1815
1814
1812
1811
1810
1808
1807
1806
1805
1804
1803
1802
1801
1800
1799
1798
1797
1796
1795
1794
1793
1792
1791
1790
1789
1788
1787
1786
1785
1784
1783
1782
1781
1780
1779
1778
1777
1776
1775
1774
1773
1772
1771
1770
1769
1768
1767
1765
1764
1763
1762
1761
1760
1759
1757
1756
1755
1754
1752
1751
1750
1749
1748
1746
1744
1743
1742
1741
1740
1739
1738
1737
1736
1735
1734
1733
1732
1731
1729
1727
1724
1723
1722
1721
1720
1718
1717
1716
1715
1713
1712
1711
1710
1709
1708
1706
1704
1703
1702
1701
1700
1699
1698
1697
1695
1694
1693
1692
1691
1690
1689
1688
1686
1685
1683
1682
1681
1680
1679
1677
1676
1675
1674
1673
1672
1671
1670
1669
1668
1667
1665
1664
1663
1662
1660
1659
1658
1657
1655
1654
1653
1652
1651
1650
1649
1647
1646
1645
1644
1643
1641
1640
1639
1638
1637
1634
1633
1632
1631
1630
1629
1628
1626
1625
1624
1623
1619
1618
1616
1615
1614
1613
1612
1611
1610
1609
1606
1603
1602
1601
1600
1599
1598
1597
1596
1595
1594
1592
1591
1590
1589
1587
1586
1585
1584
1583
1582
1581
1580
1579
1578
1577
1576
1575
1574
1573
1572
1571
1570
1568
1566
1565
1564
1563
1561
1560
1559
1557
1554
1552
1551
1550
1549
1548
1547
1546
1545
1544
1543
1542
1541
1540
1539
1538
1536
1535
1533
1532
1531
1530
1529
1527
1526
1525
1524
1521
1520
1519
1517
1514
1513
1512
1510
1509
1508
1506
1504
1501
1500
1499
1497
1495
1494
1493
1492
1490
1489
1488
1487
1486
1485
1484
1483
1482
1481
1480
1479
1478
1477
1476
1475
1474
1473
1472
1471
1470
1469
1468
1467
1465
1464
1463
1462
1461
1460
1459
1457
1456
1455
1454
1453
1452
1451
1449
1448
1447
1446
1445
1444
1443
1442
1441
1440
1439
1437
1436
1435
1434
1433
1432
1431
1429
1428
1426
1425
1423
1422
1418
1417
1416
1415
1414
1413
1412
1411
1408
1407
1406
1404
1403
1401
1399
1398
1396
1395
1394
1393
1392
1390
1388
1387
1386
1385
1384
1383
1382
1381
1380
1379
1377
1375
1374
1373
1372
1371
1370
1369
1368
1366
1365
1363
1362
1361
1359
1358
1357
1356
1355
1354
1353
1352
1350
1349
1348
1347
1346
1345
1344
1343
1342
1341
1340
1339
1338
1337
1336
1335
1334
1333
1332
1331
1330
1326
1325
1324
1322
1321
1320
1319
1318
1316
1315
1314
1312
1311
1310
1309
1308
1306
1305
1304
1303
1302
1301
1300
1299
1298
1297
1296
1295
1294
1293
1292
1290
1289
1287
1286
1285
1283
1282
1281
1280
1279
1278
1277
1275
1273
1272
1270
1269
1268
1266
1265
1264
1263
1260
1259
1258
1257
1256
1255
1254
1253
1252
1251
1250
1249
1248
1247
1246
1245
1244
1243
1242
1241
1240
1239
1238
1237
1236
1235
1234
1232
1231
1230
1228
1227
1226
1225
1224
1223
1222
1221
1220
1219
1218
1215
1214
1213
1212
1210
1209
1208
1207
1206
1204
1203
1202
1200
1199
1198
1197
1196
1195
1194
1192
1191
1190
1188
1186
1185
1184
1183
1182
1181
1180
1178
1177
1176
1175
1174
1173
1172
1169
1168
1166
1165
1164
1163
1162
1161
1160
1159
1158
1157
1156
1153
1152
1151
1150
1149
1147
1146
1145
1144
1143
1142
1141
1139
1138
1137
1135
1134
1133
1132
1131
1130
1129
1128
1127
1125
1124
1122
1120
1118
1117
1116
1115
1114
1113
1111
1110
1109
1108
1107
1106
1104
1103
1102
1100
1099
1097
1096
1095
1094
1093
1092
1090
1089
1087
1086
1084
1083
1082
1081
1080
1079
1078
1076
1075
1074
1073
1071
1070
1068
1067
1066
1065
1064
1063
1062
1061
1060
1059
1058
1057
1056
1055
1054
1053
1052
1051
1050
1049
1048
1047
1046
1045
1044
1043
1042
1040
1039
1038
1037
1036
1035
1034
1033
1032
1031
1030
1029
1028
1026
1025
1024
1023
1022
1021
1020
1019
1018
1017
1015
1014
1013
1012
1011
1010
1006
1005
1004
1003
1002
1001
1000
999
998
997
996
994
993
992
991
987
986
985
984
983
982
981
980
979
978
977
976
975
974
973
972
971
970
967
965
964
962
961
960
959
958
956
955
954
953
952
951
950
948
947
946
945
944
942
941
940
939
938
937
936
935
933
932
931
930
927
926
924
922
921
920
919
918
917
916
915
914
913
912
911
910
909
908
907
905
904
903
902
901
900
899
898
649
641
637
629
606
596
389
366
3173
1912
269
171
3846
3923
3789
3952
3745
3920
3548
3922
3490
3446
3511
3785
3864
3462
3581
3912
3892
3819
3482
3535
3524
3836
3701
3675
3443
3909
3869
3794
3972
3915
3782
3726
3602
3474
3825
3793
3711
3584
3590
3868
3850
3835
3791
3715
3685
3599
3949
3647
683
651
646
645
610
604
591
590
580
566
563
561
559
553
537
527
525
524
520
513
503
497
492
484
483
475
472
465
461
460
456
451
439
428
423
420
419
417
416
414
412
402
395
392
388
387
376
374
373
370
360
353
348
3635
3526
3492
3902
3861
3589
3576
3978
3929
1866
1847
1825
1719
1705
1687
1593
1588
1567
1555
1553
1537
1511
1421
1420
1410
1360
1328
1317
1307
1274
1193
1187
1136
1098
1088
3436
3435
3434
3433
3432
3431
3429
3428
3427
3426
3424
3423
3422
3421
3420
3417
3416
3415
3414
3413
3412
3411
3410
3408
3407
3406
3405
3404
3403
3402
3401
3400
3399
3398
3397
3396
3395
3394
3393
3392
3391
3390
3389
3388
3387
3386
3385
3384
3383
3382
3381
3380
3378
3377
3375
3374
3373
3372
3371
3370
3369
3368
3367
3366
3364
3362
3361
3360
3359
3358
3357
3356
3353
3352
3350
3349
3348
3347
3346
3344
3343
3342
3341
3339
3338
3337
3336
3335
3334
3333
3332
3331
3330
3329
3328
3327
3326
3325
3324
3323
3322
3321
3320
3319
3318
3316
3315
3314
3312
3311
3310
3309
3308
3307
3306
3304
3303
3302
3300
3299
3298
3297
3296
3295
3294
3293
3292
3290
3289
3287
3286
3285
3283
3282
3281
3280
3279
3278
3276
3275
3274
3270
3269
3268
3267
3266
