0
3993
804
1145
750
717
875
667
215
1208
1119
1224
1417
602
1276
244
182
120
2860
3408
256
3846
3694
1096
377
3922
3071
90
3984
4015
3808
581
233
624
802
854
851
801
785
749
692
883
498
3839
74
3570
2595
3844
379
3647
1693
3537
263
3560
2168
4010
1168
3691
2842
899
86
52
35
3565
1353
216
1627
3290
1057
3652
2882
11
1967
3939
3781
3589
3669
131
220
1755
2922
1442
1264
1295
2857
1974
371
160
286
2195
3467
841
3413
668
945
1206
243
282
3942
49
154
401
386
1560
190
3798
4006
3946
125
234
649
3266
2442
316
3650
4016
207
3748
3407
2470
138
4024
167
2541
3729
3746
918
1466
205
383
3733
608
2596
4007
2766
3700
3502
2106
2437
2483
468
453
572
499
532
3544
179
3816
253
97
904
1002
852
855
732
712
702
786
866
873
798
736
821
691
791
839
818
806
689
846
877
757
782
742
707
771
714
795
734
744
721
826
737
709
808
748
738
726
723
715
711
706
756
733
722
777
874
895
858
888
885
869
889
864
731
842
834
739
727
688
811
807
845
814
735
697
882
847
833
816
813
794
784
778
751
690
760
831
797
787
754
741
718
694
850
844
836
832
829
822
820
812
799
796
793
790
789
783
780
776
775
768
767
766
765
763
762
761
759
755
746
743
740
730
725
720
716
704
700
699
696
695
853
843
838
827
824
800
781
779
773
705
693
835
817
724
837
728
849
848
830
828
815
809
792
770
764
758
752
745
719
701
687
893
890
887
886
878
876
872
871
870
868
867
863
861
859
856
840
825
810
805
774
772
769
753
729
713
708
703
686
823
819
803
747
698
880
884
894
891
860
788
710
879
881
892
3626
857
3994
3981
3991
3990
4013
3989
3983
4037
4002
4018
3986
4031
3987
594
3999
3998
4038
3995
4017
4020
4014
4023
4021
4009
3982
4033
4032
4027
4026
4025
4022
4012
4011
4005
4004
4000
3992
3985
4030
3997
3980
4019
4034
4036
4001
3988
4003
3996
4035
4029
4028
4008
3606
3582
3923
3941
3859
3920
3960
3601
3607
3649
3890
3786
3515
3489
3814
3662
3536
3905
3682
3585
3754
3849
2861
3472
3876
3772
3523
3864
3686
3784
3701
3771
3460
3752
3749
3978
3775
3483
3963
3863
3679
3592
3564
3541
3524
3628
3465
3975
3910
3777
3767
3532
3949
3947
3907
3631
3458
3807
3751
3653
3720
3645
3708
3519
3766
3865
3663
3629
3745
3539
3566
3530
3870
3794
3572
3509
3822
3967
3933
3882
3843
3803
3499
3899
3500
3719
3711
3643
3620
3685
3753
3818
3535
3468
3931
3617
3568
3735
3464
3951
3855
3569
3964
3791
3655
3641
3478
3900
3833
3821
3782
3768
3763
3718
3493
3883
3695
3516
3546
3552
3965
3579
3445
3441
3887
3906
3510
3443
3862
3850
3616
3896
3776
3698
3690
3554
3835
3705
3615
3898
3639
3594
3562
3479
3809
3774
3757
3917
3912
3743
3739
3725
3927
3915
3881
3738
3634
3561
3593
3558
3506
3486
3825
3812
3793
3758
3534
3624
3549
3531
3490
3699
3736
3461
3457
3575
3477
3487
3660
3612
3583
3555
3466
3904
2481
3271
2776
3227
1562
3936
3921
3773
3722
3713
3666
3598
3553
3482
3897
3815
3599
3590
3505
3470
3442
3762
3485
3559
3474
3497
3950
3454
3543
3484
3527
3471
3919
3813
3795
3765
3744
3717
3635
3979
3888
3707
3627
3799
3687
3528
3730
3640
3788
3654
3976
3973
3972
3969
3961
3958
3957
3956
3955
3952
3945
3940
3937
3932
3928
3925
3924
3918
3916
3914
3913
3911
3909
3903
3895
3894
3893
3892
3891
3885
3878
3875
3874
3871
3869
3868
3867
3866
3857
3856
3854
3848
3840
3837
3836
3829
3827
3826
3823
3820
3819
3811
3810
3805
3802
3801
3792
3789
3787
3783
3778
3770
3769
3764
3761
3759
3755
3747
3740
3732
3731
3728
3727
3724
3723
3715
3714
3710
3706
3696
3680
3678
3675
3673
3671
3668
3665
3664
3661
3659
3657
3648
3646
3644
3638
3637
3636
3632
3630
3623
3622
3614
3613
3608
3603
3602
3597
3595
3591
3588
3587
3584
3581
3580
3578
3576
3573
3571
3567
3551
3538
3529
3526
3522
3513
3511
3508
3507
3504
3503
3498
3481
3476
3473
3469
3463
3462
3459
3446
3439
3880
3832
3785
3681
3574
3542
3518
3452
3450
3688
3838
3926
3860
3831
3828
3804
3779
3737
3712
3672
3557
3488
3902
3619
3658
3847
3496
3512
3550
3586
3934
3930
3908
3780
3703
3600
3872
865
1896
1252
3742
3726
3444
390
382
470
406
349
663
562
1956
2281
2426
2034
2251
2388
448
600
626
672
665
586
639
623
621
670
661
647
599
582
684
605
578
577
659
635
628
681
640
685
617
573
579
3382
3141
3401
2774
3094
3134
2805
3314
2767
3424
2893
2975
2811
2964
2714
3156
3050
2859
3383
3171
2884
3312
3375
3349
3270
2980
2802
3422
2752
2823
1476
1065
2779
1253
937
1499
979
1248
3944
3521
3929
3693
3670
3605
3548
3683
3455
3845
3842
3817
3800
3790
3750
3741
3611
3609
3877
3702
3621
3604
3966
3852
3841
3697
3547
3520
3491
3475
3448
3830
3610
3514
3480
3884
3858
3824
3545
3449
3692
3642
3633
3625
3456
3437
3971
3968
3797
3667
3656
3618
3596
3563
3556
3438
3943
3938
3889
3873
3796
3760
3756
3734
3677
3533
3525
3517
3495
3440
862
1708
1176
435
1354
1403
1218
1138
3432
1759
1640
1713
1492
1090
1510
1856
1030
1892
956
928
1073
1058
1010
1748
682
654
636
660
616
592
664
612
603
589
587
1013
1654
1631
565
1093
3861
590
454
351
365
508
466
534
429
905
450
396
477
539
490
474
547
459
424
494
519
403
355
683
521
418
350
680
644
489
421
676
528
503
392
478
359
536
375
352
669
630
537
479
404
1767
557
546
488
361
354
543
410
666
646
645
540
527
458
439
554
551
455
433
381
380
446
434
391
445
561
548
510
495
509
505
486
469
472
411
2515
2444
2545
2535
2505
2486
2255
1992
2227
2015
2403
2634
2621
2349
2301
2245
2167
2401
2490
2548
2523
2238
2178
2650
1975
2373
1949
2146
2120
1933
1915
2360
2358
2383
1934
2316
2193
1936
2622
2115
2474
1865
1552
1150
1038
1646
1874
1463
1905
1133
1498
907
1262
950
1651
1422
1777
531
518
504
460
451
407
441
393
264
923
679
678
675
674
673
671
662
658
657
653
650
643
634
633
632
631
627
625
622
620
619
618
615
613
611
610
598
597
595
593
588
585
583
576
575
574
394
378
32
3210
3376
2762
3352
3190
2847
3069
3128
3126
2886
3311
2972
2695
3292
3215
2895
2790
3058
3393
3371
3367
3326
2722
3191
3167
2812
2667
3317
2851
2868
2727
3039
3124
3425
3315
3048
3102
3405
3159
3379
3144
3049
2712
3200
3053
3377
3431
3148
3088
3015
2702
3391
3359
3319
3427
3338
2918
3388
3177
3125
2768
2713
3305
3086
3020
2935
3336
3083
2933
3343
2829
2739
3403
3328
2845
2753
3147
3127
3145
3024
2989
2936
3357
2668
2963
3252
3235
2751
2949
2728
3175
3398
2797
3030
2809
3246
2820
3097
3170
2892
3241
2830
2720
2662
3063
2879
3300
2769
3036
3092
2961
3008
2703
2699
3262
3079
2733
2685
2783
3436
2981
2789
2965
3372
3429
3034
2852
3163
3203
2846
2953
2759
3109
3016
3009
2878
2787
2785
3131
3380
2723
3412
3356
3139
3229
3423
3318
3005
2701
3119
2945
3331
3253
3189
3002
3399
2850
2755
2841
3286
3234
3095
3416
3240
3133
2825
3287
3225
2836
3117
3104
3325
3283
3176
2670
3365
2772
3298
3113
2973
3165
3091
2966
3306
3272
3353
2700
2843
2794
3121
3294
3105
3280
3204
2881
2833
3374
3110
3046
3037
3275
3150
3099
2979
2856
2778
2675
2672
3346
3295
2947
2684
3389
3327
3248
2954
3344
3146
3021
2970
2748
2674
3369
3307
3236
3219
3081
3032
2932
2801
2718
3073
3000
2887
2862
2920
2865
2832
2715
3430
3153
3396
3350
3332
3277
3267
3260
3247
3194
3160
3082
3041
3027
2849
2770
3257
3243
3384
3014
2924
3273
3233
3019
2869
3244
3173
2951
2696
2690
3251
3181
3137
3026
3025
2993
2987
2729
3045
2903
2688
3296
3207
2923
2663
3138
3417
3400
3098
2988
2873
2992
2962
2934
2870
3364
3339
3202
2943
2773
2717
3158
3135
2910
2907
3397
3212
3209
2716
3217
3136
3115
3366
2724
3293
3090
3054
2931
2929
2786
2782
2757
2679
3304
3085
2891
2743
2706
3263
3185
3348
3250
3232
3195
3096
3047
3040
2927
2912
2906
2896
2827
3414
3052
2877
2864
2763
2721
3363
3284
3237
3129
3108
3084
3064
3056
3033
3004
2994
2986
2985
2974
2960
2919
2913
2872
2839
2800
2777
2761
2754
2750
2683
2666
2664
3330
3214
3198
3151
3017
2999
2791
2730
3419
3351
3321
3320
3274
3239
3206
3188
3182
3172
3154
3120
3070
3038
3007
2991
2950
2939
2937
2894
2863
2793
2780
2719
2708
3111
2968
2707
2734
1477
929
3289
3278
3179
2976
1161
1162
1027
1418
970
987
1696
1907
1406
1615
1490
1440
1906
1308
965
1731
1566
1524
1325
1033
1579
1144
1822
1441
1050
1847
1711
1151
1088
3101
2764
2693
1642
1747
969
1650
1169
1749
1241
1134
1672
1415
1244
1159
1139
1739
1362
939
951
1779
1434
1266
1055
1853
1625
3420
2813
1758
1239
1496
1296
1880
1008
912
1299
1240
1219
1180
998
1876
1249
1225
1188
1131
1037
992
1202
1592
1587
1414
1246
1878
1114
1887
1148
1063
1301
1034
1143
1039
1167
977
1815
1306
1705
1307
1885
1025
1001
948
1785
1310
1275
986
1436
629
1702
1738
1699
1183
914
1280
1497
1443
1342
1671
1268
1036
1841
1649
1158
957
1727
1553
1011
943
1719
1588
1360
1328
1740
1155
1016
1676
1511
1061
1641
1254
1401
1106
1340
1656
1810
1605
1439
1207
1117
1024
1645
1616
1681
1348
1072
949
1872
1315
1710
1526
1327
1479
1279
1060
1020
1783
1166
1108
1895
1216
938
1397
1113
1831
1447
1028
1259
1317
996
1789
1556
1291
1079
1022
3962
3948
3886
3851
3721
3684
3674
3651
3577
3540
3501
1866
1803
1593
1537
1518
1274
1136
1098
1571
1903
1591
1438
1190
1811
1653
1242
978
1519
1460
1409
1407
1191
1412
1152
1041
944
389
1832
1809
1660
1644
1604
1598
1596
1478
1372
1356
1051
1659
1416
1278
1808
1607
1889
1849
1457
1285
1069
1281
1227
1221
1823
1821
1335
1198
1181
1130
1006
1682
1495
1044
1894
1638
1636
1508
1451
1392
1381
1309
1245
1018
1661
974
1721
1516
1351
1569
1459
1435
1067
1701
3361
3245
2941
2760
1875
1647
1873
1583
1277
981
1840
1304
1127
1382
1099
1032
941
1668
1542
1101
972
966
1349
1897
1814
1444
1429
1364
1343
1052
913
1774
1047
1725
1667
1507
1213
1062
1778
1677
1234
1091
1083
959
926
1798
1707
1685
1665
1609
1456
1336
1867
1700
1689
1632
1619
1532
1402
1390
1375
1238
1163
1149
1125
1112
1004
1904
1109
1781
1850
1742
1729
1898
1843
1517
1330
1205
1173
1172
1056
997
995
982
1910
1829
580
1801
1773
1695
1514
915
1791
1612
1420
993
1745
1703
1500
1366
1228
1141
1035
1662
1734
1603
1563
1404
1341
1164
934
1788
1384
1368
1111
1045
1816
1796
1795
1724
1600
1572
1557
1547
1199
1175
1003
1548
1363
1319
1314
963
1601
1468
1371
1232
1137
1698
1494
908
1820
1751
1454
1316
1261
1066
971
942
919
1861
1805
1799
1741
1620
1535
1480
1470
1388
1331
1029
1899
1893
1862
1859
1824
1812
1786
1716
1706
1691
1628
1595
1578
1448
1426
1379
1286
1284
1282
1257
1231
1170
1120
1100
1081
1019
1009
975
954
902
1763
1709
1565
1473
1012
641
484
1720
1680
1345
1229
1215
1129
917
677
655
604
584
1692
1549
1512
1446
1425
1408
1374
1313
614
609
591
558
553
520
507
461
436
425
423
417
387
373
34
1311
569
513
506
400
397
1790
1744
1574
1545
1536
1400
1358
1332
656
637
559
542
515
483
402
385
374
368
367
1882
1881
1855
1694
1529
1487
1320
1080
606
601
566
560
538
526
497
493
462
430
419
409
571
570
568
567
564
556
555
552
550
545
544
541
535
533
529
525
524
523
522
517
516
514
512
511
502
500
496
492
491
487
485
482
481
480
475
473
471
465
463
457
456
452
