0
4025
3688
3853
743
215
859
210
608
3407
1233
43
3820
674
3885
801
1581
377
911
1834
891
3875
3746
2569
2481
3704
2457
216
1558
624
602
18
3974
3183
918
3408
335
282
154
81
1627
4017
4037
4038
3982
3992
4019
3994
3988
4016
4033
4014
4018
3998
4036
4035
4034
4032
4031
4030
4028
4027
4026
4024
4023
4022
4021
4020
4015
4013
4012
4009
4008
4007
4006
4005
4004
4003
4002
4000
3999
3997
3996
3995
3993
3990
3987
3986
3985
3981
594
4011
3991
3980
3989
707
806
702
714
712
832
854
710
809
850
746
742
855
839
836
833
831
822
821
818
816
808
803
802
796
793
791
790
789
788
786
785
783
775
771
768
767
758
757
756
750
749
744
740
736
733
732
725
721
716
704
699
692
691
690
689
866
867
776
884
893
837
777
748
846
844
826
812
723
711
848
779
765
754
693
838
835
792
780
778
728
709
703
878
782
763
729
851
741
735
852
717
843
807
739
701
687
845
770
761
853
829
813
810
805
795
794
762
751
738
722
720
715
700
847
842
834
827
820
817
815
799
787
784
773
766
764
759
752
747
737
734
731
727
726
724
718
706
705
696
695
694
688
890
849
824
814
797
781
769
760
755
753
730
713
697
686
3619
3772
3745
3632
3476
3946
3624
3928
3537
3871
3716
3815
3686
3917
3818
3552
3958
3897
3727
3549
3673
3479
3932
3439
3947
3511
3933
3783
3766
3696
3615
3711
3731
3640
3528
3969
3951
3909
3705
3499
3901
3698
3598
3791
3607
3940
3874
3567
3541
3753
3900
3758
3532
3837
3757
3701
3915
3895
3764
3583
3559
3931
3881
3829
3761
3568
3474
3466
3443
3782
3793
3850
3827
3778
3728
3713
3663
3590
3553
3498
3442
3603
3497
3845
3485
3662
3490
3868
3742
3546
3626
3941
3659
895
894
892
889
888
887
886
885
883
882
881
880
879
877
876
874
873
872
871
870
869
864
863
861
858
856
840
830
828
825
823
819
811
804
800
798
774
772
745
719
708
2113
2651
2219
2439
2015
2632
2217
2100
2545
2094
2388
2227
2168
1934
2193
2570
2158
2402
2089
2321
2152
2444
2513
2076
2534
1936
2639
2013
2012
2371
2245
2014
2181
2577
2360
2647
2284
2000
1957
2207
2424
2585
2025
2011
1958
1914
2455
2251
4029
3984
3983
3849
3726
3463
3775
316
240
206
288
2237
2466
2658
2085
2082
2225
1998
1991
1976
2339
2212
2346
2202
2358
2627
1968
1931
2514
1965
2628
2317
2427
2234
2067
2602
2066
2316
2409
2290
2287
1921
2449
2490
2401
1975
2630
2563
2551
2522
2485
2407
2323
2309
2216
2084
2045
2033
1984
1953
2233
1982
2324
2036
2177
2583
2459
2378
2364
2171
1973
1928
2646
2631
2624
2619
2615
2611
2607
2579
2578
2559
2554
2549
2489
2482
2467
2391
2370
2359
2340
2326
2307
2271
2253
2244
2240
2210
2206
2190
2179
2154
2140
2139
2122
2115
2098
2095
2078
2056
2040
1997
1989
1986
1943
1925
1917
2362
2413
2400
2312
2116
2329
2155
2462
2274
2222
1969
2163
2390
2644
2612
2557
2497
2372
2345
2344
2322
2277
2272
2231
2211
2175
2102
2065
2057
2023
1964
2635
2571
2416
2304
2280
2232
2174
2472
2259
2235
2134
2072
3919
3918
3898
3864
3695
3691
3617
3613
3578
3562
3605
3926
3702
3547
3484
3610
3828
3945
3469
3520
3966
3491
3471
3950
3889
3563
3760
3944
3929
3877
3796
3687
3625
3938
3804
3800
3762
3693
3557
3438
3968
3780
3734
3576
3979
3978
3977
3976
3975
3973
3972
3971
3970
3967
3965
3964
3963
3962
3961
3960
3959
3957
3956
3955
3954
3953
3952
3949
3939
3937
3936
3935
3934
3930
3927
3925
3924
3923
3921
3920
3916
3914
3913
3912
3911
3910
3908
3907
3906
3905
3904
3903
3902
3899
3896
3894
3893
3892
3891
3890
3888
3887
3884
3883
3882
3880
3879
3878
3876
3873
3870
3869
3867
3866
3865
3863
3862
3860
3859
3858
3857
3856
3855
3854
3852
3848
3847
3846
3844
3843
3842
3841
3840
3839
3838
3836
3835
3834
3833
3832
3831
3826
3825
3824
3823
3822
3821
3819
3817
3816
3814
3813
3812
3811
3810
3809
3807
3806
3805
3803
3802
3801
3799
3798
3795
3794
3792
3790
3789
3788
3787
3786
3785
3784
3781
3777
3776
3774
3773
3771
3770
3769
3768
3767
3765
3763
3759
3755
3754
3752
3751
3749
3748
3747
3744
3743
3740
3739
3738
3737
3736
3735
3733
3732
3730
3729
3725
3724
3722
3720
3719
3718
3715
3714
3712
3710
3709
3708
3707
3706
3703
3700
3699
3697
3694
3690
3689
3685
3683
3682
3681
3680
3679
3678
3676
3675
3672
3671
3670
3669
3668
3667
3666
3665
3664
3661
3660
3658
3657
3656
3655
3654
3653
3652
3649
3648
3647
3646
3645
3644
3643
3642
3641
3639
3638
3637
3636
3635
3634
3631
3630
3629
3628
3627
3623
3622
3621
3620
3618
3616
3614
3612
3611
3608
3606
3604
3602
3601
3600
3599
3597
3596
3595
3594
3593
3591
3589
3588
3587
3585
3584
3581
3580
3579
3577
3575
3574
3573
3572
3571
3569
3566
3565
3564
3560
3558
3555
3554
3551
3548
3545
3544
3543
3542
3539
3538
3536
3535
3534
3533
3531
3530
3529
3527
3526
3524
3523
3522
3521
3519
3518
3516
3515
3514
3513
3512
3510
3509
3508
3507
3506
3505
3504
3503
3502
3500
3496
3494
3493
3492
3489
3488
3487
3486
3483
3482
3481
3480
3478
3477
3475
3473
3472
3470
3468
3467
3465
3464
3462
3461
3460
3459
3458
3457
3455
3452
3451
3450
3449
3448
3447
3446
3445
3444
3441
857
3948
3779
3633
3586
3517
868
865
698
2660
2659
2657
2656
2655
2654
2652
2650
2648
2645
2641
2640
2638
2637
2636
2634
2633
2626
2625
2623
2622
2621
2620
2618
2614
2613
2610
2606
2604
2603
2601
2600
2599
2596
2593
2591
2590
2587
2586
2584
2581
2580
2576
2575
2574
2573
2572
2568
2566
2565
2564
2562
2561
2560
2558
2556
2553
2552
2550
2548
2546
2541
2540
2539
2538
2537
2536
2535
2532
2531
2528
2527
2526
2525
2524
2523
2521
2520
2518
2517
2516
2515
2507
2506
2505
2504
2503
2501
2500
2499
2495
2494
2493
2492
2488
2487
2486
2484
2480
2479
2478
2477
2476
2475
2474
2473
2471
2470
2469
2465
2464
2460
2456
2454
2453
2452
2450
2448
2447
2446
2443
2442
2441
2440
2438
2437
2436
2435
2434
2433
2432
2431
2430
2429
2428
2426
2425
2423
2422
2421
2418
2415
2414
2412
2411
2410
2408
2406
2405
2404
2403
2397
2396
2395
2393
2392
2387
2386
2383
2382
2381
2380
2379
2377
2376
2375
2374
2373
2369
2367
2366
2365
2363
2361
2357
2356
2354
2353
2352
2350
2349
2348
2342
2341
2337
2335
2334
2331
2330
2325
2320
2318
2314
2313
2311
2310
2308
2306
2305
2303
2301
2300
2299
2297
2296
2295
2291
2288
2286
2281
2278
2276
2275
2273
2270
2269
2265
2263
2262
2261
2260
2258
2257
2256
2255
2252
2249
2248
2246
2243
2242
2238
2236
2230
2229
2228
2226
2221
2220
2218
2214
2213
2209
2208
2205
2204
2201
2200
2197
2195
2192
2188
2186
2185
2184
2182
2178
2173
2172
2170
2167
2166
2165
2164
2162
2161
2160
2159
2157
2156
2150
2147
2146
2145
2142
2141
2136
2131
2130
2129
2126
2124
2123
2121
2120
2119
2118
2114
2112
2110
2109
2108
2107
2106
2105
2104
2103
2099
2097
2096
2093
2092
2091
2090
2088
2086
2083
2080
2079
2077
2075
2074
2073
2070
2069
2064
2063
2062
2061
2060
2059
2058
2055
2051
2050
2049
2048
2046
2044
2043
2041
2037
2035
2034
2031
2030
2029
2027
2024
2022
2021
2020
2019
2018
2017
2016
2009
2008
2006
2005
2004
2003
2001
1999
1996
1995
1993
1992
1990
1988
1987
1985
1983
1981
1980
1979
1978
1977
1974
1972
1971
1970
1966
1963
1962
1961
1960
1956
1952
1951
1950
1949
1946
1944
1942
1939
1938
1937
1935
1933
1930
1929
1927
1924
1923
1922
1919
1918
1915
1276
672
626
625
665
621
588
662
632
599
578
675
643
664
573
685
636
597
592
3861
3723
3454
467
571
522
380
448
533
529
372
539
574
620
350
383
652
418
407
371
445
387
365
562
509
472
548
555
489
305
131
71
476
441
364
221
34
16
85
202
333
155
2
35
183
96
311
45
156
38
262
220
279
254
5
51
187
94
328
272
3
263
99
308
7
23
341
222
103
60
59
260
24
180
57
177
33
231
309
127
337
303
224
213
247
82
347
345
274
251
232
212
184
165
142
123
121
39
31
25
227
112
140
343
226
116
28
20
238
118
67
306
218
322
315
236
54
2952
3227
1262
331
324
285
277
261
203
185
176
148
146
128
79
26
9
1474
1264
2582
2543
2511
2461
2451
2399
2254
2180
2169
2081
2010
1955
1954
1926
1916
136
1270
1476
1510
1157
1194
1046
2653
2649
2629
2617
2616
2609
2605
2594
2589
2588
2555
2544
2529
2519
2510
2508
2502
2498
2491
2468
2463
2458
2445
2419
2417
2394
2389
2385
2384
2355
2351
2343
2333
2332
2298
2294
2283
2241
2224
2223
2215
2189
2176
2151
2144
2143
2137
2133
2128
2127
2117
2101
2071
2052
2042
2039
2038
2028
2026
2007
2002
1994
1959
1948
1947
1945
1941
1940
1932
1913
2643
2642
2608
2598
2597
2592
2567
2547
2542
2533
2530
2512
2509
2496
2420
2398
2368
2347
2338
2336
2328
2327
2319
2315
2302
2293
2292
2289
2285
2282
2279
2268
2267
2266
2264
2250
2247
2239
2203
2199
2198
2196
2194
2191
2187
2183
2153
2149
2148
2138
2135
2132
2125
2111
2087
2068
2054
2053
2047
2032
1920
935
1301
1802
1602
1200
1362
1705
1203
1853
1443
904
1385
1797
1326
1723
1244
1090
985
1501
940
1749
937
1579
3943
3886
3872
3851
3830
3797
3756
3750
3741
3721
3692
3684
3677
3674
3651
3609
3592
3561
3556
3550
3540
3525
3501
3495
3456
3440
3437
1088
862
1190
970
1760
1672
1901
1053
1527
1266
1884
1896
1496
1139
1772
1503
1015
900
1874
1219
997
1105
1759
1010
1651
1473
1159
1177
1355
1299
1712
1845
1775
1562
1499
1909
1131
1903
1236
1134
924
1461
1351
1291
1039
972
1368
1197
909
1830
1336
1289
1107
932
934
1537
1445
908
1072
1816
1532
1330
1815
1748
1306
1169
1304
1189
1356
1295
941
1829
1174
1061
1831
1782
947
1722
1618
1547
1340
1181
1833
1683
1554
1535
1164
993
1876
1686
1681
1541
1525
1444
1037
1879
1839
1827
1823
1750
1735
1707
1643
1619
1456
1399
1380
1365
1329
1290
1271
1125
1092
1069
1040
1028
1004
960
1910
1703
1575
1068
912
1420
1771
1746
1653
1623
1471
1375
1363
1438
1892
1648
1548
1493
1216
958
938
1316
1166
971
1805
1799
1741
1612
1470
1449
1447
1409
1323
922
1728
1691
1647
1596
1550
1448
1417
1261
1129
1021
1009
1007
957
1428
646
1766
1671
1573
1565
1235
1231
1720
1032
1019
678
618
584
593
1967
1912
1338
546
541
534
531
518
510
455
449
442
435
1791
1768
1688
1557
1407
1367
1250
1242
1209
1110
488
439
1598
1357
1001
375
1899
1875
1848
1824
1812
1794
1732
1706
1695
1611
1606
1492
1490
1446
1429
1400
1382
1332
1320
1179
1142
1113
1086
1018
962
919
639
557
446
367
1692
1545
1226
1210
1114
1013
676
614
609
523
508
463
427
391
1311
471
684
683
682
681
680
679
677
673
671
670
669
668
667
666
663
661
659
658
657
656
655
654
653
650
648
647
645
644
642
640
635
634
633
631
630
629
628
627
623
622
619
617
616
615
613
612
611
610
607
606
605
604
603
600
598
595
591
590
589
587
586
583
582
581
579
577
576
575
506
500
434
422
363
1790
1645
1574
1512
1487
1155
930
637
580
561
540
514
497
430
419
366
1025
572
570
569
568
567
565
564
560
559
558
556
554
553
552
551
550
549
547
545
544
543
542
537
536
535
532
530
528
527
525
524
521
520
519
516
515
513
512
511
507
505
504
503
502
501
499
498
496
495
494
493
492
491
490
487
486
485
482
481
480
479
478
477
475
474
473
470
469
468
466
465
464
462
461
460
459
458
457
456
454
453
452
451
450
447
444
443
440
438
437
436
433
432
431
429
426
425
424
423
421
417
416
415
413
412
411
410
409
408
406
405
404
403
402
400
399
398
397
396
395
394
393
392
390
389
388
386
385
384
382
381
379
378
376
374
373
370
369
368
362
361
360
359
358
357
356
355
354
352
351
349
100
346
344
342
340
339
338
336
334
332
330
329
327
326
325
323
321
320
319
318
317
314
313
312
310
307
304
302
301
300
299
298
297
296
295
294
293
292
291
290
289
287
284
283
281
280
278
276
275
