2695
4008
801
4034
255
4001
624
18
3183
3704
3984
3996
4012
3820
1560
2842
335
607
550
209
3974
233
3846
90
145
47
1270
3875
2382
1262
379
2740
1046
155
2808
228
3816
1105
3413
1252
3537
2838
220
1200
3910
1969
3494
2422
1346
3805
562
1354
498
77
2493
3727
3161
441
1711
868
860
256
883
875
4015
3992
4017
4010
4024
4036
865
717
854
49
775
892
692
4007
4005
3999
4037
4011
4003
4027
3993
4013
4002
3985
3988
4018
3989
4000
3981
4038
4020
4019
3995
3986
4026
4009
4004
3994
4030
4014
3998
3997
4031
4023
4021
3982
3980
3990
4033
3991
4016
4025
811
880
871
870
825
704
594
893
894
852
855
785
699
744
859
841
3983
4006
4032
4028
3987
891
4029
4035
4022
686
687
688
694
695
696
697
698
701
703
705
706
708
709
711
713
718
719
720
724
726
727
728
729
731
732
734
736
738
739
741
742
745
747
748
752
754
755
758
760
763
764
766
768
770
772
773
774
777
778
779
780
781
782
783
784
787
789
792
793
795
797
799
800
803
804
805
807
809
810
814
815
817
818
819
820
822
823
824
827
828
829
830
834
835
838
840
842
843
844
845
847
848
849
853
856
716
722
737
751
753
762
765
771
831
833
839
876
889
693
712
714
730
769
794
806
837
813
826
836
707
723
759
756
861
808
850
878
690
863
746
786
715
888
821
725
816
710
733
767
761
882
702
886
812
740
689
776
791
869
885
700
867
890
874
796
872
873
798
691
881
846
887
735
721
802
895
879
858
788
864
851
866
877
832
790
884
743
757
750
749
12
585
447
1145
3709
292
3650
210
3853
1119
43
3748
638
3798
3570
3451
1206
2269
3856
918
287
3935
2079
2457
3071
1466
74
674
2569
15
11
358
1096
668
215
3031
3453
911
608
602
37
1581
1386
2470
3729
2596
613
1834
114
3230
2195
33
581
42
3746
244
282
642
3268
3407
286
1224
3885
179
241
401
52
377
443
205
1854
468
3037
2792
3808
2788
153
154
2691
279
316
3134
1395
70
3807
3282
3688
305
1326
2857
1276
3879
1558
3732
3589
2704
3942
1233
1967
1065
267
3408
3125
1394
648
216
3854
1755
1430
2541
138
35
3922
1690
1176
160
3006
234
3959
183
2814
81
1586
182
2483
2595
1208
1027
904
383
1627
386
411
97
3801
253
301
356
157
1760
1693
3560
1253
3717
3691
3744
899
2168
71
112
1071
293
3733
667
2722
61
3689
2952
2922
76
3467
660
2527
294
2798
1002
454
1546
247
1194
2975
2178
571
240
336
164
2481
1353
