107
1684
0
3437
1989
705
713
67
1880
3794
3926
627
766
3802
329
822
3570
3980
1486
618
1144
3921
3829
3867
819
103
3990
707
1118
178
3704
2514
3641
3675
2700
2942
326
3371
2813
899
453
3325
979
528
1042
970
578
3189
3956
3572
3796
346
299
728
865
817
776
1378
2505
3968
3826
2301
3856
2650
3959
3441
3771
33
2049
3732
3679
3245
247
3504
2709
3581
3662
2048
3405
278
3970
166
3053
3147
3524
217
2808
1546
393
1276
2982
3034
530
3427
1759
3030
1905
1169
354
4026
3981
1357
546
589
588
3266
1138
1476
3415
347
3522
3561
187
3795
3502
3747
1534
2440
3686
3827
3222
3565
7
3865
3893
3755
96
748
184
1098
789
847
4038
736
755
295
94
1593
1567
3777
3985
636
1588
1564
1461
650
198
2596
3508
3485
3880
3788
833
3993
852
961
701
290
886
785
2034
3635
1847
1537
1424
2388
2245
784
825
1996
120
812
3861
871
716
22
129
2466
335
2513
1915
3716
3616
71
282
3781
2760
3447
193
165
3775
286
2291
3923
256
3812
151
3546
191
3477
3465
3361
3057
3600
3637
3323
240
2968
3566
3941
2801
3551
3343
3598
3957
76
3095
3523
3074
3315
2934
2732
3208
386
1326
1581
356
1560
2918
3251
2848
2938
317
3221
2825
3336
1586
1474
2775
3143
3187
3227
3083
3401
1890
2893
3377
955
3066
1262
2722
1788
349
656
3424
672
2752
1443
1455
912
433
505
365
491
1213
543
1453
1109
368
387
4033
4022
4016
4015
3983
875
1496
1541
418
446
1910
569
474
1756
490
1411
1808
1234
943
1670
554
1268
584
612
1073
1045
2678
628
2670
3018
904
2690
411
3276
476
3818
2975
2735
3645
3630
3937
144
163
3883
137
36
310
3769
3770
3205
3660
3799
2129
3843
3536
3583
3809
2156
2286
2146
3580
3905
2120
2397
46
268
2426
2577
2453
3806
1930
3513
3597
3694
2105
730
45
3461
197
63
284
3989
786
34
798
3804
704
746
813
1568
778
3924
3618
212
690
106
3590
10
170
3792
269
2094
632
1088
1585
901
3642
659
1266
757
3786
2089
3693
3950
3263
4021
4014
4006
3998
775
717
1846
1626
1858
1678
592
1493
1363
1058
1822
577
595
3398
2437
2595
3548
3973
20
3778
3958
3767
3736
318
2651
3896
73
29
69
249
127
838
1895
3722
4037
3992
892
750
2457
3628
3698
3564
3460
1178
2017
753
873
1371
2621
3456
257
2441
1937
2439
832
4011
3939
826
1977
3846
2227
38
2314
2265
2051
3733
2230
3676
3729
2277
3872
1171
2160
2360
3585
3922
3789
3720
3653
215
97
2177
3879
3446
1990
3963
255
2997
3954
3490
179
114
2012
264
42
192
182
316
275
1950
2530
3834
183
174
3661
3153
145
35
1913
2697
2157
3912
110
74
3928
328
2262
2342
3614
3724
3936
3892
2837
3130
2641
2677
2769
3876
3888
3133
2685
2214
2208
2788
2691
3068
2900
2747
911
3230
139
3281
2726
2792
1252
1065
401
207
2764
3372
2704
468
608
2838
237
3357
467
351
3103
2859
2852
2851
3194
564
3231
3311
3421
2952
399
1558
2830
406
3260
2671
3091
2798
929
3327
910
3395
1034
1755
1176
2783
1264
3429
3428
1362
2884
3238
2725
1387
1701
1061
3155
3217
562
3116
1552
1168
985
1251
626
1840
1777
1133
1521
1797
529
1498
551
