0
4013
874
3999
868
859
114
15
3748
3268
154
1046
379
35
1208
3959
904
164
208
740
788
743
692
875
801
4029
4024
3984
891
4025
4006
3983
4003
43
335
3853
37
215
607
3071
3230
638
602
2457
608
12
1581
3856
282
241
286
47
401
52
2382
138
3134
216
183
3282
1395
3879
1065
3125
648
3408
157
1755
356
1071
411
3801
1760
2527
3733
1252
1353
2798
240
3582
3811
2998
201
3537
2838
3588
1474
1776
1651
1713
3444
3849
3290
152
250
3059
3310
1346
2902
3727
1664
1254
3745
32
3270
3457
51
1961
3424
93
2175
1896
1023
3492
60
2514
522
23
1492
682
187
857
912
3251
532
3181
2930
2732
3180
498
572
667
1194
1002
386
1586
860
1224
3407
867
885
691
689
761
811
816
690
746
821
888
861
715
863
878
813
850
707
826
742
799
833
712
762
789
751
723
889
771
753
736
763
729
693
768
844
839
732
769
765
730
804
831
741
822
818
779
778
783
809
794
772
737
709
835
807
777
720
706
848
838
803
797
748
738
708
701
856
853
849
847
845
842
840
834
830
829
828
827
824
823
820
819
817
815
814
810
805
800
793
792
787
784
781
780
774
773
770
766
764
760
758
755
754
752
747
745
739
734
731
728
727
726
724
719
718
713
711
705
703
698
697
696
695
694
688
687
686
4027
869
700
702
710
882
725
880
808
786
756
759
782
836
714
837
843
722
806
795
825
798
704
890
812
767
716
4005
877
866
790
858
832
879
870
871
796
733
717
894
864
895
721
791
744
854
893
802
4036
841
757
750
851
884
1105
4035
865
892
883
749
775
4034
3987
4022
4008
4010
594
3990
4028
4001
855
4011
4007
4016
4032
4012
4015
735
699
846
785
3992
872
852
3989
3996
4033
4037
886
873
881
3985
3993
3991
876
776
887
3998
3994
4004
4009
4038
4026
3981
4020
4017
4018
3988
4002
3980
4030
4023
3982
4031
4014
3997
4021
3995
3986
4019
4000
585
2842
1206
3820
3451
3183
2596
613
3709
447
3031
3453
1096
287
624
18
3798
2470
550
11
3974
1119
668
209
210
3935
3650
918
358
1466
3729
3570
292
674
2195
74
2569
1386
1560
1145
2269
2079
1834
911
33
233
256
3846
642
3746
581
42
145
244
90
255
179
3885
205
377
2792
2691
3037
468
443
1270
3875
2788
1854
3808
160
3807
2541
279
70
1233
3704
182
1326
2595
1558
3589
1276
2704
3006
316
267
1394
2740
1027
1627
2483
3922
305
2814
234
1262
1967
3732
3854
2857
1690
1176
3688
49
153
3942
1430
81
1693
97
253
