0
18
3570
918
875
3846
608
602
443
2269
286
15
12
1834
1430
1206
3230
3407
2457
624
4035
215
1276
209
3268
3983
3988
4017
3993
3985
3986
785
786
733
877
788
782
712
707
742
808
821
690
833
702
4030
3997
3998
4038
4037
4036
4034
4033
4032
4029
4028
4026
4025
4024
4021
4019
4018
4016
4015
4014
4013
4012
4010
4009
4008
4007
4006
4005
4004
4003
4001
4000
3999
3996
3995
3994
3992
3990
3987
3982
3981
3952
895
858
738
882
861
853
847
799
773
768
756
734
695
880
758
687
890
848
840
834
820
766
724
696
688
856
855
854
852
851
850
849
846
845
844
843
842
841
839
838
837
836
835
832
831
829
827
826
824
822
818
817
816
815
814
813
812
811
809
807
806
803
802
797
796
795
794
793
792
791
790
789
787
784
783
781
780
779
778
777
776
775
774
772
771
770
767
765
764
763
762
761
760
759
757
755
754
752
751
750
749
748
746
744
743
741
740
739
737
736
735
732
731
730
728
727
726
725
723
722
721
720
718
717
716
715
714
713
711
710
709
706
705
704
701
700
694
693
692
691
689
4027
4023
4020
4002
3991
3980
3733
3879
3671
3582
3572
3494
3848
3844
3660
3745
3727
3643
3539
3447
3509
3762
3925
3530
3536
3548
3963
3679
3808
3771
3506
3869
3511
3482
3967
3696
3843
3564
3905
3894
3682
3676
3681
3937
3690
3581
3776
3892
3857
3743
3767
3459
3443
3927
3645
3837
3757
3579
3829
3777
3668
3601
3583
3947
3906
3826
3794
3714
3558
3555
3486
3972
3786
3761
3602
3951
3719
3648
3493
3907
3862
3778
3769
3722
3603
3462
3497
3585
3936
3865
3850
3735
3698
3685
3678
3663
3644
3629
3615
3662
3799
3716
3647
3513
871
894
893
891
889
888
887
886
885
884
883
881
879
878
876
874
873
872
870
869
867
866
865
864
863
860
859
830
828
825
823
819
810
805
804
800
798
769
753
747
745
729
719
708
703
697
686
4031
3989
3566
3487
3861
356
632
582
599
681
661
659
640
583
386
2481
2167
2094
47
3838
3883
3813
3790
3765
3717
3617
3736
3504
3477
3788
3779
3847
3589
3576
3612
3688
3492
3552
3970
3737
3512
3880
3842
3824
3796
3971
3873
3858
3750
3734
3938
3780
3979
3978
3977
3976
3975
3974
3973
3969
3968
3966
3965
3964
3960
3959
3958
3957
3956
3955
3954
3953
3950
3949
3946
3945
3944
3942
3941
3940
3939
3935
3934
3933
3932
3931
3930
3929
3928
3926
3924
3923
3922
3921
3920
3919
3918
3917
3916
3915
3914
3913
3912
3911
3910
3909
3908
3904
3903
3902
3901
3900
3899
3898
3897
3896
3895
3893
3891
3890
3889
3888
3887
3885
3884
3882
3881
3878
3876
3875
3874
3871
3870
3868
3867
3866
3864
3863
3860
3859
3855
3854
3853
3852
3849
3845
3841
3840
3839
3836
3835
3834
3833
3832
3831
3828
3827
3825
3823
3822
3821
3820
3819
3818
3817
3816
3815
3814
3812
3811
3810
3809
3807
3806
3805
3804
3803
3802
3801
3800
3795
3793
3792
3791
3789
3787
3785
3784
3783
3782
3781
3775
3774
3773
3772
3770
3768
3766
3764
3763
3760
3759
3758
3756
3755
3754
3753
3752
3751
3749
3748
3747
3746
3744
3742
3740
3739
3738
3732
3731
3730
3729
3728
3726
3725
3724
3723
3720
3718
3715
3713
3712
3711
3710
3708
3707
3706
3705
3704
3703
3702
3701
3700
3699
3697
3695
3694
3693
3691
3689
3687
3686
3683
3680
3675
3673
3672
3670
3669
3667
3666
3665
3664
3661
3659
3658
3657
3656
3655
3654
3653
3652
3650
3649
3646
3642
3641
3640
3639
3638
3637
3636
3635
3634
3632
3631
3630
3628
3627
3626
3625
3624
3623
3622
3621
3620
3619
3618
3616
3614
3613
3611
3610
3608
3607
3606
3605
3604
3600
3599
3598
3597
3596
3595
3594
3593
3591
3590
3588
3587
3586
3584
3580
3578
3575
3574
3573
3571
3569
3568
3567
3565
3563
3562
3560
3559
3557
3554
3553
3551
3549
3547
3546
3545
3544
3543
3542
3541
3538
3537
3535
3534
3533
3532
3531
3529
3528
3527
3526
3524
3523
3522
3521
3520
3519
3518
3516
3515
3514
3510
3508
3507
3505
3503
3502
3500
3499
3498
3496
3491
3490
3489
3488
3485
3484
3483
3481
3480
3479
3478
3476
3475
3474
3473
3472
3471
3470
3469
3468
3467
3466
3465
3464
3463
3461
3460
3458
3457
3455
3453
3452
3451
3450
3449
3448
3446
3445
3444
3442
3441
3439
3438
3797
3517
868
857
698
647
588
666
684
654
622
605
597
575
4011
652
3961
3454
571
472
617
579
685
682
675
674
673
672
670
667
665
664
662
660
658
657
650
648
643
642
638
636
635
633
631
628
627
626
625
623
621
619
615
613
612
611
610
607
603
600
598
595
592
590
586
585
581
578
577
576
573
501
377
532
680
530
429
351
543
362
470
441
393
2483
2527
2178
2301
1956
2375
1924
2424
2168
2130
2514
2523
2402
2204
2041
2622
2349
2114
2440
1960
2535
2487
2281
2645
2584
2449
2092
2015
2023
1934
2129
2016
2452
2639
2613
2477
2156
1922
2171
1980
1919
305
153
311
139
49
208
253
321
290
250
179
2494
2337
157
77
262
220
140
91
8
184
159
127
257
296
147
341
303
212
59
330
260
196
191
278
177
221
161
141
251
143
42
93
40
240
155
99
83
174
17
310
151
41
28
265
276
186
347
168
38
319
180
158
87
218
343
226
20
614
2540
2272
2485
2426
2490
1974
2499
2414
2407
2261
2237
2188
2104
1925
2055
2640
2583
2406
2027
2022
1976
2638
2606
2559
2418
2409
2386
2376
2352
2339
2288
2287
2234
2229
2210
2201
2200
2164
2147
2115
2109
2086
2074
1983
1971
1953
2116
2048
2628
2610
2304
2366
2154
2652
2581
2566
2425
2411
2397
2286
2205
2193
2145
2126
2080
2036
1978
1930
2605
2325
2232
2110
2524
2623
2619
2607
2556
2518
2507
2495
2492
2478
2462
2379
2363
2309
2280
2253
2208
2150
2131
2099
2088
2046
1993
1985
1938
1918
2438
301
308
27
16
249
172
169
1558
910
1854
1657
2330
2292
2254
2031
1926
1263
1176
2616
2608
2589
2547
2502
2491
2445
2377
2264
2241
2224
2183
2151
2137
2134
2038
1954
1945
1194
1151
1414
1498
1071
1731
1474
912
940
1354
3962
3948
3943
3886
3877
3872
3851
3830
3741
3721
3692
3684
3677
3674
3651
3633
3609
3592
3577
3561
3556
3550
3540
3525
3501
3495
3456
3440
3437
862
1379
902
1896
975
1434
1050
981
1869
1550
1404
1111
1596
988
1889
1292
1748
1716
1100
935
1091
1652
1655
1432
1231
956
1874
1299
986
1664
1507
1532
1451
1227
1497
1342
1106
1831
1566
1375
999
906
1893
1871
1531
1469
1406
1275
1225
1121
944
898
1750
1712
1530
1516
1287
1207
983
1068
1052
1709
683
646
634
587
1526
1448
1104
957
679
678
644
1859
1828
1322
1311
677
663
655
653
639
630
620
618
616
609
589
584
574
1853
1630
593
645
594
549
534
508
480
451
449
433
948
545
1885
1878
1870
1786
1729
1654
1582
1565
1303
1114
1066
1032
1018
984
919
896
671
604
591
473
1882
1313
676
641
519
502
465
396
392
359
355
1699
1385
459
457
435
397
1658
1631
1616
1397
936
539
503
438
402
1645
1514
669
656
525
493
492
487
461
455
436
376
572
570
569
568
567
565
564
562
561
560
559
558
557
556
555
554
553
552
551
550
548
547
546
544
542
541
540
537
536
535
533
531
529
528
527
524
523
522
521
520
518
516
515
514
513
512
511
510
509
507
506
505
504
500
499
498
497
496
495
494
491
490
489
488
486
485
482
481
479
478
477
476
474
471
469
468
467
466
464
463
462
460
458
456
454
453
452
450
448
446
445
444
442
440
439
437
434
432
431
430
428
427
426
425
424
423
422
421
420
419
418
417
416
415
414
413
412
410
409
408
407
406
405
404
403
400
399
398
395
394
391
390
388
387
385
384
383
382
381
380
379
378
375
374
373
372
371
370
369
368
367
365
364
361
360
358
357
354
353
352
350
349
198
34
332
325
323
313
252
199
148
146
132
98
67
54
50
26
25
21
2660
2659
2658
2657
2656
2655
2654
2653
2651
2650
2649
2648
2647
2646
2644
2641
2637
2636
2635
2634
2633
2632
2631
2630
2629
2627
2626
2625
2624
2621
2620
2618
2617
2615
2614
2612
2611
2609
2604
2603
2602
2601
2600
2599
2596
2595
2594
2593
2591
2590
2588
2587
2586
2585
2582
2580
2579
2578
2577
2576
2575
2574
2573
2572
2571
2570
2569
2568
2565
2564
2563
2562
2561
2560
2558
2557
2554
2553
2552
2551
2550
2549
2548
2546
2545
2544
2541
2539
2538
2537
2536
2534
2533
2532
2531
2529
2528
2526
2525
2522
2521
2520
2519
2517
2515
2513
2512
2511
2506
2505
2504
2503
2500
2498
2497
2496
2493
2489
2488
2486
2484
2482
2480
2479
2476
2475
2474
2473
2472
2471
2470
2469
2468
2467
2466
2465
2464
2463
2461
2460
2459
2456
2455
2454
2453
2451
2450
2448
2447
2446
2444
2443
2442
2441
2439
2437
2436
2435
2434
2433
2432
2431
2430
2429
2428
2427
2423
2422
2421
2420
2419
2417
2416
2415
2413
2412
2410
2408
2405
2404
2403
2401
2400
2396
2395
2394
2393
2392
2391
2390
2389
2388
2387
2383
2382
2381
2380
2378
2374
2373
2372
2371
2370
2369
2367
2365
2364
2362
2361
2360
2359
2358
2357
2356
2355
2354
2353
2350
2348
2346
2345
2344
2343
2342
2341
2340
2338
2335
2334
2331
2329
2326
2324
2323
2322
2321
2320
2318
2317
2316
2314
2313
2312
2311
2310
2308
2307
2306
2305
2303
2300
2299
2298
2297
2296
2295
2294
2291
2290
2284
2283
2282
2278
2277
2276
2275
2274
2273
2271
2270
2265
2263
2262
2260
2259
2258
2257
2256
2255
2252
2251
2250
2249
2248
2246
2245
2244
2243
2242
2240
2238
2236
2235
2233
2231
2230
2228
2227
2226
2225
2223
2222
2221
2220
2219
2218
2217
2216
2215
2214
2213
2212
2211
2209
2207
2206
2202
2197
2195
2194
2192
2190
2189
2186
2185
2184
2182
2181
2179
2177
2176
2175
2174
2173
2172
2170
2166
2165
2163
2162
2161
2160
2159
2158
2157
2155
2152
2146
2144
2143
2142
2141
2140
2139
2136
2133
2128
2127
2124
2123
2122
2121
2120
2119
2118
2113
2112
2108
2107
2106
2105
2103
2101
2100
2098
2097
2096
2095
2093
2091
2090
2089
2085
2084
2083
2082
2079
2078
2077
2076
2075
2073
2072
2071
2070
2069
2067
2066
2064
2063
2062
2061
2060
2059
2058
2057
2056
2052
2051
2050
2049
2045
2044
2043
2040
2039
2037
2035
2034
2033
2032
2030
2029
2026
2025
2024
2021
2020
2019
2018
2017
2014
2013
2012
2011
2010
2009
2008
2007
2006
2005
2004
2003
2002
2001
2000
1999
1998
1997
1996
1995
1994
1992
1991
1990
1989
1988
1987
1986
1984
1982
1981
1979
1977
1975
1973
1972
1970
1969
1968
1967
1966
1965
1964
1963
1962
1961
1958
1957
1955
1952
1951
1950
1949
1947
1946
1944
1943
1942
1940
1939
1937
1936
1935
1933
1932
1931
1929
1928
1927
1923
1921
1917
1916
1915
1914
1913
346
345
344
342
340
339
338
337
336
335
334
333
331
328
327
326
322
320
318
317
316
315
314
312
309
307
306
304
302
300
299
298
297
295
294
293
292
291
289
288
287
285
284
283
281
280
279
277
275
274
273
272
271
270
268
267
266
264
263
261
259
258
256
254
248
247
246
245
243
242
241
239
238
237
236
235
234
233
232
231
230
229
228
227
225
224
223
222
219
216
214
213
211
210
207
206
205
204
203
202
201
200
197
195
194
193
192
190
188
187
185
183
182
181
178
176
175
173
170
167
166
165
164
162
160
156
154
152
149
145
144
142
138
137
136
135
134
133
131
130
129
126
125
124
123
122
121
120
118
117
116
115
114
113
112
111
110
109
108
106
105
104
103
102
101
96
95
94
92
90
89
88
86
85
84
82
81
80
79
78
76
75
74
73
72
71
69
68
66
65
63
62
61
60
57
56
55
53
51
48
46
45
44
43
39
37
36
35
33
32
31
30
29
24
23
22
19
14
13
11
10
9
7
6
5
4
3
2
1
2998
1880
1314
1788
909
1798
1548
1468
1378
1547
1399
1340
1164
927
1877
1799
1622
1614
1524
1196
1130
960
1597
1676
950
1136
1045
1499
1845
1754
1753
1723
1290
1075
947
526
1617
1563
1471
1420
1838
1301
1034
1579
1197
1110
1623
1211
1150
1746
1538
1445
1437
1337
1161
1006
606
1641
1590
2643
2642
2598
2597
2592
2567
2555
2543
2542
2530
2516
2510
2509
2508
2501
2458
2399
2398
2385
2384
2368
2351
2347
2336
2333
2332
2328
2327
2319
2315
2302
2293
2289
2285
2279
2268
2267
2266
2247
2239
2203
2199
2198
2196
2191
2187
2180
2169
2153
2149
2148
2138
2135
2132
2125
2117
2111
2102
2087
2081
2068
2065
2054
2053
2047
2042
2028
1959
1948
1941
1920
1842
1610
1605
1527
1390
1359
1191
1156
1898
1843
1707
1688
1609
1537
1861
1809
1741
1488
1409
1361
1334
1239
1180
980
932
921
1670
1480
1441
1048
1773
1294
1228
1088
1224
324
329
163
128
1910
1908
1907
1906
1905
1904
1903
1902
1901
1900
1899
1897
1895
1894
1892
1891
1890
1888
1887
1886
1884
1881
1879
1876
1875
1873
1872
1868
1867
1866
1865
1864
1863
1862
1860
1857
1856
1855
1851
1850
1849
1848
1847
1846
1844
1841
1840
1839
1837
1836
1835
1833
1832
1830
1829
1827
1826
1825
1824
1823
1822
1821
1820
1819
1818
1817
1816
1815
1814
1813
1812
1811
1810
1808
1807
1805
1804
1803
1802
1801
1800
1797
1796
1795
1794
1793
1792
1791
1790
1789
1787
1785
1784
1783
1782
1781
1779
1778
1777
1776
1775
1774
1772
1771
1770
1769
1768
1767
1766
1765
1764
1763
1762
1761
1760
1759
1757
1756
1755
1752
1751
1749
1747
1745
1744
1743
1742
1740
1739
1738
1737
1736
1735
1734
1733
1732
1730
1728
1727
1725
1724
1722
1721
1720
1719
1718
1717
1715
1714
1713
1711
1710
1708
1706
1705
1704
1703
1700
1698
1697
1696
1695
1694
1693
1692
1691
1689
1686
1685
1683
1682
1681
1680
1679
1677
1675
1673
1672
1671
1669
1668
1667
1665
1663
1662
1661
1660
1659
1653
1651
1650
1649
1648
1647
1646
1644
1643
1640
1639
1638
1637
1636
1635
1634
1633
1632
1629
1628
1627
1626
1625
1624
1621
1620
1619
1618
1615
1613
1612
1611
1608
1607
1606
1604
1603
1602
1601
1600
1599
1598
1595
1594
1592
1591
1589
1588
1587
1586
1585
1584
1583
1580
1578
1577
1576
1575
1574
1573
1572
1571
1570
1569
1568
1567
1564
1562
1560
1559
1557
1556
1554
1553
1551
1546
1545
1544
1543
1542
1541
1540
1539
1536
1535
1529
1525
1523
1522
1521
1520
1519
1518
1517
1515
1513
1512
1510
1509
1508
1506
1504
1503
1502
1501
1500
1496
1495
1494
1493
1492
1491
1490
1489
1487
1485
1484
1483
1482
1481
1479
1478
1476
1475
1473
1472
1470
1467
1466
1464
1463
1462
1460
1459
1458
1457
1456
1455
1454
1453
1452
1449
1447
1446
1444
1443
1442
1439
1438
1436
1435
1433
1431
1429
1428
1427
1426
1425
1424
1423
1422
1421
1418
1417
1416
1415
1413
1412
1411
1410
1408
1407
1403
1402
1401
1400
1398
1396
1395
1394
1393
1392
1391
1389
1388
1386
1383
1382
1381
1380
1377
1376
1374
1373
1372
1370
1368
