0
864
4034
1145
4006
2838
247
282
3709
3031
37
4027
3413
4024
4022
3996
3467
205
3798
43
3729
801
3808
81
1031
648
602
287
1693
191
3974
18
607
3650
2798
1690
1586
692
2168
2788
3006
608
216
2079
3935
3846
454
443
2740
1065
154
875
1560
918
3885
336
3984
228
1262
2269
2814
581
2817
3875
160
209
859
1119
215
1386
351
2106
1760
4032
244
4004
3991
4037
3999
4001
4003
4038
3983
4031
3987
3989
4014
3995
3993
4026
4021
3998
4009
4036
4030
4029
4025
4023
4020
4019
4018
4017
4016
4015
4013
4012
4011
4008
4007
4000
3997
3992
3990
3988
3986
3985
3982
3981
4028
4002
3994
3980
667
594
4035
4010
4005
852
881
717
873
879
858
887
895
894
863
893
798
733
884
812
802
796
768
712
799
788
888
716
786
832
790
736
795
892
891
886
885
877
874
872
871
870
867
866
860
811
804
746
740
889
882
878
876
861
753
761
704
715
880
826
723
809
808
803
849
869
769
759
711
845
842
814
813
737
706
770
847
833
784
742
738
734
722
690
719
890
840
815
805
800
754
748
727
726
705
696
844
807
777
765
747
730
854
850
846
841
839
837
836
831
829
825
822
821
820
818
817
816
810
806
797
794
793
791
789
785
783
782
778
776
775
773
772
771
767
763
762
758
757
756
755
751
749
744
743
741
739
735
732
731
729
728
725
724
721
720
714
710
709
708
707
702
701
700
699
698
695
694
691
689
688
856
853
848
843
838
835
834
830
828
827
824
819
792
787
781
780
779
774
766
764
760
752
745
718
713
703
697
693
687
686
823
750
851
855
883
865
3942
3447
3923
3854
3561
3955
3536
3890
868
3582
3515
3958
3801
3914
3537
3781
3882
3653
3809
3708
3571
3787
3749
3949
3606
3710
3771
3965
3910
3747
3664
3535
3665
3716
3439
3655
3844
3720
3622
3941
3953
3967
3964
3960
3920
3783
3478
3973
3866
3763
3711
3912
3768
3620
3728
3905
3812
3585
3679
3739
3595
3446
3504
3918
3616
3896
3671
3634
3630
3469
3794
3714
3933
3607
3598
3500
3754
3834
3532
3483
3690
3814
3624
3906
3855
3917
3892
3871
3541
3927
3623
3524
3668
3601
3583
3529
3937
3829
3602
3474
3443
3825
3782
3770
3969
3903
3900
3506
3907
3865
3778
3753
3715
3644
3615
3599
3662
3482
2824
2634
1915
1933
3733
3539
3956
3945
3752
3466
3947
3924
3593
3555
3895
628
467
384
2621
2651
2493
2722
3235
3686
3899
3837
3836
3675
3579
3695
3898
3581
3516
3568
3799
3755
3979
3455
3512
3769
3740
3666
3470
3722
3629
3659
857
3520
3897
3970
3452
3637
3590
3977
3976
3975
3972
3963
3959
3952
3951
3946
3940
3939
3936
3932
3931
3925
3921
3919
3915
3909
3901
3894
3893
3888
3887
3881
3879
3878
3876
3874
3870
3869
3868
3867
3863
3862
3859
3857
3856
3852
3850
3849
3848
3847
3843
3840
3839
3835
3833
3827
3826
3823
3822
3821
3819
3818
3816
3815
3813
3811
3810
3806
3805
3803
3802
3793
3792
3791
3790
3789
3786
3784
3777
3776
3774
3773
3772
3767
3766
3765
3764
3761
3759
3758
3757
3751
3745
3743
3738
3735
3732
3727
3725
3723
3719
3718
3713
3712
3707
3706
3705
3704
3701
3699
3698
3696
3694
3689
3685
3682
3680
3678
3676
3673
3663
3661
3657
3652
3648
3647
3646
3645
3643
3641
3638
3636
3632
3631
3628
3626
3617
3614
3613
3612
3610
3608
3600
3597
3591
3588
3587
3584
3580
3575
3572
3569
3567
3565
3564
3562
3560
3558
3554
3553
3551
3549
3546
3544
3543
3538
3534
3531
3530
3528
3526
3523
3519
3513
3511
3510
3509
3508
3507
3505
3499
3498
3494
3493
3490
3489
3486
3485
3479
3476
3473
3472
3468
3465
3464
3460
3459
3458
3451
3445
3442
3441
3640
3438
3817
3660
3838
3832
3762
3658
3627
3603
3542
3503
3462
3913
3845
3785
3737
3731
3730
3681
3559
3527
3497
3475
3471
3450
3125
2721
3429
2971
2316
2527
2130
2441
2577
2219
2178
2034
2256
2528
2360
2375
1924
2656
2587
2251
2439
2051
2342
2227
1922
2120
2558
2245
2035
2614
2402
2197
2129
2517
2562
2082
1930
2403
2231
2080
2478
2019
2453
2421
2041
2156
2455
2581
2213
2622
2255
2405
2335
2152
1978
1986
2490
2444
2534
2474
2397
2236
2114
1960
2591
2286
2166
2505
2488
2371
2288
2214
2023
1977
2535
2301
2261
2146
2126
2477
2363
2063
2584
2655
2586
2563
2532
2469
2386
2308
2306
2237
2220
2216
2179
2033
1979
2357
1936
2625
2601
2536
2485
2290
2287
2240
2164
2154
2150
2131
2123
2040
1963
1962
2553
2552
2500
2395
2339
2299
2275
2257
2122
2098
1966
1918
4033
3566
3487
3954
3904
3742
3726
3463
3444
3775
623
681
665
589
655
621
650
576
640
675
661
578
572
498
611
654
617
552
3268
3376
2972
2747
3375
2902
2732
3032
2899
3371
2857
2918
2816
3181
3241
3428
2688
3436
3392
3130
3388
3030
3354
3141
3097
3208
3269
3209
3197
3281
2837
3300
2851
2821
3336
3155
3128
3126
3063
3028
2935
2886
2997
2983
3131
3430
3044
2677
2987
3390
3088
2811
3227
3382
2663
3166
2955
2820
2852
2804
3431
3317
2888
2769
2710
2805
2741
3124
3122
3110
3249
3072
3399
3108
3425
3151
3199
3109
2919
3105
2861
3074
2756
3094
2841
3303
3095
3149
2867
2878
3411
3139
2789
3384
3137
3119
3098
3029
3014
2977
2726
3036
3435
3135
3123
2993
2907
2887
2794
2766
3140
3169
2840
3173
3167
2832
2911
2866
3188
3058
3013
3007
2687
3393
3312
2990
3015
3220
2967
2940
2928
2910
2810
2754
2750
2695
3323
2859
3325
3311
3417
3364
3250
3096
3065
3064
2915
2908
2896
2880
2835
2689
2673
3310
3156
2792
3099
2723
2865
2692
3184
3054
2763
2743
2683
3381
3296
3115
2939
2853
2797
3091
3423
3008
2982
2959
2889
2834
2767
3426
3387
3348
3284
3237
3142
3040
3004
3000
2943
2912
2906
2827
2800
2755
2698
2679
2666
2664
3305
3215
3349
2921
61
2440
2014
2050
2025
2658
2600
2303
2086
2067
2585
2571
2000
1950
2639
2225
1935
2645
2583
2538
2297
2004
1995
1958
201
52
464
166
167
301
51
338
279
3434
3397
3087
2828
2932
2858
2675
3373
2876
3174
3117
3085
3033
2969
2925
2920
2905
2815
2746
2680
2676
3334
3144
3069
2711
3359
3285
3203
3024
3420
3298
3086
2934
2845
2737
2962
2540
2646
2638
2631
2630
2624
2623
2619
2615
2607
2579
2578
2564
2546
2506
2492
2464
2429
2409
2374
2298
2278
2253
2210
2201
2184
2140
2118
2095
2090
2088
2073
2059
2055
2045
2043
2030
2020
1984
1983
1943
1917
1913
2520
2044
2170
2525
2142
2557
2162
2560
2358
2230
2313
2252
2378
2480
2362
2099
2542
2526
2476
2449
2427
2391
2387
2309
2147
2056
2272
2425
2318
2048
2233
2599
2627
2620
2544
2009
2001
1968
1931
1970
2641
2310
2226
1923
2572
2432
2324
2293
2274
2177
1985
2096
2566
2277
2031
2652
2344
2163
2588
2501
2243
2635
2594
2518
2377
2367
2643
2465
2445
2608
2537
2473
2379
2322
2291
2280
2232
2211
2205
2186
2032
2653
2567
2434
2235
1987
2605
2509
2338
2332
2174
2149
2133
2052
2026
2010
2893
2856
2784
2714
2697
2696
3377
2894
3152
2863
2796
3288
3239
3160
2992
2661
3321
3089
3046
3034
2772
2742
3398
3266
2768
2724
2665
3330
3297
3267
3247
3145
3132
3113
3102
2849
2712
2831
1394
3403
3345
2989
2973
2936
2793
3172
2903
3369
3415
3273
3191
3154
3051
2951
2860
2829
2739
2730
2728
2662
2882
2758
3027
2818
3341
3396
2823
2733
3344
3291
3272
3261
3182
3118
3060
2950
2783
2753
1607
3944
3491
3929
3670
3957
3926
3911
3883
3864
3860
3804
3744
3736
3717
3703
3700
3691
3669
3649
3639
3635
3605
3594
3574
3533
3518
3502
3488
3481
3457
3795
3966
3902
3702
3621
3618
3563
3484
3788
3547
3540
3522
3480
3858
3828
3683
3477
3928
3760
3674
3654
3578
3517
3779
3916
3891
3589
3889
3886
3842
3800
3721
3656
3642
3604
3586
3576
3693
3688
3611
3492
3950
3872
3672
3573
3552
3521
3496
3943
3934
3930
3908
3880
3877
3873
3797
3796
3687
3667
3625
3548
3525
3971
3968
3884
3841
3831
3824
3756
3734
3557
3514
3501
3461
3449
3448
3437
862
3938
3851
3780
3697
3596
3545
2547
2398
2385
2372
2368
2333
2327
2315
2302
2266
2028
1959
1941
3077
3389
3190
3043
2898
2875
2736
3419
3395
3340
3282
3259
3256
3219
3171
3103
2996
2942
2914
2843
2813
2791
2686
3385
3179
3057
945
1855
1176
612
588
684
663
625
605
573
2660
2659
2657
2654
2650
2648
2644
2637
2633
2632
2628
2626
2618
2613
2612
2611
2610
2609
2606
2604
2603
2602
2597
2596
2595
2593
2592
2590
2580
2576
2575
2574
2573
2570
2568
2565
2561
2559
2556
2554
2551
2550
2549
2548
2545
2541
2539
2531
2530
2524
2523
2522
2521
2519
2516
2515
2514
2513
2508
2507
2504
2503
2499
2497
2496
2495
2489
2487
2486
2484
2483
2482
2479
2472
2471
2468
2467
2466
2462
2460
2459
2457
2456
2454
2452
2450
2448
2446
2443
2442
2438
2437
2435
2433
2431
2430
2428
2426
2424
2423
2422
2420
2419
2418
2416
2415
2414
2413
2412
2411
2410
2408
2407
2406
2404
2401
2400
2396
2394
2393
2392
2390
2389
2388
2384
2383
2382
2381
2380
2376
2373
2370
2369
2366
2365
2364
2361
2359
2356
2355
2354
2353
2352
2351
2350
2349
2348
2347
2346
2345
2341
2340
2337
2336
2334
2331
2329
2326
2323
2321
2320
2317
2314
2312
2311
2307
2305
2304
2300
2296
2295
2294
2285
2281
2276
2273
2271
2270
2265
2263
2262
2260
2259
2258
2249
2248
2246
2244
2242
2238
2234
2229
2228
2224
2222
2221
2218
2217
2215
2212
2209
2208
2207
2206
2204
2202
2200
2198
2195
2194
2193
2192
2191
2190
2188
2187
2185
2182
2181
2175
2173
2172
2167
2165
2161
2160
2159
2158
2148
2145
2141
2139
2138
2137
2136
2134
2128
2125
2124
2121
2119
2116
2115
2113
2112
2110
2109
2108
2107
2105
2104
2103
2101
2100
2097
2094
2093
2092
2091
2089
2085
2084
2083
2078
2077
2076
2075
2074
2070
2069
2068
2066
2065
2064
2062
2061
2060
2058
2057
2053
2049
2047
2046
2037
2036
2029
2022
2021
2017
2016
2015
2013
2012
2011
2008
2006
2005
2002
1999
1997
1996
1994
1993
1992
1990
1989
1988
1982
1981
1980
1976
1975
1974
1973
1971
1967
1965
1964
1961
1957
1956
1954
1953
1952
1949
1946
1944
1942
1940
1938
1937
1934
1929
1928
1927
1925
1921
1919
1916
1914
534
349
671
3961
3861
3454
646
620
590
571
522
466
478
382
468
425
380
682
619
609
579
449
685
677
672
670
664
662
660
659
658
657
653
647
644
643
638
636
635
633
632
631
627
626
622
618
616
615
613
603
600
599
598
597
595
592
583
582
577
575
574
448
462
560
365
533
437
676
536
399
518
383
532
486
680
570
429
666
551
509
357
350
521
558
562
455
470
403
3003
3433
3427
3424
3422
3421
3418
3416
3414
3410
3409
3408
3407
3405
3402
3401
3400
3394
3391
3383
3380
3379
3378
3374
3372
3370
3368
3367
3365
3363
3362
3360
3358
3357
3356
3353
3352
3351
3350
3347
3346
3343
3342
3339
3338
3337
3335
3333
3332
3329
3328
3327
3326
3324
3322
3320
3318
3316
3315
3314
3313
3309
3308
3307
3306
3302
3301
3299
3294
3293
3292
3287
3286
3283
3280
3279
3278
3277
3276
3275
3274
3270
3265
3264
3262
3260
3257
3255
3254
3253
3252
3251
3246
3244
3243
3242
3240
3238
3236
3234
3232
3231
3229
3228
3226
3225
3224
3223
3221
3218
3217
3216
3214
3213
3212
3211
3210
3207
3206
3204
3202
3200
3198
3196
3195
3194
3193
3192
3189
3187
3185
3183
3180
3178
3177
3176
3175
3170
3163
3161
3159
3158
3157
3153
3150
