0
799
3998
3746
4024
2470
918
386
4032
855
801
3887
406
86
97
164
3848
2195
443
467
3846
4036
4035
4015
4012
4005
3983
4033
282
3650
1254
2483
1295
1759
157
1224
93
335
3733
4025
427
2736
276
102
3844
3704
3407
27
1383
247
356
292
3974
3808
1276
447
3729
3991
3834
2505
3993
2373
3441
1096
358
744
152
1326
1194
638
4007
1466
1854
3770
673
667
52
3159
895
3691
267
874
859
802
1657
937
832
796
749
699
301
1933
648
3037
3600
154
3885
1233
585
3682
311
1834
3606
3143
3230
2437
244
668
35
2671
3717
866
74
76
3893
3935
90
47
1027
1208
875
3798
985
3899
1240
1353
581
344
1560
2930
607
1145
333
1586
3795
1510
1579
3853
160
743
179
1394
3744
3814
3560
858
472
120
549
173
3987
253
182
70
230
46
177
572
499
453
437
498
532
3875
717
852
798
3985
4038
4027
3999
3995
4018
4009
4030
3996
3981
4037
4031
4026
4023
4022
4020
4013
4011
4006
4004
4003
4001
4021
4014
3997
3994
3980
4017
4000
3982
3986
4019
4008
3989
3988
3984
3992
4016
4002
4010
4028
4034
3990
594
4029
867
877
887
873
776
881
871
884
876
886
742
822
821
863
894
893
892
888
885
878
872
870
864
860
804
851
880
735
763
723
704
850
720
861
825
729
730
848
736
712
786
767
836
890
844
777
760
721
722
690
785
740
818
702
759
709
693
810
843
710
817
787
755
716
794
732
854
834
766
751
726
733
824
845
688
806
789
689
842
808
705
775
728
701
889
698
713
819
809
780
774
770
764
739
829
820
737
731
706
700
847
805
724
695
853
756
752
714
793
703
687
869
856
849
840
823
811
800
781
719
833
816
768
830
778
773
738
711
697
694
746
846
841
839
838
837
835
831
828
827
826
815
814
813
812
807
803
797
795
792
788
784
783
782
779
772
771
769
765
762
761
758
757
754
753
750
748
747
745
741
734
727
725
718
708
707
696
692
691
686
791
790
882
879
715
865
857
883
868
891
3894
3806
3585
3745
3536
3580
2541
2382
3742
3676
3783
3653
3787
3655
3624
3949
3812
3727
3863
3811
3549
3446
3694
3965
3504
3754
3534
3816
3458
3637
3757
3632
3539
3647
3914
3843
3866
3786
3716
3638
3513
3588
3771
2456
1937
2548
3644
3659
3626
3641
3615
3607
3979
3927
3947
3903
3933
3500
3767
3614
3461
3815
3718
3819
3904
3444
3701
3957
3910
3708
3476
3900
3564
3489
3791
3890
3833
3463
3631
3818
3810
3568
3535
3524
3827
3468
3920
3660
3768
3459
3964
3747
3668
3923
3789
3751
3720
3445
3498
3664
3587
3478
3519
3575
3499
3652
3905
3546
3531
3490
3643
3666
3602
3977
3862
3753
3710
3590
3878
3764
3970
3738
3532
3941
3895
3869
3867
3912
3906
3758
3719
3714
3569
3558
3509
3855
3822
3793
3680
3486
3975
3774
3759
3579
3465
3739
3584
3529
3663
3599
3470
3888
3657
3538
3901
3487
3865
3850
3769
3909
3763
3507
3931
3881
3630
3924
3711
3648
3506
3690
3598
3565
3967
3469
3725
3821
3582
3460
3918
3876
3715
3705
3678
3597
3472
3932
3616
3784
3864
3523
3695
3669
3613
3479
3581
3562
3915
3645
3601
3799
3557
3832
3574
3688
3522
3450
3457
3455
3271
3413
3515
3956
3752
3464
2041
2595
1961
2167
2070
1992
2015
2375
2105
2217
2130
2076
2622
2466
2170
2442
3559
3686
3603
3497
3462
3452
3518
3492
3852
3551
3505
3872
3658
3950
3760
3471
3779
3673
3916
3845
3772
3936
3907
3835
3802
3740
3713
3698
3508
3628
3707
3610
3943
3928
3889
3654
3858
3640
3785
3730
3697
3578
3976
3973
3972
3969
3963
3960
3958
3955
3952
3951
3945
3942
3940
3939
3937
3934
3921
3917
3913
3896
3892
3874
3870
3868
3857
3849
3840
3837
3836
3829
3826
3825
3823
3809
3803
3794
3792
3782
3778
3777
3776
3775
3773
3766
3765
3761
3749
3743
3737
3735
3732
3731
3728
3724
3722
3706
3699
3696
3685
3681
3679
3675
3672
3671
3665
3662
3646
3642
3639
3636
3634
3629
3627
3622
3620
3619
3617
3612
3608
3595
3593
3591
3589
3583
3572
3571
3567
3561
3555
3554
3553
3544
3543
3541
3537
3533
3530
3528
3527
3526
3511
3510
3503
3494
3493
3485
3483
3482
3477
3474
3473
3466
3451
3447
3443
3442
3439
3438
3944
3661
3635
3651
3897
3762
3488
3670
3817
3491
3926
3919
3911
3898
3883
3824
3813
3755
3741
3700
3649
3594
3517
3516
3512
3502
3481
3689
3604
3712
3683
3656
3480
3966
3860
3804
3790
3702
3605
3542
3514
3978
3667
3573
3556
3552
3520
3930
3839
3788
3938
3886
3805
3703
3266
501
3141
3053
2886
3336
3322
3131
3428
2766
3059
3121
3338
44
2769
3436
3307
3375
2971
3208
3015
2722
3262
3404
3723
3566
3859
3726
2634
1996
2262
3063
3352
3310
2687
3197
2998
3041
3308
3173
1016
2080
1965
2517
2166
1922
2016
2424
2082
2455
2017
2000
1974
2023
2044
2651
2439
2100
2397
2527
2091
2034
2650
2513
2444
2265
2219
2584
2021
2321
1915
2177
1982
2515
2490
2577
2632
2621
2431
2402
2263
2230
2227
2120
2089
1930
1977
2248
2535
2311
2094
2335
2251
2160
2575
2641
2486
2349
2255
2639
2361
2260
2562
2405
2497
2412
2156
2346
2012
2231
2288
2162
2126
2656
2357
2236
2085
2558
2129
2337
2179
2421
2446
2568
2492
1953
2124
2477
2109
2624
2272
2108
2045
1963
2539
2504
2073
2433
2046
2554
2460
2164
2122
1993
1929
2564
2546
2476
2114
2192
2011
1931
2620
2503
2220
2216
2188
2593
2376
2353
2210
2150
2131
2055
2638
2602
2601
2573
2499
2469
2374
2363
2329
2307
2244
2237
2083
2078
1984
1966
1943
2049
2474
1960
2459
2447
2618
2514
2371
2342
2256
2228
2066
2050
2435
2364
1998
2659
2084
2494
2534
2403
2193
2035
2585
2022
1991
1973
1927
2523
2388
2401
1988
2655
2590
2542
2404
2356
2308
2275
2200
2139
2115
2088
2059
2056
1971
2654
2631
2619
2586
2553
2551
2500
2485
2467
2409
2386
2381
2370
2359
2323
2309
2300
2218
2206
2190
2172
2140
2136
2123
2103
2086
2074
