107
688
3837
3980
17
3912
23
3423
2487
3787
3662
736
572
647
259
863
3580
3778
3122
3530
1890
1096
2949
157
4020
501
225
3748
2902
2861
3439
1197
785
1046
1071
3676
3856
306
3407
667
2817
2565
328
3183
2818
3807
3736
2263
3984
3898
3977
3727
177
996
2079
4005
3813
3405
3808
3453
87
3959
4021
108
190
333
1
4004
140
3955
3652
846
3647
3932
3181
68
3811
839
4032
3083
3871
3673
3197
3723
961
3200
3446
888
1145
241
1362
335
292
3632
1193
1038
1664
2736
305
2255
1317
3709
870
3269
2470
791
3917
2219
886
2545
2066
2952
955
2852
2167
1956
2094
3991
3983
2535
286
2360
154
3088
2725
4006
3989
35
155
481
3561
485
2663
3653
1157
3725
300
256
1708
64
3515
293
2437
943
3859
2747
3996
2483
3839
2685
3661
646
3006
2481
534
610
468
796
866
990
875
201
279
702
3571
608
3334
124
3854
3678
4007
3960
282
2709
1403
893
622
81
3879
1834
872
12
2691
3855
2106
47
2358
3190
216
1133
3888
851
406
1061
1805
2382
2721
2113
1792
138
3371
652
1856
1176
3953
593
3771
621
979
3701
3476
2760
895
349
112
638
3139
2789
3229
2041
614
585
2515
1607
3685
49
899
1262
2857
1631
2804
2734
3466
3861
343
3997
2230
4017
3159
3700
3502
3649
3883
3581
2621
3789
3923
885
258
206
221
297
1915
1693
69
401
207
265
274
165
30
123
132
2572
144
318
184
298
2251
191
316
195
303
3769
2957
775
2000
310
280
229
176
164
145
139
1248
1701
1316
51
3127
594
1830
584
1030
3616
889
1244
3717
399
1982
198
1594
2798
454
382
1801
668
656
2321
4027
963
2178
2886
2584
541
3171
3749
1187
3575
3294
2926
3412
873
2975
3582
3053
3936
3218
2799
2802
3963
571
3153
3563
1776
2380
244
3650
160
1151
264
2895
1759
1430
37
891
648
1042
1476
1731
235
1389
3666
3805
3970
618
287
2453
663
1908
590
1162
1384
467
3691
1646
802
3935
788
746
850
440
749
3574
3441
1224
386
435
1477
2166
3751
413
2281
3928
3798
2699
2270
2752
2693
1234
1582
865
2703
3597
1710
3244
4022
2528
1461
70
1812
2
1526
2562
554
219
262
3934
131
99
1838
34
1575
2357
1762
299
869
859
2766
639
1581
217
2811
447
270
2524
887
3765
2769
3310
2860
516
1490
786
1094
1455
327
321
247
3548
1434
1253
1251
61
565
1105
1188
852
923
2051
1695
234
3507
2808
1629
2522
2998
2105
250
223
855
623
3671
721
1450
1186
95
1200
294
1853
3389
3784
179
3755
2596
1990
3044
3688
3925
1852
1907
3816
3210
405
3940
3133
1424
2677
660
3398
2587
868
491
3823
3523
1414
3012
3911
625
950
892
3392
1930
3827
4016
2963
3268
3660
821
1445
100
607
2658
360
3897
3135
1433
4028
2922
210
3307
3346
832
3527
3375
918
3048
3329
3619
1093
22
2310
2888
1892
2823
3444
3163
1585
3428
3846
2842
1711
814
3744
755
3370
890
699
1297
222
3820
871
233
826
202
2523
2855
90
1486
71
3956
411
33
3694
3796
3457
307
657
3739
3071
2795
1119
3952
1840
3919
2008
2141
289
778
1023
464
2746
2876
3202
3704
3638
2682
3130
3903
260
3818
3543
2678
427
3715
267
182
3777
93
52
377
1053
2195
3865
2791
76
1510
761
2824
383
3946
3730
3741
2015
3522
3885
3161
153
744
466
629
3987
336
3357
704
986
3503
3534
3418
2885
4009
4012
1002
3520
3853
1527
2014
3992
4035
3761
3323
3438
3665
1546
2774
613
1579
3167
32
798
1301
2175
1270
3746
4025
3669
2424
3703
3361
1674
1534
1601
1822
1654
3010
1247
220
147
2903
3309
3008
2972
3325
3283
2959
3318
1960
771
666
1566
1150
1127
1657
3894
3359
3425
3376
2034
2017
948
1858
1045
1043
1368
1254
937
2632
2548
2313
1240
142
121
85
877
3720
2439
44
111
337
41
1057
3045
2978
3059
3708
3910
480
540
2614
2450
2962
3091
1865
1911
1863
437
532
3248
3072
3531
3949
3037
574
1562
1889
956
1138
3655
3539
3965
3759
3774
3757
3579
3519
3465
3675
714
193
8
3222
894
767
806
3908
3312
1189
1168
2204
2421
174
19
3958
3566
189
73
130
3657
3567
3857
3819
3300
2899
3612
429
354
4011
2688
2238
2301
2634
861
804
882
2256
2214
3538
3227
1087
2207
2444
2622
2486
2170
2401
2320
1992
2076
1988
2426
1896
3698
3598
3840
3508
115
192
878
3682
3549
3624
3863
3216
3105
1780
3504
3743
3336
3126
689
768
733
732
3513
3937
116
4018
3993
4023
4031
4000
3995
54
323
133
62
149
96
3986
4014
246
7
340
3308
86
46
3606
3663
3639
2700
27
38
208
324
101
242
197
339
188
238
60
254
92
284
178
84
186
231
63
29
347
156
211
334
285
317
196
159
344
251
127
345
109
82
55
25
342
276
203
341
224
128
105
75
308
304
122
88
311
338
39
315
261
170
146
79
214
162
67
57
313
98
212
21
322
169
104
66
141
172
56
9
329
332
185
31
3
277
271
252
200
199
119
20
290
213
326
14
236
325
272
232
158
113
72
26
59
53
312
309
295
291
281
275
257
239
226
209
194
168
118
78
48
43
40
28
13
6
346
0
80
4
181
1586
1194
1111
909
3699
3799
3848
3141
3354
3180
2732
278
227
351
564
441
476
364
393
4037
3998
4002
3063
2933
3322
3128
2999
3066
3155
2997
2983
1627
1027
3551
3487
3961
3271
3939
3546
3922
3536
3679
3905
3490
3585
110
245
91
600
675
650
640
665
659
582
576
627
632
599
595
681
643
635
577
661
578
628
583
670
662
658
615
379
818
789
742
691
822
3745
3814
1961
2245
2982
2879
3314
2889
3382
2670
2834
263
151
36
126
175
268
148
183
89
180
24
150
135
94
283
266
243
215
187
166
152
117
114
42
204
10
331
249
161
5
50
103
45
296
253
230
143
106
228
288
330
302
237
319
301
248
167
314
134
3541
3892
3595
3628
3473
3868
3874
102
129
384
649
16
173
163
320
125
120
218
77
65
137
269
255
273
3981
4019
4003
3988
4029
4008
3994
3999
3982
4026
4030
4015
3985
4024
4034
4013
4010
3714
3766
3878
3464
3620
3821
3452
3776
3913
3617
3969
3711
3535
3547
3975
3654
3559
3552
3972
3668
3931
3459
3860
3838
3785
3454
3867
3696
3731
3540
3752
3460
3645
3601
3690
3569
3493
3648
3646
3719
3524
3591
3772
857
3845
3681
3750
3618
3670
3893
3518
3902
3651
3943
3697
3573
3906
3763
3915
3951
3469
3825
3866
3764
3689
3604
3525
3760
3858
3445
3707
3605
3726
3815
3767
3641
3967
3478
3921
3475
3640
3800
3611
3491
3833
3623
3614
3506
3843
3643
3499
3924
3900
3782
3558
3463
3706
3718
3968
3841
3880
3828
3797
3790
3674
3586
3971
3873
3872
3889
3884
3677
3625
3557
3480
3964
3795
3609
3533
3512
3851
3667
3633
3556
3471
3824
3576
3497
3449
3877
3756
3440
1178
3966
3501
3826
3810
3829
3554
3532
3474
3593
3510
3927
3568
3948
3721
3627
3488
3962
3514
3450
3804
3687
3528
3738
3713
3907
3470
3933
3920
3740
3926
3891
3762
3461
3448
3794
3758
3896
3869
3680
3947
3786
3705
3458
3496
3692
3596
3456
3779
3938
3836
3929
3830
3684
3545
1085
3950
3737
3495
3584
3634
3468
3702
3672
3542
3754
3862
3599
3918
3587
3500
3901
3941
3526
3976
3957
3944
3930
3916
3822
3806
3793
3792
3788
3775
3716
3693
3642
3635
3603
3577
3550
3537
3529
3509
3483
3481
3447
3498
3664
3590
3791
3850
3835
3442
3437
3728
3615
3809
3747
3753
3710
3629
3802
3607
3505
3482
3553
3521
3472
3899
3564
3735
3636
3600
3870
3511
3583
3909
3644
3462
3773
3608
3803
3945
3686
3484
3683
3780
3602
3831
3722
3881
3817
3578
3979
3659
3847
3734
3886
3852
3978
3973
3914
3834
3770
3768
3724
3621
3589
3560
3555
3516
3489
3486
3455
3443
3842
3613
3485
3594
862
3656
3479
3630
3494
3658
3832
3712
3626
3622
3588
3572
3517
3637
3492
3544
3467
3610
3849
3942
3904
3781
3631
3477
3562
3895
3783
3729
3695
3592
3954
3876
1165
1088
3887
3844
3801
3565
3882
3890
3742
3733
3864
3732
3812
1825
1274
803
737
766
758
720
876
837
715
696
730
844
805
783
725
734
711
849
787
697
722
838
747
831
738
817
797
762
713
772
793
708
829
827
695
815
694
784
763
748
765
759
754
709
881
703
820
819
810
773
705
718
800
719
700
836
807
781
842
795
777
760
752
830
824
843
779
739
840
701
687
811
847
774
706
854
770
728
848
799
879
858
856
753
834
812
764
745
741
724
723
853
835
825
823
794
780
769
751
731
727
716
698
693
828
686
845
809
792
756
801
726
880
808
833
707
813
867
782
729
816
757
750
710
864
883
743
874
740
776
690
712
735
790
692
884
841
717
860
3570
240
2173
2129
2497
2152
2402
2260
2158
2413
2494
2012
2534
1978
2540
2231
1922
2027
2488
2016
2613
2580
2440
2146
2480
1936
2049
2474
2021
2036
2023
2459
205
97
18
2024
2627
2001
2412
2513
2383
2288
2349
2286
2234
2341
2448
2193
1935
2202
2022
1991
2576
2186
2227
2373
2065
2208
2371
2335
1949
2639
2427
2201
1999
2018
1928
2636
2365
1998
1968
2647
2645
1914
2225
2311
2536
2418
2055
2462
2646
2258
1966
1951
2159
1958
1921
1919
2206
2104
2229
1963
2574
2564
2507
2045
2539
2499
2086
2654
2623
2253
2179
2069
2030
2631
2578
2190
2060
2433
2329
1977
2316
1933
2644
2236
2107
3401
2870
2280
2096
2314
2296
2272
2215
2502
2145
1965
2514
2291
2205
2478
2099
2278
2318
2114
2397
2392
2048
1984
2298
2628
2119
2570
2416
2135
1944
2575
2484
2348
2172
2425
2432
2209
2221
2530
2334
2142
2093
2210
2254
2379
2367
2366
2609
2325
2465
2389
2192
1923
2475
2303
2058
2246
2345
2585
2116
2458
2243
2029
2259
2337
2660
2657
2160
2650
2362
2182
2261
2092
2309
2563
2550
2446
2423
2306
2213
2147
2606
2374
2353
2300
2165
2108
2040
2601
2137
2112
2592
2504
2150
1925
2284
2171
2467
2164
2078
2073
2033
1943
1942
2611
2403
2248
2368
2546
2492
2063
2044
1983
1924
2404
2391
2056
2019
2552
2549
2521
2276
2220
2083
2043
1986
2531
2410
2656
2456
2317
2100
2089
2035
1975
1934
2544
2324
2640
2633
2050
1972
2590
2551
