1912
107
2140
2604
2553
1684
1663
2638
2356
2654
2655
2244
925
1718
1799
2133
1620
2376
2073
1227
2074
1720
3116
1622
2475
686
1612
1132
1985
1334
1941
3396
2464
414
2199
1160
3437
2236
2500
1786
1256
2617
2461
3280
967
2068
2347
1156
2607
1589
1773
2086
3633
2033
2739
2482
1691
946
1922
3837
2737
1702
1205
2937
3577
239
2241
1749
2422
2400
1326
3038
3951
1291
1433
2460
2243
353
34
0
1539
3154
2796
1115
1668
1331
1348
1730
2253
1609
2131
2804
2606
1626
1557
3291
3419
2332
653
553
2928
2141
2224
184
2839
681
3750
942
1380
969
773
1550
1366
663
643
503
1230
1971
2880
1926
2478
2272
3348
2001
1636
1479
1047
2914
478
2268
2289
44
2169
1833
1314
2727
1959
996
2786
495
2698
1067
1359
1872
1232
748
2720
2161
2312
2281
3034
102
3240
2456
775
1549
1029
3090
2057
3493
2107
11
2738
3059
1529
1116
1632
475
2382
1108
3456
3938
24
3288
3959
3337
3252
3192
1261
482
2602
2445
905
2061
2573
2326
3843
3498
483
2082
1735
3923
1822
2755
1683
325
1677
469
42
83
1424
2632
1360
1861
1584
432
366
810
95
3351
1307
137
1774
2771
464
277
2675
2483
297
1939
2255
2097
3788
2684
3849
1566
468
1839
725
1504
1675
2262
400
2647
1934
930
1588
2869
916
3856
1542
1635
1986
2139
2319
3473
2064
2126
1515
3841
1140
1823
3098
2185
3114
3025
2333
1526
1458
2748
2509
1721
2449
2927
3301
1437
499
1181
980
983
1101
2194
2533
2797
2752
1252
371
2300
3369
3518
3794
2667
304
3610
732
2374
502
3937
708
862
1523
1223
3648
1189
3971
593
2656
3387
1095
427
517
1077
3517
666
776
2572
2441
335
2788
3561
2565
327
451
953
3725
2442
3147
3957
394
830
61
3078
3218
1780
3523
1528
1866
902
1279
259
3450
2814
3292
2330
292
379
3172
3210
2373
1897
322
3501
1444
3589
1690
3089
3458
1885
1413
623
582
1708
1489
770
3365
2769
2260
3879
755
3688
372
142
1936
1161
3258
1446
3463
3255
2465
1092
2881
3486
2765
2215
2331
2549
2875
3426
3004
2440
2624
404
2282
2201
1829
962
3005
473
99
1902
1605
2450
1522
3819
1246
717
2006
1779
3416
1164
600
2379
1754
2781
1601
2966
2987
1245
367
1320
3765
2352
3775
563
981
3267
1497
3297
3867
3877
334
1258
3503
1686
1770
3009
2729
2392
256
2444
2625
194
2948
2398
2493
1624
2692
2091
223
1671
1828
1465
2799
1066
2494
847
3020
3423
3003
3898
575
3769
88
2378
1642
677
868
1980
3504
3037
2733
3827
2557
2563
16
3500
651
1034
2426
2145
3398
1874
754
2704
15
3892
1265
224
496
171
3304
75
665
3999
1818
1776
3851
329
3000
3420
2540
2039
2157
3603
3380
2503
1364
1319
1836
3635
3055
2661
2904
1714
1269
3654
3002
1002
3223
278
3239
3623
2353
3729
2710
985
3569
2758
3602
2467
3847
2670
2155
1871
4010
761
1404
3508
2730
447
652
1104
656
3068
2406
3424
2018
3264
695
128
2399
2311
2188
1650
1436
3379
1120
2717
536
3185
424
3524
3227
2371
3755
4017
39
2840
1687
32
820
81
3854
3912
315
308
975
2620
411
3407
1956
506
3945
2375
3684
456
1673
1514
1540
758
2109
3667
3969
406
3327
2414
2078
1167
2183
1046
3444
1484
1124
3324
941
1688
3700
412
3188
1766
2233
3821
3435
3096
3678
649
781
2944
1471
1656
3475
245
2413
1962
945
3177
3067
1432
1610
1201
2367
3756
3173
1013
2009
784
1250
3910
1990
2225
747
23
1801
57
1611
2793
804
1709
2650
1377
3680
3283
201
1024
3798
3789
3199
1241
1283
768
1073
3448
3777
3560
3749
163
1573
3616
3655
936
1282
1224
3521
3109
1055
2137
3247
3702
2964
3630
2167
767
3143
3963
636
3362
2862
37
3872
3859
3787
3029
1053
1843
641
3863
1109
3335
3345
196
82
3093
2438
2196
894
2222
29
703
3193
2807
935
3217
1507
3484
3649
2350
387
1384
809
2825
2066
3151
2747
2784
3113
1789
2843
310
179
3976
3716
726
1202
2219
1824
2251
1587
1033
1190
3370
891
2826
3997
3215
2221
2357
940
3686
125
2831
3467
1372
3063
3627
3367
1178
2865
3469
457
1105
1531
3328
796
1461
585
3741
1144
3516
3858
1651
1607
2100
3231
2829
2802
199
3430
3001
3509
3758
2707
1440
3397
618
1014
3882
2718
1447
1652
2083
3539
2165
1464
257
1659
3850
2476
2893
440
527
3621
2014
3953
2587
302
795
724
121
3039
2864
116
2787
2436
313
2660
2171
3366
1082
1459
1923
1473
1324
1997
3045
177
1831
2939
3604
3140
2173
2890
40
883
331
382
3470
3261
2417
53
3581
2795
2420
3664
1674
750
611
535
2038
798
346
2309
1955
2609
443
2242
402
3606
516
3555
586
1787
2473
2794
970
3244
1734
1280
3343
1697
1764
628
1594
645
559
3033
3399
3829
3711
1966
1438
1880
2407
700
2247
3692
3531
1127
14
2175
2035
3764
80
1050
3287
3943
275
188
2735
2662
3853
1533
1229
2883
1019
2998
1394
1841
3615
815
1088
1040
877
3040
106
3506
1397
654
321
1869
3030
2119
1909
3197
3806
2481
2524
3889
2728
1644
848
450
3363
1217
3189
3477
3171
247
2785
2790
2337
2583
1695
1174
2129
2910
3026
1567
3161
2968
1051
78
2299
2168
1176
2512
2809
1805
2621
1924
814
2976
590
3860
3669
1755
1586
882
3707
1903
1381
1784
2672
948
991
3650
580
2210
3994
3846
806
2923
3100
3141
1466
2834
3249
569
3512
2041
2343
232
1802
2297
3661
176
3579
2584
2517
2808
2682
1900
692
1757
3402
3689
629
2713
1121
1692
886
96
3352
1889
2811
857
2094
3483
260
2768
1200
494
601
492
2393
818
1552
217
1558
359
2459
1508
707
1408
3566
558
3382
2195
87
3731
919
4025
4012
347
760
3575
3166
1527
225
3007
301
3080
757
1268
2329
4020
103
1264
1208
1138
2754
2202
2913
498
1165
1414
3652
3061
500
929
3767
838
3690
462
801
73
64
2622
90
2439
72
3871
110
112
1486
658
602
2959
162
2979
449
274
2548
148
1234
2636
1385
2177
3983
3087
789
950
1332
2519
2676
782
3232
1021
1798
2228
1236
1090
1954
2615
1157
1285
634
515
2530
2502
2597
2044
743
398
3433
2037
1143
2645
2012
624
1212
2391
3442
2090
1184
1771
1305
2994
3062
3811
853
3780
1904
522
3982
1545
1119
608
3935
1877
2514
1070
203
2191
3928
285
1123
3360
584
1452
1374
1278
2528
3438
1554
3591
3617
55
1211
1647
800
1867
1810
1091
1392
3656
3813
2581
3896
1700
1220
3714
2212
3562
2694
2389
3164
1476
3770
3135
772
3238
2263
3993
1544
2124
3519
524
2981
560
1524
2918
2117
3753
2160
2028
1977
878
4005
3625
3480
3979
3634
1743
3074
3816
3884
2626
635
2022
792
357
59
3808
1035
512
2908
2900
2724
202
2980
135
3414
3459
3268
3492
3136
3786
1260
3409
3915
3553
3751
3356
1286
3529
3464
309
1710
2504
127
3169
1403
1581
94
3895
3728
794
3121
1488
3336
250
2534
2696
1911
2700
3796
2230
1792
566
3874
3538
2541
2544
2513
2049
1649
3204
3818
871
619
212
2152
3626
903
1821
1087
3476
3605
2772
1509
1648
3761
2800
1197
3533
2988
3107
1510
924
1719
3885
3968
1387
3802
2256
1249
448
1151
899
876
3565
2688
2725
1520
2816
873
926
1543
195
2280
2850
1057
783
2995
3496
2235
2003
696
1363
1907
1579
1478
205
3125
384
3717
160
3875
2102
3568
97
2691
2383
138
3183
715
1901
3909
2845
3133
1741
821
2516
1616
734
236
3266
3259
1783
595
1963
3393
3120
132
1501
197
3628
3704
2522
655
1576
622
2868
2895
1031
1711
422
66
861
605
1270
844
490
2687
824
305
2963
2933
1825
682
3081
3727
3502
187
816
2614
1254
2149
3804
788
662
607
1027
1068
2051
893
2969
3679
2943
2265
3245
702
2252
2472
2498
2085
914
895
574
3803
1449
609
1834
3583
3235
518
3594
2025
33
3673
170
3651
1162
1696
1044
4035
1887
413
3639
2878
3024
674
617
2515
3053
907
2685
1619
2852
3052
3323
420
2361
1809
3950
571
1175
3936
3941
741
84
3996
1056
2838
3428
65
133
22
3248
168
4034
1134
3305
1490
1390
1483
3054
1154
4014
992
2950
1832
1093
1293
284
3282
3763
486
1525
2384
2166
1423
1778
2977
2623
764
3734
1242
1891
1430
3260
1135
2081
425
1920
442
2388
2190
1585
525
5
2529
2582
1228
2628
1495
3130
1537
2764
548
2648
2004
3211
1020
3373
1218
2619
3840
2828
1405
3785
3545
291
161
543
1122
1248
2159
1512
2269
360
1001
2418
3774
1263
1450
829
555
3170
4023
1271
1982
3332
633
120
114
1591
2542
154
2945
1960
1421
339
2499
294
2501
866
49
3270
2985
3899
965
459
1583
1097
3191
67
152
1492
3499
3308
20
1043
2616
314
839
3620
3810
3554
1894
676
3316
415
2455
1664
355
2580
2345
2144
3138
2630
1393
2610
620
198
180
3710
30
118
4003
2891
2763
3800
875
3672
2849
1453
943
2295
1681
1428
4008
2205
769
2421
2192
3230
2932
745
54
393
2070
2562
337
272
1937
1025
722
3490
2753
1604
1474
3958
2947
1950
2970
3295
3919
1281
3457
3236
3124
957
3584
1655
3350
3932
1214
2665
3035
2021
3904
2349
1415
1386
1496
3375
1854
668
317
2686
2293
2860
1905
1204
385
1442
3949
1768
1130
3318
1276
1712
1075
1851
3214
2926
3206
92
687
3058
819
1375
1185
2848
3462
1335
488
1715
164
2922
2579
98
1239
318
1534
927
3022
842
599
3246
2050
2599
1342
2370
2536
434
3865
1553
648
3567
3676
1065
2612
3443
864
1562
832
2204
1177
1422
3947
153
1262
831
3991
744
2651
3618
2836
3791
1863
1881
1000
21
298
3768
1114
2209
3289
2857
7
3440
933
3281
1337
1049
3220
1728
2770
68
3861
565
3241
3418
175
2490
904
1689
3520
3148
1772
3376
3926
1313
3607
2052
2317
2360
3006
1996
4036
2671
1203
1999
2822
365
3548
3465
2641
1747
2894
3772
2346
3103
1171
664
2935
410
1883
1166
1275
964
1412
2005
3546
491
869
3887
2712
3783
350
3312
1333
446
13
529
207
863
4033
1840
966
613
300
2505
835
2043
2479
17
545
3744
3425
2887
426
2958
3988
1847
2954
2216
10
3406
1017
2480
1896
144
2568
1705
2366
1580
109
568
3807
723
909
3645
978
2989
3697
3611
3494
3888
3790
657
8
35
540
1615
1532
3123
1814
1930
3479
2106
542
1882
3653
3940
4018
4001
3540
813
1106
3359
3015
158
71
2783
581
603
3970
3242
3641
19
4038
460
532
3612
1267
2415
3547
3956
3733
3748
349
3922
531
2666
3815
1080
759
787
3482
1627
1775
2844
671
3322
1180
2705
3310
1969
1661
880
279
735
979
209
227
3824
429
3299
1139
1131
2435
2231
3225
3558
2115
3275
650
576
1597
1639
753
3146
1765
1216
1303
993
774
1226
3321
178
1309
41
989
1812
1225
680
546
752
2024
3298
2055
3196
2368
790
430
1940
2344
3497
3084
445
3452
3175
4021
2931
2896
1300
261
58
3571
1063
397
3075
2045
1298
389
1769
1376
1028
2425
2163
3226
2689
1634
551
1660
1402
3902
3913
2452
3848
1455
639
25
1475
108
3925
3404
778
756
1868
1016
3622
3793
3601
1373
1753
1196
3174
2757
1361
3528
2158
3743
791
1159
1630
3965
2934
3838
1069
3572
139
3460
3752
3162
268
3446
3412
3544
1064
2817
3636
2351
3556
720
2756
131
2088
3417
1777
2321
2048
1932
1325
1100
709
306
2991
1645
592
3461
3131
9
2026
539
3069
1010
3831
1852
528
3644
1748
2334
344
2348
2207
3721
2595
479
2058
2285
182
3876
826
1919
2640
3400
874
1693
587
493
1274
508
1354
1965
3973
678
1795
18
1058
3112
79
4015
3427
1572
1153
417
2596
283
1942
3233
2711
2067
2182
2847
3828
889
2558
647
2203
1170
3097
638
3536
3995
1910
191
1803
2639
2813
2871
872
3624
3905
1815
3754
856
3108
3682
3194
1117
1062
3432
3588
3265
1640
1555
2593
3349
901
1895
2339
262
2820
3718
3759
210
683
3637
3311
3535
3582
1758
1147
370
2047
2653
1089
2559
3647
2432
577
2322
281
1701
3421
2403
48
1137
2903
1949
850
2545
2961
1680
961
4019
3809
3319
701
2130
299
610
3094
2305
2424
3670
1429
1618
923
2258
573
399
3709
487
2098
588
