107
824
3604
98
3207
4019
3757
3771
2889
3739
868
116
1657
2442
3982
464
4025
1755
753
1546
1038
1792
2805
1111
1071
3746
1276
3751
3748
3819
4036
1043
3997
19
184
571
1031
306
1157
1061
3535
3662
884
37
585
564
1301
384
704
2834
2979
46
2382
652
97
1627
3689
1240
337
2439
3562
3
2505
3823
1295
3699
1892
3513
712
3704
2349
791
219
3925
3653
3664
3875
32
2269
3375
1838
816
1177
1452
283
1353
3913
181
600
135
744
278
4002
1403
979
778
3432
208
581
876
4016
3988
4003
879
1776
23
1194
831
3657
1206
358
667
855
2952
3143
3566
2541
691
859
923
3585
491
1905
3929
3856
3520
145
73
470
663
3507
2422
660
4001
244
254
201
3703
3509
864
3626
3376
549
3402
3686
237
3092
2850
405
3338
2933
3459
799
3317
3197
2441
3254
2884
76
3613
1065
3606
3205
3443
3130
961
1407
3447
2105
3537
210
2
2008
639
2923
253
245
3652
416
1775
2980
1442
674
1362
377
3270
3452
3655
1924
692
443
1777
607
3840
327
3059
1233
3993
3632
529
3694
1090
2744
1050
1642
554
881
275
3544
761
1762
480
3709
1759
3266
1263
920
3125
3953
664
243
887
1937
3872
3530
2895
854
290
2066
3688
3904
1930
3181
1208
2079
311
2527
1552
1607
202
3503
3180
534
1251
193
117
12
2595
126
343
3515
2632
68
631
2975
5
1674
317
1856
1127
453
2651
1933
2799
3216
3427
478
3401
3654
54
180
274
621
3045
594
690
468
863
4020
296
86
628
821
595
421
448
662
647
657
640
3854
328
228
3668
3500
2195
154
1992
2170
844
3865
2650
259
850
822
1493
1333
1837
1890
785
216
1514
298
85
3666
3695
3006
3649
1934
2051
756
270
1956
2822
2572
779
552
399
574
3388
825
3811
3624
3446
2173
240
937
3532
2493
1641
251
284
3827
220
312
226
279
326
151
1143
111
289
3644
786
95
1599
99
3983
4018
1016
2568
393
3743
3466
3846
1253
3015
2814
1197
970
194
92
2922
700
3943
258
928
3998
617
569
3889
702
677
3467
1854
3857
2959
530
974
3314
318
3318
3309
2879
2740
401
24
1510
4021
2817
3445
1500
2816
3899
3837
3759
3675
3975
3836
379
3465
3939
3770
3992
121
4017
4014
4008
221
803
3354
4031
1108
1840
4029
4024
4015
4006
204
1767
4035
3999
699
2886
1055
3300
3457
3583
1564
229
949
1664
2769
3202
3105
2710
316
1171
2775
2761
2745
2891
1151
907
3014
3294
2692
3055
3319
3346
3171
3356
2737
3289
3843
2858
2998
3157
2736
3175
3405
2876
27
3418
2957
2801
2739
3016
3079
2013
3109
3067
3373
2783
3436
3308
3241
3227
3044
2999
2967
3122
2818
2790
2687
3061
3088
3196
3156
2958
2401
2711
2014
2734
2802
3048
2686
3235
3985
2177
3333
2100
1356
390
3690
1395
3268
2168
2545
3661
1058
3374
3310
757
572
669
2930
3127
2380
3472
608
2803
3696
3944
222
2025
3924
1419
1848
3941
2779
2015
1190
3766
720
1134
60
469
3323
1506
2523
2565
3712
3736
3474
38
2517
3910
3489
1697
28
47
1865
2094
668
682
2634
856
624
179
16
3772
1252
870
427
3529
123
802
911
2263
3844
3429
1490
3504
1492
78
2260
1430
2569
69
3646
659
267
51
411
504
297
3780
2437
3795
3816
634
3801
849
3031
851
2618
3550
1248
2878
1677
602
2265
1147
633
885
762
950
711
3514
3451
2868
1708
4010
725
891
1152
3565
1773
3839
540
410
1869
2584
1693
3958
798
329
494
1168
3491
3580
2425
3954
1719
2857
2531
2842
1592
2156
1631
2182
430
2481
3030
3470
49
105
102
157
20
3864
528
2596
1060
241
1455
3897
268
3977
1115
2820
301
1558
269
3368
1498
656
486
3071
2486
3796
613
1731
2746
90
3408
1270
3477
721
1476
2792
3969
819
235
730
287
2855
3820
3895
985
2808
232
533
3718
2358
2012
743
498
1008
1654
3638
3882
2413
2389
638
2373
3597
3908
3942
3043
3777
2514
3735
774
2450
3282
3885
2647
349
489
715
587
788
3805
4026
2898
1670
4012
1743
3932
2277
3763
3479
3732
1089
3620
3444
3269
2023
66
74
3792
433
3733
1593
839
846
2644
335
1033
2106
3217
733
996
926
994
2219
1579
2453
160
207
841
3802
3003
558
612
3729
350
877
1829
1653
55
535
165
1991
701
866
3936
722
1700
962
3691
1042
1220
1136
543
2245
3603
892
708
611
685
3637
3716
490
3607
84
1046
3917
1094
1073
1466
3647
198
3722
39
100
3769
2571
3627
622
625
645
2204
2034
3525
444
1660
2129
3630
2421
1996
2158
783
793
739
3719
3598
3698
3622
3803
2693
3081
3050
3340
2826
171
3494
3095
3139
1513
1434
1266
4027
770
763
3579
1855
1785
1529
3538
386
2972
644
620
1328
1433
1421
1866
299
501
1138
3482
36
3564
3468
3623
2497
2403
3814
3549
476
1648
1097
2466
2513
2255
3478
3960
3747
3920
3761
583
635
665
615
302
1000
584
71
230
144
214
14
1
88
77
61
1144
173
1057
1053
1499
132
2503
2286
3861
3358
3487
3916
3659
3610
3950
589
449
218
273
871
811
698
2903
1264
1725
1228
319
437
2207
3967
3776
3783
383
8
3887
2360
2342
2089
2570
2789
3510
3554
3278
3727
3516
3919
3581
3409
3343
3200
2776
3053
2861
3812
2997
3012
2926
3909
3714
3591
3755
53
282
3555
3656
446
3679
1193
1387
1297
3892
3868
1586
155
861
804
2760
3057
812
1562
227
225
599
578
582
650
577
661
643
681
632
670
627
152
195
1568
833
768
789
1701
1087
310
93
3720
147
89
2320
2515
2444
2622
2076
767
689
714
3439
1896
1232
1798
1747
1137
938
1319
1733
1880
1424
1802
1548
1371
958
903
1895
1787
1629
1601
1186
1378
992
1363
1118
1533
963
901
1154
3539
3956
72
122
3523
3883
3898
3594
2230
2313
2528
2448
2113
2217
2375
167
1027
177
1758
3222
2964
2882
3325
3383
1088
364
441
454
3682
3949
3745
3536
3905
3546
3863
3499
1410
1676
1178
1165
127
281
115
44
70
41
307
6
138
143
174
175
4009
4034
3981
3980
4030
956
1889
3912
3874
3595
3547
3628
3923
1368
955
909
1030
1788
2983
1477
1450
1411
1140
990
1666
769
889
886
729
3990
4007
4023
3986
124
3871
3725
3567
3473
3541
3283
3423
2699
3008
2703
2982
3382
2670
3155
3855
3490
3531
3634
3519
3965
3957
3476
3571
3774
4038
4037
4004
3994
3995
4033
3996
4011
4013
3989
3392
1656
2949
1585
3430
2767
3322
3229
2899
2978
3414
3064
3303
3337
3279
3083
2677
3286
2883
1822
3290
3394
3231
2726
3010
2807
3400
2987
2766
3163
3399
3250
3234
2854
2782
3119
2929
2731
2835
2905
2717
3054
3364
2851
3417
2931
2837
3158
2893
3164
1726
3018
3214
3208
3020
2747
3052
3228
2810
2764
2813
3166
3137
3042
2663
2827
2669
3348
3193
3329
2773
2806
2694
2673
2664
3123
3220
3040
3084
3078
3174
2953
2924
2912
2681
2800
2915
2864
3238
3184
2676
2755
3098
3096
2777
3029
2928
2940
2920
2909
2815
3293
3195
3047
3026
2666
2706
3435
3304
3142
2927
2988
2897
2873
2754
2908
2821
2756
2985
2741
2738
2749
3426
3363
3023
2986
2763
3117
3108
2913
3114
3085
3036
2689
2943
3257
3080
3025
2981
2887
2679
3424
3107
2685
3236
3062
2762
2667
2771
2721
3385
2701
2795
2832
2700
3149
3033
2925
2839
3027
3210
1534
3295
2845
3069
3276
3312
2948
3425
3362
3237
2890
2966
2911
2872
2698
2680
3226
3056
2916
2705
3211
2768
3328
3090
2993
2877
2866
2683
2961
3433
3324
3232
3104
3022
3004
3000
2956
2880
2786
3387
3213
3065
2969
2945
2919
2917
2906
2896
2862
2757
2750
3284
3135
3301
3243
3073
2974
2910
2743
2907
2729
2723
3173
3162
2841
3379
3068
2831
2709
2830
3371
3133
3353
3178
3177
3264
3244
3032
2843
2947
2860
3331
2690
3190
2954
3246
2759
2955
3273
2968
2962
2918
2784
3219
3176
3100
2707
3110
3410
3102
3259
2844
2718
2946
2702
3203
3361
3380
3086
2892
2829
2724
2668
3001
2714
3191
3393
2871
2751
3355
2942
3390
3384
3341
3339
3230
3209
3129
3126
3072
3058
3024
2996
2994
2977
2960
2944
2941
2874
2867
2838
2794
2788
2787
2735
2728
2682
2840
2995
3255
2936
3165
3148
3366
3335
3327
3326
3307
3434
3188
3007
3186
2848
2678
2904
2727
3415
3194
3144
3369
2730
3168
2970
3306
3252
3204
2793
3275
2836
3265
2950
3041
3013
2846
3136
3111
3077
3256
2758
2921
2951
2778
3313
2708
3377
3261
3039
3350
3302
3296
3103
3330
3288
2785
2715
3223
3381
2753
3169
3421
3299
2712
3411
3253
2939
2748
2863
3233
3212
2720
2665
2914
3154
3019
3344
3198
2772
3291
2989
1684
3225
3274
3272
3145
3113
2672
3378
2781
3422
3262
3101
2992
2719
2823
2780
2770
3035
2984
2662
3247
3093
3263
3224
3120
3094
3347
3342
3360
3277
3167
3051
2797
3416
3239
2853
3351
3345
3298
3160
3140
3070
3046
3189
2713
3395
3187
3397
3391
3297
3021
2875
2796
3179
2833
3192
3150
3146
2973
2869
2828
3321
3132
3106
2674
3201
3199
3002
2733
3240
3089
3034
2661
3412
3386
3332
3017
2976
3320
3182
3170
3005
2991
2937
2684
3419
3206
3082
3038
2847
3316
3267
3185
3115
2901
2765
2742
3406
3403
3260
2812
3280
3258
3152
3116
3076
2965
2716
3118
3172
3049
3011
2849
3287
3060
2938
2894
3396
3066
3285
2900
1441
2819
2971
2934
1505
3215
3249
3138
3357
3349
2804
3161
2990
2809
3420
3389
3087
2865
3245
2811
2697
2791
2859
3431
2870
3063
3372
3367
3365
3242
3009
2888
2691
3075
3248
3124
3221
3404
3097
2881
2932
2675
2824
2752
2671
3099
3112
3281
2696
2825
2856
3359
3218
3151
2704
1405
3398
2725
3028
3159
2688
2963
3334
3352
3315
2695
2852
3271
2798
3183
3141
1077
3292
3413
3147
3134
3091
2885
3428
1678
3128
3311
2902
150
48
35
212
129
106
257
238
332
323
141
75
13
345
336
305
266
264
239
217
187
183
80
7
156
341
295
291
29
236
261
344
45
330
134
188
103
56
0
334
313
161
331
280
203
9
231
199
83
79
67
40
265
104
62
346
94
26
303
285
200
189
158
213
308
109
272
172
142
25
325
170
242
223
186
119
342
304
130
21
252
82
101
271
128
113
276
322
65
169
133
339
10
315
277
196
249
246
211
314
197
224
176
324
50
294
31
248
91
140
108
59
185
168
338
263
256
255
164
137
63
52
15
30
149
17
309
139
146
320
260
22
162
153
