0
4016
855
2195
4029
120
3746
860
3996
642
2106
138
467
1394
608
2792
37
1224
4036
4032
894
801
875
2885
1690
1461
155
607
3467
279
301
2740
472
692
1967
3742
1627
2774
292
192
1276
42
1854
3699
3808
3955
3729
1002
33
1200
1890
624
1834
3959
2814
287
3936
3748
1133
3805
757
2569
3589
2855
883
3432
202
215
3848
2204
3820
1145
4035
145
1956
264
52
3453
15
2860
3704
1372
3700
610
3282
2634
2596
2470
333
3787
240
2457
3798
3885
3749
253
3494
269
4024
667
166
530
11
1586
1417
1263
1034
3565
74
1560
1027
205
3055
3074
2817
3127
3954
356
47
157
124
2691
1240
572
386
532
19
289
2437
581
4038
4013
4014
3991
4031
4037
4003
3988
4030
4026
4000
3983
3989
3994
4027
4023
4020
3995
3993
3985
4002
3982
4019
4018
4034
4033
4025
4022
4021
4017
4011
4010
4009
4007
4006
4004
3998
3997
3986
3984
3981
3980
4012
3987
3846
247
4001
881
852
866
788
802
767
732
895
870
854
756
811
693
700
759
785
821
806
740
843
715
717
822
791
849
809
793
742
746
733
783
890
831
765
764
758
754
716
687
736
818
771
707
702
768
711
703
777
842
839
789
879
858
863
840
807
880
851
848
847
835
824
819
812
779
751
739
723
708
820
730
728
718
830
784
735
727
719
697
688
761
705
823
814
795
774
773
762
738
722
720
694
889
878
861
853
834
815
810
781
760
752
748
734
731
726
724
706
850
846
845
844
841
838
837
836
833
832
829
827
826
817
816
813
808
805
804
799
798
797
796
794
792
790
787
786
782
780
778
770
769
766
763
755
753
750
747
744
741
737
725
721
714
712
710
709
704
701
699
696
695
690
689
893
888
886
882
876
871
869
865
864
856
828
825
803
800
772
745
729
713
686
867
887
698
877
874
873
872
776
885
743
691
859
775
749
892
891
884
868
4005
3999
3990
4015
4008
4028
3992
594
112
2
70
341
95
174
38
267
61
14
343
226
20
214
111
318
106
16
222
139
338
268
183
96
5
130
260
191
3952
3775
3595
3541
3874
3897
3632
3682
3910
3880
3607
3871
3857
3890
3564
3778
3827
3815
3769
3597
3665
3652
3895
3594
3899
3818
3917
3567
3445
238
59
2528
1922
2015
2105
2442
2301
1961
3552
3908
2050
2424
129
273
60
162
44
244
172
168
118
63
75
230
190
283
262
319
295
275
178
45
85
102
223
32
308
62
325
304
248
105
50
89
6
326
151
116
131
99
68
140
93
17
309
108
344
104
55
77
91
211
164
339
218
181
4
165
3
334
239
142
346
27
31
23
278
177
274
284
281
82
310
149
115
41
221
169
141
83
73
65
342
332
265
261
200
291
232
231
224
185
156
134
113
30
26
193
126
252
217
199
109
98
39
21
300
251
184
135
313
257
236
203
133
67
204
132
92
345
246
128
302
254
94
48
299
53
3641
3531
3484
3647
3513
3659
3957
3768
3549
3482
3695
3580
3849
3733
3600
3598
3472
3916
3626
3970
3502
3718
3931
3583
3976
3911
3864
3669
3544
3963
3439
3903
3711
3751
3454
3933
3783
3532
3619
3975
3465
3772
3492
3477
3876
3773
3920
3791
3587
3500
3892
3657
3977
3921
3912
3868
3725
3473
3859
3668
3661
3829
3551
3923
3584
3735
3722
3663
3608
3590
3572
3636
3519
3655
3478
3622
3840
3455
3442
3843
3463
3539
3612
3821
3499
3606
3536
3870
3816
3620
3458
3643
3832
3716
3616
3752
3510
3578
3450
3524
3464
3862
3774
3759
3571
3512
3891
3635
3605
3951
3924
3919
3649
3828
3790
3731
3670
3803
3593
3515
3835
3802
3728
3698
3526
3508
3470
3628
3548
3939
3681
3627
3480
3902
3817
3497
3667
3887
3770
3535
3602
3468
3460
3804
3707
3528
3592
3523
3866
3947
3714
3927
3896
3855
3786
3784
3758
3754
3631
3591
3486
3785
3907
3867
3629
3615
3599
3521
3520
3505
3810
3558
3863
3676
3845
3687
3559
3518
3530
3793
3782
3617
3613
3581
3836
3708
3701
3675
3967
3823
3764
3543
3485
3934
3926
3762
3614
3831
3703
3966
3603
3838
3642
3624
3814
3585
3904
3972
3937
3909
3630
3469
3466
3538
2651
2505
324
285
125
56
7
2298
2453
1974
2493
2251
2401
2036
1990
2513
2360
1933
2255
2013
2382
1915
2009
1992
2265
2219
2160
2019
2162
2587
1937
2320
2173
2523
2238
2158
2431
2422
2380
2263
2288
2249
2540
2262
2584
2614
2008
2577
2316
2317
2383
2270
2260
2130
2466
1965
2018
2412
2114
2350
2558
2548
2450
2439
2217
2051
1991
2568
2535
2146
2129
2070
2570
2448
2152
2656
2546
2524
2386
2342
1989
2067
2440
2126
1960
2156
2120
2000
1914
2171
2179
2565
2421
1996
2500
2645
2337
2027
2515
2207
2076
1924
2573
2307
2613
2275
2213
2078
2058
2474
2314
2286
2248
2256
2657
2016
1957
2576
2506
2499
2449
2033
2063
2281
2631
2446
2077
2601
2492
2429
2361
2225
2001
1998
1980
1935
2591
2408
2308
2090
2030
1946
2435
2378
2552
2206
2122
2633
2626
2025
2006
2004
1958
1951
2619
2593
2579
2554
2539
2532
2504
2482
2340
2323
2083
2043
2020
1993
1943
3227
3218
2963
3059
3045
3333
3180
2767
2952
3269
3317
3418
2816
2726
329
81
2668
3217
3944
3736
3563
3517
3971
3852
3780
3672
3741
3618
3586
3550
3440
857
3692
3689
3684
3788
3610
3533
3514
3886
3945
3554
3841
3633
3625
3525
3495
3842
3824
3800
3750
3693
3596
3461
3438
2452
2639
2011
1976
1921
2604
2600
2561
2520
2489
2467
2374
2084
2074
2056
1971
1938
1968
2531
2581
1982
2427
2121
2099
2659
2658
2365
2297
2202
2116
2825
3429
3235
2624
2586
2478
2464
2410
2354
2334
2331
2290
2233
2165
2124
2118
2069
1962
1917
2654
2625
2611
2607
2564
2563
2553
2550
2526
2460
2433
2428
2423
2407
2370
2353
2352
2326
2300
2287
2244
2229
2184
2172
2139
2109
2104
2093
2064
2060
2046
2045
1986
2660
2640
2364
2157
1995
1928
2536
2462
2637
2580
2566
2534
2193
2175
2107
2049
2303
2147
2092
1942
1297
347
340
337
336
331
330
328
323
322
321
317
316
314
312
311
307
306
305
303
298
297
296
290
286
282
280
277
276
272
271
270
266
259
258
255
250
243
241
237
235
229
228
227
225
220
219
212
210
209
208
207
197
196
195
189
188
186
179
176
175
170
167
161
159
158
154
150
148
147
146
144
143
137
127
123
122
121
117
114
110
103
88
87
86
84
79
78
76
72
71
69
66
64
57
54
51
49
46
43
40
36
29
28
25
22
18
13
12
10
9
8
1
3398
3305
3389
2697
3121
1442
3062
1254
1252
578
665
681
627
675
628
662
650
632
600
599
640
441
476
562
670
643
615
582
433
393
119
100
320
315
249
242
213
194
187
180
101
24
3566
3979
3973
3969
3968
3964
3960
3958
3956
3950
3949
3946
3943
3941
3940
3938
3935
3932
3930
3929
3928
3925
3922
3918
3915
3913
3906
3905
3901
3900
3898
3894
3889
3888
3884
3883
3881
3879
3878
3875
3873
3869
3865
3861
3860
3858
3856
3851
3850
3847
3844
3839
3837
3833
3830
3826
3825
3822
3819
3813
3812
3811
3809
3807
3806
3799
3796
3795
3794
3792
3789
3781
3779
3777
3776
3771
3767
3766
3765
3763
3761
3760
3757
3756
3755
3753
3747
3745
3744
3743
3740
3739
3738
3737
3734
3730
3726
3724
3723
3720
3719
3717
3715
3713
3712
3710
3709
3706
3705
3702
3697
3696
3694
3690
3686
3685
3683
3680
3679
3678
3677
3673
3671
3666
3664
3662
3660
3658
3656
3654
3653
3650
3648
3646
3645
3644
3640
3639
3638
3634
3623
3621
3611
3604
3601
3588
3582
3579
3577
3576
3574
3573
3569
3568
3562
3557
3555
3553
3547
3546
3545
3542
3540
3537
3534
3529
3527
3522
3516
3511
3509
3507
3506
3504
3503
3498
3496
3493
3491
3490
3489
3488
3487
3483
3481
3479
3476
3475
3474
3471
3462
3459
3457
3452
3449
3448
3447
3446
3444
3443
3441
862
625
2366
2318
2141
1944
2075
1975
2479
1985
2177
2413
2312
1913
2432
2252
2185
2296
2641
2425
2226
2603
2620
1972
2529
1964
2628
2310
1930
2400
2259
2572
2530
2057
2652
1981
2385
2305
2215
2189
2597
2594
2465
2420
2398
2367
2610
2525
2480
2416
2322
2242
2205
1923
2567
2608
2592
2330
136
2609
2038
2471
2434
2396
2274
2151
2128
2053
2502
2336
2289
2241
2133
2649
2537
2417
2345
2325
2291
2283
2280
2254
2246
2235
2214
2169
2161
2588
2328
2304
2039
2028
1970
2655
2653
2650
2648
2647
2646
2644
2638
2636
2635
2632
2630
2627
2623
2622
2621
2618
2615
2612
2606
2605
2602
2599
2598
2590
2585
2583
2578
2575
2574
2571
2562
2560
2559
2557
2556
2555
2551
2549
2545
2538
2522
2521
2519
2518
2517
2514
2512
2507
2503
2501
2497
2496
2495
2494
2491
2490
2488
2487
2486
2485
2484
2481
2477
2476
2473
2469
2459
2456
2455
2454
2447
2445
2444
2443
2441
2438
2436
2430
2426
2418
2415
2414
2411
2409
2406
2405
2404
2403
2402
2399
2397
2395
2393
2392
2391
2390
2387
2381
2379
2377
2376
2375
2373
2371
2369
2363
2362
2359
2358
2357
2356
2349
2348
2347
2346
2344
2341
2339
2335
2332
2329
2324
2321
2313
2311
2309
2306
2299
2284
