0
808
3995
1834
37
3729
201
3748
4016
453
205
95
572
207
247
4035
3746
356
2106
1119
2527
1224
3031
240
1233
2774
2792
1586
3688
1711
2975
2595
1270
485
3942
2842
1755
648
3282
2963
244
234
3407
2168
4007
3699
4032
3983
4029
4028
74
4024
4006
4018
3989
3164
454
71
1058
3131
3857
2857
301
3045
3134
1046
6
2441
305
3922
581
3765
4012
3885
77
63
1748
929
3798
1521
173
1579
267
3652
3678
3606
1775
3161
3801
4015
1240
3787
3742
3849
2834
918
1395
1206
2569
1690
1558
775
855
879
1386
2808
790
1022
2014
209
166
860
702
3732
2740
663
1937
157
3946
2269
3781
383
114
33
1326
891
1581
1208
3839
1087
3582
3071
293
2388
899
437
904
3451
2321
1297
3807
3175
1145
1031
3916
1476
2219
674
2704
673
533
1510
1776
2431
102
253
3820
3704
3808
3717
1956
191
3650
49
406
93
219
3513
70
3375
2798
621
18
379
11
336
3744
910
2178
174
996
42
894
870
895
871
858
881
866
852
3954
1838
294
319
3251
2902
3180
307
230
399
441
501
564
282
2817
3074
3127
3055
2483
411
192
468
3990
4025
91
4027
3996
4020
4002
3986
4019
4005
3994
4003
4026
4010
4009
4001
3997
3993
3992
3991
3981
594
4031
4000
4037
4023
4021
4017
3998
3982
3980
4038
4030
4013
4014
4004
3988
3985
3987
3999
4033
4036
4034
4008
3984
4011
667
4022
832
886
874
867
878
876
884
743
700
850
757
838
812
802
880
807
753
717
882
864
735
763
791
736
788
804
803
704
869
811
722
779
758
712
783
767
732
725
893
892
889
887
885
883
877
873
872
863
861
840
825
776
734
833
746
740
756
710
846
835
718
696
851
814
772
805
794
787
728
703
819
792
739
687
771
727
723
711
784
752
823
778
853
843
824
764
759
741
715
849
844
818
747
719
709
708
848
842
829
827
821
798
795
774
760
754
724
834
773
856
854
845
839
837
836
826
822
820
817
816
813
810
809
806
799
797
796
793
789
786
782
777
770
769
768
765
762
761
755
749
748
745
744
742
737
733
731
730
720
716
714
707
706
699
698
695
691
689
688
847
831
830
828
815
800
781
780
766
751
738
726
705
701
697
694
693
690
686
713
859
890
729
888
721
865
857
750
868
841
785
692
801
875
3965
3910
3539
3932
3694
3682
3901
3507
3733
3759
3701
3952
3447
3572
3754
3895
3494
3812
3811
3716
3647
3638
3616
3816
3637
3536
3973
3878
3777
3622
3776
3458
3600
3909
3821
3976
3809
3500
3664
3747
3977
3936
3791
3668
3532
3614
3612
3483
3972
3752
3726
3675
3876
3715
3663
3859
3607
3975
3837
3757
3476
3619
3613
3594
3595
3917
3912
3871
3567
3819
3829
3634
3510
3941
3554
3443
3515
3815
3861
3728
3666
3482
3832
3641
3587
3963
3900
3896
3493
3774
3708
3579
3836
3571
3473
3931
3875
3671
3835
3799
3617
3549
3894
3509
3914
3706
3463
3711
3818
3535
3727
3927
3474
3793
3768
3719
3690
3623
3584
3499
3459
3789
3949
3743
3538
3867
3802
3753
3710
3951
3643
3439
3441
3479
3720
3905
3648
3646
3659
3630
3679
3490
3947
3843
3786
3564
3558
3468
3460
3827
3698
3940
3657
3546
3446
3866
3581
3523
3481
3933
3644
3615
3833
3822
3810
3631
3593
3591
3569
3555
3534
3511
3898
3713
3705
3599
3825
3969
3906
3870
3855
3826
3967
3964
3920
3783
3766
3696
3655
3629
3598
3442
3956
3945
3937
3761
3738
3583
3529
3519
3921
3907
3778
3740
3636
3608
3904
3773
3769
3767
3526
3681
3467
3543
3961
3505
3784
3957
3919
3883
3760
3695
3691
3680
3736
3868
3725
3445
3915
3869
3645
3601
3469
3464
3707
3575
3492
3503
3497
3566
3450
3461
3590
3457
3621
3521
3654
3702
3670
3929
3452
3640
3574
3730
3518
3642
3970
3960
3959
3958
3955
3950
3939
3934
3928
3924
3923
3918
3911
3908
3903
3899
3897
3892
3890
3887
3882
3881
3880
3874
3865
3864
3863
3862
3856
3853
3850
3848
3840
3834
3814
3813
3806
3803
3795
3794
3792
3782
3772
3771
3770
3764
3763
3758
3751
3749
3745
3739
3735
3724
3722
3718
3714
3709
3700
3686
3685
3669
3662
3661
3653
3649
3639
3632
3627
3624
3620
3610
3602
3597
3588
3585
3580
3576
3568
3562
3561
3560
3559
3557
3553
3548
3542
3541
3531
3527
3524
3516
3512
3508
3506
3502
3498
3489
3486
3485
3478
3472
3466
3465
3455
3444
3930
3858
3762
3635
3578
3514
3755
3520
3926
3790
3731
3618
3470
3852
3712
3831
3563
3860
3804
3750
3721
3687
3533
3484
862
3966
3913
3891
3788
3785
3703
3528
3471
3737
3683
3551
3440
3805
1627
3122
3147
2805
2922
245
3530
3496
3953
3544
3845
3547
3540
3491
3480
3438
3830
3667
3628
3604
3456
3902
3886
3573
3488
3979
3779
3672
3550
3948
3943
3938
3873
3841
3838
3817
3780
3651
3609
3596
3495
3475
3944
3889
3824
3797
3697
3658
3605
3603
3577
3565
3477
3462
3968
3828
3800
3674
3656
3522
3448
3888
3847
3626
3437
3625
3611
3971
3884
3842
3796
3741
3734
3692
3684
3633
3586
3545
3525
3517
3449
2826
1908
1486
1252
1027
943
2767
3408
2879
2703
3323
3200
3333
3336
3310
3269
2816
2971
3325
2860
2692
2997
3121
2752
3429
2926
3028
3153
3389
2837
2818
3135
2695
3094
2980
2693
2900
3352
2802
2779
2942
2851
2888
3329
3109
3246
3032
3235
2686
3380
3124
3088
2855
3340
3192
2712
251
135
36
97
264
110
220
337
167
32
149
2
112
78
3217
3069
2746
2824
1383
1157
117
96
106
108
88
159
1372
3504
3487
3775
3693
549
679
574
664
612
598
643
682
661
632
599
681
595
677
611
639
647
640
615
600
642
670
665
662
659
658
582
577
576
3962
3877
3872
3851
3756
3677
3592
3556
3501
1171
1030
1756
1043
1865
1749
1093
1599
1890
1147
1266
3245
1792
1477
1111
1417
3067
1869
986
1697
1168
1607
1088
1802
1896
1840
1633
1167
1225
1139
1498
1829
1410
1708
1418
1053
1760
1355
626
1696
499
467
486
380
464
457
3376
2761
3401
3338
3264
3318
3314
3205
2918
2843
2675
3393
3187
3167
3156
2801
2744
3239
2938
3358
3189
2688
3388
2687
3080
3210
2972
2889
3423
3283
3008
2982
2670
2876
2701
2968
2930
3424
3202
3030
2789
2756
3211
3337
3144
3355
3188
3046
3315
3181
2732
3415
3048
2847
2934
3379
3191
3068
3343
3107
2662
3431
3409
3326
3354
3105
2726
3229
3371
2713
3021
2780
3146
3110
3155
2983
3266
3360
3013
2684
3209
3299
3204
2995
2965
3225
3010
2809
2727
3368
3012
2949
2933
2923
3111
3093
2895
2665
2967
3207
3176
2870
3123
3066
2935
2677
3241
3400
3195
2993
2859
3130
3132
3120
3049
2745
3350
3179
2976
2730
3330
3160
2833
2733
3096
2755
3397
3259
3009
2989
2955
3394
3163
3042
3399
2985
2909
2673
2866
2887
3384
2872
2850
2666
3411
3342
3206
3070
2793
2753
2718
3392
3374
3159
3052
3126
3083
3227
2796
3249
3238
2940
2738
3129
2731
3236
3196
3087
2932
2768
3234
2906
3216
3053
2799
2776
3072
3349
3099
2868
2758
3193
3095
2813
3287
3261
3186
2797
2737
3081
3016
3003
3383
3190
2954
2840
3312
2832
2822
3334
3019
2951
3226
3149
2890
3114
3385
3346
3307
3289
3272
3108
2800
3430
3294
3023
2919
3327
3119
2766
2950
2734
3256
3097
2892
2783
2762
2747
2715
3257
3243
3213
3174
3025
3022
3014
3054
2928
2916
2911
2908
2897
2839
2741
3040
2953
2782
2683
2664
3221
3416
3291
2674
2807
3302
3263
2931
2927
2920
2913
2880
2862
2835
2681
2679
3222
3303
3064
2812
3426
3339
3085
3073
3056
2986
2956
2706
2698
2694
3378
3344
3277
3267
3247
3240
3194
3185
3140
3089
3041
3035
3027
2992
2973
2904
2846
2765
3364
3279
3166
3158
3104
2977
2929
2877
3412
3359
3233
3086
2903
1642
3405
3356
3203
3001
2947
2830
2739
2685
2682
2671
3422
3381
3347
3345
3150
3116
3106
2991
2937
2894
2869
2863
2828
2785
2720
2979
3296
3118
3077
2825
2748
2723
2667
3090
2978
2663
3015
2735
3145
2781
2778
3387
3033
2969
2867
2680
2676
3395
3275
3198
3373
3253
2811
2959
3288
3244
2696
3242
2996
2871
2844
2803
2784
3433
3284
3078
2966
2944
2896
2810
2757
2754
2750
2743
2717
2669
3396
3332
3319
3255
3182
3076
3011
2875
2823
2708
3357
3305
3138
3117
2946
2795
2772
2751
3434
3419
3335
3320
3280
3276
3274
3265
3252
3224
3201
3172
3152
3082
3038
3007
2939
2914
2853
2849
2716
163
111
184
328
195
197
139
127
182
256
140
57
259
8
206
177
68
295
312
17
225
116
227
23
255
241
278
143
310
137
333
226
89
28
273
181
3034
3406
3404
3366
3304
3162
2962
2775
991
1007
1594
1187
222
160
126
275
208
189
100
274
153
258
132
59
194
73
29
290
248
113
69
62
50
146
314
161
148
344
39
48
277
268
3
168
60
83
237
129
51
238
211
303
21
101
80
24
272
265
261
212
72
342
128
55
346
331
9
235
103
38
1342
1154
1443
1094
1531
1385
1268
1478
1356
1234
1064
1602
912
1719
666
573
433
623
579
3723
3454
680
502
375
427
551
421
562
636
631
618
605
592
589
445
685
655
617
1490
377
654
539
466
462
557
449
385
671
547
535
472
684
675
672
660
657
656
652
650
635
633
628
627
625
624
622
619
613
608
607
603
597
588
585
584
583
578
575
413
568
470
1463
1091
1220
1785
1062
1441
1654
987
1248
1489
1710
1023
1726
1670
1387
1566
931
1561
1887
1106
1699
1858
1311
1042
965
1855
1085
1038
1401
1806
1705
1433
1144
1182
3386
3079
3062
3005
1701
1450
1140
1847
1681
1507
1803
1615
1588
1360
1634
1362
1354
1178
1434
939
1747
1493
1151
920
1133
1343
1069
1226
1072
1682
1832
926
1720
1794
1281
1197
1310
1299
1152
1897
1860
1605
1709
949
975
1384
1801
1174
1321
1901
1525
967
1641
1626
1165
1150
1034
937
1102
1815
1672
1541
1482
1415
1260
1213
1005
941
1258
1011
977
1781
1646
1686
1481
1728
1308
1090
1650
1035
940
979
1784
1363
1118
963
1876
1131
1631
1504
1350
1814
1731
1323
1068
1039
1503
1811
1388
1796
1273
1629
1568
1378
1186
1497
1389
1164
1130
1772
1542
1485
1440
1406
1002
1874
1287
1884
1635
1015
1567
1251
1764
1628
1438
1104
902
1751
1652
1335
1886
1810
1351
1894
1786
1396
1382
1306
1676
928
1905
1822
1666
1544
1585
1564
1877
1653
1528
1416
1194
1593
955
1583
981
1359
1899
1841
1009
1849
1398
1339
1824
1316
1413
1322
1129
1138
1875
1473
1286
1067
971
1073
1640
985
1651
1535
1180
3361
3136
2941
2883
1674
1534
1706
1502
1459
1282
1856
1056
1861
1683
1312
1239
1128
1236
1134
1555
1033
1739
1667
1664
1109
1089
1041
1301
997
1380
1063
1097
1859
1655
1432
1347
1170
1499
1177
1741
1675
1665
1662
1610
1456
1280
1445
1660
1868
1816
1761
1721
1632
1367
1305
1123
1083
1076
1895
1837
1733
1468
1424
1333
1232
992
901
1330
1878
1695
1830
1500
1304
1141
1127
1010
954
1871
1099
942
898
1906
1848
1828
1820
1770
1732
1729
1703
1661
1533
1472
1412
1338
1303
1275
1245
1159
1051
1037
969
944
933
903
1809
1750
1619
1571
1483
1285
1163
983
972
1818
1575
1247
1052
913
1889
1436
1698
1421
1325
1274
1464
1825
1307
1862
1850
1715
1691
1638
1596
1587
1573
1475
1454
1448
1404
1315
1292
1231
1204
1120
1115
1032
994
989
988
1853
1716
1694
1578
1192
1189
1142
1060
1018
678
1223
1738
1727
1444
1183
1113
1070
968
1148
1103
653
616
609
1885
1598
1545
1506
1422
1238
1025
558
550
540
532
530
529
522
516
509
505
498
479
474
447
429
410
403
393
389
384
382
381
365
362
358
3435
3432
3428
3427
3425
3421
3420
3418
3417
3414
3410
3403
3402
3398
3391
3390
3382
3377
3370
3369
3367
3365
3363
3362
3353
3351
3348
3341
3331
3328
3324
3321
3317
3316
3313
3311
3309
3308
3306
3301
3300
3298
3297
3295
3293
3292
3286
3285
3281
3278
3273
3270
3262
3260
3258
3254
3250
3248
3237
3232
3231
3228
3223
3220
3219
3218
3215
3214
3212
3208
3199
3197
3184
3183
3178
3177
3173
3171
3170
3169
3168
3165
3157
3154
3151
3148
3142
3141
3139
3137
3133
3128
3115
3113
3112
3103
3102
3101
3100
3098
3092
3091
3084
3075
3065
3063
3061
3060
3059
3058
3057
3051
3050
3047
3044
3043
3039
3036
3029
3026
3024
3020
3018
3017
3004
3002
3000
2999
2998
2994
2990
2988
2987
2984
2981
2974
2970
2964
2961
2960
2958
2957
2948
2945
2943
2936
2925
2924
2921
2917
2915
2912
2910
2907
2905
2901
2899
2898
2893
2891
2886
2885
2884
2882
2881
