0
4020
712
674
717
4007
2204
2195
401
2079
3798
638
255
2857
3942
1776
241
3751
292
3037
1206
4034
1326
205
356
282
3820
608
4025
750
215
868
801
3230
160
2788
3745
3999
749
71
1693
602
895
1046
607
3588
3704
3689
262
3875
2817
860
3716
43
269
3856
1362
52
3071
379
3251
3175
660
3428
2855
377
97
2595
278
2541
3408
447
3946
4012
209
3989
3746
3939
319
3336
3044
1466
2483
2256
4008
2569
550
174
2596
2380
250
4001
3987
2565
918
2842
3765
3031
1442
3985
3183
138
1967
3974
1627
1270
11
891
1560
571
3673
673
2457
74
340
3653
1759
3959
124
286
4035
3659
3322
147
6
3963
594
3991
3781
182
3055
3887
1194
1586
3990
3789
3923
49
192
386
2421
2437
2168
2106
4016
852
855
689
802
788
771
725
702
714
789
886
864
866
776
887
874
872
863
804
833
704
811
767
818
796
732
839
733
707
736
832
782
889
878
876
729
769
894
893
892
888
885
884
882
881
877
873
870
869
867
861
858
786
693
808
813
730
716
850
816
746
721
718
778
748
846
826
797
762
812
777
795
790
726
890
687
821
798
737
711
710
770
766
740
723
854
848
844
841
825
822
817
806
791
768
744
742
720
700
692
691
803
779
856
793
787
783
755
761
734
849
837
800
774
765
753
708
701
698
792
764
728
709
794
751
724
722
690
847
834
752
719
843
836
835
831
827
824
823
820
819
814
809
807
799
784
773
763
759
758
741
713
703
845
830
829
828
727
853
842
815
780
754
745
697
694
688
686
880
840
838
810
781
772
760
756
747
739
738
731
715
706
705
696
695
805
743
757
883
879
871
859
851
775
735
865
785
699
875
3983
4011
4013
3998
4017
4019
4027
4002
4038
4037
4023
4018
4000
4009
4003
3997
3994
3986
4033
4032
4029
4024
4021
3981
4031
4026
4014
4030
3982
3980
4004
3995
3993
3988
667
3996
4015
4006
3984
4010
4005
4036
4028
4022
3992
3606
3676
3882
3922
3727
3763
3694
3519
3890
3678
3767
3665
3771
3816
3459
3630
3972
3792
3786
3631
3893
3598
3840
3481
3649
3581
3479
3565
3536
3530
3914
3975
3733
3647
3638
3579
3834
3460
3892
3624
3742
3444
3443
3476
3885
3439
3976
3718
3964
3782
3555
3774
3708
3571
3749
3766
3587
3977
3865
3815
3715
3554
3770
3764
3896
3862
3867
3608
3599
3498
3494
3442
3965
3465
3728
3641
3919
3562
3955
3499
3483
3812
3899
3836
3866
3843
3791
3871
3848
3844
3699
3513
3837
3759
3561
3949
3539
3826
3509
3906
3810
3617
3564
3947
3768
3643
3620
3859
3912
3739
3657
3541
3441
3821
3546
3490
3883
3639
3958
3931
3752
3602
3529
3869
3855
3754
3648
3646
3623
3933
3655
3478
3903
3900
3584
3825
3909
3803
3572
3901
3850
3644
3553
3857
3595
3945
3915
3761
3634
3474
3466
3956
3777
3680
3601
3534
3532
3524
3458
3822
3593
3591
3876
3827
3778
3753
3663
3636
3861
3679
3580
3814
3743
3725
3802
3629
3457
3795
3941
3660
3845
3832
3559
3461
857
3688
3485
3610
3936
3835
3769
3735
3685
3666
3615
3590
3508
3472
3527
3464
3703
3661
3839
3670
3542
3514
3450
3526
3970
3913
3898
3813
3736
3635
3613
3594
3560
3762
3518
3452
3640
3557
3619
3693
3658
3603
3477
3788
3828
3804
3884
3940
3552
3578
3488
3926
3838
3731
3662
3511
3961
3925
3978
3973
3969
3967
3966
3960
3957
3954
3951
3937
3935
3932
3930
3928
3927
3924
3921
3920
3918
3917
3911
3910
3908
3907
3905
3897
3895
3894
3881
3880
3879
3878
3874
3870
3868
3863
3853
3852
3849
3846
3833
3829
3823
3819
3818
3809
3808
3806
3805
3801
3799
3794
3793
3787
3785
3784
3783
3776
3773
3772
3758
3757
3747
3744
3740
3738
3730
3726
3724
3720
3719
3714
3713
3711
3710
3707
3706
3705
3701
3700
3698
3696
3695
3691
3690
3687
3686
3682
3681
3675
3669
3668
3664
3654
3645
3632
3628
3627
3626
3622
3616
3612
3607
3600
3585
3583
3582
3574
3569
3568
3567
3558
3549
3547
3545
3544
3543
3538
3537
3535
3531
3528
3523
3516
3515
3510
3507
3506
3505
3503
3502
3500
3497
3493
3489
3486
3482
3473
3470
3469
3468
3463
3462
3455
3454
3453
3447
3446
3445
3438
3775
3722
499
2481
2245
3944
3929
3683
3605
3548
3533
3448
3779
3575
3790
3780
3672
3471
3573
3456
3674
3656
3860
3858
3796
3702
3625
3621
3962
3712
3667
3609
3971
3902
3831
3817
3697
3586
3556
3540
3520
3492
3491
3480
3475
862
3979
3916
3891
3888
3847
3522
3521
3943
3938
3642
3618
3611
3604
3517
3512
3449
3950
3968
3889
3842
3841
3737
3677
3651
3596
3563
3873
3830
3824
3800
3760
3756
3741
3734
3633
3495
3484
3886
3877
3755
3576
1856
1498
3566
3551
3437
3496
568
429
530
661
626
684
643
628
576
666
612
677
603
589
672
636
620
611
605
588
617
647
640
627
600
665
658
650
599
595
582
664
505
443
437
449
498
552
457
380
554
477
424
3147
2178
2535
2017
1934
2548
1937
1922
2580
2281
2167
2094
2251
2316
2023
1978
2193
2442
1034
1055
1252
1822
3948
3872
3851
3797
3750
3721
3692
3684
3592
3577
3550
3525
3501
3440
1564
1043
1521
1477
1711
1865
1708
1887
1697
935
1537
920
1299
1575
1588
1203
671
961
622
579
679
633
631
598
573
1762
1414
469
653
593
480
433
407
372
405
1847
3723
3487
535
448
543
470
382
529
473
425
512
490
442
390
1602
426
458
545
508
445
522
519
466
418
646
569
541
536
486
409
381
495
487
680
614
558
548
604
413
397
546
504
502
359
314
351
441
393
102
685
682
681
678
676
675
670
668
662
659
654
652
648
644
642
635
634
632
630
625
623
621
619
616
615
609
597
592
590
586
583
581
578
577
575
574
394
162
2305
333
95
225
294
317
311
572
570
562
551
547
540
534
533
532
528
518
516
510
509
497
485
472
468
464
462
461
459
455
453
451
450
440
435
421
411
406
387
384
383
369
368
365
362
357
355
354
352
349
330
51
344
295
77
106
208
2774
3063
3376
3338
3235
2952
3094
3155
3373
2852
2759
3352
3109
3333
2837
2766
2995
3242
3015
2723
3329
1031
1579
1251
1088
2725
1445
1008
996
929
2641
2618
2402
2612
2270
1915
2321
2057
2301
2632
2051
2599
2545
2651
2452
2209
2158
2082
2205
2490
1988
2096
2486
2435
2523
2166
2221
2650
2456
2360
2439
2388
2342
2041
2177
2065
1969
2230
2141
2262
2406
1977
2091
2070
2170
1987
2162
2155
2440
2411
2341
2089
1960
2450
2113
2100
2036
1992
2355
2243
2476
2366
2425
2644
2373
2146
2258
1999
2613
2367
2637
2416
2357
2296
2085
2325
2465
2175
2149
1965
1944
1923
2502
2322
2048
2400
2031
2628
2412
2405
2107
2105
2129
2557
2525
2226
2312
1913
2432
1952
2011
1957
2552
2454
2055
2466
2444
2401
2579
2074
2063
2616
2385
2115
2575
2216
2568
2445
2028
2547
2496
2420
2052
2156
2540
2480
2182
2657
2660
2016
2633
2056
1971
2067
2379
2351
2211
