0
4007
891
2457
4036
209
4022
4008
3984
841
859
15
43
613
1096
550
220
3885
1560
3375
3798
911
660
602
18
267
3856
447
562
4001
256
3467
1466
2998
3709
2857
4006
3996
3989
3991
3999
3985
4037
4026
4003
3988
4019
4035
4034
4033
4027
4024
4021
4020
4018
4017
4015
4014
4013
4012
4011
4010
4005
4000
3994
3993
3992
3987
3986
3983
4038
4031
4030
4009
4004
4002
3998
3997
3995
3982
3981
3980
4023
744
802
704
796
740
767
768
822
789
864
783
786
803
825
884
866
873
846
835
855
770
764
728
716
795
759
737
727
853
834
816
778
742
738
736
721
706
811
845
843
820
809
793
781
730
848
844
824
815
800
780
731
726
705
688
854
852
851
850
847
842
839
838
837
836
833
832
831
829
827
826
823
821
818
817
814
813
812
808
807
806
805
799
797
794
792
791
790
788
787
785
784
779
777
775
774
773
771
766
765
762
761
760
758
757
756
755
754
753
752
751
750
749
748
746
743
741
739
735
734
733
732
725
724
723
722
720
718
717
715
714
712
711
710
709
707
702
701
700
696
695
694
693
691
690
689
687
856
849
782
763
889
895
894
893
890
888
887
885
883
881
880
879
875
874
872
871
870
869
867
863
861
860
858
840
830
828
819
810
798
776
772
769
747
745
719
713
708
703
697
686
882
878
876
804
729
698
886
3990
4025
4016
667
594
4032
4029
3978
3751
801
699
3733
3811
3665
3914
3923
3607
3664
3899
3571
3776
3789
3676
3489
3816
3720
3848
3732
3967
3960
3791
3500
3478
3973
3691
3644
3808
3859
3890
3567
3812
3803
3759
3465
3507
3855
3714
3924
3486
3905
3863
3531
3754
3724
3901
3639
3479
3836
3764
3752
3554
3460
3443
3956
3881
3878
3823
3777
3937
3738
3634
3583
3510
3464
3826
3794
3558
3825
3534
3903
3822
3711
3593
3506
3624
3549
3918
3698
3678
3590
3662
3699
3638
2788
2975
2922
3127
2817
3868
3743
3739
3657
3595
3541
3867
3862
3802
3773
3715
3713
3685
3636
3940
3941
3568
3921
3907
3850
3835
3753
3705
3666
3629
3615
3608
3598
3508
3498
3861
3770
3601
3556
3799
3916
3659
3660
3505
3891
3722
3772
3703
3913
3883
3717
3680
3649
3562
3516
3731
3504
3847
3832
3730
3686
3681
3707
3557
3485
3977
3976
3975
3972
3970
3969
3965
3964
3963
3961
3958
3957
3955
3954
3953
3952
3951
3949
3947
3946
3945
3939
3936
3935
3934
3933
3932
3931
3927
3925
3922
3920
3919
3917
3915
3912
3911
3910
3909
3906
3904
3900
3898
3897
3896
3895
3894
3893
3892
3887
3882
3876
3875
3874
3871
3870
3869
3866
3865
3864
3857
3854
3849
3846
3845
3844
3843
3840
3839
3837
3834
3833
3829
3827
3821
3819
3818
3815
3814
3813
3810
3809
3807
3806
3805
3801
3793
3792
3788
3787
3786
3785
3784
3783
3782
3781
3778
3775
3774
3771
3769
3768
3767
3766
3765
3763
3762
3761
3758
3757
3755
3749
3748
3747
3746
3745
3744
3742
3740
3735
3728
3727
3726
3725
3719
3718
3716
3710
3708
3706
3701
3700
3696
3695
3694
3690
3688
3682
3679
3675
3673
3671
3670
3669
3668
3663
3661
3655
3653
3652
3650
3648
3647
3646
3645
3643
3641
3640
3637
3632
3631
3630
3627
3623
3622
3620
3619
3617
3616
3614
3613
3612
3610
3606
3602
3600
3599
3597
3594
3591
3588
3587
3585
3584
3582
3581
3580
3579
3576
3575
3574
3572
3570
3569
3566
3564
3561
3560
3559
3555
3553
3551
3546
3544
3543
3542
3539
3538
3537
3536
3535
3532
3530
3529
3528
3526
3524
3523
3519
3518
3515
3513
3511
3509
3503
3502
3499
3497
3494
3493
3490
3488
3483
3482
3481
3476
3474
3473
3472
3470
3469
3468
3466
3463
3462
3459
3458
3457
3453
3452
3451
3450
3447
3446
3445
3444
3442
3441
3439
3736
3635
3605
3902
3930
3908
3880
3548
3461
892
877
401
307
190
327
125
27
2481
642
662
661
659
640
632
599
578
681
658
615
583
3723
3487
3454
3006
3268
3336
3333
3429
3427
3418
2882
3088
3317
3103
3323
3421
2805
3270
2671
3227
3310
2886
3066
3180
2902
3388
3401
3014
3112
3271
3218
2776
2898
3139
3402
2807
2990
3435
2759
3105
3028
3047
2884
2850
3147
3074
3135
2981
2761
3234
2766
3092
2798
3167
3032
2801
3371
3091
2824
3109
3058
3312
2787
3095
2809
2859
2668
3117
3246
3202
2948
2913
3085
2706
2680
2846
3390
3286
3026
2945
2743
3257
3243
3220
3158
3000
2987
2966
2944
2763
2729
2681
3098
3010
2969
2943
2927
2919
2873
2867
2745
3247
3021
3423
3318
3314
3008
2767
2699
2868
3364
3348
3064
2912
2906
2669
3249
2844
2791
3363
3339
3232
3226
3195
3184
3142
3104
3078
3054
2967
2910
2909
2897
2773
2755
2750
2717
2673
3426
3231
2890
2789
2786
2804
3316
3276
3146
3070
2970
2939
2904
2853
2770
3341
3188
3132
3115
1264
3628
3552
3455
3838
3790
3611
3527
3672
3658
3603
3565
3477
3795
3779
3547
3852
3860
3689
3712
3926
3817
3702
3697
3520
3496
3492
3471
3928
3884
3804
3796
3578
3533
3484
3979
3888
3626
3589
3522
3521
3944
3929
3877
3828
3800
3642
3604
3966
3693
3667
3563
3491
3480
3950
3889
3873
3780
3737
3683
3656
3625
3573
3512
3440
3842
3824
3760
3651
3545
3517
3475
3449
3971
3968
3938
3858
3841
3831
3830
3734
3687
3677
3674
3654
3618
3596
3586
3514
3448
3438
3437
3948
3621
3550
3495
868
865
857
2772
3313
3190
2954
2841
2762
2700
3369
2932
626
588
684
622
621
685
682
680
655
631
623
617
597
579
454
386
466
356
572
429
499
533
399
464
666
294
311
63
160
340
117
106
71
243
314
364
351
181
86
19
166
2885
2740
132
155
189
162
289
167
183
227
309
159
139
284
248
50
296
263
102
68
59
337
32
302
179
22
65
13
286
269
258
126
79
10
217
318
96
23
184
346
196
101
255
241
345
317
77
161
121
7
197
135
108
109
83
329
338
247
325
290
288
272
237
130
104
51
266
249
2
115
332
172
343
326
226
214
116
41
285
252
200
186
148
134
128
69
264
259
201
95
89
316
213
204
180
169
152
78
323
280
85
26
299
119
88
54
1956
2382
2441
2634
2632
2017
2528
2375
2621
2450
2113
2100
2219
2515
2486
2444
2320
2076
1992
2388
2051
1949
2281
2245
2167
2448
2041
2152
2565
2044
2012
2228
2656
2371
1974
1960
2613
2639
2447
2435
1928
1914
2035
1934
2647
2097
1921
2497
2488
2192
2286
2022
2011
2000
1980
1957
2622
2452
2655
2532
2495
2308
2056
2251
2378
2171
2027
2024
2001
339
324
315
308
146
56
21
2838
3298
3279
3225
2840
586
673
679
675
674
672
670
668
665
664
657
650
648
647
643
638
636
635
633
628
627
625
624
619
612
611
608
607
605
603
600
598
595
592
589
585
582
581
577
576
575
574
573
516
424
369
528
593
654
590
449
372
478
349
383
371
610
362
474
452
418
355
570
495
416
567
552
2230
2504
2326
2311
2299
2262
2257
2147
2122
2030
671
535
385
3321
3224
3212
3120
3009
2713
3330
2686
2675
3148
2895
3334
3244
3191
2779
2692
3018
2727
2690
3377
3203
3079
3024
2900
2836
2707
3178
3159
2958
2870
2820
3396
3386
3277
2863
2778
2742
2724
2781
3358
3169
3087
2996
2934
2735
2718
3346
3043
2942
3219
3335
3205
3185
2951
2933
2923
2865
3332
3076
2937
2733
2685
3292
3145
3101
3039
3027
2965
2875
3326
2938
2758
2999
2790
3285
3171
3002
2848
2818
2803
2768
1326
1053
1270
3436
3434
3433
3431
3430
3428
3425
3424
3422
3420
3419
3417
3416
3415
3414
3413
3412
3411
3407
3405
3403
3400
3399
3398
3397
3395
3394
3393
3392
3391
3389
3387
3384
3383
3382
3381
3380
3379
3378
3376
3374
3373
3372
3370
3368
3367
3366
3365
3362
3360
3359
3357
3356
3355
3354
3353
3352
3351
3350
3349
3347
3345
3344
3343
3342
3340
3338
3337
3329
3327
3325
3324
3322
3320
3315
3311
3309
3308
3307
3306
3305
3304
3303
3302
3301
3300
3299
3297
3296
3294
3293
3291
3288
3287
3284
3283
3282
3281
3280
3275
3274
3273
3272
3269
3267
3266
3265
3264
3263
3262
3261
3260
3259
3258
3256
3255
3254
3253
3252
3251
3250
3242
3241
3240
3239
3238
3237
3236
3235
3230
3229
3228
3223
3221
3217
3216
3215
3214
3213
3211
3210
3209
3208
3207
3206
3204
3201
3200
3199
3198
3197
3196
3194
3193
3192
3189
3187
3186
3183
3182
3181
3177
3176
3175
3174
3173
3172
3170
3166
3163
3162
3161
3160
3157
3156
3155
3154
3153
3152
3151
3150
3149
3144
3143
3141
3140
3138
3137
3133
3131
3130
3129
3128
3126
3125
3124
3123
3122
3121
3119
3118
3116
3114
3113
3110
3108
3107
3106
3102
3099
3097
3096
3094
3093
3090
3089
3086
3084
3083
3082
3081
3080
3077
3075
3073
3072
3069
3068
3067
3065
3063
3062
3061
3060
3059
3056
3055
3053
3052
3051
3050
3049
3048
3046
3045
3044
3042
3041
3040
3038
3037
3036
3035
3034
3033
3031
3030
3029
3025
3023
3022
3017
3016
3015
3013
3012
3007
3004
3003
2997
2995
2994
2993
2992
2991
2989
2988
2986
2985
2984
2983
2982
2980
2978
2977
2976
2974
2973
2972
2963
2962
2961
2960
2959
2957
2956
2955
2953
2952
2950
2949
2947
2946
2940
2936
2935
2931
2930
2929
2928
2926
2925
2924
2921
2920
2918
2917
2916
2915
2914
2911
2908
2907
2905
2901
2899
2896
2894
2893
2892
2891
2889
2888
2887
2881
2880
2879
2878
2877
2876
2874
2872
2871
2866
2864
2862
2861
2860
2858
2856
2855
2854
2852
2851
2849
2847
2845
2843
2839
2837
2835
2834
2833
2832
2831
2830
2829
2828
2827
2823
2821
2819
2816
2815
2814
2812
2811
2810
2808
2806
2802
2800
2799
2797
2796
2795
2794
2793
2792
2785
2784
2783
2782
2780
2777
2774
2771
2769
2765
2757
2756
2754
2753
2751
2749
2748
2747
2746
2744
2741
2739
2738
2737
2736
2734
2732
2731
2730
2728
2726
2725
2723
2722
2721
2720
2719
2716
2715
2714
2712
2711
2710
2709
2708
2705
2704
2703
2702
2701
2698
2697
2696
2695
2694
2689
2688
2687
2684
2683
2682
2679
2676
2674
2672
2670
2667
2666
2665
2664
2663
2662
2661
1607
1430
1354
1510
3319
2903
2693
1676
3289
3179
950
945
1138
1005
937
1203
1403
3290
1297
1251
940
1892
958
1602
1635
1749
1624
1415
3962
3943
3886
3872
3851
3797
3756
3750
3741
3721
3692
3684
3633
3609
3592
3577
3540
3525
3501
3456
862
1760
1213
1739
1494
928
1552
1896
1855
1072
389
1841
1627
1884
1115
1315
1229
1592
1759
1474
1784
3328
3248
3222
3164
3136
3057
2941
1716
1009
1840
1257
1889
956
1903
1682
1010
1301
1764
1459
1432
896
1111
1306
977
1244
1168
1324
931
1452
1363
1899
1812
1507
1296
1057
1018
1657
1895
1880
1733
1601
1533
1493
1232
1186
1137
901
1873
1691
1636
1596
1479
1347
1190
1158
1067
1136
1820
1732
1396
1282
1261
1166
1108
1102
919
1573
644
1872
1720
1322
1311
1148
1129
678
677
663
653
639
630
620
618
616
584
422
546
543
508
504
459
451
421
407
1109
676
609
392
652
634
614
557
519
490
442
360
656
565
507
487
432
571
569
568
564
558
556
555
554
551
549
548
547
541
540
539
534
532
531
530
529
523
522
521
518
510
509
505
502
501
498
491
489
486
485
481
480
479
477
476
473
472
471
470
469
468
467
458
457
455
453
450
448
445
443
441
437
435
433
427
426
425
415
413
411
410
406
405
403
397
396
393
390
388
384
382
381
380
379
377
370
367
365
361
359
358
357
354
347
344
342
341
336
334
333
331
330
328
322
321
320
319
313
312
310
306
305
304
303
301
300
298
297
295
293
292
291
283
282
281
279
278
277
276
275
274
273
271
270
268
265
262
261
260
257
254
253
251
250
246
245
244
242
240
239
238
236
235
234
233
232
231
230
229
228
225
224
223
222
221
219
218
216
215
212
211
210
208
207
206
205
203
202
199
198
