0
4025
883
1466
160
3125
624
3570
209
15
642
801
879
875
796
499
351
155
202
193
247
2776
4015
228
3453
4001
1145
3963
656
2922
3974
1276
454
911
3954
3006
1224
3071
1755
2714
3729
4034
1353
3748
602
18
3055
2269
2842
1065
335
3183
674
179
3407
585
3619
4008
3987
70
358
3074
2805
4029
157
870
867
858
886
757
852
790
884
717
887
874
873
889
691
707
888
789
725
712
833
813
690
895
894
893
885
881
877
876
872
871
869
868
866
865
864
861
839
771
732
702
882
878
863
772
850
831
807
890
843
797
720
838
835
715
822
700
804
783
716
777
709
708
810
799
781
762
747
820
745
840
821
815
792
740
739
724
701
855
841
836
832
827
825
818
816
814
812
811
809
808
806
803
802
798
795
794
793
791
788
787
786
782
776
774
773
770
768
767
765
763
761
758
755
753
752
751
750
749
748
746
744
743
742
738
737
736
735
733
731
730
729
728
722
721
718
714
713
710
706
705
704
699
698
697
695
689
687
880
856
851
845
844
837
834
826
824
823
819
817
805
780
779
778
769
764
760
759
754
741
726
711
703
842
829
785
784
756
693
854
853
849
848
847
830
800
766
723
719
696
694
688
686
828
734
727
846
892
775
692
891
859
3983
3993
3995
4027
4031
4020
3992
4005
4009
4002
4038
4013
4011
4017
3988
4037
4030
4026
4014
4019
4018
3994
4007
4036
4033
4032
4024
4023
4022
4021
4012
4006
4004
4003
4000
3999
3998
3997
3996
3991
3989
3986
3985
3982
3981
594
4016
3990
3980
4028
4010
667
4035
3984
147
71
61
240
6
2541
2382
2204
168
191
77
120
572
302
204
95
152
233
309
167
49
307
102
306
78
225
124
333
46
10
38
99
260
16
50
254
180
92
106
23
165
263
177
69
222
82
63
62
137
184
135
337
237
109
51
338
54
288
270
221
73
39
111
2
343
319
214
174
112
89
115
151
28
341
334
203
148
133
91
347
129
273
181
283
2015
2456
2437
2106
2505
2535
340
331
304
224
22
285
199
170
105
1
291
242
231
186
178
130
5
53
344
323
284
261
200
176
128
123
45
271
332
297
277
252
248
232
212
197
188
169
134
98
66
55
40
26
13
443
2380
2651
1961
346
300
299
266
194
187
94
57
48
24
467
406
379
64
329
119
345
342
339
336
330
328
327
326
325
322
321
320
318
317
316
314
313
312
311
310
308
305
303
301
298
296
295
294
293
292
290
289
287
286
282
281
280
279
278
276
275
274
272
268
265
264
262
259
258
257
256
255
253
251
250
249
246
245
244
243
241
239
238
236
234
230
229
227
226
223
220
219
218
217
215
211
210
208
207
206
201
196
195
192
190
185
182
175
172
166
164
162
161
159
158
156
153
149
144
143
142
141
140
139
138
132
131
127
126
125
121
118
117
116
114
113
110
108
104
101
97
96
93
88
87
86
85
84
83
81
79
76
75
74
72
68
67
65
60
59
56
52
47
44
43
42
41
36
35
33
32
31
30
29
27
25
20
19
17
14
11
9
8
7
4
3
2424
2621
2431
2314
2595
2455
2008
1937
2316
2193
2162
2632
2487
2167
2094
2070
2580
2263
2422
2375
2291
2021
2490
2320
1992
2360
2130
2357
1934
2317
2160
2439
2570
2238
2358
2440
2488
2049
2466
2444
2207
2517
2272
2558
2034
2442
2453
2091
2654
2421
2405
2152
1978
2613
2044
2443
2349
2346
1958
1921
2583
2050
2006
1914
2639
2435
1935
2335
2231
2514
2265
2256
2228
2023
1974
1960
2056
2481
2301
2245
2658
2585
2202
1927
1993
2648
1957
2277
2554
2311
2115
2084
1997
2323
2200
2150
2109
2093
2064
2562
2497
2286
2173
2129
1975
2587
2114
1922
2157
1998
1991
1951
324
315
213
146
122
103
21
662
581
628
659
577
665
661
647
640
599
578
675
658
399
453
648
2540
1988
2452
2192
2586
2506
2258
2244
2164
2121
2073
1986
1966
1938
1917
1995
2361
2288
2234
2067
2425
2627
2365
2159
2061
1931
1919
2126
2107
2029
2604
2393
2092
2019
2413
2312
2522
2631
2619
2556
2539
2526
2467
2428
2418
2387
2334
2329
2309
2276
2240
2208
2206
2136
2118
1929
1925
2525
2274
2096
2065
2637
2366
2242
2211
2185
2175
2141
2048
1923
2529
2519
2209
2155
2031
2313
2310
2252
2177
2660
2640
2406
2018
2009
2004
1987
2624
2611
2607
2590
2578
2574
2563
2561
2553
2550
2549
2546
2520
2518
2492
2489
2485
2476
2454
2423
2409
2408
2386
2363
2359
2356
2353
2348
2331
2324
2308
2307
2300
2278
2271
2233
2210
2201
2188
2172
2165
2154
2139
2124
2123
2122
2095
2090
2083
2078
2077
2063
2059
2045
2043
2005
1989
1971
1962
1942
1918
2259
2635
2599
2137
2396
2390
2221
2149
2537
1985
1969
2571
2419
2367
2305
2254
2144
2652
2438
2280
2249
2222
2110
2075
1981
2609
2250
2128
2125
2028
1959
1941
2516
2463
2458
2345
2330
2304
2294
2241
2133
2047
2039
1926
1326
1253
1071
1027
1168
1474
1546
2543
2436
2394
2344
2325
2223
2169
2132
2102
2071
2010
1955
1874
163
80
1053
532
1147
150
100
2671
3310
3290
2814
269
2788
2817
3269
2952
3037
3143
3044
1411
588
633
589
1455
2659
2657
2656
2655
2653
2650
2647
2646
2645
2644
2641
2638
2636
2634
2633
2630
2628
2626
2625
2623
2622
2620
2618
2617
2615
2614
2612
2610
2606
2605
2603
2602
2601
2600
2598
2593
2591
2584
2582
2581
2579
2577
2576
2575
2573
2572
2569
2568
2566
2565
2564
2560
2559
2557
2552
2551
2548
2545
2542
2538
2536
2534
2532
2531
2528
2527
2524
2523
2521
2515
2513
2511
2507
2504
2503
2501
2500
2499
2495
2494
2493
2486
2484
2483
2482
2480
2479
2478
2477
2474
2473
2470
2469
2464
2462
2460
2459
2457
2450
2449
2448
2447
2446
2445
2441
2434
2433
2432
2430
2429
2427
2426
2416
2415
2414
2412
2411
2410
2407
2404
2403
2402
2401
2400
2399
2398
2397
2395
2392
2391
2389
2388
2383
2381
2379
2378
2376
2374
2373
2371
2370
2369
2364
2362
2355
2354
2352
2350
2343
2342
2341
2340
2339
2337
2333
2326
2322
2321
2318
2306
2303
2299
2297
2296
2295
2290
2287
2284
2281
2275
2270
2262
2261
2260
2257
2255
2253
2251
2248
2247
2243
2237
2236
2235
2232
2230
2229
2227
2226
2225
2220
2219
2218
2217
2216
2214
2213
2212
2205
2197
2190
2186
2184
2183
2182
2181
2179
2171
2170
2168
2166
2161
2158
2156
2147
2146
2145
2142
2140
2138
2131
2120
2119
2116
2113
2112
2108
2105
2104
2103
2100
2099
2098
2097
2089
2088
2086
2085
2082
2081
2080
2076
2074
2069
2066
2062
2060
2058
2057
2055
2052
2051
2046
2041
2040
2038
2037
2036
2035
2033
2030
2027
2026
2025
2024
2022
2020
2017
2016
2014
2013
2012
2011
2003
2001
2000
1999
1996
1990
1984
1983
1982
1980
1979
1977
1976
1973
1972
1970
1968
1967
1965
1964
1963
1956
1954
1953
1952
1950
1949
1946
1944
1943
1939
1936
1933
1930
1928
1924
1915
136
681
673
670
660
650
643
635
632
627
626
623
622
615
611
607
605
600
598
595
583
582
576
575
534
679
684
682
672
664
657
625
621
584
652
522
466
612
603
597
573
593
571
380
427
486
384
529
429
407
564
501
498
586
685
653
644
636
631
619
617
592
551
424
381
568
457
350
450
369
411
470
396
481
474
359
364
198
1372
1854
937
1510
1651
1414
1270
1476
910
1093
994
1162
1176
2643
2642
2616
2594
2589
2588
2567
2544
2509
2502
2498
2491
2475
2472
2471
2468
2465
2461
2451
2417
2384
2377
2368
2351
2336
2327
2315
2298
2292
2273
2267
2264
2246
2239
2224
2215
2203
2199
2191
2189
2176
2174
2163
2153
2151
2143
2127
2117
2101
2072
2053
2042
2032
2007
2002
1994
1947
1940
1932
1920
1916
1913
1084
1731
1055
1050
1005
1213
1792
1133
2649
2629
2608
2597
2592
2555
2547
2533
2530
2512
2510
2508
2496
2420
2385
2372
2347
2338
2332
2328
2319
2302
2293
2289
2285
2283
2282
2279
2268
2266
2198
2196
2194
2187
2180
2148
2135
2134
2111
2087
2068
2054
1948
1945
1478
1905
1883
1434
1248
1594
964
1672
1089
1154
1062
1906
1708
1865
1150
1226
1840
1426
1887
1106
1749
1252
1885
1481
1693
1469
1127
1090
986
940
1131
1569
1715
1244
1141
1439
1700
1745
1266
1458
1418
1821
1652
1198
1056
978
1796
1728
919
1639
1610
1483
1210
1540
999
1901
1829
1356
1234
1202
1094
939
1355
1310
1275
1152
943
1407
1239
953
1889
1876
1167
1904
1748
1541
1348
1259
1246
1139
1011
977
944
1635
1578
1350
1257
1501
1351
1903
1423
1100
1044
1638
1347
1309
1036
1009
989
900
1781
1725
1633
1159
1037
924
389
1393
896
1900
1584
1402
1388
1123
1024
1538
1091
1779
1890
1759
1667
1134
974
1648
903
1636
1227
1019
1542
1341
1040
1862
1611
1448
1404
1298
975
1499
1489
1772
1559
1524
1500
1299
1910
1212
1832
1789
1449
1336
1272
1271
1101
972
1604
1288
1256
1201
1163
1107
1873
1691
1583
1462
1459
1438
1432
1322
1315
1292
1192
1067
1066
1060
902
1016
1788
1030
909
1120
1886
1823
1752
1617
1028
1718
1681
1472
1415
1121
1773
1763
1902
1849
1839
1799
1761
1707
1662
1590
1522
922
1857
1596
1747
1601
1314
1820
1704
1215
1665
1517
1399
1370
1330
1156
1851
1819
1782
1609
1608
1513
1153
947
1722
1255
997
1879
1877
1836
1833
1811
1557
1485
1365
1312
1250
1132
1092
1076
1059
916
1845
1750
1643
1613
1589
1509
1467
1375
1352
1291
1290
1195
1146
1026
995
934
1860
1484
1447
1727
1703
1575
1497
1247
1135
1052
968
1776
1685
1420
980
1888
1867
1804
1623
1551
1480
1390
1377
1209
1205
1175
1116
1075
966
1892
1733
1568
1493
1363
1232
1216
1186
963
958
1742
1595
969
942
917
1023
173
1400
1671
1183
1070
1872
1720
1412
1345
1233
1229
1148
1032
1022
677
663
655
618
616
1870
1223
462
1800
1768
1724
1416
1278
1110
1054
1049
993
375
1268
1435
489
1001
976
539
1744
1397
1313
1122
2838
2740
2704
1486
1297
189
3251
3181
3429
2747
3425
3401
3157
3270
2857
3358
3418
3159
3235
2791
2930
3323
3421
3218
2975
2824
2721
3371
2713
2963
3126
3367
3069
2882
2878
3160
3281
2895
2830
2947
2907
2941
3314
3340
2695
3008
2767
2990
3336
3322
3066
3063
2935
2933
2886
3404
2766
3285
3249
3306
3173
2733
3042
2858
2789
58
3422
3024
3015
2840
3393
3271
3122
2799
2715
2847
2876
3318
3377
3163
2852
2844
2845
3292
3190
2962
2700
2971
2769
3414
3012
3380
2693
3296
2832
2727
3288
2833
2720
3431
2819
3326
3151
3035
2707
3109
3048
3141
3018
3357
2831
2709
3424
3221
2736
3239
3416
3351
3094
2674
3193
3315
3303
2961
2854
3236
2918
3145
3132
2973
2965
2936
2665
3397
3313
3124
3116
2950
2853
2846
2810
3419
3378
3347
3209
3188
3148
3146
3140
3102
3070
3058
3041
2712
2687
2661
3294
3293
3229
3092
3029
2953
2945
2756
2741
2681
2790
2752
2902
3025
2821
3403
3385
3312
3191
3082
2812
2801
2716
3166
3158
3080
3073
3036
2887
2794
2683
3392
3231
3137
3104
3045
2899
2837
3412
3366
3356
3346
3295
3176
3162
3077
3068
3061
2829
2779
2728
2685
2682
1405
3009
2901
2690
2863
3331
3264
3081
2955
3339
2916
2755
3417
3362
3286
3213
3325
3311
2699
2670
3330
2739
2675
3298
3261
3182
2797
2719
3234
3226
2974
2870
2735
2697
3202
2940
2920
2862
2787
2749
2680
2792
3259
3217
2932
3152
3060
2688
3304
2994
2986
2911
2873
2777
2745
2689
3436
2877
3262
3255
2937
2778
3387
3348
3237
3232
3129
3065
3064
2966
2927
2910
2908
2880
2874
2839
2800
2757
2754
2705
2679
2664
3305
3138
3043
3038
2751
3242
3087
3050
2841
2784
2762
2711
3149
3033
2915
2872
2815
2782
2750
3428
3114
2786
3415
3233
3207
3198
3027
2984
1837
1835
1371
3165
3097
2964
1305
3319
3201
1527
3101
2822
3245
3205
3164
2725
1666
1460
1283
991
973
929
3289
3179
1171
3420
3178
3034
1909
1674
1437
3222
3005
2883
2678
654
1882
1767
1428
1012
905
587
579
1853
1790
1155
1808
1217
634
531
516
459
449
666
620
403
446
1598
1506
1422
1238
1173
637
1907
1878
1875
1871
1812
1794
1786
1732
1729
1706
1694
1682
1680
1654
1631
1616
1582
1574
1543
1512
1492
1490
1475
1473
1454
1427
1277
1245
1204
1113
1108
1102
1086
1020
930
671
639
676
436
385
543
445
1912
1777
1692
1549
1408
1374
1320
1300
1114
1109
452
425
405
609
533
494
487
414
508
678
630
574
560
556
536
398
503
421
404
376
504
418
680
614
513
502
491
434
413
391
390
367
363
669
604
566
565
555
544
540
527
439
570
561
558
548
542
507
463
438
432
569
562
559
557
554
552
550
549
547
546
545
541
537
535
530
528
525
523
521
520
519
518
515
514
512
511
510
509
506
505
500
497
496
495
493
490
488
485
482
480
479
478
477
