0
4013
780
2079
244
160
2842
1466
3230
3619
1145
3037
74
4016
613
401
2814
3125
904
301
3709
2168
2470
267
775
3914
1119
1755
2269
287
86
4036
305
2195
1206
377
3691
3798
3520
638
33
3661
138
15
4024
2457
3134
47
1262
427
1233
3974
152
668
3451
157
1276
4010
3407
865
292
233
18
209
12
3570
3801
1071
35
4012
1792
602
206
1263
3865
3183
3544
335
2175
241
1690
296
11
356
90
2595
3987
3885
3268
749
757
2106
4025
3990
2691
2792
282
767
841
788
790
808
791
771
736
725
796
722
850
837
704
786
733
740
700
839
689
711
716
806
712
702
836
720
842
812
795
690
821
756
759
783
779
874
895
879
847
846
826
766
737
843
787
697
693
827
817
763
710
877
873
872
774
861
853
851
818
816
815
813
751
731
721
706
814
760
755
719
880
824
805
797
739
730
709
855
852
849
848
845
844
835
834
833
832
831
829
828
822
820
811
809
807
802
799
798
794
793
792
789
785
784
782
781
778
777
773
770
768
764
762
761
758
754
752
750
748
747
746
745
744
743
742
741
738
735
734
732
727
726
724
723
718
717
715
714
707
705
701
699
696
695
694
692
691
688
687
864
893
869
840
838
810
772
765
728
890
887
885
884
881
871
870
867
866
860
859
830
823
819
804
803
800
776
769
753
729
713
708
703
686
876
863
825
888
856
698
889
878
886
882
894
868
858
892
854
891
801
3992
3983
4017
3988
3986
4020
4021
4014
4028
4000
3993
3997
4023
3985
4038
4037
4035
4033
4032
4030
4027
4026
4019
4018
4015
4009
4006
4005
4003
4002
3998
3996
3995
3994
3984
3982
3981
4004
3980
4031
3991
3999
594
4034
4011
4001
3989
4007
4029
4022
667
4008
2899
3413
3180
3131
3181
2441
2847
3290
3121
3367
3370
182
2709
3153
3427
3338
2893
3197
2855
3190
3246
3229
2954
2692
2807
2975
3143
3127
3074
3200
2895
3155
2821
3294
2767
3357
3094
3429
3401
2825
2759
2794
2876
3128
3309
3099
3354
3218
3216
3122
2799
3135
2695
3388
3317
3030
3010
2837
2766
3109
2884
3042
3173
3400
2887
3251
2930
2902
3312
3045
3213
2928
2891
2806
2874
3314
3311
2972
2699
2670
3023
2673
3349
3242
3085
2974
3417
3324
3257
3237
3220
3119
3096
2943
2854
3293
2945
3022
3435
3433
3238
2940
2890
2810
2756
2729
3301
3232
3226
3080
2916
2873
2827
2698
3339
3228
3129
2911
2908
2761
3426
3387
3284
3026
2985
2956
2912
2872
2749
3384
3362
3250
3149
3098
3064
3054
3004
2969
2960
2919
2897
2864
2835
2815
2800
2750
3430
3428
3300
3114
3104
3084
2978
2888
2851
2789
2731
3316
2528
2422
1922
2193
2034
2481
2167
2301
2357
2751
3217
2686
2856
3138
3048
2832
3418
3144
3310
2949
2693
3358
2811
3327
3328
3307
3087
3305
3009
3211
3063
3368
3083
3012
2878
3421
3240
3159
2918
3015
2990
2859
2844
2712
3249
3151
2791
3288
3039
2687
3355
3007
3337
3330
3277
3132
3093
3088
2723
2812
3320
3377
3189
2849
3332
3209
3152
3112
2965
2796
2992
3185
3028
2932
3411
3194
3188
3106
2973
2793
2772
2797
3140
3091
2713
3395
3341
3256
2955
2914
2871
2702
2675
3198
2836
58
3276
2727
2790
3103
2971
2688
3254
2848
2818
2808
3434
3262
3038
3017
2937
2894
2672
3102
3021
2991
2970
2923
2780
2661
3383
3274
2898
2875
2841
2771
2736
2700
3356
3273
3241
3117
3036
3033
2925
2896
2757
3334
3024
3018
3191
3069
2995
2830
2738
3380
3350
3346
3306
3086
3076
2696
3373
2820
2697
3420
3415
3416
3381
3297
3267
3252
3239
3170
2781
2778
2753
2719
3366
3308
3210
3176
3154
3133
3068
3061
2775
2739
2728
2711
4
78
337
310
316
253
97
71
260
240
155
38
340
268
294
308
283
84
3178
3342
3214
3157
3124
3107
2863
2787
2718
3302
3436
3431
3425
3424
3423
3422
3419
3414
3410
3408
3403
3402
3399
3398
3397
3394
3393
3392
3391
3390
3389
3382
3379
3376
3374
3372
3371
3364
3363
3359
3352
3351
3348
3347
3345
3340
3336
3333
3329
3326
3325
3323
3322
3321
3319
3318
3315
3313
3303
3299
3298
3296
3292
3286
3285
3283
3282
3281
3280
3275
3272
3271
3270
3269
3264
3261
3260
3259
3247
3244
3243
3235
3234
3231
3227
3225
3224
3223
3221
3219
3215
3212
3208
3207
3206
3204
3203
3202
3201
3199
3195
3193
3187
3184
3179
3177
3175
3174
3172
3171
3167
3166
3163
3162
3160
3158
3150
3148
3147
3146
3142
3141
3139
3137
3130
3126
3123
3120
3118
3116
3115
3113
3110
3108
3105
3100
3095
3092
3090
3082
3079
3078
3075
3073
3071
3070
3066
3065
3059
3058
3056
3055
3053
3052
3051
3050
3049
3047
3046
3044
3043
3041
3040
3035
3029
3027
3025
3016
3014
3013
3008
3006
3000
2998
2997
2994
2993
2989
2988
2987
2986
2984
2983
2982
2981
2980
2979
2977
2967
2966
2963
2961
2959
2958
2953
2952
2950
2948
2947
2946
2944
2942
2939
2936
2935
2933
2931
2929
2927
2926
2924
2921
2920
2917
2915
2913
2910
2909
2907
2906
2905
2904
2901
2900
2889
2886
2881
2880
2879
2877
2870
2868
2867
2866
2865
2862
2861
2860
2858
2857
2853
2852
2850
2846
2845
2839
2834
2833
2831
2829
2828
2826
2824
2823
2817
2816
2809
2805
2804
2803
2802
2801
2798
2786
2785
2784
2782
2779
2777
2776
2774
2773
2770
2769
2765
2763
2758
2755
2754
2752
2747
2746
2745
2743
2742
2741
2737
2733
2732
2730
2726
2722
2721
2720
2717
2715
2714
2710
2708
2706
2705
2703
2694
2690
2689
2684
2683
2682
2681
2680
2679
2676
2674
2671
2669
2668
2667
2666
2664
2663
2662
2505
2493
2483
2490
2439
2584
2204
2221
2277
2166
2260
1915
2067
2621
2562
2380
2251
2572
2568
2431
2227
2466
2618
2375
2514
2256
2219
1974
2130
2316
2627
2587
2238
2107
2146
2577
2424
2181
2437
2113
2025
2427
2288
2402
2089
2656
2044
2558
1977
2628
2092
2012
2455
2412
2017
2650
2444
2207
2170
2210
2348
2055
2349
2262
2546
2404
2534
2397
2248
2158
2156
2119
2346
2573
2090
2286
2114
2049
2162
2023
2638
2535
2570
2523
2335
2231
2129
2120
2105
2645
2487
2281
2245
2657
2192
2006
2001
2648
1957
2173
2152
2631
2311
2440
2091
2378
1927
2085
1988
2647
2659
2626
2494
2297
2202
2159
2061
2024
2016
2011
1999
1995
1914
2654
2552
2484
2290
2613
2601
2590
2556
2549
2356
2190
2136
2104
2095
2056
2037
3353
3335
3253
3236
3192
3169
3156
3145
3101
3034
3032
2996
2934
2795
2735
3067
3369
3365
3255
2843
2762
2599
2208
2551
1952
2226
2425
2406
2581
1913
2317
2205
2554
2531
2350
2585
1935
1931
2999
2941
2903
2822
2725
2540
2480
2362
2318
2270
2521
2506
2495
2391
2376
2370
2271
2123
2108
2069
1983
2635
2624
2619
2615
2611
2606
2591
2522
2460
2423
2369
2331
2257
2216
2200
2124
2122
2083
1962
1943
2215
2096
1925
2222
2110
2400
2312
2438
2655
2630
2625
2602
2578
2563
2526
2507
2499
2489
2485
2449
2446
2418
2407
2374
2359
2353
2352
2309
2300
2299
2261
2253
2234
2213
2206
2188
2184
2165
2154
2150
2140
2139
2131
2118
2098
2086
2074
2045
2043
2040
2033
2020
1966
1953
1938
2473
2345
2233
2116
2002
1972
2652
2432
2324
2243
2235
2132
2075
2065
1985
1981
1970
2612
2557
2530
2503
2474
2403
2361
2322
2314
2310
2242
2186
2066
2057
1944
1936
1930
2279
2180
1987
2163
2604
2516
2387
2302
2294
2259
2240
2147
2133
2063
1942
2524
2315
2134
2643
2571
2518
2434
2398
2379
2351
2330
2304
2283
2250
2161
2101
2052
2038
1955
1941
1939
3396
3331
3196
2938
2819
3406
3405
3279
3266
3081
3072
3020
3011
3002
2957
2951
2768
2716
2685
2665
3386
3378
3360
3344
3291
3287
3182
3111
3089
3060
2840
2783
2748
2701
3343
3161
3077
2882
3361
3222
3136
3005
2760
2678
1546
1693
3003
2838
2740
2704
1486
1326
3432
3205
2813
2677
3409
3165
3062
2964
2734
1058
3278
3258
3186
2707
1031
1002
3265
3248
3245
1254
955
1111
1270
1838
996
1552
1896
923
3412
3404
3304
3295
3233
3168
3019
3001
2962
2892
2869
2724
195
137
314
262
243
214
151
44
17
341
221
208
309
251
306
218
181
197
85
201
110
187
92
234
59
131
3
46
129
334
72
172
139
127
295
258
235
14
317
278
68
2660
2583
2547
2472
2463
2436
2337
2203
2189
2054
2004
1998
1932
104
318
229
50
144
41
28
150
263
213
190
167
111
32
327
147
246
5
331
230
344
196
45
339
7
217
223
297
290
276
222
211
207
134
128
88
66
170
122
266
248
204
101
83
31
23
180
298
271
257
232
203
199
158
141
113
105
281
184
135
108
303
224
178
324
185
289
112
332
118
82
325
265
261
252
148
109
98
21
291
277
342
329
280
186
176
169
142
75
26
25
193
91
226
115
20
236
194
133
2617
2543
2399
2328
2325
2289
2254
2241
2199
2169
2155
2149
2143
2111
2032
1419
1046
1775
1739
1053
393
399
1865
3097
2883
2764
1684
621
1008
1057
2658
2651
2646
2644
2641
2640
2639
2637
2636
2634
2633
2632
2623
2622
2620
2614
2610
2609
2607
2603
2600
2594
2593
2589
2586
2580
2579
2576
2575
2574
2566
2565
2564
2561
2560
2559
2555
2553
2550
2548
2545
2544
2541
2539
2538
2537
2536
2532
2529
2525
2520
2517
2515
2513
2512
2511
2510
2504
2502
2501
2500
2497
2492
2491
2488
2486
2482
2479
2478
2477
2476
2475
2469
2468
2467
2464
2462
2461
2459
2456
2454
2453
2452
2450
2448
2447
2443
2442
2435
2433
2430
2429
2428
2426
2421
2416
2415
2414
2411
2410
2409
2408
2405
2401
2396
2395
2394
2393
2392
2390
2389
2386
2383
2381
2373
2371
2368
2367
2366
2365
2364
2363
2360
2358
2354
2343
2342
2341
2340
2339
2336
2334
2329
2326
2323
2321
2320
2313
2308
2307
2306
2305
2303
2296
2292
2291
2287
2285
2284
2280
2278
2276
2275
2274
2273
2272
2268
2265
2263
2258
2255
2252
2249
2244
2237
2236
2232
2230
2229
2228
2225
2224
2220
2218
2217
2214
2212
2211
2209
2201
2197
2196
2187
2185
2182
2179
2178
2177
2172
2171
2164
2160
2157
2145
2144
2142
2141
2135
2126
2121
2115
2112
2109
2103
2102
2100
2099
2097
2094
2093
2088
2087
2084
2082
2080
2078
2077
2076
2073
2070
2068
2064
2060
2059
2058
2053
2051
2050
2048
2046
2041
2039
2036
2035
2031
2030
2029
2027
2022
2021
2019
2018
2015
2014
2013
2009
2008
2005
2003
2000
1997
1996
1993
1992
1991
1990
1989
1986
1984
1982
1980
1979
1978
1976
1975
1973
1971
1969
1968
1965
1964
1963
1961
1960
1959
1958
1956
1951
1950
1949
1946
1940
1937
1934
1933
1929
1928
1926
1924
1923
1921
1919
1918
1917
910
249
299
94
57
24
1521
1395
985
3385
3164
3057
2744
1141
1127
1387
1354
1776
1093
1477
1090
1027
2653
2616
2608
2605
2598
2597
2588
2582
2567
2519
2498
2471
2465
2458
2451
2445
2420
2419
2417
2413
2385
2384
2377
2355
2344
2298
2295
2293
2246
2223
2176
2174
2153
2151
2138
2137
2127
2117
2072
2071
2062
2026
2010
1994
1954
1947
1920
1916
1908
1779
1441
1055
1186
1385
1094
1642
1150
1134
1000
1869
1244
1168
2649
2642
2629
2592
2542
2533
2509
2508
2496
2372
2347
2338
2333
2332
2327
2319
2282
2267
2266
2264
2247
2239
2198
2194
2191
2183
2148
2128
2125
2081
2047
2042
2028
2007
1948
1945
1171
1434
3289
3263
2976
2968
990
1174
1889
1157
1892
1579
1240
1798
1131
171
1906
1846
1905
1822
1564
1202
1756
1443
1895
1372
1105
1415
1667
1140
1758
1505
1077
1814
1561
1246
1295
958
1858
1774
1702
1585
1196
1147
1874
1666
1251
1890
1193
1527
1293
1152
944
1534
1384
1368
1197
1855
1788
1252
1115
1060
1638
1338
1228
974
1461
1283
1355
1308
965
1562
1439
1321
1073
1711
1821
1089
1087
926
1499
1218
1138
1016
1107
1852
1445
1072
1650
1248
1701
1317
1851
1405
1614
1305
1069
1045
1648
1601
1452
1787
1493
1468
1363
1333
1319
1216
1118
1097
992
938
1805
1769
1458
1398
1280
922
1417
347
346
345
343
336
333
330
328
326
323
322
321
320
315
313
312
311
307
304
302
300
293
288
286
285
284
279
275
274
273
272
270
269
264
259
256
254
250
247
245
242
239
238
237
231
228
227
225
215
212
205
202
200
192
189
188
183
179
177
175
174
168
165
164
162
161
159
156
154
149
146
143
140
136
132
130
126
125
124
123
121
120
119
117
116
114
106
103
102
100
99
96
93
89
87
79
76
73
70
69
67
65
64
63
62
60
56
55
54
53
52
51
48
43
40
39
37
36
30
29
27
22
19
16
13
10
9
8
2
1
1836
1826
1780
1771
1626
1198
1163
1125
1900
982
1623
1239
1653
1380
1411
1151
1791
1782
1765
1718
1685
1389
1116
1076
1700
1312
1230
1524
1375
1811
1484
1652
1267
1339
1845
1523
1191
1047
1609
1377
1344
1112
906
1608
1559
1470
1269
1211
946
1843
1816
1809
1757
1639
1610
1542
1336
1180
1175
1153
1126
1059
1017
1818
1519
1323
1256
1084
997
932
933
1194
1503
941
1583
1221
1129
1764
1691
1438
975
1859
1655
1190
1894
1099
1742
1582
1020
1311
1188
924
1681
1807
1569
994
1829
1497
1762
1304
1258
1904
1541
1348
977
1238
1628
1587
1578
1432
1413
1315
1227
1158
1036
989
969
1903
1899
1887
1875
1862
1857
1715
1680
1647
1596
1591
1479
1404
1379
1373
1347
1298
1279
1229
1015
957
1575
1177
1068
1786
1489
1286
1231
954
912
1898
1868
1842
1789
1730
1722
1721
1663
1632
1619
1603
1563
1539
1517
1456
1447
1418
1370
1302
1271
1255
1235
1201
1199
1164
1149
1130
1083
1006
980
1815
1260
1259
1041
1035
1841
1649
1462
1009
1910
1566
1356
1064
1496
914
