0
876
3988
4007
293
2178
4016
4015
785
3071
3853
1206
3268
234
3942
386
207
327
3127
673
95
4022
4035
775
3987
3983
699
4002
744
887
3748
3729
2079
209
3230
3856
3935
287
12
2596
613
358
3709
3031
1096
602
3451
1834
43
3570
550
3820
37
674
2269
3974
3407
33
282
3885
401
255
286
468
3875
1394
2788
70
2382
1276
216
1967
3688
3125
1233
3922
157
3408
153
1027
648
356
1176
411
1253
3560
3733
2481
2952
2922
2998
3582
3811
3467
2442
2975
656
572
384
448
3565
166
3003
1383
406
3953
3910
3143
530
3978
3865
1607
945
1797
1295
152
2505
1157
2736
485
250
562
3180
1254
3848
32
2767
2517
3457
3936
1961
189
1701
64
621
1552
2548
3126
3572
3772
96
3878
168
39
3110
3903
22
3949
955
2886
1664
2732
3131
2930
89
498
6
147
219
3055
2774
3074
453
2817
3147
3691
4028
776
874
872
873
885
867
3990
857
594
4025
4024
868
860
4011
4032
4012
4008
3991
891
3984
865
875
801
4036
4037
3999
3992
892
4034
4010
3989
883
4006
4029
749
3996
4005
692
4001
757
750
4003
4033
4031
3994
4013
859
3985
858
884
852
3981
4020
4018
717
3998
4009
4026
4038
4019
841
4017
4000
4027
3993
855
3980
4023
4030
3982
4014
4021
3997
4004
3986
3995
846
871
864
894
870
881
788
895
877
893
691
735
832
854
802
825
704
879
743
866
702
767
721
798
851
790
746
725
880
886
733
736
878
821
816
707
786
761
882
689
791
730
804
762
889
826
861
756
850
690
888
811
710
740
890
700
796
686
687
688
694
695
696
697
698
703
705
708
713
718
719
724
726
728
731
739
745
747
752
754
758
760
766
774
780
781
784
787
792
797
800
805
810
815
819
820
823
824
827
828
829
830
834
840
842
847
849
853
856
701
727
734
738
764
773
807
814
817
838
770
835
845
711
755
795
803
848
720
779
809
783
706
793
709
748
772
741
771
737
777
778
831
769
693
794
765
839
806
822
763
818
714
844
722
833
753
837
782
732
723
768
836
843
712
789
729
751
716
799
742
715
813
863
759
808
812
869
2842
608
11
447
624
1119
2470
638
215
1560
607
15
1145
1386
3183
2457
114
2569
335
74
668
911
210
1466
18
292
918
3453
3798
3650
585
1581
2195
256
3746
233
3846
581
642
244
42
90
145
241
1224
47
2792
377
179
205
2691
3037
52
443
1270
154
1046
2483
182
3808
2595
3807
160
1854
1586
2541
1208
267
379
3732
1627
1326
1065
2857
2814
1690
183
138
1262
1558
2704
3134
3704
3879
3282
2740
3589
35
1755
3006
1430
279
1395
316
3854
49
81
305
3959
2168
253
1071
97
904
3801
301
1693
383
71
899
1105
1002
155
454
1760
667
3744
3717
112
2527
1194
247
228
61
2106
2808
76
3816
1252
499
192
1353
294
3699
660
164
191
3955
3413
240
3928
174
571
2722
2860
3689
3575
3954
3597
552
1034
2204
2714
336
3375
1546
1362
321
201
2380
2798
467
2565
193
307
1996
3537
3121
3897
2437
264
124
1890
110
3952
270
202
3946
2838
2885
3619
2441
220
3742
3653
120
262
1762
3939
464
190
1474
3781
3887
1937
1200
996
206
3271
2971
351
3673
3765
1969
3494
3588
1856
652
3686
245
2963
1651
2855
1657
3787
125
1442
3965
472
1713
1022
3489
3849
3882
289
3444
288
1776
1510
3544
1031
3606
3676
910
3925
2167
3637
1057
1711
1264
2634
8
3694
3844
2230
2422
3839
283
259
3290
1486
2980
3751
91
2015
1476
2431
593
929
2902
1240
2421
1455
27
3372
3429
3310
3227
3477
1777
649
46
3059
476
349
1147
3890
1417
1346
3513
