107
3363
3437
2056
686
0
3782
752
3842
835
211
3758
48
3921
1798
2885
598
3443
687
424
662
272
149
2119
3980
1307
1333
154
2628
277
599
822
633
2219
457
459
2100
893
3585
3656
2886
3931
337
3992
702
3638
3635
3409
2238
3819
2776
693
278
2281
3241
575
3408
2531
4017
3803
884
554
573
679
3990
158
9
2335
2181
1922
3855
3747
2236
4028
3843
2632
3988
821
1394
1439
3306
2402
1672
265
238
2041
3546
2972
2825
2918
3370
1016
552
1740
3956
2595
3464
3553
1424
2980
2704
3996
1648
1850
2505
2924
3978
2562
2774
794
1111
1034
3312
53
2968
2452
888
2723
3568
3648
296
2732
2644
3607
2871
2413
1755
3652
3726
3323
735
183
2668
461
3907
1364
2170
223
768
3894
3429
660
1846
3109
1775
727
2954
800
1395
1927
806
3349
3722
167
3099
3940
1434
2788
2277
1908
1144
3507
197
384
3444
3700
166
61
3134
898
216
587
499
165
923
3522
3671
3310
1558
539
3779
3932
2
3767
2620
1817
3180
3558
2182
330
3807
130
3043
1430
3927
1403
2865
110
3382
3975
2450
2848
3881
1346
3967
2659
33
3446
129
45
1072
244
3725
3445
112
3538
3595
2762
1561
3487
3654
3542
504
189
3393
2301
1482
3439
839
4000
3986
32
3532
1777
1061
804
2091
120
3660
448
680
422
2097
87
2566
595
675
615
10
242
77
723
264
22
1224
638
3121
1245
3210
124
691
663
1
449
3262
767
2907
1084
1433
1719
4009
1478
1501
3778
758
4038
4032
813
144
280
3653
1042
317
37
49
894
268
498
1924
1401
939
3505
2926
681
3282
97
3212
851
576
626
635
225
537
772
817
2748
1147
2818
2528
2487
3187
721
3717
427
54
3221
1194
866
759
255
842
3668
1268
326
619
816
3058
346
732
1301
1154
3490
1549
832
434
176
1852
2517
1206
790
3815
3478
3649
2752
3498
17
841
2898
23
1142
2838
3947
1197
532
406
3569
3836
880
3969
1133
3987
1236
3133
3818
1546
1103
3086
88
3536
3510
557
1690
404
2441
3733
3612
1481
3560
2831
716
1239
4024
4037
3447
1671
341
96
3712
3844
1193
1486
2082
3326
3379
3575
3077
1445
2767
799
47
2227
2185
2650
2847
1544
3515
671
3341
3189
3592
2822
620
549
3984
528
2811
476
2823
2141
1441
3581
1903
3512
410
3563
1564
2675
11
2820
181
3776
2725
1058
3573
808
1492
907
193
1660
3780
95
2903
1081
3783
429
956
1453
273
1414
1023
2618
3632
594
1701
1008
3528
3961
3477
3723
998
3165
2961
3775
3941
3673
3235
1464
3864
3588
2545
3808
3766
3661
3570
2599
1151
4029
3960
3678
1726
3155
18
3802
920
3209
1838
1814
861
383
1412
3215
3891
1585
3091
3275
2934
3334
1442
3899
3833
214
3166
534
1763
1705
1803
1178
3266
3263
3404
3936
408
1274
3918
1273
2391
2804
782
3203
2666
1977
614
657
601
1127
397
3003
3657
482
3403
2686
3111
2959
3167
1889
3093
25
194
299
3826
3768
3866
2902
922
333
3716
3298
3831
3741
3609
372
3772
100
1316
3742
350
309
3754
210
928
1553
1055
1749
3216
3508
3930
3636
2856
802
771
833
850
399
3300
2016
2242
2000
2167
2297
1225
2234
1254
1957
1586
1737
741
738
694
1883
789
742
186
3308
2349
2486
2622
3713
547
968
1801
3305
3861
3602
2400
2702
3358
1579
3685
3526
2474
3131
263
1691
3903
3614
3914
3564
3854
990
119
332
1928
1896
1043
1213
1378
1840
1895
3123
2571
1310
1656
3608
2684
2832
3728
3835
3663
2310
3829
2824
1578
3156
2982
3423
1829
364
377
1640
3441
132
479
311
1828
1469
3168
2360
2193
2316
581
838
792
3193
2440
3364
1944
1591
3644
4012
3976
2587
2765
2497
3260
368
1965
2997
126
1677
322
2584
3400
356
55
66
146
339
605
672
3425
678
616
621
380
518
477
1240
3164
3937
1428
3906
3630
4019
1476
3095
2572
685
3420
46
726
3105
474
3012
2350
3917
3361
593
3329
955
918
3005
3858
3785
648
3197
3642
3337
3832
3523
3845
3702
3452
3883
3502
3248
1005
1760
796
3302
631
2743
2357
3113
3525
3847
3703
2375
652
1988
256
1654
1313
2829
874
1697
1168
2870
243
310
2952
4025
2596
2947
3128
3083
3126
811
1767
753
2217
2113
3100
433
2126
1575
1704
505
551
442
611
590
627
530
2942
2962
2977
3081
128
471
3129
180
405
24
4015
329
75
977
1708
1673
1252
415
2355
1226
105
2008
1046
2696
2412
4031
1145
3315
2570
2621
1232
1779
1363
1629
1921
2270
2759
885
2614
667
1601
1607
589
1325
1203
1410
3729
1087
2049
3011
485
3993
4016
3995
3989
684
974
316
933
276
258
2034
207
50
103
63
1177
224
2909
1805
2569
2094
2938
577
1949
2044
3340
647
670
640
516
486
2807
2891
695
1162
837
809
848
765
2805
830
2096
865
3285
564
1408
3188
853
2269
3028
1499
2983
745
1633
1702
2230
3469
935
1834
3972
3421
2861
253
3997
1915
536
700
3923
4036
1747
454
1907
4007
1769
2286
42
634
1774
3789
3301
1218
1278
199
1090
2581
1044
57
315
2226
3554
1484
1854
3643
3973
1404
3887
1276
3696
3870
3273
3825
451
3000
3489
2699
2453
1241
3909
1503
3646
3144
2106
1140
159
3934
217
2792
4035
1562
2066
3071
1220
358
791
1119
2499
2168
2079
411
297
3562
1196
206
2740
82
3541
2764
783
2999
3749
3436
3691
1189
889
876
439
1265
845
2439
2637
600
519
2927
3943
3451
1700
1157
3438
860
374
3950
1738
2317
692
2265
3555
3627
3242
3322
3530
3199
862
3533
3828
409
1694
3727
3229
155
2917
2280
3920
3314
453
961
1518
2388
2922
3286
3270
1296
3933
3817
494
569
440
2177
3707
610
2501
3250
182
2731
3183
996
1134
743
3755
3736
1885
2948
3637
3388
722
1350
3067
3787
3974
2288
798
1678
1748
3955
1372
3338
3050
3655
1176
437
3732
3217
2930
665
1294
3014
1836
2882
3046
2565
3122
1200
756
1195
386
911
858
803
3494
1937
3103
3979
1077
2660
1007
1121
602
777
1963
715
711
1674
3048
2426
3970
2722
2899
1069
2798
3812
443
682
423
2580
763
3773
891
2318
613
44
2382
720
676
3965
2769
2996
1279
1545
3025
3549
2013
3859
3578
3805
3892
749
2826
3834
3254
1996
3427
3880
3908
887
2612
4008
4034
3801
1096
3484
3669
65
64
347
287
279
240
3414
190
152
27
2358
2685
85
2437
2522
1343
3160
785
2736
1860
1368
3666
2935
123
344
349
3885
143
4
139
3850
3467
1818
209
3479
3806
251
1065
3882
1027
2876
294
2855
4006
138
1474
3055
1050
3367
93
81
2753
1400
2837
336
321
220
201
191
114
371
3062
744
3230
1878
3709
895
289
2362
269
2789
2700
295
987
2535
2515
5
3045
192
964
1731
3686
3748
382
379
1560
233
205
43
3676
307
245
70
1594
2900
28
335
3913
3225
1753
301
3268
971
1627
3251
1581
151
872
19
2998
2963
3481
867
102
3001
1572
3307
3890
226
1389
1051
3271
270
1713
90
3856
3024
3328
3269
35
111
3565
3556
3392
496
3480
318
2427
3346
3593
3706
3664
3809
121
645
3720
352
4023
1114
2923
4026
2158
2641
3061
2721
945
3626
2248
2152
3135
2677
3911
3456
3830
3695
3800
3503
3804
731
664
1150
574
644
2981
38
7
3352
2846
2416
2156
1933
3662
393
351
1743
2889
3283
2703
3318
3311
2525
1555
1355
1568
1097
963
903
1892
938
1118
1030
331
1459
3520
1766
1625
915
2255
3398
1171
1297
760
751
2387
2337
2202
2159
2633
2657
3769
3926
3200
2799
1806
163
3659
3088
73
3422
3034
3112
3079
2894
3743
3384
2913
3149
2749
746
1489
1812
1020
1309
1615
1511
1866
1165
366
520
2914
2758
2951
1098
1825
137
3675
3774
899
2697
3246
1792
2744
3827
1853
3645
3454
3304
3495
3651
3925
3611
3518
2342
275
306
914
942
3566
1541
1727
1881
651
1565
1318
930
1332
1543
1695
538
1631
1155
1109
1338
1217
1519
1642
897
3087
3852
3873
3618
3517
1036
988
1426
1655
1611
1479
1884
1899
1857
1596
1019
1115
1221
3613
3594
3516
3182
3124
2958
654
625
677
3278
1905
951
2995
3233
3410
2713
3240
3176
3295
2724
1387
171
3848
3799
3580
3949
3682
3814
1167
495
445
391
492
544
3018
3896
1299
1308
1141
3493
3680
819
703
3900
3793
572
3509
343
140
3919
3500
3455
1458
1283
1037
1080
1785
3771
1088
1421
1567
1847
1641
597
20
1202
795
762
766
879
2667
2957
2921
2768
3236
2932
1956
2812
3057
2734
3345
3247
2712
400
560
661
578
630
659
2687
582
3401
3753
3710
1342
1831
1188
1052
428
3701
3519
257
1356
1234
1566
1508
919
1406
213
583
643
2291
2036
2406
2018
2009
2640
2225
1935
2022
604
655
592
2488
2160
2162
882
1676
1174
1013
714
3616
3513
1686
1756
1624
1703
1634
1348
1152
1258
1681
1504
1815
1041
1011
944
510
455
3514
3488
3687
3504
3551
3279
3912
3473
168
3587
3964
3535
3694
3816
3395
3145
3287
2881
3325
3008
8
2816
2801
101
80
254
3951
3463
3591
3690
3869
2364
2006
2585
1968
3938
3877
3851
3674
3886
3797
522
3336
2949
3499
3821
323
141
39
586
1108
202
546
426
170
108
21
284
184
36
1187
1328
1698
2231
2186
3672
3884
3841
3559
3545
3681
3485
3876
2933
3063
3020
725
1980
2284
2116
1958
1919
1998
1972
2627
1999
2639
2636
1991
2647
2346
2365
2012
2435
1995
2583
2171
2538
2061
2027
2658
2645
708
2841
2739
770
737
829
719
784
3009
707
786
261
104
313
2444
2207
1435
1540
3715
548
373
3178
3110
769
3529
2312
3002
3369
3313
3482
3698
3181
3372
99
68
3915
3810
3620
3027
863
187
94
266
231
16
2813
3171
991
3127
2817
2656
3625
2705
1974
1910
1901
1324
1783
1706
1787
1314
1371
1468
1758
1593
3097
1505
973
1733
1880
3944
3590
3867
3634
3823
1180
1001
464
3173
3196
3256
3431
2670
3309
2879
2634
106
84
325
298
13
239
236
122
1089
2129
2089
2051
2790
779
754
3982
3617
2411
2209
2035
1964
2228
3791
3822
2120
2173
2341
1960
2405
2373
2503
2070
2260
2371
304
134
303
285
169
3
62
40
221
200
26
338
252
342
203
67
612
609
622
3761
3534
3794
3601
3460
3572
3583
4021
617
2245
820
724
3739
3871
2105
3762
3640
3731
3730
3450
3971
3491
3457
3765
3501
3471
3737
3497
3750
3596
3953
3449
3677
3605
3860
3721
3692
3948
3683
3633
3962
3824
3756
3440
3952
4018
4030
41
3718
3483
3506
3863
856
840
729
698
2422
2197
2313
2548
389
1136
563
435
369
2214
636
579
359
653
618
588
632
628
274
188
72
60
113
164
56
2361
2424
2146
2080
219
1186
1837
1216
1784
992
958
1533
1033
1337
908
1360
3872
1317
1085
1687
1494
4004
4003
4013
3999
3998
4002
4027
2397
2534
1975
1990
31
271
291
222
290
156
118
172
109
281
142
79
161
345
658
650
509
381
730
761
780
814
774
740
805
778
705
712
739
688
764
823
797
824
713
827
815
697
828
701
747
883
878
748
831
696
787
773
781
728
3784
3459
3582
3486
3711
3738
623
3290
58
901
1137
1493
1452
1319
3740
3521
3496
3470
3862
3924
3584
3468
3524
3458
3623
3665
3622
3705
3719
29
208
334
148
98
133
283
150
250
324
59
834
886
843
869
890
826
849
3888
3788
3839
3734
3693
3760
3586
3889
3667
3968
3916
3929
3577
857
3790
3604
3543
3902
3697
3684
3475
3966
3603
3462
3540
3838
3576
3658
3448
3557
3796
3670
3770
3561
3629
3599
970
3574
1588
3786
3714
3550
3552
807
757
871
718
709
734
706
810
847
733
892
836
825
844
818
793
710
3442
3763
3735
3472
3764
3895
3511
3792
3945
340
51
282
260
6
178
185
204
302
196
92
91
76
71
232
314
218
177
174
117
248
160
249
308
300
147
69
30
235
237
131
74
52
312
286
175
135
212
288
247
228
227
246
230
229
259
145
14
116
125
86
83
319
115
89
127
234
215
320
262
293
292
195
267
328
162
198
78
153
812
755
775
736
690
750
846
855
704
689
788
717
852
868
801
776
877
699
873
2014
2004
2626
2099
1950
1976
1973
2648
2145
2568
2478
2401
2192
2025
2443
2222
2479
2508
2523
2011
2274
2163
2039
2144
1945
2496
2294
2272
2254
2241
1994
2635
2617
2155
2643
2305
2133
2132
2029
2075
2390
2652
2459
2475
2458
2273
2239
2169
2343
2603
1923
1951
2438
2071
2183
1932
2396
2221
2101
1926
1954
2328
2417
2608
2198
2151
2135
2302
2384
2471
2174
2153
1939
2419
2330
2296
2498
2461
2367
2180
2072
2642
2247
2191
