107
2839
3437
2616
0
686
705
628
3906
332
3830
3521
3593
1837
3478
1307
805
3523
2320
323
852
326
3482
3519
806
3671
213
291
229
598
1829
3217
2474
3949
3492
1317
125
1468
3900
3583
2587
3634
2739
3980
3242
3660
3994
2728
3763
128
3473
746
1725
41
1236
22
635
590
2528
3995
274
156
333
3812
112
311
642
4030
3802
779
3659
230
3742
3425
3083
3979
3607
254
2535
3423
278
2
433
945
3535
249
3697
2505
1854
3405
3541
1731
179
3641
751
577
1362
949
1139
1830
1785
691
212
54
3134
74
702
594
602
463
3643
785
3926
2022
91
3662
3575
3571
77
3890
2860
3167
1212
102
2789
573
2426
1425
3749
1395
3194
78
770
3834
1773
2984
335
886
255
1474
3268
294
2811
855
708
410
58
1913
673
2935
3375
689
3483
582
2382
2891
1434
813
2217
2808
1739
120
948
3357
266
377
449
1858
593
880
843
3809
4017
2437
1442
867
3507
2515
549
2671
4031
3450
3439
850
3522
3897
585
2809
1187
663
3585
146
3468
739
766
636
2978
3428
799
3899
8
3218
2065
3527
3891
531
1281
1062
1745
1699
3627
670
1518
1186
204
3612
3972
656
2962
3382
1316
3221
755
3644
1096
3063
3427
3772
3588
1852
3639
3753
349
3733
3986
3260
3549
3441
214
1033
918
2614
3718
589
1394
3703
565
681
2082
2447
2263
865
3256
943
648
2857
2605
2965
2791
2129
3868
265
3282
3954
3849
3792
3904
871
1249
3680
3616
3880
3171
380
286
3981
4034
2693
1499
1674
2667
3068
228
459
1430
1915
385
2350
3432
100
1905
3846
3420
2699
807
810
3924
1189
3566
453
825
3958
1667
2947
1568
1314
154
1137
1492
998
3305
1806
1174
4016
2725
2035
51
217
721
3003
300
2260
861
3444
2316
3349
621
826
2357
535
1486
3547
3626
597
3275
2792
3944
1016
3993
3862
1093
1521
550
3494
3801
52
3911
105
1088
3028
3613
1441
305
3621
3864
3647
1996
1094
3751
60
3632
2186
3436
837
2569
3314
2971
610
725
3503
3957
3688
1440
504
2375
2964
3698
434
912
196
4002
111
1681
533
3910
64
34
14
1836
3254
3788
2942
2752
1065
49
32
1321
127
164
1710
3303
1575
243
3565
327
68
2230
443
2362
3338
3744
894
1058
950
3516
2788
2450
571
1641
356
2870
3657
1387
445
2690
3177
1654
765
3318
3103
1869
477
518
3222
354
3245
1642
3673
38
3843
331
3039
2219
869
684
1325
3652
3354
2780
720
3190
879
2972
895
578
665
3824
543
470
3573
3860
2710
701
787
1797
740
782
1889
2686
1719
1567
862
1967
1301
3845
2349
3555
874
3776
3560
700
3721
1450
446
24
3208
3178
3236
1119
907
247
3442
3803
3561
2702
3302
734
844
3243
3328
729
3115
3370
741
220
195
1084
1749
411
2740
692
2141
1887
2050
469
3694
3139
395
175
3032
3708
3701
2660
575
1624
193
979
3934
2481
2298
2158
3833
959
3951
143
437
522
586
1445
1422
839
2346
75
314
2036
141
833
1108
23
1225
924
201
2747
3818
2850
858
600
2225
2682
73
1481
90
3334
2979
159
3771
2651
3670
399
447
3858
16
796
1203
57
1022
2898
3469
3131
3825
3568
42
2342
3301
2889
2670
2570
2531
1784
3531
270
2641
3696
3674
1838
2983
2952
2968
181
3368
3839
1140
3977
307
3109
1011
37
1071
706
780
3853
974
3006
900
2013
3917
4020
3988
2265
319
914
20
1241
3863
85
2019
2441
3781
2439
2779
1544
955
234
87
1143
1497
486
3141
191
309
3658
1560
2774
1473
1268
1258
3241
3157
3088
3886
1293
1264
795
1464
280
123
63
744
199
3916
3939
3600
3290
1145
2821
253
846
336
2470
3143
2847
3987
442
1755
3983
3042
3992
4018
3379
1477
3548
3079
2930
3602
3352
2685
3761
3630
2379
2824
3915
1498
1775
3556
875
3965
3058
3186
2455
2360
987
427
3999
3431
3878
1266
2950
3855
502
2599
1038
1005
1579
1451
2848
3447
1194
3908
1607
1658
3719
3175
3271
1397
235
716
1787
901
1713
2182
3130
985
3537
936
3929
152
202
3582
4008
3333
3935
3624
3745
3372
940
2284
1627
1147
2656
464
299
69
2517
1031
2722
1808
2923
3202
2456
2175
61
2541
1234
1064
3163
667
3308
1924
139
208
3281
6
106
2776
1485
142
3367
3251
12
3946
3811
2736
3500
2974
1698
860
347
3276
31
1365
3485
2494
2998
3723
3294
287
1670
562
680
870
660
3203
324
2568
2580
2518
3231
2106
2967
3777
3678
1254
1767
2027
3798
3882
210
3471
2454
153
3893
3472
3504
3815
1631
44
3551
2269
260
3055
3765
910
3102
620
279
338
276
2859
551
2596
1802
184
82
1982
3820
994
693
2380
639
1208
1751
1807
2490
3429
3594
1270
1010
2255
3746
669
281
297
7
2207
1342
2193
1928
2014
3727
316
5
205
3361
3464
118
39
3069
1111
1405
919
1433
1274
835
1087
996
2858
2231
2448
2632
65
96
130
668
2006
2192
3896
2767
1275
1099
258
409
532
86
177
3822
3667
981
664
131
225
413
2663
800
3767
1002
2548
892
3685
3189
920
1855
3396
482
3756
3474
3463
3592
3517
1788
887
3813
3942
1403
804
809
3578
420
421
3654
662
632
3283
2879
3311
2954
3200
1073
1923
3110
361
547
396
2764
2678
2171
2226
3100
1744
2185
3567
3892
937
1552
2926
2061
4007
135
3408
167
93
1561
491
1311
17
3996
4028
358
3543
3213
3526
859
3278
1657
3108
2957
541
676
3789
1383
3959
818
2982
2277
3246
3791
3787
1356
1385
1545
149
