0
4022
892
3996
3709
2569
3974
1386
1581
875
4008
4035
3987
749
4029
859
2470
1834
215
447
638
18
3650
11
607
358
624
256
3746
90
205
1270
443
154
1394
153
2857
3589
3282
267
1253
228
3699
1034
190
1157
2980
3724
3914
1711
860
179
775
233
891
877
884
855
743
757
750
744
699
4036
4012
801
883
4015
3984
4024
4001
4028
3983
3991
3992
4007
4033
3999
4011
4037
4003
3989
4027
3985
4013
4002
4018
3988
4019
4000
4017
4020
3986
3997
3981
4038
4026
3995
4031
4030
4023
4021
4014
4009
4004
3998
3994
3982
3980
686
687
688
690
693
694
695
696
697
698
701
703
705
706
708
709
711
712
713
714
718
719
720
722
723
724
726
727
728
729
730
731
732
734
736
737
738
739
741
742
745
747
748
751
752
754
755
758
760
762
763
764
765
766
768
769
770
771
772
773
774
777
778
779
780
781
782
783
784
787
789
792
793
794
795
797
799
800
803
804
805
806
807
809
810
811
814
815
817
818
819
820
822
823
824
826
827
828
829
830
831
834
835
836
837
838
839
840
842
843
844
845
847
848
849
850
853
856
863
876
878
889
702
715
716
746
753
756
759
776
808
833
861
707
813
821
710
725
733
786
816
740
761
767
812
867
885
886
796
880
882
888
890
689
791
700
869
872
874
870
873
871
887
881
895
798
691
825
846
879
735
802
704
721
858
866
864
788
851
594
790
893
894
832
717
852
785
854
3993
3990
4025
4016
4005
841
4006
4034
4032
692
4010
210
613
3031
668
2269
3451
3453
37
292
3856
602
3570
2195
12
287
1560
1206
3230
1096
15
3183
3798
209
3853
1145
3071
114
674
585
74
911
3820
608
3935
918
43
1466
2596
2457
2842
550
335
1119
3748
2079
3729
282
3846
244
3268
42
33
3407
581
642
145
286
241
47
401
3885
1224
377
255
2814
3006
1854
52
2788
468
1967
3875
279
160
1276
379
2704
1326
1430
648
70
3922
3408
183
3808
2541
316
3854
2740
1690
2382
35
3732
1176
1065
3688
3134
3807
1233
3879
3942
1755
1395
1558
305
3125
216
138
1262
3704
234
3959
2792
3037
2691
383
386
81
1586
2483
1046
3801
182
2595
1208
904
301
411
157
3717
356
3560
1627
3691
1693
1027
49
253
1760
155
97
1071
3744
2808
2168
247
1252
3413
191
667
112
293
2952
2860
2998
499
76
2975
660
207
571
3733
3816
899
71
240
3467
2442
1353
336
3575
3955
3582
2798
454
3689
2714
2481
656
2922
2178
448
3928
3597
61
3811
164
2722
1362
2380
321
294
1194
1546
3375
1002
1105
2527
174
384
192
552
120
3781
124
2204
307
262
868
3954
467
270
2106
2565
3965
327
3910
2838
996
3121
945
3953
1937
865
453
3897
202
1762
3003
220
3588
1651
530
3946
3882
3565
1996
1856
406
288
3978
3143
3952
3537
1969
166
3765
2885
2855
572
125
1474
2971
1713
3494
673
3939
3865
289
2963
1200
201
1022
206
3686
3673
2441
1031
652
3653
1510
1383
3619
1890
3887
3544
1797
1442
1147
3147
464
3271
351
2817
1057
610
3694
3839
2437
2167
472
110
3637
1038
593
3227
2431
1455
3787
910
671
349
245
235
3055
1486
1579
264
3742
485
2422
1354
250
3676
1476
1417
193
152
3890
3310
3290
2774
1777
1657
46
34
3925
3844
3678
3606
3444
2634
2230
3429
2505
562
3074
2736
2015
1776
649
3489
3305
283
3849
1295
1264
929
27
2692
219
3127
3059
2219
498
3795
1346
3805
3217
1607
371
3477
2899
2621
2493
147
3457
3270
2884
3749
2776
1792
1521
1301
1133
3970
3661
3660
3432
2671
1168
269
77
3161
1151
229
102
86
32
3977
3859
3848
