0
4028
4024
3650
642
1386
3570
4029
4022
3606
4032
3742
155
3984
157
1096
52
775
2079
2857
210
2596
1690
3597
215
1034
3811
90
2842
2860
3732
2470
2178
3413
3230
3820
3183
2798
4010
1755
2714
801
321
3453
358
638
47
2569
1581
383
3954
4001
581
3989
3992
3997
4009
3981
4025
4007
4033
4021
4000
4037
4014
4003
4038
4011
4004
4023
4035
4034
4030
4026
4020
4019
4018
4017
4016
4015
4013
4012
4006
4005
3999
3998
3996
3995
3994
3993
3991
3990
3988
3987
3986
3985
3983
3982
594
4031
4002
3980
4027
4036
4008
216
255
81
190
305
262
112
151
229
250
27
300
243
167
244
86
152
160
139
273
230
49
57
97
159
6
127
36
183
144
28
14
269
259
110
8
327
219
51
23
328
195
181
4
294
298
254
130
24
314
301
33
143
337
137
93
178
247
16
336
270
237
312
227
174
41
17
199
148
129
65
283
333
326
226
20
73
54
2017
2204
2431
3429
249
329
31
341
84
208
185
117
340
223
165
258
272
176
141
123
45
325
322
276
271
232
221
66
63
60
40
281
252
239
235
197
188
170
142
108
105
39
2219
2517
3006
2722
128
119
64
393
194
94
92
48
347
346
345
344
343
342
338
335
334
332
331
330
324
323
320
319
318
317
316
313
311
310
309
307
306
303
302
299
297
296
295
293
292
291
290
289
288
287
286
284
282
280
279
278
277
275
274
268
267
266
265
264
263
261
260
257
253
251
248
245
242
241
240
238
236
231
228
225
224
222
220
218
214
213
212
211
207
206
205
204
203
201
200
196
193
192
191
187
186
184
182
180
179
177
175
172
168
164
162
161
158
154
153
149
147
140
138
135
134
133
132
131
126
125
124
121
120
118
116
115
113
111
109
106
104
103
102
101
100
99
98
96
95
91
89
88
85
83
82
79
78
77
76
75
74
72
71
70
69
68
67
62
61
59
55
53
50
46
44
43
42
38
37
35
32
30
29
26
25
22
19
18
13
11
10
9
7
5
3
2
1
899
2528
2565
1996
2245
2158
2167
2094
1956
2421
2106
2456
2034
2515
2263
2041
2281
1924
1977
2651
2422
2405
2577
2181
2162
2051
1949
1933
1922
2119
1915
2558
2439
2100
2587
2424
2227
2360
2238
2146
2070
2120
2262
2545
2618
2341
1960
2455
2258
2486
2443
2401
2076
1992
2092
2353
2013
2314
2236
1936
2454
2335
2166
2613
2006
2350
2359
2326
2299
2290
2276
2357
2523
2373
2657
2129
2049
2601
2578
2484
2206
2200
1963
2620
1998
2061
2633
2027
2025
1919
2926
3216
2776
3427
3421
2733
3218
3200
3141
2963
2805
2804
3155
2990
2965
2933
3171
3180
3042
3336
3083
3227
2735
3317
3030
3380
2861
2819
2666
3148
3112
3399
2749
3127
2709
3313
2967
2854
3357
3215
3093
3175
3143
3416
3092
2931
3372
3251
3131
2902
2981
2668
2932
2755
3312
3259
2832
3414
2695
3325
2699
3323
3236
3364
3301
3202
2988
2912
3349
2723
3073
2945
3232
3080
2809
2794
2741
3417
3257
3243
3220
3135
3119
3014
3000
2993
2956
2953
2928
2920
2915
2773
2681
3382
3318
3283
2972
2959
2834
3426
3362
3339
3237
3108
3098
3096
3026
2969
2913
2908
2906
2897
2877
2839
2800
2754
2750
2698
2843
3231
3114
3104
2851
2726
2710
2838
3345
2316
1982
2639
2011
2159
2121
2287
2659
2585
2365
1999
1935
3272
2790
3396
3341
3337
2893
2868
2787
3365
3188
2044
2440
2270
2514
1944
2322
2291
2660
2583
2447
339
315
308
304
285
246
169
156
146
122
87
56
21
1972
2615
2606
2579
2507
2485
2407
2370
2356
2306
2300
2261
2201
2109
2055
2020
1971
2426
2466
1974
2556
2542
2506
2469
2433
2386
2376
2331
2323
2308
2275
2237
2140
2139
2112
2104
2098
2093
2084
2045
2037
1997
1925
1918
1917
2312
1913
2230
2640
2171
2157
2009
2304
1952
2400
2305
1970
2560
2536
2274
2644
2641
2610
2580
2566
2557
2534
2503
2366
2296
2272
2242
2231
2226
2214
2205
2193
2186
2175
2173
2085
2066
2434
2096
1923
2128
2414
2393
2387
2383
2211
2147
1964
1942
2603
2537
2438
2390
2235
2075
2063
2524
2295
2635
2417
1916
2643
2630
2611
2602
2600
2593
2551
2550
2518
2495
2468
2428
2408
2395
2384
2379
2355
2340
2271
2266
2240
2208
2142
2127
2095
2058
2057
2040
2030
2021
2002
1947
1946
3422
3140
2937
2901
2720
2675
3327
2876
3174
2961
2946
2924
2916
2905
2866
2705
2680
2676
2664
3334
3177
3079
3068
2739
2662
2829
2696
3244
3091
2824
2820
2697
3386
3170
3132
2991
2863
2833
2828
2708
2892
2812
3356
3285
3210
3207
2830
2737
2728
1760
2885
3003
2740
904
217
189
150
1264
806
833
702
1295
985
351
657
441
572
467
356
564
364
401
1417
648
681
577
611
618
661
658
643
640
583
578
163
80
1133
3266
3107
2859
3061
2882
3329
2784
3063
2997
3320
3039
3010
2894
2958
2701
3062
3038
2957
3340
3121
2923
2848
2818
2971
1263
2658
2656
2655
2654
2653
2652
2650
2648
2647
2646
2645
2638
2637
2636
2634
2632
2631
2628
2627
2626
2625
2624
2623
2622
2621
2619
2614
2612
2608
2607
2605
2604
2599
2595
2591
2590
2589
2588
2586
2584
2581
2576
2575
2574
2573
2572
2571
2570
2568
2564
2563
2562
2561
2559
2554
2553
2552
2549
2548
2546
2541
2540
2539
2538
2535
2532
2531
2529
2527
2526
2525
2522
2521
2520
2513
2505
2504
2501
2500
2499
2497
2494
2493
2492
2490
2489
2488
2487
2483
2482
2481
2480
2479
2478
2477
2476
2474
2473
2467
2465
2464
2462
2460
2459
2458
2453
2452
2450
2449
2448
2446
2445
2444
2442
2441
2437
2435
2432
2430
2429
2427
2425
2423
2418
2416
2415
2412
2411
2410
2409
2406
2404
2403
2402
2397
2396
2392
2391
2388
2382
2381
2380
2378
2375
2374
2371
2369
2367
2364
2363
2362
2361
2358
2354
2352
2351
2349
2348
2346
2345
2342
2339
2337
2334
2329
2325
2324
2321
2320
2318
2317
2313
2311
2310
2309
2307
2303
2301
2298
2297
2288
2286
2284
2280
2278
2277
2273
2265
2260
2259
2257
2256
2255
2253
2252
2251
2249
2248
2244
2243
2234
2233
2232
2229
2228
2225
2222
2221
2220
2218
2217
2216
2213
2212
2210
2209
2207
2202
2197
2196
2195
2192
2190
2189
2188
2185
2184
2183
2182
2179
2177
2172
2170
2168
2165
2164
2161
2160
2156
2154
2152
2150
2145
2141
2136
2134
2131
2130
2126
2124
2123
2122
2118
2116
2115
2114
2113
2110
2108
2107
2105
2103
2099
2097
2091
2090
2089
2088
2086
2083
2082
2080
2078
2077
2074
2073
2069
2067
2064
2060
2059
2056
2050
2048
2046
2043
2036
2035
2033
2029
2024
2023
2022
2019
2018
2016
2015
2014
2012
2008
2005
2004
2003
2001
2000
1995
1994
1993
1991
1990
1989
1988
1987
1986
1985
1984
1983
1981
1980
1979
1978
1976
1975
1973
1969
1968
1966
1965
1962
1961
1958
1957
1953
1951
1950
1943
1940
1939
1938
1937
1934
1931
1930
1929
1928
1927
1921
1920
1914
1053
551
3196
3167
3002
3190
3072
2898
2841
2836
2700
3011
3434
3403
3351
3335
3316
3261
3239
3206
3185
3169
3152
3120
3116
3110
3089
3076
3027
3021
3007
2979
2793
2781
2770
2716
2674
3397
3302
3069
3436
3435
3433
3431
3430
3428
3425
3424
3423
3420
3419
3418
3415
3412
3411
3410
3408
3405
3402
3401
3400
3398
3395
3394
3393
3392
3391
3390
3389
3388
3387
3384
3383
3381
3379
3378
3377
3376
3375
3374
3373
3371
3370
3369
3368
3367
3363
3360
3359
3358
3354
3353
3352
3350
3348
3347
3346
3344
3343
3342
3338
3333
3332
3330
3326
3324
3322
3321
3319
3315
3314
3311
3310
3309
3308
3307
3306
3305
3303
3300
3299
3298
3297
3296
3294
3293
3292
3291
3288
3287
3286
3284
3282
3281
3280
3279
3277
3276
3275
3274
3273
3271
3270
3269
3267
3265
3264
3262
3260
3256
3255
3254
3253
3252
3250
3249
3247
3246
3242
3241
3240
3238
3235
3234
3229
3228
3226
3225
3224
3223
3221
3219
3217
3214
3213
3212
3211
3209
3208
3204
3203
3199
3198
3197
3195
3194
3193
3192
3191
3189
3187
3184
3182
3181
3178
3176
3173
3172
3168
3166
3163
3161
3160
3159
3158
3157
3156
3154
3153
3151
3150
3149
3147
3146
3145
3144
3142
3139
3138
3137
