1912
107
1684
3437
2750
348
3320
0
1204
366
686
3232
2951
3501
497
239
3434
896
2364
688
475
3596
705
592
1703
3302
784
2679
3625
1935
580
3116
1475
271
3211
2636
531
2978
3173
1314
2780
236
2146
3459
856
2342
2897
2934
3586
3810
3506
1310
3309
1012
3785
3862
2231
687
1052
3172
2620
3299
2538
824
456
48
313
3474
3369
1231
1406
1991
2830
408
169
609
3170
2397
3672
591
468
3947
3015
636
3191
3399
2884
658
1450
1847
329
1127
1468
3519
3720
2718
701
573
3440
3618
2085
277
1687
1347
1328
2682
1956
1424
3032
489
249
3687
2999
829
2535
1921
3572
326
2548
712
1446
1548
3233
3423
2840
2320
361
961
1378
1566
3842
1274
3109
2686
2741
280
661
1360
2810
1508
3314
452
2851
3620
3646
1518
641
3435
2222
3825
3604
669
1691
181
3980
314
3753
537
3415
3214
1937
776
2725
3180
3476
199
3010
3643
815
3328
942
1067
853
931
741
2854
3498
2818
890
3407
3184
3034
868
2365
1505
2783
3060
1268
1318
1155
2082
2168
1727
2822
439
3848
2909
2771
3421
135
2799
334
3516
148
3410
114
82
1248
3235
1299
845
3770
3539
2387
150
2926
3244
270
14
3696
84
1961
793
2949
3400
3653
928
434
495
245
3588
371
174
605
2540
295
126
3483
486
2248
1569
3783
3890
3556
208
1113
1473
1355
1464
3297
1461
2870
2097
2569
2784
773
710
2562
1451
2845
3047
3458
708
3570
3259
662
172
3999
4028
257
477
1419
1345
1348
2023
3860
3790
3408
3754
3003
559
301
1859
3059
3869
3463
3271
3984
1150
2959
1252
3581
1065
228
1949
137
3243
2849
838
2656
2832
1046
3849
447
3882
4004
1807
1812
1969
2893
3939
99
685
3125
618
394
2904
1593
1364
1904
1306
215
884
3067
2426
3422
3203
3492
979
2424
3177
3162
3661
1895
3543
1778
707
782
156
3178
2804
312
1952
3963
3919
1002
723
2413
767
3548
211
1996
152
2764
2924
3270
254
1532
1896
2438
2692
3544
1720
818
676
1751
449
3859
2733
875
1885
3892
3709
728
3805
146
3439
3368
2262
151
3391
3155
422
68
2873
3690
1749
1108
39
869
3278
867
694
1919
2658
2792
3225
3536
1922
1273
1025
715
240
2411
1226
2286
1501
2525
1005
23
3119
3841
2738
2933
3310
817
3836
4009
851
835
704
341
3039
118
67
3551
3505
38
3189
3255
3585
2745
1797
3815
2908
3181
1138
413
990
1756
1354
2735
296
1660
3323
1967
891
3934
2013
3108
3218
4032
1870
3731
3352
3716
2961
2587
1414
198
3668
94
3428
2160
3589
3820
1931
1077
3272
2260
1913
834
2812
1296
3835
3394
1543
3777
2841
3725
861
2820
110
502
2834
3606
2181
1825
2012
3798
3305
3582
3063
2651
260
3906
3834
3571
1708
595
2848
3094
2795
3190
733
2995
399
3268
857
3427
3959
706
387
494
506
3659
93
4022
22
3982
3678
3036
4017
225
3856
3760
2732
2670
4012
3451
379
3663
4027
743
1574
3149
843
1672
670
191
75
210
3967
3817
2859
2640
652
2704
244
4002
299
2515
1301
1224
3283
3508
1850
3977
2517
904
3746
3031
949
2781
1990
3042
593
2167
435
1030
3766
889
3819
1657
2440
2349
3503
3675
3786
3443
1697
1397
3333
1642
1998
2577
2360
2156
3354
1218
2678
3139
3580
117
134
3910
1228
3594
2922
3852
796
2186
65
1432
3624
3812
2171
821
1564
1821
190
2794
2301
3198
2716
41
3487
3917
840
3531
1098
1081
1007
374
759
1647
1716
403
762
3574
286
1114
1223
1802
901
1319
777
3405
3897
1154
2744
2829
2113
3093
292
3962
2768
3275
1342
2486
1634
1383
2846
3238
634
1801
3146
246
653
619
407
3258
157
1202
3715
3389
214
3013
283
3569
3552
1196
3393
976
3723
2252
503
241
2034
112
3450
615
3246
735
3633
2421
2185
1872
247
1818
105
4036
882
212
599
2166
3991
3792
2905
2382
3377
3263
3371
269
3477
770
956
892
11
1346
3587
2697
3395
3823
130
3147
1641
498
421
937
642
1167
3194
1281
1164
3726
1372
3575
943
1546
3940
253
1396
256
2803
541
2895
2605
1676
79
720
3747
3744
2571
1039
528
3072
3958
4011
123
886
133
3695
812
462
2838
1710
2431
955
3797
2806
89
3765
932
702
411
1057
3936
2402
1910
2570
3942
1444
1631
622
54
97
2130
1486
3242
3769
3775
2094
2965
2823
509
3816
2080
1731
3670
2817
1053
3409
1630
474
1817
2942
316
3532
3854
255
2041
584
873
3779
3312
3911
2457
3811
1498
433
671
745
58
699
3388
3193
2503
816
303
1836
556
3456
472
1512
3983
801
903
620
3138
656
4033
3183
3445
443
442
3901
1239
3166
3704
504
2767
3517
3826
193
1197
3997
1830
974
1865
742
291
248
478
2449
2106
4013
2740
3755
3550
4007
364
888
2982
3216
1458
4035
3679
3157
307
644
3494
846
536
3597
3681
42
3929
3858
760
726
778
510
3700
872
551
1490
3845
1373
2226
3964
716
3103
1055
186
587
596
769
289
3455
654
3616
223
2874
3175
1141
2288
410
3424
396
1259
985
2444
1478
3956
3375
3276
3471
3853
3635
1915
2051
1745
2528
1333
102
1837
810
1655
1858
1120
709
758
3530
3380
3682
1905
3814
1100
912
3837
66
63
2663
3300
1562
3053
2035
1960
3818
3927
3757
2622
3161
1233
3573
2877
2148
2162
3221
2388
1106
171
2066
8
3850
3644
2972
1326
330
3995
2050
2930
627
2977
3301
3992
1142
2141
2969
1677
4030
95
339
111
1558
409
162
970
3495
459
2892
3821
2998
1705
1307
390
2614
1611
2644
539
3087
2752
1744
1565
3231
2580
2837
730
3261
2958
184
47
1058
80
3510
485
1552
3893
263
1831
473
1016
3040
1762
3453
467
3974
3568
222
62
274
866
972
3899
923
3665
1257
405
33
2802
267
2036
550
298
786
2100
1439
250
160
2317
757
3844
344
1995
2583
3111
751
3833
1477
578
288
1099
1454
2422
1495
1068
965
1417
1965
3355
310
3799
1368
1434
3941
3801
2979
911
3199
3057
950
3159
491
2427
1303
3006
744
3888
1607
3249
2338
2907
2766
2612
2903
2158
401
2774
714
3883
3806
2110
149
3307
935
691
1400
1545
575
2811
3018
2728
3356
764
453
2825
3285
3441
4018
127
1410
3867
3636
3759
909
2328
1169
1131
1270
2096
1582
1168
1769
1362
3130
1438
717
201
3691
12
3126
666
1651
96
78
3502
3904
2379
4038
4020
1581
167
17
2099
3481
2310
3547
3758
365
1901
1265
3652
27
179
3807
2790
3718
1992
147
1304
1777
3730
1936
2621
1654
788
1466
2857
2393
3429
183
516
3996
665
1105
273
3622
3030
3493
1443
1974
3467
1690
3537
2291
848
3773
3148
3136
233
1387
3165
115
833
3647
1133
195
2400
3627
2470
234
1696
2796
3846
3813
3621
1719
1435
520
1722
1118
1069
841
380
2641
386
3213
284
746
1843
1139
419
674
1392
2707
973
3932
1484
2371
2321
1942
2814
404
1784
2480
3509
795
2821
852
2011
3290
3954
790
3478
3289
64
3511
772
1187
3043
287
2945
1394
1145
2274
138
1109
406
3217
3202
3914
4037
3489
140
3446
3436
2736
1667
1022
2522
3987
45
2265
603
765
1627
2842
131
2019
6
3981
2910
692
1430
15
3092
3055
3608
235
173
858
3418
2441
894
2808
2684
3923
1527
756
3699
1063
3414
2855
3619
631
907
749
335
311
4
3965
2944
122
951
469
440
36
2702
90
2714
2776
2177
2566
2928
2964
3081
3921
3763
32
1207
1436
954
1706
624
2472
3150
207
1453
180
92
999
2932
2618
1073
3878
3931
3390
3986
1724
2819
2318
2987
3084
2378
3748
4029
259
2514
612
2887
3004
3752
3945
100
2197
2789
1602
3673
1286
830
1298
46
922
1764
1097
1010
3935
3343
3761
1212
1617
354
1977
3215
3713
1253
1808
2493
1776
1188
1515
2429
430
3367
2067
258
272
1332
3560
3541
3373
377
987
535
2853
3689
2665
3667
3943
2534
3561
864
761
2721
1338
1510
1524
1244
3739
3326
1814
3332
315
3839
3847
1894
1064
1828
3610
3240
2572
1635
876
878
3212
1428
3791
2882
586
471
1246
2952
3196
3062
3641
771
1313
3828
3651
3077
2690
2984
1666
21
2865
3448
2664
2079
3631
583
1337
2442
914
2798
3664
4034
3729
690
2120
2204
49
294
378
1514
1320
930
1194
611
1321
1095
832
3658
3913
1061
1042
1876
205
3210
2762
