0
699
4012
4008
4006
4029
875
891
3983
607
1206
3183
624
3808
3134
2922
191
2441
4001
4032
801
4015
785
852
2457
15
638
3071
18
2569
3798
292
3853
447
3974
550
3729
674
581
233
401
286
205
3875
468
3922
1233
3688
3854
267
153
3282
1046
253
3560
3717
155
3733
3699
2178
2998
2106
192
262
2565
3781
3588
2885
3686
1762
2971
3271
1263
657
300
3766
1050
3349
2422
2437
220
453
868
386
81
860
256
883
4028
4025
3990
4007
3999
4037
4003
3985
3993
4013
4002
3988
4018
4020
3981
4019
4017
3995
3986
4026
3994
4038
4009
4021
4004
4031
4014
3998
3997
3982
4030
4023
3980
3992
4000
4022
4036
4016
3989
3984
3991
594
750
692
4011
841
859
4034
4024
4035
4010
892
895
802
858
866
790
757
4027
744
3996
4033
4005
749
710
885
796
871
874
881
870
846
704
879
864
851
788
894
893
884
717
855
743
775
686
687
688
694
695
696
697
698
701
703
705
706
708
709
711
712
713
714
716
718
719
720
724
726
727
728
730
731
734
737
738
739
741
745
747
748
752
754
755
758
760
763
764
765
766
769
770
771
772
773
774
777
778
779
780
781
783
784
787
792
793
795
797
800
803
805
806
807
809
810
814
815
817
818
819
820
822
823
824
827
828
829
830
831
833
834
835
838
839
840
842
845
847
848
849
853
856
889
693
732
762
804
837
843
844
723
729
736
751
753
768
789
794
836
876
722
742
782
799
826
715
863
850
756
813
808
759
786
861
707
746
816
821
878
733
811
690
882
761
888
689
702
812
767
880
740
725
886
776
791
700
890
869
867
691
872
873
887
798
825
721
735
877
832
854
3987
2842
3748
3031
585
1581
1145
1096
3230
1560
1834
37
613
3820
918
287
1386
3856
1119
3650
1466
2079
43
335
2596
3570
2470
210
209
911
114
74
215
12
3453
668
2269
11
358
3709
3451
3935
2195
602
608
3846
642
3407
33
3746
244
3268
282
42
145
90
1224
3885
255
47
241
377
179
52
443
1854
154
2691
2792
2788
2814
1394
3037
1755
1065
2857
160
1430
2541
1326
216
1270
2704
279
3959
3125
2382
1276
379
35
2740
1967
1262
305
3879
70
3807
234
3408
3589
2483
1558
1176
1690
3704
3732
1395
183
138
648
3006
1586
3942
2595
316
182
1208
904
301
157
3801
383
1027
1627
1693
97
1253
356
49
411
1071
1760
3691
112
293
71
667
247
2808
3744
899
3816
61
1002
571
2168
1194
2527
1105
228
1353
207
3597
76
1252
1362
660
448
656
294
1034
3811
2860
2380
1546
336
3575
2481
2798
2442
454
321
2975
2714
499
3467
3413
3582
240
3928
2722
164
2952
3375
3689
3955
174
120
124
572
467
865
3954
552
307
3121
2838
3565
384
270
1996
201
2204
202
3897
3946
166
996
945
3003
1383
530
3537
3953
1890
327
206
1937
3619
190
3952
3147
673
3865
2817
1474
3653
1713
125
1022
3939
652
289
3882
406
3910
1969
1200
288
1510
3965
2963
3887
3765
3673
3494
2855
1856
1651
3127
3978
3055
2774
3143
1031
1797
193
3074
3742
1442
464
1711
472
3544
3694
3444
1157
910
351
110
3637
1776
3849
3676
3489
929
3805
3787
283
1657
245
3227
1295
349
1607
3795
27
2736
1455
1057
3844
1264
1038
3305
3678
3429
371
3290
1354
562
2505
2167
3606
2015
1417
219
2980
264
3925
485
250
46
34
3310
1486
1476
593
1346
2431
671
1147
235
2230
2634
1777
152
2219
610
3890
2692
649
3059
1579
498
3839
1133
147
6
2671
2824
2580
1254
269
3661
3665
2776
1664
1240
3477
3970
3745
3727
3091
3660
3161
95
3513
2884
1168
77
3751
3963
2621
117
3893
3859
3806
3977
1759
987
86
3749
2767
2721
2375
1301
1297
340
3044
2899
2493
3632
2100
3370
2388
533
3432
3175
365
91
63
3441
3217
1838
476
390
3936
1792
163
3848
1151
655
3457
229
1855
102
2517
44
1521
1498
32
3724
2421
1924
3923
3270
2358
2528
2017
8
3700
3447
3911
3652
2321
259
230
3908
3372
3216
3159
2456
347
3961
3771
2245
1961
1087
480
3941
3445
3165
131
3716
2902
2094
1654
549
296
2227
263
3834
679
89
3916
985
3600
2651
2256
51
3813
3812
3669
