0
3993
1046
819
3650
3978
3268
1119
2792
602
37
3071
3570
3748
3885
157
3875
3134
1276
288
893
841
1967
3955
929
209
3846
160
3453
1383
624
3853
1362
3746
638
3006
97
642
3798
3765
2079
3952
4022
401
3709
692
3589
1546
1194
899
2975
935
501
2457
2691
207
607
3936
1430
43
292
3953
2483
648
71
1233
1607
2922
572
42
2857
884
233
3729
52
138
2722
2442
4029
166
1262
4025
3572
3959
234
1486
1253
3922
4011
3983
3984
145
1157
3887
124
3801
3037
3407
871
858
895
894
870
866
874
885
852
717
750
733
743
861
863
704
802
891
890
886
883
881
879
877
876
872
859
798
729
763
723
851
707
725
796
732
832
812
873
867
757
836
826
734
691
813
795
730
759
755
770
716
767
762
722
782
768
742
731
706
880
793
741
833
853
773
711
784
800
889
888
882
878
869
804
708
830
803
777
726
840
764
848
844
824
823
818
815
781
769
766
760
754
753
747
727
724
721
709
698
695
694
687
854
850
849
847
846
845
842
839
838
837
834
831
829
828
827
825
822
821
820
817
816
814
811
810
809
808
807
806
805
799
797
794
791
790
789
788
787
786
785
783
778
776
775
774
772
771
761
758
756
752
751
749
748
746
745
740
739
738
737
736
728
720
719
718
715
714
713
712
710
705
703
702
701
700
699
696
693
690
689
688
856
843
835
792
780
779
697
686
765
865
855
892
887
875
868
864
735
4036
4033
4003
4032
4034
4018
4037
3996
4005
3999
3994
4012
4031
4000
4026
4014
4009
3997
4038
4030
4028
4027
4023
4020
4019
4015
4013
4010
4004
4002
4001
3998
3995
3992
3989
3987
3985
3981
594
4017
3988
3986
3982
3980
4021
3990
4035
4016
4008
4007
4006
3991
4024
667
744
3694
3894
3911
3669
3632
3973
3175
3143
3218
3131
2930
2798
174
2855
3270
3832
3939
3736
3668
3614
3508
3934
3503
3647
3664
3444
3880
3795
3717
3560
3714
3682
3789
3916
3751
3827
3914
3465
3923
3865
3954
3578
3949
3771
3608
3913
3681
3542
3497
3965
3970
3878
3870
3772
3720
3956
3977
3806
3635
3528
3745
3785
3687
3670
3636
3498
3979
3862
3976
3821
3818
3458
3494
3837
3834
3764
3792
3643
3510
3867
3663
3908
3679
3808
3657
3678
3874
3739
3441
3929
3777
3761
3726
3601
3469
3466
3459
3866
3623
3535
3483
3468
3594
3479
3907
3802
3722
3705
3666
3598
3505
3482
3455
3975
3957
3836
3571
3919
3695
3613
3562
3481
3958
3616
3947
3906
3900
3569
3927
3754
3896
3895
3855
3810
3786
3620
3534
3864
3813
3700
3783
3615
3587
3881
3843
3671
3564
3924
3719
3711
3486
3814
3585
3676
3858
3640
3557
3518
3791
3776
3766
3696
3655
3809
3675
3926
3543
3967
3823
3602
3464
3871
3595
3567
3698
3685
3644
3940
3485
3773
3753
3710
3442
3826
3794
3793
3706
3591
3555
3559
3891
3462
3790
3737
3642
3580
3549
3531
3743
3915
3829
3752
3593
3460
3932
3799
3638
3784
2771
3427
3425
3376
2703
2893
2804
2723
3309
2879
3088
3338
2918
3144
3044
3269
3030
3069
2990
3323
2802
2721
2846
2963
3147
3305
2817
3208
3058
3422
3367
3109
3371
2840
3227
3404
3322
3083
3066
2886
3153
3260
2983
2695
3194
3013
2884
3436
2850
3225
2705
2816
2801
2898
3286
3171
3050
2987
2852
3421
3187
2791
2759
3388
3317
3028
3200
3053
3307
3110
3212
3041
2803
3428
3059
2745
3399
3303
3123
3010
3141
3105
3192
2741
3102
3315
3237
3042
2690
3414
2993
2924
2887
3238
3158
3040
3098
3365
2715
3075
2818
3372
3251
3181
3180
3435
3364
3119
3080
3025
2977
2956
2794
3392
3137
2738
3370
3308
3221
3264
3173
3032
2694
3357
2714
2851
2807
3138
2966
2948
2928
2891
2880
2680
2686
3431
3328
2848
2811
3318
3311
2959
3292
3417
3220
2916
2867
2810
3209
3433
3293
3257
3228
2862
2743
2683
2679
3301
3284
3193
3184
3085
3033
2905
2872
2839
2800
2757
2754
3314
3008
2982
2972
2889
2834
3093
3313
2856
2841
3426
3384
3014
2988
2985
2917
2913
2669
3326
3363
3339
3304
3226
3195
3104
3064
3054
3022
3004
2974
2940
2931
2915
2877
2864
2815
2806
2786
2777
2698
2673
3130
2899
2731
3140
2901
2770
3087
3298
3039
3262
2847
2733
3248
3662
3511
3742
3847
857
3628
454
393
468
443
32
241
131
267
289
112
279
147
3288
3285
3210
3434
2973
2875
3038
3381
3277
3206
3172
2904
2853
2935
2675
3396
3369
2965
3196
2932
2744
3247
3146
3035
2780
2979
2677
3310
2903
2688
3319
3312
3070
3067
2844
2784
3420
3410
3103
2779
2758
3409
3355
3344
3342
3321
3151
3120
3082
2849
2833
2828
2748
2719
2713
3395
3358
3353
2871
3359
3240
3024
2942
2900
2785
2739
3159
2995
2728
2662
3366
3337
2778
2727
3356
3273
2958
3373
2824
3419
3378
3351
3330
3320
3280
3132
3016
2980
2881
2781
2742
3346
3062
3018
2947
2684
1474
1326
3888
3838
3527
3658
3604
3590
3576
3950
3831
3852
3712
3902
3817
3702
3526
3520
3492
3477
3889
3860
3804
3796
3788
3760
3667
3656
3586
3449
3964
3825
3738
3971
3672
3625
3842
3512
3962
3841
3824
3618
3545
3514
3495
3886
3600
3596
3501
3972
3969
3968
3966
3963
3960
3951
3948
3946
3945
3944
3943
3941
3938
3937
3935
3933
3931
3930
3928
3925
3921
3920
3918
3917
3912
3910
3909
3905
3904
3903
3901
3899
3898
3897
3893
3892
3890
3884
3883
3882
3879
3877
3876
3873
3869
3868
3863
3859
3857
3850
3849
3848
3845
3844
3840
3839
3835
3833
3830
3828
3822
3819
3815
3812
3811
3807
3805
3803
3800
3787
3782
3781
3780
3779
3778
3774
3770
3769
3768
3767
3763
3762
3759
3758
3757
3755
3749
3747
3744
3740
3735
3734
3733
3731
3730
3728
3727
3725
3724
3721
3718
3716
3715
3713
3708
3707
3704
3703
3701
3699
3697
3693
3690
3689
3688
3686
3683
3680
3677
3674
3673
3665
3661
3660
3659
3654
3653
3652
3649
3648
3646
3645
3641
3639
3637
3634
3631
3630
3629
3627
3626
3624
3622
3617
3612
3611
3610
3607
3606
3605
3603
3599
3597
3592
3588
3584
3583
3582
3581
3579
3577
3575
3574
3573
3568
3565
3563
3558
3556
3554
3553
3552
3548
3546
3544
3541
3540
3539
3538
3537
3536
3533
3532
3529
3524
3523
3522
3521
3519
3517
3516
3515
3513
3509
3507
3506
3502
3500
3499
3493
3491
3490
3489
3488
3484
3480
3478
3476
3475
3474
3473
3472
3471
3470
3467
3463
3461
3457
3452
3451
3450
3448
3447
3446
3445
3443
3439
3438
862
1295
2885
3287
3259
3118
3086
3077
3061
3002
2984
2921
3345
3302
3274
3215
3214
3136
3049
3043
2951
2768
2730
2716
3223
3340
3432
3430
3429
3424
3423
3418
3416
3415
3413
3411
3408
3405
3403
3402
3401
3400
3398
3397
3394
3393
3391
3390
3389
3387
3383
3382
3380
3379
3377
3375
3374
3368
3362
3361
3360
3354
3352
3350
3349
3348
3347
3343
3341
3336
3335
3334
3333
3332
3329
3327
3325
3324
3316
3306
3300
3299
3297
3296
3294
3291
3290
3283
3282
3281
3279
3276
3275
3272
3271
3267
3266
3261
3256
3255
3254
3253
3252
3250
3249
3246
3244
3243
3242
3241
3239
3236
3235
3234
3232
3231
3230
3229
3224
3219
3217
3216
3213
3211
3207
3204
3203
3202
3199
3198
3197
3191
3190
3189
3188
3185
3183
3182
3179
3178
3177
3176
3174
3170
3169
3167
3166
3163
3162
3161
3160
3157
3156
3155
3154
3152
3150
3149
3148
3145
3142
3139
3135
3133
3129
3128
3127
3126
3124
3122
3121
3117
3116
3115
3114
3113
3112
3108
3107
3106
3101
3099
3096
3095
3094
3092
3091
3090
3089
3084
3081
3078
3076
3074
3073
3072
3068
3065
3063
3060
3056
3055
3052
3051
3048
3047
3046
3045
3036
3031
3029
3027
3026
3023
3021
3020
3017
3015
3012
3009
3007
3005
3000
2998
2997
2996
2994
2992
2991
2989
2986
2981
2978
2970
2969
2967
2961
2960
2957
2955
2954
2953
2950
2949
2946
2945
2944
2943
2941
2939
2937
2936
2934
2933
2929
2927
2926
2925
2923
2920
2919
2914
2912
2911
2910
2909
2908
2907
2906
2902
2897
2896
2895
2894
2892
2890
2888
2882
2878
2876
2874
2873
2870
2868
2866
2865
2863
2861
2860
2859
2858
2854
2845
2843
2838
2837
2836
2835
2832
2831
2830
2829
2827
2825
2823
2821
2820
2819
2813
2812
2809
2808
2805
2799
2797
2796
2795
2793
2790
2789
2787
2783
2782
2776
2774
2773
2772
2769
2767
2766
2765
2763
2762
2761
2756
2755
2753
2752
2751
2750
2749
2747
2746
2737
2736
2735
2734
2732
2729
2726
2724
2720
2718
2717
2712
2711
2710
2709
2708
2706
2704
2702
2701
2700
2699
2697
2696
2692
2689
2687
2685
2682
2681
2676
2674
2672
2671
2670
2668
2667
2666
2665
2664
2663
2661
860
3289
3186
3111
2707
1477
3011
990
1499
1664
1248
1510
377
1417
3723
3566
3551
3530
3504
3496
3861
3775
3621
3547
1455
499
467
379
564
441
351
453
1154
562
336
228
167
93
300
86
275
306
181
49
253
278
151
23
177
46
220
149
19
2
296
227
99
89
259
187
4
193
137
111
17
140
312
20
201
219
126
1822
2678
1889
3205
3386
3258
3245
3079
3019
2976
2968
2964
2760
1027
1558
910
1651
937
1713
3201
2999
2938
2822
2725
1552
956
1050
3385
3278
3265
3222
2764
2693
1442
1896
3034
2971
3412
3406
3331
3295
3233
3168
3100
3001
2962
2869
2775
1594
1220
1784
1840
1728
1887
1508
1489
1905
902
987
1363
1002
1202
1550
1315
1814
1779
1542
1476
1097
1821
1832
983
1005
996
3872
3851
3797
3756
3750
3741
3692
3684
3651
3633
3609
3561
3550
3525
3456
3440
3437
1379
1356
939
931
1900
1585
1284
1252
1587
1884
1350
1115
1309
1691
1381
1060
1015
1039
985
1177
1413
1655
1279
1190
981
1874
1562
1403
1138
1016
1883
1288
1285
972
1788
945
1733
1729
1406
1020
957
1453
1068
1368
1892
1747
1378
992
1798
1629
1333
1232
1186
958
1899
1859
1716
1636
1479
1462
1432
1426
1082
1044
173
3003
1193
58
1271
1084
1566
1700
1632
1772
1280
1497
1212
1644
1724
1112
1346
959
1816
1789
1653
1289
1484
1670
1665
1040
3263
3165
3164
3097
3057
2883
2826
1684
1666
1450
1140
1231
1204
1158
1100
971
919
898
1661
1638
1502
1451
1108
1008
912
1903
1635
1322
1649
1641
1452
1218
1588
1537
1098
1187
1579
1073
1410
1251
1245
1099
1693
1756
1640
1134
1090
1646
1234
1094
1093
1121
1299
1818
975
1847
1672
1244
1168
1139
1354
1503
1281
1773
1464
1742
1066
1032
1221
1481
1418
1227
1106
1042
1739
1348
1213
964
1308
1260
1236
1228
1170
1910
1624
1010
1906
1770
1725
965
944
1766
948
1853
907
1650
1302
1143
406
383
1275
949
1169
1680
1576
1345
1129
1022
1907
1875
1751
1720
1682
1660
1654
1515
1492
1294
1277
1104
984
942
623
1573
1436
1901
1871
1830
1595
1543
1448
1324
1148
1142
632
679
682
1893
1223
675
658
576
1671
963
578
662
627
636
605
670
661
583
582
577
1870
1744
1743
1565
1318
612
663
616
644
622
619
603
589
579
1878
1658
1490
664
618
592
1855
1679
1397
976
464
384
529
1694
1300
3961
3487
3454
590
1882
1487
1444
1226
906
466
429
1767
1545
1122
930
390
437
536
532
470
385
349
1446
1425
1408
657
654
597
609
568
364
198
505
488
502
498
1677
1514
1512
1374
1349
1332
1179
1080
565
396
361
354
64
117
180
101
269
163
100
27
191
130
24
194
283
106
73
120
346
88
150
229
318
16
270
237
65
211
94
127
345
250
29
309
184
159
135
108
36
5
251
329
307
77
176
79
13
148
3
152
84
338
83
343
337
333
330
328
327
326
320
319
316
314
311
310
305
302
299
295
294
293
286
282
273
268
266
264
263
262
258
255
254
247
245
244
243
240
231
230
226
225
222
218
216
215
214
212
210
208
206
205
202
195
192
190
189
183
182
179
175
168
162
155
153
144
143
139
133
132
125
116
115
110
103
102
95
92
91
81
80
78
76
72
70
68
61
57
54
51
48
44
41
34
33
28
18
14
12
8
6
1
1996
2041
2167
1817
1527
1434
1214
1898
1723
1610
1605
1402
1361
1359
1205
1198
1101
982
932
926
1868
1809
1538
1389
1256
1201
1181
1083
1069
999
966
916
1513
1480
1133
1717
1711
1652
1557
1411
995
968
1530
1388
1370
1125
1059
934
1839
1086
1092
1902
1823
1810
1774
1623
1622
1238
1184
1172
1153
1130
1076
1003
1726
1523
1283
923
1897
1669
1608
1431
1175
1025
1836
1047
1441
1045
1043
1449
1272
1888
1835
1782
1757
1603
1312
927
1866
1758
1505
1178
1031
1617
1612
1584
1267
993
947
1826
1761
1753
1735
1467
1390
1367
1341
1291
1195
1078
1048
1026
925
920
1911
1909
1845
1805
1521
1447
1393
1337
1321
1211
951
922
1077
1842
1554
1551
1483
1437
1269
1199
1203
1908
1895
1894
1891
1890
1886
1881
1880
1879
1876
1873
1872
1865
1864
1862
1860
1858
1857
1856
1851
1850
1849
1848
1844
1843
1841
1838
1837
1833
1831
1829
1824
1820
1819
1812
1808
1806
1802
1801
1800
1799
1797
1796
1794
1793
1792
1790
1787
1786
1785
1780
1778
1776
1775
1771
1768
1765
1764
1763
1762
1759
1755
1749
1748
1741
1740
1737
1736
1734
1732
1731
1727
1722
1715
1714
1712
1707
1706
1704
1701
1697
1696
1695
1692
1685
1683
1681
1678
1676
1674
1668
1667
1662
1659
1657
1648
1647
1645
1643
1642
1639
1637
1631
1628
1626
1625
1619
1616
1614
1613
1611
1609
1606
1604
1602
1601
1600
1599
1598
1597
1596
1592
1591
1589
1583
1582
1580
1578
1575
1571
1570
1569
1568
1564
1563
1561
1559
1556
1548
1547
1544
1541
1539
1535
1534
1533
1532
1528
1526
1520
1519
1518
1517
1516
1507
1506
1501
1500
1498
1495
1493
1491
1488
1478
1475
1471
1470
1468
1466
1463
1461
1460
1459
1458
1457
1456
1454
1443
1440
1439
1438
1428
1424
1423
1422
1420
1419
1416
1415
1414
1409
1405
1404
1401
1400
1399
1398
1396
1392
1391
1387
1386
1384
1382
1380
1377
1375
1372
1371
1365
1364
1358
1353
1352
1351
1347
1343
1342
1336
1335
1331
1330
1329
1323
1319
1317
1316
1314
1311
1307
1306
1305
1304
1301
1298
1297
1293
1292
1287
1286
1282
1273
1270
1268
1266
1265
1264
1263
1261
1258
1257
1255
1254
1247
1243
1240
1239
1235
1229
1225
1224
1219
1217
1216
1215
1210
1209
1208
1207
1206
1200
