0
818
3980
12
235
855
1890
210
4024
1627
2952
4029
4036
3183
2814
47
179
871
571
70
256
287
1119
1690
358
3974
757
642
3990
43
750
892
3650
674
1581
3588
602
2971
3859
585
607
3729
648
3375
443
205
911
910
90
1105
667
3700
3996
3989
4002
4005
229
356
2175
83
2740
4006
2380
78
74
3095
4027
1253
2528
2691
37
1430
227
292
1395
4012
3856
3522
3290
2178
1854
225
2842
202
237
3935
42
657
1834
23
3071
3668
776
550
1383
2596
3121
61
15
1224
2692
3897
1394
3717
3934
1711
3665
767
3031
894
893
891
865
858
2736
832
882
854
846
785
3533
979
699
319
3748
2788
129
1855
3217
1071
3570
3942
64
3876
2671
3879
1560
2595
3037
3637
3671
293
247
3798
2388
3006
383
305
351
18
1065
390
3694
2922
3268
3003
2790
485
2721
139
3853
929
250
71
3808
652
2437
3408
3632
384
244
386
2321
3890
3654
3251
52
3230
1466
2580
2885
610
2204
3565
1034
3958
3600
3765
3504
46
2217
336
262
2565
1967
3805
3928
2704
464
120
3882
2824
189
154
219
147
6
3489
3744
1157
155
655
3987
86
263
143
102
99
2792
2263
2431
3153
3143
273
328
306
195
4
218
181
152
275
472
411
190
3999
594
3911
3669
3502
1208
3862
3827
4025
4016
4007
775
97
230
881
895
857
145
4001
1027
852
798
717
4031
4038
3991
4013
3985
4020
4009
4033
4021
4028
4022
4014
4011
3997
3993
3992
3983
4004
3995
4030
4000
3986
4023
4019
4026
4003
3994
3982
3998
3981
4018
4037
4017
3988
4032
4034
3984
4010
4035
4008
4015
867
887
873
802
866
825
872
879
870
790
841
729
886
704
721
732
725
702
789
889
885
883
875
863
859
808
809
710
804
869
708
740
836
716
880
826
811
735
733
693
888
878
876
864
793
822
796
770
806
736
714
748
703
837
700
724
706
844
701
791
839
816
712
792
890
861
769
698
691
755
711
820
763
705
807
787
758
728
709
805
795
781
752
803
783
747
849
727
695
840
774
688
845
821
812
810
766
737
726
722
773
819
797
764
759
718
697
842
828
800
772
760
848
834
831
827
823
794
782
777
751
742
734
856
853
850
847
838
835
833
830
829
824
817
815
813
786
784
780
779
778
771
768
765
761
754
753
749
746
745
741
739
738
731
730
723
720
719
715
707
696
694
692
690
687
814
799
713
686
762
689
743
756
877
744
884
843
788
851
874
860
868
801
3887
3844
3849
32
3575
3965
3537
3513
3932
3848
3716
3647
3639
3775
3904
3950
3772
3893
3839
3857
3175
2879
3429
3134
3333
3300
3128
3315
3091
2902
3388
3428
2834
2972
2699
3283
3008
3314
3202
2769
3053
3218
3141
2975
3354
3200
3122
2799
3436
58
2805
2807
3310
2891
3080
2837
3294
2998
3197
3334
2980
2868
3048
3144
3424
2820
2856
3028
3126
3281
2895
310
3872
3547
3917
3657
3666
3977
3899
3661
3686
3571
3946
3483
3725
3757
3712
3447
3664
3799
3616
3619
3512
3585
3835
3523
3479
3708
3675
3916
3895
3745
3785
3762
3788
3681
3539
3488
3562
3919
3678
3472
3610
3515
3836
3865
3663
3815
3845
3676
3626
3592
3867
3956
3843
3973
3623
3509
3532
862
3913
3541
3473
3602
3863
3894
3811
3531
3446
3682
3606
3193
3390
2934
3323
2686
3159
2685
3093
3254
3235
3425
3380
3075
2990
3432
3243
2756
3264
3194
3427
3110
3058
3013
2687
2831
3325
2703
2670
2957
3237
3092
3170
2696
3138
2926
2816
2668
3244
2697
3317
2789
3269
3176
3371
3224
3181
3032
2801
2958
3010
2851
3282
3430
2888
3241
2961
2880
3130
3030
3025
2731
2663
3384
3322
3368
3059
2695
2682
3373
3329
3155
3307
3052
2908
3301
3012
3419
2862
3421
3285
3259
2735
2962
3372
3131
2732
2852
2850
2928
3042
2948
2873
3047
3293
3073
3341
3215
2878
2876
2855
2844
3229
3139
3423
3382
3311
2982
2959
3044
3112
2848
2977
2847
2715
3352
3209
3041
2780
3414
3040
2944
2705
2689
3365
3249
2759
2709
3362
3213
3163
3123
2754
2749
3309
3234
2706
3178
3119
2766
2690
3199
3039
2770
3216
3105
2861
2931
2786
2893
3094
3286
3195
3184
2763
3324
3238
2911
2818
3173
2865
3394
3392
2864
3156
2825
3435
3036
2945
3257
2929
2927
3410
3292
2829
3366
3273
3104
3090
2978
3133
3061
2779
3005
2940
2777
2809
3236
3189
2949
3149
3085
3054
2960
2917
2750
3364
3220
3142
2994
2953
2890
2887
2729
2683
2681
3387
3363
3026
2974
2956
2943
2910
2877
2800
2761
2676
3349
3242
3050
3426
3339
3108
3022
2993
2988
2916
2906
2872
2782
3348
3226
3096
3029
2967
2915
2905
2897
2815
2698
2694
2673
3192
2984
2737
3409
3299
3260
3403
3287
3404
3211
3367
3157
3111
2701
2672
3223
3120
3412
3321
3077
3069
2870
2802
2748
3240
3148
2713
3316
3169
3132
3145
2991
2840
2942
2936
3288
3206
3009
3347
3319
3267
3150
3252
3212
3046
3007
2863
2853
2828
2795
3351
3276
3261
3239
3185
3049
3021
3337
3328
2918
3214
2700
3204
3101
2894
2707
3377
3358
3338
3219
3187
2932
2675
3001
2871
3146
2723
3327
3107
3034
3275
3196
2954
2921
2772
3357
2875
3431
3422
3171
3081
3016
2762
2751
3140
2898
2955
2843
2832
2758
3274
3210
3115
2787
2785
2768
3411
3381
3291
3198
3152
3116
3060
3051
2939
2796
2674
2933
2903
2886
3331
3076
2869
2819
2730
3780
3067
3396
3386
3262
2708
3378
3360
3017
2950
2753
3258
278
177
131
167
3563
3670
3556
3574
3452
3979
3779
3697
3733
3978
3929
3734
3687
3855
3931
3972
3909
3761
3901
3783
3747
3607
3527
3461
3450
3787
3595
3567
3921
3715
3834
3711
3622
3442
3612
3773
3957
3860
3804
3795
3755
3613
3481
3821
3777
3617
3561
3737
3635
3900
3601
3759
3949
3810
3690
3758
3568
3499
3889
3658
3609
3456
3892
3874
3868
3819
3739
3873
3667
3802
3753
3636
3608
3569
3833
3486
3818
3590
3572
3519
3975
3465
3439
3938
3852
3577
3526
3492
3440
3790
3580
3864
3960
3763
3918
3971
3760
3586
3578
3517
3720
3829
3702
3640
3559
3514
3485
3905
3814
3806
3490
3906
3615
3936
3505
3482
3809
3883
3594
3837
3476
3891
3858
3838
3731
3707
3503
3462
3691
3951
3924
3870
3794
3719
3646
3643
3593
3591
3463
3726
3812
3888
3674
3605
3926
3824
3611
3604
3528
3518
3497
3866
3584
3524
3842
3656
3501
3735
3698
3672
3618
3597
3573
3898
3695
3649
3791
3776
3685
3644
3553
3927
3511
3813
3967
3964
3766
3696
3478
3740
3713
3455
3629
3550
3966
3652
3940
3831
3471
3847
3778
3710
3520
3784
3680
3823
3510
3474
3469
3915
3529
3825
3782
3614
3564
3534
3969
3793
3718
3506
3493
3468
3944
3703
3877
3796
3721
3545
3438
3628
3738
3645
3662
3546
3538
3536
622
576
661
628
476
2925
2896
2866
2746
3370
3335
3002
2900
2711
3405
3346
3177
3086
2995
2738
3297
3280
3102
3100
3035
3011
2914
2781
2742
2733
3266
2665
3342
3124
3117
3027
2946
2858
2716
3057
3038
3340
2813
3433
3420
3417
3416
3415
3413
3407
3402
3401
3400
3399
3398
3397
3395
3393
3389
3385
3379
3376
3374
3359
3356
3353
3345
3336
3326
3318
3312
3308
3305
3303
3298
3296
3295
3284
3279
3277
3272
3271
3270
3265
3256
3255
3250
3246
3232
3231
3228
3227
3225
3208
3207
3203
3188
3180
3174
3172
3167
3166
3162
3161
3160
3158
3151
3137
3136
3135
3129
3114
3113
3109
3103
3098
3089
3088
3084
3083
3078
3072
3068
3066
3065
3064
3063
3056
3045
3033
3024
3023
3019
3018
3015
3014
3004
3000
2997
2996
2987
2986
2985
2983
2981
2970
2969
2966
2965
2963
2951
2947
2937
2935
2930
2924
2920
2919
2913
2912
2909
2907
2904
2899
2892
2889
2884
2882
2881
2874
2867
2860
2859
2854
2849
2846
2845
2839
2835
2830
2827
2823
2821
2812
2811
2810
2806
2804
2803
2798
2797
2794
2784
2783
2778
2776
2775
2773
2771
2765
2757
2755
2752
2747
2745
2744
2743
2741
2739
2734
2728
2727
2726
2724
2719
2717
2712
2710
2702
2693
2684
2680
2679
2669
2667
2666
2664
2662
3245
3186
1031
3434
3406
3391
3350
3344
3332
3330
3320
3247
3191
3154
3106
3082
3070
2992
2989
2973
2901
2833
2793
2720
2661
3369
3343
3253
3182
3118
3087
3062
1353
1498
3383
3313
3221
3043
2841
2836
2714
2718
3302
3201
3020
2999
2941
2923
2688
3289
3278
1154
1384
1178
1073
3851
3750
3741
3540
1562
1033
3205
3165
3164
3079
2976
2968
2760
2678
1461
1445
2677
73
243
2
321
68
35
267
93
162
111
19
151
1000
1045
1739
1748
977
1814
1162
631
574
3968
3962
3948
3841
3693
3692
3651
3625
3596
3828
3730
3659
3557
3475
3448
3861
3495
3976
3963
3953
3952
3947
3945
3943
3937
3933
3930
3923
3920
3914
3912
3907
3903
3902
3896
3886
3884
3881
3878
3869
3850
3846
3840
3830
3826
3822
3820
3817
3816
3803
3801
3800
3797
3792
3786
3774
3771
3770
3769
3768
3767
3764
3756
3754
3752
3746
3743
3742
3736
3728
3727
3722
3714
3706
3705
3704
3701
3699
3689
3688
3684
3683
3679
3655
3653
3648
3641
3638
3634
3633
3631
3630
3627
3624
3620
3603
3599
3598
3587
3583
3581
3579
3576
3560
3558
3555
3554
3552
3549
3544
3543
3542
3535
3530
3525
3521
3516
3508
3507
3500
3498
3496
3494
3491
3484
3480
3477
3470
3466
3464
3460
3459
3458
3457
3449
3445
3443
3441
650
679
621
665
616
598
662
595
582
583
618
603
670
647
643
627
578
1776
1657
1615
1174
1061
588
551
478
1406
898
682
499
1354
1901
1093
1853
1296
1094
659
640
599
529
528
490
407
684
522
399
532
533
501
364
441
166
1477
1564
3304
3233
3168
1311
1084
1544
1055
1022
1731
1342
1518
1651
1151
1797
1865
1419
1326
1497
1043
909
1091
1314
1150
1219
1905
1779
1585
1050
1424
1437
938
3222
3179
1103
1089
1239
1676
1567
1328
1307
951
900
1771
907
1008
990
1057
3263
3097
2964
2826
1684
1666
1232
903
3361
3355
2938
2822
2725
1240
1802
1137
1695
1678
1723
1594
1293
1164
1856
1220
3248
2979
2883
2764
1450
1646
1234
1138
1805
1356
1299
1244
1168
1035
940
1130
1274
1249
1421
1251
950
1535
1758
1601
1452
1165
1708
1705
1494
1325
1203
970
1647
1789
1787
1568
1468
1378
1216
992
932
1309
1803
1641
1098
986
1007
969
1387
1264
1063
972
1039
1815
1121
1401
1503
1167
1426
1649
1702
1439
997
1364
1710
1389
1587
1284
975
1806
1698
1553
1085
1798
1548
1118
1667
1343
1722
1388
1886
1125
1618
1359
995
1593
1555
1511
928
1650
1556
1759
1090
985
1682
1263
1502
1316
1018
1866
1719
1505
1820
1821
1336
1605
1530
1339
1661
1382
1282
1020
1373
1746
1112
1171
1772
1457
1608
1607
1481
1236
943
1315
1298
1732
1591
984
971
941
1628
1495
1859
1115
1036
1218
974
1862
1729
1689
1659
1380
1492
1447
1655
1413
1177
1810
1652
1491
1191
923
998
1832
1619
1519
1483
1285
983
1716
1438
1423
1381
1292
1204
1082
1189
1816
1532
1331
1207
1184
1181
926
1829
1566
1508
991
1792
1484
1407
1899
1872
1576
1158
1148
1129
1895
1533
1493
1363
1319
1097
958
1903
1893
1875
1786
1751
1636
1611
1583
1573
1550
1479
1462
1432
1350
1347
1067
1015
1014
988
981
954
191
77
2838
1486
260
346
148
48
103
165
108
88
298
311
141
144
44
300
57
312
92
81
59
307
214
41
115
100
302
194
94
5
242
337
36
226
149
140
17
330
266
80
221
39
14
295
133
30
2094
1906
1738
1268
1453
1672
1310
1213
1443
1042
1686
1412
924
1064
962
1281
1393
1632
1488
1370
1083
1654
1429
1750
1604
1580
1327
1287
982
953
952
1870
1788
1197
1111
955
1469
1169
1139
1904
1415
964
1828
1709
1703
1504
1241
1131
944
1785
1418
1366
1355
1260
1258
1225
1221
1152
965
1634
1188
1159
1041
968
1482
1170
1072
1011
917
1422
1696
1190
1464
912
1743
1871
1830
1475
1324
1104
677
633
666
653
630
611
575
592
573
672
3551
3925
3566
3880
3677
3642
3621
3437
623
1724
1435
1074
931
1763
1876
963
1459
361
681
678
675
663
658
656
632
629
626
625
624
619
615
608
605
600
596
589
579
577
480
1808
1745
1136
546
433
357
382
562
530
474
634
410
671
644
586
435
516
459
457
554
389
380
509
1529
349
1894
1850
1848
1794
1783
1773
1742
1706
1638
1595
1515
1396
1392
1277
1166
1108
1099
942
933
919
639
469
1349
437
558
1660
1332
1294
1257
1215
915
913
1897
1807
1602
1575
1487
1881
1770
1436
466
494
1694
1543
1238
1223
1114
1080
1001
375
673
635
548
510
504
426
418
458
403
355
350
685
636
597
593
584
481
549
398
492
572
568
564
560
552
543
540
535
505
502
498
493
489
487
477
473
467
455
453
449
447
429
427
409
401
393
381
377
369
367
198
1839
1780
1626
1501
1337
1321
1211
1024
973
1527
1283
1196
1864
1600
1330
1262
1029
1026
1538
1485
1883
1458
1434
1405
1133
1898
1826
1811
1804
1662
1644
1598
1542
1528
1522
1341
1291
1289
1280
1269
1267
1243
1198
1156
1135
1110
1004
1891
1827
1818
1630
1620
1612
1175
1146
1795
1663
1513
1398
897
1867
1809
1768
1765
1752
1707
1675
1665
1622
1603
1431
1351
1344
1278
1199
1195
1153
1128
1107
1101
1086
1047
999
1761
1714
1700
1610
1467
1149
947
1813
1799
1774
1688
1683
1653
1613
1597
1589
1554
1547
1524
1523
1471
1416
1399
1375
1367
1365
1340
1323
1302
1290
1242
1185
1180
1075
1049
967
916
1730
1643
1540
1520
1516
1404
1048
1879
1868
1849
1796
1793
1791
1717
1668
1509
1402
1377
1214
1172
1132
1124
1123
1017
1006
980
1911
1202
908
1910
1908
1907
1902
1900
1896
1892
1889
1888
1885
1884
1880
1877
1874
1873
1869
1861
1860
1858
1857
1851
1847
1845
1843
1842
1841
1840
1838
1837
1825
1824
1823
1822
1819
1817
1812
1800
1784
1782
1781
1764
1762
1757
1754
1753
1749
1747
1741
1737
1736
1735
1734
1733
1728
1727
1726
1725
1721
1720
1715
1713
1712
1704
1699
1693
1691
1687
1685
1681
1680
1674
1671
1670
1669
1664
1656
1648
1642
1640
1639
1637
1635
1629
1625
1623
1621
1617
1614
1609
1606
1596
1592
1588
1586
1584
1582
1579
1578
1572
1571
1570
1569
1563
1561
1559
1557
1552
1551
1539
1537
1534
1531
1525
1521
1517
1500
1499
1496
1489
