107
828
67
3625
140
3998
175
3787
4031
184
597
192
3128
806
3814
658
3131
275
2774
3589
1202
406
219
94
656
3581
2527
3978
3979
3050
3012
307
2870
3954
1403
2634
91
3322
115
3961
888
70
899
1096
3990
3729
3980
3230
3694
532
93
3217
3986
2019
1194
1206
2375
1111
1022
733
1244
1023
1264
247
2814
1073
7
68
1050
327
996
552
868
3579
3977
3631
233
3899
3783
3746
3716
2245
3200
3715
1177
825
3632
231
201
937
2034
2490
2248
2493
1933
1977
2496
310
3622
386
519
3985
2760
749
214
874
61
2798
3357
3849
2922
204
1145
3958
1478
2548
1140
3043
3309
3058
2685
2957
3046
602
3300
3418
3183
3161
1631
1814
29
3414
3055
78
3372
3181
3083
34
2678
795
879
661
2076
237
43
2595
349
283
699
4028
371
3473
3446
3949
2178
143
427
269
725
801
3424
3389
1168
1144
2790
872
617
1775
612
3650
1354
108
3003
197
1058
1908
4001
3689
757
2722
381
1326
3180
811
875
174
410
3993
911
4029
292
717
3820
1792
3983
480
671
3999
276
870
14
399
217
1093
569
429
218
335
581
111
153
379
3513
3770
3946
3701
3867
2868
929
1314
3583
3940
1731
3885
3006
3817
3717
979
3587
3882
3736
702
3449
785
454
3334
1251
1838
3875
18
3614
131
2888
2114
3853
771
11
2855
3854
739
2691
468
3755
241
1701
150
364
501
798
509
775
885
776
2483
1383
306
3352
2767
3603
3712
3690
337
3901
2170
117
3508
3720
1499
3802
3801
3498
3354
3216
35
2487
2094
3799
3696
3933
437
3837
3708
970
3571
3476
862
1087
95
22
120
1045
2439
2204
2166
2587
1934
1922
2534
1936
2318
2644
2236
3467
2412
865
585
38
1319
2452
2141
2186
3733
2145
2230
3554
2317
2727
2366
2029
2321
2256
2219
521
2051
221
2453
2296
4033
253
2262
748
4011
4010
63
4038
60
593
876
3925
3549
3566
2
3402
132
1490
858
162
2100
289
262
751
187
2513
2454
3457
2817
3259
3879
1889
345
2933
3155
2935
3732
3664
3639
3481
3523
2842
92
1
3865
168
3251
57
910
90
3165
53
2963
4
3686
74
154
1200
1253
3592
10
3916
3425
2878
3494
2801
2709
3275
2865
2883
3089
3045
2899
3373
3109
250
3349
2980
3094
3359
3308
2766
2918
3110
3317
3036
3130
2809
3103
3411
2737
2871
2701
3039
3243
3143
3305
2705
2852
3044
692
3676
3908
450
2834
2858
3871
3091
3121
3323
2668
3234
3328
1956
3286
3771
3225
1937
491
2945
713
689
2860
2824
1258
2422
1356
1434
3502
3679
918
377
2990
659
635
727
157
2792
3311
540
900
1466
690
166
1537
750
1657
3205
365
3490
3088
3546
3939
736
822
818
767
989
3881
1439
788
3430
712
789
3657
1385
234
498
2997
2808
1210
52
256
3112
533
623
680
224
3404
298
1704
672
607
598
1566
1561
846
426
1262
3125
622
655
3987
985
584
3506
36
3641
472
3565
284
1638
282
4007
4006
209
290
3751
3923
3653
296
321
871
3567
682
1558
676
145
4022
3991
3534
1808
3775
3981
2470
447
4016
1418
1822
207
65
3031
1364
2437
3482
3598
3893
3510
3840
2255
3588
3932
3956
3924
2450
3526
935
3511
1105
3699
2382
3967
3777
3950
3711
901
3809
2441
3964
3705
96
2857
3489
3822
3572
3600
293
3795
3597
3484
3648
3969
3643
1581
270
2651
1546
3876
288
3659
156
3769
3654
3730
3767
880
3785
1208
3559
3703
3683
3800
223
3880
3697
530
1486
1430
866
3760
191
2281
892
1764
813
3053
3974
759
1924
160
338
792
344
1233
3890
2788
1651
50
2015
837
2541
3872
3575
2596
3550
1089
1769
842
336
46
1481
3532
2838
673
3922
3037
1713
1674
3714
1031
652
555
493
208
744
3290
1774
3914
3807
314
3375
1607
1821
715
1263
3996
1147
1518
323
1268
358
3585
1677
894
485
1384
4032
193
1203
1541
3843
854
1671
895
838
473
729
1119
808
165
1252
1560
3796
2167
3477
3560
1400
737
843
3784
1854
3963
42
1847
3628
535
3678
1585
587
668
1176
2848
1797
3745
2895
1865
305
424
756
228
1760
2811
3763
6
404
390
318
1411
3536
3075
2704
1046
2106
1276
528
2175
3134
1461
3470
1401
778
861
435
955
3147
2725
1629
790
940
3909
1240
3595
2885
1301
3661
610
1220
1138
2736
2528
3846
3242
1506
3831
1151
1992
3271
3723
3781
383
3709
1904
863
812
413
1226
809
100
494
1624
3642
3530
3505
3499
3989
3515
3896
1090
663
592
603
3782
732
3278
155
124
711
3806
816
762
2481
3193
3279
3888
302
3516
3615
3610
3020
3368
3063
285
5
343
113
20
3487
3863
3662
882
740
841
2017
2440
2379
2089
1949
2388
3454
3621
3685
3850
2622
877
3440
453
764
787
770
763
797
716
802
714
2160
3652
3459
3887
1193
351
3805
3948
3618
1562
1016
956
3543
3542
1493
963
1733
1798
1186
1802
1118
1097
1568
1317
991
3439
64
393
441
476
881
4036
1666
855
3988
3995
382
470
354
361
112
486
516
127
139
281
58
251
873
1061
3248
99
3725
3874
534
2320
640
595
675
662
670
665
628
829
3222
3336
3126
2886
2930
2948
106
3173
3229
3393
3405
2889
3318
2972
2670
2959
3423
3008
3314
3382
3283
2982
2703
3325
2879
2699
939
1342
1829
1064
299
164
194
88
24
242
101
317
3742
333
326
149
3057
4014
3564
41
144
2360
2049
1990
2335
2426
2486
2041
232
864
1218
3753
3636
3713
3921
3735
3599
3722
3218
3122
3105
3478
3776
3960
3791
3675
3833
3774
3836
3918
3519
319
89
147
1564
909
1197
1043
2217
2621
2656
2193
2158
2251
2402
2373
2231
1915
2614
2488
2035
2023
2405
2156
2120
2265
2397
2523
2238
2357
2442
2346
2648
2277
2341
2192
2411
2228
2091
2562
2162
2455
2632
2107
2639
1999
2159
1921
1935
2350
2476
2179
2021
2579
2477
2387
2214
2288
2070
2427
2449
1952
2165
2067
2425
2314
1978
2497
2371
2361
2577
2181
2210
2404
2566
2216
2606
2469
2524
2499
2098
2048
2645
2014
2659
1958
1969
2024
2004
2342
2129
1986
2578
2213
2164
2584
2234
2092
1942
2227
2401
2207
1927
2389
2061
2022
2033
1989
2459
2173
2126
2585
1991
2090
2520
1963
2381
2313
2444
2573
2546
2352
2627
1914
2620
1998
2494
2337
2025
1972
2378
2297
2016
2009
2636
2435
2000
1980
2505
1923
2362
2155
2298
1994
2480
2222
2185
2271
2220
2118
2272
2270
1951
2557
2177
2003
2583
2027
1995
2552
1918
2467
2208
2619
2554
1962
2600
2334
2311
2258
2073
2550
2122
2630
2482
1983
2604
2300
2607
2526
2109
1929
2549
2063
2088
2615
2200
2500
2392
2303
1997
2574
2433
2331
2201
2613
2536
2370
2253
2112
2064
1925
2564
2532
2104
2602
2408
2407
2307
2290
2190
2086
1953
2655
2506
2354
1993
2561
2542
2521
2484
2359
2306
2612
2260
2529
2462
2139
2030
1984
2638
2601
2590
2563
2553
2504
2489
2485
2356
2348
2323
2154
1917
2576
2339
2257
2229
2172
2055
2507
2430
2353
2278
2276
2275
1946
1943
2056
2624
2383
2244
2082
1960
2415
2295
2611
2575
2556
2460
2391
2308
2237
2189
2131
2121
2108
2103
2093
2084
2069
2043
2040
2037
1979
1966
2581
2503
2305
2286
2211
2080
2066
2036
1975
1930
2416
2325
2215
2610
2085
2623
2285
2254
2502
2631
2586
2446
2386
2232
2206
2140
2115
2083
2078
2046
2005
2031
2458
2322
2310
2110
2518
2367
2065
2468
2060
2053
2369
2603
2243
2559
2464
2418
2410
2340
2329
2326
2324
2309
2150
2148
2124
2095
1982
2344
2284
2050
2474
2406
2647
2626
2011
1817
2355
2390
2301
2294
2241
2057
1939
2028
2519
2472
2420
2385
2002
2658
2640
2635
2628
2625
2593
2591
2495
2478
2429
2413
2393
2343
2312
2287
2263
2259
2225
2202
2188
2182
2157
2146
2142
2101
2099
2097
2079
2077
2074
2059
2020
2013
2006
1988
1971
1931
2657
2364
2001
2538
2171
2531
2447
2417
2018
2032
2594
2398
1920
2652
2512
2508
2345
2161
2242
2038
1965
1944
2209
2599
2111
2501
2419
2637
2547
2336
2264
1577
2338
2039
1941
2247
2198
2134
2132
2551
2372
2525
2399
1954
136
2333
2328
2274
1959
2268
2654
2560
2539
2516
2492
2428
2423
2409
2395
2376
2374
2363
2299
2261
2218
2212
2184
2136
2123
2045
1938
2544
2530
2289
2267
2646
2589
2414
2266
2240
2147
2144
2058
2588
2540
2239
2643
2617
2609
2510
2377
2319
2223
1985
1981
2465
2302
2293
2187
2047
1932
2641
2396
2471
2149
2434
2273
2246
2196
2163
2653
2279
2194
2135
1987
1964
1948
2605
2582
2533
2498
2445
2071
2054
2629
2543
2473
2315
2304
2282
2235
2226
2183
2180
2169
2102
2072
2592
2509
2479
2438
2327
2075
2068
2062
2026
1970
2461
2451
2347
2292
2280
2199
2052
1955
2475
2365
2133
1919
1718
2368
2203
2081
1961
2608
2491
2330
2283
1912
2660
2633
2116
1976
2571
2567
2555
2511
2436
2394
2176
2174
2153
2138
2125
1947
1926
1465
2597
2463
2351
2250
2233
2191
2117
2010
2007
2642
2384
2332
2221
2151
2087
2042
2649
2598
2537
2224
2143
2128
2127
1973
1945
1940
1916
2616
4026
4000
3982
4021
3992
4030
167
32
499
467
3816
4002
3994
594
4037
4020
4023
4004
4013
4008
4019
1133
886
3812
151
28
116
44
137
312
226
138
19
264
245
3861
3001
3009
2696
71
3310
2949
3028
3772
3695
3594
3562
3613
266
73
254
130
249
346
300
320
48
126
1071
1077
3522
3074
3376
2779
3255
3356
3087
2941
2671
2816
2700
3338
3236
3156
3159
3191
2979
2829
3285
3429
3398
2718
3221
3081
2938
3346
2999
3032
2881
2762
3223
3421
2795
2994
3231
3123
3077
2710
3062
3203
2843
2803
3289
3253
3256
3264
3371
3061
3292
2882
2734
2720
2713
2764
3079
2733
1656
2973
3312
3409
2753
3170
3212
3018
2739
3100
3343
3420
3007
2863
3370
2682
2789
2921
2802
3385
2846
3120
3406
3219
2735
3209
3299
2758
3337
3021
3239
3412
3233
3249
3186
3086
2836
3341
2955
3344
3252
2950
3188
2923
2841
3380
3171
3154
3307
2887
3166
3014
3400
2663
3160
3295
2951
2830
2707
2912
2741
2731
3107
2687
3240
2991
3395
2939
2977
3106
3331
3272
3367
3076
2904
3210
2768
2804
3187
2892
3157
3313
3214
3196
3190
3136
3067
2771
2730
3215
2728
3263
3027
3340
3281
3224
2819
2785
2677
3262
2958
1450
2976
3329
3099
3034
3267
3206
3150
3297
3116
3102
3070
3377
2914
2716
2661
2849
2712
3366
3148
3168
3005
3204
3113
2780
3351
3288
3177
2996
2684
3049
2970
2770
2765
2675
3277
3035
3316
2724
2769
3287
2936
3416
2751
3397
3335
3321
3265
3260
3258
3198
3140
3082
3041
3038
3013
2937
2821
2932
3199
2894
3347
3247
2992
3381
3207
3051
3002
2708
3422
3383
3369
3434
3201
2748
3135
2794
3296
3364
3238
3097
3029
3158
3022
3276
3124
3016
2931
3085
3391
2989
3178
3333
2985
3163
2756
2913
2835
3098
2988
3348
2987
2763
3384
2873
2683
3293
2738
3390
2837
3117
3220
2867
2749
2815
3033
3284
3339
3363
2810
2956
2806
2717
3195
2850
2666
2864
2946
2929
3040
2866
2974
3056
3104
2928
2750
3153
2851
3355
3345
3019
2964
3026
2953
2890
2729
3144
3403
3194
2833
2793
2787
3129
3332
3306
2719
2672
3360
3302
2984
2665
2812
2775
3378
2845
3431
3327
2954
990
3176
3353
3072
3017
2772
3185
3011
2875
2828
2784
3065
2745
3280
3146
3145
3101
2853
2781
2674
1505
3118
2947
3419
3291
3182
3132
2869
2662
3010
3396
3342
2742
3139
3119
3189
3172
2796
2778
3090
2916
2880
3350
2965
2840
2823
2783
2901
3433
2773
2743
2689
3304
2786
2679
3417
3073
2907
2862
2832
3084
3399
3226
3108
3052
3047
3004
2986
2960
2943
3095
2747
3330
3080
2669
2690
3324
3142
3025
2827
3435
3387
2839
3232
2755
2680
2993
2911
2896
2872
2754
3394
3228
2969
2924
3064
2920
2910
2905
2698
2694
2664
3250
3213
3000
2967
2925
2897
2884
3054
2966
2906
2757
3023
2940
2927
2877
2800
2695
3392
3386
3374
3362
3358
3320
3301
3298
3282
3274
3273
3261
3192
3179
3174
3169
3164
3162
3152
3138
3137
3115
3114
3111
3078
3060
2915
2898
2874
2831
2825
2807
2805
2782
2759
2726
2715
2702
2676
2667
3092
2944
3149
3096
2919
2854
2681
3426
2909
2777
2706
1684
3303
3237
3184
2673
2761
273
195
2902
627
583
577
643
600
582
632
615
599
647
681
576
578
650
3682
3441
791
796
782
839
768
2983
3066
49
619
611
636
653
633
589
573
644
605
630
626
664
625
631
590
654
609
579
575
422
618
684
616
621
574
159
135
309
4027
3749
3789
263
177
227
278
86
4017
4018
4005
17
220
243
3666
3698
3728
3761
3553
3773
3634
3752
3582
3903
3629
3778
3915
3829
3668
3474
3443
3904
3870
3757
3815
3442
3464
3630
3465
3620
3944
3818
3721
3834
3602
3558
3866
3823
3568
3738
3463
3886
3759
3810
3458
