0
674
3974
2565
2195
386
892
602
3984
1834
1581
1395
1096
3071
3006
891
624
287
4035
11
3853
401
4001
4005
3996
4030
4000
3995
4017
4014
3875
3801
3834
3746
3807
3751
3816
3513
3439
3953
3818
3963
3892
3541
3445
3922
3727
3606
3896
3671
3646
3458
3809
3917
3868
3763
3682
3624
3549
3977
796
793
767
690
822
789
712
756
3897
3476
3664
3969
3958
3924
3909
3870
3833
3711
3643
3591
3502
3777
3584
3649
3705
3663
3636
3608
3599
3773
3836
3587
3500
3823
3719
3931
3843
3564
3890
3821
3754
3593
3759
3761
3507
3956
3630
3466
3460
3443
3921
3907
3778
3713
3553
3470
3601
3908
3627
3528
3527
3659
3847
3589
2422
2595
2545
2178
2441
2431
2158
2375
2238
2105
2070
1934
2584
2019
2402
2204
2041
2320
2076
2349
1960
2049
1977
2301
2152
2311
2092
2577
2488
2160
2622
2504
2251
2156
1922
4027
4023
4038
4037
4036
4034
4033
4032
4029
4028
4026
4025
4022
4021
4020
4019
4018
4016
4015
4013
4012
4010
4009
4008
4007
4006
4004
4003
4002
3999
3998
3997
3994
3993
3992
3991
3990
3988
3987
3986
3985
3983
3982
3981
3954
2297
2016
1957
1914
2658
2627
70
3976
3975
3973
3972
3967
3965
3960
3959
3955
3952
3951
3949
3947
3946
3945
3942
3941
3940
3939
3937
3936
3935
3933
3932
3925
3923
3920
3916
3915
3914
3912
3910
3906
3905
3904
3903
3901
3900
3899
3895
3894
3893
3891
3888
3887
3885
3882
3881
3879
3878
3876
3874
3871
3869
3867
3866
3865
3863
3862
3859
3857
3856
3855
3854
3850
3849
3848
3846
3844
3840
3839
3838
3837
3835
3832
3829
3827
3826
3822
3819
3815
3814
3813
3812
3811
3810
3808
3806
3802
3799
3798
3794
3793
3792
3791
3789
3787
3786
3784
3783
3782
3781
3776
3775
3774
3772
3771
3770
3769
3768
3767
3766
3764
3762
3758
3757
3753
3749
3748
3747
3745
3743
3742
3740
3739
3735
3733
3731
3730
3728
3726
3725
3724
3722
3720
3718
3716
3715
3714
3710
3709
3708
3707
3706
3704
3701
3699
3698
3696
3694
3690
3686
3685
3681
3679
3678
3676
3675
3673
3668
3666
3665
3662
3660
3657
3655
3653
3652
3648
3647
3645
3644
3641
3640
3639
3638
3634
3632
3631
3629
3628
3626
3623
3622
3620
3619
3616
3615
3614
3613
3610
3607
3602
3598
3597
3595
3588
3585
3583
3582
3581
3580
3579
3572
3571
3570
3569
3568
3567
3566
3562
3558
3555
3546
3544
3543
3542
3539
3538
3537
3536
3535
3534
3532
3531
3530
3529
3524
3523
3520
3519
3515
3511
3510
3509
3508
3506
3505
3504
3503
3499
3498
3497
3494
3493
3490
3489
3486
3485
3483
3482
3478
3474
3473
3472
3468
3465
3464
3463
3459
3455
3454
3453
3451
3450
3447
3446
3444
3442
3441
877
865
873
879
871
893
843
703
792
763
734
728
710
869
813
799
762
755
747
700
882
861
777
766
765
693
855
854
853
852
851
850
849
848
847
846
845
844
842
841
839
838
837
836
835
834
833
832
831
829
828
827
826
824
821
820
819
818
817
816
815
814
812
811
809
808
807
806
805
802
801
797
795
794
791
790
788
787
786
785
784
783
782
781
780
779
778
776
775
773
771
770
769
768
764
761
760
759
758
757
754
752
751
750
749
748
746
744
743
742
741
740
739
738
737
736
735
733
732
731
730
727
726
725
724
723
722
721
720
719
718
717
716
715
714
713
711
709
708
707
706
705
704
702
701
699
696
695
694
692
691
689
688
687
2376
2493
2202
1935
2540
2549
2115
2433
2386
2374
2150
2291
2618
2655
2654
2611
2600
2590
2564
2559
2539
2521
2492
2414
2407
2363
2359
2356
2353
2309
2303
2271
2253
2220
2212
2200
2165
2124
2069
2059
2056
2044
2043
1984
1979
2480
2531
2228
2287
1952
2110
2462
2644
2474
2208
2205
2173
1944
1936
1930
2096
2623
2604
2601
2560
2526
2086
1942
2075
1985
2434
2235
3661
3559
3488
3452
3979
3575
3522
3845
3957
3919
3918
3913
3911
3898
3883
3864
3790
3765
3744
3717
3700
3695
3691
3680
3670
3669
3635
3617
3594
3574
3560
3518
3516
3481
3479
3467
3457
3785
3658
3637
3605
3603
3590
3565
3462
3795
3689
3712
3926
3902
3852
3736
3702
3547
3526
3496
3492
3484
3475
3477
3928
3788
3578
3944
3929
3873
3828
3642
3576
3964
3927
3825
3803
3752
3738
3612
3554
3469
3817
3693
3688
3611
3950
3672
3552
3521
3966
3618
3491
3480
3471
3970
3737
3683
3656
3573
3563
3551
3512
3889
3760
3533
3448
3978
3943
3934
3930
3884
3880
3860
3831
3796
3667
3625
3548
3461
3858
3841
3824
3804
3800
3687
3674
3654
3604
3557
3514
3449
3438
3971
3968
3938
3842
3805
3780
3755
3734
3703
3697
3600
3596
3545
3779
3677
3621
3592
3586
3517
857
2031
1176
2659
2657
2656
2652
2651
2650
2648
2646
2645
2641
2639
2638
2637
2634
2633
2632
2631
2630
2628
2626
2625
2624
2621
2620
2619
2615
2614
2613
2612
2610
2607
2606
2603
2602
2599
2596
2593
2591
2587
2586
2585
2581
2580
2579
2578
2576
2575
2574
2573
2572
2570
2569
2568
2566
2563
2562
2561
2558
2557
2556
2554
2553
2552
2551
2550
2548
2546
2544
2541
2537
2536
2535
2534
2532
2530
2528
2527
2525
2524
2523
2522
2520
2518
2517
2515
2514
2513
2507
2506
2505
2503
2500
2499
2497
2495
2490
2489
2487
2486
2485
2484
2483
2482
2481
2479
2478
2477
2476
2473
2470
2469
2467
2466
2464
2460
2459
2456
2455
2454
2453
2452
2450
2449
2448
2446
2444
2443
2442
2440
2439
2438
2437
2435
2432
2430
2429
2428
2427
2426
2425
2424
2423
2421
2418
2416
2415
2412
2411
2410
2409
2408
2406
2405
2404
2403
2401
2400
2397
2396
2395
2393
2392
2391
2390
2388
2387
2383
2382
2381
2380
2379
2378
2373
2371
2370
2369
2367
2366
2365
2362
2361
2360
2358
2357
2354
2352
2350
2348
2346
2345
2344
2342
2341
2340
2339
2335
2334
2331
2330
2329
2326
2325
2324
2323
2322
2321
2318
2317
2316
2314
2313
2312
2310
2308
2307
2306
2305
2304
2300
2299
2296
2290
2288
2286
2281
2280
2278
2277
2276
2275
2274
2272
2270
2269
2265
2263
2262
2261
2260
2259
2258
2257
2256
2255
2252
2249
2248
2245
2244
2243
2242
2240
2237
2236
2234
2233
2232
2231
2230
2229
2227
2226
2222
2221
2219
2218
2217
2216
2214
2213
2211
2210
2209
2207
2206
2201
2197
2193
2192
2190
2189
2188
2186
2185
2184
2182
2181
2179
2177
2175
2172
2170
2168
2167
2166
2164
2162
2161
2159
2155
2154
2151
2148
2147
2146
2145
2142
2141
2140
2139
2136
2132
2131
2130
2129
2126
2123
2122
2121
2120
2119
2118
2114
2113
2112
2109
2108
2107
2106
2104
2103
2100
2099
2098
2097
2095
2094
2093
2091
2090
2089
2088
2085
2084
2083
2082
2080
2079
2078
2077
2074
2073
2067
2066
2064
2063
2062
2061
2060
2058
2057
2055
2051
2050
2048
2046
2045
2040
2037
2036
2035
2034
2033
2030
2029
2025
2023
2022
2021
2020
2018
2017
2015
2014
2013
2012
2011
2008
2006
2005
2003
2000
1999
1998
1997
1996
1993
1992
1990
1989
1988
1987
1986
1983
1982
1981
1980
1978
1975
1974
1971
1970
1969
1968
1966
1965
1964
1963
1962
1961
1958
1956
1954
1953
1951
1950
1949
1946
1943
1938
1937
1933
1931
1929
1928
1927
1925
1924
1923
1921
1919
1918
1917
1916
1915
648
4031
4011
3989
3980
660
611
658
578
684
625
623
3961
3861
3723
3487
593
552
448
468
443
499
635
533
654
653
631
592
568
498
413
530
382
454
564
441
399
305
47
228
220
282
256
90
263
86
46
337
93
32
2660
2647
2640
2636
2635
2583
2571
2538
2494
2447
2364
2337
2284
2254
2225
2224
2171
2157
2143
2116
2071
2027
2024
2009
2004
2001
1995
1991
1976
1973
1972
1955
1939
1926
102
196
6
164
300
307
45
10
189
266
260
249
24
192
309
106
290
288
84
40
230
190
184
127
162
319
111
41
332
261
223
82
295
276
72
69
66
56
26
3
333
322
236
126
3437
895
894
890
889
888
887
886
885
884
883
881
880
878
876
875
874
872
870
868
867
866
864
863
859
858
856
840
830
825
823
810
804
803
800
798
774
772
753
745
729
697
686
1510
1027
2653
2649
2617
2616
2609
2608
2605
2594
2592
2589
2588
2582
2529
2519
2511
2508
2502
2498
2475
2472
2471
2468
2465
2463
2461
2451
2445
2436
2419
2417
2413
2394
2389
2377
2355
2343
2298
2295
2294
2282
2273
2246
2241
2215
2187
2183
2180
2176
2174
2163
2144
2137
2133
2127
2117
2102
2101
2072
2053
2052
2039
2038
2026
2010
2002
1994
1947
1941
1940
1932
1913
1814
1194
1455
2643
2642
2629
2598
2597
2567
2555
2547
2543
2542
2533
2516
2512
2510
2509
2501
2496
2491
2458
2420
2399
2398
2385
2384
2372
2368
2351
2347
2338
2336
2333
2332
2328
2327
2319
2315
2302
2293
2292
2289
2285
2283
2279
2268
2267
2266
2264
2250
2247
2239
2223
2203
2199
2198
2196
2194
2191
2169
2153
2149
2138
2135
2134
2128
2125
2111
2087
2081
2068
2065
2054
2047
2042
2032
2028
2007
1959
1948
1945
1920
1817
1154
1693
987
1167
1326
1147
1424
1244
1354
3962
3948
3886
3877
3872
3851
3830
3797
3756
3750
3741
3721
3692
3684
3651
3633
3609
3577
3561
3556
3550
3540
3525
3501
3495
3456
3440
1825
862
1564
1896
943
1697
1696
1884
1587
1381
1748
1556
1672
1339
1890
1759
1474
1346
1517
1265
932
1355
1712
934
1583
1843
1491
1802
1068
1832
1359
1889
1499
1177
1030
1389
1107
1707
1754
1562
1306
1131
971
1541
1831
1829
939
1328
1771
1710
1608
1449
1304
1228
1127
974
1858
1626
1826
1683
1185
1785
1725
1569
1299
1849
1839
1718
1613
1370
1305
1293
1287
1207
1156
1149
1079
1040
1017
999
982
1646
1497
1222
1093
914
1776
1657
1045
1615
1325
1203
900
1757
1663
1572
1547
1407
1390
1243
1059
1798
1636
1279
1036
1892
1629
1533
1333
1319
958
938
1442
1848
1782
1522
1420
1388
1361
1331
1323
1219
1058
927
1873
1728
1647
1591
1479
1432
1426
1417
1379
1350
1292
1190
1082
988
957
1709
1526
1231
1727
1314
968
1515
1235
1233
1032
618
1318
656
1967
543
534
480
421
407
350
1268
1238
1001
398
1870
1773
1582
1454
1396
1382
1303
1277
1261
1148
1066
933
671
491
1912
1408
915
549
685
682
681
680
679
678
677
675
672
670
667
666
665
664
663
662
661
659
657
655
650
647
644
643
642
640
639
636
633
632
630
628
627
626
622
621
620
619
617
616
615
614
612
609
608
607
605
604
603
600
599
598
597
595
594
590
589
588
585
584
583
582
581
579
577
576
575
574
573
1472
1469
1415
1121
1070
1037
509
380
1357
683
676
673
652
646
645
634
610
587
586
570
546
523
488
473
450
387
361
359
555
404
669
637
591
553
527
521
515
500
417
1882
1740
1606
1475
1237
1114
514
493
462
446
431
419
412
394
388
370
572
571
569
567
566
565
562
561
560
559
558
557
556
554
551
550
548
547
545
544
542
541
540
539
537
536
535
532
531
529
528
526
525
524
522
520
519
518
516
513
512
511
510
508
507
506
505
504
503
502
501
497
496
495
494
492
490
489
487
486
485
482
481
479
478
477
476
474
472
471
470
469
467
466
465
464
463
461
460
459
458
457
456
455
453
452
451
449
447
445
444
442
440
439
438
437
436
435
434
433
432
430
429
427
426
425
424
423
422
418
416
415
411
410
409
408
406
405
403
402
400
397
396
395
393
392
391
390
385
384
383
381
378
377
375
374
373
372
371
369
368
367
365
364
362
360
358
357
356
355
354
352
351
349
198
347
346
345
344
343
342
341
340
339
338
336
335
334
331
330
329
328
327
326
325
324
323
321
320
318
317
316
315
314
313
312
311
310
308
306
304
303
302
301
299
298
297
296
294
293
292
291
289
286
285
284
283
281
280
279
278
277
275
274
273
272
271
270
268
267
265
264
262
259
258
257
255
254
253
252
251
250
248
247
246
245
244
243
242
241
240
239
238
237
235
234
233
232
231
229
227
226
225
224
222
221
219
218
217
216
215
214
213
212
211
210
209
208
207
206
205
204
203
202
201
200
199
197
195
194
193
191
188
187
186
185
183
182
181
180
179
178
177
176
175
174
173
172
170
169
168
167
166
165
163
161
160
159
158
157
156
155
154
153
152
151
150
149
148
147
146
145
144
143
142
141
140
139
138
137
136
135
134
133
132
131
130
129
128
125
124
123
122
121
120
119
118
117
116
115
114
113
112
110
109
108
105
104
103
101
100
99
98
97
96
95
94
92
91
89
88
87
85
83
81
80
79
78
77
76
75
74
73
71
68
67
65
64
63
62
61
60
59
57
55
54
53
52
51
50
49
48
44
43
39
38
37
36
35
34
33
31
30
29
28
27
25
23
22
21
20
19
18
17
16
15
14
13
12
9
8
7
5
4
2
1
3408
2847
3322
2983
2997
3126
3066
2722
3281
2954
2805
2975
3059
3413
3221
3414
2852
2769
2878
3124
2888
2771
3180
2731
2837
2865
2990
2846
2830
3393
2714
2695
3287
3382
3318
2982
3383
2725
3209
3194
3111
3075
3061
3068
3018
3293
3220
3135
2977
2928
2681
3420
3080
3010
3264
3256
3087
3113
3008
2959
2834
2703
2969
2874
2698
2683
3048
3043
2772
2702
3364
2993
3345
3337
3299
2955
3426
3284
3108
3104
3098
3096
2988
2940
2929
2897
2866
2673
3229
3139
2710
3191
