0
4002
3071
114
801
668
18
447
2470
3031
233
3983
4029
4008
43
70
4034
749
2541
899
215
1755
12
929
3451
2457
2442
2269
1967
3955
179
3922
293
287
892
3885
3959
1027
841
607
241
585
1394
1096
401
2704
35
2792
3856
788
209
182
750
154
692
2382
44
1430
3570
52
859
2079
3408
244
648
263
3801
90
4001
667
3988
4011
594
4032
4006
4025
3996
3992
4038
3989
4020
4030
4026
4021
3998
3994
4037
4035
4033
4031
4028
4027
4024
4022
4019
4018
4017
4016
4015
4012
4010
4007
4000
3993
3991
3990
3987
3986
3985
3984
4014
4013
4009
4004
4003
3997
3995
3982
3981
3980
4023
4005
4036
3999
3781
3560
3875
3673
3865
3876
3588
3946
3965
2178
255
882
744
812
802
710
704
808
846
854
761
796
809
691
700
740
786
821
806
790
852
712
839
795
732
714
3911
3691
3597
3843
3626
3733
3893
3450
3763
3879
3641
3445
3774
3762
3864
3502
3882
3973
3544
3977
3771
3778
3681
3669
3585
3745
3892
3789
3724
3581
3523
3836
3452
3953
3659
3470
3686
3503
3713
3710
3629
3839
3785
3731
3739
3958
3574
3754
3963
3811
3730
3559
3887
3606
3931
3499
3949
3490
3446
3947
3553
3602
3483
3476
3913
3635
3932
3439
3530
3728
3833
3620
3850
3840
3827
3753
3698
3442
3587
3921
3835
3615
3455
3528
3705
3648
3646
3665
3652
3906
3794
3706
3572
3509
3598
3472
3649
3594
3919
3695
3933
3696
3543
3488
3485
3874
3819
3743
3595
3541
3538
3881
3823
3758
3622
3601
3821
3583
3510
3759
3701
3579
3571
3829
3630
3568
3464
3782
3903
3793
3643
3584
3640
3527
3937
3915
3859
3752
3634
3593
2441
2439
2483
2528
2017
2255
2245
2263
2548
2422
2375
2388
2360
2113
2158
2437
2321
2041
1992
2650
2444
1977
2456
2450
2587
1933
2614
2301
2181
2570
2411
2455
2160
2119
2371
2236
2089
2373
2197
2314
2152
1922
2562
2248
2426
2393
2262
2613
2213
2622
2504
2477
2179
2651
2448
2335
2162
2091
2036
2492
2122
2536
2401
2628
1930
672
3551
3904
3849
3463
3566
3642
411
49
564
441
2014
2061
1991
2016
2633
2337
2025
1927
2657
1957
1935
217
145
71
27
264
220
877
874
776
894
881
893
863
778
770
723
884
779
754
727
715
876
843
728
869
798
735
880
837
820
758
741
716
886
814
810
759
718
794
780
748
736
722
695
694
800
797
730
849
842
840
819
815
777
721
709
705
688
855
853
851
850
848
847
845
844
838
836
835
834
833
832
831
830
829
827
826
824
822
818
817
816
813
807
803
799
793
792
791
789
787
785
784
783
782
781
775
773
772
771
768
767
766
765
764
763
762
760
757
756
755
752
751
746
745
742
739
738
737
734
733
731
726
725
724
720
717
711
707
706
703
702
701
699
696
693
690
689
687
3661
3772
3462
3950
3795
3779
3496
3702
3689
3736
3672
3550
3492
3888
3712
3477
3884
3804
3800
3788
3830
3589
3521
3945
3927
3693
3471
3438
3886
3841
3737
3656
3604
3484
3456
3449
3929
3908
3877
3873
3687
3625
3545
3842
3979
3978
3976
3975
3974
3972
3971
3970
3969
3968
3967
3966
3964
3962
3960
3957
3956
3954
3952
3951
3944
3942
3941
3940
3939
3938
3936
3935
3934
3930
3928
3926
3925
3924
3923
3920
3918
3917
3916
3914
3912
3909
3907
3905
3902
3901
3900
3899
3898
3897
3896
3895
3894
3891
3890
3889
3883
3880
3878
3871
3870
3869
3868
3867
3866
3863
3862
3860
3858
3857
3855
3854
3852
3851
3848
3847
3846
3845
3838
3837
3834
3832
3831
3828
3826
3825
3824
3822
3820
3818
3817
3816
3815
3814
3813
3812
3810
3809
3808
3807
3806
3805
3803
3802
3799
3798
3796
3792
3791
3790
3787
3786
3784
3783
3780
3777
3776
3775
3773
3770
3769
3768
3767
3766
3765
3764
3761
3760
3757
3755
3751
3749
3748
3747
3744
3742
3740
3738
3735
3734
3729
3727
3726
3725
3723
3722
3720
3719
3718
3717
3716
3715
3714
3711
3709
3708
3707
3704
3703
3700
3699
3697
3694
3690
3688
3685
3683
3682
3680
3679
3678
3676
3675
3671
3670
3668
3667
3666
3664
3663
3662
3660
3658
3657
3655
3654
3653
3650
3647
3645
3644
3639
3638
3637
3636
3632
3631
3628
3627
3624
3623
3621
3618
3617
3616
3614
3613
3612
3611
3610
3608
3607
3605
3603
3600
3599
3596
3591
3590
3586
3582
3580
3578
3577
3576
3575
3573
3569
3567
3564
3563
3562
3558
3557
3556
3555
3554
3552
3549
3548
3547
3546
3542
3539
3537
3536
3535
3534
3533
3532
3531
3529
3526
3524
3522
3520
3519
3518
3517
3516
3515
3514
3513
3512
3511
3508
3507
3506
3505
3504
3500
3498
3497
3494
3493
3491
3489
3486
3482
3481
3480
3479
3478
3475
3474
3473
3469
3468
3466
3465
3461
3460
3459
3458
3457
3453
3448
3447
3444
3443
3441
862
2476
2056
2453
2114
2383
2303
2234
2019
2270
2350
1989
2493
2645
2365
1980
2517
2313
2145
1965
2612
2659
2024
1999
1931
1919
2658
2656
2648
2640
2639
2634
2632
2627
2626
2621
2620
2618
2596
2595
2585
2584
2580
2577
2576
2574
2569
2568
2565
2558
2545
2540
2535
2531
2527
2524
2523
2515
2514
2513
2505
2500
2499
2497
2488
2487
2486
2481
2474
2469
2466
2454
2452
2449
2440
2435
2431
2425
2424
2421
2412
2405
2402
2381
2380
2378
2357
2352
2349
2348
2346
2341
2320
2317
2316
2311
2297
2291
2288
2286
2284
2281
2272
2265
2260
2256
2251
2238
2230
2228
2227
2219
2217
2207
2206
2205
2204
2202
2192
2182
2173
2171
2170
2168
2167
2159
2157
2156
2147
2146
2141
2130
2129
2120
2107
2106
2105
2100
2097
2094
2092
2084
2082
2077
2076
2070
2067
2051
2050
2049
2044
2035
2034
2029
2023
2022
2021
2015
2013
2012
2011
2008
2006
2000
1998
1996
1988
1982
1968
1960
1958
1956
1950
1949
1943
1942
1937
1934
1928
1924
1921
1915
1914
2211
2489
2414
2237
2220
2212
2140
2109
2020
1925
2655
2654
2564
2560
2553
2552
2550
2549
2532
2520
2443
2433
2430
2409
2407
2404
2392
2391
2376
2359
2353
2326
2308
2307
2306
2290
2258
2229
2218
2216
2201
2172
2164
2121
2118
2115
2090
2086
2083
2060
2059
1986
1971
1963
1946
1918
1917
2490
2155
1975
1974
2638
2631
2630
2624
2619
2611
2606
2601
2600
2593
2591
2590
2579
2575
2559
2554
2551
2546
2539
2522
2521
2507
2506
2485
2484
2467
2446
2427
2423
2418
2395
2387
2386
2374
2370
2369
2363
2356
2339
2334
2331
2323
2309
2299
2278
2275
2271
2261
2244
2210
2200
2190
2188
2184
2154
2139
2136
2131
2124
2112
2104
2098
2074
2073
2069
2064
2055
2045
2043
2040
2037
2030
1997
1984
1983
1979
1966
1962
1953
1929
2252
2214
2065
1969
2610
2557
2366
2362
2166
2518
2358
2342
2126
2099
2177
2413
2480
2232
2400
2312
2329
2233
2330
2249
2462
2222
2646
2355
2322
2287
2048
1961
1952
2432
2415
2304
2325
2274
2390
2243
2644
2641
2637
2594
2581
2566
2534
2525
2503
2416
2406
2403
2397
2361
2345
2318
2310
2305
2296
2277
2242
2231
2226
2209
2208
2193
2186
2175
2085
2080
2066
2031
1990
1978
1944
1936
2215
2473
2399
2367
2254
2096
1923
2519
2652
2603
2599
2572
2537
2501
2479
2396
2235
2221
2110
2075
2003
1994
1981
1970
2472
2377
2163
2625
2623
2615
2607
2604
2602
2592
2586
2578
2573
2563
2561
2556
2526
2495
2482
2478
2464
2460
2429
2428
2410
2408
2379
2354
2340
2333
2324
2300
2293
2280
2276
2266
2257
2253
2240
2165
2150
2142
2137
2123
2108
2103
2095
2093
2088
2078
2063
2058
2057
2046
2033
2005
1993
1985
1964
1938
2609
2465
2438
2434
2420
2343
2259
2161
2117
1987
1939
1932
1664
1353
485
581
657
684
598
1233
616
682
662
632
612
592
574
675
670
659
627
595
578
615
600
583
680
589
685
677
633
626
622
619
618
611
603
678
666
593
3961
3861
3487
3454
435
464
467
386
379
529
1506
458
533
356
477
459
424
466
468
416
486
381
357
504
448
382
425
445
557
539
554
518
516
505
676
646
634
510
683
590
491
568
429
421
371
548
495
530
474
470
403
361
355
354
528
407
369
202
1224
189
167
32
106
73
140
63
230
192
59
549
501
399
393
364
275
91
196
55
284
60
235
28
333
229
219
95
10
2660
2647
2636
2635
2583
2571
2538
2494
2459
2447
2445
2364
2327
2267
2225
2116
2027
2018
2009
2004
2001
1995
1976
1973
1972
1951
177
143
139
36
62
45
5
324
318
128
100
54
1
334
50
279
104
317
278
227
98
185
296
99
314
297
320
108
330
260
254
242
146
48
33
243
307
232
141
291
231
221
169
130
84
39
94
92
80
267
155
51
347
87
118
310
238
199
21
341
329
285
277
276
271
258
134
105
85
67
66
56
30
26
259
245
110
246
213
129
319
89
328
306
273
181
323
274
228
312
226
116
115
3122
3218
2963
2722
895
891
890
889
888
887
885
883
879
878
875
873
872
871
870
868
867
866
865
864
861
858
857
856
828
825
823
811
805
804
774
769
753
747
729
719
713
708
697
686
81
3398
3948
3943
3872
3797
3756
3750
3741
3721
3692
3684
3677
3674
3651
3633
3609
3592
3561
3540
3525
3501
3495
3440
3437
1651
1058
1701
1854
1050
2643
2629
2589
2582
2547
2512
2475
2451
2292
2247
2224
2199
2189
2187
2185
2176
2151
2087
2071
2068
2038
2007
1955
1947
1945
1926
1916
1414
1760
1463
1354
1762
1455
1022
1521
1417
2653
2649
2642
2617
2616
2605
2597
2588
2544
2533
2529
2511
2509
2502
2498
2471
2468
2463
2461
2458
2436
2419
2417
2394
2389
2344
2338
2315
2298
2295
2294
2279
2273
2268
2246
2241
2198
2183
2174
2153
2148
2144
2143
2138
2135
2133
2127
2125
2102
2101
2072
2062
2052
2039
2026
2010
2002
1954
1940
1913
1912
1690
1411
1301
1038
1546
2608
2598
2567
2555
2543
2542
2530
2516
2510
2508
2496
2491
2398
2385
2384
2372
2368
2351
2347
2336
2332
2328
2319
2302
2289
2285
2283
2282
2264
2250
2239
2223
2203
2196
2194
2191
2180
2169
2149
2134
2132
2128
2111
2081
2054
2053
2047
2042
2032
2028
1959
1948
1941
1920
1817
1579
1203
1860
1364
1167
1116
1061
1378
1385
1401
1143
1711
964
1253
922
1618
1492
920
1144
943
1068
1383
1476
1321
1246
1774
1458
1422
1695
1565
1723
1556
1592
902
1031
938
1219
1795
1644
1372
1796
1607
1885
1481
1183
1152
1586
1748
1624
1348
977
1904
1011
1381
1283
1908
1697
1325
1220
1775
1526
1015
1350
1351
1181
389
1633
1496
1035
1708
1073
1105
1640
1474
1658
1473
980
1784
1568
1468
1424
963
901
1240
1457
959
1380
1346
1207
1040
1403
1218
1138
1811
1439
1231
1866
1806
1217
999
986
1271
1798
1859
1379
1284
1190
1148
1120
1067
1197
1619
1336
1445
1337
1415
1226
1109
907
1868
1819
1816
1598
1532
1485
1375
1339
1024
1004
966
1725
1686
1275
1131
1893
1871
1257
1566
1478
1356
1342
931
1785
1248
1106
1807
1706
1704
1241
1215
1103
1488
1846
1831
1513
1467
1367
947
1722
1151
997
1867
1836
1771
1737
1717
1612
1539
1449
1416
1302
1184
1175
1125
1500
1482
1469
1310
1304
1236
974
954
940
1864
1833
1714
1570
1540
1390
1272
1185
1906
1899
1582
1531
1525
1503
1472
1412
1324
1299
1281
1277
1260
1235
1221
1057
1020
942
1861
1839
1809
1799
1750
1712
1632
1547
1471
1409
1329
1305
1293
1289
1287
1285
1280
1255
1149
1092
1069
1006
967
1766
1602
1294
962
1727
1497
914
1776
912
1788
1043
1511
1827
1746
1659
1528
1278
1269
1054
1003
1880
1601
1333
1314
1186
1615
1014
1133
1729
1406
1309
1261
1066
969
919
1903
1873
1824
1812
1786
1691
1661
1596
1576
1550
1502
1479
1475
1462
1459
1454
1392
1345
1298
1282
1229
1204
1170
1158
1129
1082
1032
1009
981
1679
1671
1584
1573
1436
1423
1189
614
584
1738
1490
1210
1070
1001
629
609
422
1800
1630
1600
1574
1444
1393
1357
1242
1209
1110
1012
1870
1692
905
479
456
641
580
546
531
502
487
461
452
450
439
417
392
556
451
397
681
679
673
671
669
665
664
663
661
658
656
655
654
653
