107
773
3636
326
4023
101
19
131
467
1002
441
2548
1046
4026
744
3819
1346
3812
498
244
2949
552
863
2895
279
2470
3487
867
96
955
2691
3143
3801
316
3266
4000
682
3859
2760
3975
1145
3645
275
2281
3720
2632
3125
1486
3268
3580
3581
749
3467
3676
4007
3565
3537
33
3770
3453
785
2051
78
4033
4027
1834
3037
1111
841
3745
3606
2570
3679
3624
3922
3811
1599
875
3660
702
3784
716
405
883
2893
657
3290
628
2269
1586
564
1890
2814
406
2245
175
3987
2431
1038
1057
2517
263
162
3389
1822
144
791
262
1969
1560
3805
1263
309
77
3703
3197
298
2301
799
207
699
241
3305
2178
1202
3846
4036
190
3408
71
3375
2805
2699
8
2802
3733
228
3333
3935
1253
1581
1234
996
3323
4035
1372
798
1362
318
2316
1627
801
3507
899
3502
678
1005
610
571
2238
2401
760
2545
2995
3370
219
3513
1711
3856
3879
687
1974
2437
790
3887
1779
1147
1977
3847
2752
3864
1240
202
668
1593
3071
2168
891
1924
631
588
3388
3314
1445
2983
2998
2263
86
599
3933
1224
655
822
3446
3806
3939
3855
1157
4034
2100
42
3053
3840
2541
757
3695
3447
1802
505
3708
3899
3612
3057
1758
3977
2466
3965
3783
1308
1579
562
4024
2700
3986
3989
3997
4013
2110
3995
2792
1045
872
2406
111
17
44
230
97
882
2173
3354
384
3128
3012
3322
453
3727
2357
1053
3894
3546
3133
3814
1952
1855
18
3657
3970
3655
911
912
1762
3445
1506
3976
1949
3404
928
2388
2708
1384
2514
4009
4018
3998
1658
4003
2480
1194
1441
351
743
2826
425
386
1357
499
1967
225
2569
102
1797
2923
674
138
1414
2825
289
3248
3300
2801
775
1874
2441
6
3085
220
2580
3202
3205
184
73
2772
254
321
24
80
347
63
54
45
4028
336
307
660
3685
267
260
732
256
210
206
195
174
1521
3953
2964
57
3074
1383
3973
126
3199
3270
3061
27
308
2963
1094
69
3653
60
76
65
291
750
191
485
933
1386
2692
1533
2635
2565
859
733
3582
3589
3978
53
458
613
2483
3548
235
2696
608
690
39
715
748
75
1294
2113
1023
3669
3436
3039
183
2577
838
1251
3131
1301
1602
2671
2197
266
264
3489
237
706
157
3678
3006
821
1829
788
7
808
2248
3958
890
3839
2065
2152
288
624
835
1239
205
1854
642
2596
3088
2358
3444
2442
440
3160
2527
712
2845
58
16
593
2840
3888
2714
2270
3413
2079
880
3161
3910
83
728
920
866
2260
447
3031
3952
756
3849
1896
762
3338
1585
638
987
2795
881
2595
796
2861
861
2628
253
3556
1306
3882
1651
551
3551
3575
918
3227
581
1103
3895
2725
1244
3813
3317
176
1127
3271
1892
3893
1397
3055
1000
2788
557
2838
1394
2041
1034
3885
759
717
3251
2014
533
3009
1133
2360
247
2375
1031
47
43
704
1760
602
1015
93
1510
2634
1317
1134
292
90
2204
448
341
3067
3704
3632
1354
4038
3638
1696
2804
3993
4001
3122
586
3427
3992
2885
4008
1838
3441
979
594
1151
306
2380
193
114
910
2722
1027
124
1139
125
1193
3969
215
3738
2762
74
110
2930
319
52
2808
2230
1856
3959
3944
358
3358
692
1395
15
3156
164
940
2424
1466
3468
1558
3746
2704
1252
3936
3357
3597
3626
3398
3802
1043
3472
421
3891
3792
3712
3862
857
2870
3781
3461
3772
3778
3478
3269
3800
2990
1411
3955
3614
3658
3767
1784
3890
3736
3903
3623
3872
3480
3761
1556
3451
851
667
3956
3566
3643
2672
3752
3469
3844
3771
3694
3691
3686
3659
468
3835
3878
3525
3683
3578
167
1693
3003
1840
3044
2884
3961
3492
2776
767
3425
3402
1138
3181
770
317
1996
2581
246
3308
2980
2947
3331
221
303
345
168
3278
570
454
1544
1492
2452
2182
1776
1657
3496
3567
3547
3595
3912
3628
3538
3473
3743
3868
3739
3541
3105
2314
886
804
909
1788
470
1992
923
1726
2799
3200
3963
3490
806
3809
3920
3901
3776
3696
3368
2935
3063
3394
1232
1073
1410
1307
1144
166
3700
2265
2036
2256
1055
2651
2505
3923
3918
154
2515
2622
584
679
639
598
685
653
618
1442
3823
2023
769
1443
939
1064
283
3861
259
245
2767
3309
2889
2703
3423
3311
2834
3318
2879
2670
3382
3283
3325
3008
2972
2959
3121
2922
2997
23
1326
1200
3374
49
255
736
691
850
833
816
2481
1956
1961
212
295
3216
3457
3755
294
117
197
2385
137
140
226
1564
227
296
177
46
278
2535
2487
364
399
670
658
577
662
675
643
681
665
578
583
627
582
576
615
595
661
650
600
632
640
904
171
630
616
2898
2836
839
689
789
1814
3905
3996
4002
4031
4020
3980
2558
3508
3482
3598
3698
3850
3607
3644
3637
3477
4025
3665
3516
3649
3523
3898
3479
3787
3749
3751
181
218
328
273
3483
3617
3866
3511
3530
3837
3571
3757
3465
3759
3701
3957
3476
3774
3519
3675
3836
2678
2831
2822
3222
3870
4021
4016
3988
3982
3981
3994
4032
4015
4010
3991
3985
1030
1368
85
274
276
133
776
873
214
116
310
70
41
888
878
876
729
350
464
2941
2999
3083
3028
411
3662
3549
3536
3863
3682
1537
3892
3874
3725
3917
4019
3999
4017
4030
2439
2217
393
198
501
476
1208
1105
437
532
572
143
68
312
216
243
99
112
343
149
20
14
2
89
28
115
320
330
139
36
299
250
346
92
59
3
146
127
251
187
194
242
302
56
128
204
268
208
132
280
50
211
238
281
284
340
287
249
234
180
159
155
95
94
88
331
87
178
165
103
13
10
38
323
311
172
170
130
105
22
203
285
134
98
344
314
261
118
329
334
325
304
123
313
239
21
185
122
0
265
232
271
1
231
342
156
322
200
26
332
339
248
142
82
290
277
186
113
104
324
252
119
109
315
84
40
62
48
213
188
236
169
161
158
25
297
224
199
141
30
67
9
66
649
173
64
229
150
5
55
148
31
196
337
301
270
233
217
222
72
272
79
223
121
108
258
338
257
29
305
300
135
4
51
282
100
11
163
120
327
240
153
61
269
106
4037
4014
4004
4022
3984
4005
333
189
129
286
147
151
145
32
192
335
91
160
35
201
37
3563
3827
3553
3504
3663
3498
3505
3865
3470
3573
3610
3760
3730
3728
3876
3735
3740
3455
3442
3710
3485
3488
3517
3627
3450
3462
3559
3500
3514
3702
3520
1567
1440
950
3815
3753
3521
3715
3713
3666
3526
3613
3731
3475
3721
3629
3926
3639
3635
3574
3560
3533
3762
3777
3788
3512
3852
3930
3687
3667
3929
3656
3799
3948
3618
3501
3491
3884
3670
3557
3642
3503
3838
3797
3693
3902
3785
3966
3672
3609
3540
3858
3867
3921
3599
3449
3877
3828
3625
3586
862
3780
3692
3857
3524
3543
3448
3971
3830
3677
3456
3909
3829
3860
3841
3674
3542
3690
3620
3458
3460
3972
3873
3545
3979
3796
3741
3495
3440
3756
3577
3848
3579
3968
3817
3804
3697
3651
3596
3518
3851
3845
3576
3964
3555
3871
3471
1085
3611
3464
3907
3608
3880
3737
3707
3919
3633
3552
3535
3497
3779
3842
3734
3648
3622
3631
3459
3937
3754
3726
3945
3604
3554
3561
3764
3711
3915
3634
3962
3950
3938
3928
3886
3832
3831
3824
3794
3790
3786
3782
3766
3758
3732
3688
3684
3640
3630
3621
3615
3605
3562
3550
3532
3528
3499
3454
3438
3719
3493
3763
3509
3534
3572
3474
3803
3927
3881
3834
3510
3437
3558
3924
3584
3869
3718
3593
3463
3822
3646
3602
3896
3714
3821
3947
3833
3793
3706
3914
3810
3529
3484
3591
3569
3951
3931
3900
3568
3564
3506
3680
3941
3527
3769
3641
3494
3925
3587
3791
3775
3913
3940
3603
3590
3943
3750
3705
3908
3960
3967
3452
3883
3765
3934
3747
3723
3773
3481
3594
3906
3826
3515
3954
3854
3853
3818
3808
3795
3722
3709
3664
3588
3486
3671
3466
3652
3583
3768
3843
3600
3825
3531
3539
3661
3689
3601
3592
3748
3699
3673
3668
3654
3585
3522
3744
3681
3807
3729
3717
3889
865
3724
1165
3443
3946
3911
3742
3544
3897
3789
3647
3616
3949
3916
3716
3439
3650
1494
1705
3619
3570
3816
3932
871
3904
868
3942
895
3875
3974
3798
1187
1088
707
753
783
794
787
709
721
817
711
708
814
758
849
810
856
751
764
730
701
836
722
792
765
795
848
752
698
811
832
705
774
720
723
742
842
819
807
718
703
777
739
719
688
844
840
700
697
778
747
741
813
853
793
755
731
726
834
815
779
694
820
826
845
830
825
824
803
800
797
772
745
740
727
724
847
827
823
754
734
710
695
828
784
781
780
766
746
738
686
805
725
713
818
737
771
843
831
837
846
829
889
887
860
809
782
768
761
786
812
693
714
735
696
893
869
763
885
879
874
864
802
892
858
877
854
884
894
855
852
870
380
659
3246
369
663
152
2769
3068
3307
2816
2847
3187
2934
2701
516
457
619
597
666
677
622
611
3393
1171
3004
3099
2744
3329
3405
3177
3327
2978
3092
2876
3095
1642
2766
2926
3217
2758
3236
3289
2735
3192
3219
3032
3013
2939
2811
2688
2747
2878
3276
3245
2859
3264
3171
3301
3231
3229
3414
2867
2887
2852
2957
3244
2829
2820
2697
2723
3259
3341
