3222
3983
789
256
4022
1581
2792
1224
3031
3954
2808
899
4032
157
3807
613
3560
581
3801
2470
788
859
699
875
43
3854
3582
2321
3729
3282
607
4035
3798
2814
2714
3606
3959
183
3451
1096
660
3664
3865
3853
3987
215
448
3673
1002
638
562
1353
244
892
3808
2842
3268
189
1560
283
3305
550
3467
2569
2541
292
124
608
4001
1270
205
153
3589
453
911
241
2595
90
1430
2483
364
114
182
37
4012
572
3006
3942
1466
1546
3859
2527
282
3537
2437
2204
2034
3989
4020
4004
3991
4034
3985
4006
4019
4007
3990
4037
4038
4031
3997
4028
4009
3981
667
4023
3988
3995
3986
4036
4033
4027
4026
4024
4021
4018
4016
4014
4013
4011
4008
4003
4002
3999
3998
3996
3994
3993
3982
594
4030
4000
3992
3980
4017
3733
3849
3742
904
2691
3037
881
841
743
806
775
790
791
825
863
879
885
895
888
864
740
753
808
700
798
717
846
796
691
850
795
843
792
762
710
861
782
718
787
783
833
844
693
709
873
840
811
739
687
836
793
758
757
724
690
800
771
702
826
824
766
711
832
730
738
818
689
767
746
834
784
780
890
889
887
886
882
880
878
877
876
874
872
871
870
869
867
866
858
856
819
729
708
830
713
694
838
779
765
754
741
728
697
748
747
716
705
688
848
823
820
815
794
781
773
764
759
745
737
726
703
696
695
854
853
852
851
849
847
842
839
837
831
829
828
827
822
821
817
816
814
813
812
810
809
807
805
804
803
802
797
786
778
777
776
774
772
769
768
763
761
760
756
755
752
751
750
749
744
742
736
735
734
733
732
731
727
725
723
722
720
715
714
712
707
706
701
698
845
835
770
719
704
686
799
894
884
785
721
893
855
891
883
860
801
865
692
4025
4029
4005
4010
4015
3984
97
2080
2245
2167
2015
2487
2857
3122
327
219
71
27
138
155
1937
2373
247
2490
2388
2380
2251
2097
1950
2263
2424
2548
2277
2119
1992
2426
2170
2014
2281
2094
2383
2017
1977
2160
2320
2360
2152
2650
2562
1949
1915
2535
2070
1933
2628
2100
2130
2523
2622
2515
2349
2618
2614
2197
1960
2421
2584
2455
2412
2497
2248
2173
2044
2659
2335
2633
2570
2585
1975
2258
2435
1914
3216
2975
3200
3053
2799
3372
2736
269
3408
2811
2884
3429
3153
3088
3192
3334
2820
3009
3402
600
95
89
6
275
190
240
253
311
307
63
54
19
51
314
126
279
250
38
317
214
14
2314
2228
2217
2129
2536
2179
2656
2357
2146
2565
1996
2450
2105
2051
2011
2182
2657
2061
2001
2447
2159
2000
2337
2297
2027
2627
2538
2494
2225
2025
2022
2006
1958
1935
2651
2256
2219
1968
2443
2291
2288
1982
2202
1931
2453
2114
2534
2411
2371
2361
2286
2023
1978
1936
2613
2563
1921
2055
2352
2212
2077
2020
1963
2366
2272
2107
2401
1924
2546
2404
2370
2359
2339
2576
2262
2056
2579
2504
2477
2410
2326
2200
2115
2045
2647
2636
2583
2009
1998
246
120
2099
2486
1952
2612
2406
2082
2231
2278
2586
2553
2507
2484
2218
2164
1953
1995
2655
2638
2619
2606
2601
2559
2387
2376
2348
2216
2098
2063
2059
2058
2033
2177
1972
2329
2573
2429
2208
2630
2599
2575
2506
2478
2340
2334
2257
2253
2201
2150
2140
2139
2136
2109
2073
2069
1971
2646
2631
2615
2604
2564
2561
2550
2500
2464
2407
2391
2386
2354
2309
2307
2299
2220
2213
2188
2172
2122
2118
2108
2090
2088
2037
1986
1984
1966
1962
1946
1943
1917
2084
2392
2331
1988
2572
2440
2036
2313
2660
2171
2024
2004
1928
2605
2557
2525
2310
2205
2635
2602
2590
2556
2495
2363
2308
2276
2275
2266
2244
2184
2165
2123
2121
2104
2065
2043
2040
1993
1938
2658
2654
2645
2644
2641
2640
2639
2634
2626
2625
2624
2621
2611
2607
2593
2591
2587
2580
2578
2577
2574
2568
2566
2558
2554
2552
2551
2549
2545
2539
2532
2528
2524
2521
2520
2517
2514
2513
2505
2503
2499
2493
2492
2489
2488
2485
2482
2481
2480
2476
2474
2469
2467
2466
2460
2456
2454
2449
2448
2446
2444
2442
2439
2433
2431
2430
2428
2427
2423
2422
2418
2408
2405
2403
2402
2397
2395
2393
2382
2381
2378
2375
2374
2369
2364
2358
2356
2353
2350
2346
2341
2323
2322
2317
2316
2311
2306
2305
2301
2300
2296
2290
2287
2284
2271
2269
2265
2261
2260
2255
2240
2238
2237
2236
2234
2229
2227
2214
2210
2207
2206
2193
2192
2190
2186
2185
2181
2168
2166
2162
2158
2157
2156
2154
2147
2142
2141
2131
2126
2124
2120
2113
2112
2106
2103
2093
2092
2091
2089
2085
2083
2079
2078
2076
2074
2064
2060
2050
2049
2048
2046
2041
2035
2030
2021
2019
2018
2016
2013
2012
2008
2005
1997
1991
1990
1989
1983
1980
1979
1976
1973
1965
1961
1957
1956
1951
1942
1934
1930
1929
1927
1925
1922
1918
588
628
349
351
3176
2942
2723
2995
2727
2868
3424
3376
3358
3177
3099
3058
3427
3401
2926
3322
3197
2837
3110
3436
2885
2855
3270
3105
3167
3133
3392
2801
2878
2876
2762
3092
3215
3337
2702
3359
2830
2954
3175
2930
2747
2715
2990
2900
3326
3094
3354
3218
2861
3430
2899
2710
2821
2766
3212
3323
2769
3393
2963
3365
3147
2667
3109
2846
3093
3095
2802
2844
2854
3388
2809
2713
3346
2829
2682
3123
3157
2831
2859
2804
3311
2767
2670
3377
3048
2685
3155
3063
3129
2924
2705
2746
2695
3194
3013
3224
2967
2725
3181
2732
3248
3389
2771
3394
2756
3400
3128
3126
3273
