0
4002
786
4035
4006
801
918
3875
3999
182
1027
945
904
3856
287
4008
2269
3589
3885
2527
3808
2691
624
90
2842
37
2596
3037
3691
253
1264
893
790
743
1034
883
70
1147
3230
1046
1834
3709
4022
3688
3732
4001
453
327
3071
1276
3955
2788
4029
2457
183
3006
83
3748
3854
15
3923
110
1206
3765
95
3763
3660
671
2541
1326
11
3407
3954
69
1394
2857
401
216
2565
4003
2736
3315
145
316
201
286
1252
550
2106
179
3372
3746
3736
1690
3992
47
3853
71
3626
2505
301
243
336
3983
757
3570
749
3798
294
2017
1762
114
112
4010
1558
3699
247
3849
499
152
1996
77
307
3733
3268
91
3749
443
2792
3544
2483
2595
3801
97
4005
4036
877
885
872
867
776
895
881
858
874
871
886
882
892
891
888
887
884
879
873
870
868
865
863
859
825
761
735
855
750
744
765
721
826
706
740
746
736
710
799
693
813
691
880
844
715
850
781
878
876
861
782
729
818
733
846
704
869
856
843
802
791
816
822
707
792
779
889
698
769
703
762
712
722
723
687
842
800
756
711
806
821
784
701
803
793
730
852
770
718
848
890
824
819
760
697
830
829
814
810
809
787
778
772
764
759
758
748
738
726
794
695
840
834
823
805
739
719
688
831
773
731
713
694
714
689
853
851
849
847
845
841
839
838
837
836
835
833
832
828
827
820
817
815
812
811
807
804
798
797
796
795
789
788
785
783
780
777
775
774
771
768
767
766
763
755
754
753
752
751
747
745
742
741
737
734
728
727
725
724
720
717
716
709
708
705
700
696
690
732
686
702
864
894
875
866
860
808
692
854
699
3990
4033
4014
4007
4017
3986
4000
4023
4011
3991
4009
4038
4025
4021
4026
3982
4018
3994
4004
4037
4032
4031
4030
4027
4020
4019
4016
3998
3997
3995
3988
3985
3984
3981
4013
3980
3989
4034
4024
3996
594
3993
4028
4012
3987
4015
2952
3311
2972
3429
2834
2703
3318
2879
3382
2982
2959
2767
2699
2799
3413
2798
2893
3045
3175
3030
3059
3436
2971
2
193
138
321
46
330
61
76
305
333
230
93
28
311
207
260
2528
2382
2238
2614
2421
2357
2105
2034
3325
2802
2262
2644
2651
2824
2721
3159
3210
3371
2878
2700
1253
1969
2752
2926
3260
3281
3053
3144
3197
3425
3423
3314
3283
3008
2889
2670
3432
2855
2811
3358
3398
3410
2899
3269
3092
2895
3122
3039
2761
2673
3420
2981
3235
3194
3392
3282
3419
3044
3218
3390
3007
2671
3103
2713
3067
3323
2934
2948
3308
3416
3093
3151
2697
2745
3028
2882
2821
2847
3326
3157
2938
2852
2835
2695
3020
3063
2997
3251
3257
2908
3228
2961
3167
2967
2874
3303
2749
3109
3088
3046
2876
2819
3181
3180
2732
3114
2789
3126
3083
2949
3042
2850
3054
3052
3243
2705
2917
2873
2979
2980
2923
3405
3431
3389
2771
3112
3265
3146
3021
3312
3335
3170
3292
2818
2768
3421
3187
3317
3394
3300
3080
3430
3363
3184
3023
2706
3032
3220
3085
3026
2912
2906
2672
2975
2760
2856
3341
3216
3141
2861
3127
3004
2987
2786
3374
2996
2929
2729
3255
3399
3250
3014
2909
2880
2680
3145
3411
3313
3117
3041
3013
3360
3351
3316
3277
3209
3058
2970
2846
2785
2765
2687
3362
3293
3238
2953
2931
2924
2864
2862
2756
2741
2663
3231
2978
2837
2901
3215
3076
2868
3422
3353
3344
3261
3225
3182
3172
2991
2936
2793
2708
3142
3108
3064
2666
2747
3434
3224
2859
3130
2769
2757
3274
2870
3388
3364
3339
3304
3202
3195
3022
2988
2986
2960
2946
2940
2920
2919
2905
2897
2827
2782
2664
3242
2759
2667
3426
3417
3387
3348
3232
3135
3073
3056
2916
2910
2815
2810
2777
2763
2750
2743
2681
2677
3256
3115
3111
2950
3345
3435
3137
3123
3096
3036
3029
2993
2956
2945
2887
2839
2794
2754
2731
2679
2676
2669
3198
2781
2702
3391
3296
3288
3267
3206
3132
2778
2770
3276
3204
2958
2751
2727
3337
3330
3327
3027
2942
3107
2984
2838
2814
150
165
63
208
117
195
196
250
65
8
234
334
296
278
225
177
102
99
343
326
149
204
5
341
338
259
75
231
320
344
328
218
293
121
129
22
45
135
261
268
59
262
19
337
264
36
274
190
302
249
194
101
53
303
126
300
299
187
331
132
175
242
92
24
23
113
180
54
143
167
137
106
16
298
186
55
283
270
224
158
84
40
3
345
251
236
232
170
159
109
31
312
214
140
310
144
116
41
325
277
265
238
211
172
148
98
82
272
271
258
188
161
133
128
105
85
56
30
340
322
315
291
87
319
306
1065
2193
2570
2431
2517
2442
2650
2513
2424
2373
1937
2219
2486
2466
2170
1924
1974
2562
2456
2096
2515
2349
2255
2207
2076
1992
2632
2548
2380
2358
2230
2041
1934
2487
2050
2403
2167
2129
2393
2311
2411
2156
2628
2214
2082
2277
2316
2260
2251
2130
2545
2383
2488
2089
2070
1960
2119
1915
2437
2450
2217
2091
2083
2535
2165
2257
2113
2371
2085
2066
2023
2353
2136
2216
2549
2546
1917
2182
2624
2615
2495
2150
2000
2407
2352
2055
1953
2591
2578
2489
2485
2258
2244
2115
2112
2088
2078
2037
2021
1989
1918
1950
2630
2590
2556
2539
2532
2418
2376
2369
2212
2188
2179
2154
2121
2056
2046
2646
2601
2559
2507
2484
2478
2467
2460
2454
2404
2363
2348
2340
2334
2184
2139
2124
2084
1986
1979
1938
2012
1958
2534
2497
2474
2314
2036
2503
2397
2361
2248
2049
2583
2658
1976
2654
2602
2593
2576
2553
2552
2536
2526
2506
2500
2433
2354
2307
2299
2253
2201
2123
2118
2103
2093
2090
2060
2058
1997
1971
1942
2627
2481
2245
2181
2152
2209
2335
2173
2035
2657
2633
2538
2494
2346
2097
2006
2360
2120
2638
2561
2464
2430
2408
2381
2370
2331
2329
2309
2308
2290
2278
2271
2220
2218
2206
2190
2164
2108
2059
1984
1963
1962
1946
1943
2640
2435
2171
2159
2022
2107
1990
2648
2013
2645
2025
2011
1972
1951
2447
2027
2004
1995
308
246
156
122
3424
3383
3161
3236
3219
3185
3072
2932
2844
2735
3298
3297
3262
3188
3169
3060
2939
2797
2684
3369
1925
2452
2362
2440
2318
2175
2166
2141
1965
1999
1931
1919
2459
2116
2428
2240
2092
2019
2453
1952
3043
2718
3396
3350
3320
3247
3191
3154
3106
3089
3035
2992
3068
2831
3397
3069
2999
2903
2410
2266
2242
2639
2225
2192
2001
2490
1988
2305
2155
2345
1982
1913
2040
2560
2310
2177
2641
2603
2473
2584
2427
2288
2285
2067
2599
2415
2048
2400
2530
2317
2272
1930
2568
2274
2222
2221
2501
2280
1964
2385
2259
2594
2304
2522
2223
2566
2525
2416
2379
2367
2322
2215
2211
2145
2031
1923
2224
2163
1994
2637
2605
2588
2399
1970
1926
2572
2445
2438
2396
2254
2161
2075
2062
1987
2524
2111
2072
2053
1947
2498
2419
2417
2180
2279
2246
2241
1941
2555
2518
2461
2384
2273
2176
2133
2125
1939
3258
3211
3208
2803
2780
3278
3409
3395
3321
3299
3252
3150
3082
3051
3038
3034
2849
2716
2661
3334
2962
3412
3302
3162
3024
2881
2758
2739
3380
3379
3207
3077
3002
2951
2947
2836
2779
2730
2707
3415
3366
3332
3285
3253
3221
3168
3018
2957
2921
2775
2728
1476
3011
1202
1395
2598
2567
2533
2509
2496
2420
2267
2134
2087
1855
1664
1362
1016
1053
1133
1442
1474
2825
2764
2734
2725
1552
3433
3428
3427
3418
3414
3404
3403
3402
3401
3400
3393
3386
3384
3381
3378
3377
3376
3373
3368
3367
3365
3359
3357
3356
3354
3352
3349
3347
3346
3343
3342
3340
3338
3336
3333
3331
3329
3328
3324
3322
3319
3310
3309
3307
3306
3305
3301
3294
3291
3289
3287
3286
3284
3280
3279
3275
3273
3272
3271
3270
3266
3264
3263
3259
3254
3249
3246
3244
3241
3240
3239
3237
3234
3229
3227
3226
3223
3217
3214
3213
3212
3205
3203
3201
3200
3199
3196
3193
3192
3190
3189
3186
3177
3176
3174
3173
3171
3166
3163
3160
3158
3156
3155
3153
3152
3149
3148
3147
3143
3140
3139
3138
3136
3133
3131
3129
3128
3124
3121
3120
3119
3118
3116
3113
3110
3105
3104
3102
3101
3100
3099
3098
3097
3095
3094
3091
3090
3087
3086
3084
3081
3079
3078
3075
3074
3070
3066
3065
3062
3061
3055
3050
3049
3048
3047
3040
3033
3025
3017
3016
3015
3012
3010
3009
3005
3001
3000
2998
2995
2994
2990
2989
2985
2983
2977
2976
2974
2973
2969
2968
2966
2965
2964
2963
2955
2954
2944
2943
2937
2935
2933
2930
2928
2927
2925
2922
2918
2915
2914
2913
2911
2907
2904
2902
2900
2898
2896
2894
2892
2891
2890
2888
2886
2884
2877
2875
2872
2871
2869
2867
2866
2865
2863
2860
2858
2854
2853
2851
2848
2845
2843
2841
2840
2833
2832
2830
2829
2828
2823
2820
2817
2816
2813
2812
2809
2808
2807
2806
2804
2801
2800
2796
2795
2791
2790
2787
2784
2783
2776
2774
2773
2772
2766
2762
2755
2753
2748
2746
2742
2738
2737
2733
2726
2723
2722
2720
2719
2717
2715
2714
2712
2711
2710
2709
2704
2701
2698
2696
2694
2692
2690
2689
2688
2686
2685
2683
2682
2678
2675
2674
2668
2665
2662
58
339
329
324
297
217
176
146
79
67
64
39
1
347
346
342
335
332
323
318
317
314
313
309
304
295
290
289
288
285
284
282
281
280
276
275
273
269
267
266
263
257
254
252
248
245
244
241
240
239
237
235
229
228
227
226
223
222
221
220
219
213
212
210
206
203
200
199
197
185
184
181
178
174
169
168
164
163
160
157
155
154
151
147
142
141
139
134
130
127
125
124
123
120
118
115
111
108
104
103
100
96
94
89
88
86
81
80
78
73
72
68
66
62
60
57
52
51
50
48
44
38
35
32
29
27
26
25
21
20
17
14
13
10
9
7
6
4
1510
632
681
628
600
599
675
670
665
576
662
659
582
202
679
623
648
621
626
658
650
640
627
615
411
1430
1354
1739
1057
622
2660
2659
2656
2655
2652
2647
2643
2642
2636
2635
2634
2631
2626
2625
2623
2622
2621
2620
2619
2618
2613
2612
2611
2610
2607
2606
2604
2600
2597
2592
2587
2586
2585
2581
2579
2577
2575
2574
2573
2571
2564
2563
2558
2557
2554
2551
2550
2544
2543
2542
2540
2537
2531
2523
2521
2520
2519
2516
2514
2504
2499
2493
2492
2482
2480
2479
2477
2476
2470
2469
2468
2462
2458
2455
2449
2448
2446
2444
2443
2441
2439
2434
2432
2429
