1912
107
2347
1352
1684
1613
1516
2340
3437
2081
2463
1184
483
2864
136
348
2196
2944
1199
1636
2289
2927
0
3396
2509
2863
1192
1117
475
2960
3101
2796
1557
2176
2951
1754
3438
2201
414
1783
2936
1803
2028
2679
2757
1717
517
3162
1459
686
3545
1082
1945
3207
2127
2890
1258
1886
1048
3947
2869
1628
2250
3219
3174
3526
188
484
3152
9
3344
2874
3830
3938
1559
2974
1052
3082
567
3168
2325
424
1854
2189
376
1751
1185
3448
3026
1355
1898
1812
2486
1010
2171
1320
3724
3779
2085
1156
528
726
1844
830
2660
748
930
1204
545
3956
2741
3136
2149
3558
778
2225
1600
2783
3318
2024
2893
3906
1958
2782
3205
2988
1236
1221
1706
827
118
3157
2751
2823
2241
2202
3409
3497
2719
312
2322
1639
1174
2501
3346
3029
1088
3596
3824
2279
3004
1404
1495
1035
2880
1041
1789
1575
203
3210
3185
3051
1076
2900
912
1023
1875
2622
3056
14
2385
139
2748
259
1806
2841
395
1820
1159
3617
698
2676
964
1091
436
902
4017
1826
1167
3248
1433
429
3791
1217
1743
2685
3093
3195
1358
753
409
2264
3218
1072
1238
2036
727
678
1398
580
3670
3150
2627
1762
2416
2110
3580
320
853
3570
3569
1740
1760
3310
1378
3705
232
3200
706
2715
1862
3469
267
464
1774
2144
31
125
2182
3874
3440
1200
2411
1648
3506
2674
3559
588
2286
1541
3738
2444
2966
3729
350
962
4014
522
2858
609
669
873
37
226
3034
1635
3905
2146
3516
1567
209
265
2447
1251
2868
3861
3402
1899
824
39
1077
87
143
2811
112
577
437
3730
427
255
2221
1219
177
2763
2984
3221
793
935
3209
269
3743
3007
2157
1031
1528
2065
242
463
146
2281
1469
1553
2129
2807
560
1297
1353
1609
2928
2650
2170
3902
3754
2238
3703
597
1319
999
795
1120
594
3822
711
2080
1013
2963
3930
1229
4035
3140
1125
2875
1855
1295
1921
907
370
739
3449
408
3900
1790
3819
3866
3361
2931
608
1772
1846
3508
70
22
2188
606
1002
2749
2972
2480
2483
2565
34
974
2768
590
771
1090
1143
196
2547
1232
1136
898
1965
222
3456
3514
634
3975
1805
1603
3606
2662
3156
1150
3061
3167
40
98
4027
2776
3151
3647
316
662
3285
1003
3341
1036
1994
155
772
1602
897
1625
2274
2571
4037
3325
2669
2449
1055
3756
2472
939
2742
677
90
2867
1164
460
2978
3366
415
2400
101
1991
1588
2680
700
319
736
1665
1767
877
2134
922
3175
4015
486
2248
2056
840
1903
1015
1454
769
2208
3104
1494
3562
3217
942
2701
1062
3612
2795
3666
971
114
71
3110
2985
881
1348
4004
685
600
932
1461
2759
2162
1493
3675
1666
1057
4009
904
3499
3445
2113
3554
500
550
80
564
3425
3615
217
2794
2518
831
3067
2173
2737
2310
3745
1393
3272
290
471
3100
1444
454
3016
1942
1883
3583
2587
44
2784
3433
3840
2058
55
2980
3408
2856
3282
883
2774
2294
38
303
2982
679
1755
985
1372
1974
3017
3618
3631
2697
852
3971
3850
2567
280
990
675
3728
3020
3652
1451
969
2754
682
1732
1322
1858
2465
507
2698
892
2791
425
544
3557
3817
1240
2015
1366
3498
2969
923
2101
948
334
981
119
3660
1306
1016
2952
1230
671
3579
882
3062
3968
1658
3035
3283
3193
3447
2320
1304
3502
1699
1989
2556
234
3505
747
3534
3896
340
3451
229
1194
956
3275
549
1585
3773
1323
3762
3860
3485
3317
1285
2280
1928
1568
474
3256
623
3407
3202
24
3777
330
3518
315
786
3848
552
205
3010
806
1784
828
3533
2517
3372
2116
3846
1262
344
3694
1206
2851
933
86
3916
3112
2570
3796
1321
3143
659
1571
797
3591
819
1599
2457
1151
3568
3733
1693
2006
2022
3048
996
1270
3709
2379
674
986
908
3223
751
3673
2696
3983
2721
2808
1338
134
2704
466
3667
2270
794
3964
3006
3431
1934
1030
375
2971
2177
3307
379
3807
1795
3637
3458
3869
2614
129
1268
2100
1552
273
1196
216
3649
3712
237
2640
2217
2942
3380
3603
2295
3481
3158
765
1081
1387
201
1212
1977
2288
2837
1242
1166
2671
2658
1450
2503
2538
3552
760
2209
579
2926
547
2635
3444
1138
2621
23
1482
3149
2871
1885
2852
186
1543
1987
1421
1188
2612
1882
1233
1696
2850
1502
3907
2314
928
142
221
992
3471
3851
3750
2832
2618
2699
3492
3257
885
2317
3549
1409
1860
2389
3041
2012
2818
694
2510
2185
3135
3374
452
862
3997
282
1629
2870
615
3871
108
389
3832
493
1332
2263
2545
3769
3079
2780
3088
1042
3695
3105
3106
1071
3560
1576
3723
1341
2476
1986
61
3959
1970
3510
1832
866
89
3126
1357
1487
1950
12
2634
2949
166
3462
20
3206
2703
140
2810
3208
541
2684
1425
1525
3698
2536
1905
130
18
127
462
2422
3856
2041
2879
1560
509
1113
1186
3934
814
2957
652
3358
1581
951
970
2653
3970
2798
4002
3266
790
2833
1524
627
261
62
342
164
2955
3160
52
3294
530
3144
809
365
1595
3511
2766
3264
959
893
3949
3601
3768
3999
103
3240
2677
4003
3225
887
2211
1102
499
1533
586
3701
149
393
1417
2260
2831
529
498
2269
191
1781
2262
2619
3988
3183
1047
2678
2732
785
2767
3197
3543
150
1187
558
3924
1007
214
1170
465
439
3125
4016
3979
2633
855
3994
207
2099
3967
2882
2192
1579
372
321
1280
2859
1284
2816
2016
440
1952
1627
909
3757
3414
2035
1865
2031
179
708
1137
1118
1363
1122
116
2249
2415
983
1761
3113
2502
1430
3141
3302
1870
391
1368
3326
3194
1183
2361
2193
3785
1486
10
1828
1429
178
3452
1769
1415
1869
2439
2599
367
672
2637
3708
1508
3653
1307
1726
1893
29
3180
1831
767
2305
3689
3177
1999
3920
1674
3679
2644
392
3198
3063
504
171
2513
1248
3410
3191
131
2161
2259
2659
2097
1087
3524
878
734
106
1606
3977
1106
3714
2535
2529
2781
976
849
2075
4026
918
3388
2382
742
113
4022
3555
3686
1930
110
2219
210
3731
3707
3470
695
3127
1177
3574
629
2401
3767
1512
725
3268
172
3836
3978
1412
3833
3585
27
1
2158
3969
3296
859
305
3290
3700
891
1243
2738
3859
3746
3696
3515
3236
3894
1292
2961
3072
2010
2285
1313
1857
1956
3946
3619
2977
2877
3166
328
183
3676
2997
616
3713
1405
3439
2496
854
1278
3604
3501
1432
3329
65
3435
2881
1510
3747
2304
345
2498
2826
3595
696
11
485
448
1498
3513
3760
1419
655
3403
551
929
2242
656
3018
860
3504
2855
3486
2487
2358
2136
989
813
3915
2335
540
2541
1532
92
2008
2230
3234
4010
3726
3628
3843
2860
1834
211
576
3677
721
1011
36
3834
521
574
1778
4019
3298
1521
3719
2552
4034
163
3003
1856
1281
264
1506
2034
1455
292
2497
2067
3646
2383
469
2790
3043
575
2580
3512
2568
2405
100
1775
3170
281
712
1711
491
1747
3991
2152
2581
2948
1318
3678
524
288
645
443
565
566
1263
3735
646
3042
3772
2873
154
3083
457
537
246
79
102
817
43
2168
3922
2094
1880
689
3892
3315
3530
3867
592
3137
2986
1477
3566
3783
2772
3951
3918
1667
2861
3600
759
2222
2894
1311
1631
803
2647
1080
3199
3359
1867
1924
2930
1134
1283
3929
3328
3691
492
3865
1727
978
3055
204
1798
262
3384
3690
3165
3263
3405
2435
1849
1098
3996
3260
307
1634
503
3057
1437
810
2039
4021
2154
2615
2316
2477
2166
1531
317
614
250
1802
3985
1155
3278
3319
2922
3099
3531
1105
2722
121
341
3645
2979
122
3239
3224
3262
3188
1266
1386
3118
4020
3965
894
715
1025
421
33
2114
3128
2515
1360
2743
3213
28
2889
2017
254
1197
3120
867
123
3229
3626
4031
3976
19
327
3422
1422
3
3216
1147
2530
3153
2745
2903
3720
1028
733
124
351
1657
2424
3639
1660
192
3467
3031
943
3538
3661
1682
2137
2785
224
3820
3037
2632
2731
2440
1395
2747
3943
3748
984
1426
2089
667
1814
536
244
2695
2155
3068
1969
1463
3688
1788
1250
157
3327
1326
1428
1650
354
481
3376
746
3413
451
3357
3091
287
3367
2505
2809
1453
1478
1910
1202
3429
4011
910
2914
2450
3161
2215
468
300
298
3288
2710
3697
291
3377
1110
801
4028
890
949
3864
3684
3841
3563
2945
554
2965
3244
2817
1914
3931
2051
664
869
807
3643
2830
3304
665
2387
1978
2106
2769
782
3901
248
3798
1704
1688
2131
3799
638
132
194
603
802
382
3914
1728
2590
333
45
879
4033
925
3937
1445
152
76
3071
2940
2682
228
369
2878
704
1642
2668
3650
2437
3306
2788
903
1488
3054
3002
1065
3045
2128
4001
3744
1145
643
276
1022
1224
1670
631
744
2178
3279
2585
2801
2735
2521
2239
2857
1394
987
3805
857
3594
467
844
3432
2311
2554
1673
3732
1442
2528
613
804
182
1587
692
683
3074
1540
2572
361
1530
2829
352
2714
1873
3215
2082
2342
2691
83
1678
1808
1053
1700
2664
2057
1441
3309
368
42
1822
5
274
1890
2822
1094
268
3944
995
32
1123
1447
2736
2946
3005
938
249
495
1407
1757
3132
3280
787
1725
3792
2380
1909
2815
680
2413
605
569
3921
3710
593
3547
2673
2272
1923
816
251
2231
2488
2147
3227
825
1744
1418
2652
876
160
1892
1116
223
176
284
2891
1623
2293
2885
3460
815
2576
1944
2204
3347
2812
1779
1664
766
1705
3573
780
845
1403
1959
3766
668
988
3665
3737
4008
1988
2360
3715
2987
1069
756
1100
2814
2053
1558
3385
1298
390
3546
3251
2840
3220
2079
69
153
625
1344
611
198
3337
3602
3891
147
3876
3059
1491
3893
2770
1931
4018
998
3027
2901
1961
846
533
3483
1317
30
151
3012
1887
808
850
2514
1646
2935
2793
2207
189
426
717
3815
920
2175
2251
2583
3273
2902
1245
3575
1190
621
3878
1139
1845
3550
763
1927
1874
1316
2076
2091
2687
1807
1142
1249
3354
1411
735
1712
1439
2254
501
3804
1592
1033
1452
1314
2291
1144
2557
2681
3189
743
444
3764
3159
1555
120
3839
1973
3940
3230
420
413
2135
3401
502
1661
3903
2072
1103
3982
2740
1967
2968
88
1586
3742
2549
1095
442
2624
2160
371
1672
461
2023
3759
311
572
3466
3371
1189
174
497
791
3816
895
1490
3247
749
2720
2753
1269
3050
2953
3671
3755
377
858
3993
3786
1328
314
617
141
2508
16
1640
1852
294
965
401
2048
1039
2473
1290
1400
3379
2700
851
687
3373
505
48
81
2771
3536
620
871
701
955
3163
138
1050
3872
2707
3480
77
3945
46
1876
1842
2388
3139
3270
2821
364
3250
3541
1590
137
230
3271
3316
257
3853
169
596
1756
1895
95
2253
1127
2765
585
2626
1840
2672
218
2596
1878
628
3572
710
562
559
2524
3058
144
1383
3880
607
1362
745
260
1157
1096
3013
1484
2641
532
833
295
1904
3598
508
796
3459
3736
2130
2228
3404
3124
2764
111
3625
518
3806
838
3121
3942
3521
2975
126
1578
1195
3974
356
2140
2566
3765
3875
3424
2844
783
175
1414
622
3588
2050
1638
1058
220
1819
1000
1274
215
3687
3992
728
1207
3479
3854
3932
3428
3936
2548
788
714
