3191
818
3998
182
293
3691
1264
269
912
3662
3799
151
275
3844
8
152
744
4013
866
873
736
4010
3853
608
3846
3268
327
899
219
1890
1776
1254
3911
1977
3462
3612
3944
3895
295
3520
3641
3847
3445
3899
340
3814
3859
3904
3813
3963
3978
3637
3544
3751
3653
2838
3689
191
301
3699
112
316
61
267
282
42
241
233
3991
4034
885
343
326
32
3932
257
5
45
97
209
4005
4007
4022
4037
4036
4024
750
4006
4017
883
4027
775
699
852
894
735
864
791
825
702
802
890
851
710
759
758
3992
3820
3183
1834
3071
2457
1560
674
585
624
1206
3729
11
3798
602
74
3407
1224
377
468
3875
379
2595
2857
2382
279
1002
2814
1253
1558
454
648
3704
1276
3688
3408
453
183
3854
1176
1194
572
1252
2204
294
3954
1546
1353
552
3413
3928
1034
1362
2442
656
3955
2776
1607
1383
2431
1713
2245
929
2824
3447
3716
2799
1510
1969
2321
3632
371
1354
2219
1147
2692
2736
3585
3432
2517
2767
2548
3161
2580
621
586
985
1896
923
3607
2051
3269
1023
2013
1445
1490
2826
429
2105
3281
535
2933
588
2682
3050
3194
2735
1169
3421
3437
3448
3449
3456
3488
3495
3501
3506
3521
3545
3577
3584
3593
3596
3604
3611
3633
3672
3677
3684
3734
3756
3790
3804
3824
3830
3838
3851
3902
3906
3930
3938
3948
3962
3966
3968
3971
3553
3576
3605
3629
3692
3702
3758
3793
3797
3877
3951
3442
3514
3586
3625
3680
3705
3737
3794
3800
3810
3924
3525
3558
3640
3687
3841
3858
3860
3884
3926
3455
3528
3674
3873
3540
3731
3829
3842
3475
3529
3886
3568
3722
3486
3518
3542
3557
3822
3833
3869
3921
3599
3617
3750
3782
3835
3947
3826
3900
3711
3714
3764
3469
3590
3635
3693
3526
3609
3651
3721
3738
3468
3728
3969
3466
3740
3464
3559
3713
3718
3730
3460
3480
3828
3867
3569
3821
3943
3578
3438
3831
3870
3907
3471
3706
3707
3909
3509
3636
3891
3440
3643
3753
3463
3656
3497
3667
3527
3761
3768
3573
3719
3491
3825
3927
3670
3690
3642
3852
3896
862
3601
3554
3956
3697
3623
3803
3931
3499
3618
3845
3915
3918
3933
3443
3508
3615
3786
3458
3511
3534
3850
3866
3747
3836
3913
3648
