107
784
4038
2483
532
855
3997
2217
95
1046
2569
2704
154
1176
76
190
3530
2792
220
550
267
210
1586
480
1579
3699
776
3983
234
2437
870
2269
3897
406
2860
3795
3811
1690
1797
233
351
3570
607
1253
2922
2952
155
3996
264
1627
3175
1476
631
3727
335
241
884
4012
602
3037
6
3974
1956
3882
364
1386
206
1486
193
912
682
110
866
894
3165
3844
262
2691
83
270
3428
2100
2548
4025
4024
4011
294
594
4016
3121
2195
3991
1937
1666
2651
576
4037
973
1414
2744
2456
1203
152
73
2256
3988
2383
1967
399
657
336
2747
530
529
478
935
4034
1892
4027
2697
4015
2882
4006
2888
99
2832
598
282
1651
3985
575
4008
638
648
4001
1023
4
1594
1657
624
864
878
3059
863
761
108
2692
757
759
2714
2094
150
802
383
775
704
3427
485
240
181
3694
652
429
3454
163
1224
1168
1558
1031
347
2885
3885
3812
3268
3006
3751
1430
15
3372
93
442
3787
2008
3859
2769
1065
3127
3452
1560
3373
3055
37
2788
3946
3678
1200
2740
3125
3682
288
411
74
215
2855
209
2517
1788
3911
3536
534
3218
2963
3899
2380
205
3955
97
671
71
841
3560
1417
899
124
3746
1353
131
3407
3766
3923
1087
562
859
301
216
292
3854
3650
816
1854
3472
2230
377
43
3565
673
1145
8
3960
208
2079
179
945
3477
1693
3636
674
46
3310
3290
385
1490
1762
3936
1834
2893
454
3701
2166
2251
149
1383
937
2227
3798
91
3015
1777
235
3939
3641
918
3516
3582
3895
2790
2541
123
3317
1760
2453
42
571
3502
767
117
509
1252
865
1785
3333
321
1151
2457
1270
1546
721
858
2824
3676
3704
2975
102
3720
3270
3522
904
608
883
2817
891
3074
3916
135
3217
3126
2760
3334
1157
2470
3537
3979
895
3571
145
47
1240
3053
356
3543
2455
337
167
173
34
3673
328
218
78
275
2926
749
888
861
306
649
4032
126
2041
1974
2808
4004
3989
4013
3990
2375
259
260
441
393
564
501
2634
2245
219
147
893
3771
1150
1027
1890
157
2983
2805
1071
437
879
881
2106
2204
2421
887
885
874
872
867
3848
3616
3799
3638
3513
3932
3716
3439
3551
3723
3504
3487
23
229
1194
319
2113
2528
2439
2558
2422
2441
3981
4009
3992
3999
3994
4017
4018
3998
3986
4036
4033
4010
4005
4002
4000
3982
3980
4026
4021
4019
4030
3993
3995
4007
4023
4031
4022
3984
4014
717
852
798
572
467
386
2595
2527
4020
4035
4028
4003
3987
4029
667
886
850
702
751
729
758
716
787
809
822
742
889
876
811
808
869
837
788
774
794
738
700
706
741
772
748
831
762
722
690
701
756
731
892
890
873
804
744
726
818
768
853
793
803
880
820
807
792
781
752
696
827
718
834
800
755
715
695
829
733
711
771
813
786
838
830
826
727
779
770
740
687
856
769
797
783
747
728
708
842
824
821
760
764
806
707
847
810
843
773
745
719
703
697
844
778
713
849
819
777
754
734
694
698
848
845
840
839
836
835
832
828
823
817
815
814
812
805
795
790
789
782
780
766
765
763
753
739
736
735
730
724
720
714
710
709
705
693
688
686
750
854
723
799
882
833
743
785
746
737
732
692
689
796
712
725
699
868
825
791
851
691
846
801
860
871
877
875
857
245
32
14
243
279
20
57
227
151
68
296
140
144
320
217
254
196
266
340
343
2
137
111
86
309
204
346
226
214
28
344
177
175
326
116
284
174
138
165
3
60
92
29
295
231
276
169
85
132
298
334
164
65
153
121
258
45
55
330
54
27
242
180
299
194
24
318
314
5
300
187
101
324
82
84
142
265
13
103
63
51
232
184
134
122
325
316
313
312
310
293
269
268
261
253
251
244
225
222
207
197
183
160
143
130
127
125
120
115
105
104
77
75
66
52
48
41
39
36
22
19
17
16
59
188
178
159
156
72
291
80
40
203
128
109
274
176
62
331
271
248
239
100
9
1
332
277
172
161
141
113
79
290
283
252
148
88
3336
3283
297
280
257
221
199
185
133
53
329
323
302
249
236
158
94
67
223
224
212
200
118
98
56
31
30
21
87
38
0
342
303
272
213
211
186
170
119
26
25
2316
2481
3155
2732
2886
2949
2834
3008
2699
3423
3311
3309
2767
3376
3045
2752
2968
2663
3308
3402
3338
3418
3099
2178
2255
1988
2080
1950
2158
322
315
246
304
7
285
2360
2120
2358
1924
2535
2105
2736
3103
3368
3088
3282
3122
3389
3083
2933
3194
2695
3231
2942
3367
3325
2982
2959
2703
2670
3318
3314
3249
3202
2907
3388
2914
2917
3156
3092
3392
1297
64
2858
3390
3281
2687
2948
3010
2825
3133
2978
2807
3300
2816
2918
2981
3414
2673
2734
3254
3208
3250
2908
2746
3044
2804
2847
3229
3009
3393
3239
2733
3209
3013
3144
3046
3352
3394
3269
3112
3190
3292
2820
3215
3093
3170
2715
3204
2980
2970
3377
2937
2823
3161
2762
2735
3409
3145
2894
3094
3042
2761
3301
2866
2794
3108
2852
3213
3184
2872
2717
3220
3084
3036
2731
3047
2729
2923
2990
2812
2938
3342
3370
2737
3069
3061
3429
3425
3401
3124
2801
2780
2686
3050
2904
2818
2791
3196
2690
3422
2876
3018
2934
3199
3356
2848
3173
3043
2170
2622
2097
2281
2014
2321
2466
2320
2076
1992
2402
2580
2357
2260
2570
1922
1915
1933
2412
2051
2401
2614
2644
2197
1934
2013
2000
2626
2628
2474
2130
1975
1949
2442
2454
1968
2505
2021
2583
2016
2050
1928
2435
1957
2658
2647
2207
1942
2288
1776
2493
2635
1982
2310
2114
2296
2584
339
308
146
2231
2156
1960
2066
1977
2566
2522
2636
2284
2202
2350
2317
2029
2099
1913
2416
2272
2298
2425
2259
2660
2048
2641
2193
2186
2126
1930
3248
3385
3305
2797
3289
2995
3076
3011
3182
2701
2684
3347
2935
2903
2771
2739
3431
3146
3359
3326
3034
2781
3120
3193
2763
3353
3260
3212
2785
2768
3378
3113
3115
2853
3380
2784
3329
3234
2891
3171
3151
3072
2813
3167
3273
3168
2830
2829
3354
2799
3344
3251
3181
2930
2745
3116
3106
3240
3024
2887
3307
2679
3238
2905
2984
3225
3136
2958
3343
3097
2859
3324
3029
3025
2928
2931
2979
2865
2841
3396
2875
3203
3176
2951
3415
2997
2974
3102
3075
3002
2787
2748
3261
3005
3395
3360
3197
3150
2828
2967
3400
3142
3064
2682
3166
3163
3014
3391
3355
3206
3070
2989
2719
3382
2889
2879
2920
2877
2850
2815
2773
2749
3157
2758
2707
3294
3227
3346
3337
3264
3253
3067
2843
2665
3100
3386
3090
2874
2705
3430
3304
3096
3065
2985
2945
2786
2912
3362
3026
3004
2960
2956
2839
3139
3137
3293
3123
3114
3052
2977
2862
2756
3297
3201
2856
3433
3243
3195
3117
2864
2689
3365
3316
3235
3187
2991
2793
2661
3303
3095
3080
2953
2944
2800
2759
2775
171
2683
3424
2898
2840
3387
2681
2664
3320
3224
3152
3101
3060
3021
3363
2994
2993
2929
2925
2915
2910
2897
2750
2706
2694
2676
2666
3277
3016
2921
2881
3130
3087
2932
3233
3348
3284
3232
3073
2988
2940
2911
2896
2810
2806
2754
2743
3357
3349
3319
3221
3027
2996
3411
3247
2821
2741
3417
3226
3078
3040
2986
2966
2927
2680
3406
3280
2720
2662
2831
3255
2890
3397
3287
3276
3188
3109
3089
3058
3041
3007
2992
2846
2844
3434
3345
2950
2849
2742
2809
3350
3332
3298
3262
3172
2672
3236
2954
2668
3288
3244
3275
2751
3328
2725
3381
3296
3291
3267
3252
3192
3185
3179
3140
3132
3082
3035
3017
2939
2778
2765
2962
2721
3426
3384
3339
3274
3228
3149
3056
3033
3000
2943
2909
2880
2782
2755
2738
2698
3366
2713
2711
3186
2870
2730
3241
2728
3048
2946
2667
3421
3369
3313
2901
3412
3154
3086
2724
3256
2795
2700
3020
1905
1822
1607
987
3330
2675
3306
3295
3198
3189
3162
3148
2895
2871
2718
1951
2639
2365
2297
2529
2389
1973
2429
2164
2557
2274
2044
2119
2242
2082
2544
2490
2650
2486
2444
2262
2361
2173
2107
2049
2006
2167
1961
2225
2581
2065
2182
2249
2075
2349
2042
1936
1987
2488
1963
2440
2286
2277
2244
2413
2476
2630
2209
2431
2291
2362
2562
2411
2341
2379
2205
2085
2605
2568
2406
2228
2536
2489
2418
2311
2610
2525
2318
2235
2353
2530
2295
2443
2181
2160
2656
2587
2577
2373
2342
2023
2646
2479
2058
2551
2327
2564
2423
2093
2618
2448
2313
2236
2035
2410
2407
2381
2229
2188
2131
2556
2625
2563
2539
2520
2077
2091
2572
2619
2615
2446
2325
2609
2390
2368
2343
2601
2363
2299
2098
2074
2056
2612
2145
1964
2538
2337
2009
2157
2004
1958
1935
1927
1914
2657
2645
2171
2092
2067
2019
2554
2495
1997
2640
2585
2346
2159
1995
1972
2417
2534
2405
2397
2248
2152
2575
2460
2253
2216
2499
2484
2477
2408
2103
2088
2069
2033
2655
2550
2449
2386
2356
2306
2287
2240
2208
2154
2059
1929
2638
2574
2559
2532
2409
2278
2276
2261
2220
2218
2213
2212
2184
2165
2142
2060
2030
2018
2001
1999
2221
2624
2593
2374
2329
2206
2201
2064
2063
2020
2654
2590
2586
2573
2561
2485
2469
2468
2414
2387
2369
2334
2308
2233
2086
1925
2571
2473
2330
2607
2606
2560
2546
2464
2370
2359
2326
2303
2275
2200
2139
2136
2123
2109
2043
1993
1971
1966
1962
1938
1918
2332
2659
2633
2364
2192
2024
1991
2620
2447
2378
2061
2025
1980
1919
2631
2623
2591
2578
2526
2504
2492
2478
2430
2428
2391
2354
2352
2331
2307
2290
2258
2124
2115
2112
2108
2104
2095
2073
2046
2040
2037
1979
198
1474
1808
1090
2345
2282
2180
2002
2589
2226
2038
2653
2642
2239
2144
2652
2512
2438
2396
2243
2177
2163
2153
2101
2062
1970
1955
2224
2215
2137
2280
2463
2176
1941
2649
2289
2191
1923
2611
2597
2427
2266
2234
1983
1932
136
2608
2592
2502
2377
2372
2302
2187
2491
2480
2445
2322
2279
2250
2211
2203
2151
2149
2141
2135
2036
1965
1944
2531
2510
2459
2400
2384
2254
2174
2143
2116
2081
2026
1926
2588
2555
2543
2508
2475
2344
2117
1954
1940
1920
2643
2617
2582
2537
2519
2509
2471
2465
2458
2351
2304
2285
2199
2161
2134
2127
2072
2071
2010
2637
2629
2594
2516
2511
2501
2498
2451
2432
2415
2338
2319
2294
2283
2273
2111
2003
1981
1948
2567
2547
2542
2398
2293
2268
2198
2183
2132
2087
2047
2028
990
1726
2826
3403
3279
3245
2957
2693
3258
3062
3019
2976
2883
2678
628
675
599
577
661
650
647
643
627
1161
3302
2999
3435
3419
3416
3399
3398
3383
3379
3364
3358
3351
3341
3340
3335
3327
3321
3315
3312
3299
3286
3272
3266
3265
3259
3257
3242
3237
3223
3222
3219
3214
3210
3207
3205
3200
3191
3180
3174
3169
3160
3158
3153
3138
3135
3131
3129
3128
3119
3118
3111
3107
3105
3104
3098
3085
3081
3079
3077
3068
3063
3054
3051
3049
3039
3038
3032
3023
3022
3001
2998
2987
2973
2972
2969
2965
2964
2961
2955
2947
2941
2936
2924
2919
2916
2913
2906
2900
2899
2884
2878
2873
2869
2868
2867
2863
2861
2854
2845
2838
2837
2836
2835
2833
2827
2822
2819
2811
2796
2789
2783
2779
2777
2772
2770
2766
2757
2753
2726
2716
2712
2710
2708
2702
2696
2688
2685
2674
2671
2669
3285
3177
3371
3374
3211
3110
2892
2803
2727
2709
1264
1005
1093
1856
1633
1544
1050
1384
1896
1053
1177
1710
907
1171
3404
3331
1577
1295
2648
2627
2621
2616
2613
2604
2603
2602
2600
2599
2598
2579
2576
2553
2552
2549
2545
2540
2533
2524
2523
2521
2518
2515
2513
2507
2506
2503
2500
2497
2496
2494
2487
2482
2472
2467
2462
2452
2436
2434
2433
2426
2420
2404
2399
2395
2394
2393
2392
2388
2385
2382
2376
2371
2367
2366
2355
2348
2347
2340
2339
2335
2333
2324
2323
2315
2312
2309
2300
2292
2271
2270
2263
2257
2252
2247
2238
2237
2232
2223
2222
2219
2214
2210
2196
2194
2190
2179
2175
2172
2168
2155
2150
2148
2147
2146
2140
2138
2129
2128
2125
2122
2121
2118
2110
2096
2090
2089
2084
2083
2078
2070
2057
2055
2054
2053
2052
2045
2039
2031
2027
2022
2012
2011
2007
2005
1998
1996
1994
1990
1989
1986
1985
1984
1978
1976
1969
1959
1953
1952
1946
1945
1943
1939
1931
1921
1917
1916
1601
1424
1118
1468
901
1401
1492
1094
1131
1062
1147
1745
1463
1299
1865
1521
920
1501
1858
1771
1731
1162
1739
1624
1141
977
1108
1436
1489
1143
1007
1874
1556
1442
1239
1084
1646
1063
972
964
1443
1213
1089
1869
1214
1116
1640
1000
1756
994
1234
626
612
1887
1873
1720
1438
1406
1848
1081
1749
1095
1008
1907
1015
1103
1595
573
1660
1021
625
584
574
2461
2419
2336
2328
2267
2264
2246
2241
2189
2185
2169
2133
2102
2068
2032
1947
1465
1629
1137
3278
3164
3057
3361
3263
1642
1908
1073
928
1498
1805
1702
1077
1411
1792
1505
1641
922
1350
616
615
600
595
665
583
670
681
659
640
578
1378
1883
1440
1321
1513
1458
1028
1836
1851
1149
2764
1026
1281
1510
981
985
1439
959
1723
1359
934
1795
1837
1747
1186
992
1911
1135
1649
1403
1798
1774
1220
932
1372
1342
1215
1354
1684
1140
1074
1850
3420
3410
3178
1725
1672
1667
1592
1082
941
1900
1580
1083
1812
1843
1724
1112
1049
1847
1846
1669
1530
1205
1833
1898
982
1722
1617
1407
1265
1738
969
1859
1728
1550
1257
1815
1585
1564
1748
1481
919
1793
1335
1191
1351
979
1125
1764
1706
1190
1099
1268
1441
1368
1111
1045
1043
1620
1460
1269
1130
1902
1605
1561
1461
1369
1182
1178
1759
1244
1909
1835
1683
1643
1535
1196
1072
1129
1115
1861
1804
1547
1323
1132
1820
1742
1267
1092
1047
1582
1495
1451
1309
1286
1261
984
1889
1138
956
1346
1330
1768
1730
1173
1056
1273
1032
898
1711
1796
1734
1405
897
1864
1832
1821
