107
1912
2611
1684
2414
2376
1516
1714
1917
1078
2526
2150
2631
2268
2194
2600
296
1991
2646
2904
2512
1405
2224
2074
2095
2510
3437
1620
2087
1891
1583
2839
641
2914
3426
775
1109
1799
2302
2047
1320
2086
2632
2142
99
2003
1789
553
1149
3797
1156
1107
1265
2800
3644
2009
2561
3461
414
1126
3160
2663
3140
1636
1267
1172
3316
1023
999
1004
2294
3193
1671
2216
3566
3889
1946
2311
1297
1616
3716
2259
3629
2988
2464
917
1043
1875
2397
1772
2966
473
1770
3590
993
1934
2874
2361
1623
1214
2273
2308
1450
2122
2555
637
2609
1170
2042
3637
1577
1275
3184
3339
1798
504
2762
456
3915
1795
419
3498
2399
3394
3258
1309
427
2253
2956
2483
728
1676
330
2280
3103
3033
3261
589
1231
476
3568
470
158
1660
1659
2769
2786
2537
3963
3665
379
1589
400
1885
3305
3896
3688
678
2665
389
800
200
1613
1465
2319
3727
3830
3782
1114
3380
1018
1488
3403
1588
3324
2030
2354
1877
1159
2124
526
2680
2392
3781
2827
1754
1530
2286
3226
1715
1628
766
3342
2449
1608
3107
3346
3874
2799
1205
3136
2674
3011
2693
2614
685
2059
48
660
1547
1909
3183
2568
1456
3051
3441
2524
625
114
2338
2836
3630
1966
2004
3017
2863
365
1142
3313
3448
2196
2007
2053
865
2050
29
1371
268
315
2732
2657
1723
2110
747
1599
118
3445
3200
608
1044
1915
2292
822
308
2869
830
3319
1529
3480
3361
269
2788
3790
2076
781
3201
1106
2415
809
328
3846
411
2305
3638
4035
2422
2813
3537
3996
2645
2556
519
1233
1112
3317
3780
954
3388
3569
2198
869
1739
878
1195
1973
2267
3265
3455
2276
932
1669
827
952
1444
1819
1925
3252
2754
1102
1878
2594
2655
3549
1940
2793
2219
2840
2890
3036
1385
3326
2922
2912
2978
1867
1110
2417
1737
1345
2164
1432
2925
2628
2681
2694
3208
1713
2825
3368
2208
1808
559
2419
941
3168
3179
3527
1539
2876
2643
2867
2620
2828
395
3052
4004
3397
1585
514
2324
63
2304
1367
2644
2903
2875
3180
861
3194
1650
886
711
2982
856
3275
618
623
433
627
1640
1480
2621
2517
2531
894
1391
2670
284
2918
144
43
738
916
3791
1327
759
1596
3696
23
3204
3574
3030
591
3842
870
3899
604
1140
1882
2856
192
4014
1046
3192
1400
3980
1382
3099
3333
3777
371
2776
1374
1459
3104
2089
3304
3736
3517
1489
184
1324
3230
2487
2931
175
2547
2355
3985
3762
1518
884
385
1493
3933
594
116
619
2740
3655
421
146
3731
4007
1831
1137
2024
919
3457
3412
1139
218
718
2907
3467
2277
1225
3977
3006
3910
3691
2147
983
1268
1876
487
2671
3432
1728
3418
2289
3503
2296
214
3307
1674
3917
2217
3552
467
2824
2718
1836
2162
2205
560
973
2424
2270
3897
1907
3640
2322
3607
3494
205
3618
705
1520
422
3350
1721
3177
492
3048
3822
1235
1426
1717
3362
3387
3340
1914
1350
1056
2128
1718
3512
1296
774
3174
3280
2149
1761
2461
1219
351
2350
2328
0
1980
344
2254
2189
242
3586
3094
3832
3113
452
2772
341
848
3267
104
535
37
321
490
3069
1323
3162
3493
453
2626
1123
521
3299
3054
3496
2777
2466
3482
2550
1817
2477
4022
1203
3164
734
28
1171
2498
1340
91
947
425
668
62
710
550
873
3060
2986
355
577
1169
2744
1995
1119
2062
806
2689
1333
3823
2604
428
1624
706
3067
494
2503
172
841
3065
206
3906
2522
2060
3844
2398
1507
1898
741
44
1002
160
1605
2168
2481
4011
1232
394
714
3657
2141
918
2821
1463
298
836
656
3460
991
1548
2975
3970
1440
832
3061
3207
3352
3941
3878
3331
1756
2595
2010
150
2591
1730
923
857
1387
75
3664
226
1120
3143
220
2562
334
2873
2160
309
3981
3489
3956
3619
3908
915
1755
893
2658
3813
2605
4032
474
1927
1428
1384
529
2898
179
2885
3836
2364
3726
3763
356
2715
1606
1984
3940
1000
3877
3962
3792
3936
2977
2797
3356
3753
2596
140
81
3614
3536
1500
3223
1281
677
1060
764
3869
3287
3708
1413
1052
216
2187
1389
2335
3750
2558
708
3742
3543
3440
3769
2413
343
32
317
607
1740
956
2231
2597
3807
2536
2281
3197
2728
3243
2770
2337
235
262
1475
2706
9
701
3427
2402
1249
4020
3396
2378
3513
2938
3091
3802
3458
2232
2570
3508
1546
3937
510
25
3325
1152
3653
2989
2968
2771
3866
1801
3364
2745
2687
1655
3740
3239
659
3254
3477
3372
3604
3018
2100
959
542
139
401
1712
4003
1855
2775
2736
3043
3112
1266
2107
208
3155
3743
171
1414
776
3986
1637
1962
3759
2930
2518
1234
1860
106
3392
1425
2990
3000
1760
2798
2958
3137
3273
2484
41
3964
2054
966
1542
1895
2624
1702
1950
3073
2862
3240
2901
502
3365
170
169
2064
3021
1471
3649
1124
1550
3764
1303
370
867
739
834
1828
3167
2492
1711
458
1703
770
3642
347
2864
1229
3216
3464
1066
1893
1512
1446
4017
930
1965
3886
3010
346
1622
795
2238
1153
573
2870
1952
3320
2049
1746
147
3381
3190
100
1377
1255
1566
1710
562
2970
2511
3075
3295
177
237
1206
1054
635
2927
2911
688
3281
3115
1464
3038
3883
3349
1330
1420
12
482
2067
3697
384
2553
2984
2016
119
31
3452
3148
2027
1011
754
1970
1496
3110
3721
3621
3310
840
2509
2560
3276
1100
1873
56
98
895
1981
595
2527
3746
528
772
1074
246
7
35
46
2325
2151
2841
18
905
2272
2011
614
767
2409
1208
3786
1088
358
13
749
1291
3686
812
1285
937
3502
481
793
2684
3680
2374
527
3465
3247
531
2758
3097
3462
2878
279
1627
1237
3669
1701
3056
2175
1224
665
3026
629
3284
712
525
1209
517
1325
2431
1121
784
1569
511
129
1240
1365
2710
1145
613
1147
758
3554
2545
3196
3336
4009
801
1362
3954
3211
1354
1800
3398
3257
2948
224
497
1568
1879
1556
3895
1430
1115
387
33
1687
3979
883
2756
3533
702
105
1939
1565
3957
2971
1812
942
1245
3582
1499
785
3806
1022
520
3882
3428
3064
680
736
1633
1954
1310
3993
2315
1348
2480
2593
1168
3984
1476
2812
1679
1854
858
2300
337
3803
2339
1438
3651
1096
2035
3849
3515
3818
1346
2082
2442
3260
3410
1931
1368
1989
2580
762
466
541
3952
3142
3999
1005
1957
2504
3047
3485
2077
1852
2353
60
2861
290
363
1478
855
1383
2696
2941
3478
539
3344
1486
1887
2316
1838
1394
2236
3245
3421
778
3286
3420
3724
449
1913
1247
1602
4015
2130
2952
691
3532
1629
148
1262
3861
2146
1618
571
3468
802
3722
1089
1960
3748
2926
3266
2158
2453
1837
3921
3481
1445
2699
578
996
2211
1452
3905
2530
3706
3715
2439
3635
969
879
1187
3334
1092
2802
4012
4001
3863
1188
3271
222
2909
3270
2832
1821
1257
3301
1227
3809
472
3855
2830
2725
2181
1449
1922
938
3490
3438
3473
3810
2540
585
3124
1803
1511
2106
418
2170
3012
1670
3062
1974
3070
1248
2859
3063
3044
2733
3704
3071
3987
2709
3662
26
1883
1738
843
1814
3930
755
3872
2041
3222
3562
2161
1776
1077
2642
1880
3571
3805
3050
59
3580
2692
3077
3785
1095
1012
1850
3522
3671
3093
3589
320
1064
2493
1098
3311
505
1404
2126
2962
109
3186
2578
3042
374
3483
39
1293
3236
2993
1505
1487
3385
543
283
1830
1514
824
3596
357
3366
1271
3150
1868
447
3102
2341
820
182
364
565
1595
1380
1858
239
2881
3312
2046
151
1900
1809
2250
173
424
3158
261
88
533
1938
3248
460
1534
658
1300
3283
3685
1968
2648
536
2954
2967
1061
1504
1720
1994
2252
2900
3332
2928
174
305
178
3244
4025
95
3433
1706
149
258
1269
1612
1117
522
120
70
1733
1165
3659
3413
1067
1648
1207
828
1535
1457
36
1053
2213
256
2221
416
570
2485
2437
2428
816
3415
3198
2921
251
2585
2389
2192
1551
727
3601
721
3120
477
368
101
122
2447
2022
2435
2935
78
887
2334
1611
4010
664
1221
1782
1458
831
3022
17
16
3826
513
609
1075
4033
1003
1215
496
725
2148
378
1592
877
15
1007
3220
1200
1216
3989
1013
3611
86
152
1515
943
1279
2230
1451
4034
162
3828
640
547
1448
3710
280
3278
221
2426
1024
663
810
1174
863
434
3994
1572
1307
2573
117
3169
3419
3955
436
1091
2743
2163
1129
3885
3951
988
610
723
2916
2136
383
1571
765
1796
4019
1433
3435
1390
1033
1035
52
3040
593
1690
213
302
2950
590
3945
85
1722
2711
3035
316
3770
138
1443
3249
3573
231
2248
1604
790
454
808
1222
1302
1603
2356
3646
362
2809
3166
1843
4024
2489
3958
2639
720
1824
1564
612
3374
1642
1474
928
1498
1699
844
780
1108
2781
1829
552
1055
204
3931
3771
2420
1787
3998
2659
768
196
329
94
249
1758
1317
74
338
1905
1201
2516
2383
3978
2113
2256
1635
2290
2581
1759
1762
3738
465
295
3812
1228
3016
551
530
597
3002
3224
697
297
1930
994
1693
3282
2212
327
936
3116
1483
3100
948
2258
1896
788
722
464
1466
1276
2051
2140
3195
512
1069
244
3453
2045
2923
682
1678
1639
1191
1059
3579
1118
3695
3898
2345
666
933
3841
1948
2372
2028
2458
3765
804
227
232
2421
3595
2882
1510
210
417
391
2185
3873
813
1246
1845
406
1847
532
638
2006
2998
2662
1157
1748
194
3668
575
3117
30
486
3348
731
2298
1862
2430
3670
2672
882
647
3761
462
2906
3076
2508
3864
2204
2491
1651
1008
1021
125
643
3752
491
2496
2823
2444
2195
684
3558
602
818
451
87
2075
2317
670
4028
2459
1178
2747
228
3890
3795
1037
1356
1996
161
2359
2641
168
2601
3749
2782
2741
2618
2805
3788
289
817
3678
2306
393
1442
159
2015
2801
1732
1127
1313
3315
1749
2368
1058
1643
968
3932
880
4037
3146
1081
3567
2566
2525
2767
1434
1072
2682
605
574
631
508
2650
3968
2472
2429
89
3907
1460
1090
230
859
2902
3851
3081
929
3798
2101
131
3656
3729
3853
3689
3893
2893
3514
3690
1766
2462
2401
2495
911
761
2826
2085
2379
1987
3982
3181
1016
2949
927
3575
518
3015
1774
372
1364
1573
826
1029
1378
1347
1360
898
1764
1196
1274
875
2178
2557
247
2891
2738
600
3454
2227
3511
3900
3520
3865
3570
3298
2996
3703
3095
3416
3965
1150
3916
1558
1453
2065
2953
3687
3306
2391
3205
704
2635
2751
1421
1136
2661
3253
2855
3787
2857
2945
3373
3068
68
654
2963
3408
3343
1977
3404
3354
3534
2092
3535
3784
964
2380
3544
2844
2787
3995
3486
3542
11
3008
3548
2262
3251
332
3663
3127
3447
3004
345
2031
1779
2443
3745
1719
3901
3475
3588
3564
3794
667
1328
3583
3393
2544
3701
3528
3045
3624
3557
3358
3424
3318
1562
3213
3221
3337
3572
3083
1911
924
3228
2831
2704
920
715
1544
2980
1933
69
3376
1241
787
3551
2523
2228
2406
3128
2352
1306
3262
499
1736
2369
2720
1822
1366
73
1560
3711
3288
2084
110
388
407
1971
3034
2261
978
448
115
1632
2598
2191
398
1559
1329
444
2974
1258
189
2860
773
1198
3518
694
83
1897
207
435
142
2371
1576
3860
3241
3296
3975
136
102
2017
3950
3884
2678
3927
3555
234
1857
3125
187
2937
1683
2755
1236
3594
3479
901
3425
2197
3505
303
2360
3355
2973
440
1429
1427
2654
2895
3966
260
2551
3938
2386
51
1918
611
282
2377
671
524
438
687
2731
748
408
1259
1818
1051
2814
121
265
2666
2866
488
49
2778
3837
420
2623
3499
965
3700
1063
2115
3961
2348
633
1001
1417
1116
2310
622
2143
696
2886
1581
1574
165
323
4038
846
3456
3858
1155
881
404
726
3082
3185
771
3096
1278
3233
1528
1810
1181
3106
2796
276
1009
1304
1943
1536
3610
310
1614
3654
2395
2293
657
849
1784
1773
2246
1947
155
248
1999
2063
2917
4000
3290
2013
979
555
523
757
3497
650
3347
975
5
288
1959
3648
2456
807
1251
6
2297
3378
42
2070
311
2057
336
2183
2153
1807
1725
1866
3714
779
962
3598
1020
3800
2729
2887
1093
2647
3675
2242
2025
3676
2676
2342
350
1553
1388
997
1554
1538
2061
1073
96
3203
2829
3875
3819
1685
926
267
1256
1668
34
3935
1521
133
1239
3909
2748
2818
1353
3439
2188
628
2897
872
1597
8
2155
1908
1151
141
874
2229
985
1988
47
3294
2872
409
57
367
3969
489
1202
1253
2223
1342
64
377
1645
692
2465
2653
1161
2946
507
819
3202
2502
1085
1890
1708
1336
2660
642
925
3852
1689
2362
1212
1899
1019
652
561
1375
24
653
1735
2497
805
1337
3623
699
445
3991
1270
732
1370
1815
3606
900
958
1131
3559
630
278
2746
2924
4026
655
1210
1284
690
2501
1579
599
1015
1729
860
1961
286
1316
3992
412
1441
3605
2737
838
1372
318
1288
1079
724
829
3423
1125
1846
1863
1998
369
2001
769
1158
167
195
946
1071
1780
1916
2603
402
2226
1179
2412
1704
457
157
2097
1726
2245
479
3028
2698
243
2896
2167
275
212
798
3934
3407
2288
3943
2606
441
2384
1543
2761
2255
3983
2073
3641
2120
2157
703
1447
2114
1027
3850
1513
3444
2019
890
945
1775
2849
1906
1788
1561
1750
1936
97
403
2218
1292
3126
2734
777
3997
1705
1418
2436
2314
2072
888
2186
2505
3789
649
3973
1031
907
3848
3887
2702
3545
22
2768
319
2056
2098
3988
1646
2467
