0
4017
882
1145
860
4007
4015
3729
871
138
256
801
81
3031
2842
205
1065
4024
2596
3798
3897
607
33
1262
1119
386
4022
468
2457
668
571
233
448
613
855
841
775
1651
3732
2595
270
3856
1386
2740
1690
3268
2106
3704
2195
215
1654
49
3619
4035
279
1151
3588
892
3570
2382
3681
12
1607
2493
3589
1476
1466
1295
1362
911
2855
4006
195
3037
3181
1560
155
4010
3709
3717
4003
3451
90
4001
1967
3688
301
3045
2527
485
47
667
3978
1194
3965
4033
2714
3996
27
52
234
673
443
153
3787
1394
1762
648
74
692
3910
4034
3959
3537
1657
3987
289
145
1395
43
344
154
1755
3925
1034
3691
220
3689
3650
3607
241
1058
3955
3727
3942
2470
4028
3914
3744
1455
2168
2421
2437
76
2483
749
757
401
42
3661
269
286
870
858
3990
866
888
895
894
791
771
732
725
886
878
832
786
843
750
833
839
822
789
689
767
714
859
877
873
876
729
893
864
887
861
854
851
818
811
806
802
796
790
788
743
742
733
702
699
693
691
779
826
836
812
813
734
690
700
722
751
740
723
808
768
720
763
730
716
804
803
701
765
759
799
794
711
797
783
755
715
708
778
735
728
838
837
834
829
807
762
761
706
741
792
766
709
704
814
831
770
764
718
816
782
721
712
707
891
889
885
884
883
880
875
874
872
868
867
865
863
856
825
810
776
769
753
890
844
835
828
824
823
820
772
724
705
687
686
853
840
830
773
738
847
821
815
798
795
784
781
774
756
754
752
745
737
727
726
710
695
688
787
758
719
849
809
747
739
703
848
845
842
827
819
805
800
780
777
760
748
746
736
731
698
697
696
694
817
793
713
850
881
852
717
846
869
785
744
879
4020
3985
4037
4002
4038
3997
594
3994
4004
4031
3989
4014
4030
4019
4018
3998
4029
4027
4026
4025
4023
4021
4013
4011
4009
4008
4000
3999
3995
3992
3991
3986
3982
3981
3980
4032
3993
3988
4005
3984
4016
3983
4012
4036
3733
3504
3579
3519
3652
3946
3954
3745
3606
3781
3524
3626
3487
3502
3837
3899
3866
3761
3792
3874
3567
3716
3952
3848
3699
228
3724
3669
3759
3818
3934
3654
3634
3671
3757
3708
3571
3465
3469
3771
3668
3614
3659
3823
3961
3710
3666
3774
3869
3941
3592
3801
3912
3743
3742
3444
3492
3843
3612
3786
3789
3916
3513
3967
3776
3655
3632
3933
3920
3767
3483
3953
3602
3499
3459
3749
3720
3574
3450
3648
3564
3458
3509
3646
3643
3620
3793
3813
3639
3712
3814
3882
3803
3568
3918
3615
3977
3482
3472
3642
3603
3876
3840
3735
3636
3599
3871
3806
3662
3536
3523
3835
3608
3442
3696
3641
3768
3690
3446
3826
3753
3722
3508
3470
3905
3454
3863
3531
3490
3441
3657
3904
3678
3901
3694
3645
3673
3707
3979
3566
3515
3506
3754
3698
3960
3969
3951
3903
3558
3900
3855
3898
3649
3581
3975
3809
3701
3675
3917
3892
3725
3595
3881
3878
3777
3622
3601
3534
3532
3529
3510
3464
3460
3931
3924
3714
3705
3591
3555
3819
3538
3647
3638
3616
2548
2621
2422
2444
2481
1961
2587
2301
2166
2162
2051
152
283
51
50
317
102
86
35
63
294
338
295
190
197
208
191
307
253
71
70
44
183
3730
3658
3617
3557
3452
3864
3765
3613
3562
3670
3862
3713
3455
3850
3827
3815
3778
3773
3740
3598
3498
3940
3772
3576
3565
3852
3497
3836
3766
3747
3478
3915
3829
3764
3937
3593
3474
3443
3575
3563
3605
3488
3457
3838
3886
3824
3484
3556
3667
3847
3880
3832
3672
3635
3627
3542
3528
3462
3760
3970
3860
3750
3697
3804
3800
3762
3703
3693
3677
3966
3944
3845
3545
3621
622
3551
3976
3974
3973
3972
3958
3957
3956
3950
3949
3947
3945
3936
3935
3932
3930
3928
3927
3923
3922
3921
3919
3913
3911
3909
3908
3907
3906
3896
3895
3894
3893
3891
3890
3888
3887
3885
3883
3879
3875
3870
3868
3867
3865
3859
3858
3857
3853
3849
3844
3842
3841
3839
3834
3833
3828
3825
3822
3821
3817
3816
3812
3810
3807
3805
3802
3799
3796
3795
3794
3791
3790
3788
3785
3784
3783
3782
3779
3775
3770
3769
3763
3758
3755
3751
3739
3737
3731
3728
3726
3719
3718
3715
3711
3706
3700
3695
3692
3687
3685
3682
3680
3679
3664
3663
3660
3653
3651
3644
3640
3637
3631
3630
3629
3628
3624
3623
3618
3610
3600
3594
3590
3587
3585
3584
3583
3582
3580
3578
3572
3569
3554
3553
3549
3548
3547
3546
3543
3541
3540
3539
3535
3533
3530
3527
3522
3518
3516
3514
3512
3511
3507
3505
3503
3500
3496
3493
3491
3486
3485
3481
3479
3477
3476
3473
3468
3466
3463
3461
3453
3447
3445
3439
3438
857
562
661
588
659
650
628
582
578
617
681
662
658
595
577
576
618
623
603
640
627
600
583
685
589
636
626
592
406
454
533
399
441
364
166
163
633
437
597
593
534
568
2584
1254
2182
2357
2227
2113
2100
2076
2651
1969
340
22
257
221
65
579
489
666
1956
2614
2456
2158
2490
2181
2255
2450
2528
2021
2454
2426
2248
2119
1978
2234
1934
2262
2019
2577
1975
2041
2186
2656
2373
2411
2197
2657
2016
2558
2375
2265
2466
2170
2435
2613
2535
2281
1933
1922
2092
2311
2405
2107
2008
1915
2570
2230
2487
2245
2341
2231
2130
2070
2644
2412
2089
2035
2476
2353
1963
2025
2014
2011
2581
2287
2067
2044
2204
2027
2013
2012
2152
1937
2213
2645
2050
1958
1914
2627
2650
2486
2320
2443
2060
2136
2505
2633
2585
2022
2006
2540
2514
2488
2448
2361
2342
2317
2023
1960
2659
1957
2173
2126
2546
2506
2308
2276
2121
2298
2270
2590
2370
2363
2244
2077
2335
2129
2630
2607
2591
2352
2164
2078
1971
1962
1993
2648
2647
2636
2626
2365
2364
2097
1980
1931
1927
2561
2495
2484
2423
2369
2331
2326
2323
2045
2043
2654
2611
2601
2532
2485
2460
2386
2190
2568
2524
1982
2305
2228
2536
2240
1942
202
19
214
111
95
6
84
243
32
181
135
117
328
218
78
4
259
123
184
139
36
308
302
134
83
142
30
178
147
64
79
304
291
91
46
232
185
55
334
188
127
38
72
260
274
109
69
331
239
229
115
28
17
325
203
158
104
66
40
169
98
25
131
23
167
327
272
258
176
75
9
314
148
118
59
16
13
330
249
101
227
225
177
143
342
277
271
265
161
31
26
10
3
341
318
261
223
186
96
346
320
108
332
130
92
48
24
303
230
226
144
137
14
105
245
110
235
213
187
180
87
312
20
133
88
73
1043
1297
1168
1089
1749
1474
1045
937
3926
3609
3604
3683
3573
3559
3475
3962
3902
3831
3830
3736
3702
3526
3521
3480
3471
3440
3968
3929
3780
3756
3656
3611
3964
3752
3738
3872
3797
3633
3625
3552
3520
3971
3948
3938
3889
3884
3873
3851
3734
3674
3596
3586
3525
3517
3495
3456
3449
3448
862
955
1248
34
672
664
663
657
620
612
598
573
678
616
478
3861
3723
3437
470
382
502
1506
644
371
540
474
509
424
407
522
466
551
505
458
518
380
369
569
385
464
684
682
677
675
671
670
665
655
654
653
652
649
647
643
635
632
631
625
621
619
615
611
609
605
602
599
575
574
359
680
425
1200
570
350
558
418
387
416
375
539
395
656
481
572
564
555
554
552
549
547
543
531
530
529
508
501
499
486
480
476
472
459
455
453
450
449
445
435
433
429
421
415
403
396
393
384
383
381
372
365
358
357
356
349
198
173
1602
493
536
440
590
565
471
463
426
537
362
352
676
557
521
519
491
490
432
634
556
495
422
417
1777
646
586
548
523
520
511
506
452
444
423
413
410
394
390
361
360
355
354
1174
2309
2316
2576
2084
2009
1972
1921
2619
2559
2552
2521
2489
2409
2404
2392
2354
2340
2112
2108
2098
2088
2073
2059
2020
1966
1953
2522
1928
2116
2390
2459
2202
1935
2646
2638
2606
2604
2600
2593
2556
2482
2469
2467
2446
2433
2430
2418
2414
2387
2376
2374
2329
2261
2257
2253
2237
2229
2216
2210
2201
2123
2118
2086
2074
1997
2057
2517
2256
2110
2530
2503
2371
2366
2286
2193
2185
2080
2049
2036
1990
1936
2637
2615
2586
2578
2573
2563
2526
2507
2492
2478
2464
2462
2429
2381
2348
2306
2266
2233
2208
2188
2184
2165
2150
2103
2095
2090
2058
2046
2033
2030
1938
1521
1829
1030
2379
2599
2571
2502
2242
1988
2465
2274
2075
2452
2362
2272
2177
2145
1965
2529
2496
2544
2415
1981
1954
2260
2052
2652
2479
2313
2198
2101
2029
2531
2355
2143
1913
2641
2480
2222
1923
2642
2135
2391
2288
2232
2147
2056
1985
1983
2525
2425
2209
2400
1973
2519
2304
2259
2096
2445
2537
2291
2235
2211
2205
2085
2068
1970
1959
2567
2351
2223
2194
2161
2144
2434
2328
2318
2241
2111
2087
2002
1939
2660
2649
2538
2447
2378
2279
2171
2157
2004
2001
1998
1995
1991
1976
1951
339
322
315
285
125
56
21
7
639
604
591
535
527
515
487
482
473
430
392
388
370
367
1239
2658
2655
2640
2639
2635
2634
2631
2628
2625
2624
2623
2622
2620
2618
2617
2612
2610
2603
2602
2589
2588
2583
2582
2580
2579
2575
2574
2572
2569
2566
2565
2564
2562
2560
2557
2554
2553
2551
2550
2549
2547
2545
2543
2542
2541
2539
2534
2533
2523
2520
2518
2515
2513
2504
2500
2499
2497
2494
2491
2477
2474
2473
2458
2455
2453
2449
2442
2441
2440
2439
2438
2432
2431
2428
2427
2424
2416
2410
2408
2407
2406
2403
2401
2397
2396
2395
2393
2388
2385
2383
2380
2367
2360
2359
2358
2356
2350
2349
2346
2345
2339
2337
2334
2332
2324
2322
2321
2314
2312
2310
2307
2303
2302
2300
2299
2297
2296
2293
2292
2290
2284
2283
2280
2278
2277
2275
2271
2269
2268
2263
2258
2252
2251
2249
2243
2238
2236
2226
2225
2224
2221
2220
2219
2218
2217
2215
2214
2212
2207
2206
2200
2192
2183
2179
2178
2175
2172
2167
2160
2159
2156
2154
2149
2146
2142
2141
2140
2139
2137
2134
2131
2128
2124
2122
2120
2117
2115
2114
2109
2105
2104
2099
2094
2093
2091
2083
2082
2072
2069
2066
2064
2063
2062
2061
2055
2053
2048
2042
2040
2039
2037
2034
2031
2024
2018
2017
2015
2005
2003
2000
1999
1996
1994
1992
1989
1987
1986
1984
1979
1977
1974
1968
1964
1955
1952
1950
1949
1948
1947
1946
1944
1943
1940
1930
1929
1925
1924
1919
1918
1917
2592
2516
2501
2384
2336
2327
2315
2285
2267
2264
2199
2191
2187
2065
2007
1945
329
324
347
345
343
337
333
326
323
321
319
316
313
311
310
309
306
300
299
298
297
296
292
290
288
284
282
281
280
278
276
275
273
268
266
264
263
262
255
254
252
251
250
248
247
246
244
242
240
238
237
236
231
224
222
219
217
212
211
210
207
204
201
200
199
196
194
193
192
179
175
172
170
168
165
162
160
159
156
151
149
146
141
140
132
129
128
126
124
122
121
120
119
116
113
106
103
100
99
97
94
93
89
85
82
80
77
68
67
62
60
57
54
53
45
41
39
29
15
8
5
2
1
1162
1760
1627
1002
909
1063
1731
1599
1035
1526
915
1103
1748
1244
1108
1776
1281
1411
1489
1170
977
1664
1633
1005
1007
1486
1157
1508
1225
1152
1093
1660
1545
1114
930
1154
1115
1268
1094
1695
1525
1884
1037
1720
1682
1299
1667
1541
1507
1311
1213
1188
1492
1646
1167
1785
1650
1634
1355
1310
943
1647
1143
1304
1498
1247
1743
1443
1425
1001
1586
1046
1903
1672
979
1000
899
1263
1368
1841
1587
988
1802
1424
992
1725
3943
3877
3741
3721
3684
3577
3561
3550
3501
1550
994
1566
1453
1372
1356
1234
962
939
964
1728
1229
1869
1815
1624
1856
1901
948
1828
1316
1015
389
1249
1392
989
959
965
1591
1396
1459
1347
1192
1100
1874
1696
1436
1319
1197
1091
1601
1137
1636
1628
1611
1583
1082
902
1218
1824
1649
1227
1066
1831
1348
1106
1630
1428
1169
1131
1072
1857
1794
1764
1582
1454
1406
1379
1303
969
945
1904
1504
1704
971
942
1906
1781
1745
1412
1338
1275
1141
1127
1109
1010
1907
1876
1820
1733
1729
1686
1569
1515
1382
1245
1166
1121
1102
1099
1042
1032
919
898
596
1294
972
912
1493
1468
1216
1859
1812
1751
1596
1573
1502
1495
1479
1417
1413
1282
1277
1221
1215
1204
1044
1021
1019
975
905
683
587
428
1767
1565
1549
1235
1122
630
1871
1853
1744
1677
1464
1324
1189
1155
1148
1018
669
645
629
584
496
1374
1142
931
567
566
514
1870
1446
553
513
507
500
488
479
461
456
446
434
431
400
398
391
378
1855
1790
1694
1616
1080
976
936
601
560
544
542
503
462
419
412
409
404
1187
900
1328
1061
1494
1023
1537
546
545
541
528
516
510
504
477
469
460
457
451
442
439
436
427
420
414
405
402
397
374
373
1039
484
1095
935
1711
1808
1562
1740
1574
1226
1179
1012
559
525
512
497
494
465
408
368
366
363
348
1780
1880
1629
1568
1363
1333
1882
1692
1673
1548
1320
1318
1313
1210
1183
1113
1070
614
561
538
524
492
475
438
376
1144
928
1908
1136
1895
1798
1784
1536
1378
1118
938
903
1433
908
1705
1421
1360
1033
1337
2643
2629
2609
2608
2605
2597
2594
2512
2511
2510
2475
2472
2468
2463
2451
2420
2417
2413
2398
2394
2389
2377
2372
2347
2344
2338
2295
2273
2246
2203
2196
2176
2174
2163
2153
2151
2148
2138
2133
2132
2125
2102
2081
2071
2054
2047
2038
2028
2026
2010
1941
1266
1321
973
1910
1897
1818
1709
1658
1497
1487
1357
1052
914
1881
1885
1710
1807
1595
1159
1051
1832
1442
1501
1473
1285
1700
1805
1404
1898
1572
1542
1594
1518
1038
1535
1463
1401
1288
1256
1237
1900
1160
1902
1278
999
1422
1323
2653
2616
2598
2555
2509
2508
2498
2471
2461
2436
2419
2399
2368
2343
2333
2330
2325
2319
2294
2289
2282
2254
2250
2247
2239
2189
2180
2169
2155
2127
2032
1932
1926
1920
1916
1817
1618
1196
136
1821
1342
1517
932
1163
1341
1765
1580
1447
1389
1205
1845
1644
1359
1050
1125
1107
1017
982
1779
1839
1712
1665
1380
1351
1230
1153
997
1523
1199
1849
1752
1439
1219
1211
1028
1004
1735
1653
1844
1842
1804
1722
1680
1652
1643
1608
1556
1429
1423
1418
1330
1273
1238
1198
1180
1172
1156
1132
953
483
1810
1685
1460
1707
1669
1491
1128
1047
934
1891
1774
1734
1675
1604
1484
1272
1126
1124
1867
1836
1826
1823
1668
1632
1623
1598
1488
1402
1375
1370
1344
1331
1181
1083
966
1799
1736
1663
1367
1214
925
1863
1662
3425
2923
2926
1909
1843
1437
3389
3216
3354
2971
1912
2922
2767
1465
3147
2861
2788
3125
2838
189
150
1847
1886
1861
1796
1793
1791
1761
1757
1741
1723
1721
1620
1610
1600
1559
1547
1539
1390
1377
1334
1302
1293
1267
1164
1079
1076
1772
1911
1040
995
1693
1353
1905
1899
1896
1894
1893
1892
1890
1889
1887
1879
1878
1875
1873
1872
1868
1866
1865
1862
1854
1851
1850
1848
1840
1830
1827
1822
1819
1814
1811
1809
1801
1797
1795
1789
1788
1786
1783
1778
1775
1773
1771
1770
1769
1766
1763
1756
1747
1746
1742
1739
1738
1737
1732
1727
1716
1715
1706
1703
1699
1691
1689
1683
1681
1679
1671
1661
1655
1648
1645
1640
1638
1635
1631
1625
1619
1615
1609
1606
1605
1592
1579
1578
1576
1575
1564
1563
1555
1554
1551
1543
1540
1538
1533
1532
1531
1530
1529
1524
1520
1516
1514
1512
1510
1509
1503
1500
1499
1496
1490
1485
1483
1482
1481
1480
1478
1475
1472
1470
1469
1467
1462
1457
1456
1452
1451
1448
1444
1441
1440
1438
1435
1432
1430
1427
1426
1415
1414
1408
1403
1400
1397
1388
1387
1385
1384
1383
1381
1373
1371
1366
1365
1364
1358
1354
1350
1349
1346
1345
1343
1340
1339
1336
1335
1332
1326
1325
1322
1315
1314
1309
1308
1307
