0
806
4031
668
468
624
4022
12
4008
3147
215
2219
2798
1145
321
855
1105
2457
1386
2893
4035
868
1206
2569
2470
2269
581
911
145
3999
3991
3989
3742
267
2814
1034
3134
2358
1579
3846
244
124
859
15
540
152
2094
2517
3121
3686
3063
2952
356
3230
3746
220
602
27
1073
3453
44
263
3524
4006
2767
3885
3996
1326
2671
379
1346
125
3372
71
1834
1103
4036
1252
1755
1176
2382
70
401
293
1814
873
872
895
832
775
660
607
884
3795
3978
2178
97
1443
3798
219
2975
2442
1270
3887
2255
2541
43
256
3183
282
3570
1065
3619
1295
8
52
241
1224
3489
269
157
3974
151
2857
2168
294
2079
453
585
3936
1394
386
3959
358
49
1395
1430
2899
3217
3175
2357
37
225
1477
2580
3955
674
3560
278
81
110
91
864
1696
174
594
1208
1890
1627
852
2817
3127
3055
3074
2774
4016
4018
4005
4002
4032
3983
3992
3994
4037
4026
4025
4021
4019
4012
4007
3990
3998
4027
4020
4017
4014
4000
3997
3986
3980
4038
4003
3982
4030
4023
4013
3993
4004
4033
3985
3995
4009
4001
4029
3988
4034
4011
4028
3981
667
4024
3987
3984
4015
4010
866
894
858
867
887
885
700
789
712
716
689
818
740
782
743
889
879
871
870
811
886
882
876
804
878
729
851
838
735
877
874
722
795
816
746
826
764
737
715
854
842
835
753
771
723
734
791
767
691
784
809
843
765
704
718
817
792
757
856
769
687
761
830
738
783
755
821
815
880
763
730
708
845
829
827
814
794
720
768
736
836
770
823
797
709
703
731
701
839
732
725
702
803
844
748
728
693
833
890
888
881
869
863
861
860
840
828
819
776
719
853
781
778
751
726
713
688
848
834
831
824
810
805
766
752
727
711
697
690
850
849
847
846
837
822
820
813
812
808
807
800
799
793
788
787
785
780
779
777
774
773
772
762
760
758
756
754
750
747
745
742
741
739
733
724
714
710
707
706
705
699
698
696
695
694
686
825
796
841
893
744
786
892
891
798
759
802
790
749
721
717
883
875
801
865
692
195
328
218
78
273
337
306
275
4
3911
177
86
310
131
167
181
3813
3669
300
129
162
2
20
68
175
76
187
243
192
14
115
309
19
17
266
180
227
254
327
95
6
143
230
214
137
93
312
226
149
116
160
130
24
299
284
228
346
330
194
80
2450
3864
3691
3444
3678
3502
3775
1254
399
106
320
135
36
317
77
132
347
249
237
221
251
343
333
326
319
316
302
296
289
286
281
279
270
262
255
250
242
240
229
216
206
205
191
190
184
183
154
147
144
140
127
112
111
108
101
99
94
89
83
51
46
41
35
33
32
28
23
222
96
85
168
73
50
268
260
246
207
126
88
30
121
53
339
146
84
345
178
57
298
48
341
290
79
75
280
238
159
113
29
10
258
133
196
69
45
3
92
2634
2439
2548
2422
1956
1937
2080
2316
2632
2166
1950
3965
3923
3857
3447
3942
3814
3973
3899
3897
3694
3806
3949
3819
3595
3743
3439
3967
3920
3783
3834
3765
3494
3522
3441
3531
3458
3831
3703
3700
3467
3591
3832
3904
3958
3681
3626
3539
3695
3639
3898
3482
3507
3895
3937
3715
3960
3641
3977
3850
955
1368
576
670
665
577
625
621
393
364
564
655
622
575
677
672
603
579
2441
2565
1996
2494
31
7
208
164
117
103
235
344
274
176
291
161
5
340
332
22
231
204
197
72
82
203
65
342
223
16
13
311
158
134
38
338
303
272
211
66
55
40
236
224
165
123
62
334
304
26
25
21
186
98
9
323
314
295
277
271
148
118
257
39
331
325
322
315
313
276
265
252
232
213
212
199
188
185
172
142
141
104
67
60
59
1
1958
2130
2305
2587
2487
2167
2262
2349
2584
2648
2050
2497
2035
2421
2193
2202
1980
1957
2545
2034
2017
1990
2621
2431
2375
2217
2113
2051
1930
2019
2534
2503
2256
1977
2301
2614
2317
2263
2014
2626
2613
2523
2160
2015
2173
1915
2277
2236
2070
2577
2405
2360
2162
2008
1975
1949
2181
1933
2114
2306
2656
2412
1922
2238
2230
2197
2411
2342
1960
2618
2371
2410
2369
2554
2353
1942
2150
1963
2456
2179
2559
2536
2520
2623
2407
2136
2016
2639
2006
2646
2552
2370
2311
2172
2098
2513
2466
2401
2323
2122
2443
2426
2170
2579
2573
2489
2430
2359
2118
1986
1979
2012
2660
2627
2284
2171
2025
2361
2578
2469
2433
2213
2200
1984
2403
2388
2248
2049
2435
2378
2346
2159
1914
2622
2207
2659
2658
2647
2636
2620
2061
3290
3544
3762
3841
3527
3450
3496
3543
3503
3693
3571
3772
3461
3843
3854
3759
3720
3632
3465
3847
3538
3573
3909
3569
3784
3628
3574
3473
3874
3567
3445
3894
3446
3867
3713
3908
3736
3474
3601
3561
3682
3549
3459
3476
3785
3952
3714
3706
3671
3568
3509
3751
3660
3758
3727
3933
3587
3478
3533
3837
3675
3726
3964
3754
3548
3728
3608
3643
3564
3647
3903
3791
3655
3563
3870
3833
3794
3554
3499
3624
3585
3761
3901
3776
3745
3536
3739
3725
3541
3676
3665
3614
3924
3442
3630
3529
3510
3469
3460
3648
3786
3803
3638
3513
3500
3979
3532
3914
3770
3731
3658
3617
3586
3518
3497
3612
3583
3740
3666
3592
3516
3546
3490
3822
3486
3830
3594
3528
3969
3869
3855
3826
3792
3768
3620
3767
3593
3515
3881
3534
3511
3753
3722
3475
3906
3866
3602
3975
3836
3774
3708
3705
3701
3913
3858
3730
3485
3840
3698
3685
3607
3951
3584
3506
3926
3845
3640
3627
3542
3925
3566
3504
3724
3690
3919
3649
3613
3523
3565
3644
3598
3553
3508
3966
3940
3852
3778
3769
3710
3521
3823
3782
3764
3718
3645
3972
3945
3915
3821
3464
3443
3611
3804
3654
3557
3921
3907
3815
3663
3629
3498
3603
3670
3635
3642
3888
3873
3448
1111
1030
899
588
679
1248
1759
600
615
595
578
658
643
632
583
582
628
662
650
599
598
574
618
664
653
684
597
202
166
3954
3859
3733
3463
623
661
627
509
407
663
486
380
501
441
562
351
464
552
532
429
411
1506
469
385
682
657
685
654
636
633
626
617
612
605
592
573
535
457
644
2930
956
1788
1197
652
198
396
541
466
1253
1200
2549
2476
2446
2190
2655
2625
2590
2574
2564
2556
2550
2532
2504
2393
2376
2237
2104
2060
2058
2045
