0
4035
891
3071
2704
892
4036
4015
750
841
210
613
2569
18
3748
2079
1560
358
638
608
1206
37
447
256
282
3407
286
52
1233
3942
234
3879
3808
3732
1430
3922
267
183
386
3717
571
3575
3733
2441
1295
1057
235
865
667
244
883
4022
860
859
699
749
692
801
3984
867
704
802
788
894
4032
4006
4028
4029
875
686
687
688
693
694
695
696
697
698
701
703
705
706
707
708
709
711
712
713
714
718
719
720
722
723
724
726
727
728
729
730
731
732
734
736
737
738
739
741
742
745
747
748
751
752
753
754
755
758
760
762
764
765
766
768
769
770
771
772
773
774
777
778
779
780
781
782
783
784
787
792
793
794
795
797
799
800
803
804
805
806
807
809
810
813
814
815
817
818
819
820
822
823
824
826
827
828
829
830
831
833
834
835
836
837
838
839
840
842
843
844
845
847
848
849
853
856
876
763
789
850
861
863
889
716
756
759
888
715
725
746
821
878
689
786
808
811
690
812
816
733
767
710
702
886
880
882
885
761
776
796
740
791
869
700
871
890
872
881
874
691
870
798
846
825
879
887
895
873
735
721
866
858
864
594
851
790
877
832
884
893
852
717
855
743
854
785
757
3989
4005
744
775
3983
4012
3987
4001
4008
4024
3980
3982
3994
3998
4014
4021
4023
4030
3997
4004
4031
3995
4009
4017
4026
4038
3986
4020
3981
4000
4019
4018
3988
4002
4013
3985
3993
4027
4003
4011
4037
3996
3999
3991
3992
4033
4007
3990
4016
4025
4034
4010
607
918
911
3856
3650
1119
3798
2269
1466
2457
674
550
12
3853
1581
3453
3570
1096
43
624
287
1386
3974
215
3935
1145
15
602
2842
2195
668
2470
2596
114
3031
1834
11
3729
209
74
585
3709
3230
3820
335
3451
3183
292
581
3268
642
33
42
3746
233
3846
145
90
1224
377
47
3885
241
401
255
468
3875
205
1690
2788
3807
1854
1394
179
1262
1270
3959
305
1326
3282
154
3688
443
316
70
1558
3854
1755
3006
2541
1276
216
3589
3134
3704
3125
379
1967
3408
3037
2382
279
648
160
2792
153
1176
2857
2740
1065
35
2691
1395
138
2814
1046
904
1586
2595
2483
182
81
1627
1208
3801
301
383
157
1071
1253
97
155
253
1693
1027
1760
356
3691
3560
411
2168
49
3744
899
293
1252
2178
2481
76
2808
2714
294
207
71
2998
3597
247
61
112
2442
191
656
454
1353
228
240
499
3467
2922
336
321
3375
2527
3955
2860
1546
2975
3582
2722
2952
660
2798
3413
164
2380
3689
1362
3816
1105
1034
1194
3811
3928
448
3699
1002
2106
174
192
124
120
384
262
3121
552
270
307
3003
868
467
2838
202
3882
327
220
3781
2204
288
3565
1713
3897
3143
453
3954
3953
3952
1996
3965
3910
3537
3588
1762
572
206
166
1856
289
3978
1969
652
2885
3946
1383
3939
190
1031
530
406
201
3619
945
673
1022
1510
3686
2855
125
2565
2963
3494
3765
1474
1651
996
3865
1200
3673
2971
1937
3147
3653
2817
3271
3887
1797
1890
2437
910
193
3544
472
3849
3127
2774
1442
3742
464
3444
264
3839
3055
3787
3074
2980
1776
1711
351
110
2167
1346
283
3694
2422
245
3676
1038
1486
152
349
3844
671
3637
2505
1476
1264
2431
46
2634
1579
610
27
3805
1657
485
3429
2219
562
3795
3290
3059
1607
1157
3925
3227
1777
1455
1254
250
2692
3678
3310
929
2736
593
3890
3489
649
34
2230
95
3305
1354
1417
371
219
2015
1147
3606
269
3370
3091
3963
86
77
1133
3477
1521
987
3660
2621
1924
3977
3513
2358
1297
1240
2721
1792
476
3848
3749
3745
3447
3270
498
3936
3665
3457
2884
3970
3217
