0
3748
2269
4011
1119
602
3230
3729
2483
1326
775
3451
1065
33
3570
307
3853
18
241
3798
216
674
1430
37
233
12
3589
3134
3928
3125
2470
499
1395
153
1276
43
911
3560
4016
3990
4037
4028
4034
4013
3991
4006
3981
3989
4025
3999
4020
3998
3996
3983
4023
4014
3993
4038
4036
4035
4032
4031
4027
4024
4021
4019
4018
4010
4009
4008
4007
4005
4004
4003
4002
3997
3994
3988
3987
3985
3984
3982
594
4033
4030
4026
4017
3995
3992
3986
3980
4000
160
205
52
279
2975
2481
301
81
282
256
283
288
273
91
181
38
311
347
157
229
187
179
327
164
218
4
258
45
268
211
207
63
266
260
192
1
243
44
127
224
270
237
73
245
230
190
61
168
251
239
186
109
108
55
39
31
312
2
289
175
111
29
343
151
116
115
325
236
223
98
334
272
271
231
185
170
134
133
69
66
259
110
219
95
3408
2961
3143
3208
2952
3175
2998
3427
3401
3217
3336
3126
3044
2697
3124
3429
2789
3424
3190
3413
2759
3080
3030
2805
3354
3088
3105
2861
3074
3042
3294
2816
2888
3399
2987
3153
3058
3243
2696
3372
3131
2930
2902
3394
3257
2698
2824
3167
2712
2747
3300
2807
3414
2931
3008
2967
2928
2750
2717
3158
3135
3022
2907
2835
3209
2846
3433
3417
3238
2977
2862
2854
2837
2731
2681
3436
3052
3255
3382
3318
2959
2879
2703
3363
3142
3065
2994
2986
2956
2943
2940
2927
2911
2909
2864
2800
2754
2679
2832
2751
3313
3387
3384
3232
3108
3096
3064
2906
2897
2872
3428
2978
2899
2738
3144
2965
2702
2113
2527
2106
2558
2548
2439
2422
2528
2301
1956
2455
2587
2238
2373
2357
2008
2424
2227
1922
1915
2217
2341
2130
2105
2070
2613
2320
2014
2545
2632
2570
2089
2204
2577
2231
2129
2017
2255
2454
2262
2156
2119
2505
2016
2179
2035
1960
2626
1950
1958
2146
2606
2446
2213
2443
1978
1934
2297
2160
1980
2552
1963
2159
2591
2532
2504
2258
2124
2097
2001
1991
322
285
169
7
4029
4022
4015
4012
498
379
346
320
300
204
24
893
850
690
790
768
767
725
789
732
771
740
324
269
345
344
342
341
340
339
338
337
336
335
333
332
331
330
329
328
326
323
321
319
318
317
316
315
314
313
310
309
308
306
305
304
303
302
299
298
297
296
295
294
293
291
290
286
284
281
280
278
277
276
275
274
267
265
264
263
262
261
257
255
254
252
250
249
248
247
246
244
242
240
238
235
234
232
228
227
226
225
222
221
220
215
214
213
212
210
208
206
203
201
200
199
197
196
195
194
193
191
188
184
183
182
180
178
177
176
174
172
167
165
162
161
159
158
156
155
154
152
149
148
147
146
145
144
143
142
141
140
139
138
137
135
132
131
130
129
128
126
125
124
123
122
121
120
119
118
117
113
112
106
105
104
103
102
101
100
99
96
94
93
92
90
89
88
87
86
85
84
83
82
79
78
77
76
75
74
72
71
70
68
67
65
62
60
59
57
56
54
53
51
50
49
48
47
46
41
40
36
35
32
30
28
27
26
25
23
22
21
20
19
17
16
14
13
10
9
8
6
5
3
3431
2709
2803
3329
3262
3010
2808
3411
2797
3189
3039
2856
2795
3016
3274
3027
3160
3393
2600
2467
2433
2392
2201
1997
2000
2009
2358
2393
2288
2517
2514
1965
2627
2365
1927
1919
3365
3236
3219
2762
3297
3416
3351
3267
3247
3182
3169
3132
3116
3021
2992
2914
2853
2833
2780
2765
3150
3043
2923
3156
2688
2540
2182
2426
1989
2466
2170
2554
2507
2506
2409
2408
2386
2381
2331
2326
2244
2220
2216
2190
2172
2084
2077
2037
1962
1925
1969
2296
2291
2177
2660
2645
2640
2583
2406
2004
2362
2329
2387
2480
2400
2116
2644
2610
2534
2474
2366
2314
2277
2248
2242
2175
2126
2036
1990
1930
1923
2057
2416
2605
2295
2601
2449
2414
2303
2249
2067
2019
2599
2479
2438
2396
2243
2063
1981
2143
2594
2590
2578
2561
2556
2489
2468
2363
2323
2229
2150
2103
2021
2002
1993
1946
1938
1918
2608
2592
2259
2149
1939
3335
3072
2847
3391
3344
3321
3034
3009
2793
2748
2665
2661
3187
3087
2675
3327
2900
3117
3056
3033
2925
2924
2782
2777
2680
2676
2664
3320
3145
2958
2781
2690
3359
3203
3288
2995
2812
3379
3370
3356
3346
3334
3210
3186
3086
3068
3001
2845
2775
2730
2685
3435
3434
3430
3426
3425
3423
3422
3421
3420
3419
3418
3415
3410
3407
3405
3403
3402
3400
3398
3397
3396
3395
3392
3390
3389
3388
3383
3381
3380
3378
3377
3376
3375
3374
3373
3371
3369
3368
3367
3364
3362
3360
3358
3357
3353
3352
3350
3349
3348
3347
3345
3343
3342
3341
3340
3339
3338
3337
3333
3332
3331
3330
3326
3325
3324
3323
3322
3317
3316
3315
3314
3312
3311
3310
3309
3308
3307
3306
3305
3303
3302
3301
3299
3298
3296
3293
3292
3291
3287
3286
3285
3284
3283
3282
3281
3280
3279
3277
3276
3275
3273
3272
3271
3270
3269
3268
3266
3264
3261
3260
3259
3256
3254
3253
3252
3251
3250
3249
3248
3246
3244
3242
3241
3240
3239
3237
3235
3234
3233
3231
3229
3228
3227
3226
3225
3224
3223
3221
3220
3218
3216
3215
3214
3213
3212
3211
3207
3206
3204
3202
3201
3200
3199
3198
3197
3196
3195
3194
3193
3192
3191
3188
3185
3184
3183
3181
3180
3179
3177
3176
3174
3173
3172
3171
3170
3166
3163
3162
3161
3159
3157
3155
3154
3152
3151
3149
3148
3147
3146
3141
3140
3139
3138
3137
3133
3130
3129
3128
3127
3123
3122
3121
3120
3119
3118
3115
3114
3113
3112
3110
3109
3107
3106
3104
3103
3102
3099
3098
3095
3094
3093
3092
3091
3090
3089
3085
3084
3083
3082
3081
3078
3077
3076
3075
3073
3070
3069
3067
3066
3063
3062
3061
3060
3059
3055
3054
3053
3051
3050
3049
3048
3047
3046
3045
3041
3040
3038
3037
3036
3035
3032
3029
3028
3026
3025
3024
3023
3018
3017
3015
3014
3013
3012
3011
3007
3006
3004
3002
3000
2999
2997
2996
2993
2991
2990
2989
2988
2985
2984
2983
2982
2981
2980
2974
2973
2972
2970
2969
2966
2963
2960
2957
2955
2954
2953
2951
2950
2949
2948
2947
2946
2945
2944
2942
2939
2938
2937
2936
2935
2934
2933
2932
2929
2926
2922
2921
2920
2919
2918
2917
2916
2915
2913
2912
2910
2908
2905
2904
2903
2901
2898
2896
2895
2894
2893
2891
2890
2889
2887
2886
2884
2882
2881
2880
2878
2877
2876
2875
2874
2873
2871
2870
2868
2867
2866
2865
2863
2860
2859
2858
2857
2855
2852
2851
2850
2849
2848
2844
2843
2841
2840
2839
2836
2834
2831
2830
2829
2828
2827
2823
2821
2820
2819
2818
2817
2815
2814
2811
2810
2809
2806
2804
2802
2801
2799
2798
2796
2794
2792
2791
2790
2788
2787
2786
2785
2784
2783
2779
2778
2776
2774
2773
2772
2771
2770
2769
2768
2767
2766
2763
2761
2758
2757
2756
2755
2753
2749
2746
2745
2744
2743
2742
2741
2740
2739
2737
2736
2735
2733
2732
2729
2728
2727
2726
2723
2722
2721
2720
2719
2718
2716
2715
2714
2713
2711
2710
2708
2706
2705
2701
2700
2699
2695
2694
2692
2691
2689
2687
2686
2684
2683
2682
2674
2673
2672
2671
2670
2669
2668
2667
2666
2663
2662
3328
3136
3057
2941
2616
2471
2394
2344
2254
2155
2151
2003
1955
1176
659
640
627
577
576
672
2659
2658
2657
2656
2655
2654
2652
2651
2650
2648
2647
2646
2641
2639
2638
2637
2636
2635
2634
2633
2631
2630
2628
2625
2624
2623
2622
2621
2620
2619
2618
2617
2615
2614
2612
2611
2609
2607
2604
2603
2602
2596
2595
2593
2586
2585
2584
2582
2581
2580
2579
2576
2575
2574
2573
2572
2571
2569
2568
2566
2565
2564
2563
2562
2560
2559
2557
2553
2551
2550
2549
2546
2542
2539
2538
2537
2536
2535
2531
2526
2525
2524
2523
2522
2521
2520
2518
2515
2513
2511
2503
2500
2499
2498
2497
2496
2495
2494
2493
2492
2490
2488
2487
2486
2485
2484
2482
2478
2477
2476
2473
2469
2464
2462
2460
2459
2457
2456
2453
2452
2450
2448
2447
2445
2444
2442
2441
2440
2437
2436
2435
2434
2432
2431
2430
2429
2428
2427
2425
2423
2421
2418
2415
2412
2411
2410
2407
2405
2404
2403
2402
2401
2397
2395
2391
2390
2388
2384
2383
2382
2380
2379
2378
2377
2376
2375
2374
2371
2370
2369
2367
2364
2361
2360
2359
2356
2354
2353
2352
2350
2349
2348
2346
2345
2342
2340
2339
2337
2335
2334
2330
2325
2324
2322
2321
2318
2317
2316
2313
2312
2311
2310
2309
2308
2307
2306
2305
2304
2300
2299
2292
2290
2287
2286
2284
2281
2280
2278
2276
2275
2274
2272
2271
2270
2266
2265
2263
2261
2260
2257
2256
2253
2252
2251
2246
2245
2240
2237
2236
2235
2234
2233
2232
2230
2228
2226
2225
2222
2221
2219
2218
2214
2212
2211
2210
2209
2208
2207
2206
2205
2202
2200
2197
2195
2193
2192
2188
2186
2185
2184
2181
2178
2173
2171
2168
2167
2166
2165
2164
2163
2162
2161
2158
2157
2154
2152
2147
2145
2142
2141
2140
2139
2136
2131
2127
2123
2122
2121
2120
2118
2115
2114
2112
2110
2109
2108
2107
2104
2100
2099
2098
2096
2095
2094
2093
2092
2091
2090
2088
2086
2085
2083
2082
2080
2079
2078
2076
2075
2074
2073
2072
2071
2069
2066
2064
2061
2060
2059
2058
2056
2055
2051
2050
2049
2048
2046
2045
2044
2043
2041
2040
2039
2034
2033
2031
2030
2029
2027
2025
2024
2023
2022
2020
2018
2015
2013
2012
2011
2010
2006
2005
1999
1998
1996
1995
1992
1988
1987
1986
1985
1984
1983
1982
1979
1977
1976
1975
1974
1973
1972
1971
1970
1968
1967
1966
1964
1961
1957
1953
1952
1951
1949
1948
1944
1943
1942
1937
1936
1935
1933
1932
1931
1929
1928
1926
1924
1921
1917
1914
136
664
612
598
597
647
349
635
540
351
453
657
636
533
478
532
564
501
393
198
384
202
166
163
80
759
737
781
756
782
727
855
852
887
885
809
763
701
820
799
752
715
889
886
863
861
844
829
818
817
751
742
734
721
706
696
760
755
835
779
765
764
758
694
856
854
853
851
849
848
847
846
845
843
842
841
839
838
837
836
834
833
832
831
827
826
824
822
821
816
815
814
813
812
808
807
806
802
801
797
796
795
794
793
792
791
788
787
786
785
784
783
780
778
777
773
772
770
766
762
761
757
754
750
749
748
746
744
743
741
739
738
736
735
733
731
730
728
726
724
723
722
720
719
718
717
716
714
712
711
710
709
707
705
704
702
700
697
695
693
692
691
689
688
687
3003
2885
2838
2704
217
189
150
64
58
3432
2979
2825
3178
2971
2813
3409
3386
3205
3079
3005
2976
2760
2734
2678
3258
3111
3020
2869
2707
3165
3164
3097
2964
3355
3319
2725
2677
1162
1797
2653
2629
2598
2589
2588
2567
2547
2544
2543
2529
2519
2508
2502
2475
2472
2465
2463
2461
2451
2419
2417
2413
2389
2372
2368
2355
2343
2328
2327
2319
2298
2294
2283
2273
2264
2241
2224
2215
2196
2189
2176
2174
2169
2144
2137
2133
2132
2128
2101
2087
2081
2062
2053
2052
2038
2026
1994
1954
1947
1940
1916
1913
3385
3361
3265
3222
3101
2883
2822
2764
2693
1696
2649
2643
2642
2597
2555
2533
2530
2516
2512
2510
2509
2501
2491
2458
2420
2399
2398
2385
2351
2347
2338
2336
2333
2332
2315
2302
2293
2289
2285
2282
2279
2268
2267
2250
2247
2239
2223
2203
2199
2198
2194
2191
2187
2183
2180
2153
2148
2138
2135
2134
2125
2117
2111
2102
2068
2065
2054
2047
2042
2032
2028
2007
1959
1945
1941
1920
3289
3278
3263
3245
2968
1411
1434
3412
3406
3404
3366
3304
3295
3168
3100
3019
2962
2892
2752
2724
1372
1094
1802
1887
1477
1362
1749
1268
956
3290
2826
1684
1090
1403
1057
1016
1723
1248
996
1463
1058
1908
1760
1633
965
1905
1564
1249
1139
1121
1855
1159
1627
649
1624
1592
1911
1531
935
1437
1504
1293
1208
985
1517
1458
1084
1492
1359
1629
1034
1775
1239
1842
1205
1682
988
1703
1640
1127
1461
1321
990
1489
1821
1667
1062
1852
1197
1652
998
959
1413
1292
1788
909
1327
1765
1562
999
1653
1083
1815
1131
977
1042
1316
1108
898
1706
1342
1493
1424
1725
1843
1107
1056
953
1910
1829
1891
1771
1608
1547
1523
1460
1375
1339
1323
1209
1196
1180
1124
906
1308
1858
1846
1805
1780
1480
1449
1341
1123
1900
1718
1665
1663
1662
1623
1471
1302
1285
1280
1271
1256
1222
1125
972
1602
948
1453
913
1776
910
1685
1658
1263
1895
1601
1378
1319
901
1279
919
1442
1133
1732
1636
1596
1591
1502
1423
1404
1379
1227
1190
1170
1081
1044
1573
1716
1324
1876
1738
1699
1671
1052
963
1828
1322
655
618
616
589
