0
4025
1581
4006
3935
875
411
4024
3984
4032
3729
3798
74
674
447
1145
2569
883
2457
11
2596
1560
3183
3230
1206
244
3268
42
1224
52
468
3875
3808
1176
1967
3688
1233
1065
2704
1690
138
1586
1027
656
3575
206
3952
929
686
687
688
693
694
695
696
697
698
701
703
705
706
708
709
711
712
713
714
715
716
718
719
720
722
723
724
726
727
728
729
730
731
732
734
736
737
738
739
741
742
745
747
748
751
752
753
754
755
758
759
760
762
763
764
765
766
768
769
770
771
772
773
774
777
778
779
780
781
782
783
784
787
789
792
793
794
795
797
799
800
803
804
805
806
807
809
810
814
815
816
817
818
819
820
822
823
824
827
828
829
830
831
833
834
835
836
837
838
839
840
842
843
844
845
847
848
849
853
856
861
863
889
707
756
808
811
812
876
878
690
746
776
813
826
850
888
725
786
821
880
689
710
885
890
733
767
882
700
761
871
872
886
702
869
791
874
867
870
796
740
798
881
887
691
895
825
846
873
879
735
802
721
858
866
864
704
868
453
851
790
788
893
877
832
852
884
717
855
743
785
667
699
859
841
749
33
892
692
3996
4037
4011
3989
4013
3993
3985
4002
3988
4018
4026
4020
4019
4017
4000
3981
4038
4009
4004
3994
3986
3997
4031
4030
4023
4021
4014
3998
3995
3982
3980
3983
4005
4033
3992
3991
4003
4027
4035
4015
4022
4028
4034
4010
4012
4029
594
4001
3999
3987
4008
4036
4016
4007
3990
15
292
358
287
638
3748
12
3853
2269
43
1119
1834
2842
911
18
2195
585
891
624
3820
3856
114
3031
215
37
550
210
613
918
602
3570
1466
607
608
335
2079
3071
801
1386
3650
3453
1096
668
3709
3451
3974
2470
209
3846
3746
3407
282
233
256
581
642
145
90
3885
286
775
47
377
401
255
750
241
205
1854
179
3282
2788
379
2814
2541
744
1558
443
3854
648
234
1430
160
279
305
70
1270
183
3134
3879
3807
316
3959
860
216
3732
1755
1394
1326
267
3942
2857
35
1262
3589
1276
2382
2740
3006
3408
3922
1395
154
3125
153
3704
2691
3037
2792
3801
1046
81
2483
2595
383
301
386
182
904
1627
157
1208
97
356
253
1760
3717
757
3560
155
1071
1253
49
247
1693
2808
3691
293
112
3744
854
2998
2168
3733
336
3413
76
2922
294
71
3816
3582
3811
3375
228
499
3689
2860
899
454
191
2975
2481
2178
1252
61
2952
321
571
1546
3597
660
240
448
1034
207
3955
2714
1194
1353
2527
2380
2442
2722
164
2798
3467
1362
3699
3928
1002
1105
174
384
894
865
2565
120
192
3954
3121
307
552
220
124
3003
3565
262
2963
270
3537
2838
1996
572
2885
1383
1969
2106
3865
201
3588
1031
2441
406
1856
3946
1200
288
1937
327
3965
3939
166
1762
467
289
190
125
3673
2855
530
3494
996
945
1651
1022
202
3653
2204
652
3882
3781
1510
3897
1713
1474
2971
3910
3765
3143
3686
3619
3271
3887
673
3953
3978
3147
2817
3444
351
1890
1711
3742
3694
3544
3127
283
3849
3637
472
3074
1486
1455
1776
1657
193
3805
3310
2230
1797
485
110
1417
1346
1057
464
3227
3059
2437
1442
671
152
2774
2431
1579
1354
3676
2980
910
34
3844
3489
2634
593
562
264
3787
371
3795
3678
2736
2692
2505
349
235
27
1147
649
3429
1295
2422
3055
2219
2015
1157
1777
1038
3290
1476
1264
610
46
3839
3606
3890
245
3305
2167
1607
1133
250
3925
3477
219
1924
498
3749
3751
2884
2721
1498
1301
340
95
3859
3270
3091
77
2899
2671
1240
269
3963
3665
2493
2375
655
147
3745
3441
2517
1759
1254
1151
533
229
3936
3848
3806
3661
3513
3447
117
86
63
3970
2824
2621
1664
1297
3161
3044
2651
163
3977
3727
3660
3457
2776
2580
2100
1855
1792
1168
102
3432
3175
1838
1521
3724
3632
2767
2017
1552
1263
987
621
390
6
3217
3923
3916
3893
3372
2456
2358
937
679
365
32
3961
2528
1974
1701
985
338
319
311
300
167
3600
2388
2008
549
476
296
263
129
83
3700
3389
1372
3911
3771
3436
3370
3336
2632
259
44
3899
3812
3652
3424
3159
2902
2421
2256
1697
385
347
317
243
189
131
126
91
