0
2569
3748
210
209
335
4022
3729
1386
3709
3853
358
918
642
42
3268
401
860
581
43
692
3650
37
3935
4008
3798
1119
3230
4024
1145
3071
892
2079
292
15
585
602
4035
3820
1581
3183
4010
18
875
3570
911
3451
2195
608
1834
287
114
607
74
883
3974
2596
550
1466
2842
1206
891
447
638
624
3984
613
215
1560
2470
668
801
674
2269
1096
4015
11
3453
2457
3031
12
3856
3987
244
4012
4029
4001
33
233
256
282
3746
3407
3846
90
4036
4028
145
267
1224
749
4006
377
3983
3942
255
153
286
3854
3134
47
52
4032
1394
205
160
2541
750
241
1065
648
138
3125
1395
775
35
3885
3704
1233
3922
2704
1690
70
316
216
3808
2788
4034
1270
841
305
3875
3688
234
2814
1755
1854
744
699
3807
3589
1430
2857
2382
1967
443
2740
1276
1262
859
279
3959
3879
3408
379
154
3282
3006
1176
183
468
3732
1558
1326
179
386
2792
2691
3037
4005
383
3991
81
1046
904
3801
155
4033
3992
2483
356
157
1586
182
1760
228
3717
3560
1027
411
2168
1362
1034
1208
1071
3999
2722
2178
321
253
247
3691
2808
2798
2595
1627
660
207
2714
97
3744
1693
301
76
3811
2952
899
61
3990
2998
854
4025
4007
3689
3582
2975
2380
667
293
49
3955
3699
3575
1353
499
3597
3413
1253
571
454
240
164
3996
3816
2860
2481
743
336
2442
785
656
294
4016
3733
3375
1546
1252
112
4011
3467
2922
757
448
71
191
4037
1194
3928
4027
3995
4038
4031
4030
4026
4023
4021
4020
4019
4018
4017
4014
4013
4009
4004
4003
4002
4000
3998
3997
3994
3993
3989
3988
3986
3985
3982
3981
3980
2441
1105
3978
3965
3939
3653
2527
1383
3954
3565
3121
2838
1651
530
270
124
120
3946
3537
1937
832
594
3765
1474
884
307
3865
3673
2204
1031
865
852
851
717
467
202
3953
3910
3897
3882
3686
3143
2963
2885
1713
894
893
552
384
289
262
201
125
2855
2565
1856
996
945
868
790
673
652
572
288
220
174
3619
3494
3003
2106
1969
1762
1510
1200
1038
788
562
166
3952
3781
3489
2437
1002
877
406
327
206
192
2971
2736
2422
1996
1022
855
3787
3588
3271
3147
1797
1607
1476
1455
1147
610
453
351
3977
3925
3887
3844
3805
3676
3544
3290
2817
2230
2219
1711
1354
1057
858
735
721
593
472
190
86
46
34
27
3795
3742
3694
3637
3606
3447
3310
3305
3217
3059
2634
2621
2015
1657
1579
1521
1442
1417
1157
1133
987
866
864
802
704
655
649
476
264
250
245
193
110
77
6
3893
3890
3849
3839
3834
3749
3745
3678
3665
3661
3513
3477
3457
3432
3429
3227
3175
3055
2980
2898
2884
2776
2721
2692
2505
2493
2456
2388
2167
2094
1890
1855
1776
1664
1506
1486
1414
1301
1264
1168
929
910
895
873
825
812
798
767
700
498
349
340
296
283
263
152
95
63
3979
3976
3975
3973
3972
3971
3970
3969
3968
3967
3966
3964
3963
3962
3961
3960
3958
3957
3956
3951
3950
3949
3948
3947
3945
3944
3943
3941
3940
3938
3937
3936
3934
3933
3932
3931
3930
3929
3927
3926
3924
3923
3921
3920
3919
3918
3917
3916
3915
3914
3913
3912
3911
3909
3908
3907
3906
3905
3904
3903
3902
3901
3900
3899
3898
3896
3895
3894
3892
3891
3889
3888
3886
3884
3883
3881
3880
3878
3877
3876
3874
3873
3872
3871
3870
3869
3868
3867
3866
3864
3863
3862
3861
3860
3859
3858
3857
3855
3852
3851
3850
3848
3847
3845
3843
3842
3841
3840
3838
3837
3836
3835
3833
3832
3831
3830
3829
3828
3827
3826
3825
3824
3823
3822
3821
3819
3818
3817
3815
3814
3813
3812
3810
3809
3806
3804
3803
3802
3800
3799
3797
3796
3794
3793
3792
3791
3790
3789
3788
3786
3785
3784
3783
3782
3780
3779
3778
3777
3776
3775
3774
3773
3772
3771
3770
3769
3768
3767
3766
