0
730
4000
4036
201
89
877
911
858
1474
2079
2178
386
1586
1208
2596
1701
4010
253
855
255
215
263
4015
114
4001
3749
1176
3910
27
3637
1372
112
377
3885
3991
467
154
1521
1046
634
102
873
3688
3552
49
3940
3816
3271
3580
294
16
3282
2517
1560
110
183
2808
3999
4034
3985
4038
4027
4011
35
3808
607
3928
2736
3709
1253
3453
1627
1552
550
1693
2167
1854
3716
2245
3953
2685
2817
3746
3074
383
2798
1105
2722
3012
3983
3935
3853
613
2857
4025
4022
44
852
2704
1119
1111
1762
2100
4024
447
282
140
638
1967
667
210
157
3375
811
788
735
2732
3589
2357
602
704
841
1346
721
880
2380
879
356
3408
292
90
2388
1869
1834
11
699
301
3946
153
3125
801
39
3467
692
860
2527
2714
1690
247
2975
3744
43
2952
744
498
1354
1506
1326
411
1301
3894
3597
663
775
3965
3732
2998
335
3531
1206
485
1417
305
649
585
3216
233
2405
3183
3665
2885
2483
3887
222
2168
3427
3729
3879
3290
74
289
904
552
3659
3899
3370
1386
1145
287
1797
1546
3031
1631
433
1096
3805
1760
256
3563
179
890
155
2805
3846
3055
3127
1956
594
264
259
91
296
68
3789
3751
3787
3923
4029
717
798
1838
1194
401
2321
895
881
866
871
872
776
885
887
867
874
859
6
319
219
147
95
327
245
8
3997
4018
4003
3988
4023
3998
4016
4026
3995
3992
4019
4009
3981
3982
4032
4030
4017
4014
4007
4006
3994
3989
3986
4037
4004
4002
3980
4020
4033
4031
4013
4028
3993
3987
4021
3990
4005
4012
4008
3996
3984
4035
863
876
729
689
864
889
888
861
707
789
791
869
808
854
756
768
746
743
733
712
893
825
892
886
884
878
835
839
802
736
804
778
714
742
833
740
761
844
799
741
706
845
843
816
806
796
769
767
763
732
725
708
691
690
770
821
755
792
710
797
765
831
731
727
716
815
840
748
723
709
701
687
822
795
782
856
800
753
698
837
818
724
814
715
810
752
747
696
771
759
697
827
794
734
834
813
790
722
713
700
820
809
780
777
738
711
851
772
754
751
694
688
848
842
826
819
812
784
726
693
850
838
779
774
705
686
783
758
739
836
803
718
703
853
849
847
830
829
823
805
781
773
766
762
760
745
737
728
720
695
828
824
817
807
793
787
719
764
870
702
786
750
832
894
883
785
882
757
846
749
868
891
875
865
857
3141
97
2776
182
2528
2861
3044
309
64
197
70
221
149
191
108
77
2565
2041
2632
2621
2431
2263
2799
2884
2752
2972
278
164
240
132
135
36
150
159
298
46
92
260
338
178
230
276
303
176
336
288
76
226
220
143
72
283
324
130
125
251
290
231
141
185
105
84
69
208
60
10
246
345
340
1996
2373
1937
1922
2105
2614
2082
2227
1990
2503
2403
2558
2524
1924
2349
2444
2651
2568
2119
1949
1936
2014
2383
2393
2476
2412
2182
2514
2270
2066
2120
2288
2067
3376
3151
3180
3053
3122
2709
3315
3402
2847
3126
3269
2855
2699
3314
3336
3227
2812
2821
3428
2710
3436
3388
2723
3048
2703
3311
3283
2767
3343
2790
2726
3383
3389
3229
3286
3175
3209
3212
3352
2687
3094
3006
3309
2695
3305
2893
3234
3092
2891
3194
3208
3281
3358
3277
3003
2856
50
344
257
306
4
227
308
212
65
88
24
23
189
111
341
270
134
48
79
45
3
330
299
266
254
204
94
139
218
22
243
20
291
248
67
310
93
32
96
346
320
281
1
82
236
17
14
2
104
317
302
53
323
163
325
313
277
265
238
62
26
177
300
180
57
273
195
170
225
9
250
239
272
271
223
188
186
128
103
63
55
30
337
307
258
232
224
172
339
117
42
142
129
122
109
51
25
326
115
312
175
174
138
261
29
199
148
118
315
213
187
169
1814
332
322
284
280
119
3262
2219
2205
2453
304
285
156
146
87
21
7
2312
2531
2401
2265
1974
2286
2493
2474
2291
2145
2058
2130
2258
2450
2626
2435
1999
2158
1934
2177
2262
2426
2207
2170
1992
2096
2634
2437
2652
2584
2024
2660
2627
2011
2413
2456
2197
2529
2234
2397
2255
2076
2400
2580
2049
2402
1963
1944
2202
1935
2017
2656
2238
2129
1982
2008
2411
2023
2003
2540
2439
2375
2313
2619
2459
2346
2050
2371
2335
1965
2251
2070
2034
2015
2155
2545
2350
2571
1980
2600
2329
2311
2455
2424
2361
2360
2181
2035
2429
2387
2590
2300
2005
2051
2628
2570
2562
2314
2228
2089
2578
2563
2482
2386
2083
2522
2259
2208
2631
2478
2216
2425
2644
2566
2557
2534
2498
2497
2416
2366
2248
2175
2085
1978
2240
2460
2446
2428
2164
1953
2612
2406
2214
2133
1977
2625
2392
2287
2271
2200
2190
2086
2056
2546
2539
2477
2407
2356
2348
2303
2136
2124
2084
1989
1946
2633
2018
2006
2001
1958
2367
1957
1921
1919
2103
2645
2116
2449
2249
2211
2063
2019
1942
2615
2604
2554
2526
2404
2229
2139
2112
2108
2064
1918
1985
2097
2022
1998
1927
2622
2513
2486
2559
2551
2532
2443
2430
2410
2369
2363
2340
2261
2253
2244
2206
2201
2172
2090
2074
2073
2638
2623
2611
2607
2602
2601
2593
2575
2549
2542
2521
2507
2504
2495
2469
2454
2433
2427
2381
2374
2359
2323
2307
2299
2290
2210
2179
2131
2077
2055
2045
2044
2020
1986
1925
2304
2639
2337
2192
2157
2012
2004
2000
1973
1951
2647
2636
2583
2494
2447
2225
2159
1931
1914
2501
2318
2222
1959
2389
2488
2440
2342
2173
2162
2091
1975
2659
2648
2061
1995
2075
2624
2606
2586
2579
2573
2556
2553
2552
2550
2492
2489
2485
2484
2414
2395
2376
2370
2354
2339
2309
2306
2278
2237
2213
2165
2150
2121
2118
2115
2109
2104
2098
2093
2092
2069
2060
2059
2037
1993
1979
1971
1966
1962
1938
1929
1917
2396
2577
2160
2640
2620
2378
2013
2009
2452
2362
2242
2209
2031
2512
2587
2146
2114
3161
3359
2941
2878
3024
3068
2721
3275
3328
2519
2189
2163
2137
2125
2101
955
3190
3418
3178
2875
2823
3391
2948
3254
3268
2899
3237
2934
3334
3058
3041
3013
3218
3425
3401
2926
3349
2733
3393
3050
2832
2831
2996
2735
3217
3210
3140
3333
3341
3253
3431
3235
3112
3326
3138
3225
3372
2902
2763
2852
3224
2930
3419
3296
3021
2794
2774
3145
2739
2896
3422
3415
3403
3421
2696
3200
3420
2828
3242
3153
3143
2759
3342
3043
2772
3042
3371
3177
2713
3193
3266
3129
2718
3267
3049
3157
2700
2886
3147
3303
2761
3381
3260
3170
3160
3106
2869
2720
2708
2684
2843
2837
3435
3367
3172
2768
3144
3382
3246
2829
3368
3128
3270
2784
3430
3300
3231
3059
2851
2769
3386
3272
3182
2973
2950
3316
2854
2944
2982
2889
2879
3184
2681
3369
3322
3155
3228
2961
3000
2924
2985
3063
3028
2997
3005
3249
2667
3173
3167
3220
2766
2908
2850
2777
3247
3215
3201
3148
3088
3009
2840
2811
2795
2762
2661
3073
2925
2912
3400
2807
2743
2679
3124
3113
2778
2994
2916
2800
3257
3123
3052
3029
2953
2931
3213
3195
3064
2928
2910
2909
2839
2810
3097
2898
3351
3345
3344
3297
3265
3169
3146
3115
3027
2853
2770
2765
3405
3203
2876
2803
2690
58
3423
3325
2670
2917
2911
2905
2872
3261
2734
3317
2738
2836
3332
2937
2701
3377
3082
3039
2991
2939
2674
2672
2665
2888
3394
3243
3025
2977
2782
2773
2756
2741
3162
3424
3248
2841
3264
3417
3399
3348
3163
3158
3056
3040
2986
2913
2757
3378
3355
3350
3321
3116
2965
2793
3142
3119
3047
3026
2749
2666
3139
3080
3010
2929
3365
3433
3364
3166
3137
3089
2993
2981
2731
2683
3434
3313
3206
3191
3188
3150
3060
3046
2914
2868
2846
2780
3214
2936
2901
2747
3347
3299
3291
3252
3240
3120
3035
2989
2785
2742
3077
2748
2964
3304
3301
2874
2680
2676
3373
3292
3244
2992
2870
3426
3250
3202
3065
3023
2927
2919
2880
2864
2863
2862
2815
2806
2787
2717
2689
2669
2725
3395
3034
2932
3171
3324
2943
2706
3374
3110
3038
2751
2702
3363
3362
3108
3096
2988
2967
2920
2915
2890
2866
2835
2754
2698
3130
3114
3397
3192
3276
2727
3100
2682
3411
2958
2719
3331
2938
2871
2775
2894
2833
3101
3319
1486
171
928
3187
3072
2865
2819
2783
3185
3406
3287
3259
2957
2859
3340
2760
3156
3069
582
578
662
583
640
343
342
334
333
331
328
318
316
314
311
297
295
275
274
269
267
262
252
249
242
237
217
214
211
206
205
203
200
196
194
193
192
184
181
168
167
165
162
161
158
151
144
137
133
127
126
124
123
121
120
116
113
101
100
99
98
86
85
83
80
78
75
66
59
56
41
40
38
37
33
31
28
19
15
13
12
5
586
