0
114
3798
624
4022
674
1834
1145
613
883
3853
3820
1096
2470
911
891
43
11
892
4008
3650
3183
3071
2079
668
210
4035
1386
801
638
550
607
585
3935
1206
15
3453
215
3856
1466
692
18
3709
875
608
37
2457
1581
209
12
3729
74
3984
3570
292
4015
4010
3974
2269
358
2195
3748
3031
3230
2842
335
3451
1560
602
447
287
2569
2596
4024
918
1119
4001
4029
286
233
3922
581
256
244
52
1755
642
205
35
3746
3125
1854
1176
305
4032
4012
3875
3846
3808
3704
3589
3407
3268
1394
1224
775
241
153
3987
3983
3959
2541
1558
379
377
267
42
33
4036
4028
3854
3807
3732
2740
2704
1690
1395
1270
1065
860
744
648
401
316
282
279
145
90
47
4034
3942
3885
3282
3006
2857
2814
2382
1326
1276
1262
859
749
468
443
255
234
3879
3688
3408
3134
2788
1967
1233
750
699
301
247
216
183
154
70
4033
4006
4005
3991
3588
3413
2722
1627
1430
1353
841
757
499
294
160
155
138
81
4038
4037
4031
4030
4027
4026
4025
4023
4021
4020
4019
4018
4017
4016
4014
4013
4011
4009
4007
4004
4003
4002
4000
3999
3998
3997
3996
3995
3994
3993
3992
3990
3989
3988
3986
3985
3982
3981
3980
3979
3978
3977
3976
3975
3973
3972
3971
3970
3969
3968
3967
3966
3965
3964
3963
3962
3961
3960
3958
3957
3956
3955
3954
3953
3952
3951
3950
3949
3948
3947
3946
3945
3944
3943
3941
3940
3939
3938
3937
3936
3934
3933
3932
3931
3930
3929
3928
3927
3926
3925
3924
3923
3921
3920
3919
3918
3917
3916
3915
3914
3913
3912
3911
3910
3909
3908
3907
3906
3905
3904
3903
3902
3901
3900
3899
3898
3897
3896
3895
3894
3893
3892
3891
3890
3889
3888
3887
3886
3884
3883
3882
3881
3880
3878
3877
3876
3874
3873
3872
3871
3870
3869
3868
3867
3866
3865
3864
3863
3862
3861
3860
3859
3858
3857
3855
3852
3851
3850
3849
3848
3847
3845
3844
3843
3842
3841
3840
3839
3838
3837
3836
3835
3834
3833
3832
3831
3830
3829
3828
3827
3826
3825
3824
3823
3822
3821
3819
3818
3817
3816
3815
3814
3813
3812
3811
3810
3809
3806
3805
3804
3803
3802
3801
3800
3799
3797
3796
3795
3794
3793
3792
3791
3790
3789
3788
3787
3786
3785
3784
3783
3782
3781
3780
3779
3778
3777
3776
3775
3774
3773
3772
3771
3770
3769
3768
3767
3766
3765
3764
3763
3762
3761
3760
3759
3758
3757
3756
3755
3754
3753
3752
3751
3750
3749
3747
3745
3744
3743
3742
3741
3740
3739
3738
3737
3736
3735
3734
3733
3731
3730
3728
3727
3726
3725
3724
3723
3722
3721
3720
3719
3718
3717
3716
3715
3714
3713
3712
3711
3710
3708
3707
3706
3705
3703
3702
3701
3700
3699
3698
3697
3696
3695
3694
3693
3692
3691
3690
3689
3687
3686
3685
3684
3683
3682
3681
3680
3679
3678
3677
3676
3675
3674
3673
3672
3671
3670
3669
3668
3667
3666
3665
3664
3663
3662
3661
3660
3659
3658
3657
3656
3655
3654
3653
3652
3651
3649
3648
3647
3646
3645
3644
3643
3642
3641
3640
3639
3638
3637
3636
3635
3634
3633
3632
3631
3630
3629
3628
3627
3626
3625
3624
3623
3622
3621
3620
3619
3618
3617
3616
3615
3614
3613
3612
3611
3610
3609
3608
3607
3606
3605
3604
3603
3602
3601
3600
3599
3598
3597
3596
3595
3594
3593
3592
3591
3590
3587
3586
3585
3584
3583
3582
3581
3580
3579
3578
3577
3576
3575
3574
3573
3572
3571
3569
3568
3567
3566
3565
3564
3563
3562
3561
3560
3559
3558
3557
3556
3555
3554
3553
3552
3551
3550
3549
3548
3547
3546
3545
3544
3543
3542
3541
3540
3539
3538
3537
3536
3535
3534
3533
3532
3531
3530
3529
3528
3527
3526
3525
3524
3523
3522
3521
3520
3519
3518
3517
3516
3515
3514
3513
3512
3511
3510
3509
3508
3507
3506
3505
3504
3503
3502
3501
3500
3499
3498
3497
3496
3495
3494
3493
3492
3491
3490
3489
3488
3487
3486
3485
3484
3483
3482
3481
