0
3453
911
3729
2457
74
3974
12
3183
892
638
15
918
4029
234
3854
1326
1034
356
2808
4010
37
4024
114
3650
3709
608
3984
215
3230
4015
1145
4035
3451
875
358
4008
3031
1581
1119
18
3853
2596
11
292
3856
550
1560
4022
2079
668
585
43
624
335
883
2569
1834
1466
209
3071
2195
602
2842
2470
692
674
891
3935
613
287
447
210
1386
1206
2269
3820
607
3748
1096
3570
801
3798
4001
4012
3987
3846
256
233
33
3746
42
282
581
642
244
3268
3407
4028
90
4036
4034
145
377
4032
3983
401
4006
1224
47
286
744
241
267
255
183
3885
775
3589
2814
1276
749
205
3879
3807
2857
859
1854
1395
70
316
35
3688
138
305
3282
750
3959
3942
3704
1967
648
2382
3134
2541
3732
3006
3125
3408
2788
154
52
2740
1755
841
379
1558
1430
1270
2704
153
699
160
3922
1262
1176
860
3875
3808
216
1233
1394
1690
179
1065
279
468
443
2792
2691
4005
3037
383
3992
3991
2595
4016
4033
4007
3801
1586
904
386
3990
2483
81
4025
1046
301
182
3999
155
1208
3996
253
247
157
3575
411
3699
1760
1693
1627
743
1027
3560
1253
1071
656
4011
2722
228
854
454
3955
3928
207
4037
3816
2975
2178
321
240
97
2168
1546
3717
3744
3733
660
3691
2998
448
4013
4003
3597
112
61
3993
3985
3375
2380
1252
3989
1362
1353
667
336
71
4018
3988
4038
4031
4030
4027
4026
4023
4021
4020
4019
4017
4014
4009
4004
4002
4000
3998
3997
3995
3994
3986
3982
3981
3980
757
293
164
3811
3582
2714
2481
76
3413
2442
2952
49
2798
294
3689
3467
499
571
785
2860
899
191
2527
1194
2922
594
1105
406
124
3003
1002
174
3939
1996
717
192
125
2106
893
201
1937
206
120
3954
3619
884
832
190
3781
3765
2204
1651
868
865
572
3121
2971
2963
1713
1031
327
289
220
3952
3910
3588
2855
1510
855
851
788
673
307
288
270
262
3978
3965
3865
3673
2838
945
894
166
3686
1383
996
864
790
652
384
3653
3565
3537
2565
2441
1200
877
202
3882
1762
3953
2885
1856
1797
671
552
3897
530
467
453
193
3946
3494
1969
1711
852
3444
3271
3143
1022
858
3925
3787
2167
2015
1476
1474
351
3844
3678
2692
1442
1264
283
110
3890
3694
3606
3544
2634
1346
472
349
3676
3290
2431
1607
1038
802
704
464
152
27
3227
2817
2505
2219
1777
1776
1657
1486
1354
1147
866
691
235
77
46
3887
3805
3742
3727
3489
3429
2980
2824
2736
2721
2422
2375
1890
1455
1168
1157
1057
910
887
873
735
371
102
34
3963
3849
3839
3447
3310
3305
3270
3091
3059
3055
3044
2776
2767
2671
2517
2437
2230
1924
1664
1579
1417
1254
929
