0
3570
52
2569
550
287
210
608
1430
3650
875
3071
11
668
4015
2596
4032
4005
3982
4009
164
2483
2441
1956
2238
2402
2113
2321
2219
2405
2091
2577
2207
2016
2624
2532
2353
2307
2587
2251
2657
2585
2284
2097
4038
4037
4036
4035
4034
4033
4031
4030
4029
4028
4027
4026
4025
4024
4023
4022
4021
4020
4019
4018
4017
4016
4014
4013
4012
4010
4008
4007
4006
4004
4003
4002
4001
4000
3999
3998
3997
3996
3995
3994
3993
3992
3991
3990
3988
3986
3985
3984
3983
3981
2536
2346
2602
2485
2356
2261
2154
2083
2077
2074
1984
1953
2228
2391
2069
2291
1961
2252
2335
2231
2214
2107
2085
2036
2322
2296
2186
2287
2409
2147
2086
2519
2627
2620
2479
2396
2221
1981
1970
2537
2345
1923
2615
2564
2561
2539
2489
2482
2429
2381
2354
2280
2253
2233
2208
2188
2142
2104
2088
2021
2372
2161
2496
2351
2125
467
498
351
63
70
166
218
205
78
145
202
4
2640
2571
1939
1926
262
8
27
23
337
338
247
302
101
94
57
251
40
13
331
261
118
214
144
272
232
176
113
66
26
147
180
156
228
333
149
126
88
2660
2659
2658
2656
2655
2654
2652
2651
2650
2648
2647
2646
2645
2644
2641
2639
2638
2637
2636
2635
2634
2633
2632
2631
2630
2628
2626
2625
2623
2622
2621
2619
2618
2614
2613
2612
2611
2610
2607
2606
2604
2603
2601
2600
2599
2595
2594
2593
2591
2590
2586
2584
2583
2581
2580
2579
2578
2576
2575
2574
2573
2572
2570
2568
2566
2565
2563
2562
2560
2559
2558
2557
2556
2554
2553
2552
2551
2550
2549
2548
2546
2545
2542
2541
2540
2538
2535
2534
2531
2530
2528
2527
2526
2525
2524
2523
2522
2521
2520
2518
2517
2515
2514
2513
2507
2506
2505
2504
2503
2501
2500
2499
2497
2495
2494
2493
2492
2490
2488
2487
2486
2484
2481
2480
2478
2477
2476
2474
2473
2470
2469
2468
2467
2466
2464
2462
2460
2459
2456
2455
2454
2453
2452
2450
2449
2448
2447
2446
2444
2443
2442
2440
2439
2438
2437
2435
2434
2433
2432
2431
2430
2428
2427
2426
2425
2424
2423
2422
2421
2418
2417
2416
2415
2414
2412
2411
2410
2408
2407
2406
2404
2403
2401
2400
2398
2397
2395
2393
2392
2390
2388
2387
2386
2383
2382
2380
2379
2378
2376
2375
2374
2373
2371
2370
2369
2367
2366
2365
2364
2363
2362
2361
2360
2359
2358
2357
2352
2350
2349
2348
2342
2341
2340
2339
2337
2334
2331
2330
2329
2326
2324
2323
2320
2318
2317
2316
2314
2313
2312
2311
2310
2309
2308
2306
2305
2304
2303
2301
2300
2299
2297
2290
2288
2286
2281
2278
2277
2276
2275
2274
2272
2271
2270
2268
2266
2265
2263
2262
2260
2259
2258
2257
2256
2255
2249
2248
2245
2244
2243
2242
2240
2237
2236
2235
2234
2232
2230
2229
2227
2226
2225
2222
2220
2218
2217
2216
2213
2212
2211
2210
2209
2206
2205
2204
2202
2201
2200
2197
2195
2193
2192
2190
2184
2182
2181
2179
2178
2177
2175
2173
2172
2171
2170
2168
2167
2166
2165
2164
2163
2162
2160
2159
2158
2157
2156
2155
2152
2150
2146
2145
2141
2140
2139
2138
2137
2136
2131
2130
2129
2126
2124
2123
2122
2121
2120
2119
2118
2116
2115
2114
2112
2110
2109
2108
2106
2105
2103
2100
2099
2098
2096
2095
2094
2093
2092
2090
2089
2084
2082
2080
2079
2078
2076
2075
2073
2070
2067
2066
2065
2064
2063
2062
2061
2060
2059
2058
2057
2056
2055
2051
2050
2049
2048
2046
2045
2044
2043
2041
2040
2037
2035
2034
2033
2030
2029
2027
2025
2024
2023
2022
2020
2019
2018
2017
2015
2014
2013
2012
2011
2009
2008
2006
2005
2004
2001
2000
1999
1998
1997
1996
1995
1993
1992
1991
1990
1989
1988
1987
1986
1985
1983
1982
1980
1979
1978
1977
1976
1975
1974
1973
1972
1971
1969
1968
1966
1965
1964
1963
1962
1960
1958
1957
1952
1951
1950
1949
1946
1944
1943
1942
1938
1937
1936
1935
1934
1933
1931
1930
1929
1928
1927
1925
1924
1922
1921
1919
1918
1917
1915
1914
3989
3980
552
581
621
665
681
632
582
577
576
589
530
579
619
382
372
3143
3216
2860
3368
3063
3372
2732
3358
3155
3235
3203
3208
3317
2922
2691
3045
3147
3074
2736
3340
3124
3148
3405
2892
3378
3402
3369
3167
2955
3403
3187
2747
3223
3357
3285
2723
3095
2769
2982
2699
2670
3246
2696
2928
3275
2882
3013
3219
3217
3345
3081
3394
3295
3018
3046
2953
2756
3375
2960
2765
3436
3298
2823
2797
2701
3301
3237
2913
2867
3279
3215
3050
3364
3232
3040
2675
3195
3098
2967
2916
2872
2862
2815
2773
3426
3084
2738
3027
3397
3350
3296
3140
3049
2875
2780
2708
2642
2616
2529
2508
2436
2399
2325
2292
2267
2254
2246
2185
2169
2153
2148
2031
2003
1955
1940
1932
1916
3319
2999
2938
2653
2649
2643
2629
2617
2609
2608
2605
2598
2597
2592
2589
2588
2582
2567
2555
2547
2544
2543
2533
2516
2512
2511
2510
2509
2502
2498
2491
2475
2472
2471
2465
2463
2461
2458
2451
2445
2420
2419
2413
2394
2389
2385
2384
2377
2368
2355
2347
2344
2343
2338
2336
2333
2332
2328
2327
2319
2315
2302
2298
2295
2294
2293
2289
2285
2283
2282
2279
2273
2264
2250
2247
2241
2239
2224
2223
2215
2203
2199
2198
2196
2194
2191
2189
2187
2183
2180
2176
2174
2151
2149
2144
2143
2135
2134
2133
2132
2128
2127
2117
2111
2102
2101
2087
2081
2072
2071
2068
2054
2053
2052
2047
2042
2039
2038
2032
2028
2026
2010
2007
2002
1994
1959
1954
1948
1947
1945
1941
1920
1913
3062
3020
2964
2734
3289
3100
1157
1362
1887
1151
1836
1785
940
937
996
1342
1266
1489
1884
1501
1465
1592
1021
1355
1587
1862
1423
1821
1667
1005
1789
1715
1403
1539
1169
1764
1295
1833
1843
1594
1810
1304
1909
921
1299
1275
1167
1559
1524
1285
1040
999
946
1247
1453
1366
910
1197
1043
1030
1572
1375
1224
1628
1596
1379
1298
1257
1158
1036
896
1880
1493
1333
1232
992
1316
1470
1449
1083
1459
1231
1060
1052
915
1967
534
459
1540
1528
1444
1416
1217
1010
457
1801
572
571
568
564
562
554
541
532
522
509
501
499
485
478
477
476
474
472
470
468
466
464
454
453
449
448
447
443
441
437
433
429
411
401
399
393
386
384
380
379
377
364
358
356
349
150
2885
2814
347
346
345
344
343
342
341
340
339
336
335
334
332
330
329
328
327
326
325
324
323
322
321
320
319
318
317
316
315
314
313
312
311
310
309
308
307
306
305
304
303
301
300
299
298
297
296
295
294
293
292
291
290
289
288
286
285
284
283
282
281
280
279
278
277
276
275
274
273
271
270
269
268
267
266
265
264
263
260
259
258
257
256
255
254
253
252
250
249
248
246
245
244
243
242
241
240
239
238
237
236
235
233
231
230
229
227
226
225
224
223
222
221
220
219
217
216
215
213
212
211
209
208
207
206
204
203
201
200
199
198
197
196
195
194
193
192
191
190
189
188
187
186
185
184
183
182
181
179
178
177
175
174
173
172
170
169
168
167
165
163
162
161
160
159
158
157
155
154
153
152
151
148
146
143
142
141
140
139
138
137
136
135
134
133
132
131
130
129
128
127
125
124
123
122
121
120
119
117
116
115
114
112
111
110
109
108
106
105
104
103
102
100
99
98
97
96
95
93
92
91
90
89
87
86
85
84
83
82
81
80
79
77
76
75
74
73
72
71
69
68
67
65
64
62
61
60
59
56
55
54
53
51
50
49
48
47
46
45
44
43
41
39
38
37
36
35
33
32
31
30
29
28
25
24
22
21
20
19
18
17
16
15
14
10
9
7
6
5
3
2
1
3807
1223
586
371
407
435
1882
1870
1820
1783
1611
1492
1464
1455
1324
1245
1066
1020
1122
521
489
403
426
535
385
375
1912
1408
667
594
405
551
518
516
505
486
440
424
381
369
357
350
685
684
682
679
677
675
674
672
671
670
664
663
662
661
660
659
658
657
656
655
654
653
650
647
644
643
642
640
639
638
636
635
633
631
628
627
626
625
624
623
622
618
617
616
615
613
612
611
607
605
603
602
600
599
598
597
596
595
593
592
588
585
584
583
578
575
573
480
427
34
609
549
547
533
529
528
494
455
352
543
508
539
678
630
620
574
536
479
425
398
512
490
445
404
406
383
1313
676
673
652
570
557
531
519
511
488
481
410
396
361
359
354
614
569
556
545
510
504
418
368
680
669
634
587
546
502
496
491
473
450
436
434
421
390
367
355
683
666
645
548
515
507
506
469
458
452
439
432
423
413
397
378
565
558
555
523
495
463
444
442
438
422
415
365
362
1694
1692
1673
1514
1475
1080
637
560
544
540
514
500
493
487
482
462
460
446
431
430
409
408
394
3435
3434
3433
3432
3431
3430
3429
3428
3427
3425
3424
3423
3422
3421
3420
3419
3418
3417
3416
3415
3414
3413
3412
3411
3410
3409
3408
3407
3406
3404
3401
3400
3399
3398
3396
3395
3393
3392
3391
3390
3389
3388
3387
3386
3385
3384
3383
3382
3381
3380
3379
3377
3376
3374
3373
3371
3370
3367
3366
3365
3363
3362
3361
3360
3359
3356
3355
3354
3353
3352
3351
3349
3348
3347
3346
3344
3343
3342
3341
3339
3338
3337
3336
3335
3334
3333
3332
3331
3330
3329
3328
3327
3326
3325
3324
3323
3322
3321
3320
3318
3316
3315
3314
3313
3312
3311
3310
3309
3308
3307
3306
3305
3304
3303
3302
3300
3299
3297
3294
3293
3292
3291
3290
3288
3287
3286
3284
3283
3282
3281
3280
3278
3277
3276
3274
3273
3272
3271
3270
3269
3268
3267
3266
3265
3264
3263
3262
3261
3260
3259
3258
3257
3256
3255
3254
3253
3252
3251
3250
3249
3248
3247
3245
3244
3243
3242
3241
3240
3239
3238
3236
3234
3233
3231
3230
3229
3228
3227
3226
3225
3224
3222
3221
3220
3218
3214
3213
3212
3211
3210
3209
3207
3206
3205
3204
3202
3201
3200
3199
3198
3197
3196
3194
3193
3192
3191
3190
3189
3188
3186
3185
3184
3183
3182
3181
3180
3179
3178
3177
3176
3175
3174
3173
3172
3171
3170
3169
3168
3166
3165
3164
3163
3162
3161
3160
3159
3158
3157
3156
3154
3153
3152
3151
3150
3149
3146
3145
3144
3142
3141
3139
3138
3137
3136
3135
3134
3133
3132
3131
3130
3129
3128
3127
3126
3125
3123
3122
3121
3120
3119
3118
3117
3116
3115
3114
3113
3112
3111
3110
3109
3108
3107
3106
3105
3104
3103
3102
3101
3099
3097
3096
3094
3093
3092
3091
3090
3089
3088
3087
3086
3085
3083
3082
3080
3079
3078
3077
3076
3075
3073
3072
3070
3069
3068
3067
3066
3065
3064
3061
3060
3059
3058
3057
3056
3055
3054
3053
3052
3051
3048
3047
3044
3043
3042
3041
3039
3038
3037
3036
3035
3034
3033
3032
3031
3030
3029
3028
3026
3025
3024
3023
3022
3021
3019
3017
3016
3015
3014
3012
3011
3010
3009
3008
3007
3006
3005
3004
3003
3002
3001
3000
2998
2997
2996
2995
2994
2993
2992
2991
2990
2989
2988
2987
2986
2985
2984
2983
2981
2980
2979
2978
2977
2976
2975
2974
2973
2972
2971
2970
2969
2968
2966
2965
2963
2962
2961
2959
2958
2957
2956
2954
2952
2951
2950
2949
2948
2947
2946
2945
2944
2943
2942
2941
2940
2939
2937
2936
2935
2934
2933
2932
2931
2930
2929
2927
2926
2925
2924
2923
2921
2920
2919
2918
2917
2915
2914
2912
2911
2910
2909
2908
2907
2906
2905
2904
2903
2902
2901
2900
2899
2898
2897
2896
2895
2894
2893
2891
2890
2889
2888
2887
2886
2884
2883
2881
2880
2879
2878
2877
2876
2874
2873
2871
2870
2869
2868
2866
2865
2864
2863
2861
2859
2858
2857
2856
2855
2854
2853
2852
2851
2850
2849
2848
2847
2846
2845
2844
2843
2841
2840
2839
2838
2837
2836
2835
2834
2833
2832
2831
2830
2829
2828
2827
2826
2825
2824
2822
2821
2820
2819
2818
2817
2816
2813
2812
2811
2810
2809
2808
2807
2806
2805
2804
2803
2802
2801
2800
2799
2798
2796
2795
2794
2793
2792
2791
2790
2789
2788
2787
2786
2785
2784
2783
2782
2781
2779
2778
2777
2776
2775
2774
2772
2771
2770
2768
2767
2766
2764
2763
2762
2761
2760
2759
2758
2757
2755
2754
2753
2752
2751
2750
2749
2748
2746
2745
2744
2743
2742
2741
2740
2739
2737
2735
2733
2731
2730
2729
2728
2727
2726
2725
2724
2722
2721
2720
2719
2718
2717
2716
2715
2714
2713
2712
2711
2710
2709
2707
2706
2705
2704
2703
2702
2700
2698
2697
2695
2694
2693
2692
2690
2689
2688
2687
2686
2685
2684
2683
2682
2681
2680
2679
2678
2677
2676
2674
2673
2672
2671
2669
2668
2667
2666
2665
2664
2663
2662
2661
750
841
808
742
771
1482
1348
1226
1189
1697
1440
1346
1813
1796
1795
1782
1746
1707
1669
1659
1621
1612
1589
1580
1563
1523
1330
1237
1124
1076
1048
1026
925
1678
1045
1050
1049
1073
1838
1561
1384
1283
908
1251
1911
1910
1908
1907
1906
1905
1904
1903
1902
1901
1900
1899
1898
1897
1896
1895
1894
1893
1892
1891
1890
1889
1888
1886
1885
1883
1881
1879
1878
1877
1876
1875
1874
1873
1872
1871
1869
1868
1867
1865
1864
1863
1861
1860
1859
1858
1857
1856
1855
1854
1853
1852
1851
1850
1849
1848
1846
1845
1844
1842
1841
1840
1839
1837
1835
1834
1832
1831
1830
1829
1828
1827
1826
1824
1823
1822
1819
1818
1817
1816
1815
1814
1812
1811
1809
1808
1807
1805
1804
1802
1800
1799
1798
1797
1794
1793
1792
1791
1790
1788
1787
1786
1784
1781
1780
1779
1778
1777
1776
1775
1774
1773
1772
1771
1770
1769
1768
1767
1766
1765
1763
1762
1761
1760
1759
1758
1757
1756
1755
1754
1753
1752
1751
1750
1749
1748
1747
1745
1744
1743
1742
1741
1740
1739
1738
1737
1736
1735
