0
3935
4022
468
358
42
607
585
3031
2842
43
11
1581
1176
2168
674
33
796
855
732
821
740
894
879
895
812
723
849
770
790
799
762
752
733
847
780
766
746
731
696
890
769
835
820
817
739
854
853
852
851
850
848
846
845
844
843
842
841
839
838
837
836
834
833
832
831
830
829
827
826
824
822
818
816
815
814
813
809
808
807
806
803
802
801
800
798
797
795
794
793
792
791
789
788
787
786
785
784
783
782
781
779
778
777
775
773
772
771
768
767
765
764
763
761
760
759
758
757
756
755
754
751
750
749
748
744
743
742
741
738
737
736
735
734
730
728
727
726
725
724
722
721
720
718
717
716
715
714
712
711
710
709
707
706
705
704
702
701
700
699
697
695
694
693
692
691
690
689
688
687
3537
3885
3749
3539
3616
3732
3745
3973
3620
3874
3628
3595
3473
3445
3441
3815
3708
3952
3803
3631
3785
3766
3664
3843
3583
3584
3676
3665
3870
3524
3581
3825
3622
3535
3579
3714
3555
3602
3758
3534
3810
3793
3792
3775
3673
3624
3915
3752
3593
3466
3464
3936
3850
3791
3773
3698
3678
3636
3615
3608
893
892
891
889
888
887
886
885
884
883
882
881
880
878
877
876
875
874
873
872
871
870
869
867
866
864
863
861
859
858
856
840
828
825
823
819
811
810
805
804
776
774
753
747
745
729
719
713
708
703
686
3999
3993
4014
3986
4019
3849
3733
3530
379
32
190
3455
3838
3817
3832
3813
3744
3703
3613
3594
3565
3689
3702
3563
3522
3504
3858
3578
3611
3780
3737
3573
3841
3944
3930
3824
3618
3449
3448
3600
3979
3978
3977
3976
3975
3974
3972
3971
3970
3969
3968
3967
3966
3965
3964
3963
3960
3959
3958
3957
3956
3955
3954
3953
3951
3950
3949
3947
3946
3945
3942
3941
3940
3939
3938
3937
3934
3933
3932
3931
3929
3928
3927
3926
3925
3924
3923
3922
3921
3920
3919
3918
3917
3916
3914
3913
3912
3911
3910
3909
3908
3907
3906
3905
3904
3903
3902
3901
3900
3899
3898
3897
3896
3895
3894
3893
3892
3891
3890
3889
3888
3887
3884
3883
3882
3881
3880
3879
3878
3876
3875
3873
3871
3869
3868
3867
3866
3865
3864
3863
3862
3860
3859
3857
3855
3854
3853
3852
3848
3847
3846
3845
3844
3842
3840
3839
3837
3836
3835
3834
3833
3831
3829
3828
3827
3826
3823
3822
3821
3820
3819
3818
3816
3814
3812
3811
3809
3807
3806
3805
3804
3802
3801
3800
3799
3796
3795
3794
3790
3789
3788
3787
3786
3784
3783
3782
3781
3778
3777
3776
3774
3772
3771
3770
3769
3768
3767
3765
3764
3763
3762
3761
3760
3759
3757
3755
3754
3753
3751
3748
3747
3746
3743
3742
3741
3740
3739
3738
3736
3735
3734
3731
3730
3729
3728
3727
3726
3725
3724
3722
3720
3719
3718
3717
3716
3715
3713
3712
3711
3710
3707
3706
3705
3704
3701
3700
3699
3697
3696
3695
3694
3693
3691
3690
3688
3687
3686
3685
3683
3682
3681
3680
3679
3675
3674
3672
3671
3670
3669
3668
3667
3666
3663
3662
3661
3660
3659
3658
3657
3656
3655
3654
3653
3652
3650
3649
3648
3647
3646
3645
3644
3643
3642
3641
3640
3639
3638
3637
3635
3634
3632
3630
3629
3627
3626
3625
3623
3619
3617
3614
3612
3610
3607
3606
3605
3604
3603
3601
3599
3598
3597
3596
3591
3590
3589
3588
3587
3585
3582
3580
3576
3575
3574
3572
3571
3570
3569
3568
3567
3566
3564
3562
3561
3560
3559
3558
3557
3554
3553
3552
3551
3549
3548
3547
3546
3545
3544
3543
3542
3541
3538
3536
3533
3532
3531
3529
3528
3527
3526
3523
3521
3520
3519
3518
3516
3515
3514
3513
3512
3511
3510
3509
3508
3507
3506
3505
3503
3502
3500
3499
3498
3497
3496
3494
3493
3492
3491
3490
3489
3488
3486
3485
3484
3483
3482
3481
3480
3479
3478
3477
3476
3475
3474
3472
3471
3470
3469
3468
3467
3465
3463
3462
3461
3460
3459
3458
3457
3454
3453
3452
3451
3450
3447
3446
3444
3443
3442
3439
3438
3797
3779
3621
3586
3517
3456
868
865
857
698
1252
1755
4002
4038
4037
4036
4035
4034
4033
4032
4030
4029
4028
4027
4026
4025
4024
4023
4021
4020
4018
4017
4016
4015
4013
4012
4010
4009
4008
4007
4006
4005
4004
4003
4001
4000
3998
3997
3996
3995
3994
3992
3991
3990
3988
3987
3985
3983
3982
3981
572
499
467
552
384
577
615
599
681
675
640
583
349
672
631
466
530
685
633
3961
3861
3723
3487
568
562
550
533
532
522
454
453
443
429
411
406
401
386
377
356
351
3127
2774
2895
2767
2952
2855
3322
2802
3216
2776
2898
3074
3333
3030
3354
3218
3122
3203
3425
2858
2918
3160
2808
3272
3372
3367
3371
3241
3176
2942
2700
2928
3052
3328
3212
3405
3400
2953
2854
2794
3068
3433
3257
3243
2756
2741
3420
3327
3189
2684
2889
2699
3390
3237
3065
2943
2874
3357
3093
2772
2702
3313
3364
3250
3232
2993
2915
2909
2689
3387
3363
3339
3142
3040
3033
3022
2986
2969
2967
2929
2910
2755
2750
2694
3428
3139
3137
3104
2978
2731
2710
3177
2804
3146
286
167
243
564
501
476
441
399
393
364
321
151
131
139
229
137
279
93
163
327
225
96
346
24
23
29
320
309
237
83
17
41
193
316
187
333
3298
3157
2894
3117
3063
3012
2935
2856
3343
3396
3378
3330
3152
3365
3192
3187
2955
2934
2819
2783
2730
3259
3107
2847
2665
3403
3391
3366
3265
3240
3224
3198
3089
2991
2796
2780
2770
2753
2674
3397
3310
3069
3001
2724
1546
1510
2999
3409
3410
3034
2813
1887
1353
1498
1599
1579
996
1463
3962
3948
3943
3886
3877
3872
3851
3830
3756
3750
3721
3692
3684
3677
3651
3633
3609
3592
3577
3556
3550
3540
3525
3501
3495
3440
3437
1803
862
1094
1896
1890
1350
1401
1229
1556
1504
1651
1784
1840
1499
1403
956
1874
1748
1640
1134
1000
1667
1089
1715
1432
1315
1292
896
941
1081
1342
1704
1649
1705
1824
1661
1531
1309
1245
1241
1221
1159
1057
984
944
1497
1068
1030
1347
1227
1158
1733
958
1848
1786
1108
969
1464
1448
1423
1067
1859
1680
1215
1022
509
486
380
1008
959
1370
1130
955
1384
1283
1254
1816
1761
1562
1480
1721
1538
1753
1272
1164
934
920
1746
1597
1293
1207
1184
1069
999
1906
1355
1275
1258
1807
1575
1681
1453
1660
1602
1526
1231
664
626
1766
1671
4031
4011
3989
3980
1136
1070
554
485
459
457
433
407
369
1710
1110
1870
474
396
382
435
1604
437
410
535
448
371
557
470
403
449
372
571
569
521
472
541
464
534
477
385
551
518
516
505
469
424
381
357
350
684
682
679
677
671
670
665
663
662
661
660
659
658
657
656
655
654
653
650
649
648
647
644
643
642
639
636
635
632
628
627
625
624
623
622
621
619
618
617
616
613
612
611
608
605
603
600
598
597
595
592
590
589
588
584
582
579
578
576
575
573
480
593
549
529
504
481
455
398
478
418
494
445
440
375
352
397
678
630
620
574
536
488
422
537
383
1095
676
673
652
610
587
586
547
531
519
490
489
442
426
361
359
354
680
634
556
546
528
502
498
491
473
450
421
390
367
355
666
646
645
565
527
458
439
436
416
413
1658
1400
1001
539
400
394
378
374
368
558
555
553
548
544
543
510
495
415
388
365
362
1878
1677
1616
1512
1358
1237
976
567
560
540
520
513
503
496
493
487
483
471
462
446
409
363
348
301
260
250
126
1
85
325
196
161
45
341
313
272
271
188
185
172
223
170
123
291
3436
3435
3434
3432
3431
3430
3429
3427
3426
3424
3423
3422
3421
3419
3418
3417
3416
3415
3414
3413
3412
3411
3408
3407
3406
3404
3402
3401
3399
3398
3395
3394
3393
3392
3389
3388
3386
3384
3383
3382
3381
3380
3379
3377
3376
3375
3374
3373
3370
3369
3368
3362
3360
3359
3358
3356
3355
3353
3352
3351
3350
3349
3348
3347
3346
3345
3344
3342
3341
3340
3338
3337
3336
3335
3334
3332
3331
3329
3326
3325
3324
3323
3321
3320
3319
3318
3317
3316
3315
3314
3312
3311
3309
3308
3307
3306
3305
3304
3303
3302
3301
3300
3299
3297
3296
3295
3294
3293
3292
3291
3288
3287
3286
3285
3284
3283
3282
3281
3280
3279
3277
3276
3275
3274
3273
3271
3270
3269
3268
3267
3266
3264
3262
3261
3260
3256
3255
3254
3253
3252
3251
3249
3248
3247
3246
3244
3242
3239
3238
3236
3235
3234
3233
3231
3230
3229
3228
3227
3226
3225
3223
3221
3220
3219
3217
3215
3214
3213
3211
3210
3209
3208
3207
3206
3205
3204
3202
3201
3200
3199
3197
3196
3195
3194
3193
3191
3190
3188
3186
3185
3184
3183
3182
3181
3180
3179
3178
3175
3174
3173
3172
3171
3170
3169
3168
3167
3166
3165
3164
3163
3162
3161
3159
3158
3156
3155
3154
3153
3151
3150
3149
3148
3147
3145
3144
3143
3141
3140
3138
3136
3135
3134
3133
3132
3131
3130
3129
3128
3126
3125
3124
3123
3121
3120
3119
3118
3116
3115
3114
3113
3112
3110
3109
3108
3106
3105
3103
3102
3100
3099
3098
3097
3096
3095
3094
3092
3091
3090
3088
3087
3086
3085
3084
3083
3082
3081
3080
3079
3078
3077
3076
3075
3073
3072
3071
3070
3067
3066
3064
3062
3061
3060
3059
3058
3057
3056
3055
3054
3053
3051
3050
3049
3048
3047
3046
3045
3044
3043
3042
3041
3039
3038
3037
3036
3035
3032
3029
3028
3027
3026
3025
3024
3023
3021
3019
3018
3017
3016
3015
3014
3013
3011
3010
3009
3008
3007
3006
3005
3004
3002
3000
2998
2997
2996
2995
2994
2992
2990
2989
2988
2987
2985
2984
2983
2982
2981
2980
2979
2977
2976
2975
2974
2973
2972
2971
2970
2966
2965
2964
2963
2962
2961
2960
2959
2958
2957
2956
2954
2951
2950
2949
2948
2947
2946
2945
2944
2941
2940
2939
2938
2937
2936
2933
2932
2931
2930
2927
2926
2925
2924
2923
2922
2921
2920
2919
2917
2916
2914
2913
2912
2911
2908
2907
2906
2905
2904
2903
2902
2901
2900
2899
2897
2896
2893
2892
2891
2890
2888
2887
2886
2884
2882
2881
2880
2879
2878
2877
2876
2875
2873
2872
2871
2870
2868
2867
2866
2865
2864
2863
2862
2861
2860
2859
2853
2852
2851
2850
2849
2848
2846
2845
2844
2843
2841
2840
2839
2837
2836
2835
2834
2833
2832
2831
2830
2829
2828
2827
2825
2824
2823
2821
2820
2818
2817
2816
2815
2814
2812
2811
2810
2809
2807
2806
2805
2803
2801
2800
2799
2798
2797
2795
2793
2792
2791
2790
2789
2788
2787
2786
2785
2784
2782
2781
2779
2778
2777
2775
2773
2771
2769
2768
2766
2765
2763
2762
2761
2760
2759
2758
2757
2754
2752
2751
2749
2748
2747
2746
2745
2744
2743
2742
2739
2738
2737
2736
2735
2734
2733
2732
2729
2728
2727
2726
2725
2723
2722
2721
2720
2719
2718
2717
2716
2715
2714
2713
2712
2711
2709
2708
2706
2705
2704
2703
2701
2698
2697
2696
2695
2692
2691
2690
2688
2687
2686
2685
2683
2682
2681
2680
2679
2678
2677
2676
2675
2673
2672
2671
2670
2669
2668
2667
2666
2664
2663
2662
2661
1758
860
81
2740
347
345
344
343
342
340
338
337
336
334
332
331
330
329
328
326
323
319
318
317
314
312
311
310
307
306
305
303
302
300
299
298
297
296
295
294
293
292
290
289
288
284
283
282
281
280
278
277
276
275
274
273
270
268
267
266
265
264
263
262
261
259
258
257
256
254
253
252
251
249
248
247
246
245
244
242
240
239
238
236
235
234
233
232
231
230
228
227
226
224
222
221
220
219
