1912
107
2206
1888
1684
1431
2072
3437
2482
1584
1707
0
2906
2333
348
2279
925
2511
3397
1104
3363
2944
1345
1736
2289
353
2748
953
2125
713
412
366
3355
1376
3347
828
1179
1255
3344
2419
1871
3033
1277
3280
2890
604
525
3434
2757
1322
2839
3291
500
1557
277
1238
1964
3933
1786
1282
2873
119
1798
515
697
2351
978
3255
559
2738
2588
1338
3108
136
3162
2322
2992
600
3902
2585
3793
941
335
419
3860
2768
2640
2116
1744
2148
1258
1259
483
1306
1070
2914
2555
4003
1659
3018
2972
2841
814
2228
3051
966
2189
1664
885
414
1729
3232
3938
1462
2661
1181
1774
239
3385
2880
914
1787
2429
2749
2835
1820
1932
630
3633
2763
3956
3419
1503
2881
3406
718
26
2328
2508
1472
236
3914
1529
3889
1113
3837
686
1294
2018
3107
3623
3863
3766
503
764
3556
1275
1980
3554
3948
3830
1783
1533
1451
3084
2658
899
1839
1868
475
3398
2887
591
4018
3550
186
3100
56
1543
465
2447
663
3170
1989
1116
3127
2945
679
3913
983
714
3579
3515
3684
3350
2192
3179
1124
2827
564
1751
3420
665
3680
3342
1567
2096
2203
670
1541
1903
1117
2739
3705
1884
1138
1524
3868
3571
3365
1776
1085
684
653
3118
2221
175
354
3964
3208
3075
1807
3806
3892
1538
924
659
1220
2475
3014
2901
1601
3499
2049
3150
1392
830
2652
3943
3413
1935
2552
3372
2028
3760
676
1413
563
1616
21
242
334
67
1404
3667
3327
1236
2161
926
98
3819
554
3526
1504
1194
2126
2501
2025
1890
3829
3509
1788
1550
2740
1447
7
3551
2934
3328
3885
191
2412
1089
945
756
728
2341
2223
1418
345
350
1606
387
815
2524
2987
550
3085
743
1634
3012
962
3017
74
1502
498
1555
3415
2798
1467
1075
3888
3785
2731
3921
2696
1466
1176
3987
2314
3809
3682
2319
2938
3341
3223
3493
3479
3968
1656
3226
3293
3078
693
620
137
700
1811
731
2936
2823
3545
3618
3971
2262
3253
2759
1297
219
2431
3578
2024
2610
2726
1001
1316
866
1325
113
3582
1476
2260
1701
2817
362
2401
2747
3992
491
1463
3619
2968
1473
3927
2569
401
3374
227
3020
3462
1210
976
2358
1427
1586
2230
742
3592
1834
3047
1549
3677
1881
837
3064
3279
3951
2702
2400
3275
3553
3925
1547
103
3451
3129
1992
1399
887
2254
1490
2808
2846
3946
2907
314
1240
1792
3698
1197
3825
2085
2222
27
1866
1500
3599
2418
172
2034
2169
3937
3313
1506
3466
4024
1195
101
796
982
818
469
471
41
656
2752
1575
3954
1611
3299
1319
3315
295
1648
3269
306
2793
1050
433
1933
1594
950
2427
2714
1227
1371
954
1330
1887
55
1676
2258
329
2685
2439
1430
72
2634
654
3881
97
300
2931
593
1278
3940
3543
854
644
3993
2888
1064
63
3141
2954
424
3866
222
3289
3622
243
389
3490
1840
3483
1806
3608
2784
3155
3833
356
3444
393
1321
3929
2245
2943
17
2897
3168
518
1180
884
785
1149
1644
4027
833
3105
1680
432
1998
484
2249
721
1693
50
809
2734
1817
2672
2193
2850
3696
2811
3753
3714
842
3284
2297
3962
3392
908
3745
1878
860
3917
1464
2878
296
994
2792
347
1324
1995
2416
3707
923
3292
582
823
734
215
1920
3980
2637
3959
328
1552
3899
2883
3164
173
3176
3425
2857
1963
2693
2529
183
3245
2933
416
1513
2514
1822
1829
1511
2456
3133
1284
4030
3700
1386
2280
2293
2711
3382
1461
2214
2570
3890
1154
947
3369
1013
1897
2365
504
38
555
159
1106
2455
1071
1276
763
672
31
3531
4002
1214
3616
1087
1592
1732
3516
3701
3752
3761
3496
252
3130
68
2368
1415
3895
3283
3560
1387
2673
3634
1202
456
3189
3326
2225
3977
3199
2882
223
3678
359
272
3967
338
121
2876
606
1528
3048
3134
2727
1678
1311
619
3513
270
2306
3533
2902
850
2147
474
499
1654
441
3983
3600
1655
293
2173
1775
2713
2957
3124
3128
2010
699
2255
576
632
1224
1825
3811
3687
3431
547
1931
142
741
804
2620
3087
1205
2264
1417
845
3222
2074
3086
2686
3935
957
1111
3583
1694
2851
3871
2337
2928
3146
3699
2864
3079
2174
561
669
288
1414
3746
1517
1128
798
1270
1046
1539
1053
2919
2925
2689
3063
3329
3214
3735
3468
82
2160
931
3995
4004
3484
882
3387
48
626
618
130
3638
1898
3074
3030
2962
2452
1232
1636
1484
717
1474
1419
2098
3301
3212
1226
108
120
1934
912
777
2239
702
1836
3402
556
2599
1492
3234
892
1290
2703
750
3308
689
92
3261
84
1915
3323
3794
3822
1711
18
688
1658
862
1037
3597
1010
1582
2815
3843
1248
3815
2530
1630
2848
367
2259
281
3580
134
1872
420
2301
1402
2270
2612
3788
812
2922
3465
1193
3445
133
260
2838
574
2417
1790
124
3058
2217
3480
3290
2540
111
2442
1875
3
784
2167
3520
324
3653
2248
1922
3494
110
3613
316
1726
2826
3193
61
4021
2961
151
1405
2976
3849
2519
3960
1023
1747
2453
247
3739
3748
3736
3820
3665
2774
287
3337
3216
135
2046
411
2499
3059
1778
1200
3244
52
2424
1168
904
237
1355
3907
2349
3140
594
408
472
2959
3235
3729
3411
1802
1016
979
841
1546
1213
3024
85
2707
3487
612
3804
3865
3194
2435
1112
1045
3209
735
1797
478
126
1019
1145
543
3614
3574
3473
989
1381
477
944
937
602
439
3376
327
1847
3046
3211
1650
1424
939
1645
2316
2771
1375
3182
3919
2786
1712
967
757
494
3399
3025
1942
3414
3389
738
790
1558
1241
807
2470
1928
3542
2413
1900
3905
2930
658
2175
1599
1164
3043
1222
470
342
451
311
3529
3630
2155
2177
3489
1579
3463
3972
3562
65
529
3999
336
155
458
2801
102
3467
2865
192
1808
2397
2474
611
3957
2003
4001
2450
2317
1698
2895
188
1208
990
403
3639
3666
34
1629
2144
16
1994
1661
834
840
879
787
213
703
201
3418
421
2016
572
1043
1174
1307
2622
2403
427
1422
2899
3975
2657
3430
205
3285
3552
3400
3603
794
149
858
2818
3122
3901
392
2988
2773
418
565
2766
1556
1870
586
546
929
375
1247
14
1233
118
3660
3325
3192
3688
2855
1965
1118
3732
1084
501
1520
2595
2621
3711
802
3787
3886
275
3359
3973
951
1428
3768
2830
609
3471
3497
3755
2869
2704
678
674
598
575
294
3844
2667
425
123
870
1830
39
3617
3891
1266
509
2650
749
3772
788
2596
1382
437
2983
3103
1031
3893
132
2195
323
3501
1063
1809
508
639
1273
125
37
585
2574
655
2373
832
2858
3850
3862
3876
3778
2362
70
4013
1695
2367
3598
3246
3187
3808
3879
199
3908
169
1514
1892
117
1309
1219
187
1507
867
182
3334
2235
93
3367
2376
2357
915
2733
3784
1217
3610
1508
321
3023
379
1501
2444
1883
2021
3138
1320
2152
696
1569
1959
2031
3769
3710
3847
3488
646
3029
3429
2534
3173
745
706
1002
1615
2236
2603
2099
1453
2758
1571
507
1618
2875
595
3628
1951
1936
3113
2913
3220
4008
1810
1155
1478
3544
3567
1148
73
3461
3635
3800
3449
664
77
3305
2859
2668
3203
2421
3644
3125
3077
1740
2978
3981
2079
3259
3874
1607
3088
4026
3621
1454
20
100
2051
2313
3741
3692
4005
179
1930
160
3697
1101
3576
388
415
1742
973
981
1940
3274
2443
2861
2565
1828
1984
1597
2614
3558
253
1127
80
204
3318
1535
3112
614
402
3312
961
3530
725
1955
1853
2551
1814
2393
2295
1873
1764
301
2205
1860
778
2721
1207
140
3944
267
2745
3565
1999
3183
3985
851
2577
2156
4035
1206
3316
3727
3934
2854
1996
3910
2795
3237
390
677
229
986
1716
905
1393
1363
1443
315
1532
873
933
3314
891
479
3581
405
964
480
2209
3872
855
1769
3855
965
3846
36
3206
2953
3257
918
3650
244
1067
3649
2113
189
1072
2503
2989
2722
3839
704
3538
1169
3031
2001
2866
868
2870
844
3922
3670
3918
2580
1356
3767
3354
3410
3668
3795
2350
318
30
2415
3178
3262
2466
3475
2457
910
1265
3271
3717
69
2718
1384
1038
3450
3818
1326
3393
1699
3095
2692
2548
1709
2545
1304
3955
2355
2472
3671
263
2965
285
3547
1150
1385
996
2340
2691
3268
1024
2531
291
753
2008
3006
197
1362
262
468
1102
533
2700
838
3773
1398
2517
3950
2935
1856
1960
943
2779
2678
194
1298
1395
3536
1626
3647
2666
1296
3069
381
181
2898
2963
442
3757
2298
2070
2017
1975
2589
709
449
708
1631
2772
615
675
681
3441
3681
1054
2141
3165
1753
2375
3709
846
279
2912
761
3807
217
3961
2932
44
3942
3812
1913
106
2659
3813
956
2725
1566
3042
3548
3591
3783
869
406
3706
692
76
1763
177
720
2044
1332
2061
936
1997
3589
3391
1682
3015
1171
1056
1317
1396
369
691
4031
716
4006
2635
1738
3763
540
3396
3532
2982
3148
4019
2027
2756
988
1373
3005
2522
1163
2844
2616
1006
373
3503
519
3540
3683
2162
2441
333
3045
105
3091
33
1187
2013
2822
3202
1315
3764
2924
1301
2996
2495
3013
1218
1123
1498
2609
3273
3737
3485
3477
502
2224
2480
2371
29
2002
198
1585
695
2082
1313
2834
3348
3514
3941
1869
3428
489
2562
2055
3109
1400
1672
2348
1602
1300
280
1260
4023
3590
1649
995
1252
297
2186
1518
1079
3704
3534
3878
3099
2849
250
3375
3527
3658
2998
235
617
298
977
3923
1411
476
2490
3409
1837
1186
312
2670
2810
1077
453
410
3080
2969
1760
3166
3664
895
2
485
