0
4022
3453
2596
2269
2195
585
1096
791
788
736
714
858
873
867
783
795
711
882
799
734
706
838
779
718
842
781
694
855
854
853
852
851
850
849
848
847
846
845
844
843
841
839
837
836
835
834
833
832
831
829
827
826
824
822
821
820
818
817
816
815
814
813
812
809
808
807
806
802
801
797
796
794
793
792
790
789
787
786
785
784
782
780
778
777
775
773
771
770
768
767
766
765
764
763
762
761
760
759
758
757
756
755
754
752
751
750
749
748
746
744
743
742
741
740
739
738
737
735
733
732
731
730
728
727
726
725
724
723
722
721
720
717
716
715
713
712
710
709
707
705
704
702
701
700
699
696
695
693
692
691
690
689
688
687
4032
3990
4021
3882
3806
3732
3834
3818
3808
3890
3812
3569
3681
3754
3892
3871
3878
3535
3458
3836
3519
3764
3763
3758
3564
3640
3725
3628
3937
3645
3460
3936
3850
3835
871
895
894
893
892
891
890
889
888
887
886
885
884
883
881
880
879
878
877
876
875
874
872
870
869
868
866
864
863
861
859
856
840
830
828
825
823
819
811
810
805
804
803
800
798
776
774
772
769
753
747
745
729
719
708
703
697
686
3125
4038
4037
4036
4035
4034
4033
4030
4029
4028
4027
4026
4025
4024
4023
4020
4019
4018
4017
4016
4015
4014
4013
4012
4011
4009
4008
4007
4006
4005
4004
4003
4002
4001
4000
3999
3998
3997
3996
3995
3994
3993
3992
3991
3989
3988
3987
3986
3985
3984
3983
3982
3981
1949
2130
2632
2442
2656
2146
2035
2160
2012
2192
35
2963
3429
3126
3218
2799
3030
2975
2884
3175
3131
3392
3139
3367
3281
3009
3052
2792
3137
2928
3023
2761
3099
3022
2974
2983
2935
2061
1935
1927
3190
2970
2270
1928
2579
2539
2454
2418
2353
2352
2299
2290
2210
2124
2118
2020
2362
2413
2048
1961
2366
2568
2612
2557
2371
2141
2249
2304
2619
2518
2507
2410
2370
2323
2184
2078
2063
2058
2021
1979
1964
2823
3374
3208
3312
2863
3393
3007
2990
3434
3345
3219
3140
2969
2919
2803
2739
2682
2662
3838
3957
3919
3560
3736
3526
3788
3916
3589
3672
3930
3461
3979
3978
3977
3976
3975
3974
3973
3972
3971
3970
3969
3968
3967
3966
3965
3964
3963
3962
3960
3959
3958
3956
3955
3954
3953
3952
3951
3950
3949
3947
3946
3945
3944
3942
3941
3940
3939
3938
3935
3934
3933
3932
3931
3929
3928
3927
3926
3925
3924
3923
3922
3921
3920
3918
3917
3915
3914
3913
3912
3911
3910
3909
3908
3907
3906
3905
3904
3903
3902
3901
3900
3899
3898
3897
3896
3895
3894
3893
3891
3889
3888
3887
3885
3884
3883
3881
3880
3879
3876
3875
3874
3873
3870
3869
3868
3867
3866
3865
3864
3863
3862
3860
3859
3858
3857
3856
3855
3854
3853
3852
3849
3848
3847
3846
3845
3844
3843
3842
3841
3840
3839
3837
3833
3832
3831
3829
3828
3827
3826
3825
3824
3823
3822
3821
3820
3819
3817
3816
3815
3814
3813
3811
3810
3809
3807
3805
3804
3803
3802
3801
3800
3799
3798
3796
3795
3794
3793
3792
3791
3790
3789
3787
3786
3785
3784
3783
3782
3781
3780
3779
3778
3777
3776
3775
3774
3773
3772
3771
3770
3769
3768
3767
3766
3765
3762
3761
3760
3759
3757
3755
3753
3752
3751
3749
3747
3746
3745
3744
3743
3742
3740
3739
3738
3737
3735
3734
3733
3731
3730
3729
3728
3727
3726
3724
3722
3720
3719
3718
3717
3716
3715
3714
3713
3712
3711
3710
3709
3708
3707
3706
3705
3704
3703
3702
3701
3700
3699
3698
3697
3696
3695
3694
3693
3691
3690
3689
3688
3687
3686
3685
3683
3682
3680
3679
3678
3676
3675
3673
3671
3670
3669
3668
3667
3666
3665
3664
3663
3662
3661
3660
3659
3658
3657
3656
3655
3654
3653
3652
3650
3649
3648
3647
3646
3644
3643
3642
3641
3639
3638
3637
3636
3635
3634
3632
3631
3630
3629
3627
3626
3625
3624
3623
3622
3620
3619
3618
3617
3616
3615
3614
3613
3612
3611
3610
3608
3607
3606
3605
3604
3603
3602
3601
3600
3599
3598
3597
3596
3595
3594
3593
3591
3590
3588
3587
3586
3585
3584
3583
3582
3581
3580
3579
3578
3576
3575
3574
3573
3572
3571
3570
3568
3567
3566
3565
3563
3562
3559
3558
3557
3555
3554
3553
3552
3551
3549
3548
3547
3546
3545
3544
3543
3542
3541
3539
3538
3537
3536
3534
3533
3532
3531
3530
3529
3528
3527
3524
3523
3522
3521
3520
3518
3516
3515
3514
3513
3512
3511
3510
3509
3508
3507
3506
3505
3504
3503
3502
3500
3499
3498
3497
3496
3494
3493
3492
3491
3490
3489
3488
3486
3485
3484
3483
3482
3481
3480
3479
3478
3477
3476
3475
3474
3473
3472
3471
3470
3469
3468
3467
3466
3465
3464
3463
3462
3459
3457
3455
3454
3452
3451
3450
3449
3448
3447
3446
3445
3444
3443
3442
3441
3439
3438
3621
3517
865
857
698
3398
3077
3264
2996
3254
2875
4031
3980
632
684
626
466
356
2659
2658
2657
2655
2654
2652
2651
2650
2648
2646
2645
2644
2641
2639
2638
2637
2634
2633
2631
2630
2628
2627
2626
2625
2624
2623
2622
2621
2620
2618
2615
2614
2613
2611
2610
2609
2607
2606
2604
2603
2602
2601
2600
2599
2595
2593
2591
2590
2587
2586
2585
2584
2581
2580
2578
2577
2576
2575
2574
2573
2572
2570
2569
2566
2565
2564
2563
2562
2561
2560
2559
2558
2556
2554
2553
2552
2551
2550
2549
2548
2546
2545
2541
2540
2538
2537
2536
2535
2534
2532
2531
2528
2527
2526
2525
2524
2523
2522
2521
2520
2517
2515
2514
2513
2506
2505
2504
2503
2500
2499
2497
2496
2495
2493
2492
2490
2489
2488
2487
2486
2485
2484
2483
2482
2481
2480
2479
2478
2477
2476
2474
2473
2470
2469
2467
2466
2464
2462
2460
2457
2456
2455
2453
2452
2450
2449
2448
2446
2444
2443
2441
2440
2439
2438
2437
2435
2434
2433
2432
2431
2430
2429
2428
2427
2426
2425
2424
2423
2422
2421
2416
2415
2414
2412
2411
2409
2408
2407
2406
2405
2404
2403
2402
2401
2400
2397
2396
2395
2393
2392
2391
2390
2388
2387
2386
2383
2382
2381
2380
2379
2376
2375
2374
2373
2369
2367
2365
2363
2361
2360
2359
2358
2357
2356
2354
2350
2349
2348
2346
2345
2342
2341
2340
2339
2335
2334
2331
2329
2326
2324
2322
2321
2320
2318
2317
2316
2314
2313
2312
2311
2310
2309
2308
2307
2306
2305
2303
2301
2300
2297
2296
2291
2288
2287
2286
2281
2280
2278
2277
2276
2275
2274
2272
2271
2265
2263
2262
2261
2260
2259
2258
2257
2256
2255
2253
2252
2251
2248
2245
2244
2243
2242
2240
2238
2237
2236
2235
2234
2233
2232
2231
2230
2229
2228
2227
2226
2222
2221
2220
2219
2218
2217
2216
2214
2213
2212
2211
2209
2208
2207
2206
2205
2204
2202
2201
2200
2197
2193
2190
2188
2186
2182
2181
2179
2178
2177
2175
2173
2172
2170
2168
2167
2166
2165
2164
2162
2161
2159
2158
2156
2154
2152
2150
2147
2145
2142
2140
2139
2136
2131
2129
2126
2123
2122
2121
2120
2119
2115
2114
2113
2112
2110
2109
2108
2107
2106
2105
2104
2103
2100
2099
2098
2097
2096
2095
2094
2093
2092
2091
2090
2089
2088
2086
2085
2084
2083
2082
2080
2079
2077
2076
2075
2074
2073
2070
2069
2067
2066
2064
2060
2059
2057
2056
2055
2051
2050
2049
2046
2045
2044
