0
806
4002
4034
282
3181
12
4015
233
18
160
81
1797
1206
52
3993
4012
552
3989
2569
1022
855
4025
3570
241
234
145
1627
3125
3893
3704
2691
11
3092
2776
37
2565
3798
3407
2788
1581
1301
3686
3037
3834
1065
1384
2437
1233
244
4033
4022
3436
209
3911
114
411
1002
1760
3765
3746
918
3781
2975
3974
154
574
3732
3853
4010
2114
1708
1889
1477
399
3006
2580
2079
3745
1776
911
1178
3676
3429
667
1270
2227
642
2422
166
674
608
4028
279
2066
3338
699
3856
3984
386
2792
937
744
884
874
767
892
3689
860
704
3729
593
865
2704
60
875
3691
2634
314
2884
390
881
3563
3546
2596
2541
1690
1252
3589
76
3444
3614
549
1775
90
2527
3230
3305
3865
43
2442
2
270
3183
2388
1034
743
2678
335
3923
1974
305
253
2790
607
1395
3954
3961
237
301
152
459
1834
228
245
263
3733
3413
311
610
3875
3807
499
2230
2252
393
581
2080
3688
3723
1162
3461
1510
3681
2998
1119
70
1466
3432
3270
1579
3071
3766
2255
3942
2094
47
333
2595
3742
3849
1254
2041
3560
873
3489
3949
3700
3864
3813
3502
2321
2168
2034
2421
2204
3216
3197
179
4016
4007
3990
464
3987
286
3372
2732
3251
3180
2930
2902
3131
4003
3982
4037
3985
3997
4030
4021
3986
4014
3988
4009
3994
4029
4026
4023
4019
4018
4017
4011
4006
4004
4001
4000
3999
3998
3995
3991
3981
3980
4027
3996
3992
4031
4038
4013
4020
4008
4036
594
4005
3983
4032
4035
4024
816
880
788
707
717
691
866
859
887
825
886
746
768
803
852
732
714
791
798
890
822
771
700
742
894
885
883
878
872
864
861
804
729
730
710
782
778
821
786
720
753
726
854
851
846
818
796
776
775
769
757
749
734
711
689
826
837
792
740
808
709
813
795
733
728
722
889
888
882
876
863
793
835
819
754
869
708
831
737
695
756
807
777
696
850
833
815
794
751
736
701
690
698
694
783
758
755
739
840
727
721
847
844
784
759
706
843
810
738
715
830
829
812
779
760
731
724
723
718
703
697
693
686
842
824
817
814
809
805
797
764
762
745
719
856
838
781
780
774
773
766
765
688
687
853
845
811
761
747
713
772
748
849
787
848
834
752
705
836
828
827
823
800
770
763
820
799
741
716
877
725
839
802
891
871
870
867
893
841
789
785
750
735
702
832
712
790
879
858
895
801
692
868
857
3537
217
3664
100
294
321
216
225
319
147
191
167
32
3946
3631
3465
3901
3678
3899
3887
163
64
139
347
77
268
250
176
143
68
36
124
226
243
151
296
177
262
61
8
6
126
300
318
164
130
93
149
86
106
196
328
443
3229
2710
2798
3669
3916
3626
3959
3890
3871
3783
3880
3811
3727
3494
3772
3792
3848
3932
3769
3476
3802
3862
3905
3498
3815
3636
3953
3791
3933
3859
3726
3441
3613
3708
3675
3874
3522
3606
3809
3696
3827
3472
3977
3936
3597
3763
3823
3724
3925
202
235
221
150
125
346
258
184
156
63
117
65
276
295
79
284
123
22
231
168
129
341
133
109
38
1
170
175
181
62
232
96
240
199
178
82
185
165
39
320
251
159
306
218
155
50
23
45
26
312
116
41
28
310
289
309
303
99
13
220
281
57
148
242
187
182
330
254
204
80
24
193
110
219
48
158
172
27
332
302
299
266
249
194
180
94
84
257
236
88
72
69
326
162
111
14
343
227
214
17
329
285
85
3
275
640
582
576
627
583
578
632
647
628
453
528
2481
2455
2424
2015
3300
2899
3425
3401
2926
3167
3127
2774
3322
2837
3317
2889
2767
3012
3354
3218
3141
3130
2807
2726
2851
3303
2705
3315
2721
3394
3114
3095
2898
3427
2744
3847
3561
3666
3957
3759
3720
3632
3639
3695
3581
3452
3484
3950
3888
3575
3457
3503
3512
3450
3828
3806
3564
3649
3973
3623
3878
3493
3947
3539
3910
3443
3976
3671
3535
3499
3725
3445
3459
3967
3964
3587
3547
3454
3810
3958
3855
3818
3764
3690
3612
3583
3658
3778
3779
3892
3657
3541
3458
3799
3439
3951
3705
3907
3835
3722
3629
3975
3965
3837
3757
3571
3728
3607
3553
3526
3850
3955
3882
3803
3706
3486
3624
3580
3536
3921
3740
3713
3599
3590
3455
3897
3610
3960
3920
3500
3478
3738
3469
3978
3931
3825
3719
3555
3532
3483
3735
3640
3510
3912
3857
3538
3898
3883
3481
3479
3519
3917
3868
3628
3473
3515
3637
3930
3762
3782
3711
3646
3620
3752
3814
3940
3543
3863
3662
3490
3446
3785
3707
3496
3952
3866
3507
3924
3833
3593
3747
3615
3598
3969
3784
3648
3643
3591
3534
3665
3514
3471
3832
3644
3505
3442
3601
3584
3529
3524
3956
3909
3826
3794
3793
3569
3945
3915
3786
3568
3474
3464
3894
679
3504
3487
173
485
351
476
364
457
3063
3110
2836
3094
3210
2113
2373
2105
121
5
345
342
277
248
186
128
119
98
308
272
271
238
223
211
161
141
113
75
67
30
334
313
280
274
252
239
212
188
134
127
104
340
339
304
291
213
31
2082
2523
2166
1990
2403
2256
551
381
2718
3244
2990
3043
2876
3067
2995
3323
2692
3024
2878
3223
2816
3326
344
338
336
331
327
325
323
322
317
316
315
298
297
292
290
283
278
273
265
261
260
247
230
224
222
208
206
205
203
200
197
195
192
183
157
153
146
144
142
140
137
135
132
131
118
115
108
105
103
101
97
95
92
91
89
78
73
66
59
55
54
53
51
44
40
29
25
20
19
16
10
9
4
3310
665
658
577
589
681
661
659
650
615
599
670
643
678
572
612
611
662
597
682
677
623
588
575
573
502
498
505
530
603
571
633
480
489
478
466
685
672
657
535
448
407
2961
2466
2444
2320
2375
2281
