0
607
210
1560
4007
744
785
712
3489
3745
3973
3661
3666
3896
3631
3827
3919
3587
3857
3940
3584
3761
3591
3768
3810
3648
3493
3868
3728
4023
4038
4037
4036
4035
4034
4033
4032
4030
4029
4028
4027
4026
4025
4024
4022
4021
4020
4019
4018
4017
4016
4015
4014
4013
4012
4010
4009
4008
4006
4005
4004
4003
4002
4001
4000
3999
3998
3997
3996
3995
3994
3993
3992
3991
3990
3988
3987
3986
3985
3984
3983
3982
3981
3742
3566
737
861
853
847
782
824
820
694
855
854
852
851
850
849
848
846
845
844
843
842
841
839
838
837
836
835
834
833
832
831
829
827
826
822
821
818
817
816
815
814
813
812
809
808
807
806
802
801
799
797
796
795
794
793
792
791
790
789
788
787
786
784
783
781
780
779
778
777
775
773
771
770
768
767
766
765
764
763
762
761
760
759
758
757
756
755
754
752
751
750
749
748
746
745
743
742
741
740
739
738
736
735
734
733
732
731
730
728
727
726
725
724
723
722
721
720
719
718
717
716
715
714
711
710
709
707
706
705
704
702
701
700
699
696
695
693
692
691
690
689
688
687
1027
3731
3574
3504
3496
3788
3979
3817
3611
3880
3971
3978
3977
3976
3975
3974
3972
3970
3969
3968
3967
3966
3965
3964
3963
3960
3959
3958
3957
3956
3955
3954
3953
3952
3951
3950
3949
3947
3946
3945
3944
3943
3942
3941
3939
3938
3937
3936
3935
3934
3933
3932
3931
3930
3929
3928
3927
3926
3925
3924
3923
3922
3921
3920
3918
3917
3916
3915
3914
3913
3912
3911
3910
3909
3908
3907
3906
3905
3904
3903
3902
3901
3900
3899
3898
3897
3895
3894
3893
3892
3891
3890
3889
3888
3887
3885
3884
3883
3882
3881
3879
3878
3876
3875
3874
3873
3871
3870
3869
3867
3866
3865
3864
3863
3862
3860
3859
3858
3856
3855
3854
3853
3852
3850
3849
3848
3847
3846
3845
3844
3843
3842
3841
3840
3839
3838
3837
3836
3835
3834
3833
3832
3831
3830
3829
3828
3826
3825
3824
3823
3822
3821
3820
3819
3818
3816
3815
3814
3813
3812
3811
3809
3808
3807
3806
3805
3804
3803
3802
3801
3800
3799
3798
3796
3795
3794
3793
3792
3791
3790
3789
3787
3786
3785
3784
3783
3782
3781
3780
3778
3777
3776
3775
3774
3773
3772
3771
3770
3769
3767
3766
3765
3764
3763
3762
3760
3759
3758
3757
3755
3754
3753
3752
3751
3749
3748
3747
3746
3744
3743
3740
3739
3738
3737
3736
3735
3734
3733
3732
3730
3729
3727
3726
3725
3724
3722
3720
3719
3718
3717
3716
3715
3714
3713
3712
3711
3710
3709
3708
3707
3706
3705
3704
3703
3702
3701
3700
3699
3698
3697
3696
3695
3694
3693
3691
3690
3689
3688
3687
3686
3685
3683
3682
3681
3680
3679
3678
3676
3675
3673
3672
3671
3670
3669
3668
3667
3665
3664
3663
3662
3660
3659
3658
3657
3656
3655
3654
3653
3652
3650
3649
3647
3646
3645
3644
3643
3642
3641
3640
3639
3638
3637
3636
3635
3634
3632
3630
3629
3628
3627
3626
3625
3624
3623
3622
3620
3619
3618
3617
3616
3615
3614
3613
3612
3610
3608
3607
3606
3605
3604
3603
3602
3601
3600
3599
3598
3597
3596
3595
3594
3593
3590
3589
3588
3585
3583
3582
3581
3580
3579
3578
3576
3575
3573
3572
3571
3569
3568
3567
3565
3564
3563
3562
3560
3559
3558
3557
3555
3554
3553
3552
3551
3549
3548
3547
3546
3545
3544
3543
3542
3541
3539
3538
3537
3536
3535
3534
3533
3532
3531
3530
3529
3528
3527
3526
3524
3523
3522
3521
3520
3519
3518
3516
3515
3514
3513
3512
3511
3510
3509
3508
3507
3506
3505
3503
3502
3500
3499
3498
3497
3494
3492
3491
3490
3488
3486
3485
3484
3483
3482
3481
3480
3479
3478
3477
3476
3475
3474
3473
3472
3471
3470
3469
3468
3467
3466
3465
3464
3463
3462
3461
3460
3459
3458
3457
3455
3453
3452
3450
3449
3448
3447
3446
3445
3444
3443
3442
3441
3439
3438
3779
3621
3586
3550
3517
4031
4011
3989
3980
622
658
650
633
3961
3861
3723
3487
3454
499
568
253
35
309
208
61
261
113
22
95
326
20
322
299
2621
2528
2177
2421
2017
2426
2170
2514
2288
1977
2411
2089
2387
1975
2035
2085
2401
2425
2209
2438
1999
1968
2521
2504
2356
2560
2542
2500
2467
2429
2331
2190
2046
2318
1922
2660
2365
2001
2400
895
894
893
892
891
890
889
888
887
886
885
884
883
882
881
880
879
878
877
876
875
874
873
872
871
870
869
868
867
866
865
864
863
859
858
857
856
840
830
828
825
823
819
811
810
805
804
803
800
798
776
774
772
769
753
747
729
713
708
703
697
686
1627
1276
2246
1176
2419
2163
2351
2332
2283
2250
2128
2042
1394
1342
1268
1147
3962
3948
3886
3877
3872
3851
3797
3756
3750
3741
3721
3692
3684
3677
3674
3651
3633
3609
3592
3577
3561
3556
3540
3525
3501
3495
3456
3440
3437
862
1050
1152
1739
1246
1697
970
1035
935
964
1569
1403
1711
1218
1138
1649
1868
1650
1139
1295
1248
1488
1107
1064
1174
1810
1836
1000
1900
1183
1776
1368
1866
1796
1746
1375
1615
942
1805
1361
1404
1350
1044
1015
988
1169
1716
1104
1338
948
1754
1600
375
905
1885
1238
1160
494
1820
1751
1495
1429
1281
917
416
609
512
685
684
682
681
680
679
678
677
675
674
672
671
670
668
667
666
665
664
663
662
661
660
659
657
655
654
653
649
648
647
644
643
642
640
639
636
635
632
631
630
628
627
626
625
624
623
621
620
619
618
617
616
615
613
612
611
608
605
603
602
600
599
598
597
596
595
594
593
592
590
589
588
585
584
583
582
581
579
578
577
576
575
574
573
1630
554
1095
683
676
673
652
646
645
634
614
610
604
587
586
547
546
1801
1490
1142
1536
1506
669
656
591
461
1844
1679
1677
567
496
462
572
571
570
569
565
564
562
561
560
559
558
557
556
555
553
552
551
550
549
548
545
544
543
542
541
540
539
537
536
535
534
533
532
531
530
529
528
527
525
524
523
522
521
520
519
518
516
515
514
513
511
510
509
508
507
506
505
504
503
502
501
500
498
497
495
493
492
491
490
489
488
487
486
485
482
481
480
479
478
477
476
474
473
472
471
470
469
468
467
466
465
464
463
460
459
458
457
456
455
454
453
452
451
450
449
448
447
446
445
444
443
442
441
440
439
438
437
436
435
434
433
432
431
430
429
427
426
425
424
423
422
421
419
418
417
415
413
412
411
410
409
408
407
406
405
404
403
402
401
400
399
398
397
396
395
394
393
392
391
390
388
387
386
385
384
383
382
381
380
379
378
377
374
373
372
371
370
369
368
367
365
364
362
361
360
359
358
357
356
355
354
352
351
350
349
173
347
346
345
344
343
342
341
340
339
338
337
336
335
334
333
332
331
330
329
328
327
325
324
323
321
320
319
318
317
316
315
314
313
312
311
310
308
307
306
305
304
303
302
301
300
298
297
296
295
294
293
292
291
290
289
288
287
285
284
283
282
281
280
279
278
277
276
275
274
273
272
271
270
269
268
267
266
265
264
263
262
260
259
258
257
255
254
252
251
250
249
248
247
246
245
244
243
242
241
240
239
238
237
236
235
234
233
232
231
230
229
228
227
226
225
224
223
222
221
220
219
218
216
215
214
213
212
211
209
207
206
205
204
203
202
201
200
199
198
197
196
195
194
193
192
191
190
188
187
186
185
184
183
182
181
180
179
178
177
176
175
174
172
170
169
168
167
166
165
164
163
162
161
160
159
158
157
156
155
154
153
152
151
149
148
147
146
145
144
143
142
141
140
139
138
137
136
135
134
133
132
131
130
129
128
127
126
125
124
123
122
121
120
119
118
117
116
115
114
112
111
110
109
108
106
105
104
103
102
101
100
99
98
97
96
94
93
92
91
90
89
88
87
86
85
84
83
82
81
80
79
78
77
76
75
74
73
72
71
70
69
68
67
66
65
63
62
60
59
57
56
55
54
53
52
51
50
49
48
47
46
45
44
43
42
41
40
39
38
37
36
34
33
32
31
30
29
28
27
26
25
24
23
21
19
18
17
16
15
14
13
12
11
10
9
8
7
6
5
4
3
2
1
2659
2658
2657
2656
2655
2654
2653
2652
2651
2650
2649
2648
2647
2646
2645
2644
2643
2642
2641
2640
2639
2638
2637
2636
2635
2634
2633
2632
2631
2630
2629
2628
2627
2626
2625
2624
2623
2622
2620
2619
2618
2617
2616
2615
2614
2613
2612
2611
2610
2609
2608
2607
2606
2605
2604
2603
2602
2601
2600
2599
2598
2597
2595
2594
2593
2592
2591
2590
2589
2588
2587
2586
2585
2584
2583
2582
2581
2580
2579
2578
2577
2576
2575
2574
2573
2572
2571
2570
2569
2568
2567
2566
2565
2564
2563
2562
2561
2559
2558
2557
2556
2555
2554
2553
2552
2551
2550
2549
2548
2547
2546
2545
2544
2543
2541
2540
2539
2538
2537
2536
2535
2534
2533
2532
2531
2530
2529
2527
2526
2525
2524
2523
2522
2520
2519
2518
2517
2516
2515
2513
2512
2511
2510
2509
2508
2507
2506
2505
2503
2502
2501
2499
2498
2497
2496
2495
2494
2493
2492
2491
2490
2489
2488
2487
2486
2485
2484
2483
2482
2481
2480
2479
2478
2477
2476
2475
2474
2473
2472
2471
2469
2468
2466
2465
2464
2463
2462
2461
2460
2459
2458
2456
2455
2454
2453
2452
2451
2450
2449
2448
2447
2446
2445
2444
2443
2442
2441
2440
2439
2437
2436
2435
2434
2433
2432
2431
2430
2428
2427
2424
2423
2422
2420
2418
2417
2416
2415
2414
2413
2412
2410
2409
2408
2407
2406
2405
2404
2403
2402
2399
2398
2397
2396
2395
2394
2393
2392
2391
2390
2389
2388
2386
2385
2384
2383
2382
2381
2380
2379
2378
2377
2376
2375
2374
2373
2372
2371
2370
2369
2368
2367
2366
2364
2363
2362
2361
2360
2359
2358
2357
2355
2354
2353
2352
2350
2349
2348
2347
2346
2345
2344
2343
2342
2341
2340
2339
2338
2337
2336
2335
2334
2333
2330
2329
2328
2327
2326
2325
2324
2323
2322
2321
2320
2319
2317
2316
2315
2314
2313
2312
2311
2310
2309
2308
2307
2306
2305
2304
2303
2302
2301
2300
2299
2298
2297
2296
2295
2294
2293
2292
2291
2290
2289
2287
2286
2285
2284
2282
2281
2280
2279
2278
2277
2276
2275
2274
2273
2272
2271
2270
2269
2268
2267
2266
2265
2264
2263
2262
2261
2260
2259
2258
2257
2256
2255
2254
2253
2252
2251
2249
2248
2247
2245
2244
2243
2242
2241
2240
2239
2238
2237
2236
2235
2234
2233
2232
2231
2230
2229
2228
2227
2226
2225
2224
2223
2222
2221
2220
2219
2218
2217
2216
2215
2214
2213
2212
2211
2210
2208
2207
2206
2205
2204
2203
2202
2201
2200
2199
2198
2197
2196
2195
2194
2193
2192
2191
2189
2188
2187
2186
2185
2184
2183
2182
2181
2180
2179
2178
2176
2175
2174
2173
2172
2171
2169
2168
2167
2166
2165
2164
2162
2161
2160
2159
2158
2157
2156
2155
2154
2153
2152
2151
2150
2149
2148
2147
2146
2145
2144
2143
2142
2141
2140
2139
2138
2137
2136
2135
2134
2133
2132
2131
2130
2129
2127
2126
2125
2124
2123
2122
2121
2120
2119
2118
2117
2116
2115
2114
2113
2112
2111
2110
2109
2108
2107
2106
2105
2104
2103
2102
2101
2100
2099
2098
2097
2096
2095
2094
2093
2092
2091
2090
2088
2087
2086
2084
2083
2082
2081
2080
2079
2078
2077
2076
2075
2074
2073
2072
2071
2070
2069
2068
2067
2066
2065
2064
2063
2062
2061
2060
2059
2058
2057
2056
2055
2054
2053
2052
2051
2050
2049
2048
2047
2045
2044
2043
2041
2040
2039
2038
2037
2036
2034
2033
2032
2031
2030
2029
2028
2027
2026
2025
2024
2023
2022
2021
2020
2019
2018
2016
2015
2014
2013
2012
2011
2010
2009
2008
2007
2006
2005
2004
2003
2002
2000
1998
1997
1996
1995
1994
1993
1992
1991
1990
1989
1988
1987
1986
1985
1984
1983
1982
1981
1980
1979
1978
1976
1974
1973
1972
1971
1970
1969
1967
1966
1965
1964
1963
1962
1961
1960
1959
1958
1957
1956
1955
1954
1953
1952
1951
1950
1949
1948
1947
1946
1945
1944
1943
1942
1941
1940
1939
1938
1937
1936
1935
1934
1933
1932
1931
1930
1929
1928
1927
1926
1925
1924
1923
1921
1920
1919
1918
1917
1916
1915
1914
1913
2788
2926
3254
2855
3180
2732
3270
3028
2884
3312
3309
2667
3061
3417
3257
2953
2924
2741
2681
3414
2689
3284
3184
3174
3108
3078
2912
2757
2717
2978
1585
1702
2725
1670
1527
1049
3165
1317
996
1178
1544
1077
3278
698
217
189
150
64
1911
1910
1909
1908
1907
1906
1905
1904
1903
1902
1901
1899
1898
1897
1896
1895
1894
1893
1892
1891
1890
1889
1888
1887
1886
1884
1883
1882
1881
1880
1879
1878
1877
1876
1875
1874
1873
1872
1871
1870
1869
1867
1865
1864
1863
1862
1861
1860
1859
1858
1857
1856
1855
1854
1853
1852
1851
1850
1849
1848
1847
1846
1845
1843
1842
1841
1840
1839
1838
1837
1835
1834
1833
1832
1831
1830
1829
1828
1827
1826
1825
1824
1823
1822
1821
1819
1818
1817
1816
1815
1814
1813
1812
1811
1809
1808
1807
1806
1804
1803
1802
1800
1799
1798
1797
1795
1794
1793
1792
1791
1790
1789
1788
1787
1786
1785
1784
1783
1782
1781
1780
1779
1778
1777
1775
1774
1773
1772
1771
1770
1769
1768
1767
1766
1765
1764
1763
1762
1761
1760
1759
1757
1756
1755
1753
1752
1750
1749
1748
1747
1745
1744
1743
1742
1741
1740
1738
1737
1736
1735
1734
1733
1732
1731
1730
1729
1728
1727
1725
1724
1723
1722
1721
1720
1719
1718
1717
1715
1714
1713
1712
1710
1709
1708
1707
1706
1705
1704
1703
1701
1700
1699
1698
1696
1695
1694
1693
1692
1691
1690
1689
1688
1687
1686
1685
1683
1682
1681
1680
1678
1676
1675
1674
1673
1672
1671
1669
1668
1667
1665
1664
1663
1662
1661
1660
1659
1658
1657
1655
1654
1653
1652
1651
1648
1647
1646
1645
1644
1643
1641
1640
1639
1638
1637
1636
1635
1634
1633
1632
1631
1629
1628
1626
1625
1624
1623
1622
1621
1620
1619
1618
1617
1616
1614
1613
1612
1611
1610
1609
1608
1607
1606
1605
1604
1603
1602
1601
1599
1598
1597
1596
1595
1594
1593
1592
1591
1590
1589
1588
1587
1586
1584
1583
1582
1581
1580
1579
1578
1577
1576
1575
1574
1573
1572
1571
1570
1568
1567
1566
1565
1564
1563
1562
1561
1559
1558
1557
1556
1555
1554
1553
1552
1551
1550
1549
1548
1547
1546
1545
1543
1542
1541
1540
1539
1538
1537
1535
1533
1532
1531
1530
1529
1528
1526
1525
1524
1523
1522
1521
1520
1519
1518
1517
1516
1515
1514
1513
1512
1511
1510
1509
1508
1507
1504
1503
1502
1501
1500
1499
1498
1497
1496
1494
1493
1492
1491
1489
1487
1486
1485
1484
1483
1482
1481
1480
1479
1478
1477
1476
1475
1474
1473
1472
1471
1470
1469
1468
1467
1466
1465
1464
1463
1462
1461
1460
1459
1458
1457
1456
1455
1454
1453
1452
1451
1449
1448
1447
1446
1445
1444
1443
1442
1441
1440
1439
1438
1437
1436
1435
1434
1433
1432
1431
1430
1428
1427
1426
1425
1424
1423
1422
1421
1420
1418
1417
1416
1415
1414
1413
1412
1411
1410
1409
1408
1407
1406
1402
1401
1400
1399
1398
1397
1396
1395
1393
1392
1391
1390
1389
1388
1387
1386
1385
1384
1383
1382
1381
1380
1379
1378
1377
1376
1374
1373
1372
1371
1370
1369
1367
1366
1365
1364
1363
1362
1360
1359
1358
1357
1356
1355
1354
1353
1352
1351
1349
1348
1347
1346
1345
1344
1343
1341
1340
1339
1337
1336
1335
1334
1333
1332
1331
1330
1329
1328
1327
1326
1325
1324
1323
1322
1321
1320
1319
1318
1316
1315
1314
1313
1312
1311
1310
1309
1308
1307
1306
1305
1304
1303
1302
1301
1300
1299
1298
1297
1296
1294
1293
1292
1291
1290
1289
1288
1287
1286
1285
1284
1283
