0
4037
866
638
859
3147
3885
12
205
3798
911
468
3987
1145
287
2565
3954
918
3709
883
875
692
3071
602
3744
613
3606
3846
1353
1854
1546
90
3890
4008
383
3453
229
2767
3673
356
860
750
152
35
358
3853
3935
447
2814
624
3879
2721
241
3704
1096
15
1147
3565
1760
3031
207
1119
3856
1558
3126
610
4024
1346
215
3922
2722
43
3597
245
3974
11
379
307
585
1417
581
660
71
1797
3742
2774
3055
3127
2817
3074
888
861
854
878
729
887
895
876
851
709
880
792
855
804
751
796
791
704
717
874
873
867
763
741
691
813
837
820
850
782
693
806
832
797
716
696
714
829
814
805
800
787
761
755
739
789
777
784
893
892
890
889
886
885
884
882
881
879
877
872
871
870
869
864
863
858
840
823
803
747
713
708
856
835
727
831
795
780
773
756
726
724
722
706
695
690
771
712
830
828
819
817
807
779
730
728
703
688
853
852
849
848
847
845
844
843
842
841
839
838
836
834
833
827
826
825
824
822
821
818
816
815
812
811
810
809
808
802
801
799
798
794
793
790
788
786
783
781
778
776
775
774
772
770
769
768
767
766
765
764
762
760
759
758
754
753
752
748
746
745
743
742
740
738
737
736
735
734
733
732
731
725
723
721
720
719
718
715
711
710
707
705
702
701
700
699
698
697
694
689
687
846
686
785
757
894
749
744
891
868
865
3990
3981
4032
3988
3992
3983
594
4019
4003
4025
4016
4005
3994
3993
3985
3991
4030
4000
4026
3997
4038
4036
4031
4029
4028
4027
4023
4021
4020
4018
4017
4014
4013
4012
4011
4010
4009
4007
4006
4004
4002
4001
3999
3998
3996
3995
3989
3986
3982
3980
4035
4034
4033
4015
3984
4022
667
3955
3600
3733
3543
3664
3763
3878
3907
3599
3911
3864
3901
3767
3678
3478
3725
3595
3771
3787
3653
3632
3908
3897
3641
3716
3769
3728
3710
3666
3768
3646
3442
3967
3490
3976
3870
3711
3975
3465
3965
3973
3914
3834
3818
3645
3558
3939
3441
3904
3895
3694
3459
3949
3777
3554
3773
3918
3701
3476
3931
3833
3784
3714
3591
3511
3507
3850
3840
3827
3607
3964
3960
3920
3690
3671
3532
3921
3862
3715
3713
3636
3615
3825
3652
3821
3793
3754
3724
3553
3826
3758
3524
3764
3680
3601
3583
3466
3947
3569
3486
3786
3761
3602
3474
3951
3900
3810
3792
3648
3679
3549
3743
3538
3909
3859
3752
3616
3863
3682
3829
3593
3530
3776
3698
3912
3892
3871
3857
3819
3657
3567
3541
3774
3708
3619
3669
3502
3613
3581
3523
3898
3861
3953
3869
3770
3561
3555
3469
3775
3522
3707
3503
3867
3815
3778
3740
3735
3705
3608
3590
3508
3470
3455
3637
3557
3817
3736
3520
3527
3658
3603
3518
3462
3926
3858
3790
3542
3528
3491
3977
3972
3970
3969
3963
3959
3958
3956
3952
3945
3942
3941
3940
3937
3936
3933
3932
3927
3924
3923
3919
3917
3915
3913
3910
3906
3905
3903
3899
3896
3894
3893
3891
3887
3882
3881
3876
3875
3874
3868
3866
3855
3854
3849
3848
3845
3844
3843
3839
3837
3836
3835
3823
3822
3820
3814
3813
3812
3811
3809
3807
3806
3805
3803
3802
3801
3799
3796
3794
3791
3789
3788
3785
3783
3782
3772
3766
3762
3760
3759
3757
3753
3751
3749
3746
3745
3739
3738
3737
3732
3731
3730
3727
3726
3722
3720
3719
3718
3706
3702
3699
3696
3695
3689
3688
3686
3685
3681
3676
3675
3668
3665
3663
3661
3660
3659
3655
3650
3647
3644
3643
3642
3640
3638
3634
3631
3630
3629
3627
3624
3623
3622
3620
3617
3614
3612
3610
3598
3594
3587
3585
3584
3582
3580
3579
3575
3572
3571
3570
3568
3564
3562
3559
3556
3546
3539
3537
3536
3535
3534
3531
3529
3526
3519
3513
3512
3510
3509
3506
3505
3500
3499
3498
3497
3494
3493
3492
3489
3485
3484
3483
3482
3479
3477
3473
3472
3468
3464
3463
3460
3458
3457
3451
3450
3447
3446
3445
3443
3439
552
3662
3515
3487
3838
3747
3628
3842
3563
3966
3902
3852
3574
3488
3475
3471
3452
3957
3883
3880
3860
3832
3831
3795
3765
3755
3700
3691
3670
3649
3639
3635
3605
3576
3560
3516
3481
3467
3496
3683
3930
3847
3712
3656
3604
3517
3979
3544
3540
3929
3873
3968
3938
3928
3889
3884
3841
3828
3824
3804
3800
3654
3625
3618
3611
3578
3577
3533
3514
3480
3438
3962
3943
3779
3916
3888
3626
3589
3971
3950
3672
3667
3573
3552
3525
3521
3978
3948
3944
3934
3756
3721
3697
3687
3684
3548
3461
3456
3449
3448
857
3851
3780
3734
3703
3596
3545
3797
3586
3501
3437
386
476
399
472
384
121
146
3925
3723
3566
3551
3693
3621
3547
351
628
623
672
670
627
665
662
658
599
577
681
675
643
640
437
3227
3311
3432
2671
3044
2855
987
1510
3886
3877
3872
3830
3750
3741
3692
3677
3674
3651
3633
3609
3592
3550
3495
3440
862
1034
1057
1430
679
622
612
625
684
620
573
685
663
657
597
586
572
564
562
550
533
532
530
501
499
467
454
453
443
441
411
406
393
377
364
349
666
644
403
568
539
421
372
502
70
464
206
93
190
340
305
192
234
120
250
317
1657
3961
3454
198
522
529
470
466
429
350
534
495
435
365
560
474
396
382
671
540
449
519
491
489
481
458
361
547
448
445
415
371
516
505
486
424
380
357
673
646
385
478
571
555
521
426
416
570
682
677
674
664
661
659
654
650
648
647
642
639
636
635
633
632
631
626
621
619
618
617
615
611
609
608
605
603
600
598
595
592
588
584
583
582
579
578
576
575
574
543
433
418
359
535
510
504
680
590
558
498
446
413
362
355
1552
398
551
509
469
381
369
3159
3336
2959
2886
2889
3059
3382
3008
2982
2879
2703
2699
3375
3367
2788
3266
3099
2899
3431
2667
2857
3408
3161
3210
3067
2998
2784
2930
2902
2732
2978
2769
3427
3125
2824
3305
3334
2727
2963
3194
3209
2792
2691
3163
2801
2795
2860
3292
3254
3155
3128
3238
3325
2961
2924
3171
3247
3343
3368
2718
3401
2884
3217
3420
3430
3304
3226
3312
3167
2685
3270
3435
3384
3390
3237
3144
2965
3039
2809
3423
3241
2987
3413
3244
2934
2759
2697
3306
3409
3393
2758
3421
3272
3123
2766
2805
3380
2882
2701
3377
3145
3113
2708
3428
2807
3369
3192
3422
3016
2707
3105
3349
2996
2668
3383
2736
3416
3188
3132
3318
2670
3102
2849
3315
3303
3286
2891
3279
3275
2993
3433
3399
2852
2850
2746
3261
3116
3357
2878
2841
2696
2940
3378
3124
3106
3049
2818
2901
2832
2831
3143
2906
3365
3255
2825
3391
3351
3316
3212
3152
3120
3079
3058
2828
2674
2661
3415
3326
3273
2954
3092
2953
3418
2844
2690
3172
2937
3302
3118
3043
2958
2955
2918
2843
3400
3394
3158
3026
2981
2928
2794
2755
3359
3233
2713
3045
2851
2923
2688
3412
3295
3223
3207
3203
3061
3018
3001
2957
2947
2737
2662
3009
2715
3091
3386
3215
2936
3403
3347
3287
3109
3107
3101
3082
3034
2853
2846
2687
3288
3252
3198
3070
2991
2859
2785
2780
3178
3015
2700
3362
3294
3213
2974
2945
2931
2743
2695
2680
2874
3339
2988
2815
3202
3065
2946
2915
2773
2749
2669
2949
2802
3162
3220
3135
3073
2943
2925
2782
2777
3366
3387
3301
3257
3184
3029
2929
2835
2757
2741
2679
3363
3232
3195
3142
3085
3080
3056
3010
2986
2985
2966
2960
2920
2917
2905
2877
2800
2717
2683
2666
2664
3404
3259
3196
3189
3154
2999
2914
2904
2833
2781
2702
2686
3436
2864
2839
2761
3350
3332
3280
3179
2894
2719
2684
3411
3397
3345
3337
3249
3224
3214
3140
2989
2942
2921
2711
3137
3130
3114
2786
2710
2979
1395
1383
1038
1239
1651
1089
928
3289
3111
3100
2869
1031
1607
3319
2764
1167
1890
1631
1157
1414
1434
1073
1670
1411
2968
2760
2734
1481
1342
1654
2976
1266
1050
1364
1055
945
1241
1851
1678
1579
1325
1860
1187
1141
1518
1633
1005
1378
1286
1105
1002
1489
971
1240
923
932
926
949
1524
1699
1053
1499
1424
1511
1517
907
1461
1254
1599
1295
1094
1410
1251
1061
1098
1825
1676
1433
1421
1650
1759
1090
1457
1047
1585
1862
1533
1263
1625
955
1770
1248
937
1655
1085
961
1832
1091
1022
1605
941
1532
1821
1004
1529
924
959
1580
1207
1841
1284
1036
1907
1082
1372
1234
1212
939
931
1696
1343
1859
1728
1152
1340
1290
1593
989
1788
1904
1869
1748
1681
1507
1415
1246
1619
1901
1464
1789
1130
1350
1661
1715
1413
1298
1115
1403
1884
1682
1277
1756
1541
1781
1308
1228
1035
1063
999
972
1724
1662
1075
1492
1159
1009
1886
1195
1283
3328
3057
2883
2822
2678
1726
1656
1636
1459
1426
1231
1355
1000
1380
960
1872
1611
1462
1379
1322
1129
1274
1831
1815
1624
1482
1134
1178
1150
1847
1615
1033
1820
1405
1500
1188
1601
1837
1787
1873
1857
1596
1591
1583
1347
1345
1315
975
902
896
1889
1138
1555
1660
1823
1539
1365
1876
1634
1428
1306
1260
1258
1072
1225
1051
1786
1742
1729
1638
1495
1454
1309
1303
1102
1018
898
1906
1902
1695
1294
1701
1877
1795
1774
1721
1653
1516
1485
1302
1250
1181
1149
1833
1757
1689
1683
1420
1404
1389
1377
927
1894
1848
1751
1709
1502
1469
1451
1429
1338
1282
1281
1273
1245
1158
1121
1108
1052
1042
1037
1032
984
964
954
933
919
903
1885
1807
1727
1703
1497
1135
1093
914
1776
912
1384
1030
1867
1737
1659
1652
1622
1572
1520
1480
1375
1352
1278
1269
1242
1658
1892
1629
1568
1493
1452
1363
1186
1097
992
938
1494
1014
908
1639
1530
1398
1305
1766
1671
1235
1716
1595
1475
1423
1324
1143
1104
1012
678
629
395
1677
1606
1444
1314
1210
1110
968
614
1720
655
653
630
616
589
422
593
471
452
1543
1408
1223
494
440
394
375
1114
651
601
536
512
462
423
368
353
352
1740
1320
1226
1109
962
683
559
497
484
479
392
391
387
537
451
400
1179
1095
676
652
645
587
561
557
545
511
496
490
488
487
473
465
456
450
412
410
397
390
370
367
360
354
1790
1490
1446
1001
548
514
503
482
417
408
404
348
1844
1767
1692
1545
1536
1512
1506
1427
1358
1332
1237
1122
1080
936
669
591
580
565
553
542
527
524
515
507
506
493
492
463
461
455
444
419
409
402
388
378
2740
1297
181
27
300
81
244
195
220
65
39
233
230
38
278
333
319
306
78
4
61
208
344
97
196
649
427
166
34
16
260
155
179
151
46
167
32
281
347
150
284
345
55
45
162
28
2
337
44
295
329
148
131
102
147
89
6
266
254
101
24
84
123
296
225
177
175
189
100
318
96
346
341
211
161
88
75
23
314
302
132
197
184
108
303
178
338
118
119
72
66
3
336
332
331
322
297
290
246
237
231
224
221
186
130
113
104
103
94
31
339
168
7
312
289
112
310
214
115
343
41
20
313
265
239
59
291
277
280
252
200
176
170
141
134
85
69
235
204
158
54
53
2634
2441
2439
2230
2321
1808
634
604
569
567
556
554
549
546
544
541
531
528
525
523
520
518
513
508
500
483
480
477
475
460
459
457
442
439
438
436
434
432
431
430
425
414
407
405
374
373
2167
285
67
21
2505
1769
1522
1509
1440
1028
1796
1753
1736
1707
1668
1644
1612
1540
1456
1447
1321
1312
1198
1126
1076
966
1827
1804
1617
1547
1288
1267
1101
1040
1017
983
946
916
1856
1688
1604
1600
1535
1487
1323
1153
1056
1846
1765
1674
1626
1026
1806
1780
1697
1437
1399
951
1849
1826
1809
1723
1714
1669
1665
1663
1632
1621
1609
1598
1589
1584
1571
1551
1402
1370
1256
1243
1220
1205
1156
1083
997
953
3290
2677
1908
1534
1182
1151
1866
1858
1202
1058
1864
1839
1813
1730
1685
1620
1570
1554
1519
1460
1409
1393
1341
1219
1185
1107
995
980
526
389
2838
3434
3429
3426
3425
3424
3419
3417
3414
3410
3406
3405
3402
3398
3396
3395
3392
3389
3388
3385
3381
3379
3376
3374
3373
3372
3371
3370
3364
3361
3360
3358
3356
3355
3354
3353
3352
3348
3346
3344
3342
3341
3340
3338
3335
3333
3331
3330
3329
3327
3324
3323
3322
3321
3320
3317
3314
3313
3310
3309
3308
3307
3300
3299
3298
3297
3296
3293
3291
3285
3284
3283
3281
3278
3277
3276
3274
3271
3269
3268
3267
3265
3264
3263
3262
3260
3258
3256
3253
3251
3250
3248
3246
3245
3243
3242
3240
3239
3236
3235
3234
3231
3229
3228
3225
3222
3221
3219
3218
3216
3211
3208
3206
3205
3204
3201
3200
3199
3197
3193
3191
3190
3187
3186
3185
3183
3182
3181
3180
3177
3176
3175
3174
3173
3170
3169
3168
3166
3165
3164
3160
3157
3156
3153
3151
3150
3149
3148
3146
3141
3139
3138
3136
3134
3133
3131
3129
3122
3121
3119
3117
3115
3112
3110
3108
3104
3103
3098
3097
3096
3095
3094
3093
3090
3089
3088
3087
3086
3084
3083
3081
3078
3077
3076
3075
3072
3069
3068
3066
3064
3063
3062
3060
3054
3053
3052
3051
3050
3048
3047
3046
3042
3041
3040
3038
3037
3036
3035
3033
3032
3030
3028
3027
3025
3024
3023
3022
3021
3020
3019
3017
3014
3013
3012
3011
3007
3006
3005
3004
3002
3000
2997
2995
2994
2992
2990
2984
2983
2980
2977
2973
2972
2971
2970
2969
2967
2964
2962
2956
2952
2951
2950
2948
2944
2941
2939
2938
2935
2933
2932
2927
2926
2919
2916
2913
2912
2911
2910
2909
2908
2907
2903
2900
2897
2896
2895
2893
2892
2890
2888
2887
2881
2880
2876
2875
2873
2872
2871
2870
2868
2867
2866
2865
2863
2862
2861
2858
2856
2854
2848
2847
2845
2840
2837
2836
2834
2830
2829
2827
2826
2823
2821
2820
2819
2816
2813
2812
2811
2810
