0
3992
775
624
267
2842
3709
854
4034
4022
4012
4010
4006
1206
292
2195
37
1264
1760
3031
2788
3044
287
12
52
3513
498
4033
4029
2456
3946
1224
2167
918
3942
286
875
3689
3003
335
1046
3134
44
607
3854
550
293
3856
47
3729
114
2269
3925
2814
124
1119
3808
2457
1430
3820
3875
2922
3879
234
321
240
301
1586
1194
81
2541
2382
443
453
1693
3987
887
872
877
884
864
699
870
894
866
858
873
867
876
744
704
786
733
893
888
882
878
741
700
837
715
886
761
716
720
799
763
718
841
757
849
737
855
813
762
751
746
721
811
730
833
843
827
809
781
728
705
842
895
890
889
885
881
880
879
874
871
869
863
861
860
859
776
747
729
829
766
719
693
848
810
752
745
726
724
710
696
690
853
847
834
830
792
774
772
828
820
819
783
779
777
765
697
802
788
771
789
782
768
856
852
851
850
846
845
844
840
838
836
835
832
831
826
825
824
823
822
821
817
816
815
814
812
808
807
806
805
804
803
801
800
798
797
796
795
794
793
791
790
787
785
784
780
778
773
770
769
764
760
759
758
756
755
754
753
749
748
743
742
740
739
738
736
735
734
731
727
723
722
717
713
711
709
708
707
706
703
701
698
695
694
692
691
688
687
818
767
732
725
714
712
702
689
686
839
4025
4037
4032
4031
3989
4038
4020
4002
4018
3997
3981
4007
4017
3982
4026
4023
3985
4030
4028
4027
4021
4019
4016
4014
4013
4011
4009
4008
4004
4003
4001
4000
3998
3996
3994
3991
3990
3986
3984
3995
3988
3980
3993
3999
4036
4005
3983
4024
594
667
4035
4015
750
3978
3781
3681
3955
3806
3606
3814
3575
883
182
162
3467
3676
3890
3777
3770
3805
3517
3661
3934
3914
3671
3727
3963
3849
3473
3701
3834
3694
3762
3885
3716
3783
3655
3975
3478
3603
3507
3483
3582
3954
3923
3631
3836
3465
3572
3519
3560
3759
3757
3579
3571
3476
3544
3647
3616
3477
3892
3871
3532
3584
3878
3724
3564
3499
3895
3772
3660
3524
3936
3917
3567
3541
3555
3679
3600
3539
3559
3833
3822
3509
3973
3843
3818
3786
3768
3515
3511
3866
3855
3826
3778
3961
3548
3441
3785
3887
3614
3535
3630
3601
3815
3769
3666
3597
3492
3635
3883
3832
3640
3952
3439
3840
3685
3607
3482
3698
3472
3864
3964
3933
3747
3664
3587
3707
3542
3528
3487
3690
3810
3719
3648
3486
3905
3894
3662
3549
3898
3940
3852
3485
3460
3956
3680
3652
3931
3924
3714
3812
3793
3782
3951
3903
3593
3506
3468
3867
3773
3735
3599
3588
3470
3462
3863
3624
3531
3868
3819
3725
3538
3742
3915
3859
3829
3554
3464
3921
3865
3835
3753
3722
3526
3687
3872
865
32
288
14
233
49
253
97
89
275
273
121
86
343
179
278
309
127
226
115
28
2
264
259
197
36
296
263
177
68
147
6
111
336
328
195
181
4
307
193
23
312
20
184
319
227
112
326
140
295
91
228
2634
2481
1937
2178
2321
1240
3619
3979
3503
3845
3574
3450
3800
320
59
152
77
314
153
294
268
190
260
82
274
251
235
258
330
165
283
276
73
69
65
51
346
194
133
126
92
2017
2545
2380
85
338
347
31
345
242
204
96
291
344
248
239
223
75
341
323
303
271
265
238
231
211
207
188
186
172
141
62
40
30
168
3413
2804
2722
3352
3133
1657
3838
3672
3527
3957
3795
3760
3744
3703
3654
3639
3605
3562
3552
3533
3512
3488
3926
3520
3475
3888
3522
3504
3480
3916
3944
3877
3945
3825
3803
3604
3440
3970
3950
3948
3889
3886
3737
3683
3938
3930
3908
3831
3734
3667
3596
3461
3448
3977
3976
3972
3971
3969
3968
3967
3966
3965
3962
3960
3959
3958
3953
3949
3947
3941
3939
3937
3935
3932
3929
3928
3927
3922
3920
3919
3918
3913
3912
3911
3910
3909
3907
3906
3904
3902
3901
3900
3899
3897
3896
3893
3891
3884
3882
3881
3876
3874
3873
3870
3869
3862
3861
3860
3858
3857
3853
3850
3848
3847
3844
3842
3841
3839
3837
3828
3827
3824
3823
3821
3817
3816
3813
3811
3809
3804
3802
3801
3799
3797
3796
3794
3792
3791
3790
3789
3788
3787
3784
3780
3776
3775
3774
3771
3767
3766
3765
3764
3763
3761
3758
3756
3755
3754
3752
3751
3750
3749
3745
3743
3741
3740
3739
3738
3736
3733
3732
3731
3730
3728
3726
3723
3720
3718
3715
3713
3712
3711
3710
3708
3706
3705
3704
3702
3700
3699
3697
3696
3695
3691
3688
3686
3682
3678
3675
3674
3670
3669
3668
3665
3663
3659
3658
3657
3656
3653
3649
3646
3645
3644
3643
3641
3638
3637
3636
3634
3632
3629
3628
3627
3626
3625
3623
3622
3621
3620
3618
3617
3615
3613
3612
3611
3610
3608
3602
3598
3595
3594
3591
3590
3585
3583
3581
3580
3578
3576
3573
3570
3569
3568
3566
3565
3563
3558
3557
3553
3551
3547
3546
3545
3543
3537
3536
3534
3530
3529
3523
3521
3518
3516
3514
3510
3508
3505
3502
3500
3498
3497
3496
3494
3493
3491
3490
3484
3481
3479
3474
3471
3469
3466
3463
3459
3458
3457
3455
3453
3452
3449
3446
3445
3444
3443
3442
3438
3633
3550
3501
3456
868
857
340
337
334
333
329
327
317
315
311
310
306
305
302
300
299
298
290
289
284
282
281
279
272
270
266
257
256
255
254
252
250
249
247
245
244
243
241
237
236
232
230
225
224
222
221
219
218
