0
4035
852
4024
2195
3071
210
377
1326
2952
891
4008
4006
358
624
585
3650
608
692
1466
1119
2470
918
674
256
642
42
3885
47
1854
1262
3408
183
3807
2483
1586
1627
293
2178
2998
3467
1252
3955
2975
1546
3413
1762
846
1890
864
865
174
2527
785
1027
3801
301
2595
841
699
233
581
883
4015
686
687
688
693
694
695
696
697
698
701
703
705
706
708
709
711
712
713
714
716
718
719
720
724
726
727
728
729
730
731
732
734
736
737
738
739
741
745
747
748
751
752
753
754
755
758
760
762
763
764
765
766
768
770
771
772
773
774
777
778
779
780
781
782
783
784
787
792
793
795
797
799
800
803
804
805
806
807
809
810
814
815
817
818
819
820
822
823
824
827
828
829
830
831
833
834
835
837
838
840
842
843
844
845
847
848
849
853
856
863
876
715
722
723
742
769
789
794
826
836
839
861
889
756
811
813
821
850
689
776
786
888
707
710
733
759
880
746
808
816
878
882
690
867
812
886
761
767
725
702
885
740
791
796
700
874
890
872
869
798
873
691
871
887
870
881
895
825
735
879
704
802
721
858
866
877
868
790
832
788
851
893
894
884
855
717
743
854
859
860
750
744
775
4029
4001
892
875
801
4022
3989
4003
4011
3992
4005
3990
3983
4012
3984
3980
3982
3994
3997
3998
4014
4021
4023
4030
4009
4004
4031
4026
4000
4038
3995
3986
4019
4017
3981
4018
4020
3988
4002
3993
3985
4027
4013
4037
3996
3991
3999
4033
4007
4016
4025
4034
4032
4028
4036
3987
4010
1560
1096
1145
3748
602
668
607
3570
209
3183
335
11
114
12
613
3935
2457
2596
37
2842
2269
287
3230
2079
3453
1386
18
3974
15
447
74
3856
3709
215
3729
3820
638
911
3031
1581
550
43
1834
3853
292
3798
1206
3451
2569
3268
3407
33
282
3746
3846
244
90
145
749
286
401
241
255
1224
443
179
468
3808
52
3875
205
138
1065
1394
1270
2788
3854
3589
1395
160
267
1755
234
2740
2814
305
279
1558
1176
216
3134
1276
3732
70
1690
35
3688
2792
3006
2541
316
379
2704
648
3942
2382
3879
3282
3922
2857
153
3704
1967
1430
2691
3037
154
1233
3959
3125
1046
182
81
157
386
383
356
253
904
1208
1253
411
155
757
1693
97
3560
3744
1071
3691
667
3717
112
1760
71
49
228
3733
240
247
2808
2168
3816
1353
656
3597
207
2922
3375
76
2860
499
61
3575
448
294
191
1034
3699
2722
899
3582
660
2380
2798
454
3928
2714
2481
3811
3689
336
321
571
1002
1362
1105
2442
1194
164
3954
124
3003
384
2106
270
307
2838
1996
2441
453
220
594
327
3946
3121
120
202
1383
166
572
3897
1937
192
552
406
262
2565
3939
467
1856
530
206
3781
2885
673
652
3952
3765
3565
3537
288
1022
3588
3653
3494
3953
2204
1713
1510
1474
3882
3673
3978
2971
1200
3865
3619
2963
1651
945
2817
3910
1969
201
190
125
289
996
3965
3143
3686
1031
3147
1797
2855
3271
3887
1442
1711
3544
3637
3742
2774
283
3074
1607
193
3127
610
3694
3055
472
3849
27
1157
