0
4034
1560
692
3709
287
4024
4022
4015
3570
153
90
892
875
2195
1206
2079
4035
447
307
1046
12
358
49
674
865
321
3729
3798
47
3271
37
1270
1690
1581
3928
3453
1466
3820
1119
2457
233
71
4005
4032
3999
3996
3991
4009
4019
4002
4031
4013
4017
3986
4030
3993
3985
3982
4038
4037
4033
4029
4028
4027
4025
4021
4020
4018
4016
4011
4007
4006
4003
4001
3998
3997
3994
3992
3990
3989
3984
3983
3981
4026
4023
4014
4004
4000
3988
3980
3995
733
691
791
775
749
833
736
768
852
822
707
732
712
702
740
3781
3959
894
882
846
764
761
756
878
876
798
783
763
716
799
790
723
720
711
886
853
773
721
849
759
842
834
800
765
701
695
856
855
854
851
850
848
847
845
844
843
841
839
838
837
836
835
832
831
829
827
826
824
821
820
818
817
816
815
814
813
812
809
808
807
806
802
801
797
796
795
794
793
792
789
788
787
786
785
784
782
781
780
779
778
777
776
771
770
767
766
762
760
758
757
755
754
752
751
750
748
746
744
743
742
741
739
738
737
735
734
731
730
728
727
726
725
724
722
719
718
717
715
714
710
709
706
705
704
700
699
696
694
693
690
689
688
687
3537
3887
3746
3890
3676
3946
3952
3671
3977
3954
3932
3631
3494
3899
3768
3679
3612
3958
3472
3964
3615
3572
3509
3754
3499
3465
3541
3599
3777
3829
3726
3634
3460
3945
3614
3951
3903
3792
3648
3894
3662
3752
3582
3513
3967
3644
3607
3587
2168
2015
3740
3663
3957
3854
3848
3774
3759
3757
3632
3442
3955
3833
3493
3502
3895
3758
3690
3622
3568
3532
3815
3710
3666
3629
3508
3645
3469
3464
3526
3485
3707
3785
3658
3897
871
3484
3457
3681
3640
3497
3450
3659
3503
3762
3703
3557
3461
895
893
891
890
889
888
887
885
884
881
880
879
877
874
873
872
870
869
867
866
864
863
861
859
858
840
830
828
825
823
819
811
810
805
804
803
774
772
769
753
747
745
729
713
708
703
697
686
4036
4012
4008
3987
3539
3870
3738
3543
3555
3794
3569
3511
3722
3976
3975
3974
3973
3972
3969
3965
3963
3960
3956
3953
3949
3947
3942
3941
3940
3939
3937
3936
3935
3933
3931
3927
3925
3924
3923
3921
3920
3917
3915
3914
3912
3910
3909
3907
3906
3905
3901
3900
3896
3893
3892
3885
3882
3881
3879
3878
3876
3875
3874
3871
3869
3868
3867
3866
3865
3863
3862
3857
3856
3855
3853
3850
3846
3844
3843
3840
3837
3836
3835
3834
3832
3827
3826
3825
3823
3822
3821
3819
3818
3816
3814
3812
3811
3810
3809
3808
3806
3803
3802
3801
3799
3793
3791
3789
3787
3786
3784
3783
3782
3778
3776
3773
3772
3771
3770
3769
3767
3766
3764
3763
3761
3753
3751
3749
3748
3745
3743
3739
3735
3733
3730
3728
3727
3725
3724
3720
3719
3718
3716
3715
3714
3713
3711
3708
3706
3705
3704
3701
3700
3699
3698
3696
3694
3686
3685
3682
3678
3675
3673
3668
3665
3664
3661
3660
3657
3655
3653
3652
3647
3646
3643
3642
3641
3638
3637
3636
3630
3628
3627
3626
3624
3623
3620
3616
3610
3608
3606
3603
3602
3601
3598
3597
3595
3593
3591
3590
3588
3585
3584
3583
3581
3580
3579
3571
3567
3565
3564
3562
3561
3558
3554
3553
3549
3546
3542
3538
3536
3535
3534
3531
3529
3528
3524
3519
3515
3510
3507
3506
3505
3500
3498
3490
3489
3486
3483
3482
3478
3477
3476
3474
3473
3470
3468
3466
3459
3458
3452
3447
3446
3445
3444
3443
3441
3439
3908
3619
3765
3760
3747
443
3413
2817
2388
2421
1924
2483
2548
2422
2651
2382
2621
2113
2051
2245
1956
2167
2094
2158
1949
1934
1933
1915
2450
2217
2017
2437
2204
2156
2182
2455
2565
2207
1975
1922
2513
2349
2320
2085
2576
2656
2049
2570
2373
2197
2152
2105
2091
2532
2359
2357
3455
3929
3902
3731
3605
3578
3559
3488
3462
3845
3838
3790
3611
3527
3970
3919
3918
3913
3911
3898
3883
3864
3813
3804
3795
3755
3744
3717
3695
3691
3680
3670
3669
3654
3649
3639
3635
3617
3613
3594
3576
3574
3560
3533
3523
3518
3516
3514
3481
3479
3467
3573
3689
3926
3852
3831
3736
3702
3672
3930
3839
3712
3788
3544
3884
3873
3858
3828
3979
3916
3891
3888
3847
3522
3817
3688
3492
3950
3552
3521
3520
3966
3780
3656
3491
3480
3471
3448
3737
3683
3577
3563
3512
3889
3841
3800
3633
3604
3475
3438
3978
3962
3944
3943
3934
3860
3842
3824
3796
3756
3750
3687
3667
3625
3618
3596
3548
3449
857
3971
3968
3938
3805
3734
3697
3545
3948
3872
3779
3517
3456
868
698
379
572
386
393
564
441
501
351
3904
3859
3849
3742
3621
3600
3463
3961
3566
3551
3530
3504
3496
3437
3880
3775
3693
3586
3547
202
2443
1950
2636
2025
2660
2657
1957
154
293
174
112
305
356
453
411
2162
2926
3235
3197
3094
2721
2671
3127
3155
2824
3128
3063
3251
3322
3066
3122
3144
2746
2840
3269
2805
3053
2907
2821
3428
3059
2766
3349
2752
3422
3225
3199
3109
2850
3074
3424
2736
3329
2667
3052
3095
3236
2816
2718
2878
3430
3153
3139
2954
3418
3131
3167
3032
3137
2663
3015
2846
3050
2747
3300
3294
3234
3314
2972
2959
2670
2791
2709
3309
3008
3303
3388
3304
2928
2917
2680
3212
3435
3394
2773
2731
2729
3433
3293
3238
3029
2987
2929
2924
2810
2681
3390
3364
3195
3108
3036
3022
2927
2906
2763
2754
3065
3064
2986
2880
2867
2827
3048
2832
3348
2956
2851
2698
3362
3232
3226
3174
3149
3054
3004
2988
2969
2960
2916
2915
2912
2890
2866
2862
2815
2757
3296
3270
3035
2674
3259
3061
2984
3419
3330
3272
3252
3188
3116
2991
2939
2770
2765
2720
2831
2452
2378
2556
2077
2040
1984
2288
2147
2585
2365
1968
2430
2354
2104
3345
3185
3152
3242
2733
2938
2871
2957
2708
2701
2672
3411
3010
2693
2688
3343
3027
2923
2270
2316
2654
2606
2573
2506
2467
2340
2257
2172
2165
2103
2078
2033
2624
2615
2590
2578
2561
2553
2454
2446
2408
2381
2376
2323
2290
2276
2275
2271
2261
2200
2150
2123
2122
2121
2112
2083
2073
2055
2043
2037
1997
1989
1943
1917
1921
2170
1969
1974
2448
2260
2618
2022
1973
2355
2312
2228
2048
1961
2525
2126
2295
2568
2415
2644
2637
2612
2581
2566
2361
2335
2313
2296
2277
2209
2205
2193
2186
2141
2080
2036
1944
1936
2522
2298
2601
2600
2560
2428
2414
2240
2239
2234
2218
2211
1964
2075
2057
2367
2302
2259
1987
2659
2658
2655
2652
2650
2648
2646
2645
2641
2639
2638
2634
2633
2632
2631
2630
2628
2627
2626
2625
2623
2622
2620
2619
2614
2613
2611
2610
2607
2605
2604
2603
2602
2599
2596
2595
2593
2592
2591
2587
2586
2584
2580
2579
2577
2575
2574
2572
2569
2567
2564
2563
2562
2559
2558
2557
2554
2552
2551
2550
2549
2546
2545
2544
2541
2540
2539
2538
2537
2536
2535
2534
2531
2530
2528
2527
2526
2524
2523
2521
2520
2518
2517
2515
2514
2507
2505
2504
2503
2500
2499
2497
2496
2495
2494
2493
2492
2490
2489
2488
2487
2486
2485
2484
2482
2481
2480
2479
2478
2477
2476
2474
2473
2470
2469
2466
2464
2462
2460
2456
2453
2449
2447
2444
2442
2441
2440
2439
2438
2435
2434
2433
2432
2431
2429
2427
2426
2425
2424
2423
2418
2416
2412
2411
2410
2409
2407
2406
2405
2404
2403
2402
2401
2400
2397
2396
2395
2393
2392
2391
2390
2387
2386
2383
2380
2379
2375
2374
2371
2370
2369
2366
2363
2362
2360
2358
2356
2353
2352
2350
2348
2346
2345
2342
2341
2339
2334
2331
2329
2326
2324
2322
2321
2318
2317
2314
2311
2310
2309
2308
2307
2306
2305
2304
2303
2301
2300
2299
2297
2291
2287
2286
2284
2281
2280
2278
2274
2273
2272
2269
2266
2265
2263
2262
2258
2256
2255
2253
2252
2251
2249
2248
2244
2243
2242
2238
2237
2236
2235
2233
2232
2231
2230
2229
2227
2226
2222
2221
2220
2219
2216
2214
2213
2212
2210
2208
2206
2202
2201
2192
2190
2188
2184
2181
2179
2178
2177
2175
2173
2171
2166
2164
2161
2160
2159
2154
2146
2145
2142
2140
2139
2137
2136
2131
2130
2129
2124
2120
2119
2118
2115
2114
2110
2109
2108
2107
2100
2099
2098
2097
2096
2095
2093
2092
2090
2089
2088
2086
2084
2082
2076
2074
2070
2069
2067
2066
2065
2064
2063
2061
2060
2059
2058
2056
2052
2050
2046
2045
2044
2041
2035
2034
2030
2029
2027
2023
2021
2020
2019
2018
2016
2014
2013
2012
2011
2008
2006
2005
2004
2002
2001
2000
1999
1998
1996
1993
1992
1991
1990
1988
1986
1985
1983
1982
1981
1980
1979
1978
1977
1971
1970
1966
1965
1963
1962
1960
1958
1953
1952
1946
1942
1938
1937
1935
1931
1930
1929
1928
1927
1925
1923
1919
1918
1914
3313
3217
3072
2863
2702
2686
3214
2795
3103
2990
3434
3421
3321
3287
3189
3089
3087
3038
3009
2904
2901
2828
2772
2748
3171
3327
3335
3203
3191
2780
2738
3182
2803
2719
2690
3350
3210
3118
3068
2779
2820
2697
3298
3288
3207
3077
3346
3018
2951
2881
2724
2976
3886
3877
3851
3830
3797
3741
3721
3692
3684
3677
3674
3651
3609
3592
3556
3550
3540
3525
3501
3495
3440
862
3248
3136
406
530
581
648
657
631
643
622
660
639
618
611
574
573
650
599
582
577
675
661
659
680
664
485
449
568
466
562
552
551
550
533
532
522
505
478
477
476
470
468
467
464
454
437
429
403
401
399
384
383
377
364
349
198
3861
3723
3487
3454
450
382
448
372
371
362
571
