107
2742
2623
3437
686
0
3529
3455
3830
9
1319
3539
2049
3980
724
3791
592
1847
1232
3511
831
846
1421
3290
3759
3610
1808
1202
782
262
273
955
3535
3909
603
1385
3478
1476
693
355
2942
3961
3634
2314
3567
3126
2627
3550
2448
3358
3200
2983
2692
180
1905
380
2727
650
3991
2813
807
2732
2375
3894
2041
763
2878
4001
3538
586
3471
205
1313
164
3624
915
474
5
320
2922
2614
1501
3872
2535
852
3739
3868
1936
1666
1023
829
3709
2076
3607
294
562
1016
145
115
3317
3813
788
1168
2952
173
2885
836
3746
3703
453
929
1333
882
2808
623
2860
2671
3959
2515
613
449
2879
3571
381
3100
2080
23
418
75
212
678
3965
854
4021
880
716
2955
2710
264
3856
3658
3934
534
618
3631
3303
2217
3710
3376
3415
2900
1933
2798
3736
28
393
749
498
485
207
1854
3729
3955
411
3588
86
172
84
3537
11
130
1443
911
3551
2119
4025
269
138
3750
3196
2255
1507
3109
3395
3670
350
3458
144
886
3637
1548
1785
1177
936
3508
3696
808
824
766
2405
1890
2371
2439
254
3281
673
334
3560
943
3490
133
3905
93
940
1760
3790
3635
3627
2975
3605
3441
889
2779
2848
577
576
2262
670
1474
2070
1901
398
178
3134
3368
3074
2572
1889
3128
2948
2799
3053
2756
1560
3461
3756
1815
255
2585
149
822
1392
3807
2693
3874
550
2177
3510
3443
769
3499
1389
555
3898
490
253
3816
928
1546
2027
1167
16
1527
3960
3865
2841
2667
3521
1304
3794
3792
1992
189
3892
459
4033
2185
2855
579
1297
1690
883
3398
2580
899
4
2802
3520
786
1053
2677
3927
3755
1531
2656
820
2837
1762
328
841
288
356
306
3855
2393
1311
3763
2740
3975
2301
3579
1337
923
4010
3323
3244
1403
1094
3523
3770
3562
3015
2017
3933
97
2760
3871
3686
2747
3517
1084
458
2167
522
660
2938
99
385
2113
2941
3282
2819
668
3218
2193
2704
37
3671
643
2838
1353
379
3654
1294
3695
3480
2541
581
971
3188
772
3229
2632
656
3167
1031
1087
2821
3031
813
179
1944
3619
2744
818
3954
895
89
1461
3751
210
2595
18
1042
3309
4014
4002
3994
1410
904
2082
3796
4038
457
2628
1046
3891
1203
2431
1284
2251
3802
2797
2651
2227
721
3271
593
671
3431
1151
1071
1758
704
3941
1529
1704
1077
863
607
102
123
2902
229
186
3367
3937
2886
3278
602
871
466
384
3394
1952
2480
3202
3843
2771
2712
3192
281
106
3641
1651
2978
235
1870
1988
620
1065
100
3554
3722
4019
1695
683
632
482
1681
3848
935
1171
171
630
2444
2207
3864
3493
3947
1157
3832
2569
986
3685
950
1494
407
354
3878
3821
735
888
2751
3310
1166
3820
1147
536
1000
1134
578
582
2120
2523
3828
3662
3682
3531
50
1515
3479
848
2522
797
1169
3094
3885
3946
1767
956
1118
1186
1005
1299
2281
1221
3228
1624
2453
2996
2831
2803
894
617
1114
1739
1850
3413
1234
73
265
231
143
313
341
298
3939
88
69
3118
3827
505
3704
2181
1834
2311
3068
2746
2675
3230
153
2422
1755
677
3838
3707
91
628
2252
3982
700
3910
1759
1080
2528
3603
51
2440
2166
2008
3805
1956
3016
3503
684
2805
3844
1818
1314
1216
549
3304
2690
1141
1667
725
19
3861
568
2829
2013
2872
756
413
3689
696
2899
2824
819
764
3361
1726
3932
2707
2820
2934
1975
1990
767
1825
3595
855
2481
2245
241
2035
2051
2621
2178
3172
94
2424
79
285
250
2421
185
375
182
859
2144
40
122
2031
1264
2476
3272
400
3340
1176
481
548
1446
1801
2699
962
3881
3446
3546
3984
3524
931
2470
3677
228
3785
2479
2582
674
646
3541
1119
3001
2034
3863
3949
3745
2548
3046
792
873
776
969
726
2713
3093
1900
358
640
681
305
658
600
905
3859
3195
496
2688
1544
1164
187
3433
3241
3152
2809
995
3400
2850
3000
3667
2540
3779
351
1812
2737
3405
3697
3492
1968
1921
1552
2346
2025
2658
2014
675
2660
2284
2657
3839
3679
2634
906
3653
3380
3083
1411
3359
1018
3691
3726
1579
3561
3988
3507
3777
3555
3829
1969
2065
737
543
3761
2106
551
3915
3566
3723
470
1906
1161
3209
533
433
4022
3925
3322
1407
3045
789
3757
870
3890
821
1670
2442
1233
3472
1262
472
1924
3572
3896
3457
2413
2953
3867
2487
3622
3369
2766
1481
3809
3783
3987
2195
680
619
3744
573
3808
575
2697
3826
1848
2145
851
1788
1111
1197
3292
743
1641
712
3429
3690
3979
1425
3612
3708
3675
2959
2686
655
1090
1653
3711
3549
885
3749
2806
1213
3837
58
1045
2968
1615
1633
990
1687
1674
1008
3428
1477
1700
832
694
1977
2295
740
838
779
3732
1422
3795
352
2457
3334
3439
2816
1880
1038
1837
608
901
938
3371
1378
777
1568
869
903
2891
1692
629
594
639
1493
2722
1822
3246
389
1555
1874
753
1174
1698
699
1553
3621
1394
1140
1307
3239
3328
1616
751
584
422
657
1831
3044
942
421
1239
3355
468
734
3347
446
3296
2170
4036
3127
1058
775
1133
427
748
840
3217
3102
378
3435
731
865
872
585
3393
4018
3998
3318
2599
3996
3485
2380
3798
2317
3259
2517
2812
850
2362
634
790
985
3977
1025
3887
1776
2341
2238
2160
3646
1194
1318
535
2914
1792
3191
1814
1586
3329
2728
1677
196
83
337
874
803
3536
1312
165
3879
3354
2182
3161
272
2856
2830
3504
1263
2893
3846
2443
974
2788
85
3012
3071
1484
146
3904
3589
158
532
3958
1711
1595
2256
2792
750
65
324
2957
3221
877
796
4011
134
258
1547
2993
1571
2774
1115
1268
1775
3375
2869
141
447
3966
3183
3573
1817
2449
3594
3270
3516
3481
762
3858
1274
3913
3577
2406
3578
3800
3661
3374
1656
3712
2168
1756
1096
3408
4027
3886
4008
3819
3944
2249
3762
3953
3765
3699
1734
3543
2864
642
1224
689
440
2000
3935
1092
1832
1599
1731
3258
1357
1869
1102
879
464
1400
1982
2459
1383
3055
3235
3769
913
3778
166
3592
3850
3135
2994
1012
1287
2752
3853
2702
3599
3414
541
511
860
3993
1781
2197
1401
3650
2945
1043
2186
1451
1093
1240
3269
1346
1417
330
989
2610
46
44
41
382
45
3427
1303
338
825
1679
1103
3301
2979
3185
501
1510
2847
290
387
1606
66
571
1244
401
2933
478
1412
140
111
933
3349
74
2923
3069
922
59
96
344
1981
1057
216
1627
4015
14
2801
597
230
2635
3112
275
2823
3308
335
247
163
2
1226
1179
1022
441
4006
201
1418
2691
1838
3343
1934
2700
215
3042
3331
3420
135
1524
1485
225
90
3995
33
3973
3771
260
2950
112
267
3917
445
192
3748
160
52
2791
3273
1587
218
2316
301
1229
1310
2466
1636
1381
34
884
327
723
3180
38
15
2094
1027
3287
2725
296
1386
157
652
3606
476
900
300
2456
2969
1745
124
1217
284
1429
221
116
3574
3548
3633
3824
3741
1899
1580
7
3530
2762
460
415
558
2455
425
1372
3316
1144
1511
701
987
1371
1468
3392
1136
2854
3237
1356
3753
3222
2999
3066
3089
3460
3972
3103
2447
454
3642
3734
2874
1419
3313
3190
3327
3399
2741
508
765
3058
3373
3496
3601
1212
1210
504
404
2272
280
117
67
2503
2152
1978
2248
2175
738
719
2441
3412
540
469
248
236
1671
1241
1338
3205
3124
2345
1859
1635
1019
844
706
828
845
3447
3814
2412
2668
3764
1866
1588
1088
3477
1085
3651
3784
2650
2426
626
150
1072
3956
666
2513
2888
127
108
139
2662
3035
3383
2954
2759
2298
529
857
1450
3945
222
188
113
3181
3251
239
1127
1236
2964
1505
1593
1534
2733
3179
3835
3553
3442
1915
1413
509
424
518
4031
3449
1328
4030
219
802
961
3145
3385
2758
2785
3253
1427
3804
583
414
661
2497
2023
3289
2764
2100
175
2932
402
3057
1996
1478
1545
3476
3957
3799
3638
1541
1037
1109
2092
2303
3506
3714
3569
3509
3486
181
152
2807
823
780
2129
1738
3825
1138
3971
3484
1193
625
609
589
3725
3657
3473
3912
3758
3468
3680
3924
3951
3463
3931
3840
3698
3629
3907
3715
3424
3664
3920
3587
29
2435
2097
1951
2633
3648
1142
366
435
3834
3532
697
856
3719
3469
3024
3302
1436
1235
326
20
214
333
49
944
1904
1500
1275
3884
3841
3625
3968
3364
3105
2695
3023
2057
30
394
494
1910
1640
659
595
599
3214
3488
3730
3737
3596
3557
310
3806
2361
2228
2126
2173
800
835
727
688
853
3766
3500
1296
937
992
1892
1648
1896
1424
1798
878
876
2780
2846
1152
1650
1035
1106
2709
3307
3255
2865
3335
3111
3236
3831
3456
3495
3929
3656
217
119
3990
1965
2114
1
48
3901
118
268
63
223
170
211
128
56
271
270
25
227
3505
1797
437
226
2562
3356
3366
3019
3210
3402
3256
3401
2450
3315
3095
3092
3900
3593
3833
605
644
636
598
616
682
434
3497
3576
3514
3528
259
2663
3137
2918
698
3997
784
711
722
3701
612
257
26
325
315
304
295
21
432
546
245
240
155
2488
2277
2357
2947
397
516
357
486
480
2721
3121
729
1452
1895
2946
806
732
3080
17
312
293
489
361
3644
3936
3747
826
761
842
827
805
742
707
847
787
768
733
705
799
809
814
3186
2845
2015
2388
2403
3445
3743
3575
3522
2618
2402
2089
309
242
36
159
31
200
109
297
213
169
132
224
323
