107
777
3980
273
3864
259
3546
138
870
43
2788
241
2437
1353
1657
269
655
2513
3783
3622
3588
3910
287
264
3746
3820
4012
860
4025
3983
4028
891
744
864
867
757
790
851
1560
1119
674
3974
2195
2079
608
3031
581
468
2595
216
2857
1693
279
3408
3854
61
3125
327
572
2922
3271
2952
3375
1022
2621
1297
671
3322
3376
2493
1140
522
3972
312
2320
3630
2933
178
2997
144
3516
5
69
295
3624
2
221
3539
3427
3899
3863
162
3566
311
151
3660
64
2528
3439
3218
34
3694
3765
3806
3637
3489
3844
152
207
190
202
3467
3787
219
2527
76
1760
301
193
3801
2106
253
3875
205
90
255
3453
3709
18
3798
3451
292
895
894
293
862
3634
231
3658
133
3815
3773
3696
3944
3454
3562
3595
121
50
3934
3507
3958
3461
3843
60
3600
63
126
129
3814
3916
163
3812
3865
91
3570
4010
3991
3700
3984
3981
4013
4002
892
4003
750
749
699
872
881
884
785
893
796
691
888
869
707
808
789
850
876
782
748
1206
2269
3856
215
585
2596
358
3183
335
3853
1386
74
11
3729
282
2569
550
1581
638
3268
401
52
3807
1394
179
70
1270
35
2382
1627
1326
2814
97
81
2541
454
1276
2817
2704
71
3147
1558
3134
1395
648
3282
1233
1252
2178
2808
351
307
2565
191
2798
3372
2714
2885
2380
1362
464
2860
3955
1607
406
270
1474
1383
1713
945
86
3227
2245
929
2015
1969
296
2824
485
3890
3961
533
1777
1354
3904
1579
3432
44
3905
243
1202
1759
2899
3270
937
2580
3175
621
2632
985
1111
333
478
2811
2008
3317
1203
2926
3308
3428
540
466
1218
1840
2678
1775
1023
1697
1443
2066
433
1138
3543
3311
2252
10
2801
1696
2935
1013
405
2360
629
2685
490
2723
2837
2982
3222
3151
1930
3357
1385
2119
569
2587
2859
403
1410
578
3075
1803
1494
488
1085
3764
3480
3956
2160
339
3896
3918
2401
2260
3836
3474
3866
2170
3312
123
2789
3646
55
3760
2349
2486
103
3620
345
41
2444
3889
2114
326
2455
3571
2949
3726
57
115
3579
1992
3703
3967
3809
2983
258
3975
284
171
343
3512
116
214
314
3895
3736
3769
3823
3788
3778
108
65
14
3784
3883
20
3874
226
3940
298
3523
2466
3066
17
137
156
3861
28
3592
3515
2760
111
3919
3777
3520
3614
146
3767
1045
3878
2255
3857
36
3662
310
3603
3490
135
309
344
175
3572
150
3880
1499
3755
3888
58
96
173
3754
3973
1387
208
3772
3834
2886
3552
99
317
100
337
3949
657
3531
3536
3616
3401
3977
340
3638
3457
83
3682
93
3626
3723
189
3585
198
229
3141
3771
3908
2034
2861
235
3053
167
3354
3932
3091
2487
1956
3678
1838
3059
131
3661
2799
1711
1254
3716
3789
3665
32
3686
3216
3923
3447
3882
3965
564
3749
364
3513
3544
441
399
3745
3887
393
89
206
2930
120
2776
3619
3781
3849
3606
3928
1776
124
3597
3653
3537
3565
336
3121
3689
3952
164
3939
3742
1996
95
166
3897
6
240
3954
192
174
3691
2204
321
3699
247
3704
3733
3127
499
201
305
3055
3732
3942
3688
3589
386
2483
379
3808
154
182
286
42
233
256
12
114
863
4035
861
732
887
877
874
775
871
4027
4031
4020
865
4016
3990
328
78
181
3446
49
110
3816
306
218
275
4
237
3639
3602
3747
858
316
3963
3437
3449
3495
3521
3545
3577
3584
3593
3596
3604
3611
3633
3640
3684
3756
3790
3793
3800
3824
3830
3838
3851
3877
3938
3948
3951
3971
3456
3501
3506
3586
3672
3680
3734
3906
3924
3926
3930
3962
3966
3448
3674
3677
3692
3804
3968
3442
3488
3731
3737
3797
3842
3873
3902
3514
3558
3605
3758
3518
3705
3860
3576
3629
3702
3810
3829
3945
3525
3529
3900
3540
3625
3528
3568
3722
3782
3884
3557
3869
3455
3542
3599
3617
3841
3553
3794
3833
3464
3687
3947
3475
3826
3858
3486
3822
3886
3651
3693
3728
3750
3921
0
21
25
26
56
67
119
122
199
200
252
261
271
277
304
315
322
323
332
9
98
170
188
203
239
272
285
313
3609
3721
142
186
3460
3711
3738
40
236
325
113
118
172
280
291
3714
213
169
342
3526
109
3590
3718
3835
3870
82
211
3828
13
3469
3569
3710
3468
3635
3559
3740
3466
3943
3730
3969
3463
3713
53
104
3821
128
3491
3753
3907
3471
3867
3440
3578
3706
224
141
3642
223
3707
161
265
329
3438
3497
3636
3831
3643
3505
334
3527
185
346
3573
3909
308
3534
242
3786
3667
3915
297
3719
3768
62
3891
72
249
3825
3852
232
3690
238
3845
3656
3697
158
3927
3931
3509
3443
248
3618
324
3508
3458
3670
3761
3499
3462
3554
94
204
303
3623
48
3785
148
3803
31
80
3510
92
331
134
3601
3933
3752
3648
3550
302
3485
3615
3850
3862
3913
3591
3608
3627
3741
194
180
3511
3555
299
3791
3698
3517
3881
3498
3493
276
