0
4019
854
37
33
892
287
241
3885
1558
386
2767
3801
49
692
860
4010
883
4035
744
859
4012
743
4011
4033
4007
3983
4022
3999
3853
74
3820
215
2596
209
358
210
3451
3935
15
114
3798
1096
43
12
585
642
3746
145
286
401
1224
205
2792
468
1394
1690
3942
2541
3282
2857
160
3125
182
904
3733
2808
3560
228
2998
207
656
3413
2798
336
2722
3699
3689
2106
552
2885
202
206
2971
193
3290
3429
1455
229
3600
3607
3122
1896
3878
2437
865
192
667
2691
52
42
3989
255
868
3984
875
4028
801
891
4024
594
750
895
879
858
894
785
699
775
749
4034
4006
4032
4036
4001
3987
4029
871
866
884
852
3996
3992
4015
872
881
870
788
877
893
757
3991
4025
826
812
725
700
776
890
846
735
721
704
802
717
855
841
4016
3990
686
687
688
694
695
696
697
698
701
703
705
706
708
711
713
718
719
724
726
727
728
731
734
737
738
739
741
745
747
748
752
754
755
758
760
764
766
770
772
773
774
780
781
783
784
787
792
793
795
797
800
803
805
807
809
810
814
815
817
819
820
823
824
827
828
829
830
834
835
838
840
842
845
847
848
849
853
856
709
720
730
778
804
818
831
722
762
763
771
777
779
806
839
765
769
794
833
844
693
714
736
768
789
837
843
732
836
753
782
822
712
751
889
723
729
799
716
742
876
813
863
715
878
850
861
707
759
756
808
786
811
746
690
821
761
888
816
882
886
710
733
767
880
689
702
740
791
869
796
885
867
691
874
825
798
873
887
864
851
832
790
4013
4027
4003
4005
3981
4000
4018
4002
4037
3980
4030
3998
4023
4014
3982
4021
3994
4031
4009
3997
4004
4026
3995
4038
3986
4017
4020
3988
3985
3993
4008
624
3570
613
2195
1145
674
447
335
668
602
3071
3183
3729
1834
608
11
638
3709
2457
2842
1560
3453
2569
918
607
1581
1206
2079
1119
3031
550
2470
3748
292
18
911
3974
3856
2269
3650
1466
1386
3230
282
3407
581
233
3268
244
256
3846
90
47
377
179
443
1270
3037
2788
3808
3875
1854
154
3807
70
216
379
3688
267
1430
3134
3922
1967
1326
3854
279
1233
1586
305
648
1755
3006
2704
1176
2382
3408
153
3704
2483
234
3589
2740
316
1065
3959
2814
1395
3879
1262
138
1046
2595
183
35
3732
1276
81
1208
157
1627
1027
383
301
97
356
1693
253
411
1071
2168
1253
3717
155
3744
1760
899
3691
112
293
71
1002
1194
247
1105
3816
454
61
76
2178
1353
1252
2922
2527
499
294
1546
2481
2952
3575
2380
2714
321
3811
3582
2860
3375
191
660
240
1362
1034
2442
3928
448
3955
2975
571
3597
164
3467
174
3954
1996
307
467
201
572
124
453
120
3121
384
2817
2565
327
2204
3003
3147
3565
270
2838
2441
262
3537
1383
3653
3946
3897
166
1890
3143
3673
3055
220
190
3619
1200
3939
2774
945
125
3882
3781
3494
3074
3953
652
3952
1937
3965
1856
3978
3865
996
3742
2855
1762
3910
3127
3887
1031
1713
3686
530
3588
1711
1022
3765
1651
289
1969
1510
673
406
3544
2963
288
1442
1474
464
110
3271
3637
219
351
264
3849
3444
1797
1776
3676
3694
910
472
1057
1607
283
3489
1157
1657
1264
245
2015
3606
147
349
3795
235
2219
3890
3787
1295
1486
2980
1777
929
2431
2422
152
3925
498
371
6
3227
1579
3844
2505
1354
3839
3310
250
27
2634
34
2692
2230
2167
671
610
3305
1346
593
3059
485
95
1038
1240
1417
2736
1476
46
562
3678
269
1147
1133
3661
649
1254
3665
3477
1838
3805
3091
91
77
3749
2776
2671
259
3751
3745
3513
3806
1664
533
8
2721
44
