0
3983
875
668
4015
3992
4033
3183
3798
1386
3570
209
3729
37
292
2569
1206
3451
3748
674
358
2457
1145
3846
581
282
90
3885
3875
316
3589
2704
2857
757
112
1071
3560
293
207
571
2998
852
3939
866
858
791
147
667
1253
3801
3746
4036
3984
594
4011
3999
4005
4006
4028
4001
4024
4010
4008
3980
3982
3994
3997
3998
4014
4023
4030
4000
4004
4038
3986
3995
4009
4020
4021
4026
4031
4017
4019
3981
4018
3988
4002
3989
4027
3985
3993
4013
4003
4037
3996
3991
4025
4007
4016
3990
4034
4032
4029
4012
3987
4035
4022
15
692
1581
2842
801
911
638
2079
892
608
11
3230
3935
3453
2195
3031
1119
43
918
2269
3709
1834
891
1096
18
602
550
287
613
210
3071
585
335
215
447
3974
2470
74
3820
607
114
3650
1466
3853
1560
624
12
3856
2596
883
3407
42
3268
256
233
244
642
33
145
1224
401
749
47
286
377
775
255
241
750
3688
2788
443
3808
468
744
205
179
1395
1233
3922
52
3854
3704
2382
1270
154
1967
1854
2541
841
699
1176
2814
1276
138
153
3879
35
859
279
1755
860
3807
1262
1326
1690
216
3282
305
1394
2740
160
3942
3125
267
3134
183
3732
234
70
1430
3959
648
379
3006
2792
1558
3037
1065
3408
2691
182
1046
386
2595
2483
1586
904
383
81
301
1627
1208
157
1027
1693
1760
155
253
411
49
3691
97
3744
356
785
3733
247
854
3717
743
71
1034
76
2168
2808
3816
3413
499
3928
2722
454
294
2380
61
2442
164
1353
2798
2527
191
336
240
3597
2922
2952
448
1252
3699
2975
3467
2481
3689
1194
321
2860
3375
2714
899
3582
3955
3575
656
228
1546
660
1362
2178
3811
717
1002
1105
855
174
884
893
3954
3121
894
832
790
124
307
2838
384
3781
270
192
552
2106
1651
788
652
120
877
1996
865
851
2565
3588
2885
3537
206
453
3965
3910
2971
3653
406
125
3143
2204
1383
467
1474
1937
673
3565
1713
572
201
1762
166
3952
3619
868
327
3978
3897
3686
3953
3946
3494
190
3673
2441
262
220
288
2963
1510
3882
1022
289
3765
1200
996
530
945
3003
3865
1856
1969
202
864
1031
2855
3544
2817
3147
1890
1711
3271
802
3887
704
1797
351
735
3742
910
1442
27
2437
1157
1057
895
593
3694
1147
721
464
193
879
846
3074
2980
2634
1476
152
3227
3676
3059
283
3606
3055
245
2015
1776
1607
1295
264
2736
887
3787
3839
3805
3444
825
3925
3637
3127
2505
1657
3844
671
649
3290
2431
1346
929
691
110
2422
2230
1038
472
3678
2774
2167
1264
349
46
881
34
2219
235
3849
1579
1354
798
2692
870
3795
1777
890
3890
873
562
3310
3305
1486
1417
874
3489
871
610
3429
485
250
219
872
1455
371
869
498
3665
1133
77
867
796
761
700
95
821
812
740
733
3963
3751
702
3848
3724
3044
886
710
882
880
811
808
786
759
725
689
6
3745
3727
1855
885
816
767
690
102
3661
2721
1664
1240
1168
863
776
715
269
3859
3447
2621
1838
888
850
826
756
746
2824
889
876
861
836
813
799
794
768
736
729
723
3217
878
856
853
849
848
847
845
844
843
842
840
839
838
837
835
834
833
831
830
