0
4024
4015
3230
2569
4010
3183
1834
215
2195
2269
37
585
918
891
287
624
3729
114
3942
3959
1967
443
267
1262
112
1034
3413
667
3987
4022
4008
4035
4029
4001
4036
4032
3983
4006
4034
4005
3992
4033
4016
4007
4025
3990
3999
3996
4037
4011
3993
3989
4003
4018
3985
4027
4020
4013
4000
3988
4038
4031
4030
4026
4023
4021
4019
4017
4014
4009
4004
4002
3998
3997
3995
3994
3986
3982
3981
3980
594
3991
4028
4012
3984
74
3453
1386
613
3974
1206
12
2079
1466
1096
18
883
3853
209
3071
1560
674
2842
3451
892
2457
1581
292
608
3748
607
692
3798
3709
335
43
3650
358
11
3031
3856
2470
1119
2596
875
911
210
801
447
1145
668
550
15
638
3820
3570
3935
602
3746
3268
42
233
581
244
33
282
3846
3407
256
642
90
286
401
377
47
3854
145
1224
255
3885
154
2382
2541
1854
1558
379
2857
468
35
3408
279
70
1394
775
216
3922
1276
3879
1755
52
153
1176
241
1690
3732
3688
3134
744
3875
1270
3589
3125
3808
3807
749
1065
648
3006
1395
2740
234
138
1233
205
2814
305
860
1326
3282
1430
183
2788
699
3704
750
316
160
859
2704
841
179
2792
3037
2691
1046
81
3801
386
904
1586
383
182
301
2483
2595
157
253
155
97
411
1027
3717
454
356
1627
293
3560
1253
2922
3689
2798
1208
3691
1353
2442
1071
3811
2380
1760
660
228
854
743
656
3375
76
3582
71
3733
1693
294
3928
2860
2722
3744
2714
1362
3816
3575
2481
3597
2975
321
448
3467
2998
1546
336
2168
499
191
49
3699
247
164
2808
1252
899
785
2952
757
240
61
207
2178
1194
571
2527
3955
1105
855
1002
852
788
174
327
1937
307
868
406
1856
717
124
120
3965
2838
2441
1031
3865
3954
3952
3121
2204
1996
1762
3619
2565
384
220
832
652
206
192
3953
3653
2963
1510
894
884
865
201
3537
3143
2855
1200
790
3003
453
270
3565
2106
945
877
202
125
3673
1969
1713
1022
893
673
552
3882
3686
2885
3939
851
572
262
190
3897
996
530
288
3910
3781
1383
289
3978
3946
1474
467
166
3494
1651
3765
3588
2437
2971
2167
1797
1776
866
704
1038
864
721
464
485
3795
1711
1657
802
351
46
3887
3544
3271
2692
2219
1607
283
3925
3849
3839
3805
3444
2015
472
193
3844
3676
3429
3147
2817
2634
2505
1777
1486
1455
1442
1264
245
3694
3606
2736
2422
1521
1354
1057
858
735
649
34
3637
3310
3227
3127
1890
269
264
3890
3742
3305
3074
3059
2980
1476
1417
1157
879
691
610
593
152
110
3977
3787
3678
3447
2388
1346
1147
1087
910
798
562
371
349
250
235
3290
2621
2431
1759
1498
1295
1151
887
846
796
671
655
3893
3727
3660
3477
3055
2671
2375
1792
1664
1579
1254
929
95
27
3848
3751
3745
3513
3489
3441
3161
2884
2321
2230
1838
890
881
873
870
533
365
219
117
77
3970
3963
3665
3632
3457
3432
3217
2776
2774
2580
2517
2493
1924
1301
1297
1168
1133
895
882
874
872
871
869
825
812
791
761
700
657
498
390
229
147
83
44
32
6
3941
3916
3904
3859
3724
3700
3652
3552
3445
3424
3323
3270
3216
3175
3126
3094
3044
2899
2824
2767
2752
2721
2678
2651
2456
2227
2094
1855
1552
1414
987
985
889
888
886
885
880
878
876
867
863
861
856
853
850
849
848
847
845
844
843
842
840
839
838
837
836
835
834
833
831
830
829
828
827
826
824
823
822
821
820
819
818
817
816
815
814
813
811
810
809
808
807
806
805
804
803
800
799
797
795
794
793
792
789
787
786
784
783
782
781
780
779
778
777
776
774
773
772
771
770
769
768
767
766
765
764
763
762
760
759
758
756
755
754
753
752
751
748
747
746
745
742
741
740
739
738
737
736
734
733
732
731
730
729
728
727
726
725
724
723
722
720
719
718
716
715
714
713
712
711
710
709
708
707
706
705
703
702
701
698
697
696
695
694
693
690
689
688
687
686
586
480
317
311
263
106
63
3936
3923
3911
3908
3899
3864
3812
3806
3772
3771
3749
3716
3712
3661
3600
3572
3515
3461
3428
3401
3398
3372
3370
3317
3122
3045
2811
2804
2791
2790
2632
2358
2256
2245
2105
1949
1403
1372
1240
1203
1202
1154
1094
1058
1053
998
935
923
621
549
540
476
459
347
340
338
337
300
260
243
217
189
167
162
102
93
91
86
60
38
3979
3976
3975
3973
3972
3971
3969
3968
3967
3966
3964
3962
3961
3960
3958
3957
3956
3951
3950
3949
3948
3947
3945
3944
3943
3940
3938
3937
3934
3933
3932
3931
3930
3929
3927
3926
3924
3921
3920
3919
3918
3917
3915
3914
3913
3912
3909
3907
3906
3905
3903
3902
3901
3900
3898
3896
3895
3894
3892
3891
3889
3888
3886
3884
3883
3881
3880
