107
797
143
3752
3994
337
205
2100
305
3989
296
3676
3570
2470
2792
1002
351
1111
3720
288
594
206
147
18
4026
4015
149
69
3537
61
3446
3814
3544
3444
3942
3859
3600
3575
717
3754
3803
699
859
854
798
3983
702
888
742
2269
1560
608
1119
154
1394
1270
3127
1558
2204
2167
2998
571
2860
1937
3218
2487
2861
2855
2528
2375
2884
1202
3376
679
3128
365
2903
2834
1562
3197
2466
2522
1088
3066
923
4
275
3749
166
2774
3854
193
3959
182
47
3875
3746
145
233
179
3650
256
3729
4025
3990
865
3980
131
124
86
100
3985
3647
318
30
85
187
88
281
344
135
260
3988
126
3638
27
125
3848
89
259
3939
3688
112
3589
3922
160
52
33
210
3846
4033
3984
140
298
3
54
262
208
14
168
3743
338
3901
235
3865
3911
3673
3716
3781
3925
3986
4000
3556
3796
3631
3473
3572
3871
3678
3765
3530
3839
3923
3981
3561
3668
3912
3876
3755
3973
3936
3679
3531
3890
3694
3978
3727
883
891
3569
3760
3652
3582
894
3979
3840
3663
3496
3493
3462
3667
3713
3458
3862
3685
3708
3610
3649
3664
881
858
749
887
872
864
801
802
788
4008
825
893
4006
3999
740
882
771
869
889
700
737
793
817
613
292
209
3031
1206
335
3798
918
911
3071
90
15
2079
3974
638
602
282
447
674
2842
1386
1145
642
3268
377
1586
356
1105
2541
1326
2814
1693
2106
499
453
1430
2481
1176
1276
3271
1546
1353
552
384
1776
3180
476
2838
464
910
3131
1657
3121
3375
2722
2798
2442
996
1057
1713
2017
532
1254
929
3143
3290
1022
2824
2015
1838
1969
1295
673
1031
1510
2034
485
1455
1664
533
2692
987
955
3401
2517
3045
621
3161
3270
1654
2256
3333
586
2926
3389
1372
540
1461
1977
466
3012
529
1414
1775
2066
2545
1140
1908
429
1631
631
3155
1905
449
1822
2935
1384
2942
2252
1933
2158
405
986
3405
943
3190
2816
1055
382
3349
2968
2710
3229
2954
2744
3352
1234
3048
3246
3210
616
2995
3058
3326
516
3167
2403
640
620
1650
1575
1484
3279
3262
1667
1648
2383
653
3273
2813
2841
2107
579
1866
678
2764
1421
2759
1187
2851
1988
3139
1328
659
2401
2622
2726
2291
611
2682
2076
2349
2426
2486
970
2170
2888
2262
2320
2444
3095
2490
2949
1992
2889
2558
3318
3309
1178
3325
2703
171
3402
3382
2972
2515
3423
2959
3314
2982
961
2879
3153
3283
1197
1177
2217
2450
1889
1154
2051
3425
1138
1045
1193
3083
1387
1499
1218
3546
956
1030
912
1896
2886
2548
1788
979
1301
3970
1297
3322
2263
3126
1038
3632
3723
44
2621
3227
3310
2431
1486
1956
2422
3354
3894
2441
306
498
3597
564
3887
273
195
3963
1890
3787
3751
240
3560
234
91
174
327
183
1071
3074
1253
3732
155
201
316
279
3807
253
49
35
1208
3037
37
241
244
3748
12
3853
3820
4011
822
3995
768
3993
4027
714
782
707
733
3992
4024
4022
4010
4029
895
278
3888
3483
3644
3792
3553
3690
3927
3698
3878
855
3606
3904
227
3861
3778
3622
3774
3918
4009
3536
3624
3490
3549
156
4003
270
3813
68
3949
3863
63
23
96
41
137
4004
4021
3998
3982
264
3849
3745
319
32
3932
230
283
64
3616
333
38
17
73
146
