686
4028
750
3407
18
305
1027
2168
3575
447
286
157
2269
90
70
233
3268
4008
3974
1627
4001
3983
3987
4020
3996
4031
594
4004
3995
4026
4038
4037
4036
4035
4034
4033
4032
4030
4029
4027
4025
4024
4023
4022
4021
4018
4017
4016
4015
4014
4013
4012
4011
4007
4006
4005
4003
4002
4000
3999
3997
3993
3992
3991
3990
3989
3988
3986
3985
3984
4019
3998
3994
3982
3981
3980
4009
855
707
689
746
839
822
806
791
789
796
850
704
771
854
852
851
841
836
833
821
816
813
812
808
802
798
788
786
785
782
775
768
767
757
756
749
744
743
742
740
736
733
732
725
717
714
712
702
692
691
690
2106
858
895
878
825
846
826
777
727
853
766
778
818
739
832
763
734
710
874
827
761
735
837
809
807
792
783
774
770
728
716
847
829
799
795
794
790
784
773
762
752
751
738
737
723
722
720
715
711
706
700
882
814
755
713
845
843
838
835
831
820
817
797
793
787
779
765
764
759
758
748
741
730
718
890
849
848
844
842
834
828
824
815
800
781
780
760
754
753
731
726
724
721
719
709
705
701
696
695
694
693
688
687
2595
2541
2441
1956
1924
2437
2455
2034
1922
1915
2439
2535
2281
2167
2656
2255
2570
2041
2357
2650
2454
2349
2197
2070
2236
2152
2477
2341
3801
3588
3560
3911
3864
3502
3537
3606
3844
3720
3666
3772
3523
3642
3808
3739
3567
3795
3767
3622
3675
3952
3770
3947
3631
3920
3903
3646
3913
3924
3724
3883
3649
3516
3479
3747
3967
3912
3595
3541
3543
3784
3708
3777
3761
3510
3706
3881
3786
3630
3515
3614
3564
3648
3584
3468
3713
3636
3590
3498
3528
3497
3737
3860
3956
3829
3645
3936
3876
3865
3850
3735
3722
3710
3678
3608
3597
3472
3470
3536
3616
3779
894
893
892
891
889
888
887
886
885
884
881
880
879
877
876
875
873
872
871
870
869
868
867
866
864
863
861
859
856
840
830
823
819
811
810
805
804
803
776
772
769
747
745
729
708
703
697
2631
2550
2078
1966
2591
2554
2553
2532
2430
2381
2359
2311
2307
2201
2140
2056
2005
2534
2497
2411
2371
2248
2023
4010
3925
3954
3849
3726
3566
443
3322
3197
2952
3427
2767
3336
3112
3314
3367
3424
2715
3388
2837
3200
3428
3045
2747
3249
2884
3271
3127
2709
3300
3095
3163
3237
3238
2696
2930
3435
3025
2794
2766
2723
2807
2663
2670
2954
3008
2982
3417
3400
2792
3275
2907
2679
3301
2969
2960
2867
2683
3052
2919
3357
3138
3093
2751
3099
2856
2851
3363
3232
3226
3184
3054
3040
2967
2866
2786
2669
2804
182
1969
2014
2358
1961
2126
2633
2006
183
201
2843
2630
2624
2619
2607
2578
2469
2464
2423
2408
2363
2353
2257
2165
2139
2021
1971
1953
2576
2426
2107
2260
2166
1928
2584
2476
2288
2234
2142
2641
1919
2480
2474
2310
2256
2210
2177
2572
2215
2599
2416
2366
2270
2141
2066
2604
2560
2449
2429
2428
1942
2297
1921
2432
2274
2235
2222
1941
2610
2296
2232
2209
2036
2438
2518
2294
1970
2659
2658
2657
2655
2654
2652
2651
2648
2647
2646
2645
2644
2639
2638
2637
2636
2634
2632
2628
2627
2626
2625
2623
2622
2621
2620
2618
2615
2614
2613
2612
2611
2606
2603
2602
2601
2600
2596
2594
2593
2592
2590
2587
2586
2585
2581
2580
2579
2577
2575
2574
2573
2569
2568
2566
2565
2564
2563
2562
2561
2559
2558
2557
2556
2552
2551
2549
2548
2546
2545
2540
2539
2537
2536
2531
2530
2528
2527
2526
2525
2524
2523
2522
2521
2520
2517
2515
2514
2513
2507
2506
2505
2504
2503
2500
2499
2496
2495
2494
2493
2492
2490
2489
2488
2487
2486
2485
2484
2483
2482
2481
2479
2478
2475
2473
2470
2467
2466
2462
2460
2457
2456
2453
2452
2450
2448
2446
2444
2443
2442
2440
2435
2434
2433
2431
2427
2425
2424
2422
2421
2418
2415
2414
2413
2412
2410
2409
2407
2406
2405
2404
2403
2402
2401
2400
2399
2397
2396
2395
2393
2392
2391
2390
2389
2388
2387
2386
2383
2382
2380
2379
2377
2376
2375
2374
2373
2370
2369
2367
2365
2362
2361
2360
2356
2354
2352
2350
2348
2346
2345
2342
2340
2339
2338
2337
2335
2334
2331
2329
2326
2324
2323
2322
2321
2320
2318
2317
2316
2314
2313
2312
2309
2308
2306
2305
2304
2303
2301
2300
2299
2298
2291
2290
2287
2286
2280
2278
2277
2276
2275
2273
2272
2271
2265
2263
2262
2261
2259
2258
2253
2252
2251
2249
2245
2244
2243
2242
2240
2238
2237
2233
2231
2230
2229
2228
2227
2226
2221
2220
2219
2218
2217
2216
2214
2213
2212
2211
2208
2207
2206
2205
2204
2202
2200
2195
2193
2192
2190
2188
2186
2184
2182
2181
2179
2178
2175
2173
2172
2170
2164
2162
2161
2160
2159
2158
2156
2154
2150
2147
2146
2145
2137
2136
2131
2130
2129
2124
2123
2122
2121
2120
2119
2118
2115
2114
2113
2112
2110
2109
2108
2105
2104
2103
2100
2099
2098
2097
2096
2095
2094
2093
2092
2091
2090
2089
2088
2086
2085
2084
2083
2082
2080
2079
2077
2076
2075
2074
2073
2069
2067
2064
2063
2061
2060
2059
2058
2057
2055
2051
2050
2049
2048
2046
2045
2044
2043
2040
2037
2035
2033
2030
2029
2025
2022
2020
2019
2017
2016
2015
2013
2012
2011
2008
2000
1999
1998
1997
1996
1993
1992
1990
1989
1988
1987
1986
1985
1984
1983
1982
1981
1980
1979
1978
1977
1975
1974
1968
1965
1964
1963
1962
1960
1958
1957
1952
1951
1950
1949
1946
1944
1943
1938
1937
1936
1935
1934
1933
1931
1930
1929
1927
1925
1923
1918
1917
1914
1913
3345
3375
3192
3167
2996
2722
3391
2712
2802
3329
2742
2949
2933
2860
3160
2701
3365
2803
3422
3344
3321
3299
3140
3120
3087
3009
2973
3264
3203
3148
3085
3036
2916
2782
2746
2694
2680
2942
3179
3191
3273
3204
3397
3396
3378
3350
3277
3082
2992
2939
2936
2863
2778
2708
2674
3356
3253
3177
3154
3133
2830
2829
2758
2737
3731
3884
3785
3603
3902
3852
3496
3454
3683
3477
3888
3626
3780
3512
3612
3693
3760
3692
3930
3929
3908
3625
3831
3804
3703
3687
3596
3438
3979
3978
3977
3976
3975
3973
3972
3971
3970
3969
3968
3966
3965
3964
3963
3960
3959
3958
3957
3955
3953
3951
3950
3949
3946
3945
3944
3942
3941
3940
3939
3938
3937
3935
3934
3933
3932
3931
3928
3927
3926
3923
3922
3921
3919
3918
3917
3916
3915
3914
3910
3909
3907
3906
3905
3904
3901
3900
3899
3898
3897
3896
3895
3894
3893
3892
3891
3890
3889
3887
3886
3885
3882
3880
3879
3878
3874
3873
3871
3870
3869
3868
3867
3866
3863
3862
3859
3858
3857
3856
3855
3854
3853
3851
3848
3847
3846
3845
3843
3842
3841
3840
3839
3838
3837
3836
3835
3834
3833
3832
3830
3828
3827
3826
3825
3824
3823
3822
3821
3820
3819
3818
3817
3816
3815
3814
3813
3812
3811
3810
3809
3807
3806
3805
3803
3802
3800
3799
3796
3794
3793
3792
3791
3790
3789
3788
3787
3783
3782
3781
3778
3776
3775
3774
3773
3771
3769
3768
3766
3765
3764
3763
3762
3759
3758
3757
3755
3754
3753
3752
3751
3750
3749
3748
3746
3745
3744
3743
3742
3740
3738
3736
3734
3733
3732
3730
3728
3727
3725
3719
3718
3716
3715
3714
3712
3711
3707
3705
3704
3702
3701
3700
3699
3698
3697
3696
3695
3694
3691
3690
3689
3688
3686
3685
3682
3681
3680
3679
3676
3673
3672
3671
3670
3669
3668
3667
3665
3664
3663
3662
3661
3660
3659
3658
3657
3656
3655
3654
3653
3652
3650
3647
3644
3643
3641
3640
3639
3638
3637
3635
3634
3632
3629
3628
3627
3624
3623
3620
3619
3618
3617
3615
3613
3611
3610
3607
3605
3604
3602
3601
3600
3599
3598
3594
3593
3591
3587
3585
3583
3582
3581
3580
3579
3578
3576
3574
3573
3572
3571
3570
3569
3568
3565
3563
3562
3559
3558
3557
3555
3554
3553
3552
3551
3549
3548
3547
3546
3545
3544
3542
3539
3538
3535
3534
3533
3532
3531
3530
3529
3527
3526
3525
3524
3522
3521
3520
3519
3518
3517
3514
3513
3511
3509
3508
3507
3506
3505
3504
3503
3500
3499
3494
3493
3492
3491
3490
3489
3488
3486
3485
3484
3483
3482
3481
3480
3478
3476
3475
3474
3473
3471
3469
3467
3466
3465
3464
3463
3462
3461
3460
3459
3458
3457
3455
3453
3452
3451
3450
3449
3448
3447
3446
3445
3444
3443
3442
3441
3440
3439
857
3621
3609
3586
3550
865
698
2609
2605
2582
2544
2519
2468
2465
2355
2351
2295
2279
2246
2241
2194
2163
2149
2101
2062
2052
2026
2002
1994
1940
3369
3024
2965
3398
3061
3002
2845
3274
3046
2771
2665
3403
3347
3214
3172
3027
3068
2955
3043
3432
1270
2608
2597
2567
2555
2542
2516
2501
2458
2420
2398
2385
2372
2347
2333
2332
2328
2315
2293
2285
2266
2250
2199
2191
2183
2135
2134
2065
2053
2047
1959
636
576
626
623
622
650
643
595
573
383
3961
3861
3723
3487
666
572
453
349
466
587
685
682
644
597
498
356
478
532
413
495
365
455
649
202
3431
3124
3117
2894
3436
3434
3433
3430
3429
3426
3425
3423
3421
3419
3418
3416
3415
3414
3413
3412
3411
3408
3405
3402
3401
3399
3395
3394
3393
3392
3390
3389
3387
3384
3383
3382
3381
3380
3379
3377
3376
3374
3373
3372
3371
3370
3368
3364
3362
3360
3359
3358
3354
3353
3352
3351
3349
3348
3346
3343
3342
3341
3340
3339
3338
3337
3335
3334
3333
3332
3330
3327
3326
3325
3324
3323
3320
3318
3317
3316
3315
3313
3312
3311
3310
3309
3308
3307
3306
3305
3303
3302
3298
3297
3296
3294
3293
3292
3291
3288
3287
3286
3285
3284
3283
3282
3281
3280
3279
3276
3272
3270
3269
3267
3266
3262
3261
3260
3259
3257
3256
3255
3254
3252
3251
3250
3247
3246
3244
3243
3242
3241
3240
3239
3236
3235
3234
3231
3230
3229
3228
3227
3225
3224
3223
3221
3220
3219
3218
3217
3216
3215
3213
3212
3211
3210
3209
3208
3207
3206
3202
3199
3198
3196
3195
3194
3193
3190
3189
3188
3187
3186
3185
3183
3182
3181
3180
3178
3176
3175
3174
3171
3170
3169
3166
3165
3161
3159
3158
3157
3156
3155
3153
3152
3151
3150
3149
3147
3146
3145
3144
3143
3142
3141
3139
3137
3136
3135
3134
3132
3131
3130
3129
3128
3126
3125
3123
3122
3121
3119
3118
3116
3115
3114
3113
3110
3109
3108
3107
3106
3105
3104
3103
3102
3098
3097
3096
3094
3092
3091
3090
3089
3088
3086
3084
3083
3081
3080
3078
3077
3076
3075
3074
3073
3072
3071
3070
3069
3067
3066
3065
3064
3063
3060
3059
3058
3056
3055
3053
3051
3050
3049
3048
3047
3044
3042
3041
3039
3038
3037
3035
3034
3033
3032
3030
3029
3028
3026
3023
3022
3021
3018
3017
3016
3015
3014
3013
3012
3010
3007
3006
3004
3000
2998
2997
2995
2994
2993
2991
2990
2989
2988
2987
2986
2985
2984
2983
2981
2980
2979
2978
2977
2975
2974
2972
2970
2966
2963
2961
2959
2958
2957
2956
2953
2951
2950
2948
2947
2946
2945
2944
2943
2940
2938
2937
2935
2934
2932
2931
2929
2928
2927
2926
2925
2924
2923
2922
2921
2920
2918
2917
2915
2914
2913
2912
2911
2910
2909
2908
2906
2905
2904
2903
2902
2901
2900
2899
2898
2897
2896
2895
2893
2891
2890
2889
2888
2887
2886
2882
2881
2880
2879
2878
2877
2876
2875
2874
2873
2872
2871
2870
2868
2865
2864
2862
2861
2859
2858
2857
2855
2854
2853
2852
2850
2849
2848
2847
2846
2844
2841
2840
2839
2836
2835
2834
2833
2832
2831
2828
2827
2825
2824
2823
2821
2820
2819
2818
2817
2816
2815
2812
2811
2810
2809
2808
2806
2805
2801
2800
2799
2798
2797
2796
2795
2793
2791
2790
2789
2787
2785
2784
2783
2781
2780
2779
2777
2776
2775
2774
2773
2772
2770
2769
2768
2765
2763
2762
2761
2759
2757
2756
2755
2754
2753
2750
2749
2748
2745
2743
2741
2739
2738
2736
2735
2733
2732
2731
2730
2729
2728
2727
2726
2721
2720
2719
2718
2717
2716
2714
2713
2711
2710
2707
2706
2705
2703
2702
2700
2699
2698
2697
2695
2692
2691
2690
2689
2688
2687
2686
2685
2684
2682
2681
2676
2675
2673
2672
2671
2668
2667
2666
2664
2662
2661
860
27
300
311
216
97
154
166
2885
2740
2704
124
95
2660
2643
2640
2635
2598
2583
2571
2538
2533
2502
2498
2472
2461
2459
2447
2445
2436
2417
2384
2378
2364
2327
2302
2284
2283
2267
2225
2203
2174
2171
2157
2138
2128
2117
2116
2039
2027
2024
2018
2009
2004
2001
1995
1991
1976
1973
1972
1939
247
16
279
131
68
179
336
294
318
222
60
130
126
1
278
143
132
33
337
29
93
298
271
325
246
103
302
94
80
57
267
227
155
339
168
7
342
274
251
236
108
13
174
312
214
341
329
295
291
232
200
199
141
133
105
259
193
110
235
158
122
275
218
181
333
226
116
20
1276
2744
2653
2649
2642
2629
2617
2616
2589
2588
2547
2543
2529
2512
2511
2510
2509
2508
2491
2471
2463
2451
2419
2394
2368
2344
2343
2336
2330
2325
2319
2292
2289
2282
2268
2264
2254
2247
2239
2224
2223
2198
2196
2189
2187
2185
2180
2176
2169
2155
2153
2151
2148
2144
2143
2133
2132
2127
2125
2111
2102
2087
2081
2072
2071
2068
2054
2042
2038
2032
2031
2028
2010
2007
2003
1955
1954
1948
1947
1945
1932
1926
1920
1916
1912
929
1354
3111
3100
3355
3319
3201
2999
2677
1176
1046
1731
3385
3265
3101
2693
1411
3409
3386
3258
3205
3079
3062
3020
3019
3011
2964
2764
2734
2725
1445
3289
3278
3245
2976
3420
3410
2971
2813
3406
3404
3366
3331
3304
3295
3233
3168
3162
3001
2962
2892
2869
2752
2724
1749
2826
1297
1814
1723
1244
1263
1147
1575
1251
1031
1463
3962
3948
3943
3877
3872
3797
3756
3741
3721
3684
3677
3674
3651
3633
3592
3577
3561
3556
3540
3501
3495
3456
3437
862
1023
1174
928
1355
943
1544
1328
1055
1213
1296
1152
1577
1458
1862
1432
994
989
1874
1105
1317
3361
3328
3263
3248
3222
3164
3057
3005
2968
2941
2883
2822
2760
2678
1678
1758
1587
988
1150
1711
986
1005
1780
923
1542
998
1288
1107
1423
1413
1218
896
1702
1656
1618
978
1846
1391
926
1756
1306
1249
1648
1493
1319
1704
1517
1488
1660
1811
1724
1721
1675
1614
1597
1132
1004
1781
1725
1188
1000
974
1826
1404
1341
952
927
1860
1066
1824
1531
1503
1373
1260
1241
1167
898
1900
1839
1753
1668
1665
1456
1380
1302
1287
1156
1153
1149
1079
1063
1561
914
912
1384
1368
1111
1030
1719
1555
1465
1327
1033
1827
1557
1547
1375
1209
1371
1118
1347
1100
1067
1036
1452
1232
1186
1825
1307
1133
1863
1842
1782
1522
922
1400
1674
1229
677
653
574
1967
1808
554
477
449
415
407
357
905
601
536
368
1349
375
1786
1720
1695
1677
1654
1606
1508
1492
1464
1429
1324
1309
1277
1273
1166
1108
984
948
416
1514
523
458
1692
684
681
680
679
678
675
672
671
670
668
667
665
664
663
662
661
660
659
658
657
656
655
654
648
647
642
640
639
635
633
632
631
630
628
627
625
624
621
620
619
618
617
616
615
614
612
611
609
605
603
602
600
599
598
593
592
591
590
589
588
585
584
583
582
581
