0
4009
798
668
4024
2470
883
855
1208
1270
256
356
3709
3846
3071
1442
1760
945
2079
12
2740
892
875
744
877
821
801
2798
692
441
2788
2483
371
607
4035
918
1233
286
3746
2952
4032
3560
3126
379
209
4037
1046
245
3582
1395
3230
34
4022
638
3183
2204
841
3984
3059
3959
1854
4007
1586
1967
585
3856
292
1065
2971
138
1560
3983
3429
699
210
1930
1206
221
1119
2814
3939
1651
358
63
384
550
2441
3875
2505
3451
3650
61
2621
3811
43
3408
3853
498
3676
3885
70
351
164
572
300
2380
3453
112
2842
335
3729
215
3217
255
3317
2527
18
287
2722
552
464
2595
899
411
472
233
1105
1002
717
874
869
689
866
867
881
879
858
725
743
691
806
802
791
878
714
888
876
863
861
836
740
765
848
730
741
797
811
890
709
779
716
712
771
720
895
894
893
889
887
886
885
884
882
873
872
871
870
865
864
856
776
708
819
688
880
753
703
687
850
818
736
835
799
764
754
739
700
852
851
846
844
843
839
838
837
833
832
831
825
822
816
813
812
809
808
807
805
796
795
789
788
786
783
782
777
775
769
767
759
757
750
748
746
742
735
733
732
729
721
715
707
704
702
804
793
770
763
758
853
826
814
762
761
752
711
792
787
780
747
728
718
710
854
829
774
751
745
722
706
696
690
834
800
781
738
701
697
847
845
840
830
828
827
820
817
815
810
794
773
772
768
766
756
755
737
731
727
724
698
694
824
823
778
726
713
705
695
686
849
842
803
784
760
723
719
693
734
785
790
868
859
891
749
860
3987
3990
4005
3999
4019
3989
4000
4026
3992
3986
3981
4006
4012
4010
3998
3997
3995
3991
3988
3982
594
4023
4013
4011
4021
4018
4017
4014
4003
3994
4038
3993
3985
4027
3980
4031
4030
4004
4002
4020
4025
4036
4033
4029
4028
4016
4001
3996
4015
4008
667
4034
3946
3733
3565
3537
3781
3724
3045
3413
3372
3131
3190
3147
2769
2695
3911
3128
3134
3030
2855
3063
3349
3197
3173
2808
3513
3861
3673
3887
3882
3477
3871
3932
3699
3708
3899
3975
3600
3901
3787
3766
3664
3812
3973
3494
3927
3823
3816
3539
2959
3099
3336
3008
2767
2703
2982
3436
3394
3243
3094
2732
2821
3194
3055
2774
2886
3400
3269
3083
3270
3329
2789
3414
3368
3104
2993
2766
3376
3096
3042
3180
3382
3275
3155
2879
2907
3294
3047
3174
2917
3402
3073
2854
3354
3271
3141
3430
3130
3095
3234
3213
3163
2908
2852
2756
2807
2924
3074
3028
2922
3200
3284
3142
2906
3105
3315
3193
3054
3052
2673
3286
3202
2940
3257
2694
2664
3304
2986
2945
2867
2741
3433
3166
3135
2994
2877
2794
3058
2747
3000
2967
2920
2905
2806
3363
3129
2680
3325
3283
2972
2670
3119
3056
3025
2987
2969
2944
2910
2880
2810
2800
2763
2754
2683
3364
3195
3184
3065
3040
3036
2943
2919
2916
2911
2896
2873
2777
2757
2755
2745
2698
2689
2824
3348
3339
3250
3108
3026
2988
2985
2966
2913
2912
2897
2827
2815
2717
3426
3300
3231
3139
2786
2731
2726
2710
2709
3619
3502
3958
3843
3564
3689
3880
3660
3371
3205
3012
2735
2846
3215
3109
2811
3013
2687
2949
2744
2668
3384
3362
3238
3232
3098
3084
3004
2956
2928
2915
2888
2874
2862
2809
2681
2669
2697
3133
2830
3326
2990
3346
3208
3117
3050
2667
2762
2898
3151
3148
2984
2723
3088
2876
3249
3041
2935
3210
2895
2751
3357
3146
3191
2903
2871
3352
3306
3048
3431
3212
2973
2787
2856
2785
2770
2712
3381
3247
3296
3277
3391
2765
3279
3276
2832
3267
2840
3260
3160
2996
2803
2690
2938
2997
3378
3289
3281
3112
2853
3321
2674
3424
3360
3327
3274
2858
2771
2736
3419
3171
3377
3280
3189
3145
3039
1607
3422
3239
3120
3405
2957
3421
3337
3187
3024
2870
2675
3072
3398
2685
3365
2863
2844
2784
3353
3341
3323
3224
3177
2868
2859
2720
2686
3345
3299
3087
3075
3038
2692
3370
3221
3018
3418
3335
3256
3198
2932
2901
2843
3254
3121
2790
3774
3745
3457
3583
3776
3620
3834
3803
3714
3771
3742
3626
3712
3715
3767
3572
3848
3616
3485
3923
3751
3749
3696
3454
3610
3934
3965
3476
3809
3819
3622
3896
3792
3755
3563
3963
3847
3544
3499
3489
3725
3791
3587
3720
3858
3716
3638
3439
3960
3907
3603
3659
3921
3815
3977
3705
3892
3868
3445
3818
3529
3941
3478
3914
3608
3498
3912
3631
3486
3863
3446
3836
3757
3828
3731
3642
3557
3918
3837
3701
3675
3519
3465
3961
3481
3681
3528
3462
3947
3794
3754
3617
3463
3549
3531
3727
3606
3825
3758
3601
3534
3532
3524
3468
3862
3573
3950
3867
3722
3590
3909
3866
3933
3840
3632
3615
3500
3969
3833
3706
3509
3936
3496
3707
3543
3542
3646
3894
3682
3624
3568
3793
3690
3472
3695
3594
3930
3852
3764
3917
3567
3541
3710
3553
3937
3821
3784
3738
3652
3510
3895
3777
3956
3945
3900
3768
3602
3515
3469
3770
3763
3951
3810
3718
3648
3584
3654
3514
857
3802
3773
3588
3442
3488
3913
3737
3805
3611
3586
3527
3972
3752
3645
3630
3662
3538
364
97
3420
3366
3356
2934
2730
3334
2775
2696
3373
3244
2721
3416
3252
3199
2950
2939
2936
2849
2828
2778
2661
2812
3435
3428
3427
3425
3423
3417
3409
3404
3403
3401
3399
3397
3395
3392
3390
3389
3388
3387
3385
3383
3380
3379
3374
3369
3367
3359
3358
3355
3342
3340
3338
3333
3332
3330
3324
3322
3320
3318
3316
3314
3313
3312
3311
3309
3305
3303
3301
3293
3282
3268
3266
3264
3261
3259
3255
3251
3246
3242
3240
3237
3236
3229
3228
3226
3225
3223
3220
3219
3218
3216
3211
3209
3206
3204
3203
3192
3181
3170
3167
3161
3158
3157
3153
3152
3150
3149
3144
3143
3140
3137
3132
3127
3124
3123
3122
3114
3097
3093
3092
3090
3085
3082
3080
3078
3070
3067
3066
3064
3053
3044
3043
3037
3033
3032
3031
3029
3023
3022
3021
3017
3016
3015
3014
3010
3009
3007
2998
2992
2991
2983
2981
2980
2978
2977
2975
2974
2964
2963
2961
2960
2955
2954
2953
2948
2947
2946
2942
2937
2933
2931
2930
2929
2927
2926
2925
2921
2918
2909
2902
2900
2899
2893
2891
2890
2889
2887
2884
2882
2881
2878
2872
2866
2865
2864
2861
2857
2851
2850
2841
2839
2837
2835
2834
2831
2825
2820
2819
2817
2816
2805
2804
2802
2801
2799
2797
2796
2792
2791
2783
2782
2776
2773
2761
2759
2750
2749
2748
2746
2743
2729
2716
2715
2714
2713
2707
2706
2705
2704
2702
2700
2699
2691
2682
2679
2676
2671
2666
2665
2663
3241
3307
3138
3110
2780
2727
3661
3548
3797
3966
3625
3556
3970
3943
3898
3883
3860
3831
3813
3800
3717
3700
3680
3669
3552
3523
3518
3702
3621
3902
3872
3817
3697
3520
3938
3884
3824
3788
3687
3533
3495
3440
3438
3968
3877
862
3889
3873
3734
3618
3545
3512
3971
3842
3841
3780
3750
3693
3692
3677
3667
3596
3491
3480
1731
3375
3103
3020
1326
1253
3393
2979
2848
2795
2768
2758
2914
3344
3106
3089
3046
2904
2793
2772
2742
2672
3310
3156
2688
3415
3273
3207
3176
3159
3154
3118
3069
3051
2995
2892
2829
2738
3411
3288
2708
2684
3331
3285
3233
3186
3113
3100
3068
3062
2779
2739
2737
2728
2711
2662
3347
3292
3214
3027
2965
2875
2836
2781
3434
3291
3272
3060
2989
2753
2999
3432
3302
2923
2818
3265
3222
3351
3350
3298
3297
3258
3253
3201
3188
3185
3172
3169
3116
3115
3102
3101
3049
3035
2970
2958
2823
2733
2719
2701
3396
3386
3287
3262
3196
3182
3081
3076
2894
2833
3328
3248
3136
3111
2968
2883
1030
1788
1546
1693
1394
956
1403
1057
3406
3308
3107
3086
3077
3061
3057
3034
3002
2951
2941
2847
2845
2822
2724
2718
2678
3343
2826
2734
2838
467
406
621
660
3530
3979
3976
3967
3964
3957
3955
3954
3953
3952
3949
3944
3942
3940
3935
3931
3929
3926
3924
3920
3919
3916
3915
3910
3906
3905
3904
3903
3897
3893
3891
3888
3881
3878
3876
3874
3870
3869
3865
3864
3859
3857
3855
3854
3850
3849
3845
3844
3839
3838
3835
3832
3829
3827
3826
3822
3814
3808
3806
3804
3801
3799
3796
3790
3789
3786
3785
3783
3782
3779
3778
3775
3772
3769
3762
3761
3760
3759
3756
3753
3748
3747
3744
3743
3740
3739
3736
3735
3730
3728
3726
3719
3713
3711
3703
3698
3694
3691
3688
3686
3685
3683
3679
3678
3674
3672
3671
3670
3668
3666
3665
3663
3658
3657
3656
3655
3653
3651
3649
3647
3644
3643
3641
3640
3639
3637
3636
3635
3634
3629
3628
3627
3623
3614
3613
3612
3607
3605
3604
3599
3598
3595
3593
3591
3585
3581
3580
3579
3578
3576
3574
3571
3569
3566
3562
3561
3559
3558
3555
3554
3551
3550
3547
3546
3536
3535
3526
3525
3522
3521
3517
3516
3511
3508
3507
3506
3505
3504
3503
3501
3497
3493
3492
3490
3484
3483
3482
3479
3475
3474
3473
3471
3470
3466
3464
3461
3460
3459
3458
3456
3455
3452
3450
3449
3448
3447
3443
3441
377
1814
1762
1713
490
501
198
58
230
201
206
154
111
17
278
234
243
167
93
86
289
270
228
44
1641
1498
3412
3295
3162
3001
2962
2869
2752
1684
3410
3178
3962
3948
3886
3851
3830
3741
3721
3684
3633
3609
3592
3577
3540
1599
1346
3290
2677
1151
1822
1627
1202
1162
935
2813
1461
1670
1022
3361
3319
2693
1378
1137
1477
1084
1747
992
1579
3168
3079
3019
3005
2976
2764
2760
2725
1552
1534
1889
1362
3278
3245
3179
3011
1792
1411
990
1779
1666
1544
1266
1197
1055
1314
1279
1111
1043
909
981
1404
955
1484
986
1769
958
1293
1723
1039
1501
1865
1476
1474
1810
1733
1548
1533
1468
1363
1333
938
903
1524
1063
1734
1239
1674
1499
1439
1701
1044
1240
1000
1380
1562
1177
1138
1664
1837
1798
1452
1319
1232
1097
901
1852
1301
1283
923
1398
1308
1295
1058
1754
1710
1908
1445
1008
3263
3165
3164
1726
1140
973
1356
1845
1518
1112
1712
1683
1164
1093
1787
1218
1866
1274
1325
1045
970
1825
1705
1098
1537
1410
1615
1578
1247
1089
1036
1691
1115
988
1715
1489
1862
1682
1413
1298
1067
1704
1227
1873
1857
1764
1728
1716
1635
1628
1596
1550
1438
1414
1350
1284
1231
1229
1190
1129
1082
1021
1019
1015
975
902
1396
1737
1652
1556
1463
1153
1591
1907
1345
1282
1281
1100
1508
1316
1215
984
971
1820
1786
1824
1742
1531
1216
1204
1158
1099
957
933
1872
1859
1576
1235
1103
509
380
459
429
554
457
1075
1353
1090
1166
1855
1228
1188
1141
1120
974
954
1636
3003
2885
1193
1803
1588
1555
1355
1304
1275
1221
1127
1672
1633
1500
1310
1306
1091
1725
1260
1005
1785
1781
1481
1418
1322
1167
1904
1815
1756
949
1896
1739
1053
1139
1147
1372
1770
1502
1032
1348
1244
1109
977
944
532
437
1818
1575
1898
1879
1797
1789
1285
1207
1130
1801
1809
1497
1288
1163
1083
1040
966
1542
1422
1722
1665
1271
1156
1791
1724
1630
1054
1049
906
615
628
622
670
599
583
603
661
650
640
636
625
616
575
633
684
574
662
647
643
595
582
659
578
685
611
605
535
655
644
631
584
678
1573
1273
1060
1435
1453
1364
1876
1686
1504
1496
1366
965
1234
1094
1064
3723
3487
3437
365
383
1841
1462
1448
1257
1192
931
1070
1661
541
593
533
1646
1696
1429
1695
1154
912
1647
1545
1436
1104
896
679
1444
1543
382
424
381
494
564
562
551
536
530
521
505
491
485
476
474
454
447
435
399
393
386
349
191
336
208
10
152
117
129
137
269
30
340
238
60
149
71
273
4
104
81
244
110
91
344
135
84
328
181
268
314
222
127
36
259
8
217
100
341
260
124
125
103
345
