0
740
3998
3990
581
918
870
4022
891
872
49
279
3388
1206
1755
1208
1560
2691
4024
3453
3893
3959
3978
1071
4029
3230
1346
689
854
717
825
750
851
864
887
865
8
1200
871
3678
3266
1933
642
4016
3338
3989
4036
4028
4011
4005
3853
3952
3408
2321
205
1760
35
667
3688
145
585
2481
1586
305
2971
3121
1854
441
3074
3650
3071
83
340
3282
2714
2857
1383
4003
3807
3801
1386
71
3689
2788
2596
3953
1270
1466
267
638
4035
468
4008
1224
648
4006
3984
1353
3147
1430
3457
3134
12
568
1248
289
2483
2219
11
3588
3370
286
443
159
624
405
841
649
564
1654
1996
316
292
3317
660
3565
572
674
3925
288
3660
1262
2545
3691
2177
459
75
610
1651
167
3507
215
2382
3161
1233
3744
2704
117
2441
58
2014
244
3567
3031
608
3531
3974
241
2079
655
3875
1664
3583
327
1354
2621
2380
335
3846
3699
3560
3159
541
2470
1856
1022
757
3323
3887
282
3717
1240
1394
307
594
2178
3999
245
201
868
4001
1326
1202
1253
3037
1105
255
725
702
798
789
732
802
714
869
877
786
707
691
890
818
822
806
771
839
816
712
782
733
826
812
821
742
738
866
804
863
753
769
729
867
829
846
766
690
727
820
759
855
852
836
833
831
813
811
796
791
790
788
776
773
768
767
761
749
744
743
736
723
721
720
704
700
693
735
844
794
760
751
746
834
778
795
784
711
695
780
823
799
779
765
850
845
745
737
719
694
708
849
758
697
774
764
824
777
808
781
772
762
755
754
752
726
724
722
718
715
706
889
882
828
819
881
888
878
861
856
895
853
847
842
838
837
830
827
814
792
756
731
710
688
832
787
770
734
728
686
848
840
810
809
807
800
793
783
763
741
716
713
701
696
687
835
817
815
797
748
739
730
709
705
894
892
886
885
884
880
879
876
874
873
859
858
805
803
747
703
698
875
4025
4007
4021
3995
4019
4000
4026
3993
3991
4009
3986
4038
3997
3994
3981
3982
4004
4031
4017
4030
3985
4034
4033
4032
4023
4020
4018
4015
4014
4013
4012
4010
3992
3988
3987
3980
4027
4002
4037
3996
3983
785
860
843
775
699
801
893
883
692
3513
3745
3447
3694
3781
3890
3666
3904
3939
3803
3439
3494
3965
3504
3883
3581
3679
3727
3682
3606
3905
3814
3562
3912
3816
3580
3465
3870
3783
3607
3608
3946
3896
3511
3818
3541
3445
2634
1992
2170
2650
2255
2017
3637
3878
3706
3826
3476
3636
3862
3888
3914
3903
3486
3458
3551
3920
3757
3964
3664
3641
3463
3622
3907
3973
3661
3775
3539
3546
3537
3908
3917
3725
3538
3976
3643
3591
3638
3564
3932
3763
3716
3616
3720
3632
3769
3478
3767
3975
3705
3701
3728
3923
3530
3487
3710
3599
3951
3784
3718
3698
3899
3519
3911
3857
3523
3516
3876
3979
3847
3863
3549
3536
3490
3645
3646
3558
3919
3649
3868
3743
3739
3648
3696
3655
3446
3836
3774
3708
3571
3822
3768
3614
3644
3808
3467
3777
3786
3566
3555
3924
3909
3900
3833
3794
3714
3809
3791
3776
3500
3936
3747
3482
3947
3506
3652
3819
3866
3810
3881
3782
3758
3534
3859
3949
3867
3815
3802
3740
3663
3590
3498
3442
3713
3472
3470
3832
3460
3719
3602
3834
3821
3793
3690
3584
3483
3724
3601
3474
3913
3934
3628
3627
501
2041
454
499
2388
1915
2444
1924
2320
2515
2426
2513
2486
2349
2505
2076
2565
1974
2403
2622
3845
3485
3941
3659
3940
3575
3610
3527
3477
3918
3898
3755
3702
3700
3680
3594
3479
3972
3582
3510
3829
3754
3668
3630
3529
3469
3869
3837
3600
3827
3735
3722
3615
3597
3592
3977
3969
3967
3963
3961
3960
3958
3957
3956
3945
3937
3933
3931
3927
3921
3916
3906
3901
3897
3895
3894
3892
3882
3880
3874
3871
3864
3861
3855
3850
3849
3848
3844
3843
3840
3835
3831
3825
3823
3817
3813
3812
3811
3799
3798
3795
3792
3790
3789
3787
3778
3773
3771
3766
3764
3761
3759
3753
3751
3749
3748
3732
3730
3729
3726
3723
3715
3711
3704
3695
3685
3681
3675
3673
3671
3669
3665
3657
3647
3639
3634
3629
3626
3624
3623
3620
3619
3613
3598
3595
3593
3587
3585
3579
3574
3569
3568
3554
3553
3548
3544
3543
3542
3535
3533
3532
3524
3515
3509
3508
3505
3502
3499
3493
3489
3473
3468
3466
3459
3451
3443
3441
3461
3455
3950
3573
3552
3526
3520
3842
3944
3736
3703
3605
3488
3693
3440
3640
3528
3518
3915
3838
3770
3635
3617
3611
3514
3464
3926
3762
3731
3687
3686
3670
3658
3642
3603
3503
3497
3450
3760
3712
3930
3891
3860
3654
3559
3557
3471
3512
3456
3609
3449
3902
3621
3492
3491
3475
3839
3828
3547
3522
3454
3804
3796
3788
3484
3618
857
190
2230
910
1295
1016
665
650
576
627
577
664
356
575
657
626
617
2503
2431
2113
2119
2091
2632
2548
2456
2263
2120
2100
2094
2251
2618
2422
2034
2373
2411
2160
2587
2448
2424
2412
2437
2236
2558
2450
1977
2614
2488
2129
2107
2089
2082
1936
2297
2013
2152
1937
2405
2248
1922
2497
2577
2570
2342
2105
2181
2000
2523
2440
2657
2627
2025
1968
2659
351
631
466
437
365
571
411
371
429
485
2371
2197
2023
2613
1993
2265
2335
2166
2455
2549
2504
2576
2383
2500
2109
2311
2376
2352
2331
1986
2562
2156
2114
2452
2270
2179
2499
2462
2326
2307
2020
2401
2299
1975
2656
2493
2316
2524
2407
2240
2184
2625
2063
2526
2507
2200
2490
2162
2339
2654
2539
2532
2323
2077
2044
2043
1997
2207
1988
2476
2449
1969
2651
2517
2361
2256
2584
2218
2084
2019
1966
2085
2480
1952
2466
2563
2427
2275
2172
2140
2098
1971
1943
2566
2095
2624
2611
2586
2485
2428
2410
2404
2392
2374
2354
2348
2340
2271
2258
2253
2244
2165
2164
2154
2086
2046
2075
2641
2581
2580
2453
2314
2214
2186
2173
1930
2631
2615
2602
2579
2575
2574
2556
2552
2550
2460
2454
2443
2414
2363
2353
2290
2287
2220
2213
2190
2139
2122
1984
1963
1938
2536
2660
2317
2522
2593
2489
2381
2308
2150
2142
2121
2104
2103
2093
2040
1918
3448
3966
3852
3780
3741
3578
3452
3779
3672
3785
3772
3734
3707
3697
3576
3462
3496
3929
3858
3830
3824
3683
3674
3495
3752
3738
3612
3521
3437
3968
3886
3692
3667
3656
3480
3970
3889
3841
3737
3625
3563
3550
3971
3962
3948
3938
3884
3873
3851
3800
3797
3604
3596
3586
3545
3517
3438
3721
3684
3677
3633
3577
552
551
534
530
477
464
453
447
427
384
383
377
533
1162
229
149
4
166
306
2337
1980
1958
2346
1999
2435
2024
1919
1921
2334
2551
1913
1982
2639
2159
2061
1927
2312
2099
2635
2583
1991
2648
2459
2202
2001
1928
2514
2272
2231
2066
2571
2389
2364
2027
2016
2012
2011
1951
2626
2365
2225
2050
2009
2004
1995
2647
2645
2585
2097
2022
1957
131
52
263
177
333
151
343
2
5
259
1762
1776
1372
939
1403
565
1901
1478
1177
1111
1169
679
1428
1855
1147
1417
1362
1090
935
1141
1355
912
1244
1139
1131
1633
1695
1602
413
931
1400
451
403
396
508
529
522
375
362
354
478
540
486
469
474
382
539
562
470
574
647
595
616
675
628
605
1763
619
640
599
578
659
646
612
681
662
658
643
635
615
583
677
625
684
680
672
666
654
633
623
622
603
598
592
589
495
472
462
409
560
385
685
682
644
630
620
618
609
597
584
360
535
521
418
1170
1093
1073
1537
2658
2655
2644
2633
2628
2620
2607
2606
2595
2591
2590
2572
2569
2568
2560
2559
2554
2553
2546
2541
2534
2528
2527
2520
2495
2492
2484
2482
2477
2474
2469
2442
2439
2430
2423
2418
2408
2402
2397
2386
2378
2375
2370
2360
2359
2358
2357
2350
2345
2341
2329
2313
2306
2305
2301
2300
2298
2288
2286
2277
2269
2262
2260
2238
2228
2227
2217
2212
2208
2205
2204
2201
2193
2192
2158
2146
2131
2130
2126
2123
2115
2112
2108
2106
2088
2080
2074
2073
2070
2060
2058
2051
2049
2036
2035
2033
2021
2018
2015
2008
2006
2005
1990
1978
1976
1973
1962
1960
1950
1949
1946
1935
1934
1931
1929
1914
198
415
645
480
372
614
527
524
452
450
445
416
355
1142
669
639
496
408
516
509
381
504
440
349
493
471
570
479
473
463
444
510
433
361
514
506
502
683
547
520
490
489
488
481
432
420
417
634
553
548
507
498
460
446
421
402
388
387
378
367
518
455
442
435
397
380
505
424
528
519
426
929
1368
537
536
511
503
494
456
404
352
2599
2540
2416
2366
2226
2182
2544
2638
2630
2619
2604
2601
2600
2578
2573
2564
2561
2521
2506
2478
2467
2464
2446
2433
2409
2369
2356
2278
2276
2261
2257
2237
2233
2229
2216
2206
2188
2136
2124
2118
2090
2083
2078
2069
2064
2059
2055
2045
2037
2030
1989
1979
1953
1917
2415
2222
2221
2048
2530
2432
2252
2210
2029
1925
2557
2531
2161
2132
2296
2291
2211
2209
2175
2155
1965
1944
2529
2273
2232
2395
2393
2391
2387
2309
2147
2067
2056
1983
2425
2509
2496
2417
2637
2525
2406
2362
2322
2310
2264
2242
2141
1970
2502
2344
1987
1954
2294
2612
2610
2413
2400
2127
2652
2479
2385
2324
2280
2243
2065
2062
2057
1985
2137
2609
2594
2555
2518
2396
2390
2293
2274
2249
2125
2110
2096
2026
2003
1981
2603
2582
2368
2304
2072
1940
1939
2533
2436
2367
2318
2145
1923
2597
2537
2519
2512
2419
2377
2315
2194
2151
2592
2465
2463
2295
2282
2191
2163
1948
2646
2623
2475
2473
2445
2429
2398
2394
2379
2330
2325
2303
2266
2259
2239
2234
2174
2092
2087
2053
2031
2010
1964
1955
1942
1932
1926
2598
2516
2438
2434
2399
2372
2347
2241
2235
2215
2144
1994
2617
2616
2605
2589
2588
2510
2468
2355
2351
2338
2332
2302
2285
2283
2246
2224
2223
2198
2148
2128
2111
2101
2047
2002
1947
1916
2608
2567
2542
2501
2491
2420
2268
2196
2183
2153
2149
2138
2134
2117
2042
1959
1941
3943
3877
3872
3756
3750
3651
3561
3556
3540
3525
3501
1193
862
1249
1498
348
512
497
412
398
368
1594
1151
1599
1575
566
1711
1278
1680
1143
899
907
972
69
168
87
84
29
258
257
246
76
148
202
162
28
20
14
147
95
221
158
146
143
86
175
22
220
266
204
344
295
96
240
78
121
196
187
80
178
328
273
195
173
275
310
93
32
2649
2643
2640
2636
2547
2538
2508
2494
2472
2471
2458
2447
2384
2336
2327
2319
2292
2284
2279
2247
2203
2199
2187
2171
2157
2135
2133
2116
2068
2039
1998
1972
1945
103
320
248
139
108
36
281
251
235
302
182
330
254
225
184
341
132
63
192
130
243
226
116
346
242
180
94
230
227
99
345
284
197
123
293
214
138
112
89
312
144
115
232
169
91
347
339
308
129
219
299
88
53
1773
1493
538
1011
1446
1343
1814
1731
1870
948
1801
1543
1247
1332
1324
1018
1009
1802
1455
1822
1441
1385
1670
1853
930
1215
1311
1157
1566
1631
1134
1843
1426
1315
1489
1464
1015
1808
1114
1036
1512
1313
1778
1008
1881
1743
1694
1453
1212
1001
1740
1427
1094
1733
1245
1066
1236
1000
977
1374
1303
1751
1030
1875
1414
994
1910
1831
1829
1748
1904
1578
1418
1275
1166
1499
979
956
1658
1569
1722
1415
1005
1766
1294
1268
1492
988
1719
943
1473
1152
1616
366
363
1266
1784
1072
1872
1892
1648
1452
1319
963
1080
962
1672
1903
1592
1115
1081
1019
989
1607
1885
1681
1408
1348
1260
914
1310
1306
1258
1064
1896
1889
1197
955
1869
1815
1482
1189
1775
1109
1781
1709
1496
1366
1070
1037
1035
389
1069
983
1359
1882
1878
1574
1514
1122
1682
1611
1448
1345
1322
1292
1192
1228
1127
1396
1108
1014
1794
1444
637
1634
1500
1188
944
1457
1601
1468
1097
1859
1716
1655
1591
1462
1347
1060
981
1770
1630
1529
1106
1894
1812
1508
1406
1284
1148
1102
1099
898
1783
1764
1412
1379
1277
971
1650
1259
924
1725
1742
1704
1103
1906
1899
1871
1807
1787
1786
1785
1739
1727
1706
1703
1686
1595
1536
1503
1472
1454
1436
1382
1309
1299
1296
1241
1167
1020
1007
964
919
1692
1237
1226
1636
1438
1257
1227
1204
1100
1378
1363
938
1261
1893
1862
1857
1790
1732
1728
1720
1715
1661
1638
1596
1587
1583
1495
1479
1413
1404
1392
1298
1286
1231
1158
1129
1104
1044
1032
1021
954
1625
1565
1475
1318
1273
1179
1113
915
515
1183
1012
936
353
1679
629
517
465
395
1673
1645
1425
1320
561
559
557
556
555
546
542
531
525
491
487
482
461
458
439
438
436
419
410
400
392
390
370
359
678
676
673
670
668
663
661
656
653
651
636
632
621
613
611
600
596
593
591
590
588
587
586
582
580
579
573
567
558
513
492
431
423
422
394
374
1900
1084
987
991
1792
1140
1549
913
1895
1880
1629
1568
1371
1314
1216
1186
992
903
1579
1851
1088
1517
1201
1803
1136
1908
1487
1056
998
1967
1912
1777
1745
604
569
554
549
545
544
543
523
500
483
457
449
434
430
428
425
407
391
376
373
369
357
350
928
1232
1187
1567
1433
1317
1254
1553
1534
1419
1178
1437
484
2653
2642
2629
2543
2511
2498
2461
2451
2343
2333
2328
2289
2267
2254
2250
2189
2185
2180
2176
2169
2143
2102
2081
2071
2054
2052
2038
2032
2028
2007
1920
1577
1465
1180
1866
1085
1729
1338
1821
1470
1195
1641
1618
1274
1484
1321
1077
1434
920
1639
1483
1025
526
1538
1898
1532
1049
1334
952
1723
1341
1336
1335
1288
1230
1754
1700
1605
1772
1375
1068
1040
1795
1112
1810
1665
1409
1389
1287
1242
1223
1205
995
1823
932
1845
1207
960
925
1811
1393
1074
1003
999
934
1793
1724
1572
1488
1471
1826
1331
982
966
1765
1757
1603
1323
1312
1184
926
1761
1737
1622
1597
1589
1522
1329
1243
1219
1804
1644
1377
1128
1078
1861
1842
1721
1685
1643
1621
1540
1391
1222
1209
1164
1117
1086
1079
1048
1604
1530
1458
1442
1431
1398
1285
1238
1163
1125
1867
1791
1637
1584
1570
1520
1420
1290
1250
1092
980
1902
1799
1752
1750
1741
1736
1717
1707
1663
1610
1547
1491
1344
1330
1181
1059
1028
916
1839
1399
1805
1626
1283
1123
1780
1623
1477
1124
978
172
106
213
265
238
39
31
318
261
236
161
82
72
40
30
104
3
274
268
252
185
85
325
211
203
59
334
323
322
315
304
297
272
212
156
141
128
113
45
25
109
329
342
223
65
26
337
336
326
321
319
317
314
311
309
303
300
298
291
290
285
278
277
276
270
264
262
260
253
249
247
239
237
234
231
224
222
218
209
207
206
200
199
194
193
186
181
174
165
163
160
153
152
142
140
137
136
135
134
133
127
126
122
120
118
111
110
102
101
97
92
79
73
70
68
66
62
61
60
57
56
55
54
48
46
43
42
41
38
34
24
23
21
19
17
16
10
9
7
6
1
1779
1055
1886
1879
1849
1833
1774
1668
1653
1598
1590
1556
1456
1416
1269
1172
1153
1132
897
1907
1905
1897
1891
1890
1887
1884
1877
1876
1874
1873
1868
1864
1850
1848
1847
1844
1841
1837
1832
1830
1828
1827
1824
1820
1818
1817
1816
1809
1798
1796
1789
1788
1782
1771
1768
1767
1759
1756
1753
1749
1747
1744
1738
1734
1730
1713
1712
1710
1708
1701
1699
1698
1696
1691
1690
1688
1677
1675
1671
1669
1667
1662
1660
1659
1652
1649
1647
1646
1640
1635
1632
1628
1624
1620
1619
1609
1608
1606
1582
1581
1580
1576
1573
1571
1564
1562
1557
1554
1551
1550
1548
1545
1544
1542
1541
1539
1535
1531
1527
1526
1525
1524
1516
1515
1510
1507
1506
1504
1502
1501
1497
1494
1490
1481
1474
1469
1467
1463
1459
1451
1443
1439
1432
1429
1424
1423
1422
1411
1407
1402
1401
1397
1395
1390
1388
1381
1380
1373
1370
1365
1364
1358
1357
1356
1352
1350
1349
1342
1340
1339
1337
1333
1328
1316
1308
