0
833
4009
875
4032
3798
468
2722
867
3789
3127
3694
4028
155
2595
891
234
2792
90
166
1354
581
3806
147
2569
3125
393
3451
253
2998
267
858
607
1386
177
1133
613
624
1224
3849
1759
81
3180
1240
868
3807
1466
1233
3974
2437
3922
2885
164
411
377
1252
1586
3513
3408
691
35
3904
3954
3122
3766
60
383
2691
279
157
3147
3268
14
2178
785
453
3991
3989
4013
1854
4003
153
4018
183
1856
3981
4034
4016
282
3987
3983
642
240
3429
3781
2106
860
865
335
660
692
3897
2470
193
3732
235
532
114
3650
209
1096
638
220
672
4001
2375
237
2814
4022
4015
4008
288
3709
294
3936
4035
744
3699
1326
206
1248
106
1239
27
256
861
892
351
890
735
756
846
801
689
3820
2204
2388
2167
673
215
47
167
3765
2952
205
1594
160
478
3704
152
3614
1713
43
102
245
1581
437
293
2760
365
18
3544
3928
1176
3183
998
3317
2895
210
1061
1544
894
883
316
880
12
3978
1168
3358
273
1797
1262
3230
3477
1038
1641
3282
956
174
3537
911
584
562
1065
3143
671
292
214
3575
1268
2457
3893
2671
3044
1627
3914
1607
443
97
1762
1027
1755
585
656
2195
1253
3388
2541
233
2808
1664
2790
498
1157
1383
2094
937
467
406
499
4007
3990
594
3218
3105
2857
3141
3200
3216
3354
3053
2799
2776
2861
3271
321
143
3932
3616
3439
3812
3727
3536
3606
2421
2034
1394
3131
286
3444
3742
899
1442
175
296
870
895
879
871
230
476
501
564
441
198
6
3939
3963
179
3037
2527
2483
3816
3055
3074
2774
2817
3653
3749
3751
885
872
874
887
877
776
4020
4031
4027
4038
4006
4017
4000
4026
4002
4030
3996
4021
4011
3995
4025
4023
3994
3982
4012
3993
4005
4004
3998
3997
3985
3984
3980
4029
3999
4019
4033
4014
3986
4037
3988
4036
4024
3992
4010
889
888
878
886
882
767
769
884
881
876
864
859
804
743
789
712
848
761
811
748
813
843
850
742
808
762
698
817
816
782
836
869
704
803
750
740
710
840
700
798
702
724
741
788
844
838
837
831
709
779
854
738
727
706
781
730
822
733
849
827
688
847
834
815
819
810
800
763
753
708
793
780
758
703
828
723
830
731
832
809
787
799
728
823
778
774
773
772
746
736
705
701
697
693
745
853
856
777
765
718
824
770
694
842
719
695
855
845
839
835
829
826
821
818
814
812
807
806
805
802
797
792
786
784
783
771
768
766
764
760
759
757
755
754
752
747
739
737
734
726
722
720
716
715
714
713
711
707
690
687
820
794
751
696
686
795
796
825
863
873
841
729
717
732
851
721
852
749
791
790
725
699
893
775
866
857
328
2439
2263
3515
3580
3799
3649
228
197
83
61
129
46
195
283
250
258
336
76
343
149
20
162
115
218
78
299
196
146
38
124
317
168
24
77
29
84
54
87
246
229
189
125
1956
2193
2217
2227
3652
3941
3843
3958
3679
3446
3847
3805
3622
3862
3848
3716
3639
3901
3664
3775
3882
3594
3523
3910
3696
3739
3788
3454
2614
2570
2082
2587
2424
2442
2349
2255
1992
3
265
222
325
22
211
13
311
134
2
208
284
281
261
141
212
63
99
201
130
39
338
79
227
86
285
23
291
290
278
181
345
161
224
342
248
62
45
272
330
204
187
8
242
118
59
300
266
194
180
57
322
85
25
314
148
113
320
302
243
251
184
135
93
331
213
326
226
140
111
19
312
310
116
306
346
92
73
2513
2426
2012
339
231
170
158
132
105
347
324
249
69
40
318
277
239
165
313
308
274
232
223
121
119
109
67
66
31
26
65
2585
2648
2382
2441
2234
2014
2061
2016
2080
2350
1933
2558
2650
2041
1937
2435
1928
1957
2341
2634
2402
2089
2628
2577
1915
2455
2373
2260
2644
2166
2050
2474
2397
1930
2632
2548
2317
2251
2371
1978
2357
2523
2197
2405
2049
2488
2403
2248
2175
2119
1960
2534
3961
3755
3489
3645
3818
3767
3568
3507
3960
3894
3624
3947
3569
3792
3827
3631
3916
3814
3690
3583
3492
3780
3654
3832
3450
3769
3608
3973
3866
3599
3638
3695
3481
3522
3463
3556
3880
3461
3452
3574
3528
3527
3933
3478
3564
3702
3457
3520
3762
3578
3796
3517
3681
3934
3485
3917
3892
3547
3875
3601
3487
3803
3671
3883
3562
3795
3566
3919
3858
3635
3460
3483
3770
3459
3879
3965
3899
3957
3708
3701
3476
3620
3876
3850
3636
3641
3698
3865
3713
3644
3607
3598
3482
3871
3868
3857
3595
3586
627
2023
2448
2412
2360
2335
2181
2162
2160
2152
2146
2129
2107
2008
1922
2019
2584
2454
2027
1927
2613
2545
2262
2576
2383
2499
2427
2657
2636
1951
1980
2645
2494
2346
2097
2025
2447
2225
2538
2006
1914
2159
2013
2000
1999
2639
2620
2001
1931
1998
2486
2444
2170
2192
2022
2011
2307
2622
2311
2261
2098
2539
2504
1966
2476
2418
2391
1925
2392
2306
1984
2574
2524
2477
2376
2655
2630
2552
2037
2654
2591
2201
2200
2056
1963
3244
2721
3550
3889
3484
3475
3440
323
341
236
200
199
178
123
104
238
203
185
172
103
98
72
55
9
344
340
337
334
333
332
329
309
307
303
298
297
295
280
276
275
271
268
263
259
257
252
225
221
219
207
190
188
176
159
156
151
145
144
142
139
138
137
133
131
127
126
122
110
108
101
96
94
91
88
82
80
75
68
53
52
51
50
48
41
36
33
32
30
28
17
10
5
4
1
1368
2623
2521
2520
2374
2359
2190
2154
2077
1938
2638
2606
2549
2495
2423
2339
2326
2139
2030
1988
2207
1924
2358
2230
2536
2433
2353
2276
2172
2122
2104
2060
2590
2578
2532
2407
2352
2258
2216
2184
2165
2124
2090
2083
2074
2045
2040
2020
1986
1943
1929
2413
2378
1995
2291
2365
2210
2619
2500
2485
2482
2404
2356
2329
2237
2218
2179
2088
2078
2063
2043
2033
1979
2303
1961
2390
2647
2004
1991
315
304
169
21
7
2581
2429
2659
2640
2202
2024
2009
1921
2660
2658
2656
2651
2633
2627
2596
2580
2573
2563
2561
2554
2515
2493
2490
2464
2456
2450
2449
2446
2440
2431
2422
2408
2393
2387
2380
2369
2364
2342
2337
2331
2321
2314
2301
2297
2284
2277
2271
2238
2220
2213
2168
2147
2136
2131
2123
2120
2115
2105
2100
2096
2091
2079
2076
2073
2070
2067
2064
2055
2051
2048
2044
2017
2015
2005
1993
1977
1972
1968
1962
1958
1950
1949
1946
1942
1935
1919
1917
2525
2270
2540
2186
2035
1982
2566
2562
2231
2156
2141
2029
2452
1934
2618
2612
2453
2361
2265
2236
2228
1965
2443
2252
2177
2362
2114
2299
2287
1918
1973
2288
2503
2497
2425
2416
2411
2313
2310
2286
2173
2085
2066
1990
1975
1936
2296
2211
2209
3551
3703
3449
3969
3909
3976
3784
3509
3721
3903
3706
3822
3531
3573
3950
3794
3687
3825
3855
3786
3782
3768
3623
3612
3555
3468
3943
3737
3632
3587
3500
3720
3920
3809
3776
3750
3659
3503
3490
3747
3931
3895
3834
3924
3619
3829
3648
3646
3772
3603
3448
3510
3971
3884
3693
3902
3785
3658
3542
3778
3740
3711
3593
3511
3838
3491
3518
3514
3497
3802
3615
3494
3891
3662
3539
3930
3697
3456
3877
3804
3790
3686
3736
3710
3625
3584
3558
3630
3921
3867
3666
3521
3472
3647
3479
3979
862
3833
3714
3506
3486
3975
3675
3842
3828
3618
3611
3609
3596
3495
3966
3860
3642
3488
3657
3540
3964
3927
3469
3945
3938
3926
3913
3845
3831
3684
3640
3633
3627
3605
3559
3557
3888
3674
3940
3471
3912
3874
3743
3725
3628
3473
3887
3532
3524
3925
3673
3793
3668
3443
3898
3581
3929
3533
3525
3723
3830
3881
3680
3617
3534
3438
3967
3915
3604
3464
3956
3937
3918
3837
3774
3759
3757
3571
3519
3900
3718
3493
3886
3815
3753
3685
3590
3977
3907
3728
3715
3553
3526
3508
3505
3470
3949
3546
3538
3797
3621
364
595
661
659
577
658
640
600
582
665
643
635
576
399
663
3126
2893
3157
2707
3424
2699
3349
2847
3382
2889
2879
2834
3009
3338
3128
3290
3099
3091
2824
3305
2804
2884
3423
3318
3311
2876
3109
3059
2942
2714
2887
3153
3235
2848
3048
3088
2954
3039
2802
2779
3249
3217
3058
3061
3095
3124
3357
3052
3430
3202
2835
2961
3139
3025
3123
2853
3379
3370
2900
3069
3146
2958
2918
3211
3110
2932
3016
2970
2715
3258
3404
3298
3199
3102
2278
2316
2605
2599
2496
2641
2272
2226
2126
1944
2298
2526
2266
2092
2572
2379
2304
2646
2631
2615
2602
2579
2546
2507
2478
2467
2428
2386
2370
2323
2109
2108
2093
2059
2459
2624
2611
2604
2601
2600
2564
2560
2553
2506
2489
2484
2469
2414
2409
2354
2340
2309
2300
2290
2229
2212
2164
2150
2140
2118
2112
2095
2086
2084
2069
1997
1989
1953
2419
2635
1985
2626
2531
1913
1974
2233
2583
2171
2157
2116
2018
1976
2502
2652
2274
2003
2571
2401
2351
2054
2462
2396
2221
2110
2522
2472
2568
2137
1970
2588
2518
2498
2241
2315
2625
2607
2593
2586
2575
2559
2556
2551
2550
2530
2492
2460
2430
2395
2381
2363
2355
2348
2334
2324
2308
2275
2257
2253
2244
2240
2208
2206
2188
2121
2103
2058
2046
2021
1971
3389
3190
2736
1788
2934
2701
2818
3410
3371
3241
2677
3415
3356
3270
2962
3872
3741
3501
100
186
56
1111
1889
1499
2603
2280
2222
2519
2410
1983
2398
2282
1981
2594
2567
2285
2259
2394
2187
2101
2099
2501
2432
2399
2243
2544
2542
2438
2434
2183
2142
2400
2338
2312
2010
1923
2471
2185
2637
2514
2475
2417
2406
2367
2256
2232
2198
2155
2143
1987
2642
2608
2509
2479
2451
2415
2385
2347
2325
2305
2295
2249
2189
2128
2075
2062
2057
2053
1952
1916
2653
2377
2283
2273
2250
2032
1926
136
2510
2458
2302
2196
2102
2068
1954
1947
1912
2610
2557
2517
2480
2473
2366
2327
2322
2318
2242
2214
2205
2145
2138
2036
1964
2643
2592
2537
2345
2254
2081
2582
2555
2491
2463
2333
2294
2292
2289
2176
2163
2127
2026
2616
2533
2516
2336
2332
2293
2279
2235
2215
2194
2161
2047
2042
2039
2038
1939
1527
1424
3733
3496
3972
3968
3962
3951
3948
3944
3942
3906
3896
3878
3873
3870
3869
3863
3859
3856
3854
3852
3851
3841
3839
3836
3835
3826
3824
3823
3821
3811
3810
3800
3791
3787
3783
3779
3777
3773
3771
3764
3763
3760
3758
3756
3752
3745
3744
3738
3735
3734
3731
3730
3726
3722
3719
3717
3712
3707
3705
3692
3683
3682
3678
3677
3672
3670
3667
3663
3656
3651
3643
3637
3634
3629
3626
3613
3610
3602
3592
3591
3589
3588
3585
3579
3577
3576
3572
3567
3565
3563
3561
3554
3549
3545
3543
3541
3535
3530
3529
3516
3512
3504
3502
3499
3498
3480
3474
3466
3465
3462
3458
3455
3442
3441
541
485
466
509
459
650
628
578
675
670
662
632
599
583
682
486
457
424
579
464
3042
3192
2841
2796
3333
2977
3189
3043
3341
2734
3066
3286
3237
3367
3281
3170
2976
3138
2709
2768
3050
3261
2965
3045
2837
3308
3081
2865
3402
2801
2772
3032
3416
2981
3197
3176
2955
2784
3383
3365
3144
2878
2832
2831
2771
2667
3167
2713
3419
3206
3145
2712
3436
3175
3007
2785
3312
3208
3238
3067
2983
2781
2866
2805
3381
3267
3313
3251
2891
3316
3277
3265
3306
3100
2947
3209
3204
3203
3034
2849
2753
3304
2809
3399
3040
2966
2745
3377
3366
3350
3273
3233
3177
3133
2829
2682
3103
2921
2728
2724
2854
2836
3435
3391
3345
3160
3283
2670
2856
3355
3132
3089
3117
2953
3325
3314
3008
2972
2767
2703
3360
3414
3213
3084
2907
3434
3386
3378
3082
3035
2992
2733
3063
2949
2933
3181
2902
2732
3427
3425
3376
2746
2695
3294
3158
3092
3276
2749
3303
2905
2864
2688
3411
3403
3112
3111
2991
3288
3168
3086
3001
3322
58
3047
2967
2896
3332
3179
3101
3417
3257
3014
3331
2739
3347
3242
3077
3392
3348
3352
3295
3287
3051
2797
2775
3072
2881
3136
2675
3346
2662
3226
2929
2777
3292
2697
3421
3328
3280
3272
3142
3085
2943
3400
3309
2919
3116
2975
2803
3185
3152
3297
3240
3212
3172
2923
2795
2993
2925
2862
2756
3300
2789
2794
2729
3380
3353
3327
3221
2904
3362
3234
2683
2678
3412
3330
3285
3187
2813
2718
2711
3363
3243
3220
3004
2986
2960
2956
2912
2911
2890
2880
2872
2867
2850
2757
2679
2673
2664
3137
3119
3096
3023
2940
2909
2863
3433
3135
2974
2931
2924
2874
2810
3315
3293
3056
3054
2928
2927
2910
3173
3231
2987
3374
3178
2840
2668
3229
3114
3344
3342
3291
3215
3076
2719
3397
3260
3150
3106
3017
3015
3013
3002
2951
2939
2901
2828
2665
3130
2978
2839
3323
3198
3027
2748
2957
2811
3246
2751
3278
3156
2999
3196
2996
2759
3395
3337
3259
3115
3075
3262
3079
3060
2937
2823
2737
2708
2672
3228
3090
2994
2800
2786
2689
3193
3078
2763
2755
2706
3390
3364
3301
3284
3080
3065
3022
2985
2917
2916
2913
2782
2698
2694
3387
3339
3108
3098
3064
3026
2988
2897
2717
2669
3426
2738
3406
3351
3335
3302
3252
3239
3169
3154
3140
3021
2833
2770
2765
2687
3165
2725
923
3279
3236
3049
2858
2787
2730
2674
3432
1161
2826
2764
3393
3046
2793
2742
3020
2984
2946
2859
3396
3182
3087
2778
1860
2649
2629
2597
2372
2319
2247
2239
2223
2153
2135
2134
2117
2065
2028
2007
1959
1945
2609
2598
2589
2547
2543
2529
2468
2465
2445
2436
2420
2389
2384
2368
2343
2268
2267
2264
2246
2224
2199
2191
2180
2169
2148
2144
2132
2125
2087
2072
2002
1994
1948
1941
1932
1301
1701
1678
1203
1016
1719
1615
950
1806
900
3248
1197
1266
1708
1511
1445
1254
3385
2744
3343
3011
2882
3186
3420
1452
1911
3162
2869
2752
410
1085
163
128
64
554
551
505
987
1384
1043
1177
2617
2512
2511
2508
2461
2344
2330
2328
2203
2174
2151
2149
2133
2111
2071
2052
2031
1955
1940
1920
1852
619
1042
1314
1895
1629
1798
1533
1378
1137
1097
958
1802
1601
522
405
491
429
396
354
568
1731
1094
1443
1212
1234
1401
1356
571
652
349
477
535
413
422
372
3861
3437
472
442
521
474
382
540
407
397
572
552
543
539
534
531
489
470
454
451
450
449
445
421
380
379
356
536
471
385
409
355
462
518
404
381
369
469
1758
623
621
575
622
678
605
598
589
1023
173
681
615
574
679
653
680
677
636
625
