0
4037
883
4022
3854
47
1119
3801
2595
3746
335
607
1362
33
3808
1157
206
3885
301
892
717
1105
1233
125
43
3597
166
1168
2922
287
358
899
49
3650
3748
4015
2380
667
1834
411
2752
3974
4024
668
2470
3781
2457
550
179
241
3935
3984
2269
157
3987
2204
228
3453
11
608
2178
3183
240
12
209
2079
1760
2168
624
3143
337
90
190
3853
3006
585
3709
1145
4010
4012
155
192
52
1383
3544
42
3846
2527
2483
894
877
859
870
866
873
872
867
776
858
884
744
895
888
887
886
885
881
879
875
874
871
832
785
790
743
699
893
889
882
878
876
864
863
825
704
836
804
782
795
715
838
846
812
880
709
797
716
700
762
756
703
851
772
803
792
728
890
861
729
848
713
869
811
698
843
810
809
799
781
778
764
763
748
731
720
693
734
706
849
821
819
774
754
740
723
847
786
745
711
733
722
719
788
689
833
856
855
854
853
852
845
837
834
831
827
826
817
816
814
813
808
807
801
798
794
793
787
784
783
779
777
773
770
765
761
760
759
758
755
752
751
750
749
747
746
742
741
739
738
737
736
735
730
726
718
710
707
694
692
690
687
789
702
844
842
840
835
830
828
824
823
820
815
805
800
780
769
766
753
727
724
721
708
705
701
696
695
688
850
839
714
829
768
732
712
691
686
802
771
725
697
806
767
822
818
796
791
775
757
891
841
3992
4026
4017
4000
4027
594
4005
3999
3995
4013
4030
4021
4014
4003
3988
3986
4019
4009
3997
3994
4038
4036
4033
4032
4031
4028
4023
4020
4018
4011
4008
4004
4002
4001
3998
3996
3993
3991
3989
3985
3983
3982
3981
3980
4016
4025
4007
3990
4006
4035
4034
4029
3771
3531
3819
3897
3660
3489
3694
3767
3914
3963
3580
3875
3546
3763
3848
3638
3678
3834
3612
3923
3445
3458
3515
3607
3892
3676
3816
3696
3806
3447
3439
3623
3907
3715
3666
3636
3490
3446
3976
3973
3969
3903
3794
3784
3620
3476
3822
3975
3899
3644
3679
3549
3836
3774
3675
3465
3855
3809
3664
3655
3483
3646
3783
3587
3637
3823
3602
3868
3598
3668
3782
3937
3645
3630
3936
3735
3508
3949
3908
3661
3742
3529
3906
3869
3714
3705
3506
3662
3511
3961
3917
3912
3871
3857
3567
3541
3538
3685
3941
3765
3901
3789
3708
3647
3744
3958
3955
3924
3900
3833
3826
3711
3593
3591
3569
3486
3468
3466
3895
3878
3564
3562
3813
3898
3883
3639
3747
3454
3461
3847
3916
3452
3548
3933
3754
3719
3610
3507
3893
3843
3821
3758
3665
3614
3600
3568
3535
3534
3635
3555
3956
3945
3915
3761
3464
3970
3850
3815
3728
3629
3505
3498
3482
3940
3619
3977
3972
3967
3965
3960
3959
3957
3953
3951
3947
3946
3939
3932
3931
3925
3922
3921
3920
3919
3910
3909
3905
3904
3896
3894
3890
3887
3882
3881
3879
3876
3874
3870
3867
3866
3865
3864
3863
3862
3856
3849
3844
3840
3837
3835
3829
3827
3818
3814
3812
3810
3805
3803
3802
3799
3798
3793
3792
3791
3787
3786
3778
3777
3776
3775
3773
3770
3769
3768
3766
3764
3759
3757
3753
3752
3751
3749
3745
3743
3740
3739
3738
3727
3725
3724
3722
3720
3718
3716
3713
3710
3706
3701
3699
3698
3695
3690
3682
3673
3671
3669
3663
3659
3657
3653
3652
3648
3643
3641
3634
3632
3631
3624
3622
3616
3615
3613
3608
3606
3601
3599
3595
3590
3588
3585
3584
3583
3582
3581
3579
3572
3571
3570
3558
3553
3543
3539
3537
3536
3532
3528
3524
3523
3519
3510
3509
3503
3500
3499
3494
3493
3478
3477
3474
3473
3472
3470
3469
3460
3459
3457
3451
3443
3442
3441
3772
3565
3462
3795
3542
3485
3626
3966
3642
3845
3817
3703
3475
3913
3880
3762
3686
3603
3557
3828
3707
3658
3640
3559
3852
3838
3785
3737
3731
3730
3681
3627
3605
3527
3518
3497
3488
3450
3796
865
576
648
663
621
658
635
615
659
642
665
662
650
647
632
600
583
582
577
611
3954
3859
3733
3726
3463
3444
3566
3551
3530
3487
356
467
406
666
625
588
579
349
684
677
597
592
3628
3455
3779
3575
3930
3918
3911
3873
3832
3790
3736
3717
3700
3691
3680
3670
3649
3617
3594
3578
3574
3560
3516
3512
3502
3481
3479
3467
3573
3491
3858
3689
3926
3902
3831
3702
3697
3621
3563
3547
3526
3471
3839
3788
3712
3522
3517
3504
3496
3438
3888
3540
3533
3514
3884
3683
3480
3824
3804
3654
3484
3456
3979
3891
3948
3944
3889
3877
3780
3656
3964
3942
3927
3825
3604
3554
3693
3611
3521
3492
3950
3672
3552
3525
3520
3968
3841
3800
3760
3609
3437
3978
3934
3929
3860
3756
3750
3687
3667
3625
3618
3449
3448
857
3971
3938
3851
3842
3755
3734
3596
3576
3545
3586
868
985
1755
1295
1474
1664
1892
685
664
657
618
575
562
533
622
655
584
568
466
351
572
379
474
426
357
453
529
522
518
678
401
509
530
656
470
354
552
216
255
182
296
364
476
267
124
191
99
682
681
679
675
674
673
672
670
661
660
643
640
633
631
628
627
619
617
616
613
612
599
598
595
593
581
578
574
63
268
165
207
288
221
83
302
260
2106
2541
2321
2100
2017
1915
2162
1713
636
626
623
605
603
589
573
671
3861
3723
610
472
644
654
620
521
519
455
489
437
653
590
478
569
541
422
469
534
540
505
381
369
421
445
365
652
646
586
490
481
473
680
587
546
502
498
355
460
397
495
362
3147
1856
1093
3962
3943
3886
3872
3830
3797
3741
3721
3692
3684
3677
3674
3651
3633
3592
3577
3561
3556
3550
3501
3495
3440
862
1133
1797
1090
163
1372
1640
931
1908
1023
1747
910
1103
945
1453
649
1696
1162
1176
1385
1220
1411
1731
1646
1529
979
956
919
938
1463
1443
1234
1141
1094
1532
1682
1073
1518
902
1875
1414
1382
1202
1200
1818
958
1562
1118
901
1045
1586
1825
1676
1139
1481
1298
1292
1401
1068
1723
1687
1593
1410
1061
928
1602
1452
1127
1336
1036
1439
1774
1743
1379
1082
1263
1711
1147
1884
1873
1862
1764
1575
1381
1100
1024
1253
1472
1310
1152
1636
1009
1050
1896
1062
909
1634
959
1271
1296
1433
1325
970
951
1627
934
1824
1457
1375
1198
1889
1138
1592
1454
1347
1166
971
900
1482
1785
389
1089
1524
1091
1484
1054
1397
1669
1569
1459
1600
952
1624
1258
986
1000
1668
1330
1288
1181
1107
983
1188
1895
1880
1802
1493
1468
1314
1212
1111
1830
1235
1102
969
941
1415
1348
1879
1868
1700
1287
1146
1748
