0
3991
18
1394
447
3709
1262
4012
4015
11
241
3451
336
3071
279
3688
3732
883
379
2470
3977
2808
2079
624
3183
3126
1038
2740
1762
1276
1560
15
12
692
3733
4034
3746
3729
468
406
1145
2541
2792
1065
3375
49
3987
4033
3999
4006
3986
594
4021
4019
4018
4002
3998
3997
3995
3982
4038
4030
3985
4037
4036
4035
4032
4028
4027
4026
4025
4024
4020
4017
4016
4014
4011
4010
4009
4008
4007
4003
4001
4000
3996
3994
3993
3992
3990
3989
3988
3984
3981
4031
4023
4004
3980
4013
4029
4005
4022
3983
750
735
893
790
786
733
691
808
712
740
746
802
788
806
768
707
816
836
844
759
3885
3751
3887
3958
859
864
894
826
723
889
693
829
837
852
887
873
867
761
811
890
708
780
770
764
688
784
752
888
886
882
876
861
804
834
799
787
773
760
706
845
843
831
809
797
758
849
848
824
820
818
800
731
724
721
696
694
856
855
854
853
851
850
847
846
842
841
839
838
835
833
832
828
827
822
821
817
815
814
813
812
807
796
795
794
793
792
791
789
785
783
782
781
779
778
777
775
774
771
767
766
765
763
762
757
756
755
754
751
749
748
742
741
739
738
737
736
734
732
730
728
727
726
725
722
720
718
717
716
715
714
713
711
710
709
705
704
702
701
700
699
695
690
689
687
2774
895
2634
3619
3939
3801
3749
3964
3554
3653
3539
3814
3745
3606
3763
3952
3844
3874
3439
3660
3478
3866
3524
3912
3494
3585
3465
3834
3739
3637
3663
3644
3808
3868
3473
3901
3664
3812
3441
3949
3863
3549
3446
3602
3753
3581
3799
3896
3507
3747
3864
3813
3960
3809
3655
3641
3587
3713
3599
3924
3711
3905
3624
3546
3969
3951
3870
3706
3593
3895
3724
3919
3898
3836
3757
3701
3675
3738
3466
3956
3900
3881
3623
3622
3584
3458
3822
3705
3680
3558
3835
3715
3588
3442
3538
892
891
885
884
881
880
879
878
877
874
872
870
869
868
866
865
863
860
858
840
830
825
823
819
810
805
803
798
776
772
769
753
747
745
729
719
703
697
686
3074
3197
1924
3370
3802
3735
3710
3508
3472
3470
871
3979
3916
3626
3589
3861
3795
3972
3927
3909
3829
3726
3510
3474
3612
3600
3535
3499
3459
3777
3714
3569
3532
3634
3460
3443
3915
3555
3464
3805
3686
3940
3661
3703
3911
3880
3649
3639
3617
3479
3467
3457
3913
3772
3603
3788
3839
3765
3737
3858
3790
3785
3642
3528
3450
3784
2527
2481
2051
1992
2632
2358
2528
2650
1956
2618
1974
2106
1949
1933
2238
2558
2113
2167
2402
2091
2614
2622
2515
2207
2437
2204
2565
2421
2041
2357
2152
1937
2455
2591
2256
2158
2119
2049
1986
2577
2405
2236
2228
2129
2070
2035
2023
2424
2412
2587
2156
2146
2114
3566
3976
3975
3974
3973
3970
3967
3966
3965
3963
3959
3957
3955
3954
3953
3947
3946
3941
3937
3936
3935
3933
3932
3931
3925
3923
3922
3921
3920
3918
3917
3914
3910
3907
3906
3904
3903
3902
3899
3897
3894
3893
3892
3891
3890
3883
3882
3879
3878
3876
3875
3871
3869
3867
3865
3862
3859
3857
3855
3854
3853
3852
3850
3849
3848
3846
3845
3843
3840
3837
3833
3832
3827
3826
3823
3821
3819
3818
3817
3816
3815
3811
3810
3806
3794
3793
3792
3791
3789
3787
3786
3783
3782
3781
3778
3776
3775
3774
3773
3771
3770
3769
3768
3767
3766
3764
3762
3761
3759
3758
3755
3754
3748
3744
3743
3742
3740
3736
3731
3730
3728
3727
3725
3722
3720
3719
3718
3717
3716
3708
3707
3704
3700
3699
3698
3696
3695
3694
3691
3690
3685
3682
3681
3679
3678
3676
3673
3671
3669
3668
3666
3665
3662
3659
3658
3657
3652
3650
3648
3647
3646
3645
3643
3640
3638
3636
3632
3631
3630
3629
3628
3627
3620
3616
3615
3614
3613
3610
3608
3607
3601
3598
3597
3595
3594
3591
3590
3583
3582
3580
3579
3574
3572
3571
3570
3568
3567
3565
3564
3562
3560
3559
3556
3553
3552
3551
3544
3543
3542
3541
3537
3536
3534
3531
3530
3529
3527
3526
3523
3520
3519
3518
3516
3515
3514
3513
3512
3511
3509
3506
3505
3504
3503
3502
3500
3498
3497
3493
3492
3490
3489
3488
3486
3485
3483
3482
3481
3477
3476
3469
3468
3463
3462
3455
3452
3447
3445
3444
3440
698
572
386
501
564
2443
2362
2317
1930
1958
2337
1950
2346
2225
2012
2659
2636
2297
2171
2013
2011
1914
2291
206
177
46
129
3110
3059
3367
2788
3127
3225
2975
2809
3308
3269
3292
3092
2703
2699
2981
2998
3012
2949
3388
3376
2756
3194
2884
2766
3088
3358
3249
3042
3430
2746
3429
3006
2804
2972
3163
3055
2983
3053
2691
3425
3326
3148
3141
2861
2993
2889
3094
2948
3036
2908
2710
2994
2789
3418
3180
2663
3032
3231
3045
3352
2846
2687
2831
3299
3138
3015
2848
3202
2862
3365
2723
2974
2917
3217
2871
3400
3158
3026
2977
2887
2837
2794
2743
3129
2891
3243
3195
3014
2988
2953
2810
2741
2729
3369
3192
3436
2763
2706
3318
3309
3301
3064
2985
2966
2944
2867
2666
3313
2868
2856
3151
2921
2791
2711
3387
3384
3363
3142
3054
3029
3022
2920
2910
2897
2890
2835
2806
2800
2786
2750
2717
2790
3405
3279
2957
3236
2772
3021
2996
2901
2818
2270
2145
2493
2401
1988
2141
2296
2648
2627
2612
2534
2318
2272
2193
2173
2658
2620
1951
1927
3395
3389
3383
3190
3072
3046
2954
2898
2762
3385
3198
3155
3152
3102
3082
3041
2991
2999
2923
3254
3345
3260
3240
3224
3332
3320
3067
2684
3306
2860
3161
3043
3340
3136
2760
2316
2593
2261
2136
2625
2433
2404
2370
2326
2229
2184
1971
1946
1989
2637
2170
2155
2624
2615
2374
2329
2237
2190
2139
2104
2078
2045
2040
1929
2366
2209
2177
2631
2611
2601
2590
2586
2573
2554
2553
2551
2532
2521
2507
2504
2485
2482
2478
2467
2462
2430
2423
2409
2386
2381
2376
2356
2354
2353
2348
2334
2309
2300
2290
2288
2275
2258
2124
2122
2115
2103
2098
2095
2093
2088
2083
2069
2058
2056
2030
2020
1997
1993
1953
1943
2557
2432
2252
2233
2305
1964
2544
2287
2278
2048
1961
2415
2249
2522
2385
2324
2274
2222
2304
2096
2623
2489
2393
2383
2379
2218
2161
2147
2067
2533
2396
2390
2280
2243
2110
2075
2063
2057
2465
2259
2215
1994
2964
3222
2822
2693
3397
3280
3265
3247
3150
3115
2970
3411
3061
2894
2847
2672
3344
3172
3160
3089
3076
3017
2989
2840
2701
2990
3330
3171
2955
3223
3210
2881
2830
3296
3117
3033
2969
2916
2915
2905
2839
2676
2958
2829
3331
2738
3379
3334
3176
3144
3086
3069
3002
2900
2892
3154
2803
2727
2724
3077
2934
2824
2820
2752
3419
3302
3277
3204
3199
3049
3035
2742
2719
2845
3420
3929
3683
3670
3635
3605
3563
3521
3475
3926
3838
3575
3522
3796
857
3779
3702
3689
3621
3930
3888
3847
3712
3592
3547
3454
3928
3804
3611
3578
3533
3484
3889
3828
3800
3741
3625
3576
3517
3945
3942
3825
3803
3752
3604
3950
3672
3573
3496
3886
3780
3760
3734
3684
3667
3656
3596
3491
3480
3471
3978
3944
3934
3908
3877
3860
3831
3548
3525
3448
3971
3968
3962
3938
3884
3873
3851
3842
3841
3830
3824
3756
3697
3693
3687
3674
3654
3651
3618
3586
3557
3545
3501
3461
3449
3438
862
1579
1627
1027
3205
2825
2813
1755
1546
2344
2343
2333
2268
1948
1916
1346
1498
2657
2656
2655
2654
2652
2651
2646
2645
2644
2641
2639
2638
2633
2630
2628
2626
2621
2619
2613
2610
2609
2607
2606
2604
2603
2602
2600
2599
2595
2585
2584
2581
2580
2579
2578
2576
2575
2574
2572
2570
2569
2568
2567
2566
2564
2563
2562
2561
2560
2559
2556
2552
2550
2549
2548
2546
2545
2540
2539
2538
2537
2536
2535
2531
2526
2525
2524
2523
2520
2519
2518
2517
2514
2513
2506
2505
2503
2500
2499
2498
2497
2495
2492
2490
2488
2487
2486
2484
2483
2480
2479
2477
2476
2474
2473
2469
2468
2466
2464
2460
2456
2454
2453
2452
2450
2449
2448
2446
2444
2442
2441
2440
2439
2438
2435
2434
2429
2428
2427
2426
2425
2422
2418
2416
2414
2413
2411
2410
2408
2407
2406
2403
2400
2397
2395
2392
2391
2389
2388
2387
2382
2380
2375
2373
2372
2371
2369
2367
2365
2363
2361
2360
2359
2352
2350
2349
2345
2342
2341
2340
2339
2335
2331
2330
2325
2323
2322
2321
2320
2314
2313
2312
2311
2310
2308
2307
2306
2303
2301
2299
2294
2293
2286
2281
2277
2276
2273
2271
2269
2265
2263
2262
2260
2257
2255
2253
2251
2248
2245
2244
2242
2240
2235
2234
2232
2231
2230
2227
2226
2224
2221
2220
2219
2217
2216
2214
2213
2212
2211
2210
2208
2206
2205
2202
2201
2200
2197
2192
2188
2186
2185
2182
2181
2179
2178
2176
2175
2172
2169
2168
2166
2165
2164
2162
2160
2159
2154
2150
2149
2144
2142
2140
2133
2131
2130
2126
2123
2121
2120
2118
2116
2112
2109
2108
2107
2105
2101
2100
2099
2097
2094
2092
2090
2089
2086
2085
2084
2082
2080
2077
2076
2074
2073
2066
2064
2061
2060
2059
2055
2053
2050
2046
2044
2043
2039
2037
2036
2034
2033
2031
2029
2025
2022
2021
2019
2017
2016
2015
2014
2008
2006
2005
2003
2002
2000
1999
1996
1990
1987
1985
1984
1983
1982
1981
1980
1979
1978
1977
1975
1970
1969
1968
1967
1966
1965
1963
1962
1960
1957
1952
1944
1942
1939
1938
1936
1935
1934
1931
1928
1925
1923
1922
1921
1919
1918
1917
1915
349
505
533
509
532
437
666
648
575
655
612
678
578
685
684
605
597
592
588
573
635
595
643
627
615
583
3961
3723
3487
3437
671
652
477
383
478
448
593
529
646
620
418
522
466
429
683
673
424
680
528
413
571
568
562
554
552
551
550
540
535
530
516
504
499
498
495
486
480
479
473
472
470
467
464
457
454
453
445
443
435
426
421
416
411
405
401
399
385
384
382
381
380
377
372
371
365
362
358
356
354
208
36
305
162
47
263
68
244
135
86
178
476
441
393
364
351
97
298
5
6
278
35
159
289
2660
2653
2647
2640
2635
2598
2583
2571
2502
2494
2459
2447
2445
2378
2364
2284
2254
2247
2183
2157
2117
2071
2038
2027
2024
2018
2009
2004
2001
1998
1995
1991
1976
1973
1972
1955
1945
1926
99
59
38
337
44
227
95
22
300
187
181
230
344
123
204
341
290
222
60
55
23
255
330
180
93
84
211
16
257
248
270
237
158
83
266
249
345
322
284
251
197
184
121
108
175
112
17
343
214
115
41
265
238
223
295
285
277
272
232
186
161
148
141
134
113
79
72
30
