0
4033
11
4005
638
4024
4008
3985
3453
3589
3748
3268
3820
210
1560
624
3560
2691
3408
3875
750
183
244
3808
3856
3798
3746
3031
602
585
12
1145
2269
282
3037
2792
3999
4016
4037
3987
4025
4028
4009
4011
4026
3982
4014
3995
4018
4038
4036
4035
4034
4032
4031
4030
4029
4027
4023
4021
4020
4019
4017
4015
4013
4012
4010
4007
4006
4004
4003
4002
4001
4000
3998
3997
3996
3994
3993
3992
3991
3990
3989
3988
3986
3984
3983
3981
3980
4022
839
832
743
854
782
712
785
850
725
799
771
756
855
846
841
836
822
821
816
808
806
802
801
796
791
789
788
786
768
767
761
757
749
744
740
736
733
732
714
707
704
702
692
691
689
874
867
776
858
884
804
876
825
778
709
826
812
737
727
711
763
710
852
717
720
814
770
811
735
837
783
716
705
842
829
795
790
773
723
715
706
700
695
888
886
878
853
851
848
847
833
813
810
794
784
780
762
752
751
746
742
738
734
722
701
690
849
800
755
845
843
838
831
827
819
817
809
807
797
793
792
787
779
764
759
758
741
739
730
728
718
890
844
835
834
824
820
818
815
805
781
777
766
765
760
754
748
731
726
724
721
719
696
694
693
688
687
686
3676
3588
3704
3134
3413
3544
3467
895
894
893
892
891
889
887
885
883
882
881
880
879
877
873
872
870
869
866
865
864
863
861
856
840
830
828
823
803
798
774
772
769
753
747
745
729
713
708
703
697
3879
3897
3665
3489
3946
3934
3619
3965
3789
3749
3910
3816
3775
3848
3716
3647
3616
3652
3503
3646
3740
3641
3454
3447
3675
3493
3835
3905
3863
3812
3939
3811
3725
3445
3727
3564
3459
3450
3497
3862
3713
3815
3802
3597
3498
3952
3439
3763
3754
3896
3631
3722
3607
3776
3766
3664
3690
3534
3483
3891
3640
3976
3909
3940
3685
3481
3791
3783
3655
3541
3644
3442
3876
3778
3753
3520
3810
3718
3623
3584
3458
3975
3836
3708
3519
3951
3826
3822
3793
3705
3782
3768
3630
3601
3568
3642
3531
3490
3634
871
868
3197
2857
2799
2886
3305
3059
3323
2714
3170
3012
3066
3401
3338
3422
3218
3269
2723
2671
2791
3121
3425
2895
2893
2816
3286
3163
2668
3312
2715
2789
3228
2766
2726
3131
2821
2663
2990
3091
3402
3256
3187
3167
3130
3294
3234
3213
2695
2823
2972
3388
2945
3194
3013
2672
3417
3394
3123
2931
2809
2987
2956
2890
2729
2681
3085
3036
2994
2912
3436
3414
3193
3023
3325
2834
3362
3004
2960
2943
2874
3349
2856
2690
3232
3226
3040
3026
2897
2827
2717
3284
3104
2986
2967
2940
2909
2908
2906
2835
2786
2773
2698
2753
3215
3107
2841
2783
2709
3345
3261
3241
3307
3299
3260
3151
3189
3148
3404
2969
2924
2815
2782
2746
2995
2739
3199
3016
2950
2796
3334
3285
2829
2775
2711
3455
3888
3575
3522
3926
3911
3832
3717
3695
3605
3518
3516
3785
3576
3462
3702
3514
3477
3804
3938
3945
3612
3688
3672
3966
3491
3480
3512
3841
3796
3545
3533
3971
3944
3880
3948
3577
698
1071
3298
3157
3144
3379
3337
2784
2702
2686
3320
3118
3039
2965
1394
3221
3210
2946
3742
3604
3496
3444
3487
3979
3978
3977
3974
3973
3972
3970
3969
3968
3967
3964
3963
3960
3959
3958
3957
3956
3955
3954
3953
3950
3949
3947
3942
3941
3937
3936
3935
3933
3932
3931
3930
3929
3928
3927
3925
3924
3923
3922
3921
3920
3919
3918
3917
3916
3915
3914
3913
3912
3908
3907
3906
3904
3903
3902
3901
3900
3899
3898
3895
3894
3893
3892
3890
3889
3887
3885
3884
3883
3882
3881
3878
3874
3873
3871
3870
3869
3868
3867
3866
3865
3864
3860
3859
3858
3857
3855
3852
3851
3850
3849
3847
3846
3845
3844
3843
3842
3840
3839
3838
3837
3834
3833
3831
3829
3828
3827
3825
3824
3823
3821
3819
3818
3817
3814
3813
3809
3807
3806
3805
3803
3801
3800
3799
3797
3795
3794
3792
3790
3788
3787
3786
3784
3781
3780
3779
3777
3774
3773
3772
3771
3770
3769
3767
3765
3764
3762
3761
3760
3759
3758
3757
3755
3752
3751
3747
3745
3744
3743
3739
3738
3737
3736
3735
3734
3733
3732
3731
3730
3729
3728
3726
3724
3720
3719
3715
3714
3712
3711
3710
3709
3707
3706
3703
3701
3700
3699
3698
3697
3696
3694
3693
3691
3689
3687
3686
3684
3683
3682
3681
3680
3679
3678
3677
3673
3671
3670
3669
3668
3667
3666
3663
3662
3661
3660
3659
3658
3657
3656
3654
3650
3649
3648
3645
3643
3639
3638
3637
3636
3635
3632
3629
3628
3627
3626
3625
3624
3622
3621
3620
3618
3617
3615
3614
3613
3611
3610
3608
3606
3603
3602
3600
3599
3598
3596
3595
3594
3593
3592
3591
3590
3587
3586
3585
3583
3582
3581
3580
3579
3578
3574
3573
3572
3571
3570
3569
3567
3566
3565
3563
3562
3559
3558
3557
3555
3554
3553
3552
3551
3549
3548
3547
3546
3543
3542
3539
3538
3537
3536
3535
3532
3530
3529
3528
3527
3526
3524
3523
3521
3517
3515
3513
3511
3510
3509
3508
3507
3506
3505
3504
3502
3500
3499
3494
3492
3488
3486
3485
3484
3482
3479
3478
3476
3475
3474
3473
3472
3471
3470
3469
3468
3466
3465
3464
3463
3461
3460
3457
3456
3452
3451
3449
3448
3446
3443
3441
3440
3438
857
657
612
626
665
643
632
576
661
659
600
599
664
605
589
575
679
386
379
654
631
619
618
579
498
356
382
406
383
399
153
294
311
120
256
71
61
159
96
309
157
125
283
163
296
263
68
182
327
32
278
23
192
320
77
143
338
144
293
138
264
259
245
91
89
306
181
152
343
226
116
20
194
2932
2795
2730
2914
3132
2828
3279
3061
2984
2921
2859
2847
2845
2736
2700
2665
3373
3360
3335
3297
3296
3288
3277
3267
3239
3225
3188
3182
3169
3155
3116
3115
3110
3082
3060
3038
2992
2989
2970
2939
2778
2765
2719
2716
2999
3319
3156
2949
3186
3386
3062
3011
2734
3165
2813
1270
3435
3434
3433
3432
3431
3430
3429
3428
3427
3426
3424
3423
3421
3420
3419
3418
3416
3415
3411
3410
3409
3407
3405
3403
3400
3399
3398
3397
3396
3395
3393
3392
3391
3390
3389
3387
3384
3383
3382
3381
3380
3378
3377
3376
3375
3374
3372
3371
3370
3369
3368
3367
3366
3365
3364
3363
3359
3358
3357
3356
3355
3354
3353
3352
3351
3350
3348
3347
3346
3344
3343
3342
3341
3340
3339
3336
3333
3332
3330
3329
3327
3326
3324
3322
3321
3318
3317
3316
3315
3314
3313
3311
3310
3309
3308
3306
3303
3302
3301
3300
3293
3292
3291
3287
3283
3282
3281
3280
3276
3275
3274
3273
3272
3271
3270
3266
3264
3262
3259
3258
3257
3255
3254
3253
3252
3251
3250
3249
3247
3246
3244
3243
3242
3240
3238
3237
3236
3235
3233
3231
3230
3229
3227
3224
3223
3220
3219
3217
3216
3214
3212
3211
3209
3208
3207
3206
3205
3204
3203
3202
3201
3200
3198
3196
3195
3192
3191
3190
3185
3184
3183
3181
3180
3179
3177
3176
3175
3174
3172
3171
3166
3161
3160
3159
3158
3154
3153
3152
3150
3149
3147
3146
3145
3143
3142
3141
3140
3139
3138
3137
3135
3133
3129
3128
3127
3126
3125
3124
3122
3120
3119
3117
3114
3113
3112
3111
3109
3108
3106
3105
3103
3102
3100
3099
3098
3096
3095
3094
3093
3092
3090
3089
3088
3087
3086
3084
3083
3081
3080
3079
3078
3077
3076
3075
3074
3073
3072
3071
3070
3069
3068
3067
3065
3064
3063
3058
3056
3055
3054
3053
3052
3051
3050
3049
3048
3047
3046
3045
3044
3043
3042
3041
3035
3033
3032
3030
3029
3028
3027
3025
3024
3022
3021
3020
3018
3017
3015
3014
3010
3009
3008
3007
3006
3002
3000
2998
2997
2996
2993
2991
2988
2985
2983
2982
2981
2980
2979
2978
2977
2975
2974
2973
2966
2963
2962
2961
2959
2958
2957
2955
2954
2953
2952
2951
2948
2947
2944
2942
2938
2937
2936
2935
2934
2933
2930
2929
2928
2927
2926
2925
2923
2922
2920
2919
2918
2917
2916
2915
2913
2911
2910
2907
2905
2904
2903
2902
2901
2900
2899
2898
2896
2894
2892
2891
2889
2888
2887
2884
2882
2881
2880
2879
2878
2877
2876
2875
2873
2872
2871
2870
2868
2867
2866
2865
2864
2863
2862
2861
2860
2858
2855
2854
2853
2852
2851
2850
2849
2848
2846
2844
2843
2842
2840
2839
2837
2836
2833
2832
2831
2830
2825
2824
2820
2819
2818
2817
2814
2812
2811
2810
2808
2807
2806
2805
2804
2803
2802
2801
2800
2798
2797
2794
2793
2790
2788
2787
2785
2781
2780
2779
2777
2776
2774
2772
2771
2770
2769
2768
2767
2763
2762
2761
2759
2758
2757
2756
2755
2754
2751
2750
2749
2748
2747
2745
2744
2743
2742
2741
2740
2738
2737
2735
2733
2732
2731
2728
2727
2725
2722
2721
2720
2718
2713
2712
2710
2708
2707
2706
2705
2703
2701
2699
2697
2696
2694
2692
2689
2688
2687
2685
2684
2683
2682
2680
2679
2677
2676
2675
2674
2673
2670
2669
2667
2666
2664
2662
2661
860
1430
3097
2964
1027
1194
3289
2976
3178
3034
2971
3412
3406
3331
3304
3295
3168
3162
3019
3001
2869
2752
2724
1147
933
1252
955
1414
1797
1855
1847
1731
1602
1890
1002
1579
1892
1452
1363
1186
996
1143
3962
3943
3886
3877
3872
3830
3756
3750
3741
3721
3692
3674
3651
3633
3609
3561
3556
3550
3540
3525
3501
3495
862
1566
1372
1202
1896
1552
1607
1544
1266
1739
1856
1848
1503
1457
956
1249
1324
1069
1091
1759
1640
974
1439
1346
1629
938
3328
3222
3164
3136
3057
3005
2968
2941
2883
2760
2678
1240
1239
1499
1292
988
1894
1568
1378
1232
903
901
972
1880
1787
1493
1468
1216
1578
1517
1537
1704
941
1815
1072
1168
1541
1829
1356
1781
1801
1526
1308
898
1436
1093
910
1572
1691
1462
1347
1279
1014
1442
1647
1636
1587
1479
1426
1381
1379
1345
1322
1257
1215
1108
1082
1081
1060
1018
981
1314
1576
1129
1103
678
620
616
1870
1694
1444
1778
1226
915
1121
1529
2885
2704
1193
64
3173
3003
2838
1422
1053
1569
1708
1023
970
1630
1131
1910
1818
1620
1183
1705
1676
1410
1360
1174
1634
1531
1507
1482
1446
1412
1348
1258
1228
1152
1713
1385
1035
3961
3861
3723
3437
1574
470
641
1899
1871
1820
1794
1766
1751
1740
1720
1695
1682
1680
1673
1631
1595
1515
1495
1473
1408
1373
1294
1282
1281
1245
942
936
917
639
1844
1549
1545
1427
1237
1179
450
505
486
424
352
522
466
635
372
1311
537
404
685
684
682
681
680
677
675
672
671
670
667
666
663
662
660
658
656
655
653
650
648
647
644
642
640
636
634
633
630
628
627
625
623
622
621
617
615
613
611
609
608
607
603
598
597
595
593
592
590
588
584
583
582
581
578
577
574
573
510
669
503
493
495
488
452
423
1897
1536
1358
1095
676
673
652
646
645
637
610
604
587
586
547
491
471
431
400
361
359
355
683
614
591
500
373
370
368
561
497
369
572
571
570
568
565
564
562
560
559
558
557
556
555
554
553
552
551
549
548
544
543
542
541
540
539
536
535
534
533
532
530
529
527
525
524
523
521
519
515
514
512
511
509
502
501
499
496
494
492
490
489
487
484
482
481
479
478
476
474
473
472
469
468
467
465
464
463
462
461
458
454
453
448
447
446
445
444
441
440
437
435
432
430
429
426
422
419
418
417
416
413
412
411
410
409
408
403
401
398
396
395
394
393
392
390
388
387
385
384
381
380
377
375
371
367
366
365
364
362
360
357
354
353
351
349
198
168
65
238
150
250
85
80
117
257
317
161
5
261
199
69
62
3
341
331
271
265
207
172
128
88
82
59
345
342
334
284
272
197
184
108
104
66
39
9
347
340
129
103
346
344
337
336
335
333
332
330
329
328
326
325
323
321
319
318
316
314
313
312
310
308
307
305
304
303
302
301
300
299
298
297
295
292
291
290
289
288
287
286
281
280
279
277
276
275
274
273
270
269
268
267
266
262
260
258
255
254
253
252
251
249
248
247
243
242
241
240
239
237
236
235
234
233
232
231
230
229
228
227
225
224
223
222
221
220
219
218
217
216
215
214
213
212
211
209
208
206
205
204
203
202
201
200
196
195
193
191
190
189
188
187
186
185
180
179
178
177
176
175
174
173
170
167
166
165
164
162
160
158
155
154
151
149
148
147
145
142
141
140
139
137
135
134
133
132
131
130
127
126
124
123
121
119
118
115
113
112
111
110
109
106
105
102
101
100
99
98
97
95
94
93
92
90
86
84
83
81
79
78
76
75
74
73
72
70
63
60
57
55
54
53
52
51
50
49
48
47
46
45
44
43
42
41
40
38
37
36
35
34
33
31
30
29
28
27
26
25
24
22
19
18
17
16
15
14
13
10
8
6
4
2
1
1594
1395
1458
1453
1026
1532
1435
1501
1130
1542
1195
1128
952
1111
1045
1030
1851
1528
920
991
1761
1737
1278
1163
982
978
947
1445
1771
1769
1659
1539
1538
1365
1047
1823
1734
1639
1467
1404
1389
1375
1329
1059
1877
3385
3361
3278
3265
3263
3248
3245
3101
2822
2764
2693
1666
1505
1804
1288
1101
983
966
1861
1522
1116
1561
922
1849
1598
1597
1535
1243
1160
959
1902
1888
1879
1833
1793
1791
1669
1614
1540
1456
1359
1351
1323
1219
1205
1132
1123
1117
1107
1078
946
916
3290
2826
1908
1642
1387
995
1825
1555
1511
1337
1307
1274
1203
1187
1907
1906
1905
1904
1903
1901
1900
1898
1895
1893
1891
1889
1887
1886
1885
1884
1883
1882
1881
1878
1876
1875
1874
1873
1872
1869
1868
1867
1866
1865
1864
1862
1860
1859
1858
1857
1854
1853
1850
1845
1843
1842
1841
1840
1839
1838
1837
1832
1831
1830
1828
1827
1826
1824
1822
1821
1819
1817
1816
1814
1813
1812
1811
1810
1809
1807
1806
1805
1803
1802
1800
1799
1798
1796
1795
1792
1790
1789
1788
1786
1785
1784
1783
1779
1776
1775
1774
1773
1772
1770
1768
1767
1765
1764
1763
1762
1760
1758
1757
1756
1755
1754
1753
1752
1750
1749
1748
1747
1746
1744
1743
1742
1741
1738
1736
1735
1733
1732
1730
1729
1728
1727
1726
1725
1724
1723
1722
1721
1719
1717
1716
1715
1714
1712
1711
1710
1709
1707
1706
1703
1701
1700
1699
1698
1696
1693
1692
1690
1689
1688
1686
1685
1684
1683
1681
1679
1678
1677
1675
1674
1672
1671
1670
1668
1667
1665
1664
1663
1662
1661
1660
1658
1657
1656
1655
1654
1653
1652
1651
1650
1649
1648
1646
1645
1644
1643
1641
1638
1637
1635
1633
1632
1628
1627
1626
1625
1624
1623
1622
1619
1617
1616
1615
1613
1612
1611
1610
1609
1608
1606
1605
1604
1603
1601
1600
1599
1596
1593
1592
1591
1589
1588
1586
1585
1584
1583
1582
1581
1580
1575
