0
4017
796
215
2792
4010
2168
875
841
3589
2483
193
76
3853
1071
3935
1657
2541
1581
179
279
3808
3974
3183
256
3733
1326
2051
725
883
879
740
775
2898
1270
3746
2321
581
638
3653
1856
3127
2382
454
201
2857
1394
1057
1022
3427
447
377
49
1096
2952
499
785
358
255
1208
3709
4029
2774
3407
3882
4022
1046
2195
3717
42
1854
860
3413
2842
2457
2704
4005
2798
3887
2922
210
801
602
383
585
183
3037
3991
411
4015
2481
1295
2230
153
911
218
3848
2814
3688
228
2375
501
3592
1395
673
2736
3704
485
3811
3765
51
3748
1711
2725
613
476
1411
3820
667
1834
3954
253
3556
3537
2766
33
3671
1105
241
1607
3200
2178
3846
145
90
912
910
1776
1202
1253
270
2527
2595
2106
884
858
895
894
878
872
788
864
886
870
866
863
887
885
882
890
729
732
702
689
789
850
816
832
893
891
889
888
881
877
876
874
873
868
867
861
859
825
804
776
704
831
737
783
803
818
826
786
846
844
731
773
837
777
709
843
835
754
735
869
856
806
851
761
822
751
700
733
817
708
791
691
753
839
707
714
712
809
810
742
687
808
833
763
797
793
792
780
723
830
812
724
713
848
736
849
774
772
756
752
720
706
698
694
820
799
770
705
745
722
696
805
880
845
838
815
807
779
765
747
730
728
784
778
766
760
738
718
701
697
693
688
854
853
847
842
840
836
834
829
828
827
824
823
821
819
814
813
811
802
800
798
795
794
790
787
782
781
771
769
768
767
764
762
759
758
755
748
746
743
741
739
734
727
726
721
719
716
715
711
710
703
699
695
690
686
717
855
750
744
892
871
865
852
757
749
692
4020
4001
4016
4031
4004
4028
4002
4033
4038
4036
4035
4034
4032
4027
4024
4013
4012
4011
4007
3992
3990
3989
594
3995
3993
4026
3996
4000
3980
4014
4003
3999
4021
3997
3988
3986
4019
4018
3994
4030
4023
3998
3982
3981
4009
4006
3983
3985
4037
3987
4025
3984
4008
216
8
157
243
93
264
110
71
147
240
155
61
2
321
124
160
317
310
139
289
137
112
305
262
151
3126
2281
288
83
204
340
129
274
208
150
117
338
295
69
111
27
3
95
60
284
84
268
81
105
281
91
307
70
225
143
89
29
79
75
31
10
298
261
82
72
229
341
224
176
133
85
266
222
221
206
347
22
20
23
258
28
325
172
16
149
148
217
296
263
177
175
68
346
242
278
332
1
314
13
170
123
260
196
194
130
146
330
57
54
132
41
197
127
214
115
19
312
156
2358
3376
3216
3336
3128
2804
3283
3094
3389
3428
2963
3042
2961
2256
2245
2301
1949
1961
249
299
101
498
3121
3328
3418
3338
2443
2568
2152
2016
236
232
158
126
25
329
246
67
318
277
122
121
339
213
7
334
303
290
285
265
211
207
185
134
128
119
63
62
59
304
297
280
252
239
184
159
142
108
104
98
40
39
26
9
345
344
343
342
337
336
335
333
331
326
324
323
320
319
316
315
313
311
309
302
300
294
293
291
276
272
271
269
267
259
257
254
251
250
248
247
245
238
235
231
230
227
226
223
220
219
212
209
203
200
199
191
190
189
188
187
186
182
180
178
168
167
166
165
164
162
161
154
152
144
141
140
135
131
118
116
113
109
103
102
100
99
97
96
94
92
88
86
77
73
66
65
64
55
53
50
48
45
44
43
38
36
35
30
24
17
14
11
6
5
2685
3061
3308
3066
2926
3133
3125
2824
2721
3323
2998
2990
2900
3398
3425
2809
3286
2967
3088
3235
2895
3402
3109
2726
3410
2852
3210
2902
3024
3254
3055
3161
2899
2675
3372
3251
3074
2817
3430
3218
3143
2710
2949
2886
3357
3368
3063
3272
3112
3354
3122
2799
3269
3197
2909
2770
3208
3028
2933
2805
3030
3318
2982
3190
3199
3169
3335
3249
2663
3423
2834
2703
2699
2906
2745
3377
3166
3014
3421
3007
2692
2662
3189
3153
2953
2983
3370
3388
2677
2984
3382
3325
3311
3309
2879
2915
3390
3227
3243
3084
2977
3415
3111
2667
3167
3297
2980
2832
3349
3242
3212
3099
3392
2888
2789
2859
3075
3238
2695
2666
58
3080
2880
3069
2827
2904
2969
2854
3344
3240
3035
2876
2939
2747
3304
2908
2850
2741
2995
3384
2993
2945
2862
2738
3221
2893
2841
3300
2807
3314
2959
2670
3315
3294
3234
3228
3193
3023
2757
2929
2905
2872
2729
2679
3380
2913
3104
3040
3026
2940
2911
2698
2669
3194
3175
3058
3046
3435
3433
3114
2994
2794
2756
2683
2681
2930
3400
3158
3137
3036
2981
2873
2821
3369
2843
2816
2801
3420
3379
3359
3356
3241
3103
2830
2713
3265
3224
3215
3106
2783
3391
3378
3108
3022
2925
2920
2912
2866
3259
3187
3070
2785
3296
3198
2881
2779
2723
3307
3211
3015
2772
2735
2845
2796
3417
3414
3303
3052
2810
2806
2782
2749
2896
3431
2812
2696
3387
3090
3064
3000
2974
2927
2919
2916
2910
2897
2877
2786
2676
2664
3395
2759
3209
2846
2780
2716
2737
3426
3195
3129
3096
3085
2986
2917
2689
3267
3115
2970
2948
2890
2864
2761
2754
3411
3321
3305
3138
3134
3110
2702
1383
3039
3027
2965
2894
2836
1693
171
2181
2263
2080
2632
2528
2431
2227
2545
2650
2099
2070
2444
2535
2450
2076
2628
1937
2514
2548
2119
2238
2166
2427
2635
2277
2265
2437
2622
2466
2426
2255
2487
2094
2591
2523
2577
2251
2015
2411
2405
2357
1952
2217
2342
2260
2162
2160
2130
2105
2402
1969
2619
2495
2306
2613
2584
2576
2393
2350
2234
2580
2453
2371
2456
2034
2210
2291
2532
1935
2308
2067
2565
2421
1996
2494
2410
2329
2164
2000
2297
2004
2365
2499
2464
1986
2401
2207
1992
1924
2385
2631
2504
2409
2387
2299
2261
2208
2122
2109
2058
1984
2539
2460
2454
2339
2213
2147
2123
2108
2086
2078
2349
2657
2346
2011
1958
1950
2534
2503
2397
2049
2403
2248
1990
1930
2505
2618
2566
2448
2236
2219
2066
1960
2097
1991
2634
2570
1931
1921
2626
2159
2050
1968
2638
2630
2606
2526
2492
2477
2446
2395
2334
2331
2303
2266
2240
2103
2092
2060
2055
1971
1963
1962
2390
2243
2623
2578
2575
2574
2560
2554
2552
2500
2489
2478
2418
2404
2386
2359
2348
2326
2276
2229
2216
2139
2136
2112
2095
2090
2074
2046
2314
2286
2173
2035
2023
2373
2497
2126
2157
2013
1998
2658
2640
2585
2447
1919
2655
2625
2624
2549
2536
2520
2430
2423
2369
2212
2142
2118
2084
2073
1966
1942
1918
2587
2317
2120
2107
2654
2646
2615
2602
2593
2573
2563
2559
2556
2551
2546
2521
2507
2381
2370
2353
2324
2307
2278
2271
2257
2244
2206
2184
2179
2140
2131
2115
2104
2098
2093
2069
2059
2045
2043
2037
2030
1993
1979
1953
1946
1929
2455
2341
2645
2633
2627
2378
2225
2061
2022
1973
1972
2531
2530
2116
589
628
202
163
80
351
399
532
364
380
522
533
459
437
568
466
429
365
382
562
472
2942
3067
3298
3076
2875
2840
2753
3157
2808
3266
2946
3343
3345
3275
2858
1713
3256
3252
3236
3196
3192
3136
3087
3032
2918
2718
2678
2882
2452
2522
2493
2496
2177
2029
2612
2474
2211
2175
2222
1923
2345
2228
2144
2226
2637
2517
2440
2367
2366
2325
2313
1965
2235
2048
2603
2572
2502
2501
2491
2438
2417
2415
2305
2249
2215
2161
2057
2652
2468
2137
2096
1981
2465
2429
2330
2293
2292
2053
2010
2241
2473
2272
2270
2185
2592
2338
1947
2643
2609
2533
2420
1941
1932
2594
2458
2322
2318
2296
2273
2259
2187
2145
2101
2085
2082
2007
2616
2518
2434
2203
2174
2003
2647
2571
2461
2364
2268
2171
2127
2117
2102
2038
2027
2024
2018
1976
322
308
169
125
87
56
21
2567
2516
2508
2399
2398
2351
2333
2315
2250
2239
2196
2169
2153
2068
2065
2054
2042
1920
2903
1476
1058
3331
2819
3396
2823
2797
2733
3011
3350
3107
3018
2727
2724
3205
3117
2997
2665
3182
2957
2938
2778
2914
3185
3383
3313
3043
2762
3434
3360
3355
3347
3316
3277
3247
3225
3155
3146
3145
3116
3102
3089
3034
2991
2853
2765
2742
3201
3081
