0
700
3999
3407
1145
4028
3127
1586
468
33
215
244
2792
467
192
292
43
757
1096
97
852
37
1797
1386
585
234
1560
3856
1105
3853
2541
3808
377
2596
301
1890
3846
855
205
2691
3091
42
3441
2774
638
2595
1466
613
110
4025
4012
4029
4022
608
2168
1252
2457
1834
1383
2422
3183
78
875
2842
3854
910
1087
358
3798
899
3650
4010
95
3787
2922
1690
356
3305
3453
660
11
125
674
3071
154
2704
3661
3885
3565
365
3748
550
4037
3543
663
384
4005
1855
3230
2671
1476
1838
15
3673
4008
1140
3282
2860
859
699
884
883
871
1057
790
851
733
693
3746
788
692
2441
410
1193
2699
1038
333
117
2788
1295
3556
112
321
3974
571
270
2195
1276
386
2826
1233
3494
179
253
581
138
157
3570
3210
1254
2957
2079
750
202
74
379
2884
1777
1417
3681
282
785
2722
1270
2857
3489
3729
210
1546
642
145
893
825
275
4
328
306
273
195
218
181
4001
3987
4016
4007
3990
264
8
259
91
3074
47
1002
1208
798
717
49
52
572
437
3037
453
1194
3147
2817
3055
3268
594
3989
4018
3996
4027
4011
3991
4026
4020
4034
4013
4002
3997
3994
4019
4017
3998
3986
3985
4038
4031
4030
4036
4033
4023
4021
4009
4000
3992
3983
3982
4014
4004
3993
3988
3980
3995
667
4003
4015
3981
4024
4006
4032
4035
3984
882
876
895
858
881
879
888
874
885
861
786
894
891
889
886
880
877
870
866
689
732
808
735
795
878
869
864
863
811
816
740
768
758
741
812
789
710
769
704
822
791
854
743
793
762
873
872
867
738
708
818
712
804
770
772
833
742
736
698
846
714
702
778
766
701
737
814
794
787
734
797
715
819
830
792
779
747
718
831
752
834
843
817
807
805
759
748
730
835
780
765
753
745
687
845
810
731
713
711
706
696
690
853
828
777
751
739
695
856
850
849
847
844
842
841
839
837
836
832
829
827
826
824
820
815
813
809
806
803
801
800
799
796
784
783
782
781
776
774
771
767
764
763
761
760
756
755
746
744
729
728
727
725
724
723
722
721
720
719
716
705
848
840
838
823
821
773
726
709
703
697
694
688
686
754
892
865
802
707
890
691
775
887
749
860
868
857
3875
3700
3887
3669
3813
3477
3682
3970
3465
3675
3537
3600
3547
3911
3864
3732
3847
3338
3429
3401
102
2388
3446
3606
3647
3457
3805
3483
3893
3749
3882
3941
3622
3923
3653
3783
3836
3490
3447
3812
3937
3535
3724
3549
3840
3880
3678
3975
3957
3774
3579
3467
3878
3671
3644
3901
3918
3572
3973
3646
3765
3767
3597
3472
3977
3865
3843
3825
3690
3510
3914
3561
3555
3637
3950
3839
3832
3503
3617
3502
3520
3795
3610
3461
3491
3471
3779
3979
3589
3044
3271
2776
2732
3181
2998
2805
3333
3216
2847
2709
2876
2723
3175
2952
3436
2705
3427
3376
2926
3323
2891
3241
3235
2804
2714
2820
3358
3408
3402
2801
228
227
263
336
296
46
216
307
70
93
44
2204
1934
1937
2113
2580
2535
2245
2442
2545
2634
2034
2166
2570
2534
1950
2105
2454
2119
3662
3723
3638
3513
3814
3745
3768
3598
3799
3716
3439
3976
3792
3763
3758
3648
3703
3718
3614
3916
3927
3819
3541
3616
3499
3715
3636
3620
3612
3789
3860
3762
3826
3680
3603
3896
3645
3623
3468
3459
3946
3531
3945
3915
3634
3534
3460
3619
3735
3720
3960
3920
3444
3752
3455
3871
3445
3910
3837
3757
3571
3967
3886
3894
3806
3624
3546
3536
3888
3712
3522
3454
3529
3710
3895
3833
3584
3867
3835
3608
3590
3639
3630
3524
3881
3866
3931
3906
3818
3786
3568
3558
3933
3655
3539
3695
3481
3585
3917
3857
3739
3657
3628
3595
3538
3473
3741
3656
3934
3858
3670
3635
3574
3921
3769
3698
3685
3663
3908
3897
3884
3845
3755
3731
3697
3687
3640
3578
3852
3707
3518
3514
3956
3777
3564
3966
3785
3962
3683
3759
3708
3476
3649
3562
3533
3821
3770
3706
3530
3850
3809
3776
3632
3505
3482
3754
3641
3478
3740
3722
3713
3629
3599
3658
3576
3861
3951
3903
3719
3458
3652
3870
3855
3822
3803
3793
3711
3591
3569
3509
3919
3898
3883
3594
3940
3930
3926
3611
3485
3764
3464
3876
3521
3442
3972
3829
3726
3554
3469
3443
3909
3869
3705
3506
3838
3824
3488
3462
3913
3730
3642
3605
3604
3528
3756
3737
3438
657
3873
3800
3796
3586
3517
3702
3689
3596
3831
3830
3828
3817
3750
3736
3672
3621
3550
3526
3492
3484
3480
3448
3968
3948
3944
3943
3938
3929
3889
3877
3841
3780
3674
3625
3618
3495
3456
3540
3501
3872
3633
3592
3032
2918
2990
3370
3425
2752
3375
1942
1952
2568
3368
3424
2865
2818
2735
3312
3371
3223
2899
3236
2816
2812
2747
3349
3197
3048
2690
2819
2898
3045
2870
2696
3193
2961
3161
2852
2895
3151
2832
3167
3354
3141
2861
3221
3286
3023
3112
2937
2970
2692
2727
2668
3316
3372
2930
2902
2981
2856
2672
3391
3122
3117
3329
3275
2996
3139
3229
2710
3272
3208
3322
3259
3157
3204
2995
2939
3352
2963
3080
3012
2967
3359
3135
3430
3250
3153
3047
3254
2827
3261
3126
2681
3343
3063
2933
3433
3293
3092
3202
3078
3226
3149
2913
2908
2755
2666
3418
3252
3173
3009
2787
3399
2717
3155
3310
3066
2919
2750
3311
3144
3384
3243
3166
3123
2749
2731
2751
3304
3033
2916
2877
2746
2745
2929
2864
2715
2888
2726
2663
3228
2969
2925
2872
2669
3260
3058
3186
3211
3281
3257
2809
3393
2942
2721
3142
3085
3022
2987
2698
2680
2986
2800
3300
3010
2789
2769
3014
2912
2741
2695
2664
3124
3053
3297
3016
3158
2821
2766
3136
2700
3431
2687
2976
3395
3307
3212
3209
3178
3089
3013
2795
3120
2904
3389
2858
3347
3247
3185
3035
3416
3102
3094
2849
2748
3315
3303
3383
2992
2762
3114
2988
2896
2777
3326
3292
3191
3068
3087
3043
3109
3082
3027
2936
2828
3321
3188
2833
3237
3213
2974
2946
2940
2905
2782
2763
2972
2959
2670
3382
2982
3417
3301
3284
3064
2910
2839
2835
2694
3146
2725
3394
3390
3129
2953
2943
2931
2867
2854
2773
2738
2729
2676
3435
3364
3238
3195
3174
3084
3056
3054
3046
3029
3026
3000
2977
2966
2927
2924
2920
2907
2890
2887
2786
2757
2756
2754
3256
3189
3171
2871
2702
3363
3324
3052
2944
2909
3050
3192
1913
3290
1664
3410
3285
3103
2962
2934
2713
2983
3061
3287
2921
3215
2989
2973
2793
3397
3337
3107
2984
2711
3276
3242
2947
2892
2697
3332
3196
3005
3264
3187
2686
3356
3176
3086
3069
2730
3306
3219
2894
2811
3346
3334
3177
3380
3379
3273
3203
2830
2779
2758
1544
2252
679
220
173
201
32
327
178
283
35
177
68
163
88
155
51
73
317
311
235
2
129
38
175
243
167
230
111
126
338
79
65
2426
2527
2483
2403
1933
1956
2382
2548
2437
2021
2496
2427
2044
2217
2207
1988
2455
2238
2523
2415
2562
2614
2528
2450
2100
2051
2019
2260
2248
2357
2080
2227
1982
2443
2558
2358
2493
2272
1923
2584
2258
2513
2490
2466
2320
2255
2076
1992
2106
2411
2173
2048
2577
2424
2360
2099
2035
1963
2225
2061
2160
1965
2520
2308
2524
2301
2281
2401
