107
780
3980
20
3759
441
2178
28
881
867
533
2886
4002
2106
3959
273
11
659
3541
117
3562
2470
3487
241
218
3939
841
1252
2569
2971
1967
401
201
1510
3699
3181
3864
4008
14
383
742
2822
467
2439
147
435
47
386
1145
3143
4036
1713
449
3147
498
1690
714
808
3242
2513
2933
1808
549
1977
2972
2565
3982
811
3128
3987
899
873
692
2094
871
1383
167
54
84
32
588
1233
305
607
3865
210
2321
564
3853
250
2227
3888
3694
3131
2595
125
3847
801
3686
663
474
3916
3678
3901
3727
2527
3863
256
893
1430
1762
2517
1443
3942
3772
3552
2814
4024
3935
3820
572
4000
145
875
2580
3598
3308
2771
926
3882
192
1657
594
131
2799
861
4034
3398
1353
433
2740
3619
191
64
1627
1546
1197
86
264
3671
3354
3432
1969
4030
3720
837
3805
3544
2
162
3003
2805
3126
3271
4017
4014
3311
3382
2767
910
1422
702
459
219
707
240
144
2493
3669
1093
2930
652
3266
3638
655
3513
895
3961
677
3305
667
3566
255
1562
1506
171
316
1856
2725
164
1311
3874
638
189
3983
3917
3164
1384
2671
1042
1013
321
96
182
3600
1978
1748
860
3430
166
3356
206
2821
859
18
1202
1785
1386
70
59
1575
150
262
1073
668
2204
2503
3688
3998
2298
472
877
887
868
1414
3984
894
15
39
2577
146
258
176
274
120
27
168
336
133
313
282
878
163
268
284
468
237
141
1838
283
178
281
330
3358
2230
2454
154
620
307
37
1157
645
2981
3402
101
91
151
279
1526
44
476
3897
4037
3908
3996
3836
3816
3661
3652
2382
4033
3055
855
296
287
3946
3872
3801
3849
1410
267
1268
3249
3094
3630
3425
3713
3582
3843
3522
320
3795
3467
33
3991
585
3510
1922
124
3599
3530
3508
744
43
746
4021
2238
81
2158
3978
3559
785
639
3560
3556
3744
153
1105
3811
3763
112
3683
3709
3607
3570
1022
3502
3483
3565
3497
3697
3006
749
3167
613
1937
1928
3977
3227
844
2715
1046
3183
3844
1759
722
740
2505
3071
1061
631
955
2855
858
656
1996
571
2695
2596
1834
3941
1239
741
550
3380
2265
3989
1466
2632
3470
3031
354
4025
2634
1346
3879
2197
1234
2269
552
1664
3208
743
1034
2431
3012
447
466
534
717
4016
1775
371
3429
457
2080
3641
1476
358
2599
2804
3974
1087
4012
1654
2481
3453
384
832
2903
2375
4035
869
2801
3802
443
2963
2422
522
852
3343
2893
2105
1474
3368
1253
2852
270
854
3729
74
3389
791
97
2288
3717
750
1560
3834
3911
2403
918
3340
3165
3588
1755
3068
2691
2721
2008
3798
2524
870
905
71
2922
602
3954
300
1401
1651
1814
1527
1956
2256
1254
584
1676
691
3427
3376
3444
862
263
175
102
2895
135
83
889
882
729
876
165
857
1295
253
1777
3819
1387
217
1403
1016
956
1607
1138
1896
3515
3952
3439
2732
2641
326
149
712
6
2861
3200
3053
3122
3958
227
225
278
1030
1218
1889
1890
1027
350
804
863
912
115
3620
3792
2954
3248
2841
4026
3995
2066
884
3580
3679
3894
3446
3814
3812
3745
3624
3546
3949
3662
3682
3585
3536
3490
3771
3606
3933
3664
3537
3564
3839
3626
3775
2483
2902
2041
53
337
93
137
312
343
2487
2245
2535
2301
872
2949
3028
3066
2983
3083
2997
3155
3992
3985
3988
2834
3283
2889
3309
2879
2670
2703
3318
2699
427
1776
2935
2076
2650
2255
1992
2772
2868
3373
793
850
822
818
725
771
437
480
3153
551
424
319
2113
2548
2450
2941
767
377
216
214
140
243
116
41
226
3700
3813
3251
3180
3647
3932
259
195
78
49
3504
3551
3723
3496
3523
3639
3883
3613
3516
3649
3594
3581
3481
3479
3919
3695
221
285
3725
3857
3595
3868
3743
3657
3538
3739
3892
3567
3445
3628
662
681
628
650
582
675
583
643
595
635
665
661
578
647
640
658
615
577
576
627
670
632
600
599
181
328
4
306
275
2168
2437
2034
2421
4027
3994
3986
3336
874
776
866
879
246
170
127
22
224
7
346
297
121
139
184
130
57
61
142
341
159
62
269
231
103
126
73
290
158
202
24
128
63
238
134
317
89
345
248
65
169
196
66
118
280
276
324
314
82
13
251
98
242
193
10
161
188
75
48
38
304
277
236
211
156
148
119
31
25
1
77
332
298
295
257
185
113
104
3
111
180
92
80
329
249
271
203
132
5
19
252
232
9
143
152
318
122
67
56
160
29
338
265
200
72
344
199
172
108
331
325
303
223
123
55
342
266
94
8
291
213
334
322
308
272
109
88
40
26
310
299
187
204
315
309
292
261
260
247
244
239
212
205
197
186
105
87
79
51
46
21
17
16
302
194
0
254
2316
364
393
198
351
399
501
3837
3465
3675
3571
3476
3701
3757
3665
3827
3511
3964
3715
3553
3722
3909
3666
3770
3784
3925
3531
3927
3602
3486
3466
3648
3622
3535
3534
3951
3614
3583
3572
3696
3850
3835
3615
3597
3740
3826
3972
3881
3561
3554
3529
3690
3920
3769
3590
3896
3754
3768
3738
3584
3936
3876
3663
3608
3549
3773
3629
3473
3823
3509
3668
3634
3945
3761
3726
3758
3680
3719
3468
3822
3825
3931
3706
3705
3791
3967
3710
3521
3735
3636
3969
3631
3752
3469
3866
3840
3776
3747
3728
3766
3947
3870
3558
3506
3782
3623
3643
3906
3786
3601
3803
3617
3459
3659
3442
3953
3861
3592
3956
3914
3464
3891
3518
3832
3612
3867
3455
3714
3474
3460
3924
3833
3493
3458
3900
3855
3793
3463
3960
3587
3921
3903
3764
3524
3443
3627
3478
3869
3818
3646
3568
3555
3950
3767
3616
3878
3975
3605
3519
3525
3760
3660
3779
3450
3526
3934
3573
3533
3915
3804
3512
3841
3618
3563
3797
3926
3462
3603
3578
3576
3440
3684
3667
3913
3860
3785
3796
3750
3940
3845
3527
3485
3475
3730
3658
3543
3963
3957
3907
3893
3889
3862
3848
3829
3815
3810
3806
3799
3794
3789
3783
3777
3755
3753
3724
3718
3707
3645
3635
3610
3593
3550
3532
3499
3484
3454
3447
3441
3877
3842
3838
3918
3703
3692
3656
3654
3625
3514
3780
3681
3672
3642
3528
3452
3788
3471
3438
3962
3851
3586
3547
3873
3902
3831
3737
3702
3611
3501
3604
3574
3756
3674
3577
3540
3491
3721
3449
3670
3930
3828
3640
3968
3943
3886
3736
3517
3858
3731
3687
3633
3488
3966
3542
3437
3938
3929
3830
3621
3596
3545
3677
3651
3824
3800
3762
3734
3693
3609
3557
3448
3948
3884
3852
3495
3480
3456
3971
3899
3774
3579
3708
3655
3644
3970
3778
3505
3751
3979
3685
3472
3912
3871
3749
3741
3821
3698
3503
3817
3790
3492
3711
3787
3937
3498
3457
3781
3539
3923
3922
3880
3809
3808
3569
3451
3676
3489
3895
3500
3887
3965
95
923
129
1193
228
174
177
106
311
45
208
190
85
222
288
347
293
207
99
90
68
42
69
323
229
36
30
333
230
23
100
60
138
34
235
179
301
157
339
294
340
289
183
233
327
50
209
173
114
335
245
234
12
215
155
52
220
110
4004
3993
3997
