0
4038
763
1276
855
757
145
3798
401
2838
1394
668
15
182
2842
1157
3560
2382
4008
3856
1353
3954
4035
891
1755
2380
386
893
879
877
775
860
3653
2922
608
791
4007
3879
3570
1046
3370
90
2517
2952
2569
1834
3494
11
3746
3914
2219
4022
2621
27
18
593
468
43
1295
244
160
155
279
164
358
153
157
624
292
287
2691
1607
3127
1977
3865
305
3942
129
2855
3323
1560
114
571
3575
2975
1466
4028
1797
918
3544
2527
2079
1693
3709
911
233
300
3230
3893
447
2195
1065
2692
4012
1262
335
3031
1119
2814
883
1474
1270
3691
3407
4033
336
3928
2175
91
1326
3854
945
2714
854
851
581
4006
4015
910
1690
110
112
3848
4024
3991
3820
801
3268
1760
2483
2595
3808
3996
2792
3037
124
282
3846
1586
3990
4016
871
3742
1383
253
3003
749
852
798
886
870
867
881
858
878
863
876
729
717
895
892
884
872
868
866
861
835
890
821
790
832
812
751
889
882
869
864
825
710
740
799
888
735
837
813
887
885
874
873
698
836
793
880
769
753
807
803
731
700
754
723
687
844
823
779
849
827
794
787
772
741
708
701
697
745
847
831
774
846
785
770
738
705
845
820
764
762
759
727
720
718
706
703
694
810
795
784
805
713
816
746
766
856
853
848
843
841
840
838
833
830
828
826
819
817
815
814
811
809
808
804
800
797
792
783
782
780
778
777
776
768
765
761
760
758
756
755
750
748
747
744
742
739
737
736
730
728
726
724
716
715
712
709
699
696
695
693
692
691
690
688
842
834
824
786
781
773
752
734
733
722
719
711
850
818
789
788
714
707
839
802
771
725
689
686
829
806
796
767
732
702
822
743
704
894
865
721
859
857
875
4036
4037
3985
3999
4020
3993
3992
4003
3982
4031
4009
3998
4023
3997
4004
3988
4017
4014
4030
4029
4027
4019
4018
4002
3994
3983
3981
4026
4021
3995
3986
3980
4000
4013
594
4034
3989
4005
4025
4011
4001
3984
3987
4032
667
4010
3141
3271
3389
3354
3216
3200
2799
2776
3128
2736
3130
2798
3251
2902
3143
2767
2821
3227
2852
2891
2917
3161
3305
2807
3197
71
255
76
2437
2204
2181
1933
2080
2622
2490
2255
1922
2626
2405
2696
3235
3249
3329
3326
1133
2265
2562
2424
2651
2524
2709
2900
2957
2860
2979
2822
3425
2759
3308
3159
2685
2723
3401
3015
3160
3007
3199
2707
3421
3058
2795
3190
2858
3156
2903
3244
2771
3053
3223
3009
3372
2930
3093
2779
3170
3203
2829
2811
2751
3422
2994
3436
3322
3066
3105
2861
2794
2970
3176
3229
2887
3109
3338
3356
3068
3208
2700
3398
2846
2933
2987
3133
3317
3382
3213
2983
3257
3391
3042
2769
3076
3092
2697
3414
3153
2882
2733
3236
3052
3144
3336
3310
3155
3083
3012
2935
2886
3394
2761
2928
3400
3234
3427
3228
2825
2810
2695
2880
3173
3032
2945
3215
3332
3115
3432
3158
2731
3044
3309
2972
2959
2850
2966
2854
2746
3006
2722
3220
2874
2847
2878
2735
3378
3272
3212
2934
2870
2812
2752
3269
3080
3030
2837
3327
3048
2943
2755
2679
3377
3039
2876
2848
2851
2783
2747
2715
3348
3303
3123
3036
3025
2906
2827
2806
2684
3055
3174
3166
3040
3004
2988
2977
2915
2738
2831
2785
3146
3242
3413
3341
2784
3261
2965
3345
3321
3124
3237
2909
2865
3243
3114
3073
2931
2924
2907
2756
2741
3292
3069
3287
3254
3180
3131
3307
3167
3043
3018
3002
2996
2941
2819
2816
2801
3241
3196
3108
3064
2985
2912
3360
3352
3260
3082
2992
2973
2868
3070
3038
2853
3095
3387
3193
2896
2680
3325
3318
2889
2834
2670
3430
3232
3096
3078
2940
2866
2815
2729
2669
2664
3324
3304
3023
2974
2948
2877
2754
2750
2749
2706
2673
3013
2661
3189
3136
3075
3433
3184
3014
2956
2916
2839
2835
2763
2757
2683
3364
3363
3284
3250
3226
3065
3056
2986
2969
2913
2905
2897
2873
2867
2777
2689
2666
3256
2932
2914
2843
3416
3140
3116
3016
2828
3319
3011
2823
2778
3374
3357
3134
3117
3110
2832
2702
3349
3211
3099
3050
2762
2690
3231
3084
2888
2786
2726
3316
3351
3252
3152
2881
2849
2708
2727
3397
3353
3288
3224
3411
3182
3060
2937
2797
2701
3331
3306
3295
2871
2711
1030
2688
240
298
235
201
317
307
49
321
340
183
70
102
68
294
309
127
108
28
60
125
246
270
22
165
288
290
262
3652
3489
2193
2528
2263
2019
2565
2587
2375
2314
2401
2076
2403
2146
2185
2634
2017
2373
2566
2231
2515
2349
2525
2094
2453
2383
2497
2316
2158
2427
2439
2422
2106
2455
2162
2034
2388
2082
1949
2287
2277
1934
2535
2008
2450
2120
2129
2545
2311
2262
2092
2342
2085
2321
2236
2089
1936
2504
2213
2272
2182
2577
1960
2658
1958
1950
2426
2170
2650
2486
2466
1924
2359
2532
2464
2037
2337
2050
2025
2014
2000
2360
2197
2636
2284
1957
1928
2478
2376
2166
2109
2613
2520
2495
2069
2040
1984
2485
2363
2103
2073
2476
2443
2234
2563
2554
2550
2299
2216
2206
2188
2139
2136
2077
1979
2357
2397
2627
2585
2011
1951
2633
2538
2346
2341
2225
2192
2159
2097
2061
1968
2536
2356
2353
2339
2154
2104
2083
1997
1993
1917
2114
2659
2657
2648
2435
2006
2001
1935
1931
1168
130
2449
2410
1983
2141
2036
2603
2296
2186
3396
2964
2599
2298
2654
2623
2611
2593
2414
2386
2381
2309
2300
2290
2261
2240
2190
2124
2021
2615
2572
2552
2507
2506
2482
2469
2467
2433
2352
2326
2271
2201
2172
2115
2112
2086
2084
2020
2005
1929
2009
2274
2631
2630
2625
2591
2579
2556
2551
2542
2539
2521
2499
2430
2408
2407
2395
2387
2369
2323
2237
2200
2184
2179
2121
2098
2074
2045
2033
1943
2660
2645
2171
2024
1973
2312
2389
2530
2329
2060
1999
1921
2522
1969
2652
2235
1952
2479
2644
2361
2335
2313
2286
2049
1990
2142
2607
2602
2575
2492
2489
2370
2334
2308
2276
2257
2165
2131
2123
2090
2064
2063
2059
2046
1971
1946
3346
3406
3266
3107
2984
2946
2845
2720
2665
2999
3385
3347
3297
3291
3280
3239
3225
3214
3206
3198
3188
3132
3113
3102
3097
3072
3049
3041
3035
3021
2991
2939
2936
2901
2793
2780
2765
2742
2719
899
2177
1925
2415
2222
2110
2075
2462
2214
2065
2557
2474
2448
2440
2366
2362
2318
1923
2618
2226
2529
2243
2132
2336
2242
2345
2057
2032
2144
2594
2355
2116
2637
2628
2610
2598
2597
2537
2209
2107
1964
1944
2612
2519
2510
2413
2368
2332
1926
2367
2305
2224
2198
2191
2189
2026
2643
2134
1947
1916
2601
2526
2473
2445
2436
2428
2325
2319
2211
2169
2058
1959
2635
2491
