1912
107
1684
2123
2142
1962
2347
3437
1984
2081
2543
2233
1352
1376
2172
2559
2339
1954
1079
1752
1730
2353
2279
1059
1340
2112
2069
2564
2669
1086
1480
2253
1522
3054
1800
2537
2586
2247
1649
2649
348
2254
1929
1570
2956
1970
2206
1277
2047
1216
3076
2395
3116
2989
2055
1621
1260
3378
1069
3029
2275
2638
2131
1284
3830
2013
2867
2139
2504
484
831
2316
3341
1399
2748
2888
2292
2351
1857
2062
958
2909
1290
3397
2719
3425
2319
39
3248
2901
2864
2463
1363
2042
104
805
592
2872
285
1750
1391
683
930
475
2203
2358
1108
3326
2019
83
3191
2216
1370
3073
686
1245
4037
1634
414
616
2674
3419
793
2969
575
1126
2224
2246
1199
1574
2115
1632
1587
3618
3082
1590
1804
2641
955
119
3056
2680
3877
3182
2331
775
1936
2432
1473
2460
1715
1279
1872
266
212
2226
561
2274
2101
2870
2636
2369
2667
1271
1783
1408
2662
752
3414
3166
3087
2451
1573
489
3276
2657
1464
1417
3800
835
3108
3362
2028
2129
2923
3323
654
1202
214
623
2008
3232
3216
1591
3058
3717
2846
2833
2986
400
1275
2376
3254
2095
2056
3995
840
1976
3207
3922
3510
2454
256
912
319
232
1153
1652
3413
1437
3513
1299
3048
3096
363
3118
823
2573
2393
2311
249
2625
2520
1472
3041
2929
1183
2436
2007
483
538
4009
1261
1019
3399
2041
135
277
3409
1799
2601
428
436
637
3334
2618
567
1033
435
2151
2975
2106
3253
3487
1619
1330
1576
1528
573
684
600
2405
712
1134
3554
3432
2284
370
1159
465
1064
2035
3686
3149
1950
1581
3845
3639
343
972
3043
3398
192
1865
3247
1951
84
2173
3865
36
2111
2268
1289
716
1946
1291
338
2979
797
3816
1097
3788
2572
3699
706
2705
784
3971
1925
209
2653
3222
3268
49
1494
372
2982
3506
796
884
2866
2919
3533
347
3694
504
1846
1316
328
3471
3416
3730
45
1265
687
1219
3154
498
1972
1353
1666
3970
2386
745
3026
1163
1422
2713
2365
3770
2326
2165
2553
2670
1691
2388
1170
3296
449
113
450
121
971
41
2231
2341
3790
2648
2330
3184
3925
842
1450
1447
2677
2921
2269
1646
2242
3860
3780
2291
3714
2176
579
2166
3198
2742
3983
1593
809
134
1765
1498
967
1617
1047
3859
1620
298
2262
1728
1996
2260
3505
2633
3847
283
1637
2643
1419
2516
2199
3643
1552
415
1148
2650
1511
1515
1020
3036
3238
2800
1380
386
2615
3007
3532
1273
833
2832
647
3898
2790
1039
108
208
1150
346
3857
813
4030
3495
1510
1747
680
2127
3356
3015
2120
1386
216
2449
3021
3293
948
1221
1474
3607
1478
3329
3333
3177
2198
3403
181
3793
316
1611
3200
4035
1463
74
286
968
1911
401
3369
3004
778
138
1229
2024
3352
3259
2464
3511
1958
1968
1449
966
1052
653
2880
2480
1220
773
1810
3773
2997
923
3775
3265
3420
1630
1423
111
91
2760
3485
3702
2652
2994
520
580
395
1070
1355
3579
681
603
2715
93
1662
3140
1588
542
77
276
2696
2584
2630
1228
925
293
984
1036
886
223
1244
2506
2411
3272
741
1568
3065
3469
3602
3634
59
569
578
821
1278
965
432
19
960
2981
2716
1829
1002
2905
590
3451
1915
2146
1008
2815
3604
1294
3481
2498
3327
2944
521
718
3047
2547
554
145
3766
264
789
3744
2955
3921
3117
853
1628
957
887
3693
1497
3508
1905
945
114
3997
1739
3906
2784
1712
584
947
3937
2822
3351
1913
417
740
2382
1597
476
205
1414
394
443
1856
3747
3231
551
2651
2496
3932
1878
2967
89
362
3523
693
836
434
1625
849
779
2756
120
3742
2792
1907
2487
268
3366
882
69
2105
92
4008
3727
3576
2204
1442
2050
3479
3045
2377
1441
1325
306
1854
645
37
1360
2634
3550
3850
2545
780
1720
2940
1270
1186
2844
1535
2048
1884
3005
144
2435
2789
2383
253
3406
1853
2983
2992
2724
281
1366
3094
3901
2988
3720
265
4010
2
2587
1623
3251
2428
1957
98
3072
913
3501
2698
629
2086
3330
3918
678
391
2717
3672
566
1700
1470
1267
2943
2639
2297
2103
2005
2606
3911
1217
993
3110
2132
904
3062
1566
1372
3903
2890
624
3739
3608
3203
662
1021
2525
2609
2113
924
694
3848
771
3298
1162
2205
3018
1868
746
1965
5
318
71
2088
2020
413
1540
1977
2640
2773
1484
2466
3338
2270
875
3731
2933
2693
227
814
2336
464
1890
1171
3067
332
1029
3130
857
537
3783
3239
3318
448
790
416
816
673
1160
3754
2228
1066
3115
1550
1010
1826
555
607
297
3064
1301
494
3723
2175
3798
1797
423
2740
2514
3931
3453
1709
2457
2551
2835
3910
4013
3916
936
1041
3218
2267
652
2193
62
3194
2842
112
1595
3703
731
595
3856
1012
3396
2503
1403
140
3095
321
1880
533
3436
163
3336
1659
68
1147
1869
895
2908
3163
176
1043
3823
1904
518
2628
221
2987
1862
2439
442
4024
3866
3740
3786
1309
1215
3566
982
3670
798
615
3053
980
3810
3806
141
950
3625
2947
3242
3952
2704
2968
2502
3224
2346
3502
2959
2304
3779
1303
2918
2535
3572
2566
3440
3869
2065
3055
3
3867
3746
3171
609
733
211
2329
3404
131
1760
3899
3080
388
514
3202
3531
3933
2320
3721
3671
1906
2517
493
303
3590
1446
1658
1924
2016
1507
1537
3372
568
3294
52
1988
3042
3288
3701
248
477
3663
1490
2878
274
30
812
818
224
379
2816
13
177
3099
3949
1656
3313
2895
46
557
4036
3920
1999
4002
3310
1801
3768
1351
3784
3158
627
1114
3129
634
497
976
1707
3260
3488
1992
1711
3104
1982
3909
1237
2911
1050
2229
3475
315
3206
2408
3277
1093
3493
3165
695
697
3968
1866
207
1073
2032
2794
3521
187
3385
9
3692
2728
3951
1489
1264
1639
558
1440
1356
1292
1192
3907
3919
2783
397
563
898
2993
3821
3708
864
2739
914
3653
1780
3514
2119
1705
1188
3915
847
3360
35
1708
1432
1458
1819
2850
3939
159
425
2862
2085
734
3559
3454
3564
3470
2726
3512
625
1886
2510
1614
2097
2061
879
2735
2171
3264
3718
57
1777
2824
3071
3186
222
1023
1176
1381
1812
3103
42
2429
2881
2068
3098
597
636
127
2400
897
3466
628
1667
3978
1787
2576
2579
3598
3664
3710
3994
213
2603
2191
3157
2053
3792
2555
751
3924
928
1181
2837
2381
3428
3560
909
3401
2230
78
3954
3785
2686
729
2954
2362
1744
997
2861
3961
2779
3037
893
1247
3651
543
2746
2731
245
872
2900
602
973
3376
2456
2499
2847
1599
622
3667
1361
3324
926
2853
2922
3655
3647
2600
2307
1240
3459
431
470
3168
1201
3565
2505
3526
3940
885
3743
1824
22
2877
3494
2017
3987
3235
2117
3499
3956
2128
3624
1798
3876
1994
1087
3133
3175
1026
3147
3439
2221
1455
3689
1317
14
2751
2875
1900
2483
3832
2126
2197
1901
511
515
2182
2893
572
3941
3928
454
3074
919
3682
3893
2736
3927
1378
1531
247
244
320
389
1116
626
599
1678
3570
1204
255
1748
858
1565
3517
3913
3594
215
2239
3544
2075
3610
881
251
4031
1487
1952
160
137
3515
3349
195
1601
168
2422
3374
2219
3681
910
1161
2761
753
1074
692
1058
1246
1323
3758
3208
2681
2186
931
334
3006
197
4026
2290
3844
342
1518
3678
202
125
2610
1194
1410
1830
240
2725
129
3480
242
1046
3295
3008
3695
937
1110
330
698
589
3988
2301
2285
4025
565
3745
3762
1740
3482
3841
1935
1451
989
3588
807
717
829
846
642
859
1268
3537
250
3012
1561
3819
2337
2426
393
3057
3212
3314
2571
25
1961
2891
3159
1682
3630
794
2178
2373
3246
354
3864
377
3825
679
1848
743
765
617
2795
2772
1703
1042
3389
3738
1123
3233
3219
3431
2399
1452
1168
2366
2044
1937
2491
3796
3673
3934
766
2806
3185
2720
2252
3504
1806
2793
3543
2308
1328
3443
802
1572
2749
868
3223
1876
1142
1964
3809
2754
601
2527
2817
1465
3822
3938
3791
2434
3894
1981
3077
1331
459
3737
1735
2342
369
1169
1368
3367
3049
3086
3300
2174
3354
3141
3592
1253
1415
1828
761
529
1647
1688
231
3302
2313
2836
2090
1989
2300
2355
660
1571
3628
2708
800
2490
2100
3535
1596
3000
1680
2938
1234
1177
1793
1603
3373
2076
1337
3769
1607
2655
4028
1155
2970
500
593
3936
3632
2876
1928
219
630
3889
3797
3028
3225
2202
861
2654
3003
3446
2357
1189
272
3060
2437
725
3084
1252
433
3075
1533
2980
1151
1933
4027
3552
3950
544
3010
3357
1139
2494
2192
3926
299
162
3861
844
828
3661
1094
398
739
444
2312
1838
3948
3267
3113
284
2727
2509
1821
3153
2818
905
3020
3615
1072
3500
2858
2541
2582
2471
1425
1210
3789
2413
2823
2912
3375
3930
3975
2707
3761
2699
1315
103
2524
1396
954
1374
1822
2685
2190
3751
1130
1820
3680
670
867
2235
1701
770
1357
1488
3960
3587
2170
1975
2288
724
2416
1121
2854
2706
803
1681
1444
3943
