0
3985
696
2457
3854
3885
3230
3808
2569
624
411
241
4035
3748
744
891
4008
1065
3037
97
327
15
454
383
2380
894
4028
2195
602
571
3183
1581
448
43
267
3952
3954
3992
1586
269
668
114
3691
1755
90
2788
1202
1176
287
152
1627
335
1206
608
1834
160
3717
3853
210
1145
607
613
4034
2714
256
307
18
2634
33
1690
467
2721
288
305
215
358
12
209
120
37
3928
321
1394
349
2975
1023
3375
3282
3709
572
3570
1386
201
3688
3597
1969
2980
4012
2541
2269
42
1027
1890
1105
1326
1253
1071
179
81
3996
356
3801
879
788
841
691
877
888
876
867
870
858
881
893
861
733
802
851
806
732
846
740
735
768
855
789
725
689
712
850
822
833
782
746
895
892
890
889
887
886
885
884
883
882
878
875
874
873
872
871
869
866
864
863
860
859
811
798
700
808
755
737
843
771
826
821
838
761
817
783
880
856
804
803
813
786
777
742
701
849
819
766
753
721
709
708
848
820
815
784
774
760
727
734
854
852
845
839
837
830
825
818
816
812
801
800
796
795
791
785
776
773
772
770
769
767
765
756
750
749
748
741
736
731
729
717
716
714
711
710
707
704
699
692
690
809
793
779
730
834
829
799
794
781
752
751
726
723
722
718
715
713
698
695
840
824
823
797
792
758
728
703
688
687
853
847
844
842
836
835
831
828
827
814
810
807
805
787
780
778
763
762
759
754
747
738
724
719
706
697
694
693
686
832
790
764
745
739
705
720
702
757
775
743
865
868
4011
3989
3991
4006
3988
4038
4031
4027
4005
4025
3998
4020
4003
4000
3993
3986
4017
3995
4023
3994
3982
4037
4036
4032
4029
4022
4021
4018
4016
4014
4013
4007
4004
4002
4001
3999
3990
3987
3983
3981
4030
4026
4009
3997
3980
4019
4033
4024
4015
4010
594
3984
3766
3494
3770
3754
3892
3912
3694
3955
3882
3899
3507
3859
3572
3865
3939
3934
3603
3461
3744
3574
3964
3513
3543
3583
3901
3973
3976
3620
3493
3806
3541
3538
3624
3585
3849
3733
3509
3953
3929
3450
3715
3643
3893
3792
3834
3671
3739
3445
3719
3458
3749
3896
3645
3946
3958
3927
3965
3571
3947
3718
3711
3690
3646
3795
3607
3606
3558
3548
3512
3483
3753
3924
3870
3511
3960
3783
3664
3587
3880
3813
3510
3736
3920
3791
3641
3500
3478
3676
3665
3787
3833
3648
3977
3496
3689
3869
3555
3866
3768
3623
3917
3868
3857
3743
3725
3657
3567
3473
3878
3523
3599
3950
3811
3891
3605
3497
3730
3635
3904
3678
3584
3727
3535
3506
3499
3622
3549
3909
3459
3970
3889
3695
3640
3627
3485
3933
3776
3472
3785
3911
3864
3615
3804
3790
3707
3658
3528
3518
3714
3680
3593
3569
3644
3639
3883
3649
3581
3975
3837
3836
3809
3774
3926
3642
3972
3881
3823
3777
3568
3524
3708
3675
3579
3761
3630
3617
3602
3443
3794
3793
3591
3956
3915
3829
3515
3474
3466
3858
3762
3557
3921
3907
3862
3850
3815
3778
3740
3728
3722
3710
3685
3636
3590
3588
3505
3442
3679
3580
3814
3490
3949
3638
3616
3831
3484
3578
3796
3765
3626
2204
2106
3551
3504
3800
3628
3491
3625
3552
3966
3731
3683
3559
3471
3462
3452
3779
3672
3596
3930
3888
3454
3438
3979
3788
3544
3533
3884
3480
3449
3943
3938
3830
3756
3741
3692
3618
3577
3501
3448
3945
3752
3612
3554
3817
3693
3521
3573
3520
3971
3851
3842
3755
3734
3495
3978
3969
3968
3967
3957
3951
3948
3944
3942
3941
3940
3937
3936
3932
3931
3923
3922
3919
3918
3916
3914
3913
3910
3908
3906
3905
3903
3902
3900
3898
3897
3895
3894
3890
3887
3876
3875
3874
3873
3871
3867
3863
3861
3860
3856
3855
3852
3848
3847
3845
3844
3843
3841
3840
3839
3838
3835
3832
3828
3827
3826
3825
3824
3822
3821
3819
3818
3816
3812
3810
3807
3805
3803
3802
3799
3798
3789
3786
3784
3782
3781
3780
3775
3773
3772
3771
3769
3767
3764
3763
3760
3759
3758
3757
3751
3750
3747
3745
3738
3737
3735
3726
3724
3723
3721
3720
3716
3713
3712
3706
3705
3703
3702
3701
3700
3698
3697
3696
3687
3686
3682
3681
3673
3670
3669
3668
3667
3666
3663
3662
3661
3660
3659
3656
3655
3654
3653
3652
3650
3647
3637
3634
3632
3631
3629
3621
3619
3614
3613
3611
3610
3608
3604
3601
3598
3595
3594
3592
3589
3576
3565
3564
3563
3562
3560
3553
3547
3546
3545
3542
3540
3539
3537
3536
3534
3532
3531
3529
3527
3526
3525
3522
3519
3516
3514
3508
3503
3502
3498
3492
3489
3488
3486
3482
3481
3479
3477
3476
3475
3470
3469
3468
3467
3465
3464
3463
3460
3457
3456
3455
3453
3451
3447
3446
3444
3441
3439
3684
3633
3586
3517
857
2437
2483
2422
3566
3925
3530
1762
3962
3886
3877
3872
3797
3677
3674
3651
3609
3561
3556
3550
3440
3437
862
1854
1693
1353
979
1057
1042
1731
1372
472
670
647
635
675
599
577
681
661
643
615
600
595
583
582
578
576
663
2442
1949
2015
1937
2094
1956
2245
2167
1992
2535
2301
2051
2441
2632
2100
2113
2034
1933
1934
1996
2527
2650
2466
2614
2255
2238
2119
2156
2217
2181
2456
2041
2219
2373
2070
2023
2513
2349
2341
2517
2486
2622
1157
499
617
672
589
588
684
664
644
633
626
612
603
598
573
677
655
574
562
371
1602
3961
3487
491
1853
678
646
365
587
3322
3200
3398
3159
3112
3081
2884
3044
2852
2692
2722
1055
1579
1562
1594
931
1477
1695
1264
937
1676
1599
1162
1234
1061
1168
1203
1625
1142
1385
1855
1670
1306
1244
1887
1091
1654
1802
1364
1564
1544
1266
1739
1085
629
923
1566
1756
1895
1220
1116
1798
1747
1763
1727
1301
1200
1139
955
1900
1766
1468
1090
1635
1889
1403
1818
1343
1797
1064
1884
1764
1583
1379
1082
988
1366
1141
1803
1533
1031
1038
1738
1569
1481
1401
1723
1207
926
1106
928
1650
1784
1705
1433
1174
1703
1474
1691
912
1568
1216
963
1322
1190
1070
1054
1208
1531
1354
1169
1183
1728
1716
1576
1432
975
1138
1815
1624
1507
1226
1213
1482
1052
1859
1770
1412
1170
1152
1109
1010
1698
1368
1111
1043
1198
1024
1298
1292
1245
1699
1720
1655
1592
1284
1227
1044
989
935
1532
1101
1789
1180
1517
997
1492
1604
1034
1240
1236
965
1346
932
1874
1626
1484
1076
1503
1429
1347
1247
1241
1556
1336
1285
1117
1904
1664
1005
1548
1499
1177
1016
1649
1595
1382
1373
917
1876
1686
1634
1249
1131
1011
977
1225
1189
1167
1515
1451
1309
1166
919
898
1857
1794
1257
1418
1497
1478
1453
1342
1212
1506
1729
1103
1831
967
1879
1771
1538
1456
1340
1906
1781
1525
1496
1275
1260
1258
1127
1120
1051
1000
1868
1796
1668
1665
1598
1547
1524
1125
1063
1040
1910
1807
1646
1575
914
1657
1464
948
1263
1629
1493
1880
1648
1601
1363
1314
1097
992
958
938
1903
1783
1661
1573
1550
1502
1423
1381
1324
1315
1277
1273
1235
1204
1100
1081
1067
1021
1019
981
957
902
1709
1526
1210
1743
1894
1893
1882
1875
1848
1828
1820
1801
1786
1751
1732
1638
1495
1490
1392
1303
1281
1261
1158
1148
1104
1066
1032
1018
984
1332
1681
1473
1348
1296
1767
1671
1425
656
3308
1471
1321
1365
1056
3057
1360
1421
1307
950
1535
1205
533
682
679
674
673
671
667
665
662
660
659
658
657
653
652
650
648
640
639
638
632
628
627
625
623
622
621
616
611
605
590
585
584
575
2545
1963
2524
2606
2207
2579
2308
2212
1929
2584
2393
2311
2484
2359
2218
2213
2118
2576
2019
2625
2504
2477
2290
2037
1993
2565
2577
2129
2540
2587
2424
2412
2160
2152
1922
1915
2613
2574
2552
2532
2418
2409
2391
2352
2307
2190
2172
2165
2154
2122
2109
2020
2005
1986
2316
2490
1988
2277
2520
2591
2554
2507
2423
2326
2201
2200
2121
2104
2098
2084
2083
2074
2033
1984
1953
1943
2455
2630
2578
2573
2564
2556
2551
2539
2495
2492
2482
2460
2429
2410
2381
2348
2340
2309
2276
2271
2244
2229
2103
2064
1971
2357
2260
1950
2655
2654
2638
2615
2602
2570
2563
2553
2550
2549
2546
2528
2521
2515
2500
2499
2493
2487
2478
2476
2470
2467
2464
2454
2444
2430
2421
2408
2405
2404
2397
2388
2382
2374
2370
2360
2354
2353
2339
2323
2321
2320
2286
2281
2262
2261
2258
2248
2237
2236
2220
2216
2179
2178
2177
2170
2168
2164
2158
2146
2131
2126
2114
2112
2105
2093
2089
2082
2079
2077
2076
2073
2069
2056
2044
2035
2014
2008
1983
1979
1966
1961
1936
1924
2055
2358
2060
2270
2182
2452
2110
1982
2562
2411
2644
2621
2618
2558
2548
2534
2488
2450
2440
2439
2431
2402
2376
2375
2317
2263
2251
2230
2228
2227
2130
2120
2091
2080
2049
1930
2017
2624
2265
2256
2166
2443
2401
2656
1977
2329
2453
2522
2523
2197
2503
2497
2474
2403
2361
2335
2314
2231
2193
2173
2036
1990
1978
1975
2607
2414
2369
2299
2287
1918
2651
2448
2371
2342
2214
2186
1974
1960
2175
2141
2066
2426
2252
2029
2350
2162
1965
1944
2480
2641
2514
2362
2318
2310
2185
2432
2324
2048
2568
2604
2601
2489
2383
2063
2058
1942
2637
1712
1440
1909
1722
1697
1836
1826
1530
1402
1351
1287
1267
960
1416
1185
1173
1047
953
1390
1483
1805
1769
1488
1256
1819
1659
1632
1305
947
920
1867
1846
1816
1810
1809
1780
1772
1752
1746
1737
1721
1685
1683
1637
1614
1600
1597
1542
1539
1491
1449
1437
1391
1380
1344
1302
1293
1280
1271
1219
1211
1163
1132
1083
1059
1028
1006
999
1827
1793
1736
1717
1621
1398
1272
1135
1112
1086
946
1788
909
1799
1149
1123
1804
1761
1639
1609
1146
1026
980
1523
1445
1274
1891
1823
1813
1765
1757
1734
1730
1675
1669
1643
1589
1570
1516
1467
1431
1420
1399
1389
1361
1341
1329
1290
1269
1255
1199
1195
1164
1126
952
934
393
1808
1688
666
529
502
1791
1754
1710
1584
1557
1278
1265
1250
1075
1074
906
481
1870
1677
1025
654
620
610
645
546
509
