107
2839
2149
3437
686
0
3906
3778
3450
3895
3921
3825
901
291
824
842
383
218
4013
3564
3722
3683
1061
45
1301
3945
3923
20
1356
577
40
1385
270
176
2481
4017
3967
616
1892
3147
3924
3801
1346
1788
912
229
2411
583
532
698
2230
150
3524
2162
3187
3956
3634
1372
3862
723
4037
159
792
209
590
605
892
310
2838
2126
57
2702
230
3695
3112
339
16
192
2784
3043
365
3836
2933
3128
51
133
3600
846
2012
3121
685
2426
1224
3874
1829
2380
2847
251
410
132
742
2457
2968
1106
1889
1236
102
700
3504
2703
2013
3645
3736
2
3127
2421
825
2900
143
3847
112
300
3858
3413
3543
3263
3429
1089
1304
3725
2486
638
2935
3516
3482
2855
307
3489
137
636
3544
662
1822
1178
1896
4034
3379
2129
2089
3343
1498
895
765
582
643
2051
217
3045
3444
335
3680
832
1837
2094
684
3846
618
470
782
1956
2854
2861
3024
448
1473
3319
2975
453
1445
89
1001
877
1337
10
304
1042
3461
716
3292
2667
3989
950
1328
3934
3573
92
3824
3681
3407
3491
1073
1133
3122
4022
194
3663
732
2314
2422
826
4015
2595
2442
8
3271
97
2722
1562
762
3660
883
2355
1069
817
929
3359
3311
2725
868
707
19
2569
473
972
393
316
922
3135
3376
2632
407
3587
907
726
3546
2720
1010
4033
238
750
172
280
3178
2440
3157
2772
342
422
248
530
2923
3954
3126
3814
2441
1863
47
3388
1876
861
1234
2027
3517
3922
3487
3266
3502
364
1286
528
1252
1944
2305
228
3037
2736
3006
2114
987
2819
1297
3290
3282
1410
3533
3913
3901
3880
2493
379
2238
1397
3439
2710
3281
1700
1526
3048
3718
2779
2517
2281
831
4007
956
367
2008
3561
3300
490
2341
321
3869
3151
798
1013
3704
3592
1843
2930
608
2835
471
2158
1254
1353
3799
411
3688
649
330
3717
3541
454
3931
2804
882
3167
1131
28
120
1506
3991
2634
3700
3212
3323
3373
435
2701
1726
263
1253
138
926
2843
2182
3500
3781
3483
1441
1276
3186
971
3624
2641
2846
3763
890
3270
3933
346
3513
513
3522
3878
1900
3792
3620
1766
3454
3615
2393
2523
2236
2318
3911
1852
3081
3723
3438
1510
3867
3662
53
38
555
117
72
3949
549
701
3275
369
2439
3425
480
2903
850
2531
3870
799
714
788
689
3505
3853
3785
3605
3550
3532
3730
3966
1626
2830
1258
1575
1436
1223
1419
3749
833
620
588
1629
3904
576
659
3165
3575
3092
2360
2488
2692
2812
625
93
3698
3644
3581
2255
2693
2416
2829
2858
1504
1884
2373
3385
1911
2202
889
3842
1316
1976
3088
2982
1712
1342
2881
3008
3411
3766
2594
3260
1703
1043
3445
242
372
309
3424
185
3910
1150
2527
208
285
257
119
2295
2041
567
939
931
3917
3538
2490
2622
1992
2447
680
2016
1975
1930
2744
1887
681
2887
2751
3548
3988
2920
3953
29
3030
2065
3649
2954
308
203
1157
1949
2885
111
17
1053
2285
644
2252
2406
1578
838
3983
4003
695
784
835
828
759
819
2015
3978
2941
809
755
3284
3752
3551
2882
3751
587
1776
3761
2585
3255
2014
2844
3408
3479
2661
2865
1697
1251
1982
2034
2580
2317
2075
2824
3602
606
467
675
615
3402
2120
2456
976
1030
3569
1392
2080
3896
3499
3648
3947
3509
664
3716
2774
2640
1647
1452
551
958
459
1087
2249
603
3696
3920
3371
3914
3308
197
1727
59
3209
298
2902
405
923
4005
2147
3326
1518
3560
635
1743
1701
162
14
343
1474
3720
581
1713
3823
3652
533
472
4020
3844
4027
2279
2732
1103
250
2775
323
3181
1174
1676
1705
3607
1325
1429
1021
2195
2823
3944
3618
3832
3796
3926
580
2752
3815
3017
1950
2245
3804
3453
3762
3707
973
1965
1466
949
3197
2269
1259
4029
2265
3782
4031
1486
2610
4
78
181
1828
1405
829
3997
3529
2452
505
693
727
704
2130
756
1978
2431
856
891
2805
3935
2790
794
529
1143
501
3848
1226
2840
694
783
3229
1725
3062
1384
1748
2832
2155
2964
821
1300
193
550
751
787
3973
3011
2867
854
772
3750
812
682
1058
2459
3108
85
290
671
303
3963
2792
457
3682
1656
43
2875
123
621
440
905
1780
3143
2608
222
1031
1381
413
3708
1820
79
1490
3992
2205
1607
1489
2424
541
114
2797
1455
124
331
2011
2926
2921
495
3428
655
959
1423
77
521
1382
2818
1314
2256
2947
574
1309
1378
866
1909
3028
2217
962
1140
968
955
1484
562
1599
568
3952
504
1368
903
2691
525
3067
3882
3803
3958
3493
1303
1924
612
2388
3676
1085
3642
3887
1615
3984
3907
1690
3928
3798
3728
3485
970
3955
3539
602
3837
1141
1658
3519
2769
2596
3810
3653
3665
569
2528
2895
3251
674
1386
3093
3557
1177
2105
2795
2538
3503
3134
3625
3390
3398
3456
3498
3755
2990
3697
1417
3061
3686
3788
390
3816
2304
399
3685
1071
3740
3629
3470
1364
3531
2777
3646
1719
1110
2605
3572
3199
1299
1838
3678
3074
3982
2809
3336
2825
1739
3315
201
1711
1050
396
2544
3909
2066
3694
1544
1025
3287
3631
1834
1206
2793
3942
1855
3834
356
1228
105
127
2836
129
274
645
2583
3295
1403
3661
3286
216
167
2110
3241
2242
3163
1678
5
121
3063
3298
3039
3986
247
202
87
3432
156
126
175
1974
1064
2515
3208
1673
1077
2234
2723
3306
3175
24
2761
3159
3210
340
2984
2821
486
240
1463
3117
1247
1734
135
3619
1264
333
2251
2505
3262
514
3447
207
2003
52
1515
920
2677
267
1967
2193
4019
1202
2144
215
273
292
145
210
3193
305
262
154
125
27
1220
3309
108
3205
153
3218
283
46
1200
3310
319
3473
2961
2998
84
279
2813
1326
191
656
157
81
83
95
306
1065
225
37
34
639
131
1928
205
3806
74
2918
327
241
18
1068
1395
1977
2536
3053
1952
899
2403
401
660
183
3279
289
139
220
166
3523
1744
476
2672
294
404
545
2637
76
1038
147
519
2262
2700
2079
11
1307
2145
1176
779
3647
3377
1740
893
881
867
1592
735
2978
1127
2107
4014
3180
3570
2747
2878
1908
741
1433
691
813
2018
3589
3202
1016
1151
2272
837
3637
2668
712
3741
370
2663
761
491
2746
2671
743
1922
352
844
1119
350
2929
3691
2766
445
872
1166
3856
991
818
786
744
879
894
540
3383
801
717
884
1203
558
2178
2478
3389
841
3200
2346
3401
863
2021
437
796
468
851
3349
776
3305
3939
1832
876
2728
860
2450
679
2678
2248
3170
874
1919
1476
1556
885
1708
354
2401
2651
1170
3977
1045
1111
2807
3080
2768
1654
3332
969
3476
961
3111
1317
990
186
88
2695
730
803
1505
2263
2397
509
760
275
2214
2219
4001
3497
3261
1878
1358
213
56
2962
4038
3474
3469
632
1193
361
3194
3783
1784
3786
3463
3711
3511
1882
2437
2708
3156
836
690
766
626
7
2207
2170
345
252
196
1865
3007
2871
1846
1894
1032
1406
3633
1921
1008
3219
1857
1246
2525
2270
3562
3357
3144
2950
2791
3005
746
1660
1512
1630
1260
1774
3845
3754
3468
3535
3927
3767
3667
771
433
516
3745
48
1770
2841
3864
3861
3714
1063
3690
3664
3016
3863
1322
941
1404
2934
2870
1779
3641
3655
296
1666
2833
2687
3669
484
151
1348
1308
1159
1310
2801
3316
3764
564
351
3595
1694
498
3932
436
591
434
475
604
3372
862
769
3829
3900
3937
3738
3443
3466
3821
547
474
740
820
3356
3826
1801
1464
1294
3274
1494
1794
2361
2231
553
1655
900
1014
1241
3877
3512
1531
1041
1311
1109
1481
1037
1024
3446
3733
3020
204
463
631
570
663
113
261
325
211
13
1934
2936
3015
2727
2709
3307
31
3
272
1412
2868
3580
3771
754
773
3747
424
2558
2794
543
460
561
3318
2670
3103
718
1913
2400
3859
814
2788
2483
724
2375
2313
789
791
3442
3553
3599
187
249
163
254
3891
3603
3672
3525
3552
3617
3604
1825
1144
1088
1098
594
3329
3050
3559
75
1860
1321
1161
443
3346
1217
438
1738
376
1343
3105
2776
3216
2731
3025
3095
3234
2301
584
653
633
617
1371
1424
1216
100
2113
2614
2197
2402
1933
2119
2644
2690
3018
2682
3366
3273
1266
1138
3775
630
609
666
598
623
3598
3883
2983
3155
3012
3857
3567
1815
1759
1354
1415
2688
2764
3368
3072
2999
3203
3086
3019
2711
3404
2932
3259
2735
2730
3338
3087
2758
3658
3542
3838
3687
3884
3462
320
3916
3674
278
3412
2737
2168
3941
2972
3314
3283
2889
3423
3382
2959
2834
3325
3626
3839
795
99
1139
1469
986
1167
943
1633
1189
1749
937
1785
768
94
302
180
60
158
168
134
481
355
128
122
25
237
2371
3892
3657
3868
3739
2320
2444
592
654
575
579
2734
785
3612
2997
3322
3340
3066
3964
520
461
360
3380
3331
3360
2883
2696
2848
3214
3253
231
332
313
152
347
22
3613
3594
3898
3481
3639
23
253
277
65
2455
3003
171
116
337
611
597
573
1679
629
610
585
506
427
414
619
184
4008
4009
3980
4030
4000
790
745
800
780
696
713
781
752
834
747
808
827
3590
3713
3526
3726
3558
3668
2787
3321
3249
2996
2942
3136
3256
2816
2156
2173
2260
2405
2228
2091
2082
3623
3601
2704
189
864
858
870
865
703
878
804
499
386
640
627
578
2277
2286
334
1422
1808
1657
1197
3969
3822
3486
3784
3593
3793
3768
3758
3855
1137
1493
1468
1895
1568
1648
1733
1548
1319
1232
1097
1533
1880
1747
992
1118
1798
3791
3478
9
1745
1910
1688
324
329
21
271
212
297
199
258
161
647
628
650
658
595
637
1671
1212
1453
41
144
140
326
214
44
149
115
3854
3918
3972
3554
3464
3510
3630
142
118
200
26
322
295
169
109
1033
951
1588
1687
1187
1698
1567
1511
1555
3475
3873
3902
3852
3521
3471
3828
3712
3611
3495
3449
3677
3889
3790
3609
3938
3962
3943
3886
3693
3596
3692
3651
3577
3830
3841
3800
3501
3452
3448
3527
3737
3545
3627
3656
3753
3835
3455
3735
3710
3472
3876
3588
3608
3773
3459
3614
3568
4023
3981
4006
328
711
815
731
697
853
770
880
734
719
706
823
705
849
848
805
797
688
847
715
810
764
737
845
728
763
748
708
811
816
738
709
830
246
55
232
39
188
239
104
30
82
67
265
62
170
148
98
224
223
236
315
276
69
141
288
96
963
1601
1333
1787
1802
1186
938
1363
3833
3584
3903
3951
3719
3458
3506
3794
3622
3540
3851
3797
3734
3960
3666
3769
3705
3583
3976
3555
3621
3721
3731
3860
3578
3586
3770
3930
3684
3670
3514
3702
3779
3635
3971
3827
3508
3850
3591
3507
3460
3866
3802
3724
3777
3534
3706
3915
3881
3643
3671
221
268
146
235
66
317
1
312
32
226
338
299
174
63
15
260
164
130
73
70
36
103
54
341
106
178
318
314
80
281
293
91
101
182
179
284
206
110
259
256
336
190
177
86
234
50
68
245
227
195
344
244
165
269
311
287
173
282
6
2814
58
243
219
266
49
33
61
286
90
71
64
301
753
758
739
720
807
888
793
802
777
721
736
840
729
843
839
710
886
774
687
852
873
822
869
778
859
875
806
722
767
749
702
733
757
699
887
692
725
775
3929
3440
3831
3948
3789
3659
3610
3518
3640
3488
3780
3743
3576
3484
3563
3465
3528
3968
3843
3756
3480
857
3457
3515
3492
3819
3703
3746
3520
3636
3871
3975
3817
3556
3808
3727
3638
3566
3760
3597
3715
3675
3894
3970
3912
3757
3654
3885
3574
3679
3759
3494
3905
3840
3946
3451
3959
3919
3890
3925
3787
3628
3616
3496
3467
3940
3957
3571
3441
3899
3974
3950
3893
3795
3812
3908
3701
3579
3875
3776
3765
3936
3888
3689
3818
3813
3547
1593
1274
908
1136
3565
3872
1360
3809
3865
3849
3709
3699
3979
3961
3811
3820
3805
3650
1866
3537
3744
3774
3582
3490
3897
3477
3772
3748
3549
3536
3530
3879
3729
3585
1165
3965
3742
1421
1758
3807
1537
1803
871
3673
3606
1806
1553
2192
1998
2225
2097
2000
1935
2337
2657
2474
2448
2171
1999
1968
2001
1980
2209
2529
2419
2198
2185
2138
2628
1960
2635
2362
2451
2004
2284
2648
2620
2025
2415
2398
2024
2009
1964
2022
1995
1972
2519
2502
1994
2072
2267
2568
2645
2006
2132
2292
2344
2282
2273
2417
2547
1947
2296
2031
2293
2530
2280
2642
2463
2254
1923
2522
1970
2659
2062
1951
2660
1958
1991
1914
2157
2330
2577
2211
2325
2609
2537
2327
1955
2432
2029
1954
2224
2425
2268
2232
2054
2434
2010
2649
2302
2501
2479
2235
2203
2599
2394
2174
2603
2143
2116
1916
2588
2436
2328
2241
2629
2343
2039
2336
2516
2420
2384
2368
2589
2319
2399
2572
2385
2199
2133
1920
2053
2032
2617
1988
2471
2183
2111
2498
2332
2049
1926
2160
2533
2511
2096
2176
1939
2365
2221
1981
2582
1940
2626
2494
1931
2412
2643
2616
2322
2127
2555
2372
2458
2250
2125
2351
2246
2508
2187
1485
2509
2135
2038
1987
2223
1942
2396
2294
2264
2338
1932
2461
2390
2161
2148
2128
2071
2068
2653
2475
2247
2226
2169
2151
1465
2567
2180
2194
2597
2496
2102
1959
2465
2315
2283
2087
1577
2454
2491
2427
2311
2575
2028
1945
2047
2618
2584
2466
2445
2438
2333
2298
2243
2159
2141
2101
2042
1973
1927
1915
2512
2345
2289
2239
2134
2026
1948
1718
2592
2215
2019
2007
2429
2300
2112
1989
2387
2109
2510
2259
2153
2081
2598
2377
2196
2117
2179
2624
2030
2631
1986
2613
2476
2489
2549
2352
2654
2482
1993
2485
2086
2606
2462
2484
2210
2046
2299
2189
2108
2131
2386
2607
2055
2414
2216
2290
2220
1962
2556
2308
2083
2418
2532
2045
1941
2309
2103
2630
2037
1985
1918
1912
1917
2275
2257
2077
2188
1983
2602
2539
2449
2543
2545
2578
2353
2339
2208
2600
2553
2550
2326
2604
1997
2307
2005
2521
1984
2625
2118
2323
2306
2142
2334
2172
1963
2240
2190
2122
2408
2340
2095
2601
2381
2376
1966
2266
1953
2359
2043
2593
2464
2084
2615
2123
2092
2067
2468
2347
2646
2551
2430
2206
2477
2460
2423
2638
2469
2287
2164
2056
2276
2564
2499
2060
2040
1925
2526
2409
2212
2124
2104
2655
2492
2428
2374
2115
2069
1938
2619
2591
2574
2218
2098
2590
2542
2506
2370
2271
1943
1929
2324
2165
2139
2573
2560
2554
2395
2392
2278
2258
2121
2074
2354
2136
2090
2559
2552
2433
2348
2154
2410
2253
2213
2184
2495
2350
2229
2586
2561
2504
2404
2329
1946
2520
2244
2237
2063
2059
2579
2563
2546
2446
2331
2261
2201
2200
2020
2623
2356
2064
2033
1971
2611
2233
2093
2088
2073
1979
2507
2500
2467
2407
2391
2369
2363
2150
2140
2058
2078
2297
2636
2378
1957
2050
2566
2647
2364
2627
2587
2435
2652
2571
2061
2453
2518
2035
136
2274
2557
2288
2497
2472
2186
2612
2312
2191
2177
2222
2002
2366
2383
2044
2540
2367
2335
2310
2204
2085
1990
2137
2473
2163
2480
2023
2052
2099
2057
2227
2656
2443
2303
2576
2379
2413
2175
1961
2357
2581
2389
2535
2342
1936
2562
2106
2048
2166
2639
2658
2036
2633
2349
2534
2570
2076
2524
2070
1883
2146
2316
2382
1029
2514
2358
2181
2167
1969
2152
1836
1618
2470
2503
2100
2621
2548
2017
2487
2565
2650
2291
2321
12
1996
2513
160
563
3222
1534
1937
2822
3361
1858
1440
1196
2541
2707
255
1171
264
198
1641
1818
1540
511
508
428
1327
42
35
1561
155
1769
1458
233
1782
1369
2851
3362
3140
2745
2898
3384
2738
3114
2806
2729
2762
2911
2994
3243
2977
2985
2757
2880
3119
2872
3109
3001
2675
2827
2681
3104
2877
2706
3065
3213
2957
2820
3054
2679
2874
3363
2969
3301
3033
2850
3040
3257
2986
3228
3096
2705
2873
3166
3026
2987
2864
3269
3231
3000
3174
3056
3387
3237
2953
3046
3285
3089
3034
3079
3185
2989
3221
3133
3395
2931
2925
2906
2897
3304
2676
3184
2763
3364
3036
2945
2756
2976
3337
2715
2686
2749
2917
2946
2928
3078
3417
3220
3090
2919
2782
2669
3142
3226
3426
2912
2754
2664
3014
2993
3158
3123
2966
3400
2896
2960
2800
3052
3406
2849
2781
3225
3288
