1912
107
1684
3437
0
3051
2694
1459
373
917
686
3280
412
3851
2866
475
705
896
3233
3253
698
376
1995
3406
3830
1472
323
805
1783
3633
901
413
3188
1645
1568
144
597
334
3220
3077
1284
329
3046
1951
2730
3478
556
3568
3604
1999
1705
1131
3075
1773
302
3442
3924
219
3718
718
564
873
2889
2764
3648
3172
503
2668
3611
2851
21
344
72
1496
3080
1958
1186
3248
2762
1930
2942
1155
197
820
3159
828
3521
456
913
583
3005
944
1847
1100
3944
510
3542
2466
265
2448
628
840
320
818
2558
1489
2317
971
601
909
3945
1179
3209
1183
3332
666
429
2365
619
3684
3455
795
2272
1952
481
1468
1927
2633
2036
3364
3849
2842
689
252
62
1387
3558
3919
3975
3525
1593
549
3750
2535
3019
41
330
1744
3992
3685
1838
2955
2665
3068
3719
437
809
303
181
532
3256
1337
194
1154
238
231
268
2639
3538
3663
3640
962
3695
1321
2480
2769
1882
1818
612
426
2883
2173
2349
3914
3251
688
1311
3518
3623
3809
876
2361
3946
3998
73
1240
755
2903
1274
2747
638
3469
685
2989
3049
3179
814
1225
1037
1296
2824
3693
561
3563
3699
282
2577
749
647
3065
792
1725
3144
869
2437
3826
301
3805
3989
2784
2544
3244
3304
2799
3310
183
2913
574
2797
3247
218
1687
3275
2767
2051
1764
3817
899
3978
694
2156
392
2497
3278
3419
1464
419
1054
2182
1421
811
3713
2202
3197
3908
74
1
3393
1244
3268
449
3711
933
1453
3001
3162
4029
588
264
3854
3216
3024
3756
3309
1050
66
519
1249
3871
273
434
138
314
2345
377
1417
2025
362
2859
975
2780
2126
3996
1719
204
3314
3712
3217
3969
1353
662
2922
1276
1428
2715
3631
4019
711
97
296
701
3572
3802
751
1318
516
3138
1005
542
399
1016
806
644
3390
2565
1414
2035
1315
888
3126
462
2205
2321
130
3203
251
1564
3358
560
435
32
2997
454
608
3967
3863
382
26
3432
293
1400
3890
463
3394
771
508
304
3792
794
3318
2366
3307
2687
3696
1508
1711
1792
2494
245
2892
1241
3931
3825
117
3862
615
1294
2845
1091
3789
1229
3612
1057
1667
2967
1901
3517
2948
1521
1378
2911
16
1264
602
502
3528
2628
1853
1158
360
3985
3672
3669
2413
2794
1650
3093
2725
2663
3331
3346
2999
1161
664
707
146
55
217
4030
668
99
1969
1582
284
272
290
2695
4031
674
3751
2251
1726
3782
3458
306
157
259
819
731
832
1032
2255
1039
1874
783
788
3979
1419
2425
1556
1524
1776
1401
1220
1865
1897
1235
2791
1325
826
29
342
1739
4021
855
950
2932
1967
659
3925
2821
3757
2481
3063
2768
389
522
875
4009
3701
1664
1260
38
3151
905
979
552
3206
2996
3510
3402
365
1487
1846
2541
243
2301
1830
1814
3651
3666
3003
3708
3649
3887
3816
4034
1599
3694
955
3482
1001
2819
972
3726
657
4024
3746
3934
1922
3108
886
86
541
2885
894
3249
672
1936
1252
3606
3532
716
424
2285
3688
804
3574
3762
396
3814
1308
3811
684
2515
866
3710
3929
3656
3276
1708
3032
271
860
910
1178
918
687
4004
258
969
3736
2724
1618
2424
2830
336
2707
3296
368
3165
2312
3940
2236
863
1970
188
2177
2912
2841
3044
903
2015
1064
2129
112
3499
1859
1297
2452
3676
3614
1176
274
298
453
1691
920
3728
3904
1397
84
2596
1634
3025
712
3927
237
2269
313
740
1992
474
337
3155
2242
352
3882
729
125
1403
3308
3131
3628
590
533
2320
465
343
3761
1631
3110
93
1585
865
824
101
115
2868
147
2136
432
2774
2175
2972
624
3013
939
3861
2621
383
3282
3157
1681
3436
1716
3316
3705
1216
3473
1188
2982
3697
2097
165
961
2677
1885
766
3427
319
3143
1869
1855
441
1440
3986
1806
1136
1811
667
46
3228
440
3755
2881
2193
3645
988
427
554
2217
200
57
3573
1268
1071
3958
676
878
1654
2120
2099
3660
639
2893
275
2937
1759
2
2815
3372
3241
2295
2907
2245
2905
2667
2457
3535
3465
209
1038
1317
2844
3565
924
1167
1103
1411
3453
4011
3733
3014
1815
3234
871
1733
709
1531
2041
3681
937
3841
52
1310
706
364
340
715
3340
3839
2838
140
1699
351
2207
2980
675
1808
3254
3400
2442
3424
744
3988
3763
679
1082
3630
2248
3941
3050
486
4032
892
2651
1394
2152
331
585
1788
816
2975
2130
2402
1933
253
586
3562
743
1139
798
3351
240
3865
225
1658
3128
1870
1224
1544
526
1098
2826
2789
985
1438
287
164
3724
3446
1921
2566
3735
3732
447
889
582
2517
1797
3744
254
3189
887
2702
1203
2816
27
2968
390
2527
3796
221
235
817
1519
2632
2644
1338
2676
997
469
2840
2803
2711
312
821
1247
923
3938
1444
3541
1492
2853
548
1780
1295
28
2722
769
868
2718
333
3181
2027
841
831
4022
83
431
1514
1237
1481
1887
1904
3764
2260
3949
1533
205
185
2197
2523
723
2962
3069
133
2720
1796
1346
3715
881
3229
653
611
557
3687
3730
369
3622
3803
1354
2016
3016
949
1212
3148
2954
3421
3306
651
3961
3953
3441
584
3470
3477
153
3774
409
488
3529
1701
3815
3401
3190
350
1263
678
1633
3981
987
1090
1696
335
3836
540
595
212
106
3357
1036
2092
1435
160
1896
1911
3338
2211
2814
1923
734
35
745
646
327
3846
2042
3057
1586
148
85
1286
1231
1824
177
23
3993
652
229
1470
2878
3022
2065
3932
4012
940
3326
3512
3707
3928
442
1903
321
617
1384
990
3494
3773
1982
59
207
713
885
1239
3920
3798
1073
1319
4035
3303
3004
163
1498
2737
665
2998
756
3893
3507
3680
294
3727
670
3667
3974
641
2752
954
942
3933
3500
1430
767
2390
2379
3283
2834
168
530
3012
822
2961
3877
176
1579
789
539
3114
233
361
2079
1379
2256
1924
158
1386
308
1407
4016
281
267
757
3336
132
3769
607
2291
1889
501
3582
1518
448
145
371
394
1639
2453
2709
2831
3242
121
3679
3439
3768
37
1490
3994
3903
3833
3709
2422
2744
2751
2792
466
3963
2656
3785
2570
2514
1088
2529
2012
4026
1876
2963
3621
3198
3779
758
263
1576
879
3823
1326
720
3639
2427
3549
2740
1588
3618
2584
485
3404
1802
2061
3380
2219
195
3819
1306
1641
570
558
692
2355
870
782
1822
2013
105
3828
3472
2820
247
610
3544
2857
2443
3984
1756
613
3359
3246
3729
593
3122
139
922
3030
3270
3714
480
649
280
126
3880
1463
846
1410
2918
2496
4027
509
3127
2811
3194
3262
2983
1360
2991
3034
2732
33
535
963
3218
31
980
2682
780
1233
3383
289
1202
753
1511
3531
3141
882
381
3891
907
3381
606
2802
3747
616
3300
3982
2595
852
3059
2373
3105
3936
1594
2693
255
2380
3083
3333
3386
2714
47
3094
1587
1821
3678
3462
1062
1145
2375
2518
2110
4008
3140
677
191
2990
680
3061
15
3942
862
1877
891
11
1171
1046
216
1134
1777
467
3231
3375
358
1560
3741
3935
4006
286
3897
3429
1406
3780
1883
1045
1863
2445
857
356
3456
3271
1928
2861
4002
3642
3677
520
2662
179
3202
3125
2886
2530
1479
1423
239
1020
3909
3955
3690
2786
2887
2745
1164
167
1624
3235
68
989
2512
89
2160
1858
1562
779
3910
3906
2864
3466
3368
3603
3899
2712
3102
1676
3258
1566
2004
3627
1934
3692
895
3192
3652
2277
2882
3752
3970
655
3737
3457
3185
2985
2070
2450
850
2493
2382
1854
1581
632
2114
2322
3481
3617
3483
3130
2900
1187
2610
1278
375
872
2812
2869
3523
3006
3581
2614
3405
2739
2335
2314
3872
4017
3980
3098
2957
1217
640
648
1373
137
2383
192
3916
3818
1094
1035
778
754
1767
2825
1505
3476
861
3023
1931
3052
3103
2717
2931
3408
3957
