107
824
3980
181
73
3743
4021
12
1697
3708
3789
3122
1498
3812
3044
3037
1253
3814
3003
3227
899
2789
3939
662
923
2301
2527
3271
3904
881
270
1002
692
3682
699
2079
3031
3882
6
689
3890
321
33
2998
2470
4015
1961
937
2767
704
319
3752
3742
112
2167
3688
1094
2621
282
790
3423
3894
998
3408
3990
3807
1560
3893
3799
467
4010
552
2930
1430
3537
851
1000
335
4037
714
2885
1690
3748
3979
1206
393
1270
401
1755
201
147
1145
3843
1342
90
1354
3551
37
120
160
3716
3931
2015
3581
1197
306
857
721
3992
279
4027
3652
3125
3126
2968
2541
1466
3808
2036
2714
286
864
622
2580
691
3805
2651
3413
205
3665
2596
1208
532
5
3678
1792
3637
377
3959
3953
1777
125
3376
3729
3996
3646
4016
668
3405
240
47
581
3402
139
4032
69
4007
782
3161
543
2531
247
3487
91
166
1696
3290
789
4014
3997
4009
3998
3981
447
3439
929
904
2879
3314
1233
2
3309
227
343
138
17
1521
196
3453
121
235
167
95
3727
3745
1890
1105
76
3444
1847
2358
2487
658
3281
2876
1602
1034
1301
3928
379
2320
2568
1745
469
841
454
2227
569
2740
2105
2842
1134
2195
883
364
3546
3045
3059
3871
85
3983
3156
911
2691
1924
259
1249
2727
2650
2860
3200
2799
762
3216
3925
3749
1119
3910
3899
3757
3571
3071
2277
1147
1442
2788
1802
3885
4033
3375
613
2256
597
3988
3134
174
3839
4026
2746
75
3696
3724
3892
3664
2388
3840
1974
2975
3903
3535
3847
3723
3862
568
3370
305
3754
3041
256
3706
3739
3881
3552
3520
3972
3374
1096
3452
3755
3832
3854
3159
3751
3608
3690
667
3661
3689
3672
3649
3914
3658
3964
2082
3942
1218
3865
3831
3673
3801
16
3270
1061
3589
648
2017
3515
3481
3451
3516
429
801
3873
3644
34
3849
3091
3143
3816
3094
809
652
191
2805
309
3069
968
1476
3333
287
3194
2941
145
740
744
3322
623
14
2735
234
2723
424
3984
1263
2263
140
2380
2437
3436
1607
3356
1499
2855
1353
1386
243
27
610
678
3305
3445
2847
3028
2995
2453
1091
3181
1053
336
421
798
3522
2113
3057
1651
3531
3961
4002
225
1990
3428
2678
839
3222
3699
3941
607
3876
3512
3778
2722
2496
639
1950
1161
3735
1566
710
4035
2725
3338
1586
1865
767
3424
197
725
2888
43
3709
2759
2857
228
3978
2431
996
3570
1883
3955
390
584
413
3562
3352
1537
742
3230
2051
1050
3164
233
690
189
608
593
45
2980
3358
2964
345
3582
245
2080
509
1194
3991
1670
1411
96
365
3650
1186
4036
3565
3712
472
427
3308
126
3844
1949
1252
680
3887
210
1701
761
269
586
3795
273
3024
2401
1784
468
193
1506
874
110
1394
2961
176
3783
384
1855
3210
44
2371
1035
2700
2704
15
195
253
2952
3856
448
816
1395
288
679
164
3560
1434
209
3286
52
2774
1274
2106
157
1840
78
1387
2382
753
294
1038
1708
74
571
3121
3441
956
216
785
3987
2692
2230
1756
2168
1829
2697
1033
873
2349
533
505
2979
1856
660
1087
961
2528
2771
1922
3155
682
1057
554
748
3012
808
2565
3497
3494
3660
3657
3587
2861
1748
2792
4017
476
1830
2490
1240
1203
29
82
149
263
296
46
278
2699
226
2972
4018
4005
3985
3993
3995
818
702
733
786
833
4025
184
320
284
159
3620
3401
1013
1477
3803
3564
498
3489
3916
746
2566
3544
3343
3128
4006
111
3986
4000
868
862
218
3613
3898
3883
3523
1937
3638
3504
3496
939
264
386
549
173
399
198
3610
3626
58
712
806
3982
4003
4019
4023
4020
3994
4030
985
1640
3180
3372
2732
3251
3932
3616
3848
3513
3836
1346
3863
3283
3318
3382
2959
2889
3311
3008
2982
2670
2703
244
3937
219
293
102
19
1295
1264
42
143
175
99
771
327
89
3949
870
879
3861
3954
3141
2483
2595
2535
2281
2245
2094
1956
640
665
650
583
627
643
578
635
595
681
600
659
632
670
599
577
675
661
647
582
615
628
576
3536
3679
3811
2726
2769
2807
3130
2838
3771
3624
3662
3490
3446
3585
3580
1202
1071
3447
3549
1220
3053
3354
3218
3923
3720
3653
3957
3975
3701
3759
3774
3519
3579
3675
3918
3837
3476
3641
3443
3539
3857
3465
3850
3698
3719
3458
3909
3595
3825
3479
3791
3500
3614
3782
3738
3506
3960
3753
3666
3508
3895
3896
3870
3569
3511
3868
3567
3541
3538
3473
3947
3524
3615
3517
3726
3786
3630
3534
3784
3773
3685
3730
3933
3655
3776
3969
3718
3459
3493
3529
3460
3956
3601
3907
3818
3722
3599
3835
3728
3636
3498
3643
3584
3833
3951
3924
3867
3912
3874
3628
3821
3768
3623
3822
3602
3572
3499
3533
3592
3530
3629
3590
3586
3976
3945
3761
3466
3442
3827
3802
3769
3553
3482
3547
3683
3455
3967
3920
3634
3484
3900
3777
3758
3668
3593
3555
3532
3510
3474
3469
3906
3617
3855
3810
3767
3612
3568
3815
3705
3921
3794
3631
3486
3713
3470
3819
3905
3927
3878
3762
3866
3648
3594
3869
3793
3438
3877
3790
3775
3573
3543
3888
3526
3828
3693
3948
3756
3702
3692
3958
3826
3591
3554
3464
3627
3919
3695
3785
3780
3686
3503
3462
3737
3505
3521
3750
3609
3971
3656
3651
3886
3687
3640
3965
3915
3853
3846
3829
3781
3766
3764
3740
3715
3714
3711
3710
3671
3645
3622
3619
3618
3583
3559
3558
3548
3509
3468
3461
3779
3550
865
3621
3463
3788
3760
3852
3576
3670
3605
3557
3574
3454
3966
3913
3491
3940
3934
3891
3542
3450
3889
3845
3800
3677
3501
3929
3707
3488
3485
3943
3527
3471
3838
3577
3457
3902
3813
3721
3717
3680
3639
3635
3604
3596
3578
3514
3741
3736
3492
3449
3968
3858
3734
3797
3860
3804
3796
3667
3437
3841
3674
3556
3625
3926
3884
3731
3642
3611
3475
3930
3962
3851
3842
3681
3518
3448
3944
3872
3830
3824
3684
3456
3703
3633
3600
3540
3525
3938
3654
3545
3495
3440
3697
3917
1283
3507
3823
3694
3502
1165
3765
3763
3647
3970
3598
1085
3676
3973
3528
3859
3480
3834
3472
3963
3935
3798
3792
3770
3733
3725
3704
3561
3483
3477
3607
3603
3809
3977
1088
3864
3817
3952
3950
3478
3911
3563
3806
3747
3663
3700
3974
3936
3908
3901
3880
3691
3588
48
262
302
221
115
53
330
57
142
237
303
276
323
162
137
266
101
36
242
268
148
123
185
124
3
344
63
106
315
150
104
51
131
62
239
54
314
79
55
161
334
119
10
172
113
258
289
116
326
180
249
165
265
65
246
297
223
50
109
158
261
238
170
248
212
66
122
342
341
231
128
144
301
41
84
13
4
318
105
26
1
64
325
271
222
285
252
59
97
68
199
132
257
260
88
274
200
40
313
141
312
214
28
20
299
194
331
21
290
169
118
87
7
203
31
22
339
280
232
168
98
25
329
277
67
56
224
188
9
324
317
311
310
304
267
236
217
211
187
186
182
178
134
133
130
127
117
93
72
60
39
254
92
332
322
308
291
272
30
0
346
213
24
202
80
564
316
77
441
190
129
208
135
333
351
179
23
204
108
347
94
295
229
298
281
192
152
81
38
11
338
103
283
156
220
207
151
250
171
251
83
61
163
100
206
300
307
255
155
32
8
230
183
177
18
340
146
275
292
328
86
71
337
4029
4004
4001
3989
4013
4038
3999
4034
4011
594
4031
4028
4024
4012
4008
4022
822
732
788
763
716
736
803
817
846
779
835
795
843
718
780
709
720
695
777
758
756
738
820
853
850
836
799
715
703
687
794
727
701
819
694
838
765
739
693
831
829
705
813
751
723
889
787
815
886
837
812
797
792
737
711
697
734
688
793
784
766
706
830
814
827
772
724
845
686
856
842
834
823
773
847
759
745
726
811
760
730
713
778
863
828
770
755
731
800
754
719
849
848
810
752
708
696
882
861
878
867
781
774
728
747
729
3606
894
888
877
860
805
804
769
3897
3772
3467
3875
3787
698
3659
876
875
890
826
893
880
700
764
783
768
844
741
807
854
840
821
750
749
735
722
885
872
887
859
776
802
791
707
757
832
855
858
825
895
866
884
796
871
891
869
717
775
743
852
892
3669
3632
1193
3946
3744
3597
3566
1678
3879
3575
3746
2152
2513
2426
2255
2373
241
114
3310
2747
2820
3349
2041
2644
2534
2248
2170
1988
2146
2016
2656
2886
2822
3371
3173
3326
3050
3373
2824
2882
3292
3279
2868
3043
2803
3300
664
590
2405
2181
2234
2545
2577
2342
2317
2070
2626
2012
1915
2403
2158
2156
1936
2397
2503
2014
2633
2067
2262
2303
2515
2444
1978
2628
2660
2393
2162
2350
2055
2383
2346
2192
2378
2004
2202
2562
2424
2412
2119
2200
2311
2288
2090
2636
2454
2357
2620
2640
2061
2009
2337
2050
2027
2494
2435
2000
1419
3066
2999
3420
3418
3328
2739
2898
2845
3067
2821
3367
2984
3313
3093
3203
3306
3013
2791
3398
2962
3257
2900
2884
2809
3282
3253
1642
2818
2784
3042
3287
3275
3196
3109
3395
3255
3062
3421
2684
3224
2712
3209
3175
3242
3357
2733
3211
2830
3204
2761
3430
2978
626
603
644
612
486
1998
2270
2647
2258
2476
2402
2205
2341
2238
2120
2147
1997
2613
2506
2131
2011
2208
2362
2318
2389
2275
2578
2374
2449
2443
2207
2612
2145
2056
1984
1942
2078
2308
2549
2500
2271
2551
2499
2253
2212
2109
2059
2440
2360
1933
2108
1966
1917
2214
1980
1973
2563
2348
2040
2409
2369
2363
2300
2179
2411
2433
1934
2418
2339
2160
2523
2129
2265
2570
2657
2627
2001
2654
2606
2429
2084
2077
2064
1989
2455
1975
1960
2553
2446
2370
2229
2122
2083
2069
2497
2286
2648
2284
2310
2602
2428
2407
2381
2290
2115
2611
2576
2573
2554
2504
2266
2172
1925
2630
2546
2356
2216
1986
2622
2486
2625
2623
2601
2430
2423
2391
2352
2307
2188
1963
2093
2092
2044
2049
2023
2593
2536
2507
2408
2359
2353
1971
1938
2447
1995
1957
2624
2462
2118
2098
2088
2060
2046
1968
2219
2477
2299
2164
2136
2124
2542
2520
2492
2478
2331
2276
2237
2213
2104
2045
2037
2030
2585
2025
2022
1999
1914
2540
2085
1952
2272
2182
2480
2460
2410
2306
2240
2190
2150
2121
2074
2063
2043
2646
1913
2233
2095
2619
2574
2559
2539
2489
2485
2484
2482
2404
2386
2376
2326
2309
2165
2005
1962
1953
1929
2645
2583
2364
1972
2459
2530
2126
2107
2075
2361
2114
2655
2590
2556
2464
2395
2244
2206
2201
2140
2123
2020
1983
1979
2141
2157
1991
1985
2635
2387
2659
2097
1927
1921
2639
2297
2171
2018
1951
3148
2707
3178
3144
3404
3118
2813
2933
530
3176
2779
2947
3225
2770
3256
2965
3085
3410
3105
3138
3383
3248
2667
3346
3207
2737
3079
3114
2794
3171
2715
2869
2745
3238
3433
2741
2875
3157
3160
3332
3107
2955
2772
3177
2990
2829
3188
3046
3015
2844
3058
3100
3061
2958
2996
2938
3110
3273
3406
3397
3215
3009
2836
2931
3154
2989
2757
3294
3023
3399
2777
3040
2738
3254
3199
3115
3112
3060
3299
3247
3239
2901
3327
2686
3075
3189
2954
2675
2668
3192
3136
3167
3124
3312
3289
3187
2812
2783
2690
3417
2974
2852
2992
3111
3005
2881
2870
3345
3234
3365
3264
2858
3361
3245
1666
2929
3390
2683
3415
3049
2795
3337
3219
2950
2936
2932
2921
3307
3236
3019
2816
3152
3377
3291
3201
3102
2797
2708
3393
3260
3101
2833
3174
3142
3065
2750
3364
3184
2966
2911
2729
3098
3078
3000
2864
2815
2908
3301
3237
3108
2920
2846
3419
3403
3262
3411
3335
3329
2751
3350
2796
2661
3330
3381
2662
3416
3396
3297
2828
3026
3387
3303
3054
3047
2986
2969
2967
2953
3117
3095
2867
2673
2890
3363
3123
3014
2754
3149
3394
3392
3139
382
677
684
611
654
617
579
433
369
2581
2355
2274
2571
2522
2544
2641
1931
1919
2367
2291
2599
2579
2572
2467
2392
2329
2278
2261
2257
2220
2139
2103
1918
2525
2448
2416
2260
2175
2502
2198
2312
2163
2110
2305
2493
2615
2586
2575
2564
2561
2560
2550
2495
2354
2323
1987
2597
2400
2116
