0
3995
889
1046
4025
11
4015
1206
3935
883
801
749
642
453
3746
585
3071
2527
47
3006
233
155
3856
377
46
4016
411
894
887
652
790
700
2470
875
1466
61
3544
1105
35
18
3408
3606
112
466
2903
2814
692
860
3875
2580
3879
2963
892
2569
1442
3688
1395
270
4035
4024
49
216
593
607
3853
2596
2219
3954
4001
1386
648
289
3717
3765
294
164
1693
131
448
287
3271
179
3709
2263
335
2704
447
2382
2902
499
2079
1762
3031
52
3885
2195
1087
1103
6
562
3987
4010
371
97
3953
3914
3282
138
3952
4029
3653
2358
2842
3973
1057
673
399
1455
2505
1253
318
386
3268
3999
2442
255
321
1022
166
3699
316
3808
1276
3494
3983
182
2788
1760
241
76
1002
1208
877
885
873
383
256
301
2595
3846
443
581
4007
3990
1586
1194
866
879
717
841
704
854
715
859
858
893
863
855
890
869
826
880
844
756
851
735
794
888
882
878
876
861
729
806
808
840
835
693
874
872
730
836
783
831
726
724
842
769
765
758
813
787
773
738
720
740
709
847
846
834
690
694
817
748
820
799
784
727
710
853
810
695
827
824
797
741
728
705
687
789
714
845
781
760
895
886
881
871
870
867
864
856
811
803
798
753
708
697
828
823
821
819
805
800
777
772
770
713
696
732
689
795
786
719
822
792
804
743
712
829
691
849
848
843
838
837
830
825
818
815
814
812
809
807
802
796
793
791
780
779
778
776
775
774
771
767
766
764
763
762
761
759
757
755
754
752
751
747
746
745
744
739
737
734
731
725
723
722
721
718
716
711
706
703
702
701
698
688
839
733
850
782
742
833
686
768
736
707
816
832
868
750
852
788
699
891
884
785
865
4017
4014
4006
4013
4003
3998
4000
4030
4021
3988
4026
4019
4018
3997
3994
4002
4038
4036
4027
4023
4022
4012
4009
3993
3986
3985
3984
3982
3981
4031
4020
3980
4004
667
594
3989
4037
4032
4011
3991
4033
3996
4028
3992
4034
4005
4008
3660
3923
3942
3588
3572
3911
3616
3932
3696
3933
3964
3500
3536
3447
3863
3819
3623
3524
3859
3855
3690
3931
3777
3663
3749
3482
3963
3939
3679
3919
3637
3742
3775
3715
3607
3915
3492
3959
3619
3469
3703
3908
3661
3548
3739
3784
3680
3767
3602
3443
3789
3894
3720
3848
3763
3870
3643
3620
3960
3901
3766
3776
3946
3910
3490
3834
3645
3965
3761
3561
3510
3862
3927
3439
3591
3822
3818
3534
3486
3864
3608
3958
3770
3682
3825
3711
3920
3844
3647
3629
3459
3893
3768
3947
3648
3631
3967
3747
3655
3478
3869
3519
3757
3675
3951
3906
3509
3463
3786
3782
3558
3595
3691
3810
3515
3506
3624
3531
3940
3743
3657
3904
3584
3917
3874
3871
3725
3473
3445
3803
3622
3610
3564
3535
3738
3726
3668
3460
3850
3821
3706
3507
3455
3676
3665
3895
3878
3499
3883
3639
3516
3701
3956
3630
3881
3866
3758
3634
3617
3554
3466
3969
3903
3900
3793
3718
3493
3977
3918
3907
3865
3778
3753
3713
3685
3644
3599
3505
3949
3546
2481
2178
3941
3772
3957
3744
3649
3613
3594
3562
3627
3477
3600
3861
3913
3578
3557
3795
3888
3839
3496
3654
3605
3457
3574
3559
3762
3462
3454
3547
3847
3450
3528
3452
3978
3880
3840
3827
3815
3769
3740
3710
3698
3590
3553
3508
3470
3831
3755
3611
3520
3702
3845
3609
3527
3485
3659
3760
3670
3604
3475
3484
3556
3930
3926
3832
3804
3788
3737
3731
3730
3658
3635
3603
3545
3542
3503
3488
2166
912
501
351
198
3530
3979
3976
3975
3972
3970
3955
3945
3943
3937
3936
3934
3928
3925
3924
3921
3912
3909
3905
3902
3899
3898
3897
3896
3892
3891
3890
3889
3887
3882
3876
3868
3867
3857
3843
3838
3837
3836
3835
3833
3829
3826
3824
3823
3820
3816
3814
3813
3812
3809
3807
3806
3802
3801
3799
3794
3792
3791
3785
3783
3781
3774
3773
3771
3764
3759
3754
3752
3748
3745
3736
3735
3728
3727
3722
3719
3716
3714
3712
3708
3707
3705
3700
3697
3695
3694
3687
3686
3683
3681
3673
3671
3669
3666
3664
3662
3652
3650
3646
3641
3640
3638
3636
3628
3626
3615
3614
3612
3601
3598
3597
3593
3587
3583
3581
3579
3571
3569
3568
3567
3566
3560
3555
3549
3543
3541
3539
3538
3533
3532
3529
3526
3523
3518
3514
3511
3504
3502
3498
3497
3491
3489
3483
3481
3479
3476
3474
3472
3468
3465
3464
3461
3458
3451
3442
3441
468
485
3425
3372
3059
3128
3424
2808
2855
3270
3134
3161
3352
2767
3309
3336
3269
3428
2868
2852
3392
2769
2900
3003
2490
1924
2204
1937
2245
2094
1956
1978
2401
2349
2106
2388
2015
2535
2320
2207
2634
2466
2321
2650
2515
2444
2316
2632
2621
2441
2375
2113
2100
2158
2238
2360
2251
2403
2424
1990
2034
2402
2173
1933
2342
2105
1949
3349
3048
1965
2070
2618
2181
1977
3246
3305
3189
3329
2725
3852
3656
3779
3575
3522
862
3830
3817
3790
3672
3517
3438
3962
3842
3756
3741
3586
3573
3456
3449
3440
857
3860
3796
3689
3633
3621
3929
3884
3858
3750
3677
3589
3944
3938
3877
3828
3800
3734
3693
3684
3674
3642
3576
3501
3495
3552
3521
3971
3966
3692
3667
3618
3480
3471
3448
3968
3950
3948
3873
3841
3780
3625
3596
3563
3512
2513
2357
2628
2562
1922
1915
2335
459
2895
1776
516
384
406
505
476
364
564
660
598
622
3723
3551
3487
3437
1731
474
534
619
529
372
522
429
437
477
362
470
410
354
521
486
424
3192
3208
3333
2884
3281
2917
3157
2888
2697
3088
2848
3405
3398
2685
3111
3401
3376
2926
3089
2696
2770
2819
2832
2831
2984
3276
2759
3053
2857
3315
2820
2870
3181
2930
3138
3110
3431
2847
3159
2682
3127
3141
3044
3148
2840
2978
3139
3427
3358
3338
3322
3126
3066
3030
2734
2721
3279
3199
2995
2950
3041
3074
2761
3225
3355
3335
3203
2687
2783
3341
3217
3009
2882
2859
2715
2837
3273
3133
2733
2982
2879
2886
3160
3423
3325
3318
3283
2699
3091
2934
3227
3067
3421
3436
3215
2952
2818
3303
3047
3042
2862
3251
3131
3301
3085
2931
2850
2705
2787
2763
3226
2738
2726
2751
3306
3144
2958
2919
3395
2702
2686
2980
2748
3357
2747
3286
3237
3010
3175
3046
3013
3402
2898
2893
2723
3360
3345
3021
2939
2990
3207
3068
2739
2728
2989
2901
3033
2845
2774
3213
2967
2673
3121
2922
2881
2790
3105
3185
2921
2975
3356
3086
3069
3434
3419
3381
3351
3332
3272
3109
3016
2992
2904
2661
2861
3435
2993
2953
3389
3327
2736
3413
2821
3416
3316
3247
3007
2849
3196
2918
3065
2985
2866
3022
2880
3149
2810
2698
2694
2666
3387
3153
2676
2669
2907
2839
2782
2756
2689
2680
3399
3228
3220
3098
2924
2874
2777
3418
3307
3244
2996
2932
2690
3257
3114
2988
3140
3100
3024
2668
3391
3378
3347
3344
3262
3204
3145
2937
2936
2797
2720
3255
3187
3321
3285
3241
3223
3176
3103
3415
3240
3224
2853
2785
2742
3015
2812
2772
2700
2938
3382
3314
3311
2959
2889
2670
2867
2706
2949
2802
2792
3146
3433
3400
3238
3232
3129
3123
3029
3026
2977
2943
2915
2809
2807
2794
2681
3417
3324
3293
3243
3078
3073
2994
2956
2927
2911
2887
2835
2786
2729
3298
3182
3079
2894
2708
2701
2824
3242
3050
2841
3406
3299
3249
2914
2844
2781
2711
2675
3284
3250
3174
3096
3064
3054
2986
2969
2929
2925
2920
2906
2905
2877
2864
2815
2800
2757
2754
2746
2717
3430
3229
3137
3130
3090
2873
2789
2710
3274
3233
3152
3118
2804
2753
2737
2724
3328
2838
2885
2136
2476
2405
2455
2008
2622
2549
2122
2619
2329
2262
2654
2454
2386
2261
2104
2303
2234
2353
2147
2060
2656
2220
2213
2625
2615
2591
2574
2546
2307
2229
2088
1989
1943
2624
2600
2553
2408
2356
2045
2381
2317
2613
2606
2554
2504
2499
2477
2460
2326
2306
2287
2216
2206
2140
2115
2037
2005
1986
1929
2655
2575
2573
2485
2467
2430
2418
2376
2339
2331
2309
2299
2271
2212
2200
2154
2118
2078
2073
2063
2046
1997
1962
2084
2058
2392
2534
2314
2066
2651
2631
2607
2587
2586
2565
2552
2551
2545
2541
2536
2532
2526
2520
2503
2500
2497
2487
2486
2484
2483
2462
2443
2439
2437
2433
2431
2426
2422
2421
2412
2407
2404
2383
2373
2370
2359
2352
2311
2301
2300
2286
2281
2276
2270
2258
2255
2248
2237
2230
2217
2193
2182
2179
2175
2172
2170
2168
2167
2164
2156
2152
2146
2139
2126
2124
2112
2109
2098
2091
2083
2077
2076
2074
2056
2051
2041
2023
2021
2020
2019
1996
1992
1984
1983
1966
1963
1936
1934
1918
2014
2099
2013
2633
2341
2016
2025
2524
1988
2523
2049
1974
2205
2577
2397
2231
2114
2614
2558
2548
2528
2456
2450
2411
2380
2361
2227
2162
2160
2130
2129
2119
2080
2035
1975
1960
2085
2017
2644
2570
2228
2120
2089
2493
2452
2540
2514
2488
2453
2371
2288
2265
2236
2197
2036
220
19
3297
3081
2784
2780
