0
4002
889
717
2079
3798
4012
15
788
3801
648
3946
305
4016
2792
294
4037
875
157
3935
4022
179
230
3453
3807
1071
1510
550
899
668
3853
1755
1147
884
872
1224
1586
2100
4032
78
859
260
264
749
855
4008
689
1206
210
1466
2106
624
3271
358
1854
2885
3974
1362
379
205
1690
2752
3638
3127
3688
3269
2860
3660
2814
467
1654
868
81
2740
74
11
443
43
1233
10
3984
383
3983
3795
3978
1430
3996
3897
1834
4001
1105
52
1046
3729
1394
3230
3704
602
245
3513
202
241
480
652
2722
209
3959
406
1034
674
183
1581
911
3161
2470
2922
1560
2195
775
3746
1252
3942
585
2094
1194
3570
3597
3691
2774
3816
215
2178
174
785
138
562
2269
1395
4006
3952
192
1002
1890
1627
4029
286
499
437
572
3045
3932
3844
3290
1797
2168
2421
160
275
4
306
195
181
328
218
273
873
877
874
867
887
776
885
893
1253
97
253
71
90
77
2691
3037
3990
4007
3885
3987
852
866
839
881
870
871
886
790
802
791
789
854
699
888
796
864
895
894
883
879
860
858
825
811
846
721
704
838
768
767
732
714
716
748
764
822
701
803
737
812
753
799
755
758
715
882
878
863
763
808
835
730
733
843
720
818
810
723
742
826
784
833
816
707
876
861
770
806
821
777
760
731
793
762
890
869
856
800
880
779
741
739
709
698
794
745
829
795
778
738
719
844
781
780
751
734
726
706
697
848
830
827
815
772
754
722
688
824
823
705
853
713
712
702
820
765
747
728
851
850
849
847
845
842
841
840
837
836
834
831
828
819
817
814
813
809
807
805
804
798
797
792
787
786
783
782
774
773
771
769
766
761
759
757
756
752
750
746
740
736
729
727
725
724
718
711
710
708
703
700
696
695
694
693
691
690
687
686
832
865
735
743
744
692
891
801
892
857
3689
3621
4003
4034
4013
4009
4019
3991
594
4023
3981
3989
4005
3998
4000
4017
4004
4026
4021
4014
3994
4020
4038
4031
4030
4028
4025
4018
4011
3999
3997
3992
3988
3986
3985
3982
4027
3980
4036
4033
4015
3995
3993
4024
4035
4010
667
3537
3908
3669
3742
3664
3965
3588
3812
3857
3724
3936
3520
3572
3671
3716
3616
3655
3678
3564
3937
3512
3894
3739
2824
1937
2799
3661
3736
3626
3479
3955
3780
3813
3594
3929
3517
3457
3462
3443
3915
3726
3474
3775
3551
3703
3914
3711
3701
3733
3893
3765
3522
3767
3754
3622
3507
3696
3641
3647
3847
3931
3806
3490
3875
3803
3595
3861
3444
3799
3472
3784
3972
3634
3924
3896
3881
3612
3568
3555
3976
3973
3870
3463
3620
3558
3960
3809
3776
3587
3802
3977
3708
3571
3917
3892
3567
3445
3450
3511
3499
3835
3900
3919
3454
3447
3943
3665
3759
3940
3928
3471
3761
3891
3642
3763
3758
3643
3493
3617
3785
3603
3503
3484
3438
3862
3636
3442
3782
3659
3907
3722
3745
3880
3768
3921
3815
3735
3951
3855
3794
3506
3715
3663
3455
3592
3975
3947
3822
3509
3486
3741
3898
3523
3492
3546
3611
3657
3628
3890
3679
3694
3771
3956
3614
3554
3510
3460
3681
3557
3966
3497
3488
3865
3831
3698
3543
3475
3906
3786
3584
3483
3740
3713
3553
3498
3470
3836
3705
3465
3958
3760
3707
3439
3632
3827
3753
3839
3964
3766
3747
3615
3944
3884
3548
3461
3690
3825
3627
3559
3901
3685
3644
3598
3967
3791
3607
3774
3912
3874
3819
3725
3878
3826
3764
3534
3532
3945
3895
3630
3602
3466
3770
3903
3718
3593
3889
3800
3609
3863
3624
3580
3949
3538
3805
3600
3545
3525
3779
3091
2721
2671
2358
2437
2281
1956
1949
2041
2424
2015
2580
2622
2515
2130
8
347
166
3566
2166
2431
2422
2380
2230
2568
3429
2714
3322
2933
3413
3143
3424
2747
2816
3229
3059
2884
3389
3200
3122
3423
2808
3349
3094
2879
3382
3436
3153
2945
2723
3050
2935
3193
3217
3334
3368
3083
2949
3112
2847
1476
3948
3852
3842
3838
3756
3684
3574
3452
3979
3797
3970
3926
3883
3851
3832
3824
3700
3687
3680
3649
3613
3577
3576
3518
3516
3502
3481
3456
3448
3734
3712
3683
3656
3618
3586
3501
3938
3888
3604
3596
3533
3873
3841
3752
3738
3469
3496
3971
3968
3480
3969
3963
3962
3957
3954
3950
3941
3939
3934
3933
3930
3927
3925
3922
3920
3918
3916
3913
3911
3909
3905
3904
3902
3899
3887
3882
3879
3876
3871
3869
3868
3867
3866
3864
3860
3859
3858
3854
3850
3849
3848
3845
3843
3840
3837
3834
3833
3829
3828
3823
3821
3818
3817
3814
3811
3810
3804
3796
3793
3792
3790
3788
3783
3781
3778
3777
3773
3772
3769
3762
3757
3755
3750
3743
3737
3732
3731
3730
3728
3721
3719
3717
3714
3710
3709
3706
3702
3699
3697
3695
3693
3686
3682
3677
3676
3675
3673
3672
3670
3668
3667
3666
3662
3658
3654
3653
3652
3648
3646
3645
3640
3639
3637
3635
3633
3631
3629
3625
3623
3619
3610
3608
3606
3605
3601
3599
3591
3590
3589
3585
3583
3581
3579
3578
3575
3573
3569
3565
3563
3562
3556
3552
3549
3547
3542
3541
3539
3536
3535
3531
3529
3528
3527
3526
3524
3521
3519
3515
3514
3508
3505
3504
3500
3495
3494
3491
3489
3485
3482
3478
3476
3473
3468
3467
3464
3459
3458
3449
3446
3441
3440
862
3379
3133
3024
2942
3359
2962
2947
2022
2316
2634
2245
2263
2019
2545
2182
2632
2044
2082
2650
2513
2349
2320
2008
2439
2217
2227
2219
1934
1922
2613
2383
2562
2214
2256
1977
2350
1982
2490
2443
2092
2455
2628
2126
2089
2618
2402
1992
2657
2157
2000
1942
2238
2411
2566
2080
2599
2405
2357
2034
2641
2085
1915
2487
2167
2646
2260
2236
2146
2105
2023
2058
2444
2255
2170
2408
1963
1925
2476
2429
2300
2210
2446
2614
2558
2342
2551
2212
2098
2619
2553
2423
2339
2218
2078
2073
1929
2453
2647
1950
2147
2636
2202
2001
1968
1957
2624
2590
2407
2329
2258
2083
1989
2495
2290
2244
2240
2190
2064
1943
2017
2435
2378
2225
2644
2335
2152
2607
2600
2507
2506
2477
2469
2418
2404
2229
2136
2060
2573
2546
2500
2482
2391
2370
2334
2299
2237
2213
2208
2118
2108
2103
2077
2040
2037
1966
1953
2583
2018
2012
1951
1928
2488
2474
2397
2360
2119
2114
2049
1930
2623
2586
2579
2559
2556
2542
2532
2464
2381
2374
2356
2309
2308
2216
2179
2154
2150
2140
2139
2115
2090
2059
2056
2045
2030
2020
1984
1962
1938
2505
2448
2425
2317
2288
2265
2197
2162
1960
2365
2655
2631
2611
2606
2601
2554
2552
2549
2526
2504
2485
2484
2462
2433
2387
2369
2354
2353
2348
2311
2278
2276
2275
2271
2261
2257
2220
2201
2184
2123
2121
2095
2086
2063
2033
1993
1983
1979
1918
1917
2503
2403
2286
2035
2497
2159
2025
2016
2009
1991
1914
2401
2660
2659
2627
2620
2585
2297
2097
2004
1999
1998
1980
1935
255
206
131
225
177
262
6
139
36
87
2459
2337
120
24
73
168
143
333
162
2
54
27
318
344
281
235
159
288
672
660
399
198
441
393
639
3961
3530
3487
2923
2560
2427
2084
1988
1973
2544
2468
2099
2531
2389
2312
2361
2110
2075
2518
2557
2517
2514
2362
2310
2272
2175
2141
2066
1965
2572
2305
2274
2222
2522
2249
2603
2496
2324
2215
2177
2174
2065
2062
2029
2026
1981
2191
1994
2612
2525
2451
2296
2285
2254
2211
2209
2189
1987
1944
2592
2588
2571
2445
2351
2180
2096
1923
2155
2396
2658
2594
2538
2250
2149
2116
1972
1927
1921
2524
2420
2295
2163
2537
2471
2432
2419
2280
2169
2132
2028
1932
2498
2406
2366
2325
2313
2302
2226
2224
2223
2176
2127
2101
2031
1955
1941
2629
2609
2547
2533
2509
2438
2434
2385
2372
2343
2327
2293
2137
2134
2072
2052
1940
2475
2377
2298
2283
2221
2143
2039
1970
3338
3425
2926
3307
3352
3328
3254
2761
2982
2703
2979
3341
2976
3235
3061
3376
3312
2825
2902
2732
3099
3203
3249
2762
3194
2868
3346
2667
3178
3241
3422
2843
2711
2918
2964
2784
3255
3336
3126
2865
2831
3323
3225
2932
3092
3236
3392
3163
3139
3123
3041
3155
3066
3063
3012
2779
3354
3105
2963
2853
3075
3299
3209
3109
2914
2846
2881
3310
2983
2886
3431
2856
2901
3223
3192
2804
3008
2834
2670
3411
3179
2961
3390
3369
3253
2783
3190
3144
3234
2957
2907
2769
2852
2998
2965
3180
2766
3137
2746
2850
3046
2878
2840
2811
2688
3435
3084
2977
2726
2698
3130
3114
2763
2679
3238
3095
2953
2897
2848
3313
2958
3430
3294
3195
2993
2717
3009
3218
2715
3240
3146
2894
3034
2735
3317
3231
2898
2858
2841
2787
2771
2736
2690
3170
3292
3246
3276
2700
3421
3403
3393
3187
2709
3036
3030
3010
2710
3414
3286
3121
3028
2997
3138
3100
2790
3365
3032
2758
3135
3073
3044
3000
2827
3416
3428
3300
2978
2851
2807
2745
3417
3394
3243
3220
3158
2928
2866
2756
2731
2729
2663
3304
3096
3078
3025
2985
2777
2773
2757
2666
3188
2871
2687
3327
3272
3261
3148
3216
3141
3296
2895
3419
3280
3277
3265
3049
2939
2765
2661
3318
2889
2734
3237
3213
3064
2909
2854
2748
2720
3357
3353
3321
3177
3093
2696
3257
3142
3047
3026
2986
2927
2920
2919
2896
2873
2810
2994
2794
2754
2741
2683
3378
3316
3260
3201
3169
3132
3106
3101
3070
2989
2796
2712
3233
3069
2830
3371
3273
3176
3171
3377
3344
3332
3298
3281
3267
3102
3039
3005
2973
2785
3418
3385
3335
3264
3087
3081
3420
3120
3103
3387
3301
3033
2924
2874
2676
2669
3330
3275
3219
2686
3325
3311
3283
2959
3373
2867
2706
3136
3262
3060
2937
2797
2701
2692
2956
2931
2862
2738
2689
3348
3228
3129
3085
3056
3054
3029
2925
2891
2815
2755
2750
3184
2912
2694
3305
3279
3215
3117
3110
3038
2832
2795
2727
3345
3326
3274
2921
2675
3384
3362
3174
3022
2974
2908
2864
2839
2835
3397
3366
3206
3154
3027
2737
3248
3196
2938
2819
2730
3185
2764
3434
3342
3191
3076
3017
2863
2733
2672
3160
3107
3051
2934
2845
2724
3077
3020
2882
3320
3204
3172
3116
2833
2828
2708
2674
3145
2781
3406
3287
3259
3118
3086
3011
3002
2951
2768
2716
987
1342
2971
910
1577
1301
1202
1150
3165
1640
3886
3877
3872
3830
3692
3674
3651
3561
3550
3540
3437
1607
1168
3245
3361
1346
3386
3168
3079
3019
2826
2725
1218
3412
3404
3331
3162
3001
2775
1264
1759
1775
1244
2608
2555
2516
2384
2368
2336
2332
2328
2315
2279
2266
2194
2153
2135
2128
2102
2068
2053
2047
1411
1486
2656
2654
2652
2651
2649
2648
2645
2643
2640
2639
2638
2637
2635
2633
2630
2626
2625
2621
2616
2615
2610
2605
2604
2602
2597
2593
2591
2589
2587
2584
2581
2578
2577
2576
2575
2574
2570
2567
2565
2564
2563
2561
2550
2548
2543
2540
2539
2536
2535
2534
2530
2528
2523
2521
2520
2519
2502
2501
2499
2494
2493
2492
2489
2486
2481
2480
2479
2478
2473
2472
2467
2466
2465
2461
2460
2458
2457
2456
2454
2452
2450
2449
2447
2442
2441
2440
2430
2428
2426
2417
2416
2415
2414
2413
2412
2410
2409
2400
2398
2395
2394
2393
2392
2390
2388
2386
2379
2376
2375
2373
2371
2367
2364
2363
2359
2355
2352
2347
2346
2345
2341
2340
2338
2333
2331
2330
2326
2323
2322
2321
2318
2314
2307
2306
2304
2303
2301
2294
2291
2289
2287
2284
2277
2273
2270
2268
2267
2264
2262
2259
2253
2252
2251
2248
2246
2243
2242
2241
2235
2234
2233
2232
2231
2228
2207
2206
2205
2204
2200
2196
2193
2192
2188
2186
2183
2181
2173
2172
2171
2165
2164
2161
2160
2158
2156
2151
2148
2145
2144
2142
2138
2131
2129
2125
2124
2122
2120
2117
2113
2112
2109
2107
2104
2093
2091
2088
2076
2074
2071
2070
2069
2067
2061
2057
2055
2054
2051
2050
2048
2046
2043
2036
2027
2024
2021
2014
2013
2011
2007
2006
2005
2002
1997
1996
1995
1990
1986
1985
1978
1976
1975
1974
1971
1969
1964
1959
1958
1952
1946
1945
1939
1936
1933
1931
1924
1919
1913
194
127
246
310
38
146
39
208
197
184
105
176
100
196
91
182
309
284
135
108
29
282
49
121
345
57
5
338
268
324
165
30
242
178
55
45
296
278
86
68
46
226
289
243
167
32
224
313
248
104
312
314
295
7
299
254
304
276
319
147
89
320
302
164
274
258
75
211
170
169
123
84
59
16
249
270
308
134
193
297
290
285
199
185
136
118
62
180
130
33
343
140
111
44
28
298
257
239
212
158
142
141
132
252
237
129
67
240
99
51
293
227
17
214
151
149
115
20
342
325
261
172
119
65
334
322
232
161
156
148
122
113
79
69
25
21
152
228
188
72
26
315
53
1008
647
640
635
657
626
661
589
599
583
677
619
609
658
577
644
623
573
643
632
650
675
627
600
663
685
636
622
616
433
564
435
468
466
377
457
490
364
1295
1711
586
1762
1364
1062
682
653
631
3723
470
355
448
554
485
617
605
598
597
592
579
362
534
1514
1016
1562
1883
1161
1829
1710
1517
1162
1450
3205
2813
2677
1771
1696
1651
2744
1387
2653
2642
2617
2598
2582
2529
2512
2511
2510
2508
2491
2463
2436
2399
2344
2319
2292
2282
2247
2239
2203
2199
2198
2187
2185
2133
2111
2087
2081
2042
2038
2032
2010
2003
1954
1948
1947
1926
1920
1916
945
3433
3432
3427
3426
3415
3410
3409
3405
3402
