0
744
4024
4010
918
3746
4032
883
4001
4035
3984
750
692
699
3935
287
3729
607
550
43
674
209
1119
114
1096
3853
3451
1206
1466
4006
3268
33
581
255
241
3991
2792
2740
3037
70
35
3854
2814
3801
1208
3691
2808
1546
667
1194
3597
3375
572
2817
3844
365
594
868
3121
3560
3980
3982
4023
4030
3998
4014
4031
3997
4021
4009
3994
4004
4026
3986
3995
4017
4000
3981
4038
4019
4020
3988
4018
4002
3989
3985
4027
3993
4013
4003
4011
4037
3996
860
3999
4033
4007
3990
4025
4016
775
3407
4034
3983
3987
4012
4029
891
801
4015
877
841
875
892
888
867
873
802
721
864
788
852
854
785
859
686
687
688
693
694
695
696
697
698
701
703
705
706
708
709
711
713
714
718
719
720
722
724
726
727
728
731
734
736
737
738
739
741
742
745
747
748
752
754
755
758
760
763
764
766
769
770
771
772
773
774
777
778
779
780
781
783
784
787
792
793
795
797
800
803
804
805
806
807
809
810
814
815
817
818
819
820
822
823
824
827
828
829
830
831
834
835
836
838
839
840
842
844
845
847
848
849
853
856
889
716
729
730
732
765
768
782
789
833
837
843
712
723
753
794
799
707
751
756
762
876
850
863
826
813
878
759
821
861
690
715
816
746
761
786
808
882
811
689
725
880
812
733
700
702
767
886
885
869
740
776
791
710
890
796
872
871
874
881
798
691
846
870
887
825
735
895
879
704
866
858
851
832
790
894
893
884
717
855
743
757
749
4008
4022
292
911
1560
11
447
602
624
3974
3856
585
2195
613
358
335
608
3748
1834
2457
3820
3650
2569
1145
638
15
3709
668
74
3071
3798
2842
1581
3183
2596
3453
215
210
3031
3230
2269
1386
12
2079
37
2470
18
3570
4036
4028
3846
256
42
244
642
282
233
90
145
377
1224
3885
286
47
401
4005
443
52
205
468
179
3992
3875
2788
1270
3808
1395
1854
3006
316
153
3807
3688
2857
154
1326
1176
2691
3282
234
3134
1690
3879
1262
183
160
138
3408
1755
279
3125
2704
1233
305
1967
2382
1430
3959
3942
648
3589
267
1394
1276
2541
1065
3704
216
3922
1558
379
3732
2595
1046
1586
182
2483
97
81
1627
386
383
253
1027
301
157
904
411
1693
155
356
3717
1253
1071
49
1760
71
3744
2168
112
76
3733
247
3816
899
321
454
2722
240
228
293
61
1252
2975
336
2798
2178
1353
3955
2714
448
2380
2527
2442
2481
656
3467
2860
1034
660
571
499
3699
3811
3689
2952
3575
3413
1105
1362
207
2922
294
191
1002
2998
3582
164
3928
174
2106
192
124
552
3954
120
307
327
453
2565
202
384
262
270
1996
3003
3494
865
3897
220
3653
3781
2838
3673
2885
467
3946
1651
406
2971
3952
3565
201
3953
190
2441
1031
1856
1762
1200
2855
1713
166
1937
1022
3865
1383
2204
288
3765
3537
3686
3619
3143
2963
1969
996
206
3978
3910
1474
125
652
3965
3588
3887
1510
3939
1890
945
289
530
673
3271
3882
3742
3147
1797
2437
3544
472
3127
3849
283
3055
1442
1711
464
2774
1579
3637
929
264
