1912
107
1684
3437
2742
483
2877
0
348
3434
1636
414
2730
2839
1373
239
820
497
3633
1980
1070
3593
3966
3279
465
828
3677
56
2724
1066
2749
3342
367
3396
1935
1155
1895
1259
2313
686
1148
3980
291
2932
3930
1995
609
1778
3280
3713
3019
3506
1304
3320
2989
570
3783
2346
3968
109
1454
856
695
3435
592
2699
1159
1469
173
2750
3931
3664
1064
113
2628
3680
1415
3217
1682
784
3948
1136
2787
462
854
1626
397
1729
1991
3255
1647
2793
765
1368
24
500
1957
1113
3602
2503
2425
3627
3740
3476
2999
2996
2663
2701
1533
1500
3017
175
3412
1274
665
3414
3918
1151
551
3138
3881
346
2178
2875
3369
762
3921
3460
2435
1429
2424
355
3177
3920
2668
3194
1903
3139
2843
1140
2962
863
4003
222
1534
3831
3691
1249
3526
3610
800
713
3782
1338
133
1137
1575
2228
31
315
3523
2545
441
2830
32
478
3512
197
604
958
767
227
3634
3394
1095
657
2916
678
4
644
3758
407
771
1466
3726
3658
2669
1790
281
257
3581
72
119
728
3911
3545
880
2734
1847
4000
3867
3308
793
1566
327
730
357
1787
3651
1414
3303
38
2964
3774
3492
464
2933
571
2106
2817
2515
1486
525
2401
583
1372
3530
2490
3421
17
3390
2388
789
3131
1933
3635
990
3958
3288
2080
1190
807
3727
1928
2746
2647
555
3538
1829
81
1097
1424
955
3144
264
563
3462
585
899
1887
3541
2193
3938
1992
3511
423
542
3960
3675
3701
3683
1536
3982
797
319
2342
694
3722
1189
1674
203
3700
3242
330
256
2519
69
2618
3135
2925
3747
3906
3271
3909
759
3469
131
986
3632
426
3939
2049
310
2990
3233
2972
1401
1633
3862
1251
106
3522
858
415
1021
1440
2041
458
162
890
3850
3475
1998
4023
3490
3289
3698
2744
2769
2789
2795
704
673
1894
2784
895
3241
1103
914
489
907
578
1875
3249
3965
306
2341
1088
3790
3253
3116
2493
448
2581
1908
3764
1008
753
3844
1183
3854
3923
3113
2673
2569
2907
658
3688
1676
712
2405
1002
1266
3806
374
2753
3603
268
3028
454
2452
2810
1052
1141
923
3454
2975
3310
1419
2805
3410
2958
1441
383
3591
3665
3659
2227
842
4007
1073
3735
1751
3734
443
3660
1587
3039
641
16
1349
129
3432
1106
2681
2096
2733
3848
1708
844
3681
1301
2801
2967
3178
3337
3331
1094
3682
3863
3517
2885
1581
2497
565
3924
3803
3500
3478
3040
3929
3946
3295
656
1031
338
1552
1499
929
2812
3505
950
2562
1364
1452
949
233
3534
446
3167
2207
1044
3869
3765
884
2878
3328
1743
1631
3657
2016
3718
3669
574
1121
3058
413
3890
2883
3278
194
1770
2614
873
702
3315
991
3802
4034
627
2868
498
3706
504
153
2729
2759
577
3503
293
1510
3861
10
992
2114
1150
2517
3856
1776
763
1212
748
3202
3993
3447
3989
3889
3985
518
850
849
663
3379
2587
1889
26
3649
3128
1030
30
3114
3853
379
2837
3312
2949
3738
28
270
3623
19
2767
619
2583
2637
3029
876
476
499
247
2380
626
481
3313
1286
68
1817
2857
91
62
1022
12
2524
3238
1664
919
940
3837
881
1273
2762
3788
3922
3357
811
45
1526
137
202
1354
1954
3544
1403
3798
2886
401
2838
2205
362
3483
3560
879
4036
3147
3616
3901
2167
3733
209
3719
1640
2822
3808
3565
3575
1474
75
2918
2413
3037
623
1625
3229
1319
1115
3136
3940
2494
1417
2297
1365
290
621
380
241
502
776
3502
3792
1921
1901
3298
3495
3586
1347
741
283
3685
1535
1808
985
3696
3569
2814
18
491
2558
3430
168
1844
1606
2740
3484
3269
2455
3684
3
700
1324
3827
773
756
3839
2842
3779
3855
3011
432
1178
1010
860
832
228
2067
2867
1068
59
3540
3176
208
1268
3485
282
100
576
3823
1836
1034
29
2610
3801
351
358
3204
1071
813
2710
1738
668
385
3515
840
801
1161
723
1697
2066
539
3316
3046
184
732
3181
3913
1690
3499
3973
898
51
2922
3199
3815
3667
3067
320
2667
3775
624
3020
2442
3778
3809
2192
3902
3730
2923
2605
1215
3069
1421
3008
3290
1033
2286
3999
230
981
560
918
531
1355
612
2584
638
179
244
3466
3494
872
2788
775
1418
189
1567
2741
292
3470
1967
1223
2450
2217
3744
102
3071
3068
3180
3760
3749
2100
3042
3723
1722
104
117
906
977
745
3553
187
2321
219
3122
2360
4037
2715
2245
1313
2870
2065
352
35
326
2426
2373
276
2459
3626
3467
3757
1042
2984
3641
369
60
195
316
2535
3978
15
3562
317
262
2528
2848
2800
2357
744
2316
984
2852
3771
3439
3673
2214
3323
2082
2697
2693
1135
278
1328
2732
2747
859
296
593
2683
124
2980
654
2486
972
3551
628
711
243
4013
3125
275
1389
3621
190
2157
983
1244
920
3703
3832
2453
1342
2704
3094
3941
1937
3212
3024
248
3721
480
785
3582
1314
1568
44
1000
2571
1053
3897
783
3566
3254
847
3994
1801
158
2934
3075
3519
3608
1433
1410
120
1260
3769
769
466
1171
3838
1931
3964
2818
2687
3109
3296
2982
118
3158
3347
3786
719
1775
3618
279
2091
2120
3423
1696
937
13
339
3905
2632
3969
608
3141
3306
1968
2937
2378
2013
185
3543
786
1100
3910
1565
1427
3732
3349
684
3481
258
2671
3482
2085
171
552
289
2372
93
2766
3093
1039
1446
1020
1732
1245
2358
3119
596
130
110
2166
361
359
354
399
364
2695
3535
3818
2953
76
3322
3561
3063
818
2983
3639
1576
1043
3882
3653
1287
3899
3168
2291
3365
747
3448
3666
777
787
122
2811
2179
2454
2017
1784
2902
260
721
581
3463
3640
915
2745
2911
135
1096
3260
3089
435
528
541
2979
411
237
3784
3043
520
3947
1239
2011
3725
3473
1241
3326
1067
1785
2209
2457
3816
2365
2776
904
3992
3772
1657
1016
725
2483
2682
2580
3218
2924
1208
3655
2641
3573
589
3976
667
2075
2397
2988
2119
3531
3959
1579
3389
2760
340
882
2314
2820
347
2761
2185
255
1767
3070
3403
2204
3928
121
1196
1265
3429
308
857
254
1934
156
2722
1323
229
1023
1072
4029
3518
1276
1434
3160
3868
846
943
467
3539
948
791
1422
3166
1856
2783
1792
311
792
2896
471
388
1762
226
1822
1666
3222
2162
1978
2305
3333
768
3311
1532
599
640
2835
922
2678
4012
3106
215
2892
3274
1046
505
1217
1851
1188
3230
3799
823
1860
3834
1490
3574
3846
3418
398
1797
3048
798
3088
1900
831
1165
356
3995
1693
714
2419
652
613
479
3533
1602
3420
3211
2230
2690
3843
2709
2183
3917
3307
269
3446
939
692
3961
731
2876
163
166
2479
3642
3527
2725
1056
639
817
2981
634
1099
1982
366
444
2596
870
935
2834
3710
3871
2889
2942
816
3148
151
2146
1299
3006
225
2656
3630
808
2714
3556
1892
2137
971
3587
931
3759
3293
61
2335
685
1489
2536
192
1133
266
88
699
3282
1058
3984
883
1326
1203
2449
421
933
2565
739
2658
2599
164
2522
152
3402
216
2330
707
716
630
2402
1594
3159
1119
1383
1262
1727
2441
2959
843
1701
3385
1394
936
1838
3619
2957
234
3343
3441
394
253
521
2644
1544
545
3712
3487
3257
2566
3679
2961
3654
92
204
687
2434
1981
3819
3431
3795
440
1710
3061
1013
2828
3987
875
77
115
2955
905
995
180
2034
2666
3213
594
3354
3564
1426
1167
2696
3250
3108
1755
736
3273
754
2269
3395
2265
2256
909
1120
3695
3155
3083
3336
3092
2888
2976
1896
519
1503
1297
3472
994
1464
642
3375
2337
2012
3191
1698
611
2861
3486
2177
246
1145
2158
755
3945
2537
3265
3195
3433
3137
324
3050
3419
3766
569
3780
1771
1745
3970
3449
1883
1586
2947
169
1624
4009
1295
3895
2860
1327
1062
1798
1232
1601
1493
866
664
3615
1910
869
1930
3364
2873
3417
1854
3594
3914
3975
2287
343
3244
3380
1492
382
2281
3393
2238
2799
242
1913
705
304
1513
3751
3789
3086
2051
1160
1143
757
887
90
2393
1560
1974
575
1815
1849
529
193
540
1227
3925
979
970
58
3770
3687
886
345
1168
1649
2006
2677
3091
3550
3480
888
424
3514
802
1005
1518
3297
2832
3676
2514
3130
1353
3885
1944
405
681
600
3944
240
3456
337
2728
3225
3842
690
125
2387
96
360
557
3263
140
834
795
829
1965
3588
1209
2152
2385
3745
3292
976
2798
962
65
1460
1834
384
3044
836
835
139
543
3134
303
2025
3170
1127
381
3352
3111
1411
1231
902
1884
1404
2736
1548
1517
1425
738
1922
341
1478
2941
974
74
2094
3724
47
3444
1461
7
1077
1065
2971
1179
472
2445
3214
463
170
2726
2175
3200
1561
2437
1909
177
298
4008
33
2895
3027
3268
590
2270
1949
2752
2023
930
3388
548
636
3266
3990
3474
2831
4038
1820
3362
52
3245
3650
48
1061
1840
232
3231
2070
2231
449
1779
2770
174
321
554
3580
3568
1234
1386
809
1726
2008
1363
323
3557
661
3143
1240
3413
2821
794
455
2163
3099
670
2208
3835
2246
3628
2948
2089
2790
2853
1436
3258
1814
3690
205
3620
3643
2312
3892
3743
287
2700
1670
6
1279
3305
601
3883
3952
910
1392
659
1194
1412
501
1679
1348
64
3936
3773
1218
1788
892
3694
3622
3878
3763
2130
2921
3546
3662
2836
848
649
3262
1803
3638
3893
862
812
825
1725
2055
508
377
3010
342
2277
3678
3359
191
3796
1728
1379
1254
3461
841
2249
434
1848
660
3590
2963
