1912
1888
1684
3437
2944
483
3113
2698
40
1148
686
2657
1703
497
3838
3280
659
1837
2742
580
1550
579
304
1565
1876
3830
2024
2277
3019
1066
3365
792
1014
1303
2011
1070
3850
3930
3521
731
609
431
3995
2915
3793
2558
345
1924
567
2644
2534
2738
2955
471
3684
3670
1699
399
1503
1596
2721
370
1446
1504
2614
698
2022
3623
2091
3274
1702
1328
1443
2752
1829
109
260
324
3514
3597
592
3205
1838
554
2841
1561
2513
318
375
2388
1005
3252
144
228
3938
3565
900
2759
965
2932
462
2682
2361
3334
1318
3210
3094
3719
2452
478
3609
527
3477
856
1031
1866
3152
2928
2317
3326
3506
1919
728
353
763
3525
2982
251
795
1886
3515
3405
2360
170
3946
293
211
3509
3807
3764
3826
23
3471
1486
2761
3234
1144
3556
2924
830
546
3894
1320
2957
809
765
834
3626
719
3463
3324
569
3484
105
3725
3636
3440
529
2599
3907
2262
2466
2437
1709
4032
2935
139
3298
2936
3989
1873
2541
615
1441
862
1099
2320
935
3981
518
1306
587
3737
174
3343
3159
2852
3356
81
2687
2950
617
490
437
2659
1638
2494
91
4024
3067
3236
1308
2812
1299
1141
1673
3619
1476
1371
3223
176
291
1648
1088
70
761
9
252
3427
1658
3314
3453
945
829
3200
141
2531
101
3030
336
94
3127
157
660
3878
1493
3682
985
691
3829
3530
3799
2845
22
206
165
768
3849
2438
3191
236
2858
1134
1777
1567
307
1860
1560
3141
110
1874
2067
3337
3219
533
2709
2522
2892
3171
694
209
2802
3746
3051
1333
1452
1468
519
2712
3874
423
3845
3189
3209
747
1790
3929
229
977
644
2883
3355
645
509
1448
1007
2998
3306
3599
3569
2922
250
808
3546
24
774
3084
1368
19
2204
3266
320
2959
3157
647
2776
584
716
3754
3714
1960
2251
2966
3058
1672
3541
2457
4014
2260
2089
3361
2397
3087
3303
3635
3797
2270
682
77
3779
3410
162
2577
2162
1937
1223
818
456
4005
2226
3957
1113
1165
734
1327
380
3697
3602
1745
929
588
3143
3640
146
1704
1253
1910
1202
2866
1058
3367
299
3313
868
1532
2106
1607
1091
4020
3936
2018
3775
3688
3644
3158
1630
3443
1496
912
704
3649
1949
623
415
1379
2245
1129
1475
31
501
1056
1213
3222
2825
1788
565
3512
1372
3018
3582
2487
287
1797
2185
3944
488
3009
3279
3918
2949
2285
3139
1467
2942
74
3872
3090
3050
2335
289
2252
877
1676
2389
3479
2515
2349
2076
195
3180
4007
3111
90
2548
3973
3680
3818
2013
2342
2909
1289
3121
2669
1538
780
85
1690
3487
2751
1653
3465
3985
909
2296
469
723
4030
2641
3403
419
3994
3354
3732
3310
3629
3393
3941
3771
3789
2062
759
3840
3678
2882
1275
1552
3368
2980
1904
3965
858
1259
3492
240
355
3984
1500
3173
173
3176
508
1276
2447
2443
3271
1611
1805
73
1018
2997
3216
215
1807
241
3933
3639
1384
3091
4002
1499
539
2971
220
3140
233
3128
3770
2789
3801
3323
480
3796
1461
3940
650
3061
2798
1847
3730
2441
1245
1421
3690
237
2707
3202
857
1151
911
3757
1417
155
3825
3858
3539
1394
751
2829
799
1176
1119
127
1383
2377
2472
1999
386
3439
2168
2771
2364
1010
3977
631
3562
3567
1806
106
521
3187
1692
2503
786
230
245
2975
3304
319
3561
1982
1038
3987
2964
3935
3972
3899
56
4021
118
3927
316
267
3762
3044
1307
43
180
103
2288
223
39
29
3238
3665
893
55
275
2934
384
3394
1317
273
1856
897
1693
1008
44
625
2836
598
3199
1678
1002
2779
61
992
3155
46
1061
3663
3459
1996
3418
100
3865
1115
491
3859
1755
253
346
2903
3813
3871
3190
560
1830
2375
3904
2768
382
1606
64
356
133
2312
1388
413
2528
2868
2952
1405
145
3767
3049
2846
2668
45
3631
2415
1013
1105
2733
37
3898
1022
3441
3689
1477
2330
1162
3350
3218
3991
4001
3513
481
3579
2859
3409
1776
3606
1242
407
1568
183
4022
577
600
675
3975
502
2820
2918
2567
2594
813
3461
2765
3476
3955
3671
1019
3420
2525
845
2479
2406
51
1564
181
976
2666
3979
3126
7
460
890
1051
1089
972
3029
1731
2741
3607
3553
3847
2025
3175
2435
1457
1337
931
3642
3438
516
1769
785
1001
2612
2221
2628
2181
2412
3449
3734
394
1739
3064
2749
3572
284
3446
3833
3794
3740
3815
3921
3728
2051
1591
2239
3416
630
1189
1831
3462
3795
730
713
772
1040
614
3964
1194
669
3415
833
450
3241
3970
3379
689
4026
3002
3329
3015
3708
3910
2019
2449
264
1698
2316
80
272
3188
3320
3598
636
712
3745
3881
2708
3555
771
3447
1137
1892
3983
3534
3055
2837
301
332
329
280
2703
134
26
323
60
129
3282
10
3023
1036
98
1895
4009
846
2842
1719
2481
117
1237
1300
1853
1801
1529
1225
1112
1914
898
1345
1875
1751
2620
2171
458
3917
3772
3360
558
2734
3165
735
746
3704
3099
3834
381
1537
875
1697
1992
3677
3817
2888
1479
1414
2989
3330
1252
2937
3583
944
1569
1749
2990
1485
3615
2565
3819
2967
1195
3906
805
793
718
756
820
1617
784
815
3709
1249
3130
3407
2593
779
777
2163
3054
2596
3475
908
2806
2706
3901
3612
2831
82
2978
13
265
50
185
190
334
315
3792
2034
1954
1726
2263
613
3554
281
159
108
2879
3550
781
764
1122
634
775
3118
3823
604
637
561
2907
430
3783
3922
701
3069
3723
2097
2008
1972
3507
3511
393
2217
2618
2587
2750
3073
2673
1631
3017
2762
143
2395
1389
1011
1025
1803
1178
3781
160
3750
349
179
3891
2796
3312
641
2499
3048
3295
2371
2238
2497
3406
3952
3897
568
2816
1737
282
721
3605
1901
2818
629
552
3828
3604
3480
1319
3497
653
219
343
310
1329
1975
227
368
511
3939
2656
2840
535
2804
991
2977
486
505
1087
1713
2857
285
137
2693
2530
2740
1818
3749
913
3962
2041
1410
3557
961
2745
92
2690
2651
3110
1442
2748
99
3811
594
198
2130
583
2455
1028
2173
3768
1272
2016
891
2930
2075
987
2645
3122
17
2365
2595
798
876
729
2431
2440
2697
3821
1343
1915
2700
3571
962
432
684
679
668
656
632
595
2517
1445
2983
495
907
975
957
1894
1392
1100
3784
1404
1067
1654
1595
1771
2838
1120
1241
1204
1057
1340
1062
2141
1354
3687
3909
572
2255
3520
3968
3307
3790
3736
3884
2514
3788
3162
541
507
841
578
395
438
482
515
3255
3372
3229
2461
3942
446
2566
3392
2198
871
3161
2044
3166
1586
3421
2756
1930
3969
2147
2281
1408
2401
178
268
3319
1400
2294
3718
3028
2258
3483
2521
2311
3245
3827
441
2099
959
892
2810
2800
1181
3195
2509
2362
3053
3289
3040
1562
2127
3786
665
2705
1220
1708
3163
839
2336
3376
3993
161
3151
1240
642
3092
2340
3887
3630
216
3549
1103
693
2766
1419
773
823
2516
2205
464
980
3876
1027
3950
3498
2701
3802
3912
1074
3715
2005
1205
3773
1039
3389
154
3388
28
2295
4006
2269
884
3031
2301
563
1228
2459
2202
1952
3057
702
3006
2476
2392
3820
920
2717
633
255
1812
1265
3712
1346
3100
1495
333
2370
83
989
1821
3664
3124
1287
968
58
2079
3228
1351
1855
2092
607
406
1859
3543
822
3474
358
2382
114
867
988
1841
1009
3174
835
3699
739
562
1474
3167
1817
3294
1872
3868
3133
377
1215
1783
112
3585
1922
1450
1219
1075
2940
2219
1865
47
1166
3342
3380
2569
2780
2795
3254
2326
1362
2728
2671
3077
674
3037
4018
885
1846
2027
1326
447
1434
290
1090
3576
3533
3864
3824
218
3883
776
3661
3908
3627
1397
915
1649
1481
1124
1675
2222
886
860
602
1161
1052
3072
3290
3798
3667
3916
1963
2790
2527
1696
2379
599
956
1601
2808
3856
2714
3780
874
3093
2
262
326
149
1987
2332
1047
276
14
3503
543
3013
277
3646
207
27
2843
2421
1003
1016
1555
3707
1510
887
213
84
75
3399
639
3669
816
3146
1969
605
589
586
30
3717
11
1700
3998
1907
2120
2899
984
1889
1121
1186
2650
2036
1466
2167
2037
3676
2884
3809
1402
3359
434
3589
3763
4004
306
474
974
2622
2524
2396
3134
418
2310
955
3577
2547
2416
3844
2470
610
973
622
2358
3837
3759
2426
3321
2875
1081
1781
2976
1849
677
2483
3253
485
4028
3535
4013
2797
3089
16
1458
3374
2306
150
3990
3893
1336
3276
638
3726
3516
749
757
3070
1674
2878
3558
3548
2350
3260
1733
2305
2861
958
1802
1677
120
1133
2672
643
3494
2965
1974
2799
2429
2987
1594
852
3349
2298
3281
859
590
3383
3250
1666
15
2675
3041
1193
1050
3249
298
2695
914
1239
1520
550
1263
338
327
217
838
2881
1440
3777
2490
121
3102
1262
2473
851
1575
3961
3109
3695
4036
864
3806
3785
164
3672
3949
3603
3953
3181
1395
3472
3614
455
466
504
1722
1145
910
1386
536
1920
811
498
364
410
426
1490
861
3246
1763
1266
1652
545
3230
189
3632
707
3765
3292
1956
3588
3934
321
4029
832
1455
2343
2095
425
1579
126
1681
2436
468
2633
97
1978
1991
3194
2811
2050
1321
624
1375
1851
840
3336
4027
3153
611
738
794
3575
2224
2727
831
3478
855
714
744
3370
53
806
825
1030
2691
4012
440
1571
581
1832
467
1526
256
1519
2314
2885
3345
3082
3332
983
2398
1043
2540
3593
3352
1548
878
2101
3488
971
1324
789
2006
2413
523
1084
2344
1918
1353
2420
2272
2048
2289
1926
3213
1767
2094
2149
2247
3137
374
421
1339
1192
1227
1413
1309
1828
1857
1364
2009
1177
670
667
3020
2856
2803
1780
1632
167
186
3243
2956
1034
2175
116
3016
3397
2787
2793
3097
1933
2439
566
451
520
439
513
646
726
3537
3065
2519
1542
1826
937
3600
3464
3247
3115
2991
3411
2665
3851
3841
3839
2585
2658
1764
1221
1686
1543
1592
313
732
3810
3499
3662
3531
2863
25
2231
2512
2730
3880
1492
3500
2529
2338
3855
2862
3364
3692
2114
2160
2474
2322
1836
477
389
2636
1995
2157
2913
2925
1743
1844
2366
3831
2367
2617
2068
582
1808
1657
3211
2702
369
397
422
359
547
2684
2823
3272
3594
2501
303
3357
3150
2848
3803
3532
3931
1501
1765
3212
3215
2715
2723
997
1470
188
274
532
348
443
403
3422
3299
3353
2921
417
300
266
3738
391
1284
3526
3469
3862
3012
1819
2809
2807
2962
2696
104
3489
3085
62
261
342
2214
2228
271
1511
1274
3988
4000
221
3675
3634
3062
2757
2664
2676
3369
3136
1588
1355
1304
2583
2284
2639
2346
2264
2304
1157
770
740
3154
3285
842
3913
3926
3559
3836
3701
3937
3758
3578
1553
1085
2685
3902
3882
3203
3132
2674
1138
3508
3791
3063
1720
954
1381
1459
1691
1862
506
163
1444
548
222
2933
1167
705
703
2274
3645
3713
3263
2493
2155
1923
1964
1877
1180
1598
3925
1621
3293
2927
2850
2867
3098
3108
2864
2777
2313
2456
2070
2835
3363
2815
3305
3366
2724
3086
1064
1478
2871
3259
2662
2951
2764
3340
1469
1426
1322
1587
360
3581
1357
1042
1624
1109
1507
964
2743
3435
3135
2993
2910
2786
2821
3413
4038
1804
1789
1605
1207
1083
3387
1071
1480
1858
1385
1671
3832
3731
573
618
678
3945
3611
3495
3491
3448
3456
424
1909
1283
1816
1540
1539
1602
1422
1349
1095
1080
2325
538
2236
2023
3454
231
3573
3586
3948
3385
2152
2107
2129
1541
2912
2680
2911
2839
2405
3620
1254
2663
696
3963
3591
3608
3710
3835
3769
1429
1277
1273
1106
3079
2992
3106
3206
603
553
510
1482
1815
939
3877
363
651
1512
1374
1645
797
688
824
3395
444
388
503
3473
3538
3739
1787
1798
1378
901
1097
3381
3373
2939
3201
3170
3846
706
848
695
2713
3214
2688
3178
433
2784
2576
2832
3275
3221
194
88
1
314
3112
2833
3060
2844
3225
2894
2958
3261
3377
3039
3076
2720
3302
3145
2753
3287
3638
3551
3843
3956
1634
3580
1363
3468
3147
3231
187
242
128
2767
1152
1258
65
148
158
169
168
142
212
21
200
66
119
122
113
3371
903
1314
1770
1536
1670
1642
1464
1294
1427
1625
1660
1313
1725
1131
1169
1037
2801
2865
201
193
2012
1661
1716
1082
1578
1406
1515
1935
1958
2004
1927
136
2640
2061
2661
3258
3038
2938
3860
3702
1525
1756
4023
4003
3980
2486
2444
1108
1582
969
3625
612
570
414
357
658
4011
3117
3027
3328
3396
1226
1093
1418
1748
2391
3641
3590
3867
3501
3666
3873
3886
493
537
3193
3004
3000
2880
2877
3026
3705
819
727
787
762
827
853
755
754
708
810
724
697
843
817
1514
1012
367
766
828
709
760
2681
2679
3384
3184
3693
3971
3485
3528
3596
3096
2854
3362
124
3711
3584
3610
3564
238
67
203
308
2156
3398
1774
1637
1736
1833
3008
3309
800
745
783
1878
1778
1179
1882
948
1694
404
494
1950
2626
1951
2647
2337
2538
3706
3951
2286
2570
2981
3257
2896
3239
2770
3192
2904
2785
3378
1325
1136
1641
863
804
782
737
930
606
475
542
534
2182
1332
2166
2035
3177
2900
2772
2775
409
3430
3426
919
3721
3800
3633
3452
3966
3527
3457
283
3101
3007
3207
352
408
398
512
1505
3424
2954
457
489
454
619
3542
341
325
1356
1361
1656
3327
3116
3344
3288
3256
2849
2869
2105
2126
3568
3782
3947
1976
2116
1931
1973
1968
1998
879
870
753
889
2100
2113
1188
1139
1260
574
1616
1358
1114
1210
524
591
654
514
484
402
378
473
1884
1462
1423
1438
1728
1347
981
1715
1871
1647
1680
1573
1257
1235
1682
1899
1338
1706
564
1667
3842
3618
3659
3547
463
3220
3114
3010
2729
2920
3300
3119
3022
2897
2872
2986
2906
2919
2827
2694
2974
2887
2916
2082
544
492
683
1988
0
2632
2227
3866
3822
3924
3870
3486
2773
2931
3400
2754
2683
2945
2763
3104
3042
2994
2890
3078
2782
3052
3149
3982
465
373
396
531
487
412
500
559
