0
1386
2842
638
607
12
2457
3935
4010
358
674
215
883
613
1145
3453
292
1466
3748
1119
11
15
918
892
624
4015
2569
1096
3984
3798
4024
1560
3709
801
3031
74
3853
1834
210
3856
608
585
4022
4008
3974
3183
4035
3729
3451
3071
2596
692
37
3230
891
602
3570
2079
911
3650
1581
335
18
3820
2195
668
550
209
114
1206
447
2470
875
287
43
2269
3268
3987
4012
33
3407
4001
282
581
244
4029
3746
699
401
256
233
42
642
279
3846
267
3807
90
4032
4006
3134
241
3408
1326
1224
841
744
286
154
145
3885
3589
2541
750
468
3983
255
2382
1262
1176
749
70
35
3922
3688
1967
1558
860
305
234
3125
1430
1270
859
3875
2704
377
216
183
4028
3879
3808
2788
1854
1394
1065
648
379
316
205
160
153
52
4036
3959
3854
3282
1395
443
138
4034
3942
3006
2740
1233
47
3704
1755
1690
1276
2814
775
3732
2857
904
76
3816
3801
3582
1362
3744
3733
2792
1034
785
386
383
336
294
228
71
3992
3928
3689
3597
3037
2952
2714
2483
2481
1693
1586
899
667
448
301
179
164
157
61
3990
3717
3699
3575
3467
2998
2975
2963
2922
2808
2798
2691
2380
2178
2168
1546
865
854
743
717
660
571
411
356
321
253
247
240
201
182
155
4038
4037
4033
4031
4030
4027
4026
4025
4023
4021
4020
4019
4018
4017
4016
4014
4013
4011
4009
4007
4005
4004
4003
4002
4000
3999
3998
3997
3996
3995
3994
3993
3991
3989
3988
3986
3985
3982
3981
3980
3979
3978
3977
3976
3975
3973
3972
3971
3970
3969
3968
3967
3966
3965
3964
3963
3962
3961
3960
3958
3957
3956
3955
3954
3953
3952
3951
3950
3949
3948
3947
3946
3945
3944
3943
3941
3940
3939
3938
3937
3936
3934
3933
3932
3931
3930
3929
3927
3926
3925
3924
3923
3921
3920
3919
3918
3917
3916
3915
3914
3913
3912
3911
3910
3909
3908
3907
3906
3905
3904
3903
3902
3901
3900
3899
3898
3897
3896
3895
3894
3893
3892
3891
3890
3889
3888
3887
3886
3884
3883
3882
3881
3880
3878
3877
3876
3874
3873
3872
3871
3870
3869
3868
3867
3866
3865
3864
3863
3862
3861
3860
3859
3858
3857
3855
3852
3851
3850
3849
3848
3847
3845
3844
3843
3842
3841
3840
3839
3838
3837
3836
3835
3834
3833
3832
3831
3830
3829
3828
3827
3826
3825
3824
3823
3822
3821
3819
3818
3817
3815
3814
3813
3812
3811
3810
3809
3806
3805
3804
3803
3802
3800
3799
3797
3796
3795
3794
3793
3792
3791
3790
3789
3788
3787
3786
3785
3784
3783
3782
3781
3780
3779
3778
3777
3776
3775
3774
3773
3772
3771
3770
3769
3768
3767
3766
3765
3764
3763
3762
3761
3760
3759
3758
3757
3756
3755
3754
3753
3752
3751
3750
3749
3747
3745
3743
3742
3741
3740
3739
3738
3737
3736
3735
3734
3731
3730
3728
3727
3726
3725
3724
3723
3722
3721
3720
3719
3718
3716
3715
3714
3713
3712
3711
3710
3708
3707
3706
3705
3703
3702
3701
3700
3698
3697
3696
3695
3694
3693
3692
3691
3690
3687
3686
3685
3684
3683
3682
3681
3680
3679
3678
3677
3676
3675
3674
3673
3672
3671
3670
3669
3668
3667
3666
3665
3664
3663
3662
3661
3660
3659
3658
3657
3656
3655
3654
3653
3652
3651
3649
3648
3647
3646
3645
3644
3643
3642
3641
3640
3639
3638
3637
3636
3635
3634
3633
3632
3631
3630
3629
