107
3090
3437
2537
686
0
718
3593
1837
573
142
3926
3696
1085
3579
695
647
3739
2784
3764
2562
1708
4031
320
3638
1552
1441
2439
46
3705
768
3713
3980
3020
2570
582
759
116
3649
2658
847
1466
1890
3095
1424
1360
1005
3852
2321
795
3546
3813
3373
3446
251
3455
621
219
2785
822
590
3727
770
1922
3602
357
268
2703
93
2596
311
3334
30
1268
3278
3894
1234
2851
447
425
2628
2760
761
2487
1568
3601
2227
1193
1464
1965
201
2228
1629
574
799
3080
3443
3582
3338
2932
2865
3743
3192
880
2041
2622
910
1654
720
3083
4026
3071
1534
3218
3155
505
3037
225
4036
810
184
3989
1910
816
215
171
262
1588
1777
3407
886
585
3814
2870
717
3792
1411
2621
605
1808
3775
3094
1154
1308
3986
3629
804
3180
51
1171
1562
3631
291
868
173
2848
1035
825
2493
1225
2405
176
401
893
1693
3774
3748
141
2789
4012
2951
1896
2861
1874
249
3210
3922
943
3666
3921
205
150
237
2693
3308
3061
2979
2627
2990
3167
3050
845
2156
2263
1803
2023
2412
174
572
3718
2066
2879
2814
1461
2255
551
3523
3972
3251
3829
3327
302
3254
789
1232
3003
611
1412
3427
355
6
3662
784
3966
3475
4035
3590
3514
3526
1368
1045
1118
49
2931
37
111
2346
162
230
849
3639
3985
2316
1889
3853
3964
600
1834
3580
3322
2709
4008
333
339
3519
1000
861
2826
1510
3953
1627
1362
764
3023
3533
3551
1220
3496
2689
1908
1858
2204
3941
1105
71
3991
3110
157
3598
3955
1700
2314
1033
3248
863
2523
3865
3878
3468
3564
2685
3499
2923
937
3652
2019
2791
124
3903
2535
1442
1381
2844
1607
3151
3273
120
3892
151
1982
2364
583
681
4030
2889
358
620
2808
996
626
3536
2821
989
421
940
866
888
1405
1072
2565
728
1030
253
34
3200
3626
890
2483
3660
2270
52
2952
3837
857
870
702
1317
3641
4009
3389
1443
260
1764
2809
3045
682
189
2158
1260
191
3227
945
1697
3547
453
256
312
90
2541
42
4034
1745
3861
587
2869
2514
2527
3271
115
540
3208
3916
59
3216
2008
413
2688
3779
350
3917
1133
3495
406
341
3618
1258
3848
743
2599
3390
3556
3942
3134
3832
961
3812
4024
187
2947
3487
41
490
964
2752
3787
127
466
3694
2900
3642
154
3081
1731
335
79
1161
1474
1970
733
750
340
3544
296
1136
1055
955
54
464
1140
156
3717
1417
290
499
165
2687
314
929
261
445
114
362
2569
2967
101
1673
3998
3993
443
1906
3934
3177
3205
149
28
220
33
382
233
631
895
3870
1709
1418
494
1755
3988
2022
3538
3212
2094
2305
3199
1756
3182
3881
3472
2421
856
878
894
1725
2013
1419
2803
3747
3995
846
723
2731
1599
2977
909
1254
547
2065
1923
771
155
3359
3233
3253
1497
1913
2736
2898
3714
3711
3822
3976
2146
1915
1705
2256
734
755
2001
2657
3069
2999
1398
3608
3862
194
196
1773
2294
2824
3159
3019
2829
3059
431
3957
3476
2633
2400
1240
3148
1246
649
336
1934
323
134
66
73
248
471
313
318
2577
3054
2367
1696
200
1151
1507
2902
876
2792
3778
3520
3815
3856
3492
2092
1299
1500
3607
1759
653
597
575
3888
3923
1734
3947
1095
3784
3506
3984
3768
3292
2820
987
3515
3566
3549
729
1144
900
135
2449
1139
284
773
731
3999
380
424
481
1142
2447
2802
3055
763
1217
2029
1776
2490
2320
2896
1372
487
3422
3565
1843
3266
3156
874
3067
2843
3223
3402
2768
2831
1637
3255
998
1031
1057
2722
441
3630
3231
558
2015
2441
2403
2217
2313
3444
1088
3825
3720
1371
992
1050
1733
1137
1956
721
848
1233
1087
4010
3006
2105
2455
3935
2825
2219
3264
337
2699
3423
3314
3008
2796
2036
3039
3021
3015
3746
4020
1748
3761
3529
3018
3430
2402
1152
2035
777
2517
740
837
411
3949
3154
1677
806
3001
942
147
663
422
3688
692
3685
892
3936
3553
2845
3840
3624
3700
1657
751
3286
3858
2651
3785
1894
3484
1840
530
1283
2647
3130
3971
491
550
3575
3450
2318
3943
884
1944
1494
1579
1866
922
3370
3142
3372
1452
1798
1335
2888
831
1679
780
164
3172
1974
1914
394
3479
607
140
214
869
3751
1279
2459
753
899
700
739
687
774
954
2975
1350
627
632
3257
1512
2168
2868
2248
552
2720
1830
1713
3012
458
2799
3653
1262
3346
3202
1241
3193
3722
3189
3887
1183
3157
2258
2197
3703
1564
1266
956
3808
593
1058
3439
3745
3932
3513
2160
3647
24
1337
232
3065
4005
4025
4001
1806
712
2411
1960
1019
1393
3040
3931
2922
1459
3510
2801
1814
3620
3436
1692
1407
1760
508
2700
488
3509
533
918
3469
3383
3072
977
3897
3409
2856
2100
2457
2310
981
3819
3725
3871
1383
3912
2942
3657
379
548
294
2958
2946
640
670
2998
662
2296
1792
757
468
2810
3689
584
58
3303
1903
722
543
3616
765
498
859
1486
762
1521
2162
815
2962
2794
1594
3121
478
2850
1408
3965
1701
2238
3658
3911
991
289
3970
1394
1542
3693
3683
3877
2349
1575
1553
529
2761
2431
3592
2704
608
1251
3920
3587
3967
3500
3655
3783
3809
3075
3780
1977
852
2067
3816
2641
1361
2837
462
3540
610
3507
3518
914
3333
841
887
2362
3827
3868
2207
3342
3978
1767
1513
867
2288
3563
145
1523
2980
1294
3502
3028
1375
3550
873
3398
3950
3736
3417
1404
973
70
2568
646
1081
3650
3574
3516
3228
1924
461
3512
725
1794
3336
2740
2938
3659
3522
3844
4017
3885
1007
3452
1119
1414
3357
1102
352
128
485
444
3477
274
1096
3031
3621
342
3678
10
2812
259
2508
3729
501
1354
1401
2727
1150
96
170
790
403
316
2143
3992
3839
2481
2198
614
2976
2442
1967
1670
298
1327
2195
245
972
2713
2079
75
4028
1224
122
1239
2846
1980
2691
3270
2819
208
60
423
683
39
1451
309
1558
437
3789
77
105
3093
61
383
3704
907
1992
3183
667
598
619
1790
2025
3843
3834
1084
644
2739
2838
578
3820
1253
2690
3190
2734
1747
3215
2934
1710
1374
591
377
2637
3712
3046
3074
3589
457
920
1676
2425
3927
4018
2899
3896
858
3646
2545
163
4023
3771
2391
2519
1164
2860
2750
1950
3174
288
4032
3614
364
2440
405
2961
3612
879
1077
693
1855
1125
1869
3041
704
2277
2479
1780
3613
994
2437
1581
2470
1020
1478
3063
615
2926
2842
435
1996
2583
2450
3795
843
3530
2177
81
1013
2840
2262
860
3811
3686
851
2788
707
345
204
321
27
87
985
679
1034
106
3179
3194
275
351
2666
299
3960
279
216
178
74
3570
121
2269
327
218
179
8
221
2208
642
3224
84
3723
209
183
91
2515
317
108
167
3581
3974
3673
1044
3225
1674
2017
267
4
629
3753
1852
3319
14
3143
3754
3622
78
100
1009
1016
3494
3919
1498
1197
329
177
3908
1392
1103
301
434
1276
85
2012
3459
2
3394
2759
110
1952
1653
1168
190
3796
2855
349
347
3854
3541
1157
210
126
788
976
2230
117
305
63
3637
2259
3226
3552
3669
872
1400
3478
897
3929
3619
1432
1477
577
2668
482
360
544
442
439
1887
782
1445
2676
1321
3699
1436
528
407
659
696
792
823
811
2984
3377
967
1369
1626
970
1410
2480
1165
3438
3842
1316
3828
3596
3644
618
523
319
1824
1812
3016
779
2082
3137
2770
2612
1333
1641
1978
521
567
438
604
3371
1080
369
830
694
697
836
3244
3782
1397
3610
664
3769
1504
3418
3116
3088
3975
3708
3867
2016
1995
2284
1968
814
827
760
3855
2389
2530
2242
531
489
470
450
826
3048
3420
1259
1213
2034
3347
3378
2245
1921
375
398
1415
1366
913
1658
3124
1338
1815
484
1422
606
524
80
48
57
415
520
265
295
1788
1698
1567
102
324
203
315
7
2221
3577
3656
139
281
226
343
44
2775
3682
3702
3817
3831
56
3625
3750
3525
3674
384
3448
3024
3302
3086
570
463
2114
250
2443
2781
2853
3415
3733
137
144
17
3473
3628
3548
3661
217
677
603
639
1064
3994
923
3918
3675
3759
3951
3979
3872
3122
783
820
817
787
1311
1630
1275
1121
949
944
1310
1011
1052
3191
2724
3331
2871
3369
1904
404
536
1875
2766
636
2767
650
599
1928
1927
2235
3874
2995
3312
3493
3458
2499
2742
3411
2725
3285
3534
3823
3821
3735
3740
2120
3043
1307
2286
3482
3508
3698
2634
698
152
3178
635
658
3668
3956
3791
727
797
766
708
326
2620
3850
3773
3802
3542
3485
3845
3930
3891
3488
711
3905
3606
432
353
412
596
589
1216
818
732
2675
2711
3380
2665
3259
242
330
2893
2858
3474
3634
3466
3695
3883
2670
3869
3706
3463
112
2181
2587
1433
1511
2360
688
2795
3296
2883
3385
1999
2000
2202
1958
1951
2097
2714
2813
2818
1642
2949
25
180
158
3002
3077
3100
3412
38
40
133
224
3836
3465
3910
864
2173
1236
1051
1664
1876
1090
1355
1131
1304
965
1781
3049
285
246
308
103
334
130
322
172
26
67
331
98
338
55
50
271
123
252
239
303
119
82
113
109
325
118
188
231
129
3786
1403
1499
1177
979
304
31
3181
882
3692
3841
3876
3715
3470
3835
3636
3521
3907
4033
3982
1010
1785
1295
3381
2849
2863
3895
3847
1114
912
592
3826
3794
3969
3900
3937
3558
3680
3584
3648
3924
798
855
3321
3246
3241
3091
3863
1593
1203
908
1387
904
931
4027
4038
92
159
690
781
227
389
516
509
554
3066
3053
3245
1450
4019
2886
2076
2486
3857
3445
3405
3263
3337
2955
3425
3408
3187
2744
3032
2787
3404
2918
2816
3256
3393
3401
3214
2921
3915
3464
2807
835
1802
1363
2614
2080
2342
1930
2397
2152
2335
2528
2361
2249
1975
1526
1025
1838
2558
3866
3893
3524
3535
3645
963
1784
938
1378
1787
901
1548
1895
1601
1319
2167
2301
772
3057
3164
1505
1937
2129
2091
2341
427
477
2710
1453
1656
3340
2764
1758
1343
1202
344
3283
2982
