0
4012
883
855
90
1096
4032
613
624
74
3885
2457
4001
3983
3987
892
785
757
1057
1194
1855
3974
241
448
256
1442
1834
1967
3856
3031
3709
3849
4022
3044
3588
3071
15
3548
154
3230
321
216
1386
1262
3910
3853
1208
191
205
3125
1581
1253
292
4015
1560
2792
18
2569
3954
3781
288
81
2269
3631
270
3408
3922
1224
1755
210
638
2788
27
286
233
1046
1586
4033
3992
4016
4000
4005
4026
3997
4009
4030
3995
3985
4037
4036
4029
4025
4017
4013
4008
4003
3994
3993
3991
3988
3986
3984
4021
4019
4018
4014
3999
3982
3981
4028
4023
4020
4004
3989
3980
3998
3996
4038
4027
4011
4002
4031
870
895
894
885
877
893
891
890
881
879
875
873
871
866
859
704
740
864
851
735
852
836
796
715
861
811
808
733
887
874
867
869
709
799
786
826
813
843
788
889
888
886
882
878
876
863
698
741
846
812
848
827
762
702
789
842
768
794
833
844
830
845
798
795
822
820
784
731
853
771
770
751
724
693
850
838
817
748
703
823
766
880
856
840
828
797
769
765
758
753
752
705
697
687
809
781
764
739
719
847
810
854
849
841
839
835
834
831
829
825
824
821
819
818
816
815
814
807
806
805
804
802
801
800
793
791
790
783
782
779
778
777
776
774
773
772
767
763
761
760
759
756
755
754
750
749
746
745
744
743
742
738
737
736
734
732
730
729
728
727
726
725
723
722
721
718
717
716
714
713
712
711
708
707
706
701
700
699
696
695
694
692
691
690
689
688
837
792
787
780
747
720
710
686
803
832
872
884
860
858
667
4035
4024
4007
4006
594
3990
4010
4034
3942
3806
3647
3673
3742
3716
3513
3582
3494
3585
3624
3754
3955
3899
3372
2902
868
775
3561
3597
3660
3614
3963
3447
3700
3444
3789
3932
3791
3776
3483
3946
3727
3468
3646
3612
3923
3871
3541
3865
3608
3909
3632
3718
3648
3803
3572
3965
3928
3652
3735
3649
3630
3474
3977
3848
3844
3638
3439
3772
3732
3933
3536
3785
3574
3850
3470
3913
3768
3728
3500
3893
3792
3620
3524
3458
3898
3523
3675
3519
3843
3810
3623
3622
3958
3903
3866
3786
3643
3493
3767
3463
3752
3867
3769
3753
3705
3644
3442
3905
3682
3490
3811
3679
3662
3580
3775
3895
3890
3690
3912
3874
3441
3901
3931
3927
3777
3617
3535
3499
3863
3446
3681
3450
3497
3790
3460
3832
3828
3896
3821
3738
3724
3671
3507
3951
3869
3855
3569
3506
3827
3835
3722
3636
3615
3455
3825
3542
3530
3906
3870
3833
3794
3793
3919
3594
3479
3964
3920
3766
3747
3655
3637
3565
3975
3836
3759
3917
3892
3857
3739
3508
3482
3940
3485
3680
3602
3583
3529
3510
3469
3464
3443
3757
3571
3926
3945
3763
3534
3557
3603
3573
3819
3784
3127
2774
3131
2963
865
157
2824
3092
3371
3944
3628
3918
3883
3813
3744
3635
3562
3552
3533
3516
3502
3858
3689
3609
3683
3852
3526
3604
3480
3860
3667
3654
3847
3626
3512
3521
3971
3970
3950
3737
3841
3824
3800
3760
3934
3884
3842
3697
3687
3461
3448
857
3877
3805
3797
3780
3703
3576
576
660
3880
3621
3979
3978
3976
3973
3972
3969
3968
3967
3966
3960
3959
3957
3956
3953
3952
3949
3948
3947
3943
3941
3939
3938
3937
3936
3930
3929
3925
3924
3921
3916
3915
3914
3911
3908
3907
3904
3902
3900
3897
3894
3891
3889
3888
3887
3886
3882
3881
3879
3878
3876
3875
3873
3868
3864
3862
3861
3859
3854
3846
3845
3840
3839
3838
3837
3831
3829
3826
3823
3822
3818
3817
3815
3814
3812
3809
3808
3807
3804
3802
3799
3796
3795
3788
3787
3783
3782
3779
3778
3774
3773
3771
3770
3765
3764
3762
3761
3758
3756
3755
3751
3750
3749
3748
3746
3745
3743
3740
3736
3734
3733
3731
3730
3726
3725
3720
3719
3717
3715
3714
3713
3712
3711
3710
3708
3707
3706
3704
3702
3701
3699
3698
3696
3695
3694
3693
3691
3686
3685
3678
3676
3674
3672
3670
3668
3666
3665
3664
3663
3661
3659
3658
3657
3656
3653
3651
3650
3645
3642
3641
3640
3639
3634
3629
3627
3625
3619
3618
3616
3613
3611
3610
3607
3606
3605
3601
3600
3599
3598
3596
3595
3593
3591
3590
3589
3587
3586
3584
3581
3579
3578
3575
3570
3568
3567
3566
3564
3563
3560
3559
3558
3555
3554
3553
3551
3549
3547
3546
3545
3544
3543
3539
3538
3537
3532
3531
3528
3527
3522
3520
3518
3517
3515
3514
3511
3509
3505
3504
3503
3498
3496
3492
3491
3489
3488
3487
3486
3484
3481
3478
3477
3476
3475
3473
3472
3471
3466
3465
3462
3459
3457
3456
3452
3449
3445
3438
862
530
3427
3423
3314
2879
2834
3045
3251
3143
3218
2884
3317
2953
3128
3126
3083
3202
2908
3200
2776
3095
2880
3195
2981
2967
2695
3074
3055
3163
3030
3028
2975
3231
3059
2888
2769
3303
2835
3413
3294
3105
2988
2806
2706
2664
3392
3315
3243
3234
3420
3181
2930
3104
2837
2723
2982
2800
3037
3417
3348
3085
3065
2743
2717
3433
3238
3237
3123
3029
3025
2807
2794
2731
3426
3220
3158
3073
2993
2940
2931
2887
2773
2763
2756
2681
3414
3193
3023
3091
2721
3382
3309
3008
2972
2959
2767
2703
3384
3362
3324
3228
3184
3129
3108
2994
2986
2911
2874
2867
2786
2755
3364
3284
3226
3174
3149
3090
3064
2985
2956
2917
2909
2872
2750
2749
3428
3300
3229
3137
3130
3084
2978
2899
2890
2851
2710
3363
3213
3040
2927
2915
2906
240
190
155
61
32
228
279
289
259
193
336
295
129
2358
2106
3398
3410
2831
2816
3241
2962
2913
3356
3334
2667
3349
3270
3175
3157
2889
2918
3425
3066
2933
3048
3307
3088
3242
2801
3249
3050
2702
3190
2898
3373
2812
2811
3244
3196
3235
3170
2876
2855
3032
3007
2856
3323
3306
2701
3194
2759
3312
3259
3246
3094
3298
2998
3365
3327
2690
3374
3211
3138
3352
3199
3148
3367
3058
2868
3272
2904
3299
3013
2846
2765
3351
3292
3217
2895
3329
3067
3063
2983
2935
2878
2768
3262
2894
2823
2708
2684
3151
3319
2999
3353
3191
3038
2901
2793
3369
2784
3421
3260
3120
3106
