107
2266
1684
2694
3437
3101
514
1479
2719
67
414
3324
695
1573
517
3455
686
3001
0
3089
1927
3332
2225
118
1729
1316
3586
3359
3804
3538
2715
3203
866
3969
2361
2230
1197
1781
2840
3631
404
1179
534
2129
3813
1203
444
1458
2664
3072
1273
828
1104
75
3345
2181
4037
490
346
569
2017
3482
3651
579
1841
3722
3918
1901
3012
824
875
2262
1343
1251
2337
659
1360
3030
3333
351
1727
1121
1452
819
3284
3096
3330
600
4018
117
315
732
3517
1212
3790
3567
411
437
3698
2618
3678
4023
1281
3118
1155
267
1432
1625
3974
2727
3537
3776
193
469
3020
1511
2207
3951
1070
3958
329
3896
2721
592
3506
3325
2848
3042
3119
2425
3927
850
6
3489
2621
2825
1419
4000
578
3802
3138
2346
4008
626
3443
3358
77
2789
3957
3852
3361
677
1085
1837
488
3810
3445
1852
3298
2119
955
1357
1468
2450
3328
231
2503
3748
230
467
857
2804
3549
3316
546
884
996
639
299
1268
900
3468
2975
128
172
2752
3216
270
148
147
2900
3074
3062
509
3692
702
4034
1545
668
2851
543
3341
3663
811
2603
1667
628
1743
716
3979
1087
3955
1611
2155
3889
985
1895
631
977
843
1500
1020
3268
991
2827
1241
2850
1314
314
242
252
2903
1892
1606
3834
979
3382
2831
3991
3623
3091
3486
1313
1225
3822
3680
214
570
2466
245
2258
1660
1227
1677
4
3061
976
3555
398
2120
3508
3503
3658
3640
3528
3824
249
1759
323
2465
40
280
635
3607
74
135
3378
585
889
2193
2439
2927
871
222
3459
827
1005
575
1189
3161
681
790
2790
2774
760
3653
3519
613
464
1992
3149
2295
41
3475
3331
2168
2082
446
1855
2780
2671
492
786
2988
88
233
1834
1627
240
847
829
812
3775
1756
3522
542
1002
3404
3613
1426
2714
4007
1850
2788
1602
1218
1266
969
3757
2298
2663
3977
2786
1164
2012
1911
1340
1310
1761
1758
1242
1538
1003
347
1623
1478
1706
1160
3212
3066
3180
1157
3141
3769
3413
2186
494
511
531
373
463
591
3296
2036
400
438
3909
43
2855
1552
3839
3083
3164
3447
3418
1057
1785
3843
1275
109
1814
192
2435
1045
2099
3647
3894
4021
2312
816
1574
3045
3093
1171
2952
2505
3250
3649
763
3302
3151
530
3541
3492
3173
3755
3520
3117
3454
2345
1688
621
3512
2705
3725
1065
1967
3884
1753
2350
899
3700
2222
3762
1354
112
2453
2303
3575
3431
175
3236
3388
2699
1696
3796
1555
3820
3165
630
1976
1178
3675
1745
2281
3578
1323
3907
1010
87
1348
601
116
3479
813
2304
1546
1034
1936
274
2594
1931
533
2202
2228
2152
3218
2854
2826
3963
780
2050
1252
1464
499
3464
3861
881
846
3025
2159
3326
3768
870
3211
1731
2870
3666
3682
2745
189
656
522
3808
1866
3681
1162
2226
3279
1090
3789
177
2470
1693
2232
1631
3389
208
1239
59
283
2548
2847
504
2842
765
1748
3872
1
3105
680
3192
2388
321
2799
687
48
783
728
797
660
798
4006
2185
1152
403
1481
2757
2502
1356
1187
1421
1760
3197
1575
17
266
2688
3608
1154
974
2692
610
448
89
2541
634
92
3249
3310
2403
2834
1060
4011
152
989
1486
1564
1414
611
101
2612
1650
2860
3724
169
2419
1324
1678
1856
184
3727
73
2746
753
2432
105
1188
2767
1587
3550
3009
2807
3726
2015
1972
1035
1296
970
19
289
3240
3434
2390
3559
1062
2841
3343
1058
3988
3490
2647
1958
2297
2996
1666
3245
604
352
3336
576
1639
1539
1521
3364
1138
1177
3562
1851
1405
460
2713
894
3134
2335
2424
2169
2731
3014
3052
2401
1317
3701
3055
665
583
715
787
2373
2497
2397
876
2457
2048
158
2264
2368
3694
3542
2637
3860
3828
3527
2126
3405
1526
3743
3077
1773
793
965
620
1326
2967
1081
1854
3989
1562
129
50
1802
1876
2945
1169
3845
2610
3356
1913
957
3610
1950
3659
3888
1071
2501
2149
1401
1883
3735
3307
369
350
1088
689
1254
2869
3100
2682
146
76
574
3570
3917
3614
459
3529
302
3531
3416
3621
501
384
3641
2524
165
723
338
186
122
239
3932
3248
1319
757
1882
475
679
646
3890
651
3088
3869
1232
1424
3842
654
2208
3916
3369
2955
2918
3365
3634
2645
2365
2795
3374
3624
2723
95
736
3195
3913
2683
638
2382
2928
3750
3592
2712
2330
3784
3429
2375
3446
3847
309
3546
3990
1355
3367
1904
1740
3785
52
3463
1440
1924
3937
3322
217
2690
1461
2935
1000
201
3933
3500
3967
3587
210
3976
1221
1215
1044
791
1019
3683
1347
615
1192
1041
3476
1797
1628
642
907
1068
950
1673
380
132
316
2934
335
2704
3129
2535
2641
275
2029
125
3778
1907
4009
3053
3629
4013
3998
3983
3981
1365
3997
3711
2251
2971
3505
652
3285
2433
648
2277
1174
3919
56
171
141
3655
272
1709
650
241
1581
3403
3397
2552
3169
2820
3381
1922
3065
2691
2288
1111
898
830
3121
2897
2599
1560
3073
2750
3996
225
796
305
1701
834
596
173
1881
1568
877
2964
262
2762
2316
1847
1812
3844
872
564
2953
327
3334
204
670
3457
3728
3526
3738
2016
1754
2947
1144
928
1176
1258
1897
207
1425
777
874
935
3317
3883
1652
223
3848
3759
3710
1543
1596
1808
2035
3155
3742
2158
71
1292
633
986
623
598
618
3450
2722
2899
3271
1097
3480
3576
3481
2522
3605
2286
3577
3635
1681
32
2421
455
711
4033
102
2499
1965
502
539
3565
3349
458
700
2067
1387
429
572
1803
2772
3859
2737
1046
2814
258
481
1550
2736
911
2838
1961
1795
3959
151
1264
823
1145
3801
3338
1372
2377
672
3837
975
1859
1025
581
3875
864
746
3618
2137
3846
3408
2844
3063
3190
4035
2768
1775
2529
1474
2743
818
3617
3665
3697
3293
251
3689
2815
1734
1038
1039
2274
1435
317
1836
1289
2044
2531
926
1880
159
1772
1542
1484
1110
1517
1262
1531
1393
1683
1528
1185
1079
3899
1287
997
1826
198
978
980
764
1142
1676
1265
1219
3380
1449
3962
1075
1520
1335
1460
1902
3314
2926
2595
1409
966
516
1690
1817
939
1398
495
3630
3943
2412
2254
3985
2587
2317
1518
3566
2089
1960
2557
2540
1964
1364
2957
3535
2635
913
3704
2205
503
3414
3412
462
725
3013
3993
3766
409
421
3516
1508
3127
557
1022
515
2895
3229
1969
2234
3792
3584
3961
2766
2836
2958
3217
3771
912
485
1362
1451
1418
602
2091
121
253
2238
349
1975
1240
3144
3826
3425
1792
1586
741
1103
2215
1395
1301
2239
2138
3080
693
2929
2893
1118
1325
3305
3244
1607
4020
860
2769
1253
42
3156
3871
3857
3652
3488
3504
851
1131
1433
1769
174
3650
3942
3175
691
2843
2871
2360
284
3499
1704
3449
3556
18
157
750
2081
3671
3423
2322
269
1853
33
1109
2622
4001
1626
2739
1308
882
3373
987
3242
282
2097
3931
2954
2659
3539
1719
548
2685
3120
3428
3281
2805
3038
3411
3351
3046
2884
3058
3034
2751
2740
2732
1411
4012
772
2697
2609
1207
3606
449
3067
1982
4032
3471
962
2011
3103
1702
3817
1477
2034
2657
2171
2660
2318
127
382
2868
3102
3199
3201
3194
789
3849
3337
1749
2765
951
759
2747
3420
826
1968
2486
2973
2566
3366
1276
883
221
406
313
2106
60
1389
1094
224
624
120
3914
751
3911
320
308
255
202
2798
38
3323
247
182
110
46
45
2596
183
149
124
2021
1537
27
7
168
303
2779
365
2711
3019
3233
817
801
1771
809
1161
690
794
296
717
729
730
694
767
807
770
2141
1008
785
3524
2357
1455
645
2876
1016
228
1755
1996
2279
397
372
357
474
3551
356
644
3637
64
3283
2616
2882
3467
427
58
3510
1525
3453
3410
1747
2534
3973
2055
3573
2133
3599
1007
505
2413
472
1739
2019
2336
3597
714
3409
3835
1077
37
4015
1381
294
3235
2245
3987
288
867
844
3312
841
49
2287
3126
3754
909
2406
3934
550
784
3892
2811
3044
3673
432
2156
3375
929
3494
28
2749
2916
2562
3929
166
1723
2755
3097
1141
910
3401
1506
2978
2862
1977
100
1466
3432
468
3258
3234
1209
880
554
640
2483
1490
2456
3421
57
1031
3290
4022
2547
2784
3261
945
3068
311
2442
3669
3193
4016
2686
943
2761
1069
1363
2270
3897
2178
1865
2961
2759
3384
2256
887
2816
2454
1711
1293
4028
386
8
622
612
3923
3992
3466
3601
2462
466
154
2808
2481
479
3882
12
433
3153
2892
3370
1561
1122
3807
2191
4003
3136
293
3953
663
3661
667
2678
609
1442
674
20
3975
496
134
16
3006
2409
185
1921
825
167
3657
4038
3595
3444
2875
200
2198
3125
1498
470
1023
848
2707
3200
478
3007
3147
3880
3224
3787
44
328
3277
358
2734
3247
3767
754
131
3582
682
3024
879
2033
1119
1909
3391
2214
3274
3329
2396
688
3113
703
2991
3419
2437
3484
3260
3154
2833
3622
2320
2744
2758
1548
958
3110
3327
2260
1942
415
536
1283
1124
1637
1514
1312
1485
1290
1659
1620
1156
1483
1216
1864
1614
1886
1782
3395
1279
2301
450
3687
3836
1658
1998
3773
3295
3238
3029
1567
719
842
3226
2383
2753
2937
2992
3111
30
2446
3615
3498
2333
2581
2480
1923
2163
3436
3426
3855
3561
3964
1805
1722
1818
1052
3580
3589
3231
3036
2729
782
1991
3099
1137
938
2771
276
2775
442
1989
3950
1454
1158
2530
1469
1428
2910
339
752
810
773
781
2829
3241
3002
2662
2728
3191
3168
2105
3557
647
1165
2948
2773
3086
360
567
520
1467
3898
1182
2886
1055
990
3831
2999
1385
2887
1322
1260
2272
708
3237
2839
3745
3536
1819
1717
1282
482
1744
412
483
1732
984
954
1824
1396
1638
1018
2031
334
257
142
9
232
53
1590
1434
1846
1591
1742
919
1820
1245
1661
4031
3980
3982
80
330
1127
1236
94
1910
2835
3243
2867
1309
1894
1783
584
126
119
332
130
856
2280
2189
2597
2598
3751
1831
3485
1410
3636
3921
698
3554
948
1332
1695
1995
705
803
3220
3158
2906
3363
2248
2402
2620
2004
2009
1978
2327
3695
14
312
949
3753
3830
3633
3708
3774
2192
2022
2006
968
2982
2849
3048
3335
2785
2206
2391
2003
2101
3461
3737
1724
1223
1710
2273
2344
2555
2372
3215
3667
3926
3912
2962
804
3228
2754
1053
2668
363
1790
1349
2203
2197
1973
1213
1624
3534
3972
3761
3460
3829
1295
1248
3196
3011
1505
3509
374
416
563
525
553
3265
3179
3344
930
1400
1692
537
566
2085
3209
1201
1524
1779
1796
1384
1572
1877
2116
2874
1763
1113
1680
1715
1100
1129
1021
3639
1105
606
521
362
452
395
1249
778
795
738
822
845
727
2977
2679
669
560
491
2145
2236
2644
2371
2718
3148
2174
3000
2890
2912
3090
2966
2255
2513
2349
2650
3579
3705
632
582
661
627
1672
1415
1725
1259
1504
805
814
211
895
3047
2411
888
3347
3076
2684
36
197
133
26
199
123
342
2153
1970
1952
2571
2315
62
285
194
3877
3611
3452
3604
3938
3670
3838
3632
3598
1949
2577
493
2995
1080
1766
1549
1778
1012
1844
1649
91
558
3564
1108
1102
1444
1261
1167
1099
1014
1582
3764
3569
3793
3593
3645
594
2879
1210
901
2693
248
29
82
1664
1304
1166
3026
3163
1641
1848
1051
1648
1784
3693
3851
1576
1350
1887
1082
1413
1438
1716
1257
896
1204
3690
1694
1497
643
662
1529
1168
2416
2537
2399
1465
1916
2176
2652
800
3590
2819
3430
2888
1767
389
839
3968
3886
3016
3289
3082
2881
3145
3070
3350
319
2812
265
65
203
3947
3823
3866
254
24
637
1429
519
348
419
565
70
2665
3225
2558
2100
1533
434
1300
376
523
353
1320
3287
3306
3558
3763
3782
3881
559
394
1733
1493
1798
1601
1553
1806
3873
3760
1698
3501
1307
664
2822
3278
2748
2901
3187
3049
2863
2636
595
658
4030
3178
2942
2687
3321
2989
3075
3719
3507
2525
2289
3174
2925
3137
3114
2738
2994
3166
2777
3033
2698
2986
2911
2909
2877
2880
2661
3280
2878
2803
3214
3309
3620
3718
3758
3568
3794
3714
3924
150
72
3515
944
1569
1472
1095
1159
1686
1338
1536
1011
1634
3493
1988
2259
2076
2675
259
1801
1318
1036
1009
1635
981
1893
1875
1462
1540
1671
1878
1358
526
1436
580
1042
936
484
3355
2778
3239
3255
2793
3140
3386
2938
1515
1475
1066
942
1495
1502
3995
4019
2628
2041
2342
2614
3850
3472
453
3642
3800
3518
3966
3702
3596
170
25
277
290
324
304
113
188
103
236
98
31
21
2742
3150
3267
3252
2770
2828
3340
3219
3185
3051
3315
3294
2872
3387
2907
2974
2689
2891
3362
3184
2864
2810
2940
2919
2763
2943
2915
2866
2944
2960
2782
3004
3040
713
853
755
1333
1089
1037
1633
917
1496
1226
1482
2809
1588
1687
2018
1957
2364
931
1492
1487
2056
2092
849
779
726
766
837
3616
3799
3815
3521
3713
1616
1903
1862
1284
1231
1015
1067
1655
1682
1120
1857
590
678
619
3858
3797
3545
3440
3902
3684
3543
3438
3540
3717
3495
3901
3553
440
96
391
512
367
510
418
544
425
2800
3213
1764
1404
1583
423
461
1315
941
1899
1115
769
737
473
1298
413
1459
1032
1277
1786
933
1235
1423
1703
3253
3256
2730
2983
2760
1450
3263
2823
2883
2756
2741
3056
1597
1685
1255
1516
921
1891
1535
1861
1842
1367
1874
1737
1617
1644
1752
1532
1250
934
1799
1879
1768
967
897
1643
1621
1334
1049
1600
1004
927
1195
1471
952
1707
946
1813
1184
999
1774
1612
1437
1059
1416
1107
1554
1267
1668
1833
947
1390
1285
1809
1026
1765
1135
1329
1662
916
1456
1040
1269
1827
1375
1608
1509
1622
1330
1191
1101
1858
1849
1832
1439
1823
1243
1117
1047
1570
1480
1086
953
1603
960
1821
1735
1530
1302
1491
1126
1130
1376
1305
1078
1746
1669
1791
925
1665
1399
1175
1116
1431
1331
1816
1571
1199
1604
1804
1619
932
1557
1238
1447
1391
1222
1048
1900
1214
1610
1835
1377
1712
1420
1370
1675
1888
1341
1172
1863
1163
1017
1149
1146
1868
1028
1750
1598
1730
1522
1402
1211
993
1898
1867
1551
1256
1112
1351
1721
1513
1132
1352
1291
1488
1271
983
1361
1689
1663
1613
1559
1839
1800
1584
1074
1006
1810
1589
1288
1076
982
1470
1793
1789
1757
1736
1388
1580
1153
1092
1605
1180
1280
1237
487
1937
2313
2656
2107
1933
2023
2231
1930
2314
2448
1974
508
388
426
436
366
408
538
370
555
422
497
456
402
1397
420
614
3342
3223
3060
1699
1170
924
1541
1906
1830
1368
1043
2358
2173
2070
2405
2570
1934
1990
2049
3786
3906
3900
3903
3706
3591
3458
3643
2858
3275
3064
3301
3142
2717
2676
2913
3339
3084
3108
3232
2669
2787
2852
2673
2956
3022
2905
3139
2908
2706
2865
3473
3730
3627
3514
3731
3734
3035
3167
2904
2783
3276
2932
3032
3087
3107
3292
3677
862
1303
1794
1871
1578
1728
994
1311
964
1770
1382
1412
1595
971
1884
1751
176
322
156
271
2648
2061
1914
1935
2626
1980
1919
2459
2447
2674
2672
3132
3396
3288
3146
3172
3170
2936
3017
3054
3304
2946
2970
3109
3106
2027
1951
2627
2378
2025
2494
2001
2658
2640
2585
3157
3377
2853
3050
3188
3160
3198
3039
2733
3021
2796
3116
2894
3291
2984
2720
3177
3273
3379
2965
3162
2724
3406
3422
3208
212
237
66
300
187
180
325
22
278
178
161
83
47
84
295
61
179
108
286
216
68
39
291
331
3385
3246
745
748
731
704
799
743
710
802
3470
3442
3588
3827
417
1374
506
1473
541
378
513
375
396
527
410
500
445
368
1807
1294
1427
1106
683
439
524
902
1872
1592
1392
1379
1448
1873
1406
1787
1345
1647
815
742
701
724
831
747
734
758
838
2666
3300
3078
2981
3123
2969
3098
2896
3085
3104
2924
2931
2806
3303
2993
3202
3348
3435
2920
2873
2987
2985
3417
3023
3433
3135
573
480
1114
562
385
556
507
676
428
465
529
545
392
1139
653
593
603
597
685
649
431
387
261
281
55
13
79
104
3221
2998
2797
3152
2976
2781
3299
2950
3360
2914
3353
2951
3297
2716
2832
3222
2859
3079
3272
1720
1636
1691
988
1630
1299
1503
1366
940
1246
1190
1645
1565
1373
