107
830
3962
224
4027
3965
8
137
3682
3963
149
3981
78
167
3589
3562
771
3699
866
90
177
3733
2219
501
871
887
3912
3995
3489
3894
301
3336
1096
2051
1558
2269
1254
3855
2771
3631
657
275
386
1058
3619
749
2421
3798
2321
3161
1822
788
3595
379
670
1442
1145
674
2732
534
832
3952
955
3864
4003
3565
1240
2802
1111
3787
3603
2884
278
205
2700
872
893
691
789
3716
3478
3481
3859
3861
4
1354
4002
3998
3694
3923
3620
3479
226
3546
2957
155
894
929
3504
3325
756
943
2514
262
220
1996
985
950
144
361
264
245
4032
3996
4033
1890
4014
3999
3946
3989
2838
3053
2431
3732
12
868
4012
3875
1065
608
979
4018
351
4038
1486
4015
1510
237
3916
2167
3068
3057
3807
3853
3729
786
1094
18
255
1090
3827
1974
147
1631
3190
796
3561
201
153
163
3895
2857
2181
3805
233
3048
2524
3854
956
854
3955
744
3759
3744
1053
3879
863
33
649
453
3131
1276
3922
1031
3368
540
3282
2846
3958
3266
974
648
910
550
1262
2262
2505
2860
1443
77
3510
81
1455
43
1840
882
804
593
3941
3164
2094
83
2826
1499
1403
865
3959
2776
3847
1027
1000
2017
826
2982
3777
3551
923
3961
1476
3566
3549
3446
3441
3997
516
3587
742
746
3144
2791
3650
3477
3637
3700
443
3669
790
937
3524
2868
940
1541
462
2373
3011
2486
2677
1342
1087
445
406
3031
1905
1434
2204
1901
2168
411
498
3194
306
218
616
3377
2217
2160
2621
2227
3186
3066
3863
3806
3424
4037
2452
3229
2443
3042
1406
2975
3871
2656
3725
1411
3647
624
3173
1430
939
3954
874
903
1251
564
3770
175
2252
112
852
1865
1492
3075
931
46
881
861
3230
2952
702
2718
511
2727
970
3270
767
3898
1054
3809
1417
904
1412
2208
1990
4019
3544
3992
1913
4029
3130
1869
4034
28
115
3457
32
2978
2595
1023
2230
3624
3746
3143
1034
3311
1949
3121
44
446
162
3319
305
343
2721
860
2842
3236
1252
3310
91
403
3338
3776
594
4011
3181
4001
3991
3678
762
1537
384
1885
2809
4007
3745
2792
4010
92
51
108
184
636
290
84
130
347
129
75
3645
208
318
288
3167
164
248
270
310
282
269
267
470
244
235
132
87
76
36
27
3772
185
221
296
734
3911
1362
759
961
448
2707
3315
807
145
3659
3313
1481
38
855
2245
146
1883
918
2774
3408
2281
449
1498
977
4024
3709
50
1264
748
3081
892
3142
476
219
2175
182
179
3656
420
3398
2709
2008
2722
3811
1073
437
837
3652
1147
1200
3055
809
1206
3935
2918
562
851
3110
740
1769
912
440
3622
3134
447
2569
775
693
2548
3091
673
3653
1854
2070
880
3757
467
3882
737
3358
2836
3925
2817
2305
3548
2634
1855
3244
2923
613
55
3885
3789
2044
1933
4035
3748
3977
2715
410
1697
3071
3949
3402
350
1202
1151
750
1759
1493
1490
3781
3225
2358
254
3607
464
139
3907
1477
2527
1386
1755
195
3771
2442
1922
1581
1967
3815
2483
2162
401
2012
466
66
876
287
831
699
1143
1708
1552
3765
371
2577
3043
3742
3269
2814
3249
3890
1248
2794
3180
1924
1814
2895
3428
965
2082
3688
356
3427
1562
1956
3893
2487
1008
2470
3451
2779
459
3665
365
64
2767
2178
1244
690
3125
530
166
2885
229
1745
779
380
207
1856
2100
58
1664
377
754
533
1294
1422
3217
3503
230
1030
2170
3372
3326
3290
3453
1586
2692
642
191
3375
631
2249
407
888
3222
292
3074
743
2422
154
1194
1713
216
3686
3753
1203
883
3040
3460
3786
3592
922
679
3820
3469
3909
2166
3960
3598
1445
2752
3778
1817
3880
3891
3502
1676
3934
3754
3822
3458
3727
2691
3588
2517
3012
3769
3157
3634
3630
3850
433
792
3356
2405
173
1253
2360
2725
2962
3421
3579
3803
3532
3564
1808
45
168
620
309
251
204
1220
4031
3425
3401
110
1224
2980
1511
3046
3138
2795
3365
2859
19
399
364
1186
1295
2614
3153
639
621
152
328
181
1162
1266
2688
2444
2207
2667
3535
3866
3782
3813
768
381
3819
3541
3473
3445
3538
3814
3490
3905
2703
3314
2959
2699
3953
889
1474
294
2651
3109
3155
3536
2902
3251
2930
468
886
729
1057
1607
3975
3465
3836
3571
3918
3749
3374
3440
3539
3825
3758
3673
3612
3643
3964
3920
3843
3927
818
6
95
1154
2882
2775
3168
2301
1171
1387
4004
4020
454
198
1218
1016
1177
857
2263
3141
3122
3105
3354
3218
2861
3200
2799
3003
4013
4005
3985
1627
4028
259
1167
2879
3530
3626
3487
1317
3308
3723
3780
3662
3649
3706
3648
3792
3720
3988
4021
4026
4017
1415
1089
3849
3444
3904
3523
3581
3516
3613
3655
3766
712
782
733
822
867
873
3067
131
35
143
3227
3756
3462
3632
1693
1353
3848
3799
349
508
899
627
665
632
595
661
635
576
643
615
675
582
599
583
658
577
659
640
600
578
662
650
628
532
3917
3567
3857
3657
725
732
736
1544
2034
2106
2437
3970
655
3389
2858
2736
1368
1792
1860
2450
2558
2935
3128
3679
3447
3676
4000
4009
3982
4023
3993
3868
3743
3739
3628
3874
3892
877
858
895
870
86
68
225
227
263
102
99
879
859
885
698
884
802
850
806
714
839
689
3883
3919
3695
3594
243
93
273
4030
3994
4022
4016
3987
3980
333
20
116
337
2
14
312
41
140
3939
3531
23
240
214
17
326
193
3701
3910
3899
3774
3957
4025
4006
4036
3983
4008
330
249
101
24
94
53
180
57
302
242
266
194
300
127
106
126
79
31
346
48
314
80
332
268
238
316
260
271
211
109
65
16
88
141
82
159
158
246
265
197
118
40
257
121
5
135
54
283
231
176
323
308
134
170
178
298
232
200
60
30
13
276
72
304
148
62
133
7
281
261
103
150
67
297
29
277
26
344
339
335
322
320
311
202
190
189
188
183
174
172
169
160
156
113
89
25
10
9
3
252
96
329
325
56
334
239
98
315
122
285
342
324
313
291
203
119
0
345
280
274
272
223
123
104
303
142
199
21
39
236
186
161
213
85
105
258
340
22
100
69
192
1
341
222
128
250
331
338
321
284
117
61
59
49
125
165
228
295
212
196
187
47
299
97
73
63
42
307
217
151
52
114
74
319
2704
336
120
171
256
209
317
247
15
327
215
124
138
111
37
427
253
157
279
289
293
206
286
234
70
210
11
3459
3639
3945
3752
3973
3834
3937
3933
3947
3881
3623
3932
3867
3685
3900
3572
3507
3969
3593
3967
3956
3614
3554
3466
3591
3785
3683
3833
3735
3713
3768
3924
3663
3740
3553
3455
3710
3666
3472
3496
3794
3903
3837
3476
3818
3812
3606
3569
3463
3726
3668
3506
3474
3468
3660
3563
3972
3583
3529
3568
3483
3528
3761
3543
3684
3793
3596
3966
3944
3674
3828
3707
3629
3608
3584
3590
3692
3708
3714
3558
3493
3921
3705
3722
3599
3526
3521
3505
3870
3826
3718
3670
3767
3906
3829
3764
3719
3680
3522
862
3454
3889
3573
3512
3461
3697
3559
3467
3790
3943
3731
3730
3491
3485
3576
3574
3886
3449
3915
3869
3658
3640
3617
3557
3542
3480
3464
3514
3475
3471
3618
3517
3788
3858
3845
3681
3501
3784
3693
3456
3929
3702
3689
3902
3605
3550
3951
3887
3878
3862
3851
3839
3823
3810
3808
3802
3801
3783
3779
3755
3711
3704
3690
3687
3627
3616
3555
3540
3537
3509
3499
3492
3470
3831
3677
3625
3797
3651
3642
3609
3930
3635
3525
3495
3824
3578
3488
3830
3518
3860
3800
3661
3450
3760
3577
3448
3762
3604
3452
3884
3873
3633
3586
3545
3438
3948
3721
3940
3877
3552
3437
3968
3736
3938
3926
3913
3842
3838
3804
3737
3734
3971
3741
3672
3667
3611
3852
3519
3600
3443
3896
3835
3442
3840
3615
3498
3976
3602
3641
3696
3728
3636
3486
3601
3534
3931
3914
3698
3547
3508
3500
3646
3901
3747
3738
3763
3821
3817
3621
3610
3750
3974
3888
3791
3703
3654
3527
3520
3513
3511
3533
3497
3950
3484
3841
3928
3712
3796
3936
3671
3715
3638
3795
1301
3978
3751
3644
3482
1518
3979
3908
3846
3664
3570
1085
3832
3724
3515
3575
3773
1588
3556
3872
3897
3585
3876
3580
3691
3494
3717
3775
3597
3816
3675
3582
3865
3560
3856
864
798
1178
3844
3439
3942
816
722
720
707
829
890
840
791
701
730
783
716
793
833
836
794
708
774
821
688
787
843
835
741
695
758
755
728
844
817
803
713
763
704
795
770
772
856
812
823
726
810
766
706
697
694
827
811
731
869
838
735
709
764
760
710
705
696
808
718
687
853
820
780
739
686
745
849
799
784
781
761
751
824
752
834
800
724
769
819
805
797
828
711
845
842
815
814
747
703
727
719
848
777
757
813
847
878
875
778
700
773
753
846
721
841
738
715
765
723
891
785
776
825
801
692
717
1615
1140
1494
1174
1825
1719
1421
1803
2843
2851
3061
2837
3248
3380
3133
3305
2934
2632
2441
3189
3242
2711
3246
3376
3413
2900
2710
2995
2933
2981
2977
3095
2673
3231
3431
2751
3252
2808
3206
3063
2743
3414
2908
2891
3234
2789
3394
2907
2745
2997
3151
3352
3197
3177
3273
2824
3307
2825
3019
2893
3373
2770
3175
2876
3279
3171
3212
3089
3032
2865
2690
3254
2255
2412
2523
1978
2173
2023
2236
2120
2248
2193
3331
3327
3422
2856
3086
3366
3009
2762
3333
3259
3255
2735
3418
3296
3008
3262
2701
2697
3391
3166
2880
3058
3369
3256
3210
2816
2737
3090
2766
3070
2790
2687
3350
3160
2768
3294
2887
3207
2695
3286
2927
2763
2800
3362
2773
2749
2693
3272
3185
3291
3041
3163
3363
2953
3170
3017
2684
3111
2958
2987
2731
3238
3303
2694
3065
3243
2761
2680
2854
3228
3213
3193
2948
2806
3174
3114
2810
3390
2786
2746
3384
3288
3235
3112
2811
2712
2991
2869
2696
3434
3406
3360
3267
2841
3355
2830
3351
3132
2734
3247
2674
2983
3339
3047
2920
2689
3433
3000
2705
2874
2969
2713
3435
3022
2974
2966
3108
3073
2664
3364
2963
3123
3220
2960
2946
3293
2877
2698
2706
3250
3098
2917
3026
2993
2729
3417
3324
2929
3367
3106
3021
3148
2954
2723
3034
3409
3224
3035
3412
3340
2878
3397
3306
3211
2728
3295
3150
3404
3345
3097
3077
3018
2844
2739
3187
3118
3062
3321
3302
2759
3198
2932
2783
3419
3050
2904
2772
3116
3051
2939
2747
3188
3162
2914
2675
3299
2950
2785
3285
3253
3221
3069
2921
2466
2513
1968
1991
2076
2647
2000
2455
2456
2197
1936
2126
2440
2411
2503
2260
2613
2019
2320
2316
2545
1960
2650
2562
2129
2474
2156
2618
2375
2448
2335
2317
2497
2357
2566
2159
1999
2297
2660
2097
2435
2004
2626
2342
2027
2970
2733
2672
2937
3182
3039
2845
3199
2781
3328
2708
3347
3169
3145
3115
2853
2823
2778
3027
3080
3342
3219
2996
2668
3411
3357
3124
3101
3201
3152
2828
3318
3396
2870
3120
2748
3381
3316
3297
3265
3049
