0
918
1581
292
3453
3570
892
4024
3856
883
3748
11
358
2269
1145
3885
3959
47
1395
1034
2168
3811
3709
114
3650
1560
43
15
4008
37
674
550
335
4010
891
3935
668
1386
2470
624
3031
1834
2195
602
3183
3451
3798
608
4022
3729
3984
3820
4015
3974
2842
1096
692
2569
2079
585
875
638
209
607
2596
2457
210
1466
911
3853
447
4035
1119
287
3071
3230
18
12
74
801
1206
215
613
4001
4029
3746
3846
3987
642
4012
244
581
33
3268
42
3407
282
233
256
145
90
377
4036
286
241
1224
401
4006
4028
4032
749
841
2814
3704
3983
859
2857
1233
775
160
3942
1854
1276
3688
4034
3875
443
216
750
267
234
52
1065
3732
3408
648
183
3125
1430
379
70
1326
153
3854
1690
1262
2541
305
255
205
3282
2704
744
154
138
1394
1270
3808
1967
1176
468
860
3134
2382
3006
1755
699
3589
35
2740
279
179
3879
316
1558
3922
2788
3807
2691
3037
2792
383
81
386
904
301
3801
4005
3991
1046
182
253
4033
3992
2595
3744
1071
1693
61
1253
411
76
3999
1627
1586
3990
3691
1760
2483
356
4025
1027
3717
3560
4007
3733
112
4016
321
2998
2808
571
240
157
454
155
97
3996
667
336
164
3699
2975
785
660
228
899
3955
3597
2178
499
2798
1362
743
3816
3689
1546
1353
2952
207
71
3467
3413
2922
2481
3575
2714
2860
2380
1252
293
656
2722
1208
294
191
3928
4037
4011
3582
757
247
854
3375
4003
448
2442
3985
4027
4019
4013
4002
4038
4031
4030
4026
4023
4021
4020
4018
4017
4014
4009
4004
4000
3998
3997
3995
3994
3993
3988
3986
3982
3981
3980
49
3989
852
2527
3588
530
832
174
3565
1194
894
2565
2106
855
270
1510
884
717
288
124
3978
3765
3686
2838
1105
1002
552
307
289
166
3954
3946
3882
3865
3781
2441
1856
1713
877
652
206
125
3965
3003
2855
1031
996
467
262
2971
1762
1383
893
865
788
220
201
3910
3673
3537
3494
868
594
202
3953
3952
3897
3121
2204
1996
1969
1651
851
790
2885
673
406
384
3619
1474
1022
327
120
3887
3653
3143
1937
1711
572
453
192
190
3939
945
472
1295
3290
3147
2015
1354
3890
3544
3059
1200
735
371
110
27
3849
3742
2963
1346
1038
910
721
264
250
245
152
3805
3787
3637
3606
3444
2505
1264
864
283
193
3844
3694
3489
3271
3227
3127
2817
2736
2634
2437
2230
1797
1579
1442
1417
929
895
858
825
671
562
3839
3305
3055
2980
2774
2422
2167
1657
1486
1476
1455
1157
887
802
704
485
464
351
117
95
46
34
3936
3925
3432
3429
3310
3074
2884
2692
2388
1890
1776
1297
1151
1147
798
691
610
476
349
3904
3812
3678
3660
3477
3447
3441
3317
2721
2431
2375
2219
2008
1924
1777
1759
1607
1498
1133
1057
890
879
872
870
812
649
533
347
235
229
219
163
151
147
102
77
6
3977
3963
3941
3911
3893
3859
3848
3813
3806
3751
3749
3727
3676
3669
3583
3552
3457
3372
3370
3270
3269
3217
3216
3161
3091
2899
2824
2776
2767
2671
2621
2358
2263
2256
2094
1838
1664
1654
1521
1506
1254
1168
985
889
888
886
885
882
881
880
878
876
874
873
871
869
867
866
863
861
856
853
850
849
848
847
846
845
844
843
842
840
839
838
837
836
835
834
833
831
830
829
828
827
826
824
823
822
821
820
819
818
817
816
815
814
813
811
810
809
808
807
806
805
804
803
800
799
797
796
795
794
793
792
791
789
787
786
784
783
782
781
780
779
778
777
776
774
773
772
771
770
769
768
767
766
765
764
763
762
761
760
759
758
756
755
754
753
752
751
748
747
746
745
742
741
740
739
738
737
736
734
733
732
731
730
729
