0
4033
692
749
674
2269
1627
3570
4032
287
145
2195
210
891
336
371
33
335
3407
3808
602
904
3798
2714
1466
43
1276
3820
562
1208
1027
215
356
552
401
216
1262
3451
233
2922
667
3987
3727
3375
3031
3494
447
3467
2106
775
918
3268
2483
3856
4035
1354
3746
3125
2470
2541
668
3748
1224
453
3282
4015
2842
3183
253
454
2079
228
892
3560
4012
256
1002
1105
42
90
179
743
691
788
816
767
712
689
877
885
894
881
757
836
742
837
693
806
789
715
704
783
831
844
763
761
755
854
850
839
833
832
822
821
812
809
808
803
802
801
796
795
793
791
786
785
782
771
770
768
750
746
740
736
734
733
732
730
725
722
721
716
714
710
707
702
690
872
776
874
879
871
858
886
893
765
735
847
846
826
751
889
739
838
780
778
773
851
845
814
741
688
855
852
717
807
784
701
853
842
834
813
790
758
752
738
737
731
723
718
711
700
804
849
840
829
799
794
766
764
762
756
727
724
720
708
706
880
843
835
817
805
797
792
787
779
759
754
728
709
890
848
828
827
824
820
818
815
781
777
772
760
753
748
747
726
713
705
696
695
694
687
686
895
888
887
884
883
882
878
876
873
870
869
867
866
865
864
863
861
859
856
830
825
823
819
811
810
800
798
774
769
745
729
719
703
697
698
875
841
699
868
860
744
3989
3991
4037
3986
4003
4002
4016
4027
4038
4031
4013
3992
4026
4018
3996
3982
3985
4030
4009
3998
3997
4034
4028
4025
4024
4023
4021
4020
4019
4017
4014
4010
4007
4006
4005
4004
4001
4000
3999
3995
3994
3993
3990
3988
3984
3983
3981
3980
4036
4011
4029
4022
4008
594
262
162
3952
3844
3699
3965
3848
250
77
117
270
76
163
333
300
174
81
63
49
288
108
101
61
205
229
135
97
225
265
222
65
226
220
91
263
102
68
337
167
327
319
306
195
181
4
96
60
302
260
254
20
320
149
257
245
227
155
124
345
251
159
127
39
13
19
332
29
326
310
342
341
231
79
201
283
72
92
54
2481
2437
3372
3180
3147
3271
3317
2834
2952
3712
3647
3638
3765
3657
3777
3767
3901
3887
3963
3763
3591
3660
3582
3892
3874
3725
3541
3503
3745
3616
3955
3575
3652
3537
3789
3976
3603
3602
3977
3839
3581
3941
3880
3666
3916
3589
3967
3933
3792
3631
3912
3868
3739
3595
3473
3646
3620
3493
3814
3566
3890
3441
3617
3773
3921
3840
3827
3598
3590
3832
3439
3866
3869
3803
3486
3506
3813
3700
3947
3624
3446
3557
3895
3782
3524
3799
3776
3766
3747
3655
3607
3637
3975
3759
3845
3484
3482
3972
3535
3534
3458
3918
3837
3774
3757
3571
3823
3680
3668
3931
3924
3822
3555
3452
3559
3956
3915
3900
3761
3630
3601
3529
3515
3474
3443
3945
3862
3769
3728
3685
3913
3485
3580
3819
3628
3538
3936
3867
3850
3802
3705
3636
3615
3608
3553
3508
3505
3805
347
331
27
290
207
133
329
252
315
203
158
134
84
66
40
239
109
10
50
323
303
297
280
276
274
232
176
170
128
247
285
25
161
291
31
572
330
249
242
204
57
24
150
346
344
343
340
338
334
328
325
318
317
316
314
313
312
311
309
307
305
301
299
298
296
295
294
293
292
289
286
284
282
281
279
278
277
275
273
272
271
269
268
267
266
264
261
259
258
255
248
244
243
241
240
238
237
236
235
234
230
224
223
221
219
218
214
213
212
211
208
206
200
199
197
196
194
193
192
191
190
188
187
186
185
184
183
182
180
178
177
175
172
168
166
165
164
160
157
154
153
152
151
148
147
144
143
142
141
140
139
137
132
131
130
129
126
123
121
119
118
116
115
114
113
112
111
110
106
105
104
100
99
98
95
94
93
89
88
86
85
83
82
78
75
73
71
70
69
67
62
59
56
55
53
51
48
47
46
45
44
41
38
36
35
32
30
28
26
23
22
21
18
17
16
14
12
9
8
6
5
3
2
1
3600
3530
3551
2634
2193
2513
2650
2515
2170
2076
1915
2441
2380
2227
2486
2320
1992
1956
2580
2360
2008
2316
2014
2651
2558
2422
2265
2205
2455
1949
2357
2277
2080
1933
2587
2497
2424
2228
2160
1922
2535
2301
2167
2488
2523
2152
2113
2562
1930
2454
2019
2197
1960
2204
2517
2041
1996
2016
1950
1936
2631
2104
2248
2173
2012
2505
2286
2281
2648
1935
2626
2494
1914
2477
2353
2376
2237
2015
2091
2633
2202
2659
2583
2435
2006
1958
2552
2352
2339
2207
2591
2553
2500
2253
2103
3429
3094
3006
3376
3197
3126
3008
2855
2816
2732
3161
3322
3251
3242
3420
2721
2963
2802
3139
3270
2832
3325
3045
3155
2965
2733
3066
3401
3338
2961
2852
3131
2930
3217
3227
3042
3349
2746
2889
3399
3209
3148
2759
2697
2774
3163
3121
3294
2891
2695
3012
2997
2882
3218
3200
3303
2766
3428
2667
3213
2773
3425
3326
3157
2861
3234
3052
2856
3098
2763
3215
3175
2973
2687
3080
3023
2880
3288
3238
3229
3004
2888
2887
2726
2663
3166
2987
3257
3114
2981
2928
2907
2874
2698
3009
3367
3281
3039
3005
3402
3167
3041
2990
2845
3259
2831
2991
3300
2851
2809
3236
2972
3394
3293
3237
3220
3010
2993
2756
3085
2943
2706
2689
3435
3433
3119
3056
3029
3014
2988
2985
2931
2916
2873
2862
2741
2681
2833
3296
3204
3150
3140
3115
3049
2853
2765
3436
3414
2948
2890
3319
3091
3423
3382
3318
3283
2959
2767
2703
3426
3384
3363
3348
3339
3226
3184
3129
3084
3065
3047
2986
2974
2969
2912
2911
2910
2909
2908
2905
2867
2866
2839
2827
2786
2777
2754
2694
2676
2666
2664
2946
2984
2783
655
2551
2532
2484
2443
2308
2276
2212
2200
1943
2086
2067
1942
2524
2819
3411
3332
3262
2823
3302
3145
3350
2690
3208
3110
2727
3079
2787
2848
2768
3548
3838
3957
3919
3898
3790
3717
3695
3691
3669
3649
3635
3578
3523
3479
3772
3707
3658
3702
3683
3966
3852
3736
3618
3697
3522
3504
3888
3858
3928
3804
3517
3512
3942
3927
3738
3950
3667
3573
3693
3471
3800
3760
3596
3525
3971
3944
3884
3877
3873
3851
3831
3796
3621
3456
3979
3978
3974
3973
3970
3969
3968
3964
3960
3959
3958
3954
3953
3951
3949
3946
3940
3939
3938
3937
3934
3932
3930
3929
3926
3925
3923
3922
3920
3917
3914
3911
3910
3909
3908
3907
3906
3905
3904
3903
3902
3899
3897
3896
3894
3893
3891
3889
3883
3882
3881
3879
3878
3876
3875
3871
3870
3865
3864
3863
3860
3859
3857
3855
3853
3849
3847
3843
3842
3841
3836
3835
3834
3833
3829
3828
3826
3825
3824
3821
3818
3817
3816
3815
3811
3810
3809
3806
3795
3794
3793
3791
3788
3787
3786
3785
3784
3783
3781
3780
3779
3778
3775
3771
3770
3768
3764
3762
3758
3755
3754
3753
3752
3751
3749
3744
3743
3740
3737
3735
3734
3733
3732
3731
3730
3726
3724
3722
3720
3719
3718
3716
3715
3714
3713
3711
3710
3708
3706
3704
3703
3701
3698
3696
3694
3690
3689
3688
3687
3686
3682
3681
3679
3678
3676
3675
3672
3671
3670
3665
3664
3663
3662
3661
3659
3656
3654
3653
3648
3645
3644
3643
3642
3641
3640
3639
3634
3632
3629
3627
3626
3625
3623
3622
3619
3614
3613
3612
3611
3610
3606
3605
3604
3599
3597
3594
3593
3592
3588
3587
3586
3585
3584
3583
3579
3576
3574
3572
3569
3568
3567
3565
3564
3563
3562
3558
3554
3552
3549
3547
3546
3545
3544
3543
3542
3539
3536
3533
3532
3531
3528
3527
3526
3521
3520
3519
3518
3516
3514
3513
3511
3510
3509
3507
3502
3500
3499
3498
3497
3496
3492
3491
3490
3489
3488
3483
3481
3480
3478
3477
3476
3475
3472
3470
3469
3468
3466
3465
3464
3463
3462
3461
3460
3459
3457
3455
3453
3450
3449
3448
3447
3445
3444
3442
3440
3438
862
857
2466
2252
2177
2568
2082
2036
2660
339
324
322
308
304
246
169
156
146
125
122
120
103
87
7
3353
3320
3247
3038
2661
3083
2935
2886
2903
3298
3225
3060
3205
3089
2865
2847
3383
3072
2954
2875
2700
3369
3337
3256
3214
3076
3027
2843
2665
3278
2883
2734
576
595
672
681
665
617
633
575
675
661
647
640
583
582
578
621
586
530
437
429
384
448
383
486
399
393
351
198
518
509
470
534
202
80
3418
3381
3221
3124
2838
217
189
64
3961
3861
3723
3487
3454
459
3011
2968
2540
1944
1988
2630
2578
2575
2564
2559
2507
2464
2423
2386
2374
2306
2229
2131
2115
2109
2078
2046
2040
2005
1989
2576
2478
2493
1928
2348
1975
2646
2606
2601
2600
2590
2586
2573
2563
2492
2485
2467
2460
2446
2430
2418
2414
2409
2407
2363
2334
2323
2300
2261
2240
2220
2218
2216
2165
2118
2095
2088
2084
2073
2055
1997
1983
1979
1966
1962
1953
1929
2029
2560
2260
2166
2230
2449
2387
2266
2184
2147
2056
2453
2114
2060
2635
2365
2061
1980
1973
1921
1919
2557
2440
2256
2242
2324
2048
2415
2522
2473
2249
2099
2406
2403
2397
2361
2318
2310
2305
2272
2141
2137
2126
2023
1964
2350
2233
1918
2605
2518
2599
2268
2003
2390
2075
2062
2053
1981
1970
2571
2367
2345
2280
2273
2597
2588
2555
2039
2465
2293
2235
1994
1941
2434
2304
2294
1954
2400
2116
2658
2657
2656
2655
2654
2652
2647
2645
2644
2641
2640
2639
2638
2637
2636
2632
2628
2627
2625
2624
2623
2622
2621
2620
2619
2618
2615
2614
2613
2612
2611
2610
2607
2604
2603
2602
2596
2595
2593
2585
2584
2581
2579
2577
2574
2572
2570
2566
2565
2561
2556
2554
2550
2549
2548
2546
2545
2544
2539
2538
2537
2536
2534
2531
2528
2527
2526
2525
2521
2520
2516
2514
2506
2504
2503
2502
2499
2496
2495
2490
2489
2487
2482
2480
2479
2476
2474
2469
2468
2463
2462
2459
2456
2452
2450
2448
2447
2445
2444
2442
2439
2438
2433
2432
2431
2429
2428
2427
2426
2425
2421
2420
2416
2412
2411
2410
2408
2405
2404
2402
2401
2396
2395
2393
2392
2391
2389
2388
2383
2382
2381
2379
2378
2377
2375
2373
2371
2370
2369
2366
2364
2362
2359
2358
2356
2354
2349
2346
2343
2342
2341
2340
2337
2335
2331
2329
2328
2326
2322
2321
2317
2314
2313
2312
2311
2309
2307
2303
2302
2299
2297
2296
2291
2290
2288
2287
2284
2278
2275
2274
2271
2270
2263
2262
2259
2258
2257
2255
2251
2245
2244
2243
2238
2236
2234
2232
2231
2226
2225
2222
2221
2219
2217
2215
2214
2213
2211
2210
2209
2208
2206
2201
2199
2192
2190
2188
2186
2182
2181
2179
2178
2175
2172
2171
2168
2164
2162
2161
2159
2158
2157
2156
2154
2150
2146
2145
2142
2140
2139
2136
2130
2129
2124
2123
2122
2121
2120
2119
2112
2110
2108
2107
2105
2100
2098
2097
2096
2094
2093
2092
2090
2089
2085
2083
2077
2074
2070
2069
2066
2064
2063
2059
2058
2057
2051
2050
2049
2045
2044
2043
2037
2035
2034
2033
2032
2031
2030
2028
2027
2025
2024
2022
2021
2020
2018
2017
2013
2011
2009
2004
2001
2000
1999
1998
1995
1993
1991
1990
1987
1986
1985
1984
1982
1978
1977
1976
1974
1972
1971
1969
1968
1967
1965
1963
1961
1957
1955
1952
1951
1946
1939
1938
1937
1934
1931
1927
1925
1924
1923
1917
3434
3409
3397
3345
3344
3321
3299
3287
3260
3239
3203
3151
3120
2772
2720
3264
3370
3334
3395
3198
2950
2894
3240
2995
2785
2692
3415
3191
3179
2860
2730
3379
3359
3306
3144
2779
2728
3373
3356
3244
3154
2964
2724
2696
3396
3347
3330
3297
3252
3199
3170
3152
3113
3082
2937
2881
2863
2849
