0
4035
4032
4028
114
674
1145
2470
2457
624
891
3451
613
2195
11
3820
447
1560
286
379
3704
468
1326
321
453
594
4006
4008
3980
3981
3982
3985
3986
3994
3995
3997
3998
4000
4002
4004
4009
4014
4017
4018
4019
4020
4021
4023
4026
4030
4031
4038
3988
3993
3989
4013
4027
4003
4037
4011
3996
3999
3990
4016
4025
4007
3991
4033
4005
3992
4034
3983
4036
4012
4029
3987
4001
4024
4010
4015
3984
801
1119
608
607
3729
4022
1466
602
3570
883
1206
3071
3709
1581
15
585
2596
18
3748
1386
43
215
3935
3453
918
358
2269
287
210
2569
3856
3031
668
12
3853
892
3650
911
692
292
74
37
2842
2079
1834
550
335
3974
209
3798
638
875
3230
3183
1096
233
3268
3407
256
42
581
3746
244
642
33
3846
282
90
145
47
1224
401
377
3885
241
205
3589
1270
775
255
154
2740
160
749
3875
860
52
153
216
3879
3282
316
3807
2857
2814
2382
859
699
70
3732
3688
1394
648
443
305
267
750
35
1262
3134
3942
1854
138
3854
1233
2788
1755
1176
3408
3125
1430
3922
1690
1065
3006
2541
1558
1395
183
3808
3959
1967
234
1276
2704
744
279
841
179
3037
2792
2691
904
301
2595
2483
1586
383
3801
182
386
1027
81
155
157
1046
3717
1071
1627
97
356
76
1760
1208
3597
3689
247
3691
1693
2481
1362
1253
899
253
228
3928
3744
3582
3560
3375
2922
785
3955
2722
1546
3467
2798
743
336
2714
112
61
3816
2168
454
294
2178
660
411
49
3733
571
191
2998
2860
499
71
2975
1252
3811
448
240
3575
854
3699
2808
2380
667
293
2952
1034
1353
207
164
3413
656
2442
757
1194
788
124
307
2527
174
1105
270
1002
1762
652
2106
3781
884
832
717
572
3143
790
289
3954
3882
2565
1713
2885
2441
1474
852
851
120
3565
2204
530
327
3588
2971
877
855
202
2963
1856
996
201
1969
1031
894
192
3965
3897
3765
3673
3653
1383
467
220
3978
3686
1996
1651
1200
868
3952
3619
3537
2838
1937
893
552
384
206
3910
3887
3121
3003
1711
1510
1022
865
190
166
125
3865
2855
406
3946
673
3494
288
262
3544
945
3939
3953
2817
1776
929
735
3290
2219
27
3637
3271
3147
1797
3606
3429
2774
1579
1038
3678
3127
1777
1354
1147
721
610
464
351
349
283
245
110
3890
3694
3074
2980
2422
2230
1057
866
864
802
562
472
264
3844
3805
3444
3310
3305
3055
2505
2167
1476
1455
1417
1295
1264
649
485
152
46
3925
3849
3795
3059
2437
1657
1607
1442
1346
1151
1087
910
704
371
193
3787
3742
3432
3370
3227
2736
2634
2431
2375
2100
2015
1890
1157
879
858
3848
3839
3724
3676
3175
3161
3044
2692
2621
2388
1297
1168
873
872
798
691
671
655
593
498
235
34
6
3899
3893
3806
3749
3727
3477
2776
2767
2721
1792
1664
1498
1486
1301
1263
1133
895
869
825
390
340
250
229
63
3936
3834
3771
3716
3665
3661
3652
3632
3552
3447
3441
3372
3270
3217
2930
2884
2517
2358
887
880
791
740
700
689
476
317
311
300
219
163
95
32
3970
3963
3961
3859
3813
3772
3755
3751
3745
3700
3669
3660
3572
3566
3522
3489
3457
3436
3336
3216
3181
3180
3128
3126
3094
3091
2902
2899
2651
2580
2528
2321
2263
2256
2166
2041
2017
1974
1915
1855
1838
1814
1759
1654
1631
1562
1461
1372
1254
1248
1202
987
985
937
890
889
888
886
885
882
881
878
876
874
871
870
867
863
861
856
853
850
849
848
847
846
845
844
843
842
840
839
838
837
836
835
834
833
831
830
829
828
827
826
824
823
822
821
820
819
818
817
816
815
814
813
812
811
810
809
808
807
806
805
804
803
800
799
797
796
795
794
793
792
789
787
786
784
783
782
781
780
779
778
777
776
774
773
772
771
770
769
768
767
766
765
764
763
762
761
760
759
758
756
755
754
753
752
751
748
747
746
745
742
741
739
738
737
736
734
733
732
731
730
729
728
727
726
725
724
723
722
720
719
718
716
715
714
713
712
711
710
709
708
707
706
705
703
702
701
698
697
696
695
694
693
690
688
687
686
657
587
549
540
534
533
441
385
365
347
338
306
269
263
260
243
230
167
147
89
