107
2104
1684
2033
2602
2423
2578
2600
3363
2135
1303
1948
1230
2631
3912
925
615
873
1352
3226
2393
2910
1331
2586
1736
1016
2901
2838
2346
2606
2779
2693
2815
2201
2404
1608
567
2039
698
2577
2748
3033
497
335
1010
2229
2369
507
332
1482
3923
2071
4021
1917
285
3176
1662
1491
1626
2028
2511
1973
1615
1605
2557
0
1809
227
2094
2473
2433
2679
2934
3383
2950
225
480
2247
1259
3101
1788
1401
1702
3281
1058
1849
1343
2543
1232
2485
1527
423
1522
1335
1596
1330
3168
2590
3403
2095
3738
1367
3284
1609
2367
3849
3247
1365
2116
3437
1939
2020
3705
2005
1941
1516
2889
3846
2362
2372
2127
2643
1537
3349
2763
1894
3694
2472
3063
1825
2594
3832
3620
1318
1966
1560
2401
2538
2086
2805
3517
2435
2353
3762
2121
3592
2488
2772
3749
1050
1094
2272
2683
1680
1858
3117
2891
2801
1766
2847
2605
2700
2893
3930
3009
2938
2733
2940
2677
2928
2708
2598
2173
1547
1897
3839
1158
1539
1174
3318
8
61
64
80
86
91
128
137
3252
253
267
354
361
366
1584
417
3423
3944
484
490
547
3924
600
657
684
689
692
857
3162
3189
988
3910
248
946
2657
1972
2009
1582
2567
2108
2432
3576
3415
896
1688
431
3970
2024
2078
4011
2437
2869
1382
1733
2555
1524
2103
2751
3416
1945
1454
1616
1462
2235
2260
1373
1665
2327
2623
1332
3427
397
2646
2447
2872
3041
1924
1156
1172
1471
2304
2182
2412
2576
3583
1284
2115
2192
3044
3882
2691
2535
3222
1756
2227
2971
1621
1921
3548
2383
2710
1568
2649
3878
2314
3419
3112
3421
1116
1528
3455
2709
1274
1497
2620
2587
1354
2352
2044
2720
1985
2368
2291
1783
1636
1317
2415
2946
2354
3140
2812
2983
3059
3996
2831
2621
3130
2287
1622
3612
3469
3760
3812
3578
2858
2190
2785
3451
1857
3953
3264
2581
3708
3283
3368
1992
2629
3505
2195
3292
3476
2716
2661
2014
1263
3379
3478
3605
2916
2670
2943
3410
3100
1533
2552
1654
3260
3525
2626
2814
2147
2222
1133
2379
3190
3558
3057
2052
1300
1726
1267
3709
2175
1065
1734
2717
1293
3518
2924
1301
3673
1262
2687
3854
1495
1143
1001
563
3865
2671
32
35
3487
76
99
105
106
113
116
121
124
133
140
161
2994
177
180
202
2438
228
230
266
276
288
387
395
402
404
413
1212
2476
443
1252
2084
478
1419
1395
501
505
506
1515
534
545
550
565
574
575
586
590
611
1764
637
648
650
656
691
696
699
721
738
757
768
776
829
880
886
3701
918
920
1440
929
3674
965
3903
2731
968
3481
3758
986
1009
3773
2051
2690
4037
1027
1030
1032
1051
2736
1057
2519
3032
1070
1074
1098
3815
2773
2546
3948
3726
1147
2862
1176
3896
1244
1067
414
1309
2461
1741
1873
3298
2378
1131
1987
1117
2579
3631
2330
2491
1928
2114
2177
2275
2120
2564
1056
2309
2604
2155
1827
616
500
2738
479
3136
966
3152
2793
1555
1003
483
1107
2854
2529
3486
3845
2915
948
2453
1211
2356
1727
2655
2554
2312
2073
2601
1840
2460
3206
3728
2989
2196
3690
2376
1920
2059
3713
2583
3320
3660
3792
3724
3901
3541
2703
2853
2863
2610
1719
3874
2662
3107
2134
2513
1390
3624
1322
3628
1257
3594
2715
2565
473
1670
2617
3763
2944
2612
1933
2332
2076
1214
2839
1592
2765
3434
2585
2835
3301
2040
1682
3181
1638
3307
3173
2417
3256
2082
1285
1790
2301
69
2117
3464
2572
2502
3633
1937
3885
1771
2107
2898
1580
1359
3503
2049
2822
2217
2931
2641
2241
2995
2846
208
169
465
3075
3125
2811
2536
1710
435
2750
2146
2315
1889
2740
1195
3734
3299
2809
1606
2979
3697
3128
3215
2663
3771
3094
3132
3095
2540
2527
3207
3158
3466
3141
2405
2941
1128
3834
1209
1024
3202
1743
1969
3679
3671
3700
2856
3035
3371
3024
1271
3527
3665
2089
1669
3431
3326
3300
3830
1709
1420
3161
1427
1379
1999
2102
3216
1742
1940
3522
3985
2817
3915
3441
3228
1550
2569
3899
2045
1946
3426
3232
3438
2025
3233
3561
3786
3377
3472
1519
3640
2836
3564
3542
3598
3327
2442
3144
1574
3398
3244
3143
2675
2027
3626
3643
3091
3587
3757
2826
3580
2936
3392
3648
3795
3579
2684
1996
3984
1814
1391
3704
1144
3723
3477
1506
2562
2571
1363
3387
3866
1732
1298
3148
1194
3956
2382
1138
1370
3031
2313
1832
2400
1
7
10
19
20
29
31
42
44
3688
3547
55
59
60
66
2450
70
75
85
111
114
117
1579
123
135
147
156
164
167
170
173
175
176
188
189
193
197
198
2996
1496
2987
206
211
221
233
235
241
249
250
251
254
3614
261
262
263
264
1474
271
2959
283
294
295
2360
301
307
312
320
330
336
349
356
2270
362
368
1540
1881
398
401
405
1836
426
3145
433
441
3396
456
475
3807
3093
494
3824
517
520
2689
3147
532
2262
543
3055
557
3676
581
2259
583
592
603
1687
623
1511
639
653
660
663
665
673
685
687
693
695
703
705
708
716
718
720
736
1794
749
752
755
763
770
771
775
778
785
2905
799
805
811
822
828
833
835
2252
840
1461
856
861
878
881
889
891
892
3567
898
2143
922
3892
926
930
4005
939
949
952
1549
3329
3931
980
3964
1011
1012
3955
4035
1022
1025
1033
2746
3990
2466
3336
1052
3888
3722
1072
3952
3972
1087
4016
1091
1100
3801
1105
1106
1108
1123
2444
1624
1129
3858
1134
1135
1137
2015
3963
3895
4023
2239
1200
3515
1206
1210
1215
3908
2029
1224
1241
2724
1245
1249
1254
3959
3664
4009
4018
1275
3769
1282
1286
3864
1305
1763
1311
2926
3905
1338
1341
3362
1348
1349
1355
2964
1357
2767
3922
1366
1704
1383
1386
2285
1394
1396
3453
1751
2384
3010
1426
1951
2978
3452
1451
1455
2855
1356
853
787
3926
536
268
203
1976
3574
3672
2234
3019
956
2424
1014
3467
2932
2138
2925
1360
2355
2085
3355
3239
2504
2468
1127
2021
1979
3740
2200
3269
1789
1893
604
3332
1198
3785
513
1467
1312
2455
2484
2514
1604
3012
2451
2057
2017
2337
633
3521
3842
1437
1029
897
1828
1310
2730
2841
2205
1715
1583
745
554
393
376
425
2280
2541
200
1745
1689
3852
2283
1601
3366
3038
2939
2753
2508
2650
3382
2879
2075
1432
3113
2848
2876
3893
2097
1199
2358
2035
3214
3840
2859
1140
1404
2534
2470
3196
2458
1222
1754
2991
2478
1811
1075
1597
1447
3606
2551
2281
2361
1988
2885
1953
1628
2818
3710
3677
3813
2439
3716
2523
2237
2627
2887
3793
2528
2136
2568
2973
2267
2877
3774
1895
1935
1483
1190
839
582
3900
360
3772
921
1843
2851
1737
2722
2732
503
489
2186
2713
3106
3388
2701
204
1421
1931
492
3167
2054
1334
2249
2726
1947
1718
1642
3204
3790
2957
2913
2396
2866
3217
3820
2399
3751
3374
2985
2077
2443
2407
3159
2318
2256
2429
3783
3111
2962
2867
2286
2783
3303
3122
3097
3118
2087
2398
3014
2036
2153
2297
3177
2093
2884
2912
1916
3565
2766
3599
3328
2214
1955
1173
978
1242
2497
3484
1753
3058
2518
1040
1083
1899
2425
3149
2914
982
3271
2842
3007
2949
2503
2501
2998
2282
3358
3268
3114
2965
2148
3291
3221
2311
2034
1663
2918
2419
3367
3670
2791
2388
3837
68
3219
2741
2972
2493
2273
2911
3282
1867
2844
258
52
279
2531
1457
1433
2933
2365
1965
2712
1865
1416
3776
2721
1610
1054
3493
3745
3519
2761
53
3311
3436
2596
2454
3339
2047
2408
2203
2961
1981
3406
3496
3498
3458
3380
2448
3495
430
527
3124
2191
2584
2198
3401
3361
2674
3165
3706
3508
3497
2350
3510
3678
1901
2607
3571
3078
3065
3744
2904
1068
3590
1852
3729
1963
2960
2827
3399
2920
3443
1375
2316
578
1344
2902
3360
3490
1877
2517
1265
1808
3780
3652
2465
2685
2000
3577
3622
3586
1975
1399
2099
2749
3551
3322
2816
3463
3023
964
3668
3054
2681
3585
3595
3711
3572
2074
2037
3295
3754
2335
3569
3692
3225
3750
3759
2019
3719
3424
3655
3764
2004
1993
3733
2530
2613
3090
3791
3977
3131
2958
3538
3235
2403
2757
3829
3278
2790
2829
2897
1862
3006
3257
2874
1880
1822
2840
3350
3134
2976
3755
3715
3656
2307
3171
3650
2305
3625
1666
1874
1055
924
1749
1166
3073
1473
1337
1218
1723
3935
1469
2723
3546
3536
1581
1264
4031
992
3400
1785
1558
2296
937
1266
3876
3971
4006
3607
3446
6
17
3015
22
2702
3788
27
28
33
36
37
39
43
47
2204
63
77
3619
79
81
82
83
87
89
96
98
100
102
103
108
112
138
142
157
158
162
165
3444
186
192
195
201
210
212
215
216
217
229
1915
240
246
247
255
256
259
260
265
270
272
278
282
284
291
292
296
297
2494
305
3450
313
314
317
319
321
3241
338
339
347
3531
350
3540
355
357
369
371
2743
381
385
386
388
3205
403
407
410
415
418
1982
422
429
432
440
447
458
464
467
468
469
1977
491
502
504
508
516
518
3507
2208
525
528
529
530
2952
540
2935
2069
559
560
569
571
1950
585
588
589
596
597
598
606
608
613
620
625
626
627
628
629
3025
635
638
3981
2668
651
652
658
666
668
2692
3439
680
681
682
683
688
690
694
697
704
2215
713
714
715
717
722
723
727
729
731
3174
737
739
740
756
758
761
2161
764
766
769
782
2157
790
791
793
794
795
798
801
802
804
808
810
813
814
3699
821
2141
831
832
837
841
842
846
860
863
864
866
870
882
883
895
899
2752
2496
1834
909
3906
3304
4017
927
932
933
2416
2711
938
940
2672
945
2737
951
4013
3968
961
963
3407
972
977
984
991
3270
999
3883
2371
1013
1018
1031
1036
1038
1044
2207
3557
1061
2160
3802
2899
1826
2648
2091
1092
1093
1099
1111
2595
2110
3092
1119
2008
2669
3991
3255
4030
1157
3623
1161
2868
4019
1171
2707
4004
3666
1197
3965
4032
1223
3502
1228
1236
1237
3013
1246
1250
1251
1255
3129
1258
2819
1270
1272
2673
3454
3608
2764
1295
3916
1314
3835
1319
2181
3988
1328
4012
1934
3980
1351
4029
2402
3543
1381
1384
3385
3794
2986
1397
3789
4000
1405
3182
1846
1408
3932
1414
1415
1425
3894
1430
4038
3867
1436
1439
1441
2647
1445
1446
3317
1449
3753
3354
3928
1475
3859
2908
1481
3651
1487
1489
1492
4024
1500
1505
1508
1509
1512
1513
1518
1529
2907
3325
3617
2954
3868
2490
1561
1562
3940
1569
3857
2837
1585
1586
2833
1588
1591
3958
3043
3962
1614
3662
3135
1627
1631
1641
1644
1647
2929
1657
3030
4015
1664
3251
1676
1685
1694
1698
1700
3489
1706
1708
1716
1896
1725
3491
1739
1740
1755
3048
3951
1779
3139
1784
1786
1787
1792
1673
2892
644
1703
3938
3796
3089
1196
1804
1146
3348
3500
1079
970
2149
1652
1389
2909
2608
2139
2745
2719
524
2718
1845
2824
2030
2628
2317
1936
1839
236
25
380
1413
3138
1346
1160
3831
579
2038
1125
2588
1243
2930
488
419
3199
2427
2220
2165
3037
2615
1938
2549
3983
1964
2219
1060
2391
1226
2896
1393
1459
1850
3618
1059
3596
2806
1089
3069
1878
1113
2756
3068
3782
1064
823
734
3290
783
1062
762
3844
1325
450
3071
399
1944
300
3053
2632
2041
1046
1871
3417
2664
1735
1364
1807
1761
2728
3229
1991
3356
2665
2771
2154
2216
2520
2955
3056
915
1772
1041
3208
1617
1302
1101
1598
3179
2742
1049
3163
2974
2894
3654
3604
2591
1613
1793
1589
3480
1571
3266
2865
2667
3273
2956
3004
3394
2471
3725
934
1623
2642
3027
2510
3294
2630
3016
2821
3079
2625
2539
2131
2374
2345
1559
3201
3267
2798
1361
2688
2462
2109
2644
3334
1791
1323
2428
2212
2063
2088
3966
3898
2003
2394
3841
3333
1816
2498
2292
678
3886
2064
1407
3395
1120
1277
2762
1720
3851
1444
3979
712
645
1142
941
1283
2067
2326
669
556
299
23
1542
1179
936
3212
2760
1668
1683
2834
1181
3265
947
3277
3086
3234
3386
901
3223
2900
3737
3707
3002
2770
3353
3341
3120
2475
3475
3808
3192
3274
2975
2820
1398
1086
3088
1409
2653
1020
3098
3470
2329
1925
2676
2244
1914
1806
2183
3254
2659
1530
1480
3600
2830
3028
1643
3099
907
3488
1653
3194
3330
2963
531
1543
2072
2948
2776
3804
2561
2506
3213
2210
3513
1392
3920
2951
3731
3537
2278
2533
2686
1238
1570
21
122
3169
3402
3448
544
1658
1600
3103
2942
348
3008
3850
3582
3516
1525
1110
2111
2882
3978
3632
3717
3929
2319
2729
2744
3248
3347
3435
1780
3566
1831
3861
2622
2559
2179
2825
2804
3615
2861
2797
3514
1406
3042
2777
2137
3533
2516
1465
3816
2997
2125
2592
2211
2878
2420
2521
2053
3512
3494
2547
3739
3471
3639
3440
3188
3047
3316
3335
2406
3011
1280
1842
1572
1557
3777
2968
2682
3767
3076
902
3811
1082
1799
1532
2544
1959
2611
2276
1986
3732
2258
2505
906
3195
3550
2802
1388
3297
3049
3275
3321
3418
2582
3045
2697
3787
2639
3822
3756
1153
3340
184
4
78
3420
1287
2062
2597
2187
3560
3747
3413
1805
1124
2875
1835
322
3871
3681
3200
3989
2638
3997
2250
523
3556
3869
3209
1970
3052
2888
3682
3591
3285
3245
1637
2206
3553
2261
3220
2339
2363
3485
3611
2603
3412
2150
3797
3468
3657
1289
2706
3026
3250
3357
3359
3193
1132
1484
3836
2043
2233
3378
3530
2180
3949
2293
3752
2194
2174
2810
3104
3609
2340
3077
3211
3720
2310
2223
2467
3942
3621
3913
2945
2124
3372
3110
3504
2446
3520
3629
3814
3499
3945
3526
3029
3187
2843
2768
3405
2799
2634
2695
2969
2850
3123
3373
2880
2823
3197
3613
3718
3975
1479
1801
2725
1090
3947
3817
1112
1428
910
1307
1468
3742
1544
3105
1563
3823
1594
1607
1201
958
3191
1819
1088
3060
1817
1326
4008
1463
3259
3877
1185
1336
3230
1661
923
1168
1498
1358
1154
1818
1203
2705
2
3
5
11
12
13
15
24
26
34
2795
3872
45
46
49
50
3166
57
62
3160
73
84
2895
90
92
93
104
109
110
115
118
119
125
126
127
129
130
132
134
3644
139
144
145
146
3157
150
154
155
159
160
163
166
168
171
172
174
178
179
181
182
187
190
194
196
205
207
209
3429
3164
218
220
223
231
3986
234
237
238
243
244
245
273
274
277
286
287
289
290
298
302
303
306
309
315
316
318
323
326
327
2999
3155
344
346
351
352
358
363
3409
367
3891
372
374
375
377
379
384
389
390
2784
396
3659
406
408
411
416
421
428
436
437
439
442
3647
448
452
453
454
455
459
461
463
466
471
472
474
477
481
482
485
486
487
493
496
498
499
509
2789
512
2658
519
3364
522
533
535
541
3365
546
551
552
553
558
561
562
564
568
2599
3127
2873
577
580
584
587
593
594
599
601
602
605
607
610
3408
614
617
3691
621
622
624
631
632
641
642
646
647
649
654
655
661
662
667
3137
672
675
679
686
700
701
706
707
719
724
726
732
733
735
741
742
744
750
751
760
765
767
773
3126
780
781
784
788
789
792
796
797
800
803
3001
809
812
815
816
3847
824
825
830
2780
836
2656
844
845
849
850
851
852
854
855
858
3993
872
875
877
884
885
887
3904
890
900
3460
904
905
908
912
913
914
916
919
931
4034
943
950
3909
3927
962
969
974
975
976
979
983
993
2637
996
1005
1007
1015
1019
1023
1028
1035
1045
1073
2758
3588
1084
1085
1095
1096
1102
4007
1115
3175
1121
