0
4015
1386
3987
3811
883
4024
4010
4001
3910
3808
3709
3560
3467
3575
865
2470
2457
2269
648
593
454
358
316
292
279
215
209
81
11
1581
1560
1558
1270
911
43
379
892
3974
891
18
3853
841
699
854
743
750
704
816
707
736
793
716
836
809
779
690
771
714
712
740
734
4005
879
851
837
838
778
792
763
855
877
701
815
813
805
795
790
773
758
738
723
700
869
856
777
754
713
687
853
852
850
849
848
847
846
845
844
843
842
840
839
835
834
833
832
831
830
829
827
826
824
822
821
820
818
817
814
812
810
808
807
806
802
800
799
797
796
794
791
789
788
787
786
785
784
783
782
781
780
775
770
769
768
767
766
765
764
762
761
760
759
757
756
755
752
751
749
748
747
746
744
742
741
739
737
735
733
732
731
730
728
727
726
725
724
722
721
720
719
718
717
715
711
710
709
706
705
703
702
696
695
694
693
692
691
689
688
2595
3999
4025
4029
4033
3992
4009
4003
3986
4019
3998
3997
3994
3939
3875
3733
3952
3844
3632
3899
3720
3923
3616
3675
3965
3539
3812
3816
3905
3933
3447
3691
3463
3814
3739
3664
3623
3767
3446
3866
3768
3757
3718
3920
3809
3783
3655
3583
3894
3976
3822
3711
3479
3579
3571
3476
3534
3969
3900
3792
3643
3569
3506
3493
3849
3508
3536
3647
3638
3513
2922
70
2178
3917
3725
3473
3445
3867
3689
3865
3660
3626
3791
3747
3587
3478
3782
3890
3584
3676
3499
3793
3777
3706
3690
3754
3593
3511
3895
3836
3764
3759
3673
3726
3529
3881
3936
3740
3735
3713
3472
3505
3474
3464
3590
3934
3557
3957
3919
3918
3864
3700
3695
3669
3639
3594
3470
3488
3762
3913
3731
3640
3559
3518
3450
3610
3503
871
895
894
893
890
889
888
887
886
885
884
882
881
880
878
876
874
873
872
870
867
866
864
863
861
859
858
828
825
823
819
811
804
803
798
776
774
772
753
745
729
708
697
686
2651
2527
2439
2182
2263
2113
1933
2238
2358
2167
2515
2320
2255
2207
2450
2454
2456
2350
2577
2421
2321
2650
1992
1924
2349
2228
2158
1960
2281
2015
2562
1934
2286
2160
1915
4023
3991
4038
4037
4036
4035
4034
4030
4028
4027
4026
4021
4020
4018
4017
4016
4014
4013
4012
4008
4007
4006
4004
4002
4000
3996
3995
3993
3990
3988
3985
3983
3982
3981
3925
3530
3775
3978
3977
3975
3973
3972
3967
3963
3960
3958
3956
3955
3954
3953
3951
3949
3947
3946
3942
3941
3940
3937
3935
3932
3931
3924
3922
3921
3915
3914
3912
3911
3909
3908
3907
3906
3904
3903
3901
3898
3897
3896
3893
3892
3891
3887
3885
3883
3882
3879
3878
3876
3874
3871
3870
3869
3868
3863
3862
3861
3859
3857
3855
3854
3850
3848
3846
3845
3843
3840
3837
3835
3834
3833
3832
3829
3827
3826
3823
3821
3820
3819
3818
3815
3813
3810
3807
3806
3802
3801
3799
3798
3795
3794
3789
3787
3786
3784
3781
3778
3776
3774
3773
3771
3770
3769
3766
3765
3763
3761
3758
3755
3753
3751
3749
3748
3746
3745
3744
3743
3742
3732
3730
3729
3728
3727
3724
3722
3719
3717
3716
3715
3714
3710
3708
3705
3703
3701
3699
3698
3696
3694
3686
3685
3682
3681
3680
3679
3678
3671
3668
3666
3665
3663
3662
3659
3657
3653
3652
3650
3649
3648
3646
3645
3644
3642
3641
3636
3634
3631
3630
3629
3627
3624
3622
3620
3619
3617
3615
3614
3613
3608
3607
3606
3602
3601
3600
3599
3598
3597
3595
3591
3588
3585
3582
3581
3580
3574
3572
3570
3568
3567
3566
3564
3562
3558
3555
3553
3551
3549
3546
3544
3543
3542
3541
3538
3537
3535
3532
3531
3528
3524
3523
3519
3516
3515
3514
3510
3509
3507
3502
3500
3498
3497
3494
3490
3489
3486
3485
3483
3482
3481
3468
3466
3465
3460
3459
3458
3457
3452
3451
3444
3443
3442
3441
3439
3268
3305
3375
2980
3197
3372
3131
2930
3059
3092
3227
3425
3251
2732
2878
2898
2841
3190
3055
2774
3333
2805
3218
3200
2876
3329
3192
3028
3148
2884
3105
3202
3073
3175
3124
3153
3243
2816
2766
3225
3110
2687
2990
2667
2700
3052
2673
3382
3309
2859
2686
2972
3096
3213
3023
2723
3228
2891
3025
3000
2993
2987
2907
2862
2835
2741
2909
2800
3259
3189
3107
2959
2879
2834
2767
3362
3284
3085
3056
3054
3026
2960
2940
2911
2880
2827
2754
2694
2683
2751
3387
3348
3339
3250
3142
2985
2913
2905
2872
2782
2689
3428
3426
3139
3137
3130
3090
2287
2346
2016
1950
2013
2648
2626
2435
2000
2082
160
230
152
2772
3206
3128
2886
2677
2871
3368
3083
3063
2875
3157
2466
2270
3369
3276
3393
3214
2818
2339
1974
2056
1999
2066
2449
2019
1942
2620
1935
1919
3275
3256
3198
2762
3146
2970
2939
2316
2615
2553
2520
2484
2428
2392
2353
2278
2164
2098
2086
1929
2426
2401
2624
2619
2591
2579
2574
2554
2433
2370
2299
2172
2124
2083
2037
2020
1983
1966
1962
1943
1938
2210
2448
2362
2260
2027
1972
1928
2266
2329
2599
2387
2432
2075
2572
2274
1970
2390
2610
2566
2474
2453
2425
2416
2411
2397
2335
2248
2226
2209
2186
2126
2085
2065
2345
2151
2608
2593
2578
2575
2573
2561
2556
2482
2430
2429
2354
2348
2276
2271
2233
2123
2104
2095
2093
2046
2005
1964
1918
2434
2259
2819
3332
2914
2847
2833
2672
3017
2684
3261
3072
3070
3038
3422
3421
3360
3355
3087
2989
2973
2849
2753
2720
2665
2661
3264
2932
3174
3036
3033
2942
2915
2664
3145
2727
3380
3160
3076
3024
2870
3295
3420
3298
3419
3386
3378
3350
3280
3239
3116
3101
2950
2853
2828
2812
2781
2742
2737
2881
3415
3370
3210
3207
3191
3176
3162
3154
2957
2951
2865
2845
2685
2662
3628
3670
3661
3635
3548
3455
3979
3838
3790
3527
3785
3772
3707
3658
3637
3605
3603
3565
3462
3621
3926
3902
3852
3736
3702
3672
3526
3839
3712
3547
3504
3858
3477
3928
3804
3788
3654
3578
3480
3916
3888
3847
3589
3522
3828
3800
3964
3945
3927
3825
3803
3752
3738
3612
3554
3469
3817
3688
3611
3492
3950
3573
3552
3521
3520
3496
3966
3750
3693
3491
3471
3970
3873
3737
3683
3656
3563
3512
3938
3889
3841
3760
3674
3604
3533
3484
3475
3449
3438
3968
3944
3943
3930
3929
3884
3880
3860
3831
3830
3824
3796
3697
3687
3667
3625
3618
3596
3586
3461
3456
3448
3971
3877
3842
3805
3780
3734
3576
3545
3779
3609
3517
868
857
698
3111
2707
3057
2964
3263
3164
2660
2659
2658
2657
2656
2655
2654
2652
2646
2645
2644
2642
2641
2639
2638
2637
2636
2634
2633
2632
2631
2630
2628
2627
2625
2623
2622
2621
2618
2614
2613
2612
2611
2607
2606
2604
2603
2602
2601
2600
2596
2594
2590
2587
2586
2585
2584
2583
2581
2580
2576
2571
2570
2568
2565
2564
2563
2560
2559
2558
2557
2552
2551
2550
2549
2548
2546
2545
2541
2540
2539
2537
2536
2535
2534
2532
2531
2528
2526
2525
2524
2523
2522
2521
2518
2517
2514
2513
2512
2507
2506
2505
2504
2503
2502
2501
2500
2499
2497
2495
2494
2493
2492
2490
2489
2488
2487
2486
2485
2483
2481
2480
2479
2478
2477
2476
2473
2472
2469
2467
2464
2462
2460
2459
2455
2452
2446
2445
2444
2443
2442
2441
2440
2438
2437
2431
2427
2424
2423
2422
2418
2415
2414
2412
2410
2409
2408
2407
2406
2405
2404
2403
2402
2400
2396
2395
2393
2391
2389
2388
2386
2383
2381
2380
2379
2376
2375
2374
2373
2371
2369
2367
2366
2365
2363
2361
2360
2359
2357
2356
2352
2342
2341
2340
2334
2331
2330
2326
2324
2323
2322
2318
2317
2314
2313
2312
2311
2310
2309
2308
2307
2306
2305
2304
2303
2301
2300
2297
2296
2291
2290
2288
2280
2277
2275
2273
2272
2265
2262
2261
2258
2257
2256
2253
2252
2251
2249
2245
2244
2243
2242
2240
2237
2236
2235
2234
2232
2231
2230
2229
2227
2222
2221
2220
2219
2218
2217
2216
2214
2213
2212
2211
2208
2206
2205
2204
2203
2202
2201
2200
2197
2195
2193
2192
2190
2188
2184
2181
2179
2177
2175
2173
2171
2170
2168
2166
2165
2163
2162
2161
2159
2157
2156
2155
2154
2152
2150
2147
2146
2145
2142
2141
2140
2139
2136
2131
2130
2129
2122
2121
2120
2119
2118
2115
2114
2112
2110
2109
2108
2107
2106
2105
2103
2100
2099
2097
2096
2094
2092
2091
2090
2089
2088
2084
2080
2078
2077
2076
2074
2073
2070
2069
2067
2064
2063
2061
2060
2059
2058
2057
2055
2051
2050
2049
2048
2045
2044
2043
2041
2040
2036
2035
2034
2033
2030
2029
2026
2025
2023
2022
2021
2017
2014
2012
2011
2008
2006
2004
1997
1996
1994
1993
1991
1990
1989
1988
1987
1986
1985
1984
1982
1981
1980
1979
1978
1977
1975
1973
1971
1969
1968
1965
1963
1961
1958
1957
1956
1953
1952
1949
1946
1944
1937
1936
1931
1930
1927
1925
1923
1922
1921
1917
1914
1913
349
672
626
597
1233
4031
4011
3989
3980
660
628
600
578
684
616
589
588
675
670
643
599
661
658
573
621
685
682
