0
4010
3856
1581
891
674
12
2596
550
1560
114
3709
911
3453
607
2269
581
244
401
377
2382
3879
154
1430
1065
3922
859
3732
1071
293
1353
499
3910
864
166
2736
129
4011
386
3999
383
3990
4033
4036
642
4001
3987
4022
4015
594
3980
3982
3994
3997
3998
4004
4009
4014
4023
4026
4030
3981
3986
4020
4021
4031
4038
3995
4000
4017
4019
4002
3988
4018
4013
3989
3993
4027
3985
4003
4037
3996
3991
3992
4016
4007
4025
4005
4006
4032
4034
3983
4028
4012
4029
3984
4035
4024
4008
37
875
3031
3650
3974
215
668
624
1206
3820
608
2457
2842
3748
2569
292
602
358
2079
692
613
287
18
883
1834
1466
210
585
3570
1386
3729
335
11
3071
918
801
3230
638
1096
3935
3798
2470
3183
3451
209
447
1119
43
15
892
2195
3853
1145
74
3268
42
33
3846
256
282
3746
3407
233
90
145
47
1224
255
241
286
3885
749
775
52
2788
1854
3688
205
3408
750
1270
216
379
179
3875
3942
3808
443
267
153
316
3125
1176
1394
841
699
1558
1326
183
1262
279
3704
1967
468
138
1276
234
3854
2541
860
2857
1233
744
70
2740
3807
3589
305
3134
1755
1690
3006
3959
1395
2814
3037
160
2691
648
3282
2704
35
2792
81
904
1046
2595
1586
1208
301
182
3801
2483
356
1027
49
1627
253
3717
97
1253
3560
157
411
71
3744
1760
899
667
1693
757
247
785
112
454
448
2860
207
2998
2168
228
2178
240
3691
3375
1034
155
2952
294
3955
3597
2442
3811
660
3816
1252
854
2808
1362
164
321
336
191
61
743
3928
2922
3699
3413
3733
3582
2975
1546
76
2380
2798
3689
2481
3467
571
2714
2527
2722
656
1194
3575
1105
1002
884
855
384
717
174
852
307
893
192
2106
790
467
868
124
120
220
832
552
3121
894
877
2565
788
327
673
2204
865
3781
3588
3143
3954
406
3619
2885
1713
270
3565
3537
262
289
3946
1996
851
453
3494
3003
3865
2963
1651
1383
202
3939
190
1031
3965
3897
3653
2855
1969
2971
2838
530
125
1200
996
3673
3686
1937
1510
1022
3978
1856
1474
945
3953
572
3882
3765
201
288
3952
1762
206
2441
652
3271
3147
2817
1711
3887
3544
802
721
1797
866
283
1890
193
2437
1442
858
351
245
3694
929
3787
3637
1417
1657
472
2505
464
3742
3305
1057
3444
3290
3676
2230
2015
1295
910
825
3310
3055
2634
1776
3227
3127
3074
2431
846
704
264
3849
2980
1579
1476
1455
1157
649
152
3489
2692
1777
235
110
3890
2774
2219
1486
2422
1607
1354
1264
735
46
3844
671
485
3795
3429
887
879
27
3970
3805
610
34
3925
1147
1038
895
873
870
3839
3606
3059
562
269
2167
1346
349
250
498
371
3678
691
593
219
77
3661
3632
3513
798
1133
871
3751
1521
881
791
95
3749
3441
987
890
86
3727
3044
2721
2621
1301
1240
796
3175
2899
2517
869
3665
3091
2358
1838
1263
874
872
812
740
733
163
3893
3447
3370
2884
2671
1168
725
102
44
3936
3477
3161
1792
1254
1151
710
689
229
63
3745
3724
3660
3217
882
867
476
365
117
6
3848
2776
1297
880
811
761
700
533
32
3859
3806
3457
2824
2100
1664
888
690
3963
886
861
837
821
813
808
799
