0
11
602
892
2483
3230
3071
3031
2842
154
316
3935
3856
3820
3688
3650
3570
3453
2079
1854
1581
1558
1386
1206
292
287
183
52
42
15
358
624
608
1096
2569
4015
750
775
691
816
786
725
702
716
822
714
836
789
4001
4007
859
865
887
881
870
711
715
888
837
710
739
845
756
755
727
850
833
829
827
782
778
738
734
706
690
688
880
843
831
758
718
842
834
818
781
693
855
854
853
852
851
849
848
847
846
844
841
839
838
835
832
826
825
824
821
820
817
815
814
813
812
811
810
809
808
807
806
802
799
797
796
795
794
793
792
791
790
788
787
785
784
783
780
779
777
776
773
772
771
770
768
767
766
765
764
763
762
761
760
759
757
754
753
752
751
749
748
747
746
744
743
742
741
740
737
736
735
733
732
731
730
729
728
726
724
723
722
721
720
717
712
709
708
707
705
704
701
700
696
695
694
692
689
687
2527
2008
3333
2855
3338
3408
3143
2776
3127
3055
2817
2774
3336
3218
3216
2861
2799
2804
2732
2879
3227
3429
2667
3269
2769
2997
3380
3044
3059
3028
3352
2895
2893
2821
3042
3303
3167
2945
3163
3013
2687
3199
3194
3075
3166
2981
3110
2819
3392
3045
3091
3367
2723
3103
2978
2967
2695
3323
2859
3325
3311
3309
3008
2982
2972
2703
2670
2751
2943
2960
3417
3135
3054
2987
2944
2931
2928
2887
2862
2741
2729
2681
2948
2919
2664
3284
3237
3047
2994
2912
2910
2867
2754
2745
2683
2832
3384
3364
3363
3232
3108
3098
3064
3004
2956
2913
2906
2897
2717
2689
2676
3231
2890
2888
3170
3016
3215
3157
3083
2886
2795
3035
3416
3297
3206
3120
3102
3049
2970
2939
2844
2796
2785
2712
3224
3140
3275
3063
2690
2716
3350
2833
2797
2708
3344
3410
3345
3312
3043
2840
3393
2848
2818
2784
3434
3391
3252
3046
2989
2904
2793
2720
2661
3285
3036
2916
2738
3203
3144
3306
3331
3159
2958
3415
3405
3379
3334
3308
3210
3207
3176
3086
3069
3002
2934
2845
2830
2711
2662
3165
1627
1027
3185
3389
3327
2762
2736
2700
3395
3337
3259
2686
3403
3151
3150
3060
3039
2923
2836
2781
3343
2955
1034
47
110
264
174
262
4032
4009
3994
4037
4036
4035
4034
4033
4030
4029
4028
4026
4025
4022
4021
4019
4018
4017
4016
4010
4006
4005
4003
4000
3999
3998
3997
3996
3995
3993
3992
3990
3988
3987
3986
3985
3984
3983
3982
3981
4014
3669
3885
3671
3923
3846
3647
3763
3587
3560
3955
3946
3575
3736
3720
3665
3844
3814
3880
3878
3483
3745
3498
3589
3815
3666
3494
3447
3965
3899
3477
3942
3825
3574
3710
3548
3963
3654
3808
3657
3887
3866
3645
3524
3929
3499
3490
3468
3459
3514
3862
3950
3919
3701
3832
3883
3562
3481
3479
3952
3909
3632
3754
3706
3864
3700
3873
3809
3655
3615
3492
3646
3707
3924
3869
3826
3803
3714
3509
3625
3960
3783
3766
3747
3837
3465
3485
3484
3743
3769
3767
3821
3895
3777
3738
3724
3612
3554
3972
3937
3915
3782
3726
3630
3474
3469
3443
3822
3793
3584
3884
3804
3687
3651
3618
3966
3902
3860
3790
3730
3841
3527
3549
3907
3735
3728
3698
3678
3636
3521
3505
3455
3662
3755
3697
3596
3699
3616
3938
3842
3540
3522
3491
3449
3517
3495
895
894
893
891
890
889
886
885
884
883
882
879
878
877
876
875
874
873
872
871
869
868
867
866
864
863
861
858
856
840
830
828
823
819
805
804
803
800
798
774
769
745
719
713
703
697
686
1270
1264
1176
1924
2080
2621
2263
2382
2632
2580
2178
2175
2422
2375
2401
2181
2034
2168
2238
2245
2167
2177
2383
2545
1930
2566
2277
2321
2041
2415
2427
2466
2207
2122
1942
2522
2443
2110
2660
2012
1928
2606
2536
2499
2331
2114
2488
2453
2366
2214
2085
1977
2535
2628
2618
2313
2603
2599
2274
1970
1950
1931
2634
2297
2000
2236
2173
2345
2232
2350
1986
1953
2280
2489
2476
2460
2077
2357
2049
2035
1975
1934
2465
2134
2325
2242
2226
2211
2145
2141
2160
2126
2365
1935
2338
2259
2648
2626
2171
2061
2025
2022
1958
1927
1914
2625
2574
2573
2560
2300
2276
2240
2121
2088
2026
1997
1962
1946
2655
2654
2646
2601
2579
2559
2551
2532
2521
2520
2504
2477
2430
2423
2386
2354
2290
2278
2244
2237
2218
2190
2184
2179
2172
2139
2131
2123
2108
2103
2090
2083
2064
2055
2043
2040
2033
2020
1984
1966
1929
2377
2318
2304
1952
2251
2400
1693
3432
2582
2399
2368
2185
2176
2155
2031
1926
3436
3435
3433
3431
3430
3428
3427
3426
3425
3424
3423
3422
3421
3419
3418
3414
3413
3412
3411
3407
3402
3401
3400
3399
3398
3397
3396
3394
3390
3388
3387
3383
3382
3381
3378
3377
3376
3375
3374
3373
3372
3371
3370
3369
3368
3365
3362
3360
3359
3358
3357
3356
3354
3353
3351
3349
3348
3347
3346
3342
3341
3340
3339
3335
3332
3330
3329
3328
3326
3324
3322
3321
3320
3319
3318
3317
3316
3315
3314
3313
3310
3307
3305
3302
3301
3300
3299
3298
3296
3294
3293
3292
3291
3288
3287
3286
3283
3282
3281
3280
3279
3277
3276
3274
3273
3272
3271
3270
3268
3267
3266
3264
3262
3261
3260
3258
3257
3256
3255
3254
3253
3251
3250
3249
3247
3246
3244
3243
3242
3241
3240
3239
3238
3236
3235
3234
3229
3228
3226
3225
3223
3221
3220
3219
3217
3214
3213
3212
3211
3209
3208
3204
3202
3201
3200
3198
3197
3196
3195
3193
3192
3191
3190
3189
3188
3187
3184
3183
3182
3181
3180
3179
3177
3175
3174
3172
3171
3169
3161
3160
3158
3156
3155
3154
3153
3152
3149
3148
3147
3146
3145
3142
3141
3139
3138
3137
3134
3133
3132
3131
3130
3129
3128
3126
3125
3124
3123
3122
3121
3119
3118
3117
3116
3115
3114
3113
3112
3109
3107
3106
3105
3104
3099
3096
3095
3094
3093
3092
3090
3089
3088
3087
3085
3084
3082
3081
3080
3079
3078
3077
3076
3074
3073
3072
3070
3068
3067
3066
3065
3061
3058
3056
3053
3052
3051
3050
3048
3041
3040
3038
3037
3033
3032
3030
3029
3027
3026
3025
3024
3023
3022
3021
3018
3017
3015
3014
3012
3010
3009
3007
3006
3000
2998
2996
2995
2993
2992
2991
2990
2988
2986
2985
2984
2983
2980
2977
2975
2974
2973
2969
2966
2965
2963
2962
2961
2959
2957
2954
2953
2952
2951
2950
2949
2947
2946
2942
2940
2937
2936
2935
2933
2932
2930
2929
2927
2926
2925
2924
2922
2921
2920
2918
2917
2915
2914
2911
2909
2908
2907
2905
2903
2902
2901
2900
2899
2898
2896
2894
2892
2891
2889
2884
2882
2881
2880
2878
2877
2876
2875
2874
2873
2872
2871
2870
2868
2866
2865
2864
2863
2860
2858
2857
2856
2854
2853
2852
2851
2850
2849
2847
2846
2843
2841
2839
2837
2835
2834
2831
2829
2828
2827
2825
2824
2823
2820
2816
2815
2812
2811
2810
2809
2808
2807
2806
2805
2803
2802
2801
2800
2798
2794
2792
2791
2790
2789
2788
2787
2786
2783
2782
2780
2779
2778
2777
2773
2772
2771
2770
2768
2767
2766
2765
2763
2761
2759
2758
2757
2756
2755
2753
2752
2750
2749
2748
2747
2746
2744
2743
2742
2739
2737
2735
2734
2733
2731
2730
2728
2727
2726
2722
2721
2719
2718
2715
2714
2713
2710
2709
2706
2705
2702
2701
2699
2698
2697
2696
2694
2692
2688
2685
2684
2682
2680
2679
2675
2674
2673
2672
2671
2669
2668
2666
2665
2663
860
3186
3111
3100
2869
2707
3097
2964
3361
3355
2999
2938
2594
2588
2472
2468
2451
2419
2417
2394
2389
2372
2355
2344
2343
2294
2151
2068
2052
1994
1954
1948
1947
1802
3385
3265
3222
3101
2979
2693
3409
3386
3205
3062
3020
2883
2764
2725
1220
2597
2555
2516
2496
2458
2333
2332
2319
2196
2102
2042
2028
2007
3289
3263
3011
2976
899
3420
3178
3034
2971
2813
3406
3404
3366
3304
3295
3233
3168
3162
3019
3001
2775
2724
1254
1822
1564
1055
1050
937
1797
1002
1544
1527
1140
2826
2677
1387
1031
1890
1301
3872
1193
1098
1253
1443
1328
928
1384
1697
1252
1759
1640
1134
974
3278
3248
3245
3164
3136
3057
3005
2968
2941
2822
2760
2678
1240
1856
1874
1561
1461
1178
1556
923
1499
1218
1138
1562
991
1308
1846
1805
1792
1069
1776
1788
955
1203
1892
1712
1863
1458
1305
1651
1618
1283
1161
1538
1702
1195
1265
1488
1181
1765
1796
1617
1590
1811
1572
468
1839
1614
1517
1772
1537
1346
1330
1849
1826
1530
1389
1336
1205
1056
1244
301
207
77
259
71
70
190
273
91
8
205
145
86
2885
2704
1486
1297
2649
2643
2640
2538
2529
2508
2494
2463
2445
2398
2384
2336
2289
2264
2254
2247
2225
2223
2189
2183
2174
2138
2135
2128
2116
2072
2027
2018
2001
1955
1939
120
206
217
208
279
263
327
89
237
318
16
269
227
344
79
62
189
3290
3173
3003
2838
221
118
254
196
146
302
130
265
29
117
54
331
290
288
188
242
175
284
281
272
197
109
13
19
214
144
20
341
334
297
277
105
85
75
347
246
65
31
147
235
306
78
228
26
343
226
115
92
1653
1375
1084
897
1177
1008
1612
1520
1269
1424
1127
1845
1048
1787
1733
1601
1493
1333
1319
903
1832
1757
1736
1668
1662
1632
1509
1351
1271
1250
1201
1175
1153
1132
1091
1083
1022
960
4027
4023
4020
4004
4002
3980
4038
4013
3991
3925
3954
3600
3463
3444
3677
3979
3978
3977
3976
3975
3974
3973
3971
3970
3969
3968
3967
3964
3962
3959
3958
3957
3956
3953
3951
3949
3948
3947
3945
3944
3943
3941
3940
3939
3936
3934
3933
3932
3931
3930
3928
3927
3926
3921
3920
3918
3917
3916
3914
3913
3912
3911
3910
3908
3906
3905
3904
3903
3901
3900
3898
3897
3896
3894
3893
3892
3891
3890
3889
3888
3886
3882
3881
3879
3877
3876
3875
3874
3871
3870
3868
3867
3865
3863
3859
3858
3857
3855
3854
3853
3852
3851
3850
3849
3848
3847
3845
3843
3840
3839
3838
3836
3835
3834
3833
3831
3830
3829
3828
3827
3824
3823
3819
3818
3817
3816
3813
3812
3811
3810
3807
3806
3805
3802
3801
3800
3799
3798
3797
3796
3795
3794
3792
3791
3789
3788
3787
3786
3785
3784
3781
3780
3779
3778
3776
3775
3774
3773
3772
3771
3770
3768
3765
3764
3762
3761
3760
3759
3758
3757
3756
3753
3752
3751
3750
3749
3746
3744
3742
3741
3740
3739
3737
3734
3733
3731
3729
3727
3725
3723
3722
3721
3719
3718
3717
3716
3715
3713
3712
3711
3709
3708
3705
3704
3703
3702
3696
3695
3694
3693
3692
3691
3690
3689
3686
3685
3684
3683
3682
3681
3680
3679
3676
3675
3674
3673
3672
3670
3668
3667
3664
3663
3661
3660
3659
3658
3656
3653
3652
3649
3648
3644
3643
3642
3641
