0
814
4023
2457
74
608
190
293
181
775
3372
3853
2565
2596
4028
2776
3647
192
2204
3676
607
228
624
15
37
891
895
1194
854
2952
3887
3407
282
750
97
1119
3875
871
205
1096
3131
153
3338
757
335
749
201
2895
3846
3992
3990
4019
2017
3988
3986
816
2860
3984
3744
110
3539
2481
453
255
3453
61
2483
911
3942
3161
3720
3200
3955
530
692
126
1560
301
534
411
4036
90
3147
1022
256
384
3688
44
307
235
3127
4022
2269
3983
3987
1890
3103
191
267
147
4024
3679
2963
859
1297
3143
667
3121
881
875
3037
790
878
861
794
729
802
3457
873
52
3125
1252
11
292
613
1087
2704
1111
3088
3044
550
1934
3126
2545
3928
3681
3691
3974
288
3878
3094
3733
447
905
1038
3282
638
1417
2152
1145
3031
2535
3663
935
1558
1220
1974
3266
3859
663
533
910
3897
3589
3669
3849
2621
3003
3789
42
610
3686
3389
209
3270
1755
207
499
2094
1270
3603
76
602
540
3772
386
2375
585
464
3961
138
3856
3839
215
206
3879
47
660
2922
1814
2725
3709
210
2774
429
216
70
3820
904
114
2857
956
2015
379
3922
407
581
1834
1586
155
321
467
2980
3923
3751
2838
3911
3548
574
3977
2167
3954
3083
3322
3336
887
874
866
1387
3905
1002
3216
3053
2799
3218
3354
2595
8
264
3717
4033
4000
3376
2732
3180
253
182
3268
858
3652
2168
2106
2321
2437
2034
2421
2634
3638
3105
2975
3996
1996
3181
2930
2902
3251
306
218
273
152
328
195
4
78
174
4037
3985
4020
4038
4006
4034
3998
4025
4016
4009
3994
4026
4004
4031
4030
4035
4032
4027
4018
4013
4007
4003
4001
3997
3995
3991
3981
4021
4017
3982
3980
4014
4005
3993
4011
3999
4002
4008
3989
4012
4010
594
4029
4015
877
893
870
776
879
884
832
746
894
885
872
867
860
825
735
777
733
886
804
889
742
763
715
783
755
716
718
795
849
772
698
793
787
751
798
710
796
725
714
736
864
765
782
743
827
812
723
709
838
890
869
880
840
831
780
762
813
690
758
769
752
767
727
810
737
720
841
748
826
853
846
829
687
882
876
863
835
797
759
820
711
713
844
843
836
834
809
808
803
770
764
761
747
741
706
703
799
821
760
724
815
800
753
731
719
708
696
778
845
828
823
754
739
726
695
694
806
789
712
850
689
856
855
852
848
847
842
837
833
830
824
819
817
811
807
805
801
792
785
784
781
779
774
773
768
766
745
744
740
738
734
730
728
722
721
705
704
701
699
697
693
688
839
822
771
702
686
732
818
868
791
888
857
756
700
691
707
786
851
717
865
788
883
892
862
347
262
162
163
284
127
254
3871
3895
3583
178
106
129
29
57
312
14
220
337
343
214
16
250
309
139
36
159
164
165
242
302
100
93
32
230
151
94
135
251
225
143
187
183
295
144
140
28
17
2
134
60
311
294
204
120
38
257
3562
3671
3628
3868
3727
3606
3536
2388
3141
3771
399
266
180
101
303
231
121
168
314
297
65
40
342
13
290
229
50
317
92
226
149
115
111
20
265
82
238
338
22
346
81
170
96
329
197
75
193
91
24
158
172
131
285
223
59
185
123
118
113
330
194
150
202
87
310
289
167
41
53
345
344
281
224
156
5
184
21
175
298
212
177
99
236
98
56
320
299
88
54
30
334
239
133
109
79
55
332
280
237
199
186
104
84
73
116
67
322
304
277
258
252
169
141
128
105
69
66
219
95
142
85
3899
3479
3898
3959
3554
3685
3715
3972
3978
3498
3768
3601
3965
3524
3917
3874
3857
3912
3819
3445
3792
3969
3582
3777
3698
3472
3664
3500
3745
3812
3682
3890
3507
3468
3602
3711
3823
3754
3648
3631
3620
3724
3836
3818
3803
3568
3458
3392
2899
2807
2699
2721
3130
3243
3080
2959
3122
3325
2982
2769
3380
2710
2917
3300
2766
2794
3114
3092
2731
2929
2689
2614
2490
2497
2178
2453
2160
3427
2677
2998
2682
2791
2668
3323
3863
3531
3460
441
3144
3404
3236
80
2790
3093
2687
2878
2707
2889
2762
2882
2442
2548
2181
2089
2070
315
260
103
31
7
340
213
2456
2450
2228
2105
2443
2193
1930
2651
2632
2441
2422
2251
2230
2041
2886
3156
3190
3199
2843
3402
3165
3032
313
271
269
261
203
188
176
148
132
125
1
333
331
326
325
324
323
319
318
308
300
296
291
286
283
276
274
272
268
259
249
248
247
244
233
232
227
222
221
217
211
208
200
196
189
179
166
161
154
145
137
130
122
117
108
102
83
72
71
68
62
48
39
33
26
25
23
10
9
6
3
1552
3675
3594
3919
3695
3876
3827
3626
3660
3712
3464
3769
3553
3503
3784
3861
3623
3726
3668
3612
3534
3616
3513
3749
3632
3761
3510
3924
3906
3463
3624
3718
3870
3833
3826
3786
3591
3822
3916
3970
3645
3558
3599
3588
3455
3598
3815
3740
3764
3707
3933
3544
3914
3869
3705
3572
3509
3809
3678
3730
3627
3960
3655
3958
3782
3634
3474
3787
3653
3921
3636
3608
3867
3975
3837
3571
3535
3680
3622
3584
3665
3892
3725
3538
3489
3439
3951
3719
3643
3493
3848
3844
3799
3716
3443
3840
3778
3735
3825
3529
3747
3505
3478
3967
3964
3696
3641
3949
3580
3752
3956
3810
3593
3811
3549
3490
3931
3927
3516
3482
3881
3829
3758
3976
3855
3714
3706
3569
3506
3617
3701
3579
3793
3564
3775
3814
3941
3907
3802
3753
3728
3644
3470
3552
2162
2802
2760
2663
2926
2821
3061
2981
3349
3384
2969
3303
3333
3193
2954
2855
3308
2859
2685
2868
3171
3167
3393
3153
3095
2702
2675
3155
3137
3123
3042
2888
2726
2809
3388
3231
2978
3368
2835
2870
2729
3382
3008
3301
2987
2671
3163
2956
2953
2761
2680
3015
3063
2983
2933
3364
3257
3029
3414
