0
4035
2382
3031
1834
1119
2842
377
244
3688
3808
1253
2857
638
3856
613
581
585
292
3744
207
3854
2922
233
674
282
287
3689
3820
1206
624
875
2470
401
2457
2195
157
114
3650
744
3717
383
594
3987
4016
4007
3989
4033
4027
4011
3991
4036
4032
4029
4028
4025
4024
4019
4015
4013
4012
4009
4006
4004
3996
3994
3993
3992
3990
3985
3984
3983
4003
4026
4000
3997
3988
3981
4038
4037
4030
4017
3995
3986
3982
4031
4020
3980
4023
4021
4018
4014
4005
4002
3999
3998
4034
4010
4008
4001
3865
3607
3859
454
3507
3530
3801
3772
3626
3691
3678
3767
3752
3923
3789
3655
3816
3870
3781
3955
3963
3882
3566
3622
3638
3941
3673
3660
3880
3543
3913
3731
3686
3888
3893
3763
3494
3965
3834
3958
3827
3663
3863
3814
3531
3490
3446
3775
3725
3499
3681
3497
3970
3979
3557
3542
3488
3947
3896
3515
3511
3551
3487
3700
3740
3676
3976
3627
3559
3518
3754
3832
3919
3695
3649
3581
3562
3960
3776
3766
3747
3809
3595
3442
3758
3652
3957
3759
3708
3701
3510
3474
3705
3555
3972
3786
3630
3564
3903
3822
3810
3718
3643
3569
3867
3778
3769
3753
3735
3636
3505
3462
3790
3737
3894
3682
3868
3743
3861
3849
3937
3738
3645
3634
3554
3469
3546
3536
3799
3513
859
871
3736
3548
3503
3454
3475
691
704
749
793
709
707
791
783
767
836
808
789
798
771
714
3628
3552
3491
3785
3707
3637
3590
3926
3702
3526
3520
3496
3683
3477
3944
3889
3873
3642
3517
3448
3521
3492
3966
3750
3693
3471
3824
3697
3674
3654
3545
3780
3755
3576
4022
453
564
364
351
154
145
1996
2245
2505
2219
2442
294
3978
3977
3975
3974
3973
3971
3969
3968
3967
3964
3961
3959
3956
3954
3953
3952
3951
3950
3949
3946
3945
3940
3939
3938
3936
3935
3934
3933
3932
3931
3930
3929
3928
3927
3925
3924
3922
3921
3920
3918
3917
3916
3915
3914
3912
3911
3910
3909
3908
3907
3906
3905
3904
3902
3901
3900
3899
3898
3897
3895
3892
3891
3890
3887
3885
3884
3883
3881
3878
3877
3876
3875
3874
3872
3871
3869
3866
3864
3862
3860
3858
3857
3855
3852
3851
3850
3848
3847
3846
3845
3844
3843
3842
3841
3840
3839
3838
3837
3836
3835
3833
3831
3830
3829
3828
3826
3825
3823
3821
3819
3818
3817
3815
3813
3812
3811
3807
3806
3805
3804
3803
3802
3800
3796
3795
3794
3793
3792
3791
3788
3787
3784
3783
3782
3777
3774
3773
3771
3770
3768
3765
3764
3762
3761
3760
3757
3751
3749
3746
3745
3742
3739
3734
3733
3732
3730
3729
3728
3727
3726
3724
3723
3722
3720
3719
3716
3715
3714
3713
3712
3711
3710
3709
3706
3704
3703
3698
3696
3694
3690
3687
3685
3680
3679
3675
3672
3671
3670
3669
3668
3667
3666
3665
3664
3662
3661
3659
3658
3657
3656
3653
3648
3647
3646
3644
3641
3640
3639
3635
3632
3631
3629
3625
3624
3623
3620
3619
3618
3617
3616
3615
3614
3613
3612
3611
3610
3608
3606
3605
3604
3603
3602
3601
3600
3599
3598
3597
3596
3594
3593
3592
3591
3589
3588
3587
3585
3584
3583
3582
3580
3579
3578
3575
3574
3573
3572
3571
3568
3567
3565
3563
3561
3560
3558
3553
3550
3549
3547
3544
3541
3539
3538
3537
3535
3534
3533
3532
3529
3528
3527
3525
3524
3523
3522
3519
3516
3514
3512
3509
3508
3506
3504
3502
3500
3498
3493
3489
3486
3485
3484
3483
3482
3481
3480
3479
3478
3476
3473
3472
3470
3468
3467
3466
3465
3464
3463
3461
3460
3459
3458
3457
3455
3452
3451
3450
3449
3447
3445
3444
3443
3441
3439
3438
885
858
895
879
868
884
3948
3779
3677
3621
3586
3501
3495
857
711
832
877
761
890
840
837
769
716
820
790
762
886
878
863
861
815
768
752
733
720
848
831
830
816
778
777
751
697
696
695
688
849
814
760
755
724
880
828
827
809
781
759
758
748
728
718
855
854
853
852
851
850
847
846
845
844
843
842
841
839
838
835
834
833
829
826
824
822
821
819
818
817
813
812
807
806
805
802
799
797
796
795
794
792
788
787
786
785
784
782
780
779
775
773
770
766
765
764
763
757
756
754
746
743
742
741
740
739
738
737
736
735
734
732
731
730
727
726
725
723
722
721
717
715
712
710
706
705
702
701
700
699
694
693
692
690
689
687
3962
3943
3886
3797
3756
3741
3721
3692
3684
3651
3633
3609
3577
3556
3540
3456
3440
529
533
588
631
621
666
684
611
579
633
592
574
650
635
670
599
661
615
685
612
573
593
647
671
522
457
535
470
570
445
565
572
571
569
568
562
552
551
541
534
532
530
521
519
501
498
495
478
476
472
468
467
466
464
459
450
448
447
443
441
437
429
418
411
406
399
393
386
385
384
382
381
379
372
371
365
362
358
356
349
198
327
164
182
36
106
70
86
5
78
52
222
135
152
250
333
2
219
46
243
120
183
96
311
45
20
296
102
187
179
225
177
344
134
59
346
330
260
254
196
314
241
299
1
214
317
258
77
42
337
167
338
326
226
297
265
169
13
276
270
88
83
76
73
3
266
180
101
80
267
237
190
61
158
334
313
281
236
127
123
121
105
293
174
89
140
343
144
116
115
259
340
246
87
95
306
273
2130
2634
1937
2041
2528
1961
1956
2017
2230
2621
1924
2641
2426
1992
1988
2487
2281
2094
2152
1949
2535
