0
4010
550
3990
3987
4015
210
2569
892
1206
3798
3650
37
2842
918
692
608
624
3453
4001
33
256
3407
642
90
47
775
1233
3134
3282
648
157
2168
1252
3003
735
95
3980
3981
3982
3994
3995
3997
3998
4004
4009
4014
4020
4021
4023
4026
4030
4031
4038
3986
4000
4017
4018
4019
3988
4002
3985
3993
4013
3989
4027
4003
4011
4037
3996
3999
3992
3991
4005
179
3983
4032
4006
4028
4036
42
4012
4029
4024
4035
4022
4016
4007
4025
3984
4008
2596
3709
674
2195
335
358
891
875
15
18
1386
883
2269
114
1581
911
43
638
12
613
3729
3820
292
1145
3451
3856
3183
3071
447
3935
3570
2470
607
1560
3974
585
74
3230
3853
1466
3748
1119
11
3031
602
209
801
1096
668
2079
1834
287
215
2457
233
3846
244
3268
282
3746
581
286
145
4034
401
3885
241
749
377
255
1224
860
3922
1270
2788
859
2704
2857
205
3875
379
1395
3959
52
3688
3408
699
153
1854
2814
1176
3808
3704
1276
841
234
2382
1755
3854
468
1558
183
2740
138
35
3732
3807
2541
279
3125
1690
1326
70
744
3942
3006
305
154
1430
443
1394
1065
216
1262
3879
750
316
160
267
1967
3589
2792
3037
2691
4033
81
383
386
3801
904
301
1586
2595
1046
2483
1027
1627
1208
182
155
253
1071
3560
3744
1693
411
97
1760
356
3691
3717
1253
247
785
899
71
656
336
667
854
3733
3575
2714
743
293
49
2808
3811
76
1353
3597
1034
3955
3816
2952
112
3375
448
294
228
2442
1546
660
2860
2178
61
321
240
2798
2722
1362
454
3582
3467
2975
3689
2481
3413
571
3928
2998
499
191
2922
207
3699
164
2380
757
2527
1194
1002
1105
717
3954
2106
174
893
270
855
3121
884
832
307
120
852
552
790
124
3897
788
1996
3765
2855
2838
865
2441
192
384
1937
1022
3946
3673
3619
1510
572
288
3910
3565
3143
594
3952
3494
2885
2565
406
3781
1762
868
327
262
996
1969
1031
453
201
1474
877
289
894
652
2971
1200
673
467
125
3653
3537
1713
1383
2963
202
3978
3953
3588
851
530
220
190
3965
945
166
3865
1856
3939
2204
3882
206
866
3686
1651
3544
1890
864
1711
3271
3147
1657
802
704
2817
858
464
3887
1797
472
3694
2422
1486
1442
721
27
3890
2015
3637
2634
250
3290
610
283
3489
3429
3059
2431
879
1417
1354
1264
193
152
3839
3805
3444
1607
351
235
2692
2219
1157
1057
910
671
3127
2437
1038
562
3795
3074
1476
3925
3742
3676
3055
2774
2736
1346
1295
1147
264
110
2230
1777
1776
1455
929
245
3849
3678
3310
485
46
3787
3606
2980
895
349
3305
3227
2167
887
825
2505
1579
649
3844
3749
3091
798
371
3513
1133
873
593
77
3432
846
700
498
34
791
340
32
3751
2899
2100
1168
691
3977
3661
2580
1263
869
796
740
3745
881
871
269
3963
3217
2375
1838
872
870
102
6
3893
3727
3665
2721
1759
1297
1254
890
874
867
733
219
44
3970
3936
3441
3270
3175
3044
2671
886
885
880
811
761
725
533
390
86
3632
2621
2227
1792
1151
987
882
767
710
690
689
476
3848
2528
2493
2456
2388
2358
1664
1521
1301
821
816
812
808
776
751
746
702
229
117
3477
3161
2884
1974
937
889
888
878
876
863
861
856
853
850
849
848
847
845
844
843
842
840
839
838
837
836
835
834
833
831
830
829
828
827
826
824
823
822
820
819
818
817
815
814
813
810
809
807
806
805
804
803
800
799
797
795
794
793
792
789
787
786
784
783
782
781
780
779
778
777
774
773
772
771
770
769
768
766
765
764
763
762
760
759
758
756
755
754
753
752
748
747
745
742
741
739
738
737
736
734
732
731
730
729
728
727
726
724
723
722
720
719
718
716
715
714
713
712
711
709
708
707
706
705
703
701
698
697
696
695
694
693
688
687
686
163
3908
3806
3660
3447
3372
3370
2767
2321
2263
1924
1701
1498
1240
1087
657
365
147
129
63
3961
3864
3859
3724
3652
3552
3436
3424
3389
3159
2651
2008
549
393
347
317
64
3923
3899
3789
3647
3457
2902
2811
2017
1855
1058
985
679
338
263
237
151
131
126
51
3834
3827
3323
3322
3094
3045
2824
2517
1961
1552
655
480
91
3843
3813
3771
3755
3669
3548
3530
3317
3216
2776
2632
2245
2094
2041
1949
1731
1477
1461
1372
1008
935
300
296
230
217
8
3941
3932
3905
3904
3814
3812
3723
3716
3700
3600
3445
3428
3398
3336
3334
3266
3235
3126
2805
2732
2182
2034
1956
1654
1640
1140
1103
1053
923
621
319
273
259
189
78
54
3934
3916
3914
3712
3607
3551
3461
3376
3165
3131
2930
2903
2678
2175
1977
1865
1697
1506
1414
1203
1111
912
672
586
399
364
311
243
195
167
106
93
83
3973
3911
3901
3876
