0
1581
11
3134
883
90
3885
3808
3709
3650
3570
3453
3451
47
602
585
581
1854
1834
1176
15
4008
1096
305
1386
788
725
689
859
750
854
712
794
732
714
855
839
836
822
821
809
808
806
802
796
791
789
786
785
775
771
768
767
757
756
744
743
740
736
733
717
716
707
704
702
699
692
691
3565
3751
886
858
881
893
846
826
812
723
864
735
888
729
832
763
710
727
852
885
873
761
837
807
783
770
728
815
799
795
790
752
737
720
715
711
700
853
851
850
847
833
829
817
816
813
784
782
780
778
773
762
751
746
742
738
734
722
706
701
690
849
814
797
769
760
755
845
843
838
831
805
793
792
787
781
779
765
764
759
758
741
739
730
718
694
848
844
842
835
834
830
827
824
823
820
818
777
766
754
753
748
731
726
724
721
719
709
705
696
695
693
688
687
686
4038
4002
3983
4013
4029
3996
3981
3995
4012
4026
4021
4014
3653
3477
3789
3727
3923
3749
3632
3955
3575
3882
3700
3736
3638
3928
3806
3776
3666
3458
3973
3447
3975
3579
3818
3711
3648
3646
3897
3743
3901
3922
3812
3606
3681
3958
3896
3855
3511
3839
3747
3506
3493
3627
3598
3695
3960
3933
3791
3766
3607
3769
3459
3622
3532
3821
3675
3519
3476
3764
3951
3947
3869
3822
3559
3786
3891
3909
3829
3634
3977
3865
3740
3713
3710
3685
3949
895
894
890
889
887
884
882
880
879
878
877
876
875
874
872
871
870
869
868
867
866
865
863
861
856
840
828
825
819
811
810
804
803
800
798
776
774
772
747
745
713
708
703
697
3904
3849
3733
3600
3693
4037
4036
4033
4032
4031
4030
4028
4027
4025
4024
4023
4022
4020
4019
4018
4017
4016
4015
4010
4009
4007
4006
4005
4004
4003
4001
4000
3999
3998
3997
3994
3993
3992
3991
3990
3988
3987
3986
3985
3984
3982
160
234
70
338
52
97
157
6
309
220
279
190
327
89
167
222
296
177
320
137
288
94
302
57
51
19
29
316
195
181
78
274
333
226
149
116
299
194
3407
3429
3427
2926
2963
3436
3012
3251
3180
3131
2732
2767
3235
2799
3402
3208
2721
2671
2774
3317
3030
2837
3121
3059
3249
2687
3099
2803
3094
3042
2667
3093
3058
2846
3143
3315
3123
2766
3048
3260
3050
2832
2723
3323
2859
2668
3008
3303
2928
2945
3193
3293
3073
2987
2907
2683
2834
3301
3149
3065
2943
2911
2880
3014
2985
3363
3339
3324
3232
3184
3064
3022
2967
2835
2717
2673
3114
2978
2710
3063
2768
3066
3310
3146
3313
3416
3155
2844
2865
3274
2840
2783
3341
3434
3299
3224
3140
3120
2989
3219
2871
2925
2916
2705
2676
2738
3255
3069
2690
3306
3160
2860
3244
2958
2787
3351
3267
3201
3082
2992
2991
2853
2828
2742
2818
3332
3203
3068
2957
2711
1046
3574
3462
3680
3635
3617
3552
3502
3479
3547
3689
3902
3526
3611
3970
3938
3884
3609
3449
3971
3968
3842
3756
3692
3651
3586
3557
3545
3448
3979
3978
3976
3974
3972
3969
3967
3966
3965
3964
3963
3959
3957
3956
3954
3953
3952
3950
3946
3945
3944
3942
3941
3940
3939
3937
3936
3934
3932
3931
3930
3929
3927
3926
3925
3924
3921
3920
3919
3918
3917
3916
3915
3914
3913
3912
3911
3910
3908
3907
3906
3905
3903
3900
3899
3898
3895
3894
3893
3892
3890
3889
3888
3887
3886
3883
3881
3880
3879
3878
3876
3875
3874
3873
3871
3870
3868
3867
3866
3864
3863
3862
3860
3859
3858
3857
3854
3853
3852
3850
3848
3847
3846
3845
3844
3843
3841
3840
3838
3837
3836
3835
3834
3833
3832
3831
3828
3827
3826
3825
3824
3823
3819
3817
3816
3815
3814
3813
3811
3810
3809
3807
3805
3804
3803
3802
3801
3800
3799
3798
3796
3795
3794
3793
3792
3790
3788
3787
3785
3784
3783
3782
3781
3780
3779
3778
3777
3775
3774
3773
3772
3771
3770
3768
3767
3765
3763
3762
3761
3760
3759
3758
3757
3755
3754
3753
3752
3748
3746
3745
3744
3742
3739
3738
3737
3735
3734
3732
3731
3730
3729
3728
3726
3725
3724
3722
3720
3719
3718
3717
3716
3715
3714
3712
3708
3707
3706
3705
3704
3703
3702
3701
3699
3698
3697
3696
3694
3691
3690
3688
3687
3686
3683
3682
3679
3678
3677
3676
3673
3672
3671
3670
3669
3668
3667
3665
3664
3663
3662
3661
3660
3659
3658
3657
3656
3655
3654
3652
3649
3647
3645
3644
3643
3642
3641
3640
3639
3637
3636
3633
3631
3630
3629
3628
3626
3625
3624
3623
3621
3620
3619
3618
3616
3615
3614
3613
3612
3610
3608
3605
3604
3603
3602
3601
3599
3597
3596
3595
3594
3593
3591
3590
3589
3588
3587
3585
3584
3583
3582
3581
3580
3578
3577
3576
3573
3572
3571
3569
3568
3567
3566
3564
3563
3562
3560
3558
3555
3554
3553
3551
3549
3548
3546
3544
3543
3542
3541
3540
3539
3538
3537
3536
3535
3534
3533
3531
3530
3529
3528
3527
3524
3523
3522
3521
3520
3518
3517
3516
3515
3514
3513
3512
3510
3509
3508
3507
3505
3504
3503
3500
3499
3498
3497
3496
3494
3492
3491
3490
3489
3488
3486
3485
3484
3483
3482
3481
3480
3478
3475
3474
3473
3472
3471
3470
3469
3468
3467
3466
3465
3464
3463
3461
3460
3457
3455
3452
3450
3446
3445
3444
3443
3442
3441
3440
3439
3438
862
857
698
3272
3144
2951
3419
3379
3264
3189
3087
2955
2793
2781
2665
3396
3292
3214
2836
2734
2831
679
619
600
625
623
659
650
576
595
612
573
202
3961
3861
3723
3487
3454
351
468
466
657
377
198
530
410
382
229
208
79
2382
2168
4011
3989
3980
654
470
371
418
666
362
3335
2894
152
242
48
318
122
53
50
290
271
236
224
113
341
199
141
345
323
252
186
134
105
98
66
347
168
22
346
344
343
342
340
337
336
335
334
332
331
330
329
328
326
325
324
321
319
317
315
314
313
312
311
310
307
306
303
301
300
298
297
295
294
293
291
289
287
286
285
284
283
282
281
280
278
277
276
275
273
272
270
268
267
266
265
264
263
262
261
260
259
258
257
256
254
253
251
250
249
248
247
245
244
243
241
240
239
238
237
235
233
232
231
230
228
227
225
223
221
219
218
217
216
215
214
213
212
211
210
209
207
206
204
203
201
200
197
196
193
192
191
188
187
185
184
183
182
180
179
178
176
175
174
172
170
166
165
164
163
162
161
159
158
155
153
151
148
147
145
144
143
142
140
139
138
135
133
132
131
130
129
128
127
126
125
124
123
121
118
117
115
114
112
111
110
109
108
106
104
102
101
100
99
96
95
93
92
91
88
86
85
84
83
82
81
80
77
76
75
74
73
72
71
69
68
65
63
62
61
60
59
55
54
49
46
45
44
42
41
40
39
38
36
35
33
32
31
30
28
27
26
25
24
23
20
17
16
14
13
12
10
9
8
5
4
3
2
1
2971
3302
1276
2813
3435
3433
3432
3431
3430
3428
3426
3425
3424
3423
3422
3421
3420
3418
3417
3415
3414
3413
3411
3410
3409
3408
3405
3403
3401
3400
3399
3398
3397
3395
3394
3393
3392
3391
3390
3389
3388
3387
3384
3383
3382
3381
3380
3378
3377
3376
3375
3374
3373
3372
3371
3370
3369
3368
3367
3365
3364
3362
3360
3359
3358
3357
3356
3354
3353
3352
3350
3349
3348
3347
3346
3345
3344
3343
3342
3340
3338
3337
3336
3334
3333
3330
3329
3327
3326
3325
3322
3321
3320
3318
3316
3314
3312
3311
3309
3308
3307
3305
3300
3298
3297
3296
3294
3291
3288
3287
3286
3285
3284
3283
3282
3281
3280
3279
3277
3276
3275
3273
3271
3270
3269
3268
3266
3262
3261
3259
3257
3256
3254
3253
3252
3250
3247
3246
3243
3242
3241
3240
3239
3238
3237
3236
3234
3231
3230
3229
3228
3227
3226
3225
3223
3221
3220
3218
3217
3216
3215
3213
3212
3211
3210
3209
3207
3206
3204
3202
3200
3199
3198
3197
3196
3195
3194
3192
3191
3190
3188
3187
3185
3183
3182
3181
3178
3177
3176
3175
3174
3172
3171
3170
3169
3167
3166
3163
3161
3159
3158
3157
3156
3154
3153
3152
3151
3150
3148
3147
3145
3142
3141
3139
3138
3137
3135
3133
3132
3130
3129
3128
3127
3126
3125
3124
3122
3119
3118
3117
3116
3115
3113
3112
3110
3109
3108
3107
3106
3105
3104
3103
3102
3098
3096
3095
3092
3091
3090
3089
3088
3086
3085
3084
3083
3081
3080
3078
3077
3076
3075
3074
3072
3071
3070
3067
3061
3060
3056
3055
3054
3053
3052
3051
3049
3047
3046
3045
3044
3043
3041
3040
3039
3038
3037
3036
3035
3034
3033
3032
3029
3028
3027
3026
3025
3024
3023
3021
3018
3017
3016
3015
3013
3010
3009
3007
3006
3004
3002
3000
2998
2997
2996
2995
2994
2993
2990
2988
2986
2984
2983
2982
2981
2980
2977
2975
2974
2973
2972
2970
2969
2966
2965
2962
2961
2960
2959
2956
2954
2953
2952
2950
2949
2948
2947
2946
2944
2942
2940
2939
2938
2937
2936
2935
2934
2933
2932
2931
2930
2929
2927
2924
2923
2922
2921
2920
2919
2918
2917
2915
2914
2913
2912
2910
2909
2908
2906
2905
2904
2902
2901
2900
2899
2898
2897
2896
2895
2893
2891
2890
2889
2888
2887
2886
2884
2882
2881
2879
2878
2877
2876
2875
2874
2873
2872
2870
2868
2867
2866
2864
2863
2862
2861
2858
2857
2856
2855
2854
2852
2851
2850
2849
2848
2847
2845
2843
2842
2841
2839
2833
2830
2829
2827
2825
2824
2823
2821
2820
2819
2817
2816
2815
2812
2811
2810
2809
2808
2807
2806
2805
2804
2802
2801
2800
2798
2797
2796
2795
2794
2792
2791
2790
2789
2788
2786
2785
2784
2782
2780
2779
2778
2777
2776
2775
2773
2772
2771
2770
2769
2765
2763
2762
2761
2759
2758
2757
2756
2755
2754
2753
2751
2750
2749
2748
2747
2746
2745
2744
2743
2741
2739
2737
2736
2735
2733
2731
2730
2729
2728
2727
2726
2722
2720
2719
2718
2716
2715
2714
2713
2712
2709
2708
2706
2703
2702
2701
2700
2699
2698
2697
2696
2695
2694
2692
2691
2689
2688
2686
2685
2684
2682
2681
2680
2679
2675
2674
2672
2670
2669
2666
2664
2663
2662
2661
860
3186
3111
3020
2707
3097
3355
3319
2999
2941
2903
2693
1908
1762
1690
3385
3361
3265
3248
3101
2979
2764
3386
3278
3258
3205
3165
3079
3062
2976
2964
2760
2725
1546
3289
3179
3011
3412
3406
3404
3366
3331
3304
3295
3233
3168
3162
3100
3019
3001
2892
2869
2752
2724
1401
937
1253
1586
1731
1784
1773
905
1749
985
3962
3948
3943
3877
3872
3851
3830
3797
3750
3741
3721
3684
3674
3592
3561
3556
3550
3525
3501
3495
3456
3437
1825
1106
1356
1585
1518
970
1247
900
1134
1239
3328
3263
3245
3222
3164
3136
3057
3005
2968
2883
2822
2678
1678
1715
1304
1249
1127
1696
1500
986
1234
1040
1138
1815
1686
1306
1072
1168
941
1775
1676
1328
1174
1831
1781
1703
1236
1035
1245
1451
1037
1910
1885
1646
914
1422
1030
955
1378
1257
1837
1787
1733
1601
1493
1363
992
1442
1309
1873
1862
1764
1426
1413
1227
1221
1108
1082
1081
1044
1009
989
1709
1716
1647
1578
957
1052
1872
1515
1215
1019
663
655
543
541
510
407
1710
536
1786
1595
1495
1455
1427
1284
1204
1066
954
948
1332
641
519
490
403
569
685
684
682
681
680
678
677
676
675
673
672
671
670
668
667
665
664
662
661
660
658
656
653
648
647
646
644
643
640
639
638
636
635
633
632
631
630
628
627
626
624
622
621
620
618
617
616
615
611
609
608
607
605
603
599
598
597
593
592
590
589
588
587
586
584
583
582
579
578
577
575
574
480
173
1473
1348
949
518
457
652
645
634
610
555
450
439
396
1881
1878
1844
1744
1677
1487
601
537
513
496
493
487
471
462
430
394
572
571
568
567
565
564
562
560
557
556
554
552
551
550
549
548
547
546
545
540
539
535
534
533
532
531
529
528
527
522
521
516
514
509
505
504
503
502
501
499
498
495
494
491
489
488
486
485
481
478
477
476
474
472
469
467
464
463
459
458
455
454
453
452
449
448
447
446
445
443
442
441
440
437
435
434
433
429
426
424
422
421
416
413
411
409
406
401
399
398
397
393
390
388
386
385
384
383
381
380
379
375
374
373
372
369
368
367
365
364
363
361
359
358
357
356
355
354
352
350
349
2740
2704
1297
189
150
119
64
2595
2527
2106
2456
2441
2422
2051
2548
2100
2167
2545
2158
2421
2204
2017
2515
2466
2444
2170
1974
2628
2089
2301
2281
2181
2152
2091
2297
1927
2658
2648
