0
3853
1145
3729
3453
674
550
383
316
183
47
42
3974
12
1119
33
4003
4029
3992
3988
4016
4030
3982
3998
4038
4037
4036
4035
4034
4033
4032
4028
4027
4026
4025
4024
4023
4022
4021
4020
4019
4018
4017
4014
4013
4012
4009
4007
4006
4005
4004
4002
4001
4000
3999
3997
3996
3995
3994
3993
3991
3990
3987
3986
3985
3983
3981
796
854
832
816
836
689
3854
3704
3801
3844
3720
3446
3513
3686
3539
3490
3447
3899
3914
3818
3870
3767
3897
3912
3868
3657
3541
3473
3622
3499
3549
3925
3483
3646
3509
3639
3960
3783
3866
3534
3895
3823
3826
3706
3486
3881
3601
3969
3793
3737
3743
3937
3876
3778
3735
3713
3710
3629
3615
3608
3599
3557
4031
3989
3980
3904
3733
3566
648
662
599
879
726
843
889
882
878
847
762
751
722
694
890
754
724
701
856
855
853
852
851
850
849
848
846
845
844
842
841
840
839
838
837
835
834
833
831
830
829
827
826
824
822
821
820
818
817
815
814
813
812
809
808
807
806
804
802
801
799
798
797
795
794
793
792
791
790
789
788
787
786
785
784
783
782
781
780
779
778
777
773
771
770
769
768
767
766
765
764
763
761
760
759
758
757
756
755
753
752
750
749
748
746
745
744
743
742
741
740
739
738
737
736
735
734
733
732
731
730
728
727
725
723
721
720
718
717
716
715
714
712
711
710
709
707
706
705
704
703
702
700
699
696
695
693
692
691
690
688
687
3731
3452
3575
3670
3654
3635
3617
3574
3502
3479
3603
3902
3522
3828
3825
3752
3738
3552
3521
3496
3471
3683
3563
3943
3796
3687
3586
3734
3979
3978
3977
3976
3975
3973
3972
3971
3970
3968
3967
3966
3965
3964
3963
3961
3959
3958
3957
3956
3955
3953
3952
3951
3950
3949
3947
3946
3945
3944
3942
3941
3940
3939
3938
3936
3934
3933
3932
3931
3930
3929
3928
3927
3926
3924
3923
3922
3921
3920
3919
3918
3917
3916
3915
3913
3911
3910
3909
3908
3907
3906
3905
3903
3901
3900
3898
3896
3894
3893
3892
3891
3890
3889
3888
3887
3885
3884
3883
3882
3880
3879
3878
3875
3874
3873
3871
3869
3867
3865
3864
3863
3862
3860
3859
3858
3857
3856
3855
3852
3850
3849
3848
3847
3845
3843
3842
3841
3840
3839
3838
3837
3836
3835
3834
3833
3832
3831
3829
3827
3824
3822
3821
3820
3819
3817
3816
3815
3814
3813
3812
3811
3810
3809
3808
3807
3806
3805
3804
3803
3802
3800
3799
3798
3795
3794
3792
3791
3790
3789
3788
3787
3786
3785
3784
3782
3781
3780
3777
3776
3775
3774
3773
3772
3771
3770
3769
3768
3766
3765
3764
3763
3762
3761
3760
3759
3758
3757
3755
3754
3753
3751
3749
3747
3746
3745
3744
3742
3740
3739
3736
3732
3730
3728
3727
3726
3725
3724
3722
3719
3718
3717
3716
3715
3714
3712
3711
3709
3708
3707
3705
3703
3702
3701
3700
3699
3698
3697
3696
3695
3694
3693
3691
3690
3689
3688
3685
3682
3681
3680
3679
3678
3676
3675
3673
3672
3671
3669
3668
3667
3666
3665
3664
3663
3662
3661
3660
3659
3658
3656
3655
3653
3652
3651
3650
3649
3648
3647
3645
3644
3643
3642
3641
3640
3638
3637
3636
3634
3632
3631
3630
3628
3627
3626
3625
3624
3623
3620
3619
3618
3616
3614
3613
3612
3611
3610
3607
3606
3605
3604
3602
3600
3598
3597
3596
3595
3594
3593
3591
3590
3589
3588
3587
3585
3584
3583
3582
3581
3580
3579
3578
3576
3573
3572
3571
3569
3568
3567
3565
3564
3562
3560
3559
3558
3555
3554
3553
3551
3548
3547
3546
3545
3544
3543
3542
3538
3537
3536
3535
3533
3532
3531
3530
3529
3528
3527
3526
3524
3523
3520
3519
3518
3516
3515
3514
3512
3511
3510
3508
3507
3506
3505
3504
3503
3500
3498
3497
3494
3493
3492
3491
3489
3488
3485
3484
3482
3481
3480
3478
3477
3476
3475
3474
3472
3470
3469
3468
3467
3466
3465
3464
3463
3462
3461
3460
3459
3458
3457
3455
3451
3450
3449
3448
3445
3444
3443
3442
3441
3439
3438
3779
3633
3621
3517
3456
865
684
623
603
4011
677
1362
574
3861
3723
3487
3454
572
529
655
618
685
682
681
675
672
671
670
665
664
663
661
660
659
658
657
654
653
652
650
647
643
642
640
638
636
635
633
632
631
628
627
626
625
622
621
619
617
616
615
613
612
611
608
605
600
598
597
595
592
590
589
588
585
583
582
581
579
578
577
576
575
573
437
620
377
680
666
530
2178
2431
2439
2422
2100
2106
2105
2383
2048
2170
2545
2113
2562
2034
2628
2565
2320
2581
2349
2092
2099
2012
1952
2166
2505
2288
2214
1960
2539
2060
2599
2487
2277
2236
2152
2524
2075
2458
2243
2110
2403
2286
2361
2091
2497
2428
2121
2077
1938
2612
2186
2233
2218
2637
2603
2310
2272
2205
2029
2455
2412
1915
2608
2191
2202
2016
2655
2638
2631
2630
2613
2601
2600
2564
2553
2549
2521
2478
2469
2464
2359
2356
2352
2329
2323
2278
2271
2240
2237
2200
2154
2136
2086
2063
1979
1946
1943
1918
2097
2006
2531
282
234
351
166
52
250
2647
2378
2171
2009
2004
1998
1995
1951
102
68
327
16
294
298
207
27
260
196
101
274
320
338
62
221
84
57
237
155
345
281
127
123
121
55
289
227
174
138
112
137
310
211
341
285
277
272
186
69
3
264
347
103
22
219
204
158
275
343
226
115
126
895
894
893
892
891
888
887
886
885
884
883
881
880
877
876
874
873
872
871
870
869
868
867
866
864
863
861
859
858
857
828
825
823
819
811
810
805
803
800
776
774
772
747
729
719
713
708
697
686
1395
1558
2187
929
649
1607
1510
1176
2653
2629
2582
2544
2543
2533
2510
2498
2463
2451
2419
2319
2292
2282
2273
2250
2194
2183
2163
2149
2137
2133
2128
2068
2032
1941
1932
1546
1579
1394
1489
1676
1061
928
1090
1251
1031
1354
3962
3948
3886
3877
3872
3851
3830
3797
3756
3750
3741
3721
3692
3684
3677
3674
3609
3592
3577
3561
3556
3550
3540
3525
3501
3495
3440
3437
862
1023
1443
1372
1053
1246
1698
1501
1713
1862
1592
1201
1034
1840
1856
956
1903
1364
1299
986
1739
1005
1301
1527
959
926
1732
1392
1298
1082
1036
981
902
1721
1101
1634
977
1899
1812
1284
1014
1429
1406
945
1221
1295
1264
1007
1508
1704
971
1611
1886
1211
1017
1482
1310
1228
1188
1127
1120
1164
1124
1824
1820
1582
1032
898
1809
1793
1668
1456
1149
1465
1203
900
1047
1787
1733
1629
1216
992
1442
1805
1483
1458
1280
1219
922
1709
1231
1573
1464
1277
1148
896
679
678
639
584
1876
1183
1086
917
644
630
629
609
593
645
634
528
510
1565
948
1791
1584
1334
1078
993
1422
1217
545
683
594
425
392
596
451
1469
1348
1259
1010
554
505
676
673
646
614
610
604
587
586
556
465
458
456
450
439
426
395
1142
555
1512
1400
1318
669
656
591
506
444
412
1679
1606
1574
1529
1427
567
520
482
446
419
417
571
570
569
568
565
564
562
561
560
559
558
557
553
552
551
549
548
547
546
544
543
542
541
540
539
537
536
535
534
533
532
531
527
525
524
523
522
521
519
518
516
515
514
513
512
511
509
508
507
504
503
502
501
500
499
498
497
496
495
494
493
492
491
490
489
488
487
486
485
483
481
480
479
478
477
476
474
473
472
471
470
469
468
467
466
464
463
462
461
460
459
457
455
454
453
452
449
448
447
445
443
442
441
440
438
436
435
434
433
432
431
430
429
427
424
423
422
421
418
416
415
414
