0
4027
855
2792
859
1466
4001
255
883
1937
209
97
155
1755
1394
692
3676
1053
4035
4015
1326
4016
3987
164
1760
1693
4010
3875
2106
241
3996
316
648
668
245
3991
3846
1581
3853
2527
2817
3808
244
447
1854
152
3709
205
1353
11
2269
2722
624
1856
3606
336
386
70
3689
679
256
3121
2178
3942
233
1065
301
3268
3147
642
33
1969
499
1486
1395
613
383
279
3165
3820
929
2080
235
3911
1145
174
37
1586
120
250
3650
179
3589
2691
3732
3882
3413
1276
145
4008
4011
270
2481
3959
247
1194
112
3407
2483
264
201
110
8
259
91
2168
3887
4012
4007
230
182
4029
858
871
870
879
885
867
872
776
886
689
785
790
861
895
894
893
891
887
881
877
875
874
873
866
863
798
869
794
746
777
889
702
788
725
876
729
796
771
732
707
793
846
832
839
816
714
778
888
882
878
744
704
782
709
735
844
756
728
850
772
690
734
827
843
840
765
687
813
799
758
737
718
715
698
821
786
752
742
736
701
890
811
769
755
753
853
831
809
803
763
761
741
697
834
795
738
824
754
731
726
722
713
711
688
852
838
836
835
833
830
825
822
820
818
815
808
807
806
804
802
801
791
789
787
784
783
779
774
768
767
762
760
759
757
751
749
748
739
733
730
727
723
721
720
719
716
712
710
703
700
695
693
691
880
856
849
848
847
845
842
837
829
826
823
819
817
814
812
810
805
800
797
792
781
780
773
770
766
764
747
745
724
708
706
705
696
694
686
828
851
3037
892
864
860
743
750
740
775
854
841
717
699
884
865
857
868
4028
3989
4013
3982
3988
4005
4037
4036
4032
4031
4025
4024
4022
3999
3993
3985
3984
3983
4038
4014
4003
4002
3994
3981
4004
3992
4033
4026
4021
3995
3986
4018
4009
3998
3980
4023
4020
4019
4017
4000
3997
4030
4034
4006
3990
594
667
3816
3669
3548
3946
3878
3801
3622
3537
3927
3701
3476
3936
3694
3498
3922
3624
3848
3844
73
253
71
35
17
309
135
36
240
327
222
305
192
111
93
44
283
84
51
207
3516
3832
3523
3780
3444
3520
3775
3765
3659
3787
3720
3899
3759
3708
3603
3700
3544
3894
3767
3944
3503
3632
3578
3751
3749
3653
3532
3809
3950
3945
3914
3770
3459
3579
3483
3949
3610
3564
3862
3620
3590
3970
3845
3547
3528
3843
3645
3643
3493
3963
3575
3640
3518
3599
3897
3737
3665
3731
3658
3574
3681
3979
3839
3504
3552
3724
3799
3716
3941
3913
3557
3485
3823
3818
3623
3917
3567
3869
3924
3976
3903
3784
3782
3758
3646
3631
3558
3535
3524
3594
3515
3812
3585
3662
3852
3527
3488
3890
3690
3912
3871
3929
3863
3490
3446
3906
3568
3468
3921
3735
3629
3592
3505
3470
3760
3952
3909
3866
3648
3507
3931
3826
3840
3747
3728
3933
3766
3696
3664
3615
3587
3881
3825
3671
3534
3543
3450
3969
3951
3794
3572
3463
3644
3472
3898
3649
3639
3479
3964
3960
3783
3565
3967
3915
3829
3764
3602
3541
3752
3738
3726
3972
3937
3821
3634
3554
3464
3460
3443
3774
3675
3571
3519
3891
3762
3559
3810
3718
3569
3506
3907
3835
3827
3815
3715
3588
3553
3526
3573
3682
3580
3725
3977
3876
3867
3773
3722
3705
3685
3678
3663
3636
3608
3536
3805
3600
3699
3638
429
2513
1992
2437
1961
2405
2421
347
300
130
77
27
311
337
151
168
208
227
306
328
4
298
63
206
265
302
196
53
330
158
49
60
190
148
276
10
238
94
218
195
78
321
143
19
223
59
29
16
341
243
32
343
326
28
140
116
258
320
127
289
344
66
318
203
163
109
50
284
281
184
257
39
303
128
211
296
131
23
62
319
254
24
22
225
176
231
121
266
101
48
291
118
186
132
178
338
345
313
308
277
272
251
248
236
232
188
98
40
13
312
162
115
41
342
224
169
134
113
79
75
56
30
25
193
129
147
89
315
213
204
180
156
280
142
67
26
333
322
194
133
2100
2562
2517
2219
2316
1057
2175
3926
3491
3475
3957
3902
3886
3858
3755
3736
3695
3683
3635
3605
3562
3512
3467
3779
3873
3796
3888
3847
3788
3692
3522
3496
3928
3884
3842
3756
3667
3596
3550
3514
3456
3438
3948
3741
3684
3651
3586
3545
3889
3674
3563
3501
3968
3934
3908
3880
3621
3618
3461
3449
3448
862
3904
3604
3454
3530
3978
3975
3971
3966
3965
3958
3956
3955
3954
3953
3947
3940
3938
3932
3930
3925
3923
3920
3919
3918
3916
3905
3901
3900
3896
3895
3893
3892
3883
3879
3877
3874
3872
3870
3868
3860
3859
3857
3855
3854
3850
3849
3841
3838
3837
3836
3834
3833
3831
3828
3824
3822
3819
3817
3814
3813
3807
3806
3804
3803
3802
3800
3798
3793
3792
3791
3790
3789
3786
3785
3781
3778
3777
3776
3772
3771
3769
3768
3763
3761
3757
3754
3753
3746
3745
3744
3743
3742
3740
3739
3734
3730
3729
3727
3719
3717
3714
3713
3712
3711
3710
3707
3706
3704
3703
3702
3698
3697
3693
3691
3687
3680
3679
3673
3672
3670
3668
3666
3661
3657
3656
3655
3654
3652
3647
3642
3641
3630
3628
3627
3626
3625
3619
3617
3616
3614
3613
3612
3611
3609
3607
3601
3598
3595
3593
3591
3584
3583
3582
3581
3576
3570
3566
3561
3560
3556
3555
3551
3549
3546
3542
3540
3539
3538
3533
3531
3529
3521
3517
3513
3511
3510
3509
3508
3502
3500
3499
3497
3494
3492
3489
3487
3486
3484
3482
3481
3480
3478
3477
3474
3473
3471
3469
3466
3465
3462
3458
3457
3455
3453
3452
3451
3447
3445
3442
3441
3440
3439
621
660
671
649
467
568
372
2014
1990
2426
2217
2621
2439
2207
2255
2522
2632
2548
2113
2515
2486
2349
2358
2536
1991
2119
2456
2238
2236
2067
2230
2226
2558
2490
1924
2182
2021
2164
2613
2015
2357
2523
2181
2205
1957
2260
2160
2587
2570
2166
2520
2535
2245
2167
1963
2277
2650
2320
2170
1988
2499
2514
2096
2532
2056
2448
2231
1965
2591
2342
2034
2440
2402
2089
2097
2016
1958
1927
2317
2565
2494
2152
2126
2157
2022
1998
2647
1914
2660
2639
2585
2225
2025
2006
1935
2546
2262
2092
2085
2554
2276
2098
2060
2534
1936
2256
2627
2626
2284
2202
2159
2050
1968
1931
1921
1919
2506
2381
2363
2306
2139
2162
2105
2063
2634
2216
2140
2136
2061
2004
1980
2655
2654
2563
2460
2404
2369
2311
2299
2278
2184
2083
2073
2443
2303
2058
2361
2497
2286
2574
2504
2484
2467
2418
2370
2309
2290
2172
2109
2078
2064
1943
2630
2624
2552
2430
2348
2200
2190
2150
2124
2123
2122
2088
2069
2037
1984
1971
2406
2310
1944
1922
2337
339
324
146
3354
3218
150
346
340
335
334
332
331
329
325
323
317
314
310
304
299
297
295
294
292
290
285
282
278
275
274
273
271
269
268
267
261
260
252
249
246
242
239
237
229
226
221
220
219
216
214
212
202
200
199
197
191
187
185
181
177
175
172
170
167
165
161
160
159
153
149
144
141
139
138
137
126
123
122
119
117
108
106
