0
4025
4035
210
581
401
4001
894
750
841
4032
4029
4024
4010
3959
1034
2569
316
3820
1442
1206
649
321
3935
1027
4033
674
3407
1200
1326
1224
33
2855
4006
43
1466
335
3230
1395
2704
1498
3071
241
3031
37
552
613
3134
358
3589
47
247
2167
90
1208
256
464
384
49
42
1627
899
877
878
873
863
895
884
889
864
704
855
790
813
700
874
867
737
798
837
804
765
730
742
721
846
802
791
788
876
779
720
806
707
689
767
838
789
821
777
833
893
891
890
888
887
886
885
883
882
881
880
879
875
872
871
870
869
866
861
860
859
858
825
753
840
848
812
782
746
856
834
770
687
826
817
828
800
792
756
727
710
853
830
745
741
726
724
843
831
780
778
761
760
755
754
738
731
722
718
703
697
852
851
850
849
847
845
844
839
836
835
832
829
824
823
822
820
819
818
816
815
811
810
809
808
807
803
801
799
797
796
795
794
793
787
786
784
783
776
775
774
773
772
771
769
768
766
764
763
762
759
758
757
752
751
749
748
747
744
743
740
739
736
735
734
733
732
729
728
725
723
719
717
716
714
713
712
711
709
708
706
702
701
699
698
696
695
694
693
692
691
690
688
842
827
814
805
781
705
686
715
642
4013
4038
4007
3990
3989
4000
4017
3988
3994
667
4023
4018
4009
3997
4037
4034
4031
4030
4027
4026
4022
4021
4020
4019
4016
4014
4011
4008
4004
4003
4002
3995
3993
3992
3991
3987
3986
3985
3983
3982
3981
594
4005
3998
3980
3999
4036
4028
3996
4015
4012
3984
785
201
3963
3588
3939
3446
3814
3489
3890
3699
3865
854
91
240
61
174
151
190
3928
3575
3953
3771
3811
3781
3752
3447
3704
3801
3479
3848
3834
3887
3653
3751
3754
3749
3632
3509
3744
3815
3458
3816
3863
3682
3546
3531
3799
3443
3587
3713
3445
3564
3745
3727
3867
3862
3498
3442
3686
3818
3648
3631
3493
3973
3903
3833
3620
3535
3585
3490
3675
3594
3481
3969
3958
3792
3646
3643
3710
3663
3775
3808
3868
3739
3922
3812
3679
3624
3549
3459
3467
3499
3468
3681
3970
3898
3581
3516
3840
3773
3470
3909
3794
3770
3763
3671
3515
3507
3644
3615
3530
3669
3747
3664
3705
3452
3878
3793
3901
3850
3964
3920
3783
3655
3957
3940
3630
3857
3725
3698
3629
3598
3505
3784
3652
3634
3469
3837
3571
3829
3823
3777
3764
3612
3554
3906
3826
3714
3569
3506
3486
3934
3900
3768
3602
3601
3568
3529
3737
3845
3485
3904
3932
3638
3616
3513
3670
3661
3941
3610
3702
3526
3712
3642
3618
865
3126
3413
2902
2879
892
499
379
14
93
264
245
110
166
8
328
152
131
46
219
179
310
167
32
183
300
262
220
144
140
28
2
88
296
102
23
327
319
147
6
278
225
301
80
326
293
227
112
312
111
41
195
2541
2382
2380
2178
266
101
228
16
54
283
221
94
208
100
294
175
320
311
36
258
346
309
184
135
229
85
72
271
250
199
178
48
1
288
96
280
237
168
83
51
3742
3961
3487
2798
2595
2422
2204
2486
2076
1915
2217
2245
2402
2321
2421
2650
2644
2405
2466
2634
2487
2015
2523
2373
2160
3455
3919
3913
3902
3864
3736
3695
3649
3639
3635
3613
3872
3672
3573
3785
3707
3697
3637
3605
3590
3565
3780
3563
3514
3858
3889
3654
3545
3484
3979
3847
3626
3492
3667
3491
3471
3625
3609
3831
3804
3762
3693
3692
3495
3968
3755
3978
3977
3976
3975
3974
3972
3971
3967
3966
3965
3960
3956
3955
3954
3952
3951
3950
3949
3947
3946
3945
3944
3938
3937
3936
3933
3931
3930
3929
3927
3926
3925
3924
3923
3921
3918
3917
3916
3915
3914
3912
3911
3910
3908
3907
3905
3899
3897
3896
3895
3894
3893
3892
3891
3888
3885
3884
3883
3881
3880
3877
3876
3875
3874
3873
3871
3870
3869
3866
3860
3859
3856
3855
3854
3853
3852
3851
3849
3846
3844
3843
3842
3841
3839
3838
3836
3835
3832
3828
3827
3825
3824
3822
3821
3819
3817
3813
3810
3809
3806
3805
3803
3802
3800
3798
3796
3795
3791
3790
3789
3788
3787
3786
3782
3778
3776
3774
3772
3769
3767
3766
3765
3761
3760
3759
3758
3757
3753
3748
3746
3743
3740
3738
3735
3734
3733
3732
3731
3730
3728
3726
3724
3722
3720
3719
3718
3717
3716
3715
3711
3709
3708
3706
3703
3701
3700
3696
3694
3691
3690
3689
3688
3687
3685
3683
3680
3678
3677
3676
3673
3668
3666
3665
3662
3660
3659
3658
3657
3656
3647
3645
3641
3640
3636
3628
3627
3623
3622
3619
3617
3614
3611
3608
3607
3606
3604
3603
3600
3599
3597
3596
3595
3593
3591
3584
3583
3582
3580
3579
3578
3576
3574
3572
3570
3567
3566
3562
3561
3560
3559
3558
3557
3555
3553
3552
3551
3550
3548
3547
3544
3543
3542
3541
3539
3538
3537
3536
3534
3533
3532
3528
3527
3525
3524
3523
3522
3521
3520
3519
3518
3517
3512
3511
3510
3508
3504
3503
3502
3500
3497
3496
3494
3488
3483
3482
3480
3478
3477
3476
3475
3474
3473
3472
3466
3465
3464
3463
3462
3461
3460
3457
3454
3451
3450
3449
3448
3444
3441
3439
3438
3948
3779
3721
3684
3621
3586
3577
868
857
910
356
576
615
681
578
670
661
643
640
595
583
577
2952
3268
3389
3283
3131
2930
3044
2899
2857
3254
2721
3122
2809
3175
3423
3325
2959
2699
3153
3427
3163
2884
3217
3336
3322
3128
2949
2794
3095
2789
3402
3367
2807
2726
3430
3218
3037
2691
3088
2975
3127
2987
2858
3130
2978
2880
2710
3139
3315
3243
3220
2969
2766
3181
3180
3025
2821
2663
3303
3294
3293
3286
3213
2743
2924
2982
2972
2889
2670
3098
2890
2967
3388
3435
3417
3137
3123
2953
2887
2810
2756
2681
3193
2927
2891
3036
3010
2717
3052
2912
2777
3387
3228
3142
3064
2994
2985
2974
2943
2940
2916
2897
2867
2827
2755
2689
2679
2666
3099
3339
3324
3304
3284
3226
3195
3184
3174
3004
2988
2960
2929
2925
2906
2905
2877
2872
2866
2815
2782
2754
2750
672
533
2957
3156
3161
3343
2893
3340
2856
2714
3066
2826
588
573
677
623
611
603
678
467
466
393
441
433
453
349
522
657
654
619
437
364
532
377
666
407
564
150
347
344
343
338
337
336
333
330
329
324
318
314
307
306
305
303
302
299
292
290
289
286
282
279
275
274
273
270
269
268
267
263
259
255
254
253
244
243
242
235
233
230
226
218
216
214
207
206
205
204
202
198
196
194
193
192
187
182
181
180
177
176
165
164
163
162
159
157
155
154
153
149
148
145
143
139
138
137
133
130
126
124
117
116
115
114
108
106
99
97
95
92
89
86
84
81
79
78
77
76
74
73
71
70
69
68
64
62
60
59
57
52
44
35
29
27
24
20
19
17
15
12
11
10
4
3375
2613
2286
2570
2412
2360
2146
2105
1933
2083
2454
2353
1917
2074
2505
2484
2352
2213
2444
2426
2359
1984
1974
2549
2532
2500
2477
2391
2307
2109
1986
1949
2514
2156
2540
2562
2456
2448
2371
2361
2227
2129
2120
2091
2049
1960
2207
2270
2152
2265
1977
2350
2299
2316
2288
2078
2651
2058
2060
1961
2580
2566
2503
2497
2411
2335
2248
2585
2297
2474
2440
2192
2050
2006
2645
2025
1950
2639
2538
2027
1935
2626
2159
2097
2024
1999
1980
1957
1951
1927
1914
260
38
325
257
249
224
172
158
118
40
30
223
295
272
317
285
53
50
186
169
141
128
123
66
45
5
3
22
342
341
334
331
313
298
297
291
276
265
261
252
238
231
222
211
200
188
185
142
132
119
113
104
103
98
82
75
63
55
26
25
345
332
323
308
284
281
277
251
248
239
236
232
212
203
197
170
161
134
127
121
109
105
67
39
13
9
340
322
315
213
129
65
31
3861
3723
549
2834
3083
3012
2836
2913
2729
2687
3352
3248
2878
3215
2738
3328
2727
3048
2795
3276
2832
3190
2700
3292
2790
2824
3209
3337
2816
3418
2876
3429
3247
3124
3319
3115
2970
3112
2904
3049
3046
2846
2818
2765
3381
3206
3204
3329
2787
3039
3015
3182
3296
3395
3120
2934
2696
