1912
107
2150
1888
1684
1804
2111
1707
3437
2007
348
2839
2087
1522
483
2244
0
1619
3320
1277
1059
2117
2127
2864
1373
2988
3116
3830
2169
3154
2116
1273
1238
2755
2944
2936
2661
686
497
325
942
1752
1718
1563
1345
376
1448
2782
2659
1964
1435
1320
3078
1052
1864
769
2724
414
1204
2781
561
2863
3346
2384
3324
694
2778
236
688
1215
2293
1024
3257
2203
3239
3558
3545
1725
2890
2940
3295
1120
3150
2250
168
2706
2033
451
315
3601
1778
170
342
3385
119
1811
559
1995
2091
1597
1261
3698
1210
525
1041
3604
3299
2199
2899
2904
1282
221
3455
980
709
781
3667
2906
3540
817
1040
1819
1760
2236
473
463
1844
3049
1875
3529
986
3382
3980
1972
1468
2856
3002
820
636
3610
1885
1322
3463
1512
3315
1415
1275
1628
1565
1132
2757
784
2869
1008
2567
652
554
1319
2400
3046
612
2406
1070
564
1108
2746
2620
3495
3968
792
2765
852
2004
1951
2680
670
1629
1171
2181
3718
341
3275
3059
2816
3348
2025
1104
2581
2101
3593
3332
1259
424
353
1570
3236
1703
991
2379
3406
589
392
2707
3292
2337
339
698
2972
314
1374
821
3469
2280
1794
113
3029
553
3247
3850
730
3043
326
597
3707
1437
1765
1691
571
1314
3578
1229
270
2474
3640
1865
1883
1924
3617
128
3433
2155
2471
1009
3369
556
628
3594
423
3075
1639
1085
3261
632
2785
2809
800
2479
2425
1036
3464
1298
194
2288
2535
2916
2979
276
3896
836
371
3136
1027
2797
3307
3351
3975
3037
3571
1176
1511
1722
1895
3937
1458
3629
2934
466
1528
2548
27
3170
2989
231
2626
3517
3579
3135
3190
3467
596
2945
1485
212
68
306
3391
3179
2663
1866
3609
86
3883
2215
605
2498
937
2525
2023
904
1023
313
3903
3499
3621
3918
136
3954
611
718
3472
3672
528
507
989
2694
2708
332
1673
2966
254
1124
1102
1285
3658
3882
824
3005
514
1521
1591
2598
2921
1608
2312
789
1525
99
3693
343
365
1506
4020
2248
947
3162
2832
1881
3521
4011
2854
2084
1541
1088
3079
3106
3515
1915
3642
2044
746
1446
4017
410
2511
3222
24
3327
2648
3641
3310
2844
3791
2185
1820
185
2120
3111
2631
3263
1644
1055
3645
2914
618
2789
2870
281
3587
2561
461
2286
1642
3697
3848
3360
1321
2923
1580
62
208
2761
436
1815
411
915
3909
2826
2015
2943
1716
1053
2247
3758
3878
1224
3541
1992
442
3058
2978
227
2773
1236
3073
3928
1084
3973
3775
3302
1197
2036
1433
1721
2634
421
3612
3747
1733
1568
15
1042
598
2941
672
1065
940
767
721
3991
3394
3064
1403
3380
1667
627
1154
3141
3814
182
1136
2070
1173
190
841
3167
3181
2291
3770
1478
3739
3105
1362
601
831
1489
1203
3216
2230
840
3817
2325
842
2779
508
1353
2158
407
3585
1060
1107
3196
4037
3685
494
699
3801
3999
1382
3560
1095
1786
1189
2575
1572
2565
1137
3061
3779
272
3881
522
2545
866
49
2001
1064
491
2204
1476
2297
2135
375
2861
3010
2837
3131
1758
3264
2089
1045
2751
3833
3514
3400
835
577
3535
2762
3901
2192
2925
2931
200
2260
85
1201
1337
2798
1936
1080
135
1217
3007
3260
1822
2494
3974
2898
2903
2235
2530
2272
2226
3409
1131
570
2478
2026
2563
3283
3962
3331
4023
701
338
833
825
3788
1260
2529
3663
1310
640
2955
2294
1244
165
3986
3806
3436
2166
2714
3891
1842
319
1727
1398
2980
1463
302
2866
2827
60
1504
156
3004
2580
115
2531
941
397
399
458
3462
3742
3745
51
3153
3768
1419
1248
3600
3453
2273
3337
668
3905
578
2674
262
202
905
2066
1762
857
1241
213
1931
724
2793
382
3886
3242
2313
898
788
3705
3602
3466
4022
3856
396
662
1455
3678
3895
3674
1294
2688
1200
2819
3950
3341
2383
8
1062
3714
240
4033
2635
987
292
244
73
1221
1077
1150
163
3357
95
2878
2263
124
3766
2726
3898
2080
3212
2587
764
367
3853
3474
1702
1075
732
2937
249
3825
541
1265
1863
3492
2419
858
3921
4013
3395
3877
2416
608
2881
590
1366
1386
1878
1567
3597
3353
3109
3123
2981
3687
2723
493
446
1910
1407
3062
894
2650
3544
4036
1118
3093
845
630
560
3230
2096
2794
2961
1578
3580
681
374
3819
738
1939
431
2316
1755
871
3563
3743
3675
143
1436
517
3180
2541
2835
3354
3414
2262
35
171
2752
2652
1378
1787
3497
1237
1246
457
1637
637
1615
1870
177
3842
72
2887
169
2514
3352
241
3349
2252
2304
2805
3127
2705
2357
1904
3483
638
3953
3531
28
542
2413
2998
389
183
1530
2513
245
574
3902
1111
1206
2983
3147
3637
1858
1057
2470
2938
66
3410
2427
3313
3356
1769
3504
2456
199
1643
3034
919
114
2715
1394
1503
2818
1328
1119
166
1921
3276
3904
4014
2207
3441
2228
293
1564
923
895
3789
3282
2418
2879
3290
3752
2013
515
3045
2342
1028
1531
3191
950
2098
1
2971
3868
2424
144
3996
87
3676
1957
3511
1788
118
116
2274
2820
1855
691
2355
3665
333
3682
926
211
1344
2703
1618
1242
912
3415
4029
2838
3805
226
2079
607
300
1513
2692
868
878
1771
1031
3289
3649
1579
1492
1664
552
3326
2373
1777
505
2186
3250
2466
364
2882
1764
2156
3946
75
1740
496
499
63
2713
76
2790
123
965
153
3358
2727
620
741
337
910
268
3763
3379
58
976
3720
3203
3159
435
157
3582
3440
2187
3031
1097
1232
2493
434
3852
3553
1981
719
2402
1170
2457
684
880
2962
752
3670
2756
3865
1360
1103
3795
1183
1713
2362
3533
3989
3456
3378
3668
1982
1614
922
2828
1145
3305
3301
1715
1859
988
3786
2193
1739
540
510
568
3498
716
1406
2431
2443
2232
2439
3683
3050
786
2221
848
4010
96
1649
1228
220
2947
3566
3017
3470
3513
3661
2459
3065
3387
3401
53
3138
1383
2238
2704
189
783
1654
3849
558
2527
797
2992
1889
576
665
1686
1630
77
3740
4025
1803
3019
3218
975
2600
2430
2330
2508
2396
3333
3732
2390
264
2194
3424
1973
1253
32
1961
3588
3592
3559
1805
1336
3689
3054
588
503
1562
512
1734
3862
488
3155
1911
3761
3174
1850
2397
1268
674
3211
1346
929
2241
2888
4038
2385
550
3907
3767
1949
2744
3738
243
127
3522
770
3057
1301
147
321
126
2175
2100
3992
702
327
3044
641
1300
3471
2168
235
3489
3256
1594
447
3312
2242
1679
3439
2817
981
350
2523
1766
3068
3329
695
4000
2380
974
3704
129
437
3477
888
476
379
3063
1817
3255
164
970
1793
3978
1486
1588
1295
2472
872
993
2915
839
3271
267
2022
2106
3900
1445
3266
623
3389
3473
793
1274
549
2453
3997
2524
1958
502
3664
229
3757
3988
3871
791
1745
3951
3694
712
945
2700
3323
3897
1082
785
145
1427
2926
1801
1676
2900
1711
400
3589
531
642
3935
1267
660
251
3778
2995
2808
2725
3274
3447
480
482
1965
413
2842
362
616
2970
2769
405
2733
3396
2736
162
3887
1225
1557
383
2152
3530
677
3081
1534
3844
3748
1708
1933
148
1164
316
2855
1907
664
393
1044
908
2627
3496
3030
649
1662
3929
751
2205
2407
2164
3118
1466
1412
1218
3419
520
1767
798
2777
794
3796
3403
263
2796
1304
224
133
761
2217
2532
455
1906
1438
1423
3169
3039
2448
3931
3220
713
3596
284
3655
579
1148
819
745
5
734
2134
2345
3505
1452
2811
2269
2196
120
3810
3855
1245
280
3009
2917
1113
234
3364
2795
3958
65
1640
3880
1212
1657
812
2351
296
3700
2442
377
909
2601
3613
3480
3388
1422
3927
3008
175
2504
3923
1054
3532
3648
1757
3723
61
932
3965
3371
2243
478
3846
3012
308
955
2422
879
621
217
723
2731
1380
369
509
3112
500
3754
1348
3615
2695
2806
1311
3099
3392
3863
3967
10
2382
3556
3831
3625
1332
2455
580
3623
3243
1808
1593
1901
1174
3930
801
1418
1660
1395
860
1969
3708
1818
3941
2387
3122
490
225
3525
2918
1389
426
1312
1510
1007
635
3133
3434
865
1665
336
440
2787
2825
3860
4015
676
2810
680
3785
3936
907
920
3961
3273
2910
3452
3695
2690
2099
416
1254
2310
1652
230
1634
875
3368
3568
1830
3781
1157
3970
2621
1035
1087
2249
3575
1599
1696
1934
2847
3425
3626
3750
643
3383
3803
3510
3630
1499
3608
1529
1081
2528
2441
2963
3209
3246
1950
814
2647
3692
647
256
3175
887
3879
1263
106
2017
103
345
962
2629
3724
2999
1674
1020
3143
3659
985
1293
420
790
3298
19
2954
3983
3736
1166
2639
2872
1814
2281
187
3336
3551
3840
1641
3876
3023
3963
543
2163
219
1046
100
3570
2483
2126
3702
1840
57
939
3679
288
11
2569
347
864
1441
3982
1434
3359
3892
3088
3899
3309
3696
3197
1922
892
275
3217
856
6
727
34
2057
2003
2858
2012
972
886
2851
749
3418
1519
79
38
3721
3809
248
837
2877
3340
207
2034
1581
666
546
1193
3076
1913
1414
1443
83
1930
3519
1670
265
181
261
874
1316
3590
675
3484
2320
2157
3277
1807
3731
1393
2303
2701
927
1825
3636
357
849
622
1627
130
3890
3584
3308
3911
2467
203
117
984
418
47
2533
992
1410
2610
180
1475
626
757
3408
3488
774
885
1292
557
1401
3297
1460
602
3520
2225
3361
1140
1701
2957
1748
3367
744
663
445
548
1079
354
429
3251
33
669
384
896
1413
1790
1462
1928
1296
2075
533
3493
3435
843
2605
3259
1919
1051
91
1144
1847
1726
3987
729
3828
593
16
1763
1318
3632
3820
2277
2613
2318
3011
1400
3952
1372
3114
210
1439
2732
2143
1749
2488
933
3339
22
1860
726
89
111
1139
3526
3934
3995
2588
3121
2875
3125
390
4027
2314
516
795
999
1756
3094
1178
961
2261
4018
3142
2697
2562
1278
1690
3134
816
2984
826
387
2942
799
2259
2392
535
403
1884
1552
1379
1002
867
1262
3413
253
3265
3845
223
188
3163
753
893
782
584
3760
1723
3824
3605
3885
759
3712
2834
2035
1325
3527
1837
1892
2996
1363
