0
4032
856
1466
153
43
892
3717
3748
1206
37
585
3673
581
638
875
1967
2596
2774
3765
2788
572
286
155
1581
12
2569
2838
674
3451
42
6
571
607
182
624
3183
3922
1253
2842
1262
4008
3798
1856
379
228
70
1233
287
841
1383
2079
1071
3147
3055
642
3744
895
885
866
874
858
852
877
873
867
839
732
729
886
785
832
822
767
786
707
796
813
808
894
891
887
884
883
882
881
879
878
872
871
870
869
863
859
818
802
789
725
812
690
734
890
854
825
806
801
798
791
790
788
776
750
749
714
712
710
704
702
700
699
691
689
893
889
888
876
864
811
735
744
799
715
706
846
850
769
720
861
837
804
770
763
803
779
716
826
795
760
711
842
827
815
772
768
733
708
851
844
833
816
810
794
784
782
778
773
762
752
746
742
736
722
721
695
754
836
831
829
814
761
755
745
738
737
731
693
880
843
824
809
807
793
787
781
765
764
759
758
748
741
730
698
853
849
847
845
840
821
800
777
771
766
756
751
740
727
726
723
701
696
694
820
805
797
783
780
739
718
697
686
848
838
835
834
830
828
823
817
792
774
753
747
728
724
719
713
709
705
703
688
687
819
775
855
757
743
717
692
3987
3999
3989
4025
4007
4002
3997
4027
4034
4018
4036
4033
4031
4028
4022
4016
4013
4012
4011
4010
4006
4005
4003
4001
3996
3993
3991
3990
3984
3981
4020
4009
4004
3994
3988
4019
3995
4000
3998
3982
4038
4037
4023
3986
3985
3980
4030
4026
4021
4014
3992
4017
4035
4029
4015
594
3983
4024
3939
47
160
191
71
321
44
327
78
3787
3678
3959
3811
3976
3914
3963
411
2178
208
333
301
76
81
264
234
190
289
178
96
45
328
306
91
61
293
112
260
275
219
222
65
38
262
17
127
36
318
263
19
53
180
230
225
250
346
241
320
126
30
175
258
226
149
336
221
69
51
302
92
267
245
312
111
2
29
326
41
201
110
95
273
218
181
3795
3936
3598
3978
868
865
3457
3920
3941
3746
3940
3691
3583
3445
3700
3789
3967
3619
3654
3582
3923
3668
3638
3643
3572
3607
3587
3781
3539
3494
3955
3870
3502
3676
3537
3478
3720
3898
3581
3620
3482
3565
3839
3905
3806
3895
3777
3848
3844
3647
3578
3686
3603
3574
3503
3543
3822
3486
3947
3594
3485
3688
3747
3454
3949
3808
3874
3743
3473
3892
3868
3739
3725
3606
3441
3803
3767
3490
3730
3687
3518
3906
3535
3695
3774
3958
3555
3507
3896
3855
3833
3706
3960
3933
3783
3641
3843
3834
3671
3542
3527
3450
3969
3924
3792
3719
3646
3506
3458
3919
3613
3516
3479
3823
3764
3758
3623
3622
3584
3937
3915
3634
3975
3708
3476
3909
3869
3826
3794
3793
3593
3558
3488
3972
3782
3768
3726
3474
3464
3443
3770
3862
3850
3553
3505
3470
3658
3679
3549
3918
3867
3835
3791
3773
3728
3685
3663
3597
3508
3932
3699
860
3954
3904
3742
3600
3566
628
670
662
627
577
621
603
640
595
659
643
615
588
499
498
399
364
552
384
636
684
575
2481
1974
2321
2204
2442
2528
2380
2230
349
562
522
667
223
133
94
338
232
257
85
5
303
284
281
224
176
322
272
207
186
172
134
62
60
313
280
277
236
184
161
142
123
121
339
168
87
31
22
329
332
248
188
185
163
128
125
82
79
67
27
13
9
1
347
345
344
343
342
341
340
337
335
334
331
330
325
324
323
319
317
316
314
311
310
309
307
304
300
299
298
297
296
295
294
291
290
288
283
279
278
276
274
271
270
269
268
266
265
261
259
255
254
253
252
251
249
247
246
243
242
240
239
238
237
235
233
231
229
227
214
213
212
211
210
206
204
203
200
199
197
196
195
194
193
192
189
187
183
179
177
174
170
167
166
165
162
159
158
157
154
152
151
148
147
145
144
143
141
140
139
138
137
135
132
131
130
129
124
120
118
117
116
115
114
113
109
108
106
105
104
103
102
101
100
99
98
97
93
90
89
88
86
84
83
80
77
75
73
72
68
66
63
59
57
55
54
50
49
48
46
40
39
35
28
26
25
24
23
20
18
16
14
10
8
4
3
3635
3533
3966
3845
3605
3590
3796
3817
3526
3475
3471
3788
3610
3514
3929
3683
3586
3477
3779
3750
3888
3589
3522
3800
3512
3612
3554
3469
3672
3573
3552
3521
3889
3734
3625
862
3944
3934
3930
3880
3548
857
3873
3841
3831
3804
3633
3618
3557
3461
3971
3805
3780
3697
3545
3525
3979
3977
3974
3973
3970
3968
3965
3964
3962
3957
3956
3953
3952
3951
3950
3945
3938
3935
3931
3928
3927
3926
3925
3921
3917
3916
3913
3912
3911
3910
3908
3907
3903
3902
3901
3900
3899
3894
3893
3891
3890
3887
3886
3885
3884
3883
3882
3881
3879
3878
3877
3876
3875
3872
3871
3866
3865
3864
3863
3860
3859
3858
3857
3854
3853
3852
3849
3847
3846
3842
3840
3838
3837
3836
3832
3830
3829
3828
3827
3825
3824
3821
3819
3818
3815
3814
3813
3812
3810
3809
3807
3802
3801
3799
3790
3786
3785
3784
3778
3776
3775
3772
3771
3769
3766
3763
3762
3761
3760
3759
3757
3755
3754
3753
3752
3749
3745
3740
3738
3737
3736
3735
3733
3731
3727
3724
3722
3718
3716
3715
3714
3713
3712
3711
3710
3709
3707
3705
3703
3702
3701
3698
3696
3694
3693
3690
3689
3682
3681
3680
3677
3675
3670
3669
3667
3666
3665
3664
3662
3661
3660
3659
3657
3656
3655
3653
3652
3650
3649
3648
3645
3644
3642
3640
3639
3637
3636
3632
3631
3630
3629
3628
3627
3626
3624
3621
3617
3616
3615
3614
3611
3608
3604
3602
3601
3599
3596
3595
3591
3588
3585
3580
3579
3576
3575
3571
3569
3568
3567
3564
3563
3562
3559
3556
3551
3547
3546
3544
3541
3540
3538
