107
1912
1684
3437
2138
2326
2229
1888
1390
2220
2363
2056
2081
2073
1222
1516
1391
1340
2309
2278
1845
2543
1511
2646
1800
2030
2032
957
1621
2601
2028
2328
2956
2631
387
1686
1290
1584
3076
1431
2593
2910
1447
3417
0
1399
1985
2974
55
2873
2555
2676
542
3330
3751
2977
1746
946
1211
1084
2624
2292
483
1536
3240
463
1683
2451
2511
3545
2047
2472
186
2313
672
923
3381
2045
2020
2574
1345
1506
1048
1131
2294
3295
2570
1943
3010
2283
2088
1475
1610
2649
2912
2209
2929
1284
1035
3198
1509
830
941
2743
1291
348
2312
122
3540
1435
2943
686
477
3082
2174
2239
1125
2615
2187
1074
2879
1396
2914
628
2026
1991
2561
1038
184
2258
2260
3996
1461
763
1644
1559
322
456
3007
449
2171
1347
148
1879
2098
1648
1249
3012
2709
1933
2796
2628
3818
1724
2958
3416
1555
2719
724
1761
635
1288
529
2345
3555
3014
613
2320
3639
1473
1801
3274
1160
2985
942
2815
1393
3674
3875
3567
1868
2547
852
363
1023
376
1207
2415
2896
3220
2288
3116
1228
896
1197
914
2681
1285
1237
1862
2679
1444
1850
3291
3984
2726
2033
631
2962
2277
3342
1377
213
1988
1851
3858
771
523
568
561
3468
2122
2302
747
1311
3233
1441
1825
2998
3356
340
870
615
2241
812
475
357
716
190
1844
3950
2447
63
862
3095
2560
3386
580
1361
2763
2931
1282
266
3117
2235
3788
1688
1148
1081
3526
953
3445
208
337
219
481
56
3145
2742
3072
1363
2284
2787
3355
1636
866
428
150
995
1279
2414
3968
2667
2121
1816
994
1507
787
2372
816
1409
2039
673
3449
1198
1278
1367
710
977
2439
721
3947
3678
1400
2186
2099
2205
2789
3787
828
824
3752
2674
1397
772
3431
2952
3591
69
1789
749
314
2385
279
1135
3202
2542
3432
2130
2268
1317
2196
1754
1
181
2276
310
3364
496
691
3442
1571
3557
3009
3806
176
2903
3252
430
874
245
2830
658
3904
2296
850
3702
3508
145
2515
1581
3835
1073
436
3772
2640
1382
2566
200
1194
1837
3337
730
2736
3610
3206
3456
377
1017
3693
917
1716
2459
2997
3118
3152
8
762
3426
2867
1942
2063
2590
3659
1975
2844
519
3415
2503
2701
3993
1573
2818
565
3568
57
2000
3125
3849
1783
2669
3049
1607
2862
1418
1107
578
1811
984
668
461
3594
798
2487
3249
1092
470
1312
2141
2400
919
2890
3298
1080
2183
3110
2774
2968
2461
759
1471
1226
1250
3524
3128
2918
3207
2379
478
3465
554
3866
2718
3711
829
3352
1582
3912
3096
334
205
2055
1880
2652
3899
1533
950
3143
1502
39
3804
555
3209
3029
1364
3177
3808
214
503
3114
629
593
282
3320
765
2806
1366
3341
3971
1758
872
1327
1093
3385
1474
2176
3244
1354
3827
674
1025
1247
1293
4002
1645
826
3528
2482
3371
1348
3854
625
1069
2351
1109
31
2404
1973
3941
3504
1013
97
1414
3781
2023
3683
2703
649
1040
167
3290
2909
1624
12
4035
3618
2549
4006
905
1232
2925
2132
855
1485
1256
1650
2994
2754
1128
54
3973
2286
2715
2625
3360
3412
2202
1316
1245
1706
368
26
2362
2656
169
3921
3518
2937
1602
1685
1932
1718
3719
3826
380
2769
1440
2930
3399
1821
2357
3956
2629
3793
856
820
3837
197
3448
1608
3513
2642
174
3496
1795
1132
1255
3747
3389
4024
1044
171
545
500
1796
1775
563
1381
1872
3106
2852
1927
1928
3792
3486
196
3687
2488
1481
2727
1341
17
651
3053
882
3308
3410
2744
531
124
338
1143
269
2733
888
1220
42
3183
645
2204
1055
3631
332
364
1634
3313
3302
616
4023
133
77
1966
2851
3462
1741
1104
1158
527
958
352
1508
2383
2163
2839
901
1671
1157
1159
811
3643
3570
1537
636
315
394
2269
1492
3523
211
1766
1258
1346
3783
1010
3424
3690
2826
1840
1124
1999
3028
1153
2791
1201
3161
2078
2823
3582
3560
1896
1817
3796
2580
280
1653
3121
1930
2129
1248
2675
3215
2568
2321
2210
1470
1493
1562
71
2837
1219
1937
1558
333
1690
3338
770
1631
2247
3759
93
1642
653
3138
737
1274
701
3558
733
3692
2814
257
2776
575
1883
596
1892
2272
1096
3861
2021
2984
751
3383
2764
1774
931
482
4026
4001
3234
3217
3611
1890
3565
1970
800
1569
3694
1448
2079
1762
1615
1695
1123
331
590
1638
2584
2661
3087
3731
656
460
1596
697
3466
3065
3473
1180
412
1957
2812
2506
2969
2906
648
1302
3228
2467
1770
964
3052
1036
2493
437
1428
1557
2735
3192
2297
3365
1299
2358
2854
2967
779
753
1567
3046
3762
3767
3472
1349
1661
1014
1166
2688
3173
2264
1380
3830
18
1990
1854
921
1026
2902
2480
3616
3077
1142
3620
1113
3261
3636
962
662
3343
3603
2988
2880
3768
1452
1091
1651
3549
2290
780
498
3402
2151
3807
201
1778
259
1583
859
1495
890
1590
2558
3932
794
329
720
3739
303
3532
465
1244
3319
317
1604
2158
1355
3507
2299
1980
722
2567
3595
441
3898
3288
2246
1676
3050
3942
2
3101
2577
1646
2189
1981
906
3873
3572
2786
38
3863
1780
316
172
3530
2572
2077
301
1068
3025
2535
123
330
646
952
3805
2051
3404
417
434
894
1021
251
372
152
3672
1130
1164
3017
1899
3391
3608
118
3130
6
3515
415
1264
3122
2429
3366
1110
1815
808
2540
2635
413
979
179
3779
3862
2293
1174
396
796
2811
390
91
3276
3045
1822
1544
3894
3379
745
3481
2377
3881
1090
3632
293
3760
151
912
1672
2165
1767
3154
3521
3457
2917
2483
3119
685
880
1824
2771
2255
4017
260
2678
2980
2737
3108
3480
3139
2622
3716
2006
2626
3638
240
2156
1735
1543
1649
163
4032
1978
3653
1694
1152
3470
1950
2527
915
3463
3180
3979
663
3729
3537
3015
3765
1071
766
3205
3201
3179
241
1860
3669
3840
2948
3677
767
2926
80
1734
1664
3878
3270
1161
3908
1263
354
1998
2396
1231
2393
2285
1334
1819
2388
2589
2598
876
3062
3786
1374
920
1959
1820
1100
1108
2915
2064
1791
1331
494
2866
1208
3640
2938
2595
50
1437
235
1408
814
2333
3913
3066
3390
1831
3222
3190
3851
1187
3909
3211
1869
3843
2072
1660
903
3
1134
232
3287
1979
2367
4016
294
2069
1598
1280
1640
3327
1779
3641
1306
1936
1097
1784
1601
1229
3000
893
3929
2110
572
1121
837
564
23
689
3156
1318
1679
2739
2361
2035
2849
1859
374
549
425
940
1939
904
3833
1813
785
1351
336
2008
3701
886
3058
2922
2588
3780
3459
883
929
3869
594
1702
2723
104
935
431
1373
847
1343
2571
1954
2921
3043
734
4019
154
1623
1855
3815
2185
90
2738
1168
389
2684
1150
2908
2722
1251
1259
1329
1189
622
589
2454
3681
3892
1443
2677
3475
1304
509
3267
400
1700
1704
1687
1216
1737
3671
2523
3743
1253
1009
225
2846
899
369
2713
1087
304
4007
1619
687
1594
2794
2617
2860
3166
704
1303
2517
3997
4028
3533
4020
3563
2301
675
1613
3259
1723
476
2788
4014
1483
873
3392
3022
2147
2316
1828
2080
501
2391
347
2416
2181
311
551
3740
2116
2263
1469
3081
632
1301
1057
746
3055
907
600
2162
3850
345
420
2422
25
2790
3939
3534
1151
642
3965
1982
194
2685
1061
1564
1165
3447
2457
1929
831
2387
3900
512
4003
2798
120
2298
552
2402
3868
2442
2525
295
2182
1455
2501
2975
1708
1760
3856
1505
3539
358
3057
3730
574
543
3790
569
32
3902
2507
1062
948
47
2578
3542
3961
2808
64
1587
3699
3650
1203
2762
684
679
2214
3227
714
98
1809
3891
3991
3600
3378
95
2395
2390
1224
1395
3099
1984
2898
1971
2986
2817
868
3887
1773
682
144
466
1140
1155
3354
996
3879
1618
819
2971
1088
1701
3309
608
402
3859
216
24
199
692
1450
3344
3578
3544
229
783
137
3764
286
1268
2895
267
1386
2435
2022
3418
3801
2041
3186
3509
3407
397
3454
455
1289
2653
2887
182
464
149
1022
2670
3857
2423
2104
72
1223
1921
469
1747
603
1745
1070
3293
2012
4018
3506
3577
3041
729
1047
752
514
381
1371
3369
3067
1902
2433
2123
2576
2044
2084
3005
1213
1212
1901
2708
1765
1713
1585
2287
3069
861
2330
82
261
2463
1639
1112
409
3016
1826
3132
2970
815
630
2197
507
3149
1726
1277
1871
1018
954
2835
2966
3505
3936
3698
443
3460
784
3346
1550
2431
1738
272
1545
127
698
534
421
1832
265
3662
3771
3531
2610
2893
2249
3411
1599
2191
2279
3204
2315
2332
3926
3502
3846
2554
2450
1111
2261
3823
2335
1885
2634
307
2658
284
4011
2025
110
3187
2940
1464
1358
3831
3919
3834
1141
3553
3286
1260
3245
1818
3127
1439
3717
2172
2801
2636
135
702
3622
2360
4013
448
1105
249
3395
3185
922
3935
1625
1781
3294
1759
2161
367
2861
1515
1060
2665
233
3775
3720
2410
2058
626
3998
726
3920
1658
1217
268
2596
350
3675
2720
30
858
3163
3237
3085
2295
423
370
1578
1006
932
2876
2265
2307
3393
379
323
1325
3223
1214
180
3140
1964
52
3870
58
2061
970
891
748
1720
427
3723
2750
398
3741
889
1915
4012
3742
3020
3328
3430
1627
37
1094
2015
1147
1656
505
518
1498
362
817
276
3001
3590
2281
2981
3566
3573
584
2751
2552
1900
3977
1423
407
3735
2993
1898
640
2245
963
1385
3384
2813
3281
3795
2004
2001
750
1276
3656
617
3039
3305
1677
2089
2721
1605
2375
3210
3587
2932
1172
281
3612
3614
2219
3554
3766
3503
4000
986
2987
1877
3937
3221
736
3949
1752
2477
709
3925
803
2508
2779
3147
3776
255
2173
435
3754
3165
1906
3446
70
2731
1742
3750
3388
2822
2775
3235
3368
1336
595
583
1027
1050
2599
1398
3890
1525
539
3916
1438
813
1434
3784
3673
2753
2778
738
346
3262
3888
3248
4033
361
3477
2982
2683
3478
1546
2698
3167
3034
3959
1120
3236
3536
717
3799
3134
3329
571
998
677
250
3033
959
1451
2693
3905
3317
3519
3036
1045
3715
178
2380
3597
2692
3133
117
2465
2583
3689
3624
292
857
3980
510
2082
3289
3855
2350
1866
2530
3724
3588
3485
206
2770
3529
2821
27
429
3107
2888
2342
1491
4
3609
3135
129
3703
3216
1570
3769
2612
3275
3332
256
2999
703
2427
5
1287
624
1510
3013
3304
321
88
2700
801
173
1404
3552
491
1732
355
1378
1286
740
3755
244
2765
2935
1499
3419
3606
1085
1457
3316
3158
3721
1858
1643
908
1176
2206
3847
1595
2961
1757
2403
3864
3635
2068
1944
2356
2662
2872
2126
657
718
2832
1352
2516
2042
2344
2267
2142
3488
524
2829
2810
540
1968
3008
3569
3885
2538
1951
1200
243
238
302
544
1882
312
2924
3550
365
945
20
3658
3800
3543
2591
3954
1788
3621
3737
480
4004
2029
3458
3584
414
165
650
665
1889
566
3867
459
344
4015
3981
499
3917
3874
231
3814
1667
1283
699
2807
3985
3670
2711
3583
3763
1977
910
3901
1799
2432
1504
487
1680
454
851
1857
198
693
2003
2031
3774
1424
1934
3907
3326
1539
1913
490
2768
1468
2252
3660
993
426
610
1007
1330
934
424
335
1989
2178
3137
60
308
1790
3100
3428
3696
1467
2831
1884
1350
2201
2639
1561
1911
3297
804
711
3593
838
3714
2939
3599
760
3844
3625
339
100
2740
1239
1206
2710
2198
14
2519
3093
3044
2883
2436
411
1490
2216
2067
445
2792
902
3109
2509
3860
559
254
33
3986
1313
2864
3828
3852
988
3318
319
2392
754
3351
535
2094
2991
2430
3778
328
1769
788
1496
2955
2489
146
3725
895
1261
34
818
2070
2226
1797
2960
573
2894
3489
2014
3848
78
3841
3605
2752
2847
2885
2800
3004
2725
192
3219
2747
1524
1972
1967
2376
1908
1365
1016
453
1904
3666
3623
3686
471
2605
2184
177
1669
1024
2825
2707
2759
4027
3260
694
2013
696
3112
2359
3581
3619
2036
655
2453
981
3102
3589
2228
4029
1042
2076
3734
1903
3037
2273
776
1699
3785
1058
1075
1476
2936
1955
2836
790
2805
999
778
2569
806
3401
2884
1654
620
193
3876
1442
3816
1127
3607
2017
1674
3668
3613
7
3895
944
1588
1486
45
1242
517
1987
3516
1403
3691
741
2767
1218
3604
3098
1848
2746
1808
3423
2505
112
210
3199
1542
1763
2317
1960
1031
1976
1275
2208
1593
3146
1689
951
2824
2761
1782
3865
273
3637
3547
1033
2513
3661
3749
769
3483
700
1362
1836
3770
990
3988
3429
3282
2979
2225
2696
3194
221
227
2175
1521
1659
3527
3374
1028
1095
246
2714
654
3738
3246
1114
2401
15
982
3335
1914
1526
3159
2314
2855
2437
546
2565
3777
1323
532
3676
2168
2425
2444
2843
2621
3697
2820
739
807
2856
536
2785
2230
971
3992
1368
3441
403
300
3451
3164
3023
2972
3963
3757
247
3265
3789
22
3157
2949
2795
1657
2529
2673
541
3197
3170
3088
3030
1082
3579
108
1388
474
