107
695
3980
296
476
1386
4027
3055
1776
532
1383
3637
2548
3653
3413
1253
12
4002
882
3141
3853
894
3997
3216
1474
2441
750
858
406
955
287
884
2301
327
3806
2788
3936
3923
3864
3820
3805
3686
3147
1133
1417
852
3644
182
2481
210
4022
216
237
283
112
201
153
356
552
3984
42
861
1022
2842
2885
1045
1276
2380
1301
1711
885
209
1295
3428
3987
147
3444
3268
3999
785
3808
3910
61
3134
1346
3691
1701
624
4009
52
2565
225
2245
1145
549
2168
2983
1969
937
86
877
2219
3235
207
3432
1461
1834
1430
202
4032
174
2535
3922
3536
3939
693
4028
1254
895
2528
869
1200
371
2442
721
759
742
2505
2422
3589
875
775
3789
4016
865
3816
3827
3539
3091
3932
3059
3513
3439
3610
3893
3631
3546
3896
3597
3614
3452
3925
1760
3708
3813
1905
3973
3613
3393
1418
873
3522
3970
3739
3217
3796
529
3953
3946
3876
454
647
3778
3733
3729
3230
3665
3575
3487
3454
3453
3619
120
2569
498
572
3839
1657
798
1874
2817
1586
4006
501
3093
3173
512
1194
1974
2255
891
8
284
295
221
749
5
262
195
44
184
73
121
3582
68
36
97
70
43
11
642
3164
379
217
47
2826
246
2790
289
250
247
230
2251
157
2922
2456
2857
106
791
87
405
49
160
2980
1670
3983
2584
3028
46
189
1073
914
386
1651
293
300
2884
472
2106
2691
3003
585
3071
691
673
240
672
2882
3094
1627
267
854
3959
671
2545
3407
1297
74
2990
3689
2080
767
143
270
2321
3063
2801
3083
1922
2963
3661
751
245
3358
2621
3812
2903
2094
801
2998
1546
365
911
3006
2175
2452
638
3978
448
292
3251
2798
273
1202
18
256
2421
593
1044
3742
3974
3885
193
253
1908
2066
4008
681
2195
1654
2358
3357
1395
1977
3882
1713
306
2204
3709
2899
1140
1581
3801
219
2714
3398
3368
3834
167
3996
93
3856
744
3305
3897
190
4010
826
1455
1252
1046
2051
2034
2388
2457
3131
1244
2792
1119
164
1206
3126
1248
3429
2076
3409
3807
1884
1157
2886
3197
851
3854
1394
4029
4003
985
3556
3099
550
3748
617
3410
244
4037
3408
918
3700
3125
464
2453
2870
878
3875
3372
411
2952
377
2522
1521
562
1466
3153
3688
2230
1762
328
275
218
177
1476
241
2541
2382
307
3165
150
163
64
100
126
260
20
14
19
28
226
140
220
17
149
116
115
343
312
214
144
41
326
2
110
910
3504
3676
564
3446
3879
3848
3647
3918
2721
2824
707
1030
2167
973
3279
173
2487
278
227
131
102
99
2017
1996
192
1838
929
3560
4036
6
3139
859
1111
384
228
3
3482
3685
717
855
3787
3720
3749
3727
3679
3963
3771
3949
3905
3863
3814
3624
3723
3566
3549
95
89
1043
1788
909
881
870
1840
1759
2776
2861
3218
2799
3354
3053
3105
3985
3994
3993
4030
3982
3988
3995
4023
3981
4014
3992
4017
3986
4021
4018
866
879
871
3122
1071
2113
2217
2375
3920
3587
3592
3975
3799
3716
3769
3894
3747
3715
3626
3887
3757
3701
3638
3927
3490
3772
3636
3447
3811
3441
3655
868
3524
3867
3773
3921
3862
3634
3623
3818
3881
3768
3937
3726
3561
3979
3751
3933
3537
3957
3759
3571
3465
3844
3581
3544
3672
3766
3972
3829
3507
3531
3627
3450
3669
3519
3847
3919
3898
3523
3941
3735
3678
3663
3585
3580
3564
3866
3763
3659
3835
3815
3641
3977
3599
3498
3944
3967
3500
3484
857
3947
3878
3572
3770
3841
3740
3509
3966
3804
3525
3743
3871
3648
3568
3802
3713
3615
3782
3764
3645
3781
3738
3825
3912
3553
3508
3728
3962
3760
3667
3656
3850
3590
3543
3940
3724
3601
3954
3706
3620
3924
3900
3843
3593
3468
3833
3754
3515
3670
3654
3826
3793
3784
3758
3558
3460
3945
3668
3554
3872
3741
3889
3901
3837
3616
3461
3577
3557
3695
3734
3888
3788
3851
3480
3658
3605
3860
3603
3542
3858
3702
3611
3501
3491
3750
3493
3791
3964
3915
3823
3761
3852
3755
3730
3687
3527
3497
3931
3909
3870
3869
3786
3836
3775
3612
3506
3514
3562
3442
3803
3671
3622
3511
3485
3950
3929
3503
862
3722
3470
3934
3930
3907
3629
3846
3948
3455
3457
3478
3845
3633
3456
3438
3596
3707
3489
3594
3976
3903
3794
3719
3711
3917
3857
3819
3873
3842
3618
3552
3520
3968
3756
3721
3692
3694
3521
3529
3510
3855
3822
3486
3765
3712
3495
3675
3737
3891
3604
3573
3725
3595
3538
3810
3705
3767
3535
3496
3697
3961
3690
3617
3499
3774
3868
3567
3840
3698
3902
3540
3526
3475
3583
3464
3951
3861
3714
3680
3569
3555
3824
3584
3752
3469
3877
3797
3684
3545
3913
3886
3831
3800
3790
3683
3674
3639
3563
3518
3502
3479
3449
3677
3651
3938
3576
3488
3838
3785
3642
3635
3528
3448
3971
3969
3960
3958
3956
3942
3926
3911
3906
3904
3899
3895
3892
3884
3883
3832
3821
3817
3795
3780
3779
3777
3762
3753
3746
3736
3710
3704
3703
3696
3693
3681
3673
3662
3660
3657
3652
3649
3646
3643
3630
3628
3625
3609
3608
3602
3591
3586
3579
3578
3559
3551
3547
3541
3534
3532
3512
3505
3492
3483
3476
3473
3472
3471
3466
3463
3462
3458
3443
3440
3830
3828
3731
3640
3437
3574
3565
3477
467
912
3074
3127
2774
4031
4013
399
393
198
441
364
135
176
321
23
309
139
127
158
84
338
311
222
197
81
290
258
224
1
175
317
55
288
238
264
320
303
96
276
298
63
211
212
281
178
159
346
194
24
92
339
330
257
26
265
30
268
29
132
104
325
129
134
323
313
208
98
302
269
280
141
13
103
162
274
252
223
186
10
170
75
165
243
324
123
291
236
105
263
77
101
334
331
277
199
109
259
91
196
94
314
142
62
39
9
155
124
271
261
229
146
50
310
344
297
272
235
232
156
56
332
242
130
53
25
322
299
266
304
248
239
188
118
113
82
66
31
21
119
285
342
108
48
27
345
329
231
172
169
151
347
308
213
200
85
72
111
341
340
337
336
318
316
315
294
254
251
203
187
183
180
179
161
148
145
137
133
128
122
88
80
79
78
71
67
60
59
57
54
45
40
7
0
204
333
22
16
168
234
65
249
69
117
185
4
181
32
38
152
301
233
206
191
154
37
83
51
4019
4026
4020
4025
4007
4004
4000
3998
4015
4011
3991
3989
667
594
4038
4024
4005
4035
4034
4033
3990
4001
4012
809
720
808
867
787
863
825
887
874
725
714
836
802
804
841
794
772
886
889
771
778
736
701
754
758
730
711
782
795
812
818
762
732
842
769
833
712
888
727
821
784
783
740
760
831
793
733
781
876
807
890
880
872
776
704
688
724
716
849
780
745
718
853
850
829
738
694
844
834
799
763
752
741
715
697
839
822
814
813
810
806
800
796
788
768
765
761
755
753
729
723
722
692
690
830
726
734
817
770
748
847
827
823
747
719
737
703
856
779
698
848
845
837
820
766
731
708
815
774
735
713
705
805
792
777
696
686
824
803
797
773
843
840
828
819
739
728
709
835
746
700
832
756
706
893
892
816
786
838
864
846
789
764
687
710
790
702
811
743
699
757
883
689
860
3632
3481
3859
3890
3600
3874
3494
3916
3533
3598
3621
3744
3459
3718
3699
3865
3517
3943
3952
3792
3650
3530
3474
3467
3445
3776
3550
3664
3809
3783
3271
3745
3138
2997
3236
3015
3606
3210
2858
2918
3208
3042
2982
3405
2732
3181
2830
2995
2900
2837
3435
3077
2959
3200
3227
3012
3436
3193
3390
3023
2769
3057
2699
3202
3135
3294
3234
2888
2907
2908
3243
3257
3123
3080
3092
2929
2852
2664
2697
3414
3315
2948
3195
3215
2681
2909
3149
2749
2789
3040
3078
3025
2935
2855
3329
3190
2782
2700
3039
3171
3032
2847
2709
3124
2760
2876
2762
3328
3415
3248
3196
2941
3383
3009
612
2771
3081
3401
3312
3167
2747
3072
3282
3241
3306
2734
2881
3219
3199
2938
35
3340
2875
3194
3175
3058
2832
3157
3088
3297
3247
2895
2723
3204
3097
3050
3016
2831
2718
3281
3225
3102
3367
2976
2733
2797
3396
3151
2703
3110
3317
3213
3399
3339
3137
3084
2993
3086
3288
3144
2846
3341
3041
3206
2819
3170
2889
2834
3318
2972
2670
3308
3180
2930
2902
2854
2755
3013
3046
3379
3186
3112
2701
3420
2947
3168
2862
3089
2745
3336
2981
2821
2741
2680
2844
3232
3036
3000
2915
2891
3388
3303
3286
2953
2887
2878
3366
3313
3231
3010
3129
3090
2786
3103
3283
3343
3254
3327
2933
2804
2791
1666
3324
2961
2706
3417
3158
3142
2928
2927
2877
2794
2676
3128
3020
2940
2743
2705
2695
2969
2960
2896
2867
2850
2839
2669
2931
2874
3292
3301
3117
2994
2974
2916
2910
2835
3104
3033
3022
2754
2775
990
3382
3311
3384
3364
3238
3166
3054
2988
2956
2756
2731
2679
3348
3096
2920
2750
2738
3255
3431
2898
3250
3056
2987
2986
2944
2911
2872
2866
2773
2689
3293
3400
2978
3220
2945
2880
2806
2777
2667
2865
3433
3362
3114
3026
2977
2766
2683
3178
3024
3045
3226
3108
3098
3065
2827
2757
3017
2868
2720
3095
2851
2809
3275
3184
2919
2763
2761
2694
3307
2795
3363
3064
3047
3014
2985
2917
2912
2698
3430
3426
3300
2890
3276
3132
3189
3274
2853
3386
3152
3316
3345
2913
3272
3111
2901
2840
3422
3211
2996
3304
3067
2672
3342
3337
3192
3172
2936
2825
2675
3260
3140
3258
3239
2991
2939
3344
3154
2770
2753
2674
2856
2780
3434
3416
3280
3120
2894
2914
2678
3038
2904
3682
3666
3516
3118
3107
2984
2946
3326
3259
2950
2871
2787
2690
2686
2665
3285
3068
2836
2779
2730
3289
2707
3221
3100
2711
2662
664
575
684
663
429
3419
3267
3188
3021
2849
2742
3161
3347
3214
3146
3051
3035
3007
2869
2785
2712
3256
2932
3156
2715
3385
3321
3299
3253
3136
2812
3403
3402
3369
2783
2758
3412
3150
2768
2739
2713
3069
3162
3133
2728
3233
3223
3159
2682
2820
2752
3377
3331
3048
3370
1854
319
286
282
279
171
58
33
1585
1050
2833
2818
2793
2748
3287
3335
3320
3291
3277
3252
3169
3027
2863
3076
3061
2685
2989
2973
2796
2765
2719
3060
2937
2845
2778
2708
1210
3365
3002
2803
3423
3421
3411
3394
3392
3391
3389
3387
3380
3374
3373
3371
3360
3359
3352
3351
3346
3332
3325
3314
3309
3302
3298
3284
3266
3249
3246
3242
3237
3228
3212
3209
3207
3205
3203
3191
3185
3182
3177
3176
3174
3160
3148
3130
3121
3119
3109
3106
3085
3082
3079
3075
3073
3052
3049
3043
3034
3031
3030
3029
3018
3008
3005
3004
2999
2992
2975
2968
2967
2966
2949
2943
2925
2924
2923
2921
2906
2905
2897
2892
2883
2879
2873
2864
2859
2848
2843
2841
2815
2811
2810
2807
2800
2784
2772
2767
2751
2746
2744
2737
2735
2729
2727
2726
2725
2717
2716
2710
2702
2696
2692
2688
2687
2684
2677
2673
2671
2668
2666
2663
2661
1251
3406
3397
3353
3240
3224
3381
3378
3330
3296
3261
3198
3145
3116
3115
3070
2979
2970
2781
3361
3222
3319
3278
1498
1855
3548
3935
3928
3908
3849
3880
3263
1726
3395
3019
2964
2829
2724
628
589
665
661
166
1134
1362
986
965
1887
945
611
660
622
621
574
588
654
625
1708
541
522
1422
1478
1000
478
649
685
646
1356
3265
3245
3101
1805
3264
3187
3087
2955
2951
3356
3334
3273
3001
2962
2958
2934
1797
2238
1656
900
1314
1007
1494
1527
1411
1316
1031
1544
1830
1152
1143
1141
3350
3262
3113
3011
2828
2823
1364
1212
1154
2813
1684
1228
