0
854
692
3935
3922
3856
3820
3808
4032
4022
3984
453
3031
2740
585
3230
1581
1466
1145
1119
282
37
18
3183
3570
875
3748
443
468
717
725
689
744
704
789
712
707
716
798
855
852
846
841
839
836
833
832
822
821
816
812
809
808
806
802
796
791
788
786
785
783
775
771
770
767
763
759
757
750
749
746
743
740
732
714
702
701
699
691
690
874
804
837
803
844
826
779
773
693
792
778
710
843
838
807
756
739
851
761
735
872
799
795
790
758
723
715
711
706
700
861
849
768
766
762
737
733
727
726
720
695
853
850
848
847
842
834
829
818
813
794
784
782
780
777
772
760
752
751
748
742
738
736
734
731
722
721
696
688
890
814
774
769
755
724
697
845
835
831
828
827
824
820
817
815
797
793
787
781
765
764
754
747
741
730
728
718
709
705
694
687
686
3952
858
3875
3801
3963
3675
3727
3606
3572
3789
3977
3666
3447
3513
3439
3509
3965
3818
3620
3536
3441
3694
3855
3763
3771
3580
3776
3637
3810
3458
3868
3725
3735
3728
3685
3644
3636
3599
895
894
893
892
891
889
888
887
886
885
884
882
881
880
879
878
877
876
873
870
869
867
866
864
863
859
856
840
830
825
823
819
811
810
805
800
776
753
745
729
719
713
708
703
3912
3743
3657
3923
3879
3749
3638
3519
3900
3643
3878
3834
3594
3655
3768
3665
3652
3614
3890
3777
3564
3836
3534
3956
3459
3928
3936
3921
3907
3778
3773
3713
3598
3474
3940
3590
3565
3805
871
868
865
3603
3707
3755
3542
3986
4003
3990
3999
4021
4026
4014
4000
3982
3981
3988
3870
3444
3583
3947
3506
3486
3662
3450
3976
3975
3974
3973
3972
3969
3967
3960
3959
3958
3955
3953
3951
3949
3946
3941
3939
3937
3933
3932
3931
3924
3920
3917
3915
3914
3910
3909
3906
3905
3904
3903
3901
3899
3897
3896
3895
3894
3893
3892
3887
3885
3882
3881
3876
3874
3871
3869
3867
3866
3865
3863
3862
3857
3854
3850
3848
3846
3845
3844
3843
3840
3837
3835
3833
3829
3827
3826
3823
3822
3821
3819
3816
3815
3814
3812
3811
3809
3807
3806
3802
3799
3798
3795
3794
3793
3792
3791
3787
3786
3785
3784
3783
3782
3781
3774
3772
3770
3769
3767
3766
3764
3761
3759
3758
3757
3754
3753
3752
3751
3747
3746
3745
3740
3739
3737
3732
3730
3726
3724
3722
3720
3719
3718
3716
3715
3714
3711
3710
3709
3708
3706
3705
3704
3701
3699
3698
3696
3690
3686
3682
3681
3679
3678
3676
3671
3668
3664
3663
3660
3659
3658
3653
3648
3647
3646
3645
3641
3640
3634
3632
3631
3630
3629
3627
3624
3623
3622
3619
3616
3615
3610
3608
3607
3602
3601
3597
3595
3593
3591
3588
3587
3585
3584
3582
3581
3579
3571
3569
3568
3567
3558
3555
3553
3549
3546
3543
3541
3539
3538
3537
3535
3532
3531
3529
3528
3526
3524
3518
3515
3511
3510
3508
3507
3505
3503
3502
3500
3499
3498
3497
3494
3493
3492
3490
3489
3485
3483
3482
3478
3477
3476
3473
3472
3470
3468
3466
3465
3464
3460
3455
3453
3452
3451
3446
3445
3443
3442
2788
3175
2886
2935
2952
3427
3227
3270
2878
2774
3421
3333
3269
3030
2922
3354
3200
2691
3088
2975
3425
2893
3094
3105
2710
3234
3180
2902
2816
3166
3119
3209
3013
3050
2695
2680
2709
3388
2759
2667
3158
2945
3394
3123
3025
2977
3433
3192
3052
2982
2959
2879
2834
2703
2699
3226
2986
2927
2913
2911
2908
2761
2679
3305
3363
3249
3250
3232
3184
3149
2974
2960
2931
2916
2910
2897
2877
2773
2755
2745
2698
3300
3229
3139
2851
2789
2786
2876
698
2901
3128
3083
2949
2933
3329
3182
3121
3208
3048
2713
3299
2720
3219
3324
3117
3085
2925
2919
2896
2785
2811
2692
2803
3154
2830
2711
2662
3223
2820
3091
2824
2721
3628
3661
3731
3559
3475
3462
3575
3838
3817
3527
3970
3957
3926
3919
3918
3913
3911
3902
3898
3883
3864
3832
3813
3790
3765
3744
3736
3717
3700
3695
3691
3680
3670
3669
3649
3639
3635
3617
3613
3574
3562
3560
3523
3516
3512
3488
3481
3479
3467
3457
3852
3563
3702
3689
3683
3930
3839
3712
3847
3544
3788
3578
3533
3979
3916
3891
3888
3626
3589
3522
3944
3889
3828
3517
3964
3945
3942
3927
3825
3803
3738
3612
3554
3469
3688
3611
3950
3672
3573
3552
3521
3520
3966
3656
3491
3480
3471
3841
3760
3604
3484
3438
3978
3934
3929
3908
3873
3860
3824
3796
3667
3625
3548
3971
3938
3884
3858
3831
3804
3800
3762
3756
3734
3687
3654
3651
3618
3557
3514
3461
3449
3448
862
857
3968
3886
3842
3797
3780
3703
3697
3684
3596
3576
3545
3525
3272
3379
3369
2942
2702
2965
241
145
70
1034
2955
3246
3415
3342
3189
2894
3396
2936
2881
3196
3187
3167
2932
2819
2783
3179
2923
2770
2722
3259
3256
3002
2957
2845
3395
3383
3274
3043
3018
3161
3419
3330
3252
3247
3240
3145
3070
3021
3007
2992
2939
2937
2883
2796
2753
2748
2865
2784
3302
2825
3340
4023
4020
4013
4038
4037
4036
4035
4034
4033
4030
4029
4028
4027
4025
4024
4019
4018
4017
4016
4012
4010
4009
4008
4007
4006
4005
4004
4002
4001
3998
3997
3996
3995
3994
3993
3992
3991
3987
3985
3983
3954
3859
3849
3742
3733
3600
3463
3551
3530
3925
3566
3504
3496
3880
3779
3775
3693
3673
3642
3621
3605
3586
3547
3437
621
660
681
658
628
577
642
582
576
677
672
588
379
437
472
383
228
3436
3435
3434
3432
3431
3430
3429
3428
3426
3424
3423
3422
3418
3417
3416
3414
3413
3411
3408
3407
3405
3403
3402
3401
3400
3399
3398
3397
3393
3392
3391
3390
3389
3387
3384
3382
3381
3380
3378
3377
3376
3375
3374
3373
3372
3371
3370
3368
3367
3365
3364
3362
3360
3359
3358
3357
3356
3353
3352
3351
3350
3349
3348
3347
3346
3345
3344
3343
3341
3339
3338
3337
3336
3335
3334
3332
3327
3326
3325
3323
3322
3321
3320
3318
3317
3316
3315
3314
3313
3312
3311
3310
3309
3308
3307
3306
3303
3301
3298
3297
3296
3294
3293
3292
3291
3288
3287
3286
3285
3284
3283
3282
3281
3280
3279
3277
3276
3275
3273
3271
3268
3267
3266
3264
3262
3261
3260
3257
3255
3254
3253
3251
3244
3243
3242
3241
3239
3238
3237
3236
3235
3231
3228
3225
3224
3221
3220
3218
3217
3216
3215
3214
3213
3212
3211
3210
3207
3206
3205
3204
3203
3202
3201
3199
3198
3197
3195
3194
3193
3191
3190
3188
3185
3181
3177
3176
3174
3173
3172
3171
3170
3169
3163
3160
3159
3157
3156
3155
3153
3152
3151
3150
3148
3147
3146
3144
3143
3142
3141
3140
3138
3137
3135
3134
3133
3132
3131
3130
3129
3127
3126
3125
3124
3122
3120
3118
3116
3115
3114
3113
3112
3110
3109
3108
3107
3106
3104
3103
3102
3099
3098
3097
3096
3095
3093
3092
3090
3089
3087
3086
3084
3082
3081
3080
3078
3077
3076
3075
3074
3073
3072
3069
3068
3067
3066
3065
3064
3063
3061
3060
3059
3058
3056
3055
3054
3053
3051
3049
3047
3046
3045
3044
3042
3041
3040
3039
3038
3037
3036
3035
3033
3032
3029
3028
3027
3026
3024
3023
3022
3020
3017
3016
3015
3014
3012
3010
3009
3008
3006
3004
3000
2998
2997
2996
2995
2994
2993
2991
2990
2989
2988
2987
2985
2984
2983
2981
2980
2978
2973
2972
2970
2969
2967
2966
2963
2961
2958
2956
2954
2953
2951
2950
2948
2947
2946
2944
2943
2940
2934
2930
2929
2928
2926
2924
2921
2920
2918
2917
2915
2914
2912
2909
2907
2906
2905
2904
2900
2899
2898
2895
2892
2891
2890
2889
2888
2887
2884
2882
2880
2875
2874
2873
2872
2871
2870
2868
2867
2866
2864
2863
2862
2861
2860
2859
2858
2857
2856
2855
2854
2853
2852
2850
2849
2848
2847
2846
2844
2843
2841
2840
2839
2837
2836
2835
2833
2832
2831
2829
2828
2827
2823
2821
2818
2817
2815
2813
2812
2810
2809
2808
2807
2806
2805
2804
2802
2801
2800
2799
2798
2797
2795
2794
2793
2792
2791
2790
2787
2782
2781
2780
2779
2778
2777
2776
2772
2771
2769
2768
2767
2766
2765
2763
2762
2758
2757
2756
2754
2751
2750
2749
2747
2746
2744
2743
2742
2741
2739
2738
2737
2736
2735
2733
2732
2731
2730
2729
2728
2727
2726
2724
2723
2719
2718
2717
2716
2715
2714
2712
2708
2707
2706
2705
2701
2700
2697
2696
2694
2690
2689
2688
2687
2686
2685
2684
2683
2682
2681
2676
2675
2674
2673
2672
2671
2670
2669
2668
2666
2665
2664
2663
2661
860
1395
1558
996
1162
3355
3319
2999
2938
2903
2677
1690
1855
1093
3409
3386
3165
3164
3079
3062
3011
2976
2964
2734
2725
3420
3410
3178
3034
2971
3412
3406
3404
3366
3331
3304
3295
3233
3168
3162
3100
3019
3001
2962
2775
2752
1157
987
1579
1755
1005
1693
1394
1353
1797
1326
1147
1354
3962
3948
3943
3877
3872
3851
3830
3750
3741
3721
3692
3677
3674
3633
3609
3592
3577
3561
3556
3550
3540
3501
3495
3456
3440
1497
1372
1342
928
1728
1822
1050
1646
989
1499
1009
1890
1208
985
1021
1784
3328
3136
3057
3005
2941
2760
2678
1678
1862
1640
1087
923
1832
1040
1218
1812
1670
1748
1081
1904
1749
1649
1308
1907
1894
1739
1531
1481
1418
1299
1571
1207
983
1479
1379
1082
1601
1493
1216
1137
903
1820
1382
1373
1316
1014
1647
896
678
1850
1650
1322
1129
655
616
574
77
160
201
240
154
501
476
8
49
250
35
183
191
139
157
16
162
2
91
163
64
182
89
6
254
179
270
263
48
230
117
320
176
180
267
83
175
112
140
137
326
28
328
275
78
1388
920
1697
1789
1711
1652
1901
926
1865
1723
1028
1111
1851
1561
1283
1088
991
1821
1741
1712
1619
1605
1331
1201
1156
1117
1101
1771
1668
1614
1460
1335
1198
1180
1132
1826
1734
1612
1563
1431
1420
1272
1255
1195
3289
3258
3186
3111
2968
2869
1726
1441
1622
3385
3361
3278
3265
3263
3248
3245
3222
3101
2979
2822
2764
2693
1758
1098
1447
982
1779
1765
973
2826
1450
1058
1793
1483
1399
1185
1107
1048
1274
1203
1727
1569
1861
1752
1737
1689
1524
1243
967
1719
1445
1756
1703
1676
1615
1593
1421
1410
1251
950
1869
1781
1770
1709
1507
1412
1366
1275
1152
1041
1007
1706
1680
1595
1515
1508
1495
1406
1261
1245
1166
1148
1102
1018
942
429
349
509
1311
1109
1762
1654
1496
939
1885
1818
1599
1184
1631
1746
1565
1235
636
626
619
612
1674
1548
1318
963
4031
4011
3989
3980
3961
3861
3723
3487
3454
1730
1724
1644
1600
1444
1344
1290
1209
1191
1075
1049
905
620
474
1543
1357
1173
1095
913
1767
1435
1320
1122
410
372
371
557
546
673
569
541
357
685
684
682
679
675
674
671
670
668
666
665
664
663
662
661
659
657
656
654
653
652
650
648
647
646
644
643
640
639
638
635
633
632
631
630
627
625
623
622
618
617
615
613
611
610
608
607
605
603
602
600
599
598
597
595
592
589
586
584
583
581
579
578
575
573
593
547
409
359
406
487
680
590
587
1790
1692
1427
1397
1358
580
404
510
497
422
572
571
568
565
564
562
560
555
552
551
550
548
540
539
537
536
535
533
532
531
530
529
527
522
521
519
518
507
505
504
503
502
499
498
496
495
494
493
491
490
489
488
486
481
480
479
478
470
467
466
464
463
462
461
458
454
450
448
446
445
444
441
440
435
431
424
418
413
411
403
401
399
398
396
395
394
393
392
390
389
388
386
385
384
382
381
380
377
375
368
367
365
364
362
361
358
356
355
354
352
351
331
27
231
30
123
290
261
224
196
141
72
45
3
334
323
284
188
184
169
161
159
105
104
98
55
40
25
291
168
65
31
3290
2704
1684
1911
1910
1909
1908
1906
1905
1903
1902
1900
1899
1898
1897
1896
1895
1893
1892
1891
1889
1888
1887
1886
1884
1882
1881
1880
1879
1878
1877
1876
1875
1874
1873
1872
1871
1870
1868
1867
1866
1864
1860
1859
1858
1857
1856
1854
1853
1849
1848
1847
1845
1844
1843
1842
1841
1840
1839
1838
1837
1833
1831
1830
1829
1828
1827
1825
1824
1823
1819
1816
1815
1814
1813
1811
1810
1809
1807
1806
1805
1804
1803
1802
1801
1800
1799
1798
1796
1795
1794
1792
1791
1788
1787
1786
1785
1783
1778
1776
1775
1774
1773
1772
1768
1766
1764
1763
1761
1760
1759
1757
1754
1753
1751
1750
1747
1744
1743
1742
1738
1736
1735
1733
1732
1731
1729
1725
1722
1721
1720
1717
1716
1715
1714
1713
1710
1708
1707
1705
1704
1701
1700
1699
1698
1696
1695
1694
1691
1686
1685
1683
1682
1681
1679
1677
1675
1673
1672
1671
1669
1667
1665
1664
1662
1661
1660
1659
1658
1657
1656
1655
1653
1651
1648
1645
1643
1642
1641
1639
1638
1637
1636
1635
1634
1633
1632
1630
1629
1628
1627
1625
1624
1623
1620
1616
1613
1611
1610
1609
1608
1607
1606
1604
1603
1602
1598
1597
1596
1594
1592
1591
1589
1588
1587
1586
1585
1584
1583
1582
1580
1578
1576
1575
1573
1572
1570
1568
1567
1566
1564
1562
1560
1559
1557
1556
1555
1554
1553
1552
1551
1550
1547
1546
1544
1542
1541
1539
1538
1537
1536
1535
1533
1532
1530
1529
1528
1527
1526
1525
1522
1521
1520
1519
1518
1517
1516
1514
1512
1511
1510
1506
1505
1504
1503
1502
1501
1500
1498
1494
1492
1491
1490
1489
1488
1487
1486
1484
1482
1480
1478
1477
1476
1475
1474
1473
1472
1471
1470
1469
1468
1467
1464
1463
1462
1461
1459
1457
1456
1455
1454
1453
1452
1451
1449
1448
1443
1442
1439
1438
1437
1436
1434
1433
1432
1430
1429
1428
1426
1425
1424
1423
1422
1419
1417
1416
1415
1414
1413
1411
1409
1407
1405
1404
1403
1402
1401
1400
1398
1396
1393
1392
1391
1390
1389
1387
1386
1385
1384
1383
1381
1380
1378
1377
1376
1375
1371
1370
1369
1368
1367
1365
1364
1363
1362
1360
1359
1356
1355
1351
1350
1349
1348
1347
1346
1345
1343
1341
1340
1339
1337
1336
1334
1333
1332
1330
1329
1328
1325
1324
1323
1321
1319
1317
1315
1314
1313
1310
1309
1307
1306
1305
1304
1303
1302
1301
1300
1298
1297
1296
1295
1294
1293
1292
1291
1289
1288
1287
1286
1285
1284
1282
1281
1280
1279
1278
1277
1276
1273
1271
1270
1269
1268
1267
1266
1265
1264
1263
1262
1260
1259
1258
1257
1256
1254
1253
1252
1250
1249
1248
1247
1246
1244
1242
1241
1240
1239
1238
1236
1234
1233
1232
1231
1230
1229
1228
1227
1226
1225
1224
1223
1222
