0
447
1581
335
244
4010
3935
3748
3570
2079
3071
18
1119
899
624
74
648
3031
3974
911
282
743
785
854
732
771
3992
858
888
812
763
843
758
764
737
728
720
833
817
813
794
778
751
746
844
820
818
724
709
856
855
853
852
851
850
849
848
847
846
845
842
841
839
838
837
836
835
834
832
831
829
827
826
824
823
822
821
819
816
815
814
809
808
807
806
804
802
801
800
799
797
796
795
793
792
791
790
789
788
787
786
784
783
782
781
780
779
777
775
773
772
770
768
767
766
765
762
761
760
759
757
756
755
754
752
750
749
748
747
744
742
741
740
739
738
736
735
734
733
731
730
727
726
725
723
722
721
718
717
716
715
714
712
711
710
707
706
705
704
703
702
701
700
699
696
695
694
693
691
690
689
688
687
2483
2168
4016
3990
4029
3995
4021
4000
4017
4030
3997
3879
3846
3653
3946
3781
3806
3544
3736
3537
3941
3732
3888
3893
3963
3817
3727
3681
3512
3666
3465
3439
3931
3668
3632
3607
3623
3839
3864
3760
3929
3558
3458
3845
3863
3665
3913
3870
3572
3898
3523
3481
3920
3975
3579
3940
3484
3917
3912
3871
3739
3769
3767
3520
3927
3777
3761
3705
3591
3555
3934
3831
3793
3758
857
3827
3815
3713
3498
3779
3625
3618
3944
3838
3800
3737
3527
3485
3471
3814
3868
3819
3725
3906
3529
3464
3460
3977
3740
3615
3608
3599
3590
3505
3662
3538
3805
3938
3517
3480
895
894
893
891
890
889
887
886
885
884
883
882
881
880
879
878
877
876
874
873
872
871
870
869
868
867
866
865
864
863
861
859
840
830
828
825
811
810
805
803
798
776
774
769
753
745
729
719
713
708
697
686
2527
2541
2382
2380
1956
2422
1992
2437
2167
2402
2614
2454
2545
2450
2158
2421
2622
2513
2651
2487
2301
2236
2311
2023
1934
2035
1928
2424
2120
2639
2579
2307
2179
2146
2657
2633
2435
2097
2011
3175
2952
3427
3376
3092
3126
2799
3249
3216
2670
3357
3181
2801
3166
3225
3402
2723
2714
3095
3294
3382
3283
2889
2699
2844
3328
2846
3400
3123
3158
3073
2756
3000
2944
2920
2800
2761
3305
3349
2750
3387
3250
3098
2988
2986
2864
2835
2745
2738
2694
3300
3114
2899
2851
2726
2796
2213
2626
2645
2476
2659
2620
2585
2365
2202
1919
2863
3369
3083
2808
2316
2446
2044
1988
1975
2638
2554
2500
2433
2407
2386
2299
2212
2201
2172
2139
2045
1997
1983
1966
1962
1953
2427
2214
2230
2322
1952
2612
2154
2652
2641
2557
2406
2403
2361
2310
2305
2272
2175
1978
2416
2605
2601
2449
2249
2019
2599
2479
1970
2295
2537
2623
2619
2607
2586
2550
2542
2430
2395
2363
2300
2271
2244
2240
2233
2229
2188
2108
2078
2064
2057
2465
2434
3247
3140
3261
3138
2848
2795
3345
3038
3358
3036
3033
2896
2815
2705
3159
2958
3386
3297
3082
2980
2937
2828
2778
2753
3346
2812
3415
3334
3133
2830
2728
2682
3756
3677
3550
3540
862
3279
2984
2768
2665
3341
3330
3233
3086
2996
2685
2675
3366
3072
2965
2875
3077
2330
2246
2155
2031
2010
3335
2918
2901
47
160
233
234
102
253
97
46
219
131
2617
2583
2511
2364
2284
2157
1951
183
139
125
190
95
6
225
222
286
181
165
99
221
191
94
24
23
230
132
281
251
184
108
247
140
308
55
168
333
162
2
116
331
115
223
211
109
21
341
258
252
203
200
161
38
213
169
273
67
25
194
73
4027
4038
4037
4036
4035
4034
4033
4032
4028
4026
4025
4024
4023
4022
4020
4019
4018
4015
4014
4013
4012
4011
4009
4008
4007
4006
4005
4004
4003
4002
4001
3999
3998
3996
3994
3993
3991
3988
3986
3985
3984
3983
3982
3981
3604
3496
3979
3978
3976
3973
3972
3971
3970
3969
3968
3967
3966
3965
3964
3962
3961
3960
3959
3958
3957
3956
3955
3954
3953
3952
3951
3950
3949
3948
3947
3945
3943
3942
3939
3937
3936
3933
3932
3930
3928
3926
3925
3924
3923
3922
3921
3919
3918
3916
3915
3914
3911
3910
3909
3908
3907
3905
3904
3903
3902
3901
3900
3899
3897
3896
3895
3894
3892
3891
3890
3889
3887
3886
3885
3884
3883
3882
3881
3880
3878
3877
3876
3875
3874
3873
3872
3869
3867
3866
3865
3862
3860
3859
3858
3857
3856
3855
3854
3853
3852
3851
3850
3849
3848
3847
3844
3843
3842
3841
3840
3837
3836
3835
3834
3833
3832
3830
3829
3828
3826
3825
3824
3823
3822
3821
3820
3818
3816
3813
3812
3811
3810
3809
3808
3807
3804
3803
3802
3801
3799
3798
3797
3796
3795
3794
3792
3791
3790
3789
3788
3787
3786
3785
3784
3783
3782
3780
3778
3776
3775
3774
3773
3772
3771
3770
3768
3766
3765
3764
3763
3762
3759
3757
3755
3754
3753
3752
3751
3750
3749
3747
3746
3745
3744
3743
3742
3741
3738
3735
3734
3733
3731
3730
3729
3728
3726
3724
3722
3721
3720
3719
3718
3717
3716
3715
3714
3712
3711
3710
3709
3708
3707
3706
3704
3703
3702
3701
3700
3699
3698
3697
3696
3695
3694
3693
3692
3691
3690
3689
3688
3687
3686
3685
3684
3683
3682
3680
3679
3678
3676
3675
3674
3673
3672
3671
3670
3669
3667
3664
3663
3661
3660
3659
3658
3657
3656
3655
3654
3652
3651
3650
3649
3648
3647
3646
3645
3644
3643
3642
3641
3640
3639
3638
3637
3636
3635
3634
3633
3631
3630
3629
3628
3627
3626
3624
3622
3621
3620
3619
3617
3616
3614
3613
3612
3611
3610
3609
3606
3605
3603
3602
3601
3600
3598
3597
3596
3595
3594
3593
3592
3589
3588
3587
3586
3585
3584
3583
3582
3581
3580
3578
3577
3576
3575
3574
3573
3571
3569
3568
3567
3566
3565
3564
3563
3562
3561
3560
3559
3557
3556
3554
3553
3552
3551
3549
3548
3547
3546
3545
3543
3542
3541
3539
3536
3535
3534
3533
3532
3531
3530
3528
3526
3525
3524
3522
3521
3519
3518
3516
3515
3514
3513
3511
3510
3509
3508
3507
3506
3504
3503
3502
3501
3500
3499
3497
3495
3494
3493
3492
3491
3490
3489
3488
3486
3483
3482
3479
3478
3477
3476
3475
3474
3473
3472
3470
3469
3468
3467
3466
3463
3462
3461
3459
3457
3456
3455
3454
3453
3452
3451
3450
3449
3448
3447
3446
3445
3444
3443
3442
3441
3440
3438
698
2660
2658
2656
2655
2654
2653
2650
2649
2648
2647
2646
2644
2640
2637
2636
2635
2634
2632
2631
2630
2628
2627
2625
2624
2621
2618
2615
2613
2611
2610
2606
2604
2603
2602
2600
2596
2595
2593
2591
2590
2587
2584
2581
2580
2578
2577
2576
2575
2574
2573
2572
2571
2570
2569
2568
2566
2565
2564
2563
2562
2561
2560
2559
2558
2556
2553
2552
2551
2549
2548
2547
2546
2540
2539
2538
2536
2535
2534
2532
2531
2528
2526
2525
2524
2523
2522
2521
2520
2518
2517
2515
2514
2507
2506
2505
2504
2503
2499
2497
2495
2494
2493
2492
2490
2489
2488
2486
2485
2484
2482
2481
2480
2478
2477
2474
2473
2472
2470
2469
2467
2466
2464
2462
2460
2459
2457
2456
2455
2453
2452
2448
2447
2444
2443
2442
2441
2440
2439
2438
2436
2432
2431
2429
2428
2426
2425
2423
2419
2418
2415
2414
2412
2411
2410
2409
2408
2405
2404
2401
2400
2397
2396
2393
2392
2391
2390
2388
2387
2383
2381
2379
2378
2377
2376
2375
2374
2373
2371
2370
2369
2367
2366
2362
2360
2359
2358
2357
2356
2354
2353
2352
2351
2350
2349
2348
2346
2345
2342
2341
2340
2339
2337
2335
2334
2331
2329
2326
2325
2324
2323
2321
2320
2318
2317
2314
2313
2312
2309
2308
2306
2304
2303
2297
2296
2291
2290
2288
2287
2286
2281
2280
2278
2277
2276
2275
2274
2270
2269
2266
2265
2263
2262
2261
2260
2259
2258
2257
2256
2255
2254
2253
2252
2251
2248
2245
2243
2242
2238
2237
2235
2234
2232
2231
2228
2227
2226
2225
2222
2221
2220
2219
2218
2217
2216
2211
2210
2209
2208
2207
2206
2205
2204
2203
2200
2197
2193
2192
2190
2186
2185
2184
2182
2181
2178
2177
2173
2171
2170
2166
2165
2164
2162
2161
2160
2159
2156
2152
2150
2147
2145
2143
2142
2141
2140
2136
2131
2130
2129
2127
2126
2124
2123
2122
2121
2119
2118
2116
2115
2114
2113
2112
2110
2109
2107
2106
2105
2104
2103
2100
2099
2098
2096
2095
2094
2093
2092
2091
2090
2089
2088
2086
2085
2084
2083
2082
2080
2077
2076
2075
2074
2073
2070
2069
2067
2066
2063
2061
2060
2059
2058
2056
2055
2051
2050
2049
2048
2046
2043
2041
2040
2039
2037
2036
2034
2033
2030
2029
2027
2025
2024
2022
2021
2020
2018
2017
2016
2015
2014
2013
2012
2009
2008
2006
2005
2004
2003
2001
2000
1999
1998
1996
1995
1993
1991
1990
1989
1987
1986
1985
1984
1982
1981
1980
1979
1977
1976
1974
1973
1972
1971
1969
1968
1965
1964
1963
1961
1960
1958
1957
1955
1950
1949
1946
1944
1943
1942
1939
1938
1937
1936
1935
1933
1931
1930
1929
1927
1926
1925
1924
1923
1922
1921
1918
1917
1915
1914
1913
572
448
437
568
562
459
411
354
564
441
1854
1270
3436
3435
3434
3433
3432
3431
3430
3429
3428
3426
3425
3424
3423
3422
3421
3419
3418
3417
3416
3414
3413
3411
3408
3407
3405
3403
3401
3399
3398
3397
3396
3395
3394
3393
3392
3391
3390
3389
3388
3385
3384
3383
3381
3380
3379
3378
3377
3375
3374
3373
3372
3371
3370
3368
3367
3365
3364
3363
3362
3360
3359
3356
3354
3353
3352
3351
3350
3348
3347
3344
3343
3342
3340
3339
3338
3337
3336
3333
3332
3329
3327
3326
3325
3324
3323
3322
3321
3320
3318
3317
3316
3315
3314
3313
3312
3311
