0
3997
3935
883
4035
1233
305
851
4006
4029
4008
3071
3983
47
608
43
3282
191
1430
1096
1996
453
3853
52
581
2842
279
160
674
602
1254
911
356
550
3003
2457
216
3094
1057
3751
411
1105
2691
2470
4010
585
3270
875
2569
3879
1326
572
3650
2483
3619
3031
3846
3134
1208
1002
3749
468
301
4001
864
871
884
858
895
881
879
887
749
689
882
825
894
893
892
874
873
870
867
866
859
832
763
812
702
876
716
836
779
743
885
877
872
757
786
687
890
880
790
841
707
802
788
889
888
886
878
863
861
803
846
806
714
850
742
721
789
829
869
811
770
715
843
838
809
748
741
730
856
835
818
769
709
698
693
840
814
797
783
758
848
834
830
820
817
794
787
781
764
762
755
752
733
720
718
706
695
853
824
823
815
784
780
773
772
766
760
754
724
696
855
854
852
849
845
844
842
839
837
833
831
828
826
822
821
819
816
813
810
808
807
805
804
801
800
799
798
796
795
793
792
791
785
782
778
777
776
775
774
771
768
767
765
761
759
753
751
750
747
746
745
740
739
738
737
736
735
734
732
731
729
728
727
726
725
723
722
717
713
712
711
710
708
705
704
703
701
700
699
697
691
690
688
847
827
719
694
686
756
3990
4019
4007
4026
3995
4018
4009
3981
3985
4014
3998
3994
3988
3986
4027
4013
4002
4011
4038
4037
4036
4034
4033
4032
4030
4028
4025
4024
4023
4022
4021
4020
4017
4016
4012
4005
4004
4003
4000
3999
3993
3992
3982
594
4031
3989
3980
3991
3996
3987
3984
4015
2884
3006
157
744
3322
3432
3121
2808
2893
2736
3376
3423
3093
3227
2767
2959
2855
3427
2926
3044
3197
2861
3425
3408
2998
3074
3088
3354
2776
3329
2721
2816
3371
3260
2817
3216
3122
2799
2952
3394
3269
3109
3155
3063
3148
3410
3211
2997
3251
3032
3180
3436
3217
3336
3126
2949
3189
3246
2980
3061
2801
2715
2745
2954
3281
3030
2668
3209
3012
2922
3422
3272
3204
3112
2823
3166
3374
3347
3139
3130
2789
3276
3413
3007
2863
2674
3277
3399
2852
3261
3058
2751
2702
3220
3119
2782
2741
2812
3372
3181
3131
3400
3279
3123
2873
3231
3353
3170
2936
2701
3167
2932
2990
2950
3300
3095
2978
2809
2663
2672
2879
2834
3067
2848
3292
3303
3023
3202
2948
2928
3349
2856
2759
2667
3433
3417
3194
2846
2957
3054
2945
2924
3129
3078
3029
2706
3243
3135
3073
2931
2929
2880
2862
3301
3065
3056
3036
3022
2994
2960
2917
2913
2827
3325
3314
3008
2972
2889
2699
3348
3026
3000
2940
2927
2874
2683
3084
2966
2897
2877
2851
2786
2749
2698
3107
2844
3387
3384
3226
3184
3108
3098
3096
3064
3033
2974
2925
2912
2910
2890
2835
2815
2800
2750
2673
71
44
245
61
3418
3221
2747
183
237
124
229
234
154
3544
3700
3513
3922
3897
3661
3955
3704
3691
3806
3901
3854
3715
2481
2219
1949
3171
2818
2795
3152
2684
3396
3332
3070
3240
3434
3297
3291
3267
3247
3206
3115
3035
3021
2661
3083
3066
2955
2903
3253
649
3421
3397
3345
3342
3252
3239
3140
3106
3038
2904
2849
2742
2720
3370
3210
3296
3117
2920
2919
2905
2839
2777
2757
2746
2705
2785
2728
3159
2739
2738
3191
3069
3002
3145
2803
2727
3379
3350
3177
3160
3051
2860
2730
2711
2682
2662
3154
2696
3273
2824
2820
3415
3412
3295
3207
2787
2737
3420
3178
1395
3225
3017
2688
3287
3077
3034
2859
2845
2724
2716
3424
3389
3274
2771
3385
3330
3264
3219
2791
2784
2780
2758
2686
2882
2760
2734
3403
3302
3185
3151
3150
3118
3072
3060
3039
2923
2875
2836
2781
3223
2831
3097
2964
1394
3386
3011
1140
1252
3435
3431
3430
3429
3428
3426
3419
3416
3414
3411
3409
3405
3404
3402
3401
3398
3395
3393
3392
3391
3390
3388
3383
3382
3381
3380
3378
3377
3375
3373
3369
3368
3367
3365
3364
3363
3362
3360
3359
3358
3357
3356
3352
3351
3346
3344
3343
3341
3340
3339
3338
3337
3335
3334
3333
3331
3327
3326
3324
3323
3321
3320
3318
3317
3316
3315
3313
3312
3311
3310
3309
3308
3307
3306
3305
3299
3298
3294
3293
3288
3286
3285
3284
3283
3280
3275
3271
3266
3265
3262
3259
3257
3256
3255
3254
3250
3249
3244
3242
3241
3238
3237
3236
3235
3234
3232
3229
3228
3224
3218
3215
3214
3213
3212
3208
3205
3203
3200
3199
3198
3196
3195
3193
3192
3190
3188
3187
3186
3183
3182
3179
3176
3175
3174
3172
3169
3165
3163
3161
3158
3157
3156
3153
3149
3147
3146
3144
3143
3142
3141
3138
3137
3133
3132
3128
3127
3125
3124
3120
3116
3114
3113
3111
3110
3105
3104
3103
3102
3101
3099
3092
3091
3090
3089
3087
3086
3085
3082
3081
3080
3079
3076
3075
3068
3062
3059
3055
3053
3052
3050
3049
3048
3047
3046
3045
3043
3042
3041
3040
3037
3028
3027
3025
3024
3020
3018
3016
3015
3014
3013
3010
3009
3004
2996
2995
2993
2992
2991
2989
2988
2987
2986
2985
2984
2983
2982
2981
2977
2976
2973
2971
2970
2969
2967
2965
2963
2961
2958
2956
2953
2951
2947
2946
2944
2943
2942
2939
2938
2937
2935
2934
2933
2930
2921
2918
2916
2915
2914
2911
2909
2908
2907
2906
2902
2901
2900
2899
2898
2896
2895
2894
2891
2888
2887
2886
2885
2881
2878
2876
2872
2871
2870
2869
2868
2867
2866
2865
2864
2858
2857
2854
2853
2850
2847
2843
2841
2840
2838
2837
2833
2832
2830
2829
2828
2821
2819
2811
2810
2807
2806
2805
2804
2802
2798
2797
2796
2794
2793
