0
335
4032
3717
4006
3935
3709
2470
2195
3006
321
215
153
1607
1145
585
892
3031
11
796
791
740
785
802
812
798
702
839
767
808
789
771
3922
871
864
858
886
735
832
885
793
716
795
773
764
706
703
782
752
751
722
724
848
731
727
696
694
855
854
853
852
851
850
849
847
846
845
844
843
842
841
838
837
836
835
834
833
831
829
828
827
826
824
822
821
820
818
817
816
815
814
813
809
807
806
804
800
799
797
794
792
790
788
787
786
784
783
781
780
779
778
777
775
774
770
768
766
765
763
762
761
760
759
758
757
756
755
754
750
749
748
746
744
743
742
741
739
738
737
736
734
733
732
730
729
728
726
725
723
721
720
718
717
715
714
712
711
710
709
707
705
704
701
700
699
695
693
691
690
689
688
687
4034
3981
3995
3993
4012
124
3507
3744
3467
3890
3914
3807
3619
3751
3849
3444
3606
3787
3653
3638
3569
3816
3700
3502
3806
3699
3812
3536
3897
3963
3939
3445
3768
3815
3666
3957
3947
3958
3833
3822
3511
3959
3920
3747
3696
3792
3648
3771
3542
3869
3706
3572
3681
3690
3898
3649
3581
3933
3847
3967
3819
3840
3878
3622
3568
3535
3458
3652
3579
3823
3764
3761
3724
3601
3762
3763
3534
3862
3722
3470
3528
3497
3906
3582
3469
3460
3941
3876
3850
3802
3740
3715
3663
3644
3636
3629
868
895
894
893
891
890
889
888
887
884
882
881
880
879
878
877
876
875
874
873
872
870
869
867
866
863
861
859
856
840
830
825
823
819
811
810
805
803
776
772
769
753
747
745
719
713
708
697
686
4013
4038
4037
4035
4033
4031
4030
4029
4028
4027
4026
4025
4023
4022
4021
4020
4019
4018
4017
4016
4014
4010
4009
4008
4007
4005
4004
4003
4002
4001
4000
3998
3997
3996
3994
3992
3991
3990
3988
3987
3986
3985
3984
3983
3982
2483
2527
2168
2017
2178
2621
2580
2548
2422
1977
2545
1949
2051
2562
2450
2113
2513
2255
1937
1992
1982
2505
2651
2488
2371
2070
2570
2481
2281
2639
2258
2607
2477
2044
2257
2335
2314
2633
2388
2049
2574
2556
2306
2005
2554
2552
2202
1958
2604
2381
2323
2108
2030
1962
2412
2341
2660
2657
2648
2626
2435
2284
2061
1980
2647
2225
2001
1991
1973
2638
2631
2625
2615
2593
2586
2546
2506
2485
2369
2356
2290
2216
2172
2131
2124
1997
1917
2581
2645
2583
2378
2027
1928
2228
2584
2478
2395
2391
2309
2425
2474
2256
1944
2048
2208
2462
2029
2274
2427
2305
1987
2480
2416
2429
2409
2303
2240
2234
1985
2415
2585
1972
1921
2479
2222
2075
2635
2436
2610
2472
2367
2366
2345
2211
2209
2205
2267
2259
2235
2138
2377
2002
2811
2980
3282
3088
3266
3323
3336
2961
3094
3376
3128
3235
3242
2876
2791
2759
3200
3425
3147
2878
3092
3131
3166
3435
3048
3402
3058
3208
2747
3015
3311
3303
3388
2792
2977
2887
2837
2756
2692
3293
2994
2862
2927
3375
2872
2721
2834
2767
3085
3065
2956
2874
2777
2705
2679
3307
3305
3093
2832
3349
3142
3108
2917
2755
3324
3078
3040
3022
2940
2925
2919
2916
2906
2905
2839
2800
2782
2754
2750
3430
3300
3139
3090
2888
3120
2991
2904
3107
3199
3206
2936
2935
3264
2934
2762
2735
3021
2898
2700
2665
3419
3391
3381
3353
3041
2785
2765
3310
3397
3345
3321
3320
2793
3299
3405
3191
3275
3117
3063
2690
3346
3177
2947
2860
2775
3332
3196
3160
2847
3374
3326
2707
3347
3061
2845
3262
3185
3154
3132
3035
2914
2778
2672
3360
3280
3060
2875
2748
3161
3410
3241
3176
3086
3007
3365
3261
3152
3067
3002
2686
2803
1854
3658
3858
3689
3926
3902
3491
3667
3618
3683
3573
3563
3877
3943
3873
3824
3734
3692
3514
3461
3448
865
2609
2605
2594
2582
2502
2413
2398
2298
2293
2062
2039
1994
3366
3162
2752
2592
2533
2530
2458
2347
2338
2191
1941
8
52
218
206
208
174
259
91
159
68
182
164
225
222
345
45
268
27
23
57
175
334
288
221
176
104
76
266
53
343
2
312
140
137
19
226
214
144
265
261
211
172
118
341
304
272
188
148
141
56
21
347
291
147
204
328
122
72
26
315
194
3604
3463
3961
3551
3530
3621
3586
3979
3978
3977
3976
3975
3974
3973
3972
3971
3970
3969
3968
3966
3965
3964
3960
3956
3955
3954
3953
3952
3951
3950
3949
3946
3945
3944
3942
3940
3938
3937
3936
3934
3932
3931
3930
3929
3928
3927
3925
3924
3923
3921
3919
3918
3917
3916
3915
3913
3912
3911
3910
3909
3908
3907
3905
3904
3903
3901
3900
3899
3896
3895
3894
3893
3892
3891
3889
3888
3887
3885
3884
3883
3882
3881
3880
3879
3875
3874
3871
3870
3868
3867
3866
3865
3864
3863
3860
3859
3857
3856
3855
3853
3852
3848
3846
3845
3844
3843
3842
3841
3839
3838
3837
3836
3835
3834
3832
3831
3830
3829
3828
3827
3826
3825
3821
3820
3818
3817
3814
3813
3811
3810
3809
3808
3805
3804
3803
3801
3800
3799
3798
3796
3795
3794
3793
3791
3790
3789
3788
3786
3785
3784
3783
3782
3781
3780
3779
3778
3777
3776
3775
3774
3773
3772
3770
3769
3767
3766
3765
3760
3759
3758
3757
3755
3754
3753
3752
3749
3748
3746
3745
3743
3742
3739
3738
3737
3736
3735
3733
3732
3731
3730
3729
3728
3727
3726
3725
3720
3719
3718
3716
3714
3713
3712
3711
3710
3708
3707
3705
3704
3703
3702
3701
3698
3697
3695
3694
3693
3691
3688
3687
3686
3685
3682
3680
3679
3678
3677
3676
3675
3673
3672
3671
3670
3669
3668
3665
3664
3662
3661
3660
3659
3657
3656
3655
3654
3651
3650
3647
3646
3645
3643
3642
3641
3640
3639
3637
3635
3634
3632
3631
3630
3628
3627
3626
3625
3624
3623
3620
3617
3616
3615
3614
3613
3612
3611
3610
3608
3607
3605
3603
3602
3600
3599
3598
3597
3596
3595
3594
3593
3592
3591
3590
3589
3588
3587
3585
3584
3583
3580
3578
3576
3575
3574
3571
3570
3567
3566
3565
3564
3562
3560
3559
3558
3557
3555
3554
3553
3552
3549
3548
3547
3546
3545
3544
3543
3541
3539
3538
3537
3533
3532
3531
3529
3527
3526
3524
3523
3522
3521
3520
3519
3518
3517
3516
3515
3513
3512
3510
3509
3508
3506
3505
3504
3503
3500
3499
3498
3496
3495
3494
3493
3492
3490
3489
3488
3486
3485
3484
3483
3482
3481
3480
3479
3478
3477
3476
3475
3474
3473
3472
3471
3468
3466
3465
3464
3462
3459
3457
3455
3453
3452
3451
3450
3449
3447
3446
3443
3442
3441
3440
3439
3438
857
698
4011
3989
3980
2659
2658
2656
2655
2654
2652
2650
2646
2644
2641
2640
2637
2636
2634
2632
2630
2628
2627
2624
2623
2622
2620
2619
2618
2614
2613
2612
2611
2608
2606
2603
2602
2601
2600
2599
2597
2596
2595
2591
2590
2589
2587
2579
2578
2577
2576
2575
2573
2572
2571
2568
2567
2566
2565
2564
2563
2561
2560
2559
2558
2557
2553
2551
2550
2549
2544
2542
2541
2540
2539
2538
2537
2536
2535
2534
2532
2531
2528
2526
2525
2524
2523
2522
2521
2520
2519
2518
2517
2516
2515
2514
2512
2507
2504
2503
2501
2500
2499
2497
2496
2495
2494
2493
2492
2490
2489
2487
2486
2484
2482
2476
2473
2469
2468
2467
2466
2465
2464
2460
2459
2457
2456
2455
2454
2453
2452
2449
2448
2447
2446
2445
2444
2443
2442
2441
2440
2439
2438
2437
2434
2433
2432
2431
2430
2428
2426
2424
2423
2421
2420
2418
2417
2414
2411
2410
2408
2407
2406
2405
2404
2403
2402
2401
2400
2399
2397
2396
2394
2393
2392
2390
2389
2387
2386
2385
2384
2383
2382
2380
2379
2376
2375
2374
2373
2372
2370
2368
2365
2364
2363
2362
2361
2360
2359
2358
2357
2355
2354
2353
2352
2351
2350
2349
2348
2346
2343
2342
2340
2339
2337
2334
2332
2331
2329
2328
2327
2326
2324
2322
2321
2320
2318
2317
2316
2315
2313
2312
2311
2310
2308
2307
2304
2302
2301
2300
2299
2297
2296
2295
2291
2288
2287
2286
2285
2280
2279
2278
2277
2276
2275
2273
2272
2271
2270
2269
2266
2265
2264
2263
2262
2261
2260
2253
2252
2251
2249
2248
2245
2244
2243
2242
2239
2238
2237
2236
2233
2232
2231
2230
2229
2227
2226
2221
2220
2219
2218
2217
2215
2214
2213
2212
2210
2207
2206
2204
2201
2200
2197
2196
2194
2193
2192
2190
2188
2187
2186
2184
2183
2182
2181
2179
2177
2176
2175
2173
2171
2170
2167
2166
2165
2164
2163
2162
2161
2160
2159
2158
2157
2156
2154
2152
2151
2150
2149
2147
2146
2145
2143
2142
2141
2140
2139
2137
2136
2135
2134
2130
2129
2128
2126
2123
2122
2121
2120
2119
2118
2117
2116
2115
2114
2112
2110
2109
2107
2106
2105
2104
2103
2101
2100
2099
2098
2097
2096
2095
2094
2093
2092
2091
2090
2089
2088
2086
2085
2084
2083
2082
2080
2078
2077
2076
2074
2073
2069
2067
2066
2065
2064
2063
2060
2059
2058
2057
2056
2055
2054
2053
2050
2047
2046
2045
2043
2041
2040
2038
2037
2036
2035
2034
2033
2026
2025
2024
2023
2022
2021
2020
2019
2018
2016
2015
2014
2013
2012
2011
2009
2008
2006
2004
2000
1999
1998
1996
1995
1993
1990
1989
1988
1986
1984
1983
1981
1979
1978
1976
1975
1974
1971
1970
1969
1968
1966
1965
1964
1963
1961
1960
1959
1957
1956
1953
1952
1951
1950
1946
1943
1942
1939
1938
1936
1935
1934
1933
1931
1930
1929
1927
1925
1924
1923
1922
1919
1918
1915
1914
1913
136
572
499
562
441
364
329
2825
2653
2649
2643
2642
2629
2617
2616
2598
2588
2555
2547
2543
2529
2511
2510
2509
2508
2498
2491
2475
2471
2463
2461
2451
2419
2344
2336
2333
2330
2325
2319
2294
2292
2289
2283
2282
2268
2254
2250
2247
2246
2241
2224
2223
2203
2199
2198
2189
2185
2180
2174
2169
2155
2153
2148
2144
2133
2132
2127
2125
2111
2102
2087
2081
2072
2071
2068
2052
2042
2032
2031
2028
2010
2007
2003
1955
1954
1948
1947
1945
1940
1932
1926
1920
1916
3436
3434
3433
3432
3431
3429
3428
3427
3426
3424
3423
3422
3421
3418
3417
3416
3415
3414
3413
3412
3411
3408
3407
3406
3404
3403
3401
3400
3399
3398
3396
3395
3394
3393
3392
3390
3389
3387
3384
3383
3382
3380
3379
3378
3377
3373
3372
3371
3370
3369
3368
3367
3364
3363
3362
3359
3358
3357
3356
3354
3352
3351
3350
3348
3344
3343
3342
3341
3340
3339
3338
3337
3335
3334
3333
3331
3330
3329
3328
3327
3325
3322
3319
3318
3317
3316
3315
3314
3313
3312
3309
3308
3306
3304
3302
3301
3298
3297
3296
3295
3294
3292
3291
3288
3287
3286
3285
3284
3283
3281
3279
3277
3276
3274
3273
3272
3271
3270
3269
3268
3267
3260
3259
3257
3256
3255
3254
3253
3252
3251
3250
3249
3247
3246
3244
3243
3240
3239
3238
3237
3236
3234
3233
3232
3231
3230
3229
3228
3227
3226
3225
3224
3223
3221
3220
3219
3218
3217
3216
3215
3214
3213
3212
3211
3210
3209
3207
3205
3204
3203
3202
3201
3198
3197
3195
3194
3193
3192
3190
3189
3188
3187
3184
3182
3181
3180
3178
3175
3174
3173
3172
3171
3170
3169
3167
3163
3159
3158
3157
3156
3155
3153
3151
3150
3149
3148
3146
3145
3144
3143
3141
3140
3138
3137
3136
3135
3134
3133
3130
3129
3127
3126
3124
3123
3122
3121
3119
3118
3116
3115
3114
3113
3112
3110
