0
4034
744
891
183
801
1854
3650
585
49
1002
692
3268
3376
145
4024
18
2722
3865
785
788
866
852
841
743
1394
875
210
3282
883
2457
2269
292
166
2382
2204
1353
3853
2431
286
2168
3846
3031
228
4035
401
3742
365
155
160
207
3875
3798
4012
1558
624
244
37
3691
1270
47
3688
3974
1326
911
1466
3922
550
945
1145
386
371
1760
3729
1206
1046
2158
2230
1814
3733
679
2100
287
3413
613
3560
384
335
608
1690
3407
241
447
607
4025
1581
4016
3619
3954
4028
4033
35
1560
499
2842
3987
3704
3570
2704
3183
336
1194
301
1711
157
2106
894
179
1105
1208
255
1797
704
854
858
851
735
734
740
846
751
737
826
848
802
714
808
796
761
807
783
770
736
795
763
803
716
812
832
793
850
813
766
722
706
690
843
768
844
835
754
748
721
842
784
727
778
771
732
712
780
779
870
871
888
857
884
889
876
825
688
886
863
773
738
723
719
718
715
700
695
849
819
800
797
753
724
880
838
827
817
815
792
787
781
759
741
739
705
694
853
847
845
840
839
837
836
834
833
831
830
829
828
824
823
822
821
820
818
816
814
809
806
805
799
794
791
790
789
786
782
777
775
774
772
769
767
765
764
762
760
758
757
756
755
752
750
747
746
742
733
731
730
729
728
726
725
720
713
711
710
709
707
702
701
699
697
696
693
691
689
687
895
893
892
890
882
881
878
869
868
865
864
861
856
811
810
804
798
745
708
703
686
698
873
867
887
874
885
877
872
776
879
859
749
860
855
717
3990
3995
4037
4020
4004
4002
4023
4014
3997
4007
4027
4021
4017
4009
3991
3993
3985
4026
3982
4019
4018
3998
4038
4032
4031
4030
4029
4022
4015
4011
4006
4003
4001
4000
3996
3994
3989
3988
3986
3984
3981
4036
4005
3980
3999
4010
3983
4013
3992
4008
594
97
182
2178
3537
3727
3749
3657
3814
3894
216
129
264
86
245
253
164
225
63
175
167
311
234
60
222
270
208
235
283
288
262
149
1937
2321
2301
3813
3660
3766
3489
3652
3843
3973
3939
3767
3513
3664
3857
3805
3768
3502
3941
3834
3743
3740
3868
3473
3920
3901
3885
3976
3866
3671
3494
3539
3905
3606
3789
3720
3558
3763
3500
3892
3871
3567
3679
3932
3848
3844
3638
3673
3739
3541
3818
3961
3803
3622
3863
3808
3490
3446
3685
3782
3947
3896
3728
3632
3511
3903
3895
3631
3584
3555
3719
3532
3483
3951
3870
3493
3791
3783
3696
3975
3837
3823
3810
3764
3623
3458
3708
3571
3601
3758
3682
3580
3859
3977
3615
3597
3546
3538
3647
3904
3775
3747
7
5
347
250
156
152
29
27
50
243
220
78
309
168
10
196
68
87
8
52
94
80
290
139
32
278
247
54
77
38
165
337
93
44
259
295
229
180
330
302
194
53
201
327
318
123
258
331
230
39
134
297
268
249
242
24
341
285
132
104
88
55
177
143
221
274
231
141
281
184
127
291
313
276
186
176
170
158
128
62
240
237
99
83
162
343
293
112
41
326
140
172
310
226
151
144
116
28
265
239
223
211
199
118
342
272
203
188
161
122
328
275
273
142
72
25
115
299
280
126
48
2548
2528
2041
2256
2493
2288
2422
2245
2527
2505
2113
2634
1924
2130
2217
1934
2562
2450
2515
2581
2167
2094
1956
2621
1930
2105
2023
2412
2373
1933
2048
2383
2091
1949
2213
1915
2628
2614
2035
1960
1969
2341
2265
2197
2644
2129
2613
2545
2086
2570
2488
2231
2359
1977
2452
2449
2067
1999
2157
2016
2237
2565
2346
2012
1950
1914
1957
2248
2152
2622
2513
2486
2426
2349
2207
1982
2651
2225
2013
1980
1951
2535
2639
2626
2494
1919
2586
2326
2631
2476
2443
2019
2585
2192
2025
1927
2506
2374
2058
2424
2120
2376
2323
2287
2118
2112
1963
2654
2593
2579
2564
2563
2549
2504
2469
2353
2339
2201
2184
2103
2636
2171
322
169
125
21
2107
2145
3907
3815
3773
3700
3482
3900
3882
3833
3718
3714
3711
3706
3643
3466
3463
3695
3649
3481
3883
3639
3613
3581
3470
3839
3530
3487
3722
3847
3565
3967
3655
3587
3972
3909
3786
3634
3931
3676
3665
3600
3535
3761
3738
3529
3460
3850
3840
3827
3778
3735
3710
3705
3629
3608
3548
3574
3681
3467
3940
3568
3527
3944
3703
3755
3785
3926
3913
3590
3492
3731
3658
3645
3627
3559
3469
3450
3790
3730
3707
3557
3784
3491
3969
3965
3963
3960
3959
3958
3956
3955
3952
3949
3946
3937
3936
3935
3933
3927
3925
3924
3923
3921
3918
3917
3916
3915
3914
3912
3910
3906
3899
3898
3893
3891
3890
3887
3881
3878
3876
3874
3869
3867
3864
3862
3856
3855
3854
3845
3836
3835
3829
3826
3822
3821
3819
3812
3809
3807
3806
3804
3802
3801
3799
3795
3794
3793
3792
3787
3777
3776
3774
3771
3770
3769
3762
3759
3757
3754
3753
3751
3748
3745
3732
3726
3725
3724
3716
3715
3713
3701
3699
3698
3694
3690
3678
3675
3668
3666
3663
3662
3659
3653
3648
3646
3644
3641
3640
3637
3636
3630
3628
3624
3620
3617
3616
3614
3612
3610
3603
3602
3599
3598
3595
3593
3591
3588
3585
3583
3579
3572
3569
3566
3564
3554
3553
3549
3544
3543
3542
3534
3531
3528
3526
3524
3519
3518
3515
3510
3509
3508
3507
3506
3505
3503
3499
3498
3497
3486
3485
3479
3478
3476
3474
3472
3468
3465
3464
3462
3459
3457
3447
3445
3444
3443
3442
3441
3439
3979
3772
3860
3689
3765
3626
3551
3861
3547
575
672
621
379
1762
572
406
315
304
252
224
200
67
323
346
345
344
340
339
338
334
333
332
329
325
321
320
319
317
314
312
308
306
303
300
298
296
294
289
284
277
271
267
266
263
261
260
257
254
251
248
246
238
236
232
227
219
218
214
213
212
206
205
204
202
197
195
193
192
191
190
187
185
181
178
159
154
150
148
147
146
138
137
