0
209
2569
785
854
786
689
771
783
893
812
864
887
885
872
763
768
756
794
738
736
755
880
848
780
766
855
853
852
851
850
849
847
846
845
844
843
842
841
839
838
837
836
835
834
833
832
831
829
827
826
824
822
821
820
818
817
816
815
814
813
809
808
807
806
802
801
799
798
797
796
795
793
792
791
790
789
788
787
784
782
781
779
778
777
775
773
770
767
765
764
762
761
760
759
758
757
754
752
751
750
749
748
746
744
743
742
741
740
739
737
735
734
733
732
731
730
728
727
726
725
724
723
722
721
720
718
717
716
715
714
712
711
710
709
707
706
705
704
702
701
700
699
696
695
694
693
692
691
690
688
687
3996
4016
4007
3982
3997
3746
3973
3890
3887
3922
3727
3952
3631
3620
3482
3960
3478
3671
3450
3719
3771
3458
3724
3591
3443
3782
3534
3679
3585
3531
3698
3472
3716
3647
871
895
894
892
891
890
889
888
886
884
883
882
881
879
878
877
876
875
874
873
870
869
867
866
863
861
859
858
856
840
830
828
825
823
819
811
810
805
804
803
800
776
774
772
769
753
747
745
729
719
713
708
703
697
686
3488
3838
3523
3516
3658
3926
3702
3847
3945
3521
3548
3858
3805
3517
868
865
4020
4038
4037
4036
4035
4034
4033
4032
4030
4029
4028
4027
4026
4025
4024
4023
4022
4021
4019
4018
4017
4015
4014
4013
4012
4010
4009
4008
4006
4005
4004
4003
4002
4001
4000
3999
3998
3995
3994
3993
3992
3991
3990
3989
3988
3987
3986
3985
3983
3981
3904
3979
3978
3977
3976
3975
3972
3971
3970
3969
3968
3967
3966
3965
3964
3963
3959
3958
3957
3956
3955
3954
3953
3951
3950
3949
3947
3946
3944
3943
3942
3941
3940
3939
3938
3937
3936
3935
3934
3933
3932
3931
3930
3929
3928
3927
3925
3924
3923
3921
3920
3919
3918
3917
3916
3915
3914
3913
3912
3911
3910
3909
3908
3907
3906
3905
3903
3902
3901
3900
3899
3898
3897
3896
3895
3894
3893
3892
3891
3889
3888
3885
3884
3883
3882
3881
3880
3879
3878
3876
3875
3874
3873
3871
3870
3869
3868
3867
3866
3865
3864
3863
3862
3860
3859
3857
3856
3855
3854
3853
3852
3850
3849
3848
3846
3845
3844
3843
3842
3841
3840
3839
3837
3836
3835
3834
3833
3832
3831
3829
3828
3827
3826
3825
3824
3823
3822
3821
3819
3818
3817
3816
3815
3814
3813
3812
3811
3810
3809
3808
3807
3806
3804
3803
3802
3801
3800
3799
3798
3796
3795
3794
3793
3792
3791
3790
3789
3788
3787
3786
3785
3784
3783
3781
3780
3779
3778
3777
3776
3775
3774
3773
3772
3770
3769
3768
3767
3766
3765
3764
3763
3762
3761
3760
3759
3758
3757
3755
3754
3753
3752
3751
3749
3748
3747
3745
3744
3743
3742
3740
3739
3738
3737
3736
3735
3734
3733
3732
3731
3730
3729
3728
3726
3725
3722
3720
3718
3717
3715
3714
3713
3712
3711
3710
3709
3708
3707
3706
3705
3704
3703
3701
3700
3699
3697
3696
3695
3694
3693
3691
3690
3689
3688
3687
3686
3685
3683
3682
3681
3680
3678
3676
3675
3673
3672
3670
3669
3668
3667
3666
3665
3664
3663
3662
3661
3660
3659
3657
3656
3655
3654
3653
3652
3650
3649
3648
3646
3645
3644
3643
3642
3641
3640
3639
3638
3637
3636
3635
3634
3632
3630
3629
3628
3627
3626
3625
3624
3623
3622
3621
3619
3618
3617
3616
3615
3614
3613
3612
3611
3610
3608
3607
3606
3605
3604
3603
3602
3601
3600
3599
3598
3597
3596
3595
3594
3593
3590
3589
3588
3587
3586
3584
3583
3582
3581
3580
3579
3578
3576
3575
3574
3573
3572
3571
3569
3568
3567
3566
3565
3564
3563
3562
3560
3559
3558
3557
3555
3554
3553
3552
3551
3549
3547
3546
3545
3544
3543
3542
3541
3539
3538
3537
3536
3535
3533
3532
3530
3529
3528
3527
3526
3524
3522
3520
3519
3518
3515
3514
3513
3512
3511
3510
3509
3508
3507
3506
3505
3504
3503
3502
3501
3500
3499
3498
3497
3496
3494
3493
3492
3491
3490
3489
3486
3485
3484
3483
3481
3480
3479
3477
3476
3475
3474
3473
3471
3470
3469
3468
3467
3466
3465
3464
3463
3462
3461
3460
3459
3457
3455
3453
3452
3451
3449
3448
3447
3446
3445
3444
3442
3441
3439
3438
857
632
659
640
588
575
379
2963
2811
3235
3144
3428
3028
3042
2852
2766
3229
3273
3041
2990
2663
2995
2870
2803
3061
3158
2807
2794
3433
2741
2927
3267
2664
3065
2679
3374
2946
3211
3426
3284
3004
2839
3337
2737
3320
3224
3185
3035
698
1558
1693
1065
3355
2693
3034
3019
3001
1240
987
1463
1022
3962
3948
3886
3877
3872
3851
3830
3797
3756
3750
3741
3721
3692
3684
3677
3674
3651
3633
3609
3592
3577
3561
3556
3550
3540
3525
3495
3456
3440
862
1252
1556
1664
1089
1418
938
1133
1903
1583
1298
1015
975
1018
1371
630
49
36
206
143
28
181
116
1477
1062
1024
1181
1712
972
1434
1598
1271
1083
1800
1626
1559
1214
1198
1839
1107
1078
1017
1537
947
1813
1768
1724
1528
1393
1250
1708
1033
1511
900
1876
1770
1507
1258
1007
4031
4011
3980
3961
3861
3723
3487
3454
3437
1850
1828
1773
1631
1582
1108
1014
942
639
1882
1313
385
1300
1109
936
685
684
682
681
679
678
677
675
674
672
671
670
668
667
665
664
663
662
661
660
658
657
656
655
654
653
650
648
647
644
643
642
638
636
635
633
631
629
628
627
626
625
624
623
622
621
620
619
618
617
616
615
613
612
611
609
608
607
605
603
600
599
598
597
596
595
593
592
589
585
584
583
582
581
579
578
577
576
574
573
676
673
652
610
587
586
481
359
535
482
680
614
590
683
669
666
646
591
559
553
506
387
360
572
571
570
568
565
564
562
561
560
558
557
555
552
551
550
548
547
544
542
540
539
537
536
533
532
530
529
527
524
522
521
519
515
514
512
511
509
505
503
502
501
499
498
497
496
495
494
493
492
491
490
489
488
487
486
479
478
476
474
473
472
470
468
467
466
465
464
463
462
461
458
454
453
452
451
450
448
447
446
445
444
443
441
440
437
429
425
424
423
422
419
418
417
416
413
412
411
410
409
408
406
404
403
402
401
400
399
398
396
395
394
393
392
390
388
386
384
383
382
381
380
377
375
372
371
368
367
365
364
362
361
358
356
355
354
352
351
350
349
301
338
57
317
53
3
276
199
62
334
271
252
212
169
134
109
3436
3435
3434
3432
3431
3430
3429
3427
3425
3424
3423
3422
3421
3420
3419
3418
3417
3416
3415
3414
3413
3412
3411
3410
3409
3408
3407
3406
3405
3404
3403
3402
3401
3400
3399
3398
3397
3396
3395
3394
3393
3392
3391
3390
3389
3388
3387
3386
3385
3384
3383
3382
3381
3380
3379
3378
3377
3376
3375
3373
3372
3371
3370
3369
3368
3367
3366
3365
3364
3363
3362
3361
3360
3359
3358
3357
3356
3354
3353
3352
3351
3350
3349
3348
3347
3346
3345
3344
3343
3342
3341
3340
3339
3338
3336
3335
3334
3333
3332
3331
3330
3329
3328
3327
3326
3325
3324
3323
3322
3321
3319
3318
3317
3316
3315
3314
3313
3312
3311
3310
3309
3308
3307
3306
3305
3304
3303
3302
3301
3300
3299
3298
3297
3296
3295
3294
3293
3292
3291
3289
3288
3287
3286
3285
3283
3282
3281
3280
3279
3278
3277
3276
3275
3274
3272
3271
3270
3269
3268
3266
3265
3264
3263
3262
3261
3260
3259
3258
3257
3256
3255
3254
3253
3252
3251
3250
3249
3248
3247
3246
3245
3244
3243
3242
3241
3240
3239
3238
3237
3236
3234
3233
3232
3231
3230
3228
3227
3226
3225
3223
