0
3985
877
4025
3688
256
4032
2792
883
156
1586
1430
179
209
1581
282
1755
447
904
253
899
1579
3983
1558
3959
2269
642
33
3037
347
1775
865
1693
624
3661
2714
3134
1967
935
3147
1145
2470
453
3996
3897
562
11
656
3846
358
1224
237
220
3879
240
2740
3953
2079
3729
97
613
3290
3925
608
3121
81
3044
2382
267
71
3282
3798
443
476
2808
3570
3565
255
3125
699
379
32
292
464
2860
3885
3575
3781
1395
3637
47
2903
1176
911
3676
2596
3808
3748
3537
750
411
215
3955
3585
279
3597
3820
3489
1546
205
4015
491
2695
3811
183
3717
16
328
138
301
3801
3746
4028
468
3127
2817
3074
1394
1240
1353
182
244
90
145
1046
235
2691
4027
4006
233
4007
3990
4016
873
887
867
881
872
776
894
879
861
717
833
736
712
702
802
788
839
822
733
850
785
889
888
886
885
876
874
871
870
868
866
860
798
786
890
769
721
821
836
767
707
804
783
709
813
838
700
832
730
851
787
746
852
840
818
816
803
796
789
782
778
775
757
742
729
722
716
714
689
882
878
863
753
735
718
779
765
806
791
732
725
691
763
748
741
704
826
728
793
777
758
814
711
823
797
795
703
690
880
847
837
792
734
698
695
829
809
760
715
869
811
696
687
831
800
759
747
848
846
784
697
844
830
812
701
694
693
827
817
815
794
773
772
768
766
755
737
708
706
810
849
845
843
835
834
824
819
808
807
799
764
761
745
738
731
724
720
713
686
856
828
780
771
770
756
754
751
739
723
842
820
805
781
774
752
727
726
719
710
705
688
853
864
893
825
749
895
891
884
790
743
744
854
762
841
859
740
858
801
855
875
892
3988
4011
4018
4004
3982
4021
3997
3981
4031
4009
4023
3998
4005
3994
3995
4038
3991
4012
4033
4026
4017
4000
4030
4024
4022
4019
4014
4013
4003
4002
3999
3993
3992
3989
3987
3986
3984
3980
594
4020
4037
4036
4034
4001
4008
4035
4010
4029
3787
3751
3965
3963
3588
3892
3566
3600
3946
3723
3530
3754
3844
193
1956
2106
2034
3663
3954
3733
3749
3911
3864
3562
3494
3866
3483
3770
3532
3912
3524
3704
3875
3900
3595
3835
3773
3742
3893
3822
3519
3606
3874
3445
3802
3458
3636
3675
3571
3895
3882
3878
3843
3645
3863
3960
3901
3905
3812
3614
3616
3896
3648
3848
3949
3806
3714
3740
3862
3747
3479
3589
3580
3973
3818
3763
3718
3523
3834
3782
3623
3739
3538
3473
3870
3826
3646
3777
3591
3894
3531
3490
3446
3628
3724
3922
3727
3549
3441
3617
3612
3932
3671
3515
3668
3855
3569
3632
3505
3823
3487
3969
3903
3833
3711
3572
3698
3644
3809
3783
3655
3500
3975
3579
3442
3957
3837
3759
3701
3951
3947
3924
3909
3794
3506
3753
3629
3634
3460
3799
3699
3840
3867
3722
3710
3705
3599
3559
3681
3707
3784
3673
3543
2227
648
576
552
384
8
264
201
3200
1974
2357
2158
2577
2481
2248
2621
2528
2119
2515
2051
2238
1936
2656
2301
2094
2411
2373
2316
2080
2023
2107
2405
1949
2181
1922
1915
2360
2450
2113
2570
2421
2565
2255
2486
2466
2156
2049
2587
2634
2173
2129
2082
2016
2013
1957
3936
3921
3907
3876
3815
3778
3735
3728
3666
3553
3498
3928
3527
3861
3916
3457
3785
3557
3914
3658
3627
3603
3488
3450
3517
3978
3556
3775
3452
3919
3918
3898
3880
3858
3765
3700
3670
3669
3639
3635
3574
3552
3516
3512
3502
3481
3467
3776
3587
3786
3768
3761
3468
3464
3931
3793
3764
3758
3601
3583
3535
3499
3459
3890
3767
3706
3690
3915
3582
3554
3956
3859
3829
3821
3726
3630
3602
3593
3529
3469
3466
3702
3520
3926
3902
3762
3542
3528
3966
3654
3547
3977
3976
3974
3972
3967
3958
3952
3941
3940
3937
3935
3933
3927
3923
3920
3917
3906
3904
3899
3891
3887
3883
3881
3871
3869
3868
3865
3857
3856
3852
3850
3849
3845
3836
3832
3828
3827
3819
3817
3816
3814
3813
3810
3805
3792
3791
3780
3774
3771
3769
3766
3757
3755
3745
3744
3743
3736
3730
3725
3720
3719
3716
3715
3713
3712
3708
3696
3695
3694
3691
3686
3685
3682
3680
3679
3678
3665
3664
3662
3660
3659
3657
3652
3650
3649
3647
3643
3641
3638
3631
3624
3622
3620
3619
3615
3613
3611
3608
3607
3605
3598
3594
3592
3584
3581
3576
3568
3567
3564
3560
3558
3555
3546
3541
3539
3536
3534
3522
3513
3511
3510
3509
3508
3507
3496
3493
3486
3485
3482
3478
3476
3474
3472
3470
3465
3463
3455
3451
3447
3444
3443
3439
3667
3526
3944
3772
3590
3492
3462
3540
3913
3804
3800
3790
3731
3703
3578
3518
3514
3497
3471
3873
3838
3788
3737
3642
3640
3438
3626
3610
3503
3454
3971
3943
3889
3824
3484
3475
2650
2444
2170
2346
2025
2014
2286
2562
2558
2548
2456
2441
2431
2380
2231
2160
2120
2089
1977
2091
1627
1105
657
1372
466
393
198
659
685
679
612
600
633
617
588
647
640
675
670
635
632
583
658
650
643
627
615
595
589
166
349
654
167
77
234
316
100
96
50
6
24
1
73
306
4
29
206
259
91
93
243
159
153
336
162
2799
2884
3122
3059
2767
2670
3428
3413
2852
2891
2766
3030
2963
2731
2426
2076
2488
2228
2035
1960
2636
1980
2545
2651
2454
2581
2493
2350
2576
2499
2645
2639
1914
2585
2435
2012
1931
2281
2659
2657
2648
2626
2202
2159
2050
2006
1999
1935
1928
2523
2364
2297
1951
1927
2265
