107
718
242
3817
4030
3807
3689
177
736
454
4016
4
228
3998
3811
3965
89
888
3453
1043
3314
1908
1197
3932
166
145
74
712
822
3986
175
3700
3840
3473
3754
3597
3925
3733
3489
219
193
3775
229
3444
4029
877
3543
4012
873
879
757
735
729
699
1466
358
1581
1386
316
1326
1253
2774
1430
2902
1395
1890
3122
2487
2671
3126
533
1038
979
1168
1701
1301
610
480
1654
3044
657
586
2051
3368
529
3088
2961
1463
3095
2562
590
1478
2403
2856
1174
2558
2217
3063
1889
173
2721
198
3141
3952
155
71
3922
179
3451
255
282
15
114
3853
210
287
4031
881
3996
3591
3464
3702
3738
3818
3655
3668
3777
3741
3452
3825
3927
3590
3510
3976
3703
3626
3572
3461
3809
4006
4008
3663
3834
3918
3565
131
3494
3864
3901
4023
3537
83
3874
3912
4026
35
3727
195
3789
3865
3739
152
3445
44
3801
3939
259
279
49
233
292
3798
4002
3983
3990
77
3723
164
3744
3963
76
262
3954
253
4017
3987
3899
336
4022
3675
3695
208
300
237
235
337
283
3536
220
887
3708
144
3624
3765
3560
884
345
146
41
3878
3522
28
126
347
3859
250
3795
3813
3788
16
115
3958
3552
865
750
852
3620
92
3630
65
50
127
894
297
130
776
3985
785
864
790
791
733
759
799
831
826
844
762
892
741
834
607
1096
3935
3974
2457
642
602
3820
585
550
3031
468
3875
401
2792
2595
379
1046
1208
2382
2541
1252
3688
1002
2817
3127
2481
899
2437
648
453
2178
1967
2975
1233
1262
2808
3180
2838
1760
384
364
2998
2860
2714
1937
1254
1362
2017
2431
2015
1838
594
1295
1762
945
437
1022
2263
349
1651
652
562
3429
3401
1777
671
1792
1417
2358
1053
1552
621
655
390
1731
3159
3266
1372
534
3333
2008
2898
2903
3436
1949
1414
1977
2678
433
1697
2175
429
2760
2790
2882
385
628
1342
3099
1915
449
2158
2373
576
622
2130
2357
3358
1934
2238
1055
3229
2954
1492
535
3246
2744
1401
3245
665
3048
2876
1676
2656
2277
907
1869
3409
685
670
2584
2746
1385
521
1710
1756
603
2979
2587
2012
2809
3328
1186
1127
2400
1658
2859
2260
3223
2663
2288
2146
2197
536
1294
949
489
2733
2427
2566
1534
3304
3102
1862
545
2091
367
455
2448
1666
2085
3080
1072
1660
2341
2759
2948
2120
1450
2851
1726
1187
1171
462
362
1317
372
2181
2152
508
3242
633
1518
2820
3222
2710
1251
3349
491
1808
950
2997
2889
3318
2670
3325
2972
2959
3008
1093
3012
3028
2450
1387
1193
3425
3083
1562
549
2113
3657
2632
2439
1788
2535
955
2301
2100
1368
34
2375
1403
1016
1297
3091
1111
2321
3105
3322
2824
3143
2034
1956
498
3218
2281
2245
2799
3251
564
441
3575
3953
393
306
2776
476
3181
240
351
3606
183
264
3589
293
267
52
157
81
70
216
90
182
97
256
47
209
37
3729
11
12
18
698
775
807
753
813
732
782
771
742
816
876
786
890
707
721
789
691
846
3988
725
866
895
346
4034
3805
857
3883
108
3579
3621
3519
3644
84
3483
3500
3776
3836
3736
3747
3612
3881
3862
3450
3462
1085
3937
3906
3573
3821
3498
3780
3503
3488
3926
3873
3558
3525
3687
3705
3900
3869
3833
3635
3440
3728
3480
