0
43
37
2857
875
4012
891
3732
3709
3650
3570
1996
660
613
608
2740
287
286
209
11
1262
1119
883
3987
749
802
788
725
714
822
796
742
768
821
826
778
850
813
782
738
855
854
851
848
846
841
839
836
835
833
816
812
808
806
801
795
791
790
789
786
785
779
777
775
771
767
757
751
750
746
744
743
740
736
735
732
723
721
712
707
704
702
700
699
693
691
690
689
4033
3959
879
881
711
844
843
818
726
715
709
832
792
720
710
842
741
852
717
885
824
731
687
761
838
837
831
823
809
807
793
783
780
770
765
763
758
754
748
739
728
716
703
701
888
804
853
847
845
834
829
820
817
815
799
794
787
784
773
766
764
762
760
759
756
752
745
737
734
733
727
724
722
718
706
705
696
695
694
688
856
849
840
830
828
827
819
814
797
781
755
730
713
697
686
4005
4000
4007
4021
4014
4003
3986
3910
3717
3789
3917
3965
3973
3963
3939
3808
3657
3887
3795
3467
3614
3681
3770
3639
3919
3869
3706
3555
3511
3960
3641
3564
3646
3486
3542
3479
3809
3776
3957
3857
3567
3840
3825
3459
3975
3759
3701
3583
3474
3937
3915
3881
3782
3602
3466
3443
3903
3822
3711
3593
3506
3769
3588
3913
3497
3490
3725
3977
3865
3713
3553
3949
3799
3647
3616
3503
895
894
893
892
890
889
887
886
884
882
880
878
877
876
874
873
872
871
870
869
867
866
864
863
861
859
858
825
811
810
805
803
800
798
776
774
772
769
753
747
729
719
708
2527
2528
1992
2106
2094
2217
2100
2513
2349
2147
2034
1960
2311
2301
2236
2015
2360
2160
2120
2587
2455
1922
4027
4023
4038
4037
4036
4035
4034
4032
4030
4029
4028
4026
4025
4024
4022
4020
4019
4018
4017
4016
4015
4013
4011
4010
4009
4008
4006
4004
4002
4001
3999
3998
3997
3996
3995
3994
3993
3992
3991
3990
3988
3985
3984
3983
3982
3981
379
2012
2648
1958
1957
3463
3925
3530
3504
2260
2036
3269
3317
2804
3308
3181
2902
2732
3092
3066
3227
3402
3421
3333
3124
3044
3354
3200
2975
2667
3271
2861
2817
3095
2961
3153
3315
2713
3367
3352
2747
3009
2697
3037
2837
3334
3228
2945
2924
3417
3257
3135
2928
3080
2994
3192
2706
2889
2703
2680
3215
3364
3047
3387
3384
3362
3348
3232
3195
3098
3090
3054
3029
3022
2988
2966
2960
2929
2925
2910
2862
2717
3430
3428
3229
3084
2888
2873
3422
2686
3381
3270
3204
2980
2812
3212
3128
2965
2452
2192
2288
2626
2346
2583
2627
2365
1980
1982
2514
2291
2474
2371
2248
1978
1936
1930
2277
2585
1931
2825
3188
3146
3391
3296
3155
3120
2901
2796
3345
3240
3082
3070
2936
3152
3276
3207
3191
3117
3176
2779
2775
2662
3360
3272
3160
2753
2748
3326
3347
3157
2818
2318
2182
2391
2374
2352
2261
1921
1988
1975
1974
2575
2506
2467
2369
2339
2104
2043
1984
1983
1953
1946
1925
2055
2425
2618
2342
2362
2432
2048
2641
2557
1944
2612
2252
2249
2235
2416
2537
2414
2409
2325
2303
2218
2092
2524
2625
2619
2590
2489
2355
2354
2334
2309
2275
2266
2257
2229
2150
2142
2095
2090
2078
2064
2046
2040
1979
1964
1938
2567
2010
2819
3185
3411
3332
3297
3247
3201
3182
3172
3707
3667
3888
3589
3491
3480
3656
3858
3687
3604
3514
3971
3979
3978
3976
3972
3970
3969
3968
3967
3966
3964
3958
3956
3955
3954
3953
3952
3951
3950
3947
3946
3945
3944
3942
3941
3940
3938
3936
3935
3934
3933
3932
3931
3930
3929
3928
3927
3926
3924
3923
3922
3921
3920
3918
3916
3914
3912
3911
3909
3908
3907
3906
3905
3904
3902
3901
3900
3899
3898
3897
3896
3895
3894
3893
3892
3891
3890
3889
3885
3884
3883
3882
3880
3879
3878
3876
3875
3874
3873
3872
3871
3870
3868
3867
3866
3864
3863
3862
3860
3859
3856
3855
3854
3853
3852
3850
3849
3848
3847
3845
3844
3843
3842
3841
3839
3838
3837
3836
3835
3834
3833
3832
3831
3830
3829
3828
3827
3826
3824
3823
3821
3820
3819
3818
3817
3816
3815
3814
3813
3812
3811
3810
3807
3806
3805
3804
3803
3802
3801
3800
3798
3796
3794
3793
3792
3791
3790
3788
3787
3786
3785
3784
3783
3781
3780
3778
3777
3775
3774
3773
3772
3771
3768
3767
3766
3765
3764
3763
3762
3761
3760
3758
3757
3755
3754
3753
3752
3751
3749
3748
3747
3745
3744
3743
3742
3740
3739
3738
3737
3736
3735
3734
3733
3731
3730
3728
3727
3726
3724
3722
3720
3719
3718
3716
3715
3714
3712
3710
3708
3705
3704
3703
3702
3700
3699
3698
3697
3696
3695
3694
3693
3691
3690
3689
3688
3686
3685
3683
3682
3680
3679
3678
3676
3675
3673
3672
3671
3670
3669
3668
3666
3665
3664
3663
3662
3661
3660
3659
3658
3655
3654
3653
3652
3649
3648
3645
3644
3643
3642
3640
3638
3637
3636
3635
3634
3633
3632
3631
3630
3629
3628
3627
3626
3625
3624
3623
3622
3620
3619
3618
3617
3615
3613
3612
3611
3610
3608
3607
3606
3605
3603
3601
3600
3599
3598
3597
3596
3595
3594
3591
3590
3587
3585
3584
3582
3581
3580
3579
3578
3576
3575
3574
3573
3572
3571
3569
3568
3566
3565
3563
3562
3561
3560
3559
3558
3557
3554
3552
3551
3549
3548
3547
3546
3545
3544
3543
3541
3539
3538
3537
3536
3535
3534
3533
3532
3531
3529
3528
3527
3526
3524
3523
3522
3521
3520
3519
3518
3516
3515
3513
3512
3510
3509
3508
3507
3505
3502
3500
3499
3498
3496
3494
3493
3492
3489
3488
3485
3484
3483
3482
3481
3478
3477
3476
3475
3473
3472
3471
3470
3469
3468
3465
3464
3462
3461
3460
3458
3457
3455
3453
3452
3451
3450
3449
3448
3447
3446
3445
3444
3442
3441
3439
3438
3779
3621
3586
3550
3517
3501
3495
868
865
857
698
3089
2984
2847
2685
3431
3424
3383
3190
3046
2898
2762
3161
3365
3330
3282
3264
3253
3187
3076
3343
3068
2955
1394
3162
2752
2724
2659
2658
2657
2656
2655
2654
2652
2651
2650
2646
2645
2644
2639
2638
2637
2634
2633
2632
2631
2630
2628
2624
2623
2622
2621
2620
2615
2614
2613
2611
2610
2607
2606
2604
2603
2602
2601
2600
2599
2596
2595
2593
2591
2586
2584
2581
2580
2579
2578
2577
2576
2574
2573
2572
2570
2569
2568
2566
2565
2564
2563
2562
2561
2560
2559
2558
2556
2554
2553
2552
2551
2550
2549
2548
2546
2545
2541
2540
2539
2536
2535
2534
2532
2531
2526
2525
2523
2522
2521
2520
2518
2517
2515
2507
2505
2504
2503
2500
2499
2497
2496
2495
2493
2492
2490
2488
2487
2486
2485
2484
2483
2482
2481
2480
2479
2478
2477
2476
2473
2470
2469
2466
2464
2462
2460
2457
2456
2454
2453
2450
2449
2448
2446
2444
2443
2442
2441
2440
2439
2438
2437
2435
2434
2433
2431
2430
2429
2428
2427
2426
2424
2423
2422
2421
2418
2415
2412
2411
2410
2408
2407
2406
2405
2404
2403
2402
2401
2400
2397
2396
2395
2393
2392
2390
2388
2387
2386
2383
2382
2381
2380
2379
2378
2376
2375
2373
2370
2367
2366
2363
2361
2359
2358
2357
2356
2353
2350
2348
2345
2341
2340
2337
2335
2331
2330
2329
2326
2324
2323
2322
2321
2320
2317
2316
2314
2313
2312
2310
2308
2307
2306
2305
2304
2300
2299
2298
2297
2296
2290
2287
2286
2281
2280
2278
2276
2274
2272
2271
2270
2269
2265
2263
2262
2259
2258
2256
2255
2253
2251
2245
2244
2243
2242
2240
2238
2237
2234
2233
2232
2231
2230
2228
2227
2226
2222
2221
2220
2219
2216
2214
2213
2212
2211
2210
2209
2208
2207
2206
2205
2204
2202
2201
2200
2197
2195
2193
2190
2188
2186
2184
2181
2179
2178
2177
2175
2173
2172
2170
2168
2167
2166
2165
2164
2162
2161
2159
2158
2156
2154
2152
2146
2145
2141
2140
2139
2136
2131
2130
2129
2126
2124
2123
2122
2121
2119
2118
2115
2114
2113
2112
2110
2109
2108
2107
2105
2103
2099
2098
2097
2096
2093
2091
2089
2088
2086
2085
2084
2083
2082
2080
2079
2077
2076
2075
2074
2073
2070
2069
2067
2066
2063
2061
2060
2059
2058
2057
2056
2053
2051
2050
2049
2045
2044
2041
2039
2037
2035
2033
2030
2029
2025
2023
2022
2021
2020
2019
2018
2017
2016
2014
2013
2011
2008
2006
2005
2000
1999
1997
1993
1991
1990
1989
1987
1986
1985
1981
1977
1973
1972
1971
1970
1969
1968
1967
1966
1965
1963
1962
1961
1956
1952
1950
1949
1943
1942
1937
1935
1934
1933
1929
1928
1927
1924
1923
1919
1918
1917
1915
1914
1913
4031
3989
3980
642
615
576
661
658
627
600
599
612
621
611
603
464
533
532
386
441
380
433
384
160
70
351
250
95
6
321
2660
2647
2640
2636
2635
2589
2571
2538
2502
2494
2459
2447
2445
2364
2284
2267
2254
2225
2171
2157
2116
2027
2024
2009
2004
2001
1998
1995
1976
1951
1939
183
296
68
219
294
117
44
137
93
338
151
324
290
257
73
325
284
212
197
104
55
343
175
310
238
59
295
113
67
66
30
110
168
38
22
316
315
3961
3861
3723
3487
3454
371
635
385
462
654
354
590
362
666
413
2511
2461
2399
2343
2289
2185
2155
2072
2071
2031
2003
1955
1940
1926
1270
3436
3435
3434
3433
3432
3429
3427
3426
3425
3423
3420
3419
3418
3416
3415
3414
3413
3412
3410
3408
3407
3406
3405
3404
3403
3401
3400
3399
3398
3397
3396
3395
3394
3393
3392
3390
3389
3388
3382
3380
3379
3378
3377
3376
3375
3374
3373
3372
3371
3370
3369
3368
3366
3363
3359
3358
3357
3356
3353
3351
3350
3349
3346
3344
3342
3341
3340
3339
3338
3337
3336
3335
3331
3329
3328
3327
3325
3324
3323
3322
3321
3320
3318
3316
3314
3313
3312
3311
3310
3309
3307
3306
3305
3304
3303
3302
3301
3300
3299
3298
3295
3294
3293
3292
3291
3288
3287
3286
3285
3284
3283
3281
3280
3279
3277
3275
3274
3273
3268
3267
3266
3262
3261
3260
3259
3256
3255
3254
3252
3251
3250
3249
3246
3244
3243
3242
3241
3239
3238
3237
3236
3235
3234
3233
3231
3230
3226
3225
3224
3223
3221
3220
3219
3218
3217
3216
3214
3213
3211
3210
3209
3208
3206
3203
3202
3199
3198
3197
3196
3194
3193
3189
3184
3183
3180
3178
3177
3175
3174
3173
3171
3170
3169
3167
3166
3163
3159
3158
3156
3154
3151
3150
3149
3148
3147
3145
3144
3143
3142
3141
3140
3139
3138
3137
3134
3133
3132
3131
3130
3129
3127
3126
3125
3123
3122
3121
3119
3118
3116
3115
3114
3113
3112
3110
3109
3108
3107
3106
3105
3104
3103
3102
3099
3097
3096
3094
3093
3091
3088
3087
3086
3085
3083
3081
3078
3077
3075
3074
3073
3072
3071
3069
3067
3065
3064
3063
3061
3060
3059
3058
3056
3055
3053
3052
3051
3050
3049
3048
3045
3043
3042
