0
4014
720
4024
581
3935
749
585
192
1996
1224
801
3885
1713
307
153
648
1353
859
3854
37
3729
1233
205
3811
825
4003
875
860
174
2457
704
802
788
785
453
3699
1797
3453
3925
3709
1890
38
292
2442
3444
1096
3999
1552
1657
1474
2595
1759
2079
2792
206
3801
2596
2814
4036
160
865
2774
2857
3143
114
202
607
1162
2168
2975
2470
550
386
3603
256
1856
4027
3031
371
190
327
3844
3606
3717
4032
2263
4025
3879
443
1383
918
1834
3746
4022
638
18
571
3282
3230
35
1854
11
1176
929
2167
4011
229
945
1581
2842
1362
2722
43
2922
3992
1476
668
3691
201
2569
240
4010
624
3987
2798
480
3575
3908
1386
4007
3990
3744
4006
3074
2691
1840
2483
4005
3849
1002
1105
112
293
864
893
2565
52
757
642
895
871
870
858
775
894
885
881
874
867
890
691
791
831
816
723
735
809
891
887
886
884
882
879
877
873
872
866
798
776
889
888
878
876
740
771
689
782
746
699
709
690
869
769
863
861
806
846
728
687
761
822
796
836
819
729
779
790
696
742
721
712
768
787
826
786
777
734
789
707
840
807
792
758
741
739
732
725
765
812
837
722
844
780
715
764
756
716
700
747
805
814
784
711
738
726
713
695
849
848
828
688
829
824
823
810
800
799
774
766
759
755
731
718
706
705
698
856
852
851
850
847
845
843
841
839
838
835
833
832
830
821
820
818
817
815
813
811
808
804
803
797
793
783
781
778
772
770
767
763
754
753
750
748
745
744
743
737
736
733
730
724
714
710
708
703
702
701
697
694
693
853
834
827
795
794
773
762
760
752
751
727
719
686
842
854
880
855
717
892
883
692
868
4038
4013
3981
4002
594
3995
3998
3989
4033
4026
4000
4023
4037
4034
4031
4029
4019
4018
4016
4015
4001
3997
3991
4021
4017
4009
3986
3982
4020
3980
4030
4004
3988
3985
3993
4028
4035
4008
3996
3994
3983
4012
3984
667
3745
3839
3787
3953
3727
3952
3489
3941
3580
3819
3567
3871
3671
3890
3600
3766
3551
3961
3504
3965
3720
3773
3572
3732
468
2382
2041
2388
1915
1924
3653
3632
3775
3942
3847
3544
3626
3827
3461
3757
3571
3771
3668
3647
3513
3789
3587
3641
3631
3458
3614
3963
3447
3704
3535
3917
3912
3815
3728
3638
3899
3893
3837
3701
3482
3843
3767
3947
3676
3665
3652
3499
3534
3783
3973
3784
3620
3975
3675
3786
3711
3648
3612
3584
3751
3498
3473
3753
3445
3483
3835
3666
3636
3470
3519
3476
3608
3946
3895
3878
3870
3622
3494
3598
3955
3643
3806
3905
3682
3892
3743
3964
3747
3969
3977
3698
3645
3468
3716
3439
3590
3478
3574
3524
3898
3855
3818
3718
3601
3569
3558
3493
3916
3949
3719
3532
3812
3446
3681
3628
3868
3595
3538
3901
3922
3624
3441
3546
3581
3649
3958
3706
3627
3485
3794
3763
3506
3821
3761
3464
3896
3803
3714
3927
3754
3555
3967
3791
3776
3863
3723
3695
3562
3850
3764
3466
3459
3759
3579
3972
3937
3915
3752
3630
3460
3936
3921
3865
3802
3778
3715
3705
3678
3508
3738
3945
3909
3529
3931
3822
3591
3486
3610
681
576
595
577
110
97
316
77
3338
2788
3218
3122
2861
3127
3147
3310
3044
3424
2804
3408
2695
3349
2980
2879
2852
2736
3088
2855
3175
3138
2790
2219
1969
2614
1968
2493
1961
2431
2207
2089
2082
2362
2182
1928
2217
2106
2034
2534
2170
2193
1978
2650
2513
2320
2021
2450
2321
2023
2178
2503
2632
2456
2375
2119
2281
2245
2094
2545
2017
2105
2158
2114
2524
2287
2383
2357
1949
2251
2012
2179
2100
2051
2424
2228
2227
2120
2448
2130
2070
1982
2354
2188
2514
2297
2613
2584
2387
2590
2644
2580
2566
2371
2277
2532
2104
2186
2288
2265
1999
2202
2016
2559
2462
2393
2156
2152
1937
2455
2408
2334
2210
2098
2059
2657
2018
2337
2097
1976
2622
2591
2586
2561
2407
2392
2311
2258
2121
2046
2515
2486
2076
1992
2499
2118
2112
2093
2623
2489
2467
2395
2309
2308
2253
2213
2147
2124
2122
2090
2064
2030
1989
1942
1938
2583
2025
2256
2656
2607
2578
2410
1918
2570
2405
2373
2286
2236
2162
2640
2585
2159
1998
1927
2633
2006
1991
2487
2626
2631
2600
2593
2576
2564
2560
2549
2446
2433
2428
2381
2350
2331
2220
2131
2108
2103
2095
2078
2074
2069
1997
1984
1971
1962
1929
2562
2248
2173
2049
2035
1990
2540
2361
2126
2620
2192
2011
2009
2001
1995
1935
1919
1914
2129
1975
2655
2604
2579
2554
2551
2550
2506
2423
2340
2109
2084
2083
2045
1979
1966
1946
2646
2625
2619
2602
2563
2507
2504
2500
2492
2482
2469
2460
2409
2404
2391
2386
2363
2356
2353
2329
2290
2278
2257
2244
2240
2237
2218
2201
2200
2190
2184
2165
2150
2136
2088
2077
1953
3305
3409
2971
2811
3934
3497
3722
3599
3553
3505
3919
3918
3813
3669
3518
3689
3556
3568
3799
3979
3888
3552
3521
3520
3660
3566
3712
3547
3804
3790
3457
3817
3737
3658
3617
3578
3561
3527
3474
3512
3940
3661
3548
3785
3557
3944
3772
3707
3697
3674
3492
3462
3438
857
3736
3455
3576
3488
3452
3703
3930
3880
3528
3976
3971
3970
3960
3957
3956
3951
3933
3932
3929
3928
3924
3923
3920
3914
3913
3911
3910
3907
3906
3904
3903
3900
3897
3894
3891
3887
3883
3882
3881
3876
3875
3874
3869
3867
3866
3864
3862
3858
3857
3848
3845
3840
3838
3836
3834
3833
3832
3829
3826
3825
3823
3820
3816
3810
3809
3795
3793
3792
3788
3782
3781
3777
3774
3770
3769
3768
3765
3762
3760
3758
3749
3742
3740
3739
3735
3731
3730
3725
3724
3713
3710
3708
3702
3700
3696
3694
3690
3687
3686
3685
3680
3679
3673
3670
3664
3663
3662
3659
3657
3655
3654
3650
3646
3644
3640
3639
3637
3635
3634
3629
3623
3619
3616
3615
3613
3609
3607
3605
3602
3597
3594
3593
3592
3585
3583
3582
3570
3564
3560
3559
3554
3549
3545
3543
3542
3541
3537
3536
3531
3523
3522
3516
3515
3514
3511
3510
3509
3507
3503
3502
3500
3491
3490
3487
3481
3479
3472
3469
3467
3465
3451
3450
3443
3442
1762
3954
3859
3733
3726
3463
3779
3642
459
661
627
647
672
662
675
635
583
582
578
598
619
597
643
615
659
650
628
612
626
611
679
588
673
498
499
467
476
259
228
230
289
5
68
243
44
311
336
247
106
294
162
321
207
60
2379
2478
2427
2266
2142
2252
2425
2177
2400
2531
2496
2322
2175
2155
1944
2544
2317
2310
2415
2568
2096
2557
2517
2272
2270
2209
2205
2660
2571
2459
2364
2225
2171
1973
1951
2918
2298
1157
3425
3367
3314
2972
2995
3427
3276
3389
3171
3170
3167
2687
3103
3216
2860
2907
3368
2997
3271
3053
3194
3069
2938
2823
3013
2846
3200
2799
2776
3371
3421
3203
3398
3308
3196
3067
3336
3322
2817
2958
2795
3393
3260
3089
3058
2785
2963
3378
3235
3255
2801
3296
3217
3009
2882
2762
3377
3192
3093
2840
2783
3270
3208
2837
3128
3279
3008
3123
3391
2671
3129
2889
2700
2685
3383
3190
2771
3238
3359
3321
3100
2990
2829
2692
3126
3083
2933
2886
2961
2818
2668
3335
3063
3251
3180
3429
3401
3376
3163
2967
2908
3131
2732
3431
3380
3252
3110
3019
3248
3332
3124
3159
3237
2904
3400
3337
2955
2934
3373
3329
3242
3212
2856
2667
2759
2746
3029
3300
2888
3405
3133
2803
2784
2734
3325
3379
2724
2662
3222
3246
3244
3264
3304
2705
3041
2752
3333
3269
3104
3080
3026
3028
3012
2983
3106
3119
3419
3199
3111
2881
2712
2887
2821
2766
3351
3070
2833
3303
2698
3306
3112
3060
2992
2742
3357
2895
2807
2789
3344
3267
3146
3094
2849
3286
3284
2944
2854
2835
2681
2680
3220
2993
2929
3050
2865
2832
3156
3315
3234
2988
2977
2927
2743
2892
2775
3075
2709
3231
3166
3137
3025
2873
3327
3307
3219
3191
3187
3154
2843
2819
3346
3233
3018
2713
2787
2715
2690
3091
2824
3224
3087
3051
2984
2936
2932
2859
2753
3195
3062
2714
3341
3236
2739
3262
2719
3318
3311
2751
2697
3417
3388
3202
3064
3023
2912
2910
2880
2877
2763
2738
3433
3135
3073
3065
2974
2706
2725
3001
3364
3257
3243
3184
3090
3014
2994
2987
2956
2931
2924
2920
2810
2777
2773
2750
2729
3387
3232
3226
3149
3098
3096
3078
2943
2917
2897
2896
2867
2864
2683
2666
3381
3291
3288
3204
3132
3120
3113
3102
2991
2863
2828
2770
3436
3414
3193
3052
3004
2890
2754
3280
3261
3182
2937
2797
2684
3423
3382
3283
2767
2703
3142
3108
3054
3047
3033
3022
3000
2985
2919
2913
2911
2839
2827
2761
2755
2745
2664
3345
3253
3249
3151
2942
2914
2791
2675
3114
2978
2786
3411
3330
3316
3247
3169
3152
3116
3076
2950
2780
2708
3342
3275
3274
3215
3157
3049
2841
3061
2760
3223
2813
2718
3328
3136
2678
1027
3361
3011
3369
3179
3020
3343
3347
3292
3172
3150
2965
2923
2875
2836
2781
3434
3403
3298
3287
3272
2989
2748
3374
2758
3340
3319
3302
2941
3258
2968
2869
2707
1031
979
1138
2318
2242
2116
1921
2426
2235
2226
1923
2355
2312
2222
2144
2110
1970
2249
2581
2502
2429
2324
2214
2208
1972
1964
2643
2280
2062
2473
2285
2419
2413
2389
2377
2239
2099
2608
2518
2508
2394
2367
2026
2007
2516
2465
2385
2072
2028
2519
2189
2132
1916
2315
2196
1954
2525
2398
2330
2293
2215
2653
2547
2434
2336
2327
2259
2199
2191
2148
2135
2128
2127
2065
2053
2039
1941
1926
2652
2603
2572
2451
2438
2420
2396
2325
2268
2232
2174
2161
2143
2101
2075
1994
1985
1981
1955
1947
2629
2592
2475
2461
2436
2194
2163
2151
2081
2010
1932
2659
2658
2654
2651
2648
2647
2645
2641
2639
2638
2637
2636
2635
2630
2628
2627
2624
2621
2618
2615
2612
2611
2610
2609
2606
2605
2601
2599
2597
2594
2587
2577
2575
2574
2573
2558
2556
2555
2553
2552
2546
2543
2542
2541
2539
2538
2537
2536
2535
2530
2528
2527
2526
2523
2522
2521
2520
2505
2501
2497
2495
2494
2490
2488
2485
2484
2481
2480
2479
2477
2476
2474
2472
2471
2468
2466
2464
2463
2458
2454
2453
2452
2449
2447
2445
2444
2443
2441
2440
2439
2437
2435
2432
2430
2422
2421
2418
2417
2416
2414
2412
2411
2406
2403
2402
2401
2399
2397
2390
2380
2378
2376
2374
2370
2369
2366
2365
2360
2359
2358
2352
2349
2348
2347
2346
2345
2344
2343
2342
2341
2339
2335
2326
2323
2319
2316
2314
2313
2307
2306
2305
2304
2303
2301
2300
2299
2296
2295
2292
2291
2284
2279
2276
2275
2274
2273
2271
2262
2261
2260
2255
2243
2238
2234
2233
2231
2230
2229
2223
2221
2216
2212
2211
2206
2204
2198
2197
2181
2172
2166
2164
2160
2157
2154
2146
2145
2141
2140
2139
2138
2137
2134
2133
2123
2115
2113
2107
2102
2092
2091
2086
2085
2080
2073
2067
2066
2063
2061
2060
2058
2057
2056
2055
2050
2048
2047
2044
2043
2042
2040
2038
2037
2036
2033
2032
2029
2027
2024
2022
2020
2019
2015
2014
2013
2008
2005
2004
2002
2000
1993
1988
1987
1986
1983
1980
1977
1974
1965
1963
1960
1958
1957
1956
1952
1950
1945
1943
1940
1939
1936
1934
1933
1931
1930
1925
1922
1917
1913
3285
3177
3176
3007
3412
3241
3077
3365
3312
3101
3072
3038
2921
2768
2716
2686
2825
2677
1865
1194
3406
3366
3331
3162
3289
3852
3948
3926
3902
3873
3831
3693
3618
3563
3526
3448
3830
3683
3586
3962
3884
3828
3800
3796
3750
3721
3692
3611
3533
3517
3484
3480
3950
3872
3672
3625
3573
3496
3966
3851
3780
3734
3677
3667
3656
3471
3938
3889
3842
3841
3824
3797
3604
3577
3475
3456
3978
3860
3756
3621
3449
862
3968
3886
3877
3805
3755
3596
3525
3437
1088
3164
1896
1252
1489
1481
1057
1430
1372
1202
1038
1711
1241
1263
912
633
682
655
605
653
592
636
621
609
579
551
470
1654
462
3861
3454
610
393
364
351
1967
435
403
466
390
522
382
508
394
365
380
446
357
639
385
450
429
361
518
516
457
381
557
489
437
495
415
372
418
397
472
541
471
534
685
684
680
677
671
670
666
665
664
660
658
657
656
654
649
640
632
631
625
623
622
618
617
603
600
599
590
584
575
573
561
533
528
455
442
392
367
440
352
504
433
426
369
519
474
678
556
488
421
373
406
