0
818
4018
91
3988
2457
4003
613
3942
911
910
3268
642
3748
1546
4034
4037
571
70
532
679
854
692
4005
674
3745
867
875
2442
234
550
43
2596
3121
3854
2595
2580
95
775
377
3131
1856
3952
358
3582
607
3742
1838
790
1119
1194
152
411
1579
602
1498
3006
2437
1865
2269
2817
164
552
893
2886
253
219
3592
672
1038
467
3893
2842
1657
3981
3853
4007
209
4013
4029
4010
3983
699
61
3305
106
2860
18
279
638
167
1890
216
4016
3999
865
3632
2245
3686
3998
2998
3606
1252
4022
3987
190
300
540
4032
2651
3974
883
244
860
3970
3652
3796
3781
1248
4015
3724
207
3960
4024
1262
4035
3588
371
212
4008
454
50
3925
3071
3429
841
881
673
160
825
3963
945
826
722
798
750
844
741
2168
587
294
1967
74
2182
1364
155
267
3691
1224
2256
899
1383
979
3950
3879
884
3310
3955
2178
3037
610
2788
3798
1560
1046
125
2439
2678
1455
2838
1027
1834
3451
2119
3311
2015
1008
399
1176
390
2740
3589
3765
1263
1276
3799
220
3817
3732
668
1057
1776
1490
1270
1586
3805
288
541
3946
77
3723
2898
749
2431
2487
3922
3709
3875
153
2692
3217
433
2903
154
447
3290
3375
3665
3512
321
3887
1814
311
3513
46
1362
2722
624
956
3935
2714
2855
1154
1510
3801
3183
476
892
1731
3560
114
210
2382
3015
2816
37
1711
262
1157
157
717
852
3939
889
858
3487
3566
3961
295
3727
243
3990
437
572
3626
3322
3128
3336
3126
384
3074
3147
3055
3127
2774
2204
2034
356
4
273
328
306
195
78
181
275
1087
3733
3954
2732
2902
3372
757
319
147
89
2483
2527
2805
2808
873
887
776
877
872
885
379
386
406
581
3994
3997
4009
3985
3995
3996
4020
4006
4026
4011
4002
4038
4027
4025
3993
4021
4031
4004
3980
4033
4017
4023
3986
3982
110
259
264
8
245
3992
4014
4030
4000
3989
4036
4028
4019
3991
4012
594
4001
3984
667
888
767
707
771
874
879
746
863
788
886
861
822
791
789
725
714
804
785
758
809
732
794
833
839
689
895
871
870
866
742
813
700
878
876
864
808
736
837
729
766
690
850
718
723
792
734
716
835
806
762
783
763
846
799
768
733
797
755
803
759
738
720
703
821
724
827
780
772
711
710
845
842
836
816
812
811
802
795
793
786
784
782
751
744
740
739
721
712
702
698
691
764
847
800
829
807
779
778
773
769
760
752
745
731
726
856
820
787
713
693
834
815
753
728
880
853
840
838
831
817
814
810
774
761
756
737
715
706
696
688
687
770
754
704
695
849
848
824
781
765
748
747
727
719
708
705
701
694
686
843
830
828
823
819
805
777
697
709
796
832
855
869
801
890
730
735
882
851
894
891
743
868
859
857
327
289
174
68
296
32
337
19
99
218
197
102
151
140
3676
3809
310
93
137
41
241
192
177
175
139
131
204
206
263
309
144
17
28
115
2548
2450
2080
640
662
658
576
595
3548
3911
3489
3478
3834
3783
3655
3806
3894
3811
3678
3857
3899
3675
3708
3882
3770
3967
3933
3500
3587
3772
221
307
130
675
632
627
621
202
344
123
247
85
27
129
302
266
24
333
111
312
49
249
180
101
187
283
143
97
320
36
281
184
6
278
269
194
270
260
92
1
121
42
230
227
284
235
326
20
226
149
2217
2193
661
600
582
633
665
583
588
648
611
670
685
659
650
643
615
578
577
3897
3843
3441
3964
3704
3813
3502
3941
3895
3662
3859
3507
3614
3627
3915
3483
3532
3767
3637
3494
3486
3777
3443
3563
3499
3821
3768
3631
3539
3920
3696
3903
3973
3969
3711
3454
3536
3679
3580
3812
3949
3446
3791
3523
3725
3701
3774
3757
3638
3476
3976
3803
3509
3671
3641
3977
3815
3747
3607
3710
3666
3840
3802
3778
3685
3598
3484
3659
3575
3470
3784
2373
314
156
229
276
94
103
188
222
303
248
40
96
339
329
257
236
126
45
30
178
237
647
365
649
466
533
657
639
684
677
664
622
612
598
590
429
625
619
605
597
592
574
573
166
666
589
644
626
623
663
519
522
535
474
324
224
208
13
73
133
59
104
72
297
170
65
29
118
342
313
298
161
134
290
274
22
334
271
186
172
158
325
265
141
189
150
57
54
315
291
231
176
128
75
66
26
3
347
346
345
343
341
330
318
317
305
299
268
258
255
254
251
242
240
233
228
225
214
205
196
183
182
169
168
165
162
159
148
142
135
132
127
124
117
116
108
90
86
84
83
82
81
80
79
76
55
53
51
39
33
23
21
16
14
12
2
2197
1915
2656
2505
2314
2288
2650
2255
2513
2444
2349
1988
2016
1949
2380
2263
2227
2036
1977
2070
1922
2621
2441
2113
2130
2411
2286
2008
2545
2160
2017
2013
2014
2012
2517
1974
2577
2584
509
505
569
681
653
628
618
617
603
599
593
585
575
1664
635
3693
3755
3661
3979
3660
3683
3656
3937
3786
3558
3510
3617
3927
3764
3752
3618
3546
3667
3837
3836
3579
3491
3947
3909
3622
3583
3528
3934
3471
3452
3790
3739
3567
3541
3785
3891
3616
3850
3913
3864
3734
3613
3605
3467
3462
3896
3731
3654
3527
3503
3448
3932
3612
3571
3668
3529
3972
3956
3460
3873
3689
3625
3525
3923
3870
3643
3823
3620
3900
3867
3440
3898
3559
3485
3707
3684
3611
3475
3880
3518
3634
3713
3819
3810
3782
3535
3599
3498
3741
3449
3838
3474
3466
3825
3555
3930
3858
3841
3780
3779
3762
3737
3578
3540
3826
3862
3740
3889
3712
3697
3480
3951
3869
3593
3914
3477
3690
3680
3640
3635
3574
3794
3464
3827
3773
3753
3526
3966
3940
3852
3730
3702
3687
3543
3488
3874
3595
3664
3881
3829
3761
3758
3584
3919
3581
3776
3472
3924
3833
3648
3646
3515
3511
3658
3450
3547
3492
3842
3651
3461
3905
3863
3682
3585
3549
3531
3901
3832
3698
3883
3594
3562
3917
3912
3871
3743
3975
3918
3519
3906
3645
3793
3792
3719
3493
3468
3831
3921
3907
3769
3722
3715
3663
3608
3505
3861
3735
3644
3636
3597
3521
3888
3971
3872
3520
3851
3438
3456
2443
2205
2401
2346
1928
1935
2277
2581
1999
2284
2660
1931
272
261
232
211
122
109
25
10
213
323
277
238
223
88
67
62
60
322
308
304
246
38
31
1921
2496
1372
1853
1777
1696
1147
1755
1840
1111
1889
1213
940
1855
1295
1062
1412
1638
949
1035
1764
1417
1081
678
671
586
558
435
634
382
383
405
528
1667
1385
1878
1887
469
680
502
652
362
654
397
529
449
418
360
352
551
173
381
357
539
415
453
407
682
655
636
631
579
547
396
372
557
508
444
421
413
393
630
495
463
516
565
487
385
564
198
1106
965
683
511
507
427
451
669
460
620
609
403
423
367
462
430
424
369
488
368
1801
616
584
412
560
479
409
408
1454
1397
614
561
548
531
527
524
523
491
490
481
465
458
446
442
434
394
391
359
537
536
503
482
378
350
332
331
280
252
239
203
200
199
185
146
113
98
64
48
9
2633
1957
2435
2061
2018
1919
2426
2234
1936
2362
2298
2023
2415
2571
2424
2219
2355
2466
2170
1968
2262
2019
2293
2065
2494
2337
2024
1951
2202
2050
2009
2004
1976
2455
2231
1933
2562
2420
2353
2462
2449
2393
2391
2067
2453
2610
2175
2166
2618
2230
2467
2641
1944
2238
2173
1978
2413
2628
2341
2075
2524
2464
2440
2402
2397
2114
1975
1960
2493
2367
2056
2046
2637
2473
2214
2048
2622
2486
2320
1992
1924
2530
2345
2259
2099
2658
2639
2585
2587
2556
2368
2209
2031
2405
2126
2297
2116
1972
2606
2536
2257
2152
2566
2525
2305
2308
2306
2123
2488
2313
2129
2386
2383
2043
2446
2348
2329
1991
1958
1939
2296
2265
2091
1982
2644
2120
2089
2539
2578
2520
2350
2216
2040
2579
2326
2287
1963
2334
2237
2104
2092
1942
2632
2558
2612
2448
2403
2158
2035
1990
2609
2503
2371
2335
2232
2186
2141
1930
2489
2300
2084
1986
2421
2321
2156
2041
2357
1937
2025
2022
2006
2000
1927
2495
2218
2657
2636
2459
2447
2364
2001
1980
1950
1914
2654
2363
2201
2121
2108
2090
2073
1929
2646
2590
2532
2476
2356
2352
2299
2213
2147
2122
2059
2037
2501
2625
2624
2576
2460
2409
2408
2395
2376
2258
2220
2210
2088
1989
1918
2623
2600
2550
2504
2485
2404
2140
2103
2093
1962
1938
2322
1964
2317
2301
2655
2593
2573
2477
2414
2354
2244
2200
2136
2118
2086
2077
2055
2611
2601
2575
2563
2560
2542
2507
2500
2492
2484
2290
2276
2253
2184
2154
2131
2083
2078
2060
2030
2020
2005
1993
2163
2638
2631
2615
2613
2604
2591
2586
2564
2553
2551
2546
2521
2469
2433
2423
2418
2374
2370
2369
2339
2323
2309
2307
2266
2261
2240
2206
2190
2172
2165
2115
2098
2095
2069
2033
1966
1943
645
554
549
543
518
480
477
459
432
414
1681
1010
1906
1134
1500
985
1189
977
964
1624
987
1778
591
436
3886
3750
3621
3573
3756
3545
3504
3948
3788
3760
3610
3514
3501
3877
3828
3800
3692
3642
3633
3576
3945
3604
3469
3968
3962
3957
3944
3943
3938
3931
3929
3926
3916
3902
3892
3884
3878
3876
3868
3866
3865
3860
3856
3849
3846
3845
3844
3835
3830
3824
3822
3820
3818
3816
3814
3807
3804
3795
3789
3763
3759
3751
3749
3738
3729
3728
3726
3721
3720
3718
3717
3716
3714
3706
3705
3703
3695
3694
3681
3673
3672
3670
3669
3653
3649
3647
3639
3630
3629
3628
3624
3623
3615
3609
3603
3602
3601
3600
3596
3591
3590
3586
3569
3568
3565
3564
3557
3554
3553
3551
3542
3538
3537
3534
3533
3530
3524
3516
3508
3506
3497
3496
3495
3490
3482
3481
3479
3473
3465
3463
3459
3458
3457
3455
3453
3447
3444
3442
3439
567
928
3550
3517
929
1349
1223
1492
930
2479
1920
2427
2410
2242
2142
2132
2044
2110
1923
2544
2653
2491
2445
2294
2177
1985
2652
2438
2432
2390
2315
2280
2221
2208
2101
2029
1925
2502
2398
2330
2171
1987
2537
2243
1947
2597
2547
2379
2643
2285
2144
2279
2254
2187
2185
2557
2425
2318
2310
2176
2436
2273
2007
1970
2648
2627
1973
2582
2224
2128
2107
2053
2531
2419
2385
2343
2246
2203
2057
2039
2472
2465
2191
1948
2250
2133
