0
4029
4022
3071
2442
638
608
356
883
2457
550
209
52
15
12
3407
1466
1276
1206
3230
4001
775
841
4032
3999
4007
4026
4019
743
707
768
854
801
796
789
788
786
785
767
757
750
749
744
712
702
699
691
689
716
839
822
806
802
791
732
725
714
704
836
808
821
771
740
3923
3787
3749
3781
3882
3816
3447
3732
3745
3727
3818
3963
3811
3912
3441
3597
3632
3958
3786
3515
3959
3655
3478
3834
3855
3637
3809
3871
3598
3485
3601
3532
3821
3652
3759
3895
3777
3583
3529
3460
3443
3924
3714
3558
3559
3782
3763
3903
3731
3730
3528
3527
3863
3662
3580
3538
3867
3773
3753
3740
3663
3553
4004
4038
4037
4036
4034
4033
4030
4028
4027
4025
4024
4023
4021
4020
4018
4017
4016
4015
4014
4013
4012
4010
4009
4006
4005
4003
4002
4000
3998
3997
3996
3995
3994
3993
3992
3991
3990
3988
3987
3986
3985
3984
3983
3982
3981
3954
3600
3530
3961
681
599
893
826
846
812
778
782
832
710
855
852
717
887
885
877
874
761
735
838
837
807
792
783
770
763
795
790
723
715
711
700
863
799
764
759
756
737
734
733
727
720
853
851
850
847
844
833
829
816
813
794
784
773
762
752
751
746
742
738
736
722
706
690
827
814
797
755
730
845
843
831
817
809
793
787
779
758
741
739
728
718
686
849
848
842
835
834
824
820
818
815
781
780
777
766
765
760
754
748
731
726
724
721
709
705
701
696
695
694
693
688
687
2380
2621
2094
1933
2238
2204
2421
1996
2255
2012
2656
2577
2634
2015
2562
2035
2129
2207
2455
2013
2025
2658
2639
1995
2440
2620
1927
2452
2584
2182
2500
2164
2055
2474
2260
2022
2532
2520
2484
2393
2392
2374
2353
2352
2307
2290
2213
2084
1997
1953
1925
2312
2413
2432
2252
2568
2566
2557
2425
2322
2296
2231
2186
2175
2173
2141
1990
2449
2387
2147
1942
2572
2390
2274
2243
2573
2559
2507
2495
2478
2462
2428
2369
2306
2300
2131
2090
2078
2033
1993
1985
3957
3926
3898
3790
3765
3700
3562
3560
3518
3502
3785
3658
3852
3736
3712
3514
3928
3804
3589
3825
3803
3752
3800
3533
3475
3971
3938
3805
3979
3978
3977
3976
3975
3974
3973
3972
3970
3969
3968
3967
3966
3965
3964
3960
3956
3955
3953
3952
3951
3950
3949
3947
3946
3945
3944
3943
3942
3941
3940
3939
3937
3936
3935
3934
3933
3932
3931
3930
3929
3927
3925
3922
3921
3920
3919
3918
3917
3916
3915
3914
3913
3911
3910
3909
3908
3907
3906
3905
3904
3902
3901
3900
3899
3897
3896
3894
3893
3892
3891
3890
3889
3888
3887
3885
3884
3883
3881
3880
3879
3878
3877
3876
3875
3874
3873
3870
3869
3868
3866
3865
3864
3862
3860
3859
3858
3857
3856
3854
3851
3850
3849
3848
3847
3846
3845
3844
3843
3842
3841
3840
3839
3838
3837
3836
3835
3833
3832
3831
3829
3828
3827
3826
3824
3823
3822
3819
3817
3815
3814
3813
3812
3810
3808
3807
3806
3802
3801
3799
3798
3797
3796
3795
3794
3793
3792
3791
3789
3788
3784
3783
3780
3778
3776
3775
3774
3772
3771
3770
3769
3768
3767
3766
3764
3762
3761
3760
3758
3757
3755
3754
3751
3748
3747
3746
3744
3743
3742
3739
3738
3737
3735
3734
3733
3729
3728
3726
3725
3724
3722
3720
3719
3718
3717
3716
3715
3713
3711
3710
3709
3708
3707
3706
3705
3704
3703
3702
3701
3699
3698
3697
3696
3695
3694
3693
3691
3690
3689
3688
3687
3686
3685
3683
3682
3681
3680
3679
3678
3676
3675
3673
3672
3671
3670
3669
3668
3667
3666
3665
3664
3661
3660
3659
3657
3656
3654
3653
3650
3649
3648
3647
3646
3645
3644
3643
3642
3641
3640
3639
3638
3636
3635
3634
3631
3630
3629
3628
3627
3626
3625
3624
3623
3622
3620
3619
3618
3617
3616
3615
3614
3613
3612
3611
3610
3608
3607
3606
3605
3604
3603
3602
3599
3596
3595
3594
3593
3591
3590
3588
3587
3585
3584
3582
3581
3579
3578
3577
3576
3575
3574
3573
3572
3571
3570
3569
3568
3567
3566
3565
3564
3563
3557
3555
3554
3552
3551
3549
3548
3547
3546
3545
3544
3543
3542
3541
3539
3537
3536
3535
3534
3531
3526
3524
3523
3522
3521
3520
3519
3516
3513
3512
3511
3510
3509
3508
3507
3506
3505
3504
3503
3500
3499
3498
3497
3496
3494
3493
3492
3491
3490
3489
3488
3486
3484
3483
3482
3481
3480
3479
3477
3476
3474
3473
3472
3471
3470
3469
3468
3467
3466
3465
3464
3463
3462
3461
3459
3458
3457
3455
3452
3451
3450
3449
3448
3446
3445
3444
3442
3439
3438
3779
3621
3586
3517
3456
685
598
4031
4011
3989
3980
3861
3723
3487
3454
448
466
635
349
684
682
675
674
672
670
668
665
664
663
662
661
660
659
658
657
654
650
648
647
644
643
642
640
636
633
632
631
628
627
626
625
624
623
622
621
619
617
615
613
612
611
607
605
603
602
600
597
595
592
588
585
583
582
581
579
578
577
576
575
573
478
476
574
620
680
590
429
666
562
364
384
152
78
234
256
70
393
218
181
4
253
206
86
2660
2636
2494
2378
2171
2024
2001
1973
1972
344
283
177
102
300
336
270
241
53
33
243
251
93
303
106
14
257
158
80
240
237
40
289
227
140
238
211
65
224
188
75
66
3
201
193
291
246
129
22
895
894
892
891
890
889
888
886
884
882
881
880
879
878
876
875
873
872
871
870
869
868
867
866
865
864
861
859
858
857
856
840
830
828
825
823
819
811
810
805
804
803
800
798
776
774
772
769
753
747
745
729
719
713
708
703
697
285
248
208
146
79
56
27
25
2659
2657
2655
2654
2652
2651
2650
2648
2647
2646
2645
2644
2641
2640
2638
2637
2635
2633
2632
2631
2630
2628
2627
2626
2625
2624
2623
2622
2619
2618
2615
2614
2613
2612
2611
2610
2607
2606
2604
2603
2602
2601
2600
2599
2596
2595
2594
2593
2591
2590
2587
2586
2585
2583
2581
2580
2579
2578
2576
2575
2574
2571
2570
2569
2565
2564
2563
2561
2560
2558
2556
2554
2553
2552
2551
2550
2549
2548
2546
2545
2541
2540
2539
2538
2537
2536
2535
2534
2531
2528
2527
2526
2525
2524
2523
2522
2521
2518
2517
2515
2514
2513
2506
2505
2504
2503
2499
2497
2493
2492
2490
2489
2488
2487
2486
2485
2483
2482
2481
2480
2479
2477
2476
2473
2470
2469
2467
2466
2464
2460
2459
2456
2454
2453
2450
2448
2447
2446
2444
2443
2441
2439
2438
2437
2435
2434
2433
2431
2430
2429
2427
2426
2424
2423
2422
2418
2416
2415
2414
2412
2411
2410
2409
2408
2407
2406
2405
2404
2403
2402
2401
2400
2397
2396
2395
2391
2388
2386
2383
2382
2381
2379
2376
2375
2373
2371
2370
2367
2366
2365
2364
2363
2362
2361
2360
2359
2358
2357
2356
2354
2350
2349
2348
2346
2345
2342
2341
2340
2339
2337
2335
2334
2331
2330
2329
2326
2324
2323
2321
2320
2318
2317
2316
2314
2313
2311
2310
2309
2308
2305
2304
2303
2301
2299
2297
2291
2288
2287
2286
2284
2281
2280
2278
2277
2276
2275
2272
2271
2270
2269
2265
2263
2262
2261
2259
2258
2257
2256
2253
2251
2249
2248
2245
2244
2242
2240
2237
2236
2235
2234
2233
2232
2230
2229
2228
2227
2226
2225
2222
2221
2220
2219
2218
2217
2216
2214
2212
2211
2210
2209
2208
2206
2205
2202
2201
2200
2197
2195
2193
2192
2190
2188
2184
2181
2179
2178
2177
2172
2170
2168
2167
2166
2165
2162
2161
2160
2159
2158
2157
2156
2154
2152
2150
2146
2145
2142
2140
2139
2137
2136
2130
2126
2124
2123
2122
2121
2120
2119
2118
2116
2115
2114
2113
2112
2110
2109
2108
2107
2106
2105
2104
2103
2101
2100
2099
2098
2097
2096
2095
2093
2092
2091
2089
2088
2086
2085
2083
2082
2080
2079
2077
2076
2075
2074
2073
2070
2069
2067
2066
2064
2063
2061
2060
2059
2058
2057
2056
2051
2050
2049
2048
2046
2045
2044
2043
2041
2040
2037
2036
2034
2030
2029
2027
2023
2021
2020
2019
2018
2017
2016
2014
2011
2009
2008
2006
2005
2004
2000
1999
1998
1992
1991
1989
1988
1987
1986
1984
1983
1982
1981
1980
1979
1978
1977
1976
1975
1974
1971
1970
1969
1968
1966
1965
1964
1963
1962
1961
1960
1958
1957
1956
1952
1951
1950
1949
1946
1944
1943
1939
1938
1937
1936
1935
1934
1931
1930
1929
1928
1926
1924
1923
1922
1921
1919
1918
1917
1915
1914
81
2616
2609
2605
2582
2544
2529
2519
2502
2472
2468
2465
2461
2445
2436
2417
2394
2389
2377
2372
2355
2347
2344
2343
2298
2295
2273
2246
2215
2194
2163
2151
2143
2138
2133
2062
2039
2026
2002
1994
1954
1913
2653
2617
2589
2588
2511
2498
2491
2475
2471
2463
2451
2419
2399
2368
2325
2294
2267
2254
2247
2241
2224
2189
2185
2180
2176
2174
2155
2144
2127
2087
2072
2071
2052
2038
2031
2010
2003
1955
1947
1940
1932
1916
1027
2649
2643
2642
2629
2608
2598
2597
2592
2567
2555
2547
2543
2542
2533
2530
2516
2512
2510
2509
2508
2501
2496
2458
2420
2398
2385
2384
2351
2338
2336
2333
2332
2328
2327
2319
2315
2302
2293
2292
2289
2285
2283
2282
2279
2268
2266
2264
2250
2239
2223
2203
2199
2198
2196
2191
2187
2183
2169
2153
2149
2148
2135
2134
2132
2128
2125
2117
2111
2102
2081
2068
2065
2054
2053
2047
2042
2032
2028
2007
1959
1948
1945
1941
1920
1713
1755
1326
928
1474
1196
1147
1141
3962
3948
3886
3872
3830
3756
3750
3741
3721
3692
3684
3677
3674
3651
3633
3609
3592
3561
3556
3550
3540
3525
3501
3495
3440
3437
862
1760
1633
1234
1697
1840
1346
1249
1489
1567
986
1542
1059
1028
1169
924
1342
1781
1793
1483
1185
1608
1398
921
1703
1681
1503
1469
1299
1159
964
1823
1799
1753
1665
1637
1524
1289
1026
1889
1827
1811
1771
1689
1653
1431
1243
966
925
1257
1442
1066
1782
1769
1447
1205
1841
1691
1286
1007
173
1763
1830
679
1235
1022
678
677
655
653
630
618
616
589
584
422
1743
593
1967
1136
477
1730
1540
1209
905
1885
1813
913
1907
1773
1751
1595
1565
1495
1309
1303
1273
1166
1104
919
671
639
535
494
667
609
594
479
452
1630
1473
1428
1275
1189
1010
518
380
683
676
673
652
646
645
634
614
610
604
587
586
570
489
413
354
1658
1631
1490
1142
1671
1358
1318
669
656
591
538
521
461
385
1844
1740
1397
1374
601
567
520
515
513
462
404
572
571
569
568
565
564
561
560
559
558
557
556
555
554
553
552
551
549
548
547
546
545
544
543
542
541
540
539
537
536
534
533
532
531
530
529
528
527
525
524
523
522
519
516
514
512
511
510
509
508
507
506
505
504
503
502
501
500
499
498
497
496
495
493
492
491
490
488
487
486
485
482
481
480
474
473
472
471
470
469
468
467
465
464
463
460
459
458
457
456
455
454
453
451
450
449
447
446
445
444
443
442
441
440
439
438
437
436
435
434
433
432
431
430
427
426
425
424
423
421
419
418
417
416
415
414
412
411
410
409
408
407
406
405
403
402
401
400
399
398
397
396
395
394
392
391
390
388
387
386
383
382
381
378
377
375
374
373
372
371
370
369
368
367
365
362
361
360
359
358
357
355
352
351
350
347
346
345
343
342
341
340
339
338
337
335
334
333
332
331
330
329
328
327
326
325
324
323
322
321
320
319
318
317
316
315
314
313
312
311
310
309
308
307
306
305
304
302
301
299
298
297
296
295
294
293
292
290
288
287
286
284
282
281
280
279
278
277
276
275
274
273
272
271
268
267
266
265
264
263
262
261
260
259
258
255
254
252
250
249
247
245
244
242
239
236
235
233
232
231
230
229
228
226
225
223
222
221
220
219
216
215
214
213
212
210
207
205
204
203
202
200
199
198
197
196
195
194
192
191
190
187
186
185
184
183
182
180
179
178
176
175
174
172
170
169
168
167
166
165
164
163
162
161
160
159
157
156
155
154
153
151
149
148
147
145
144
143
142
141
139
138
137
136
135
134
133
132
131
130
128
127
126
125
124
123
122
121
120
118
117
116
115
114
113
112
111
110
109
108
105
104
103
101
100
99
98
97
96
95
94
92
91
90
89
88
87
85
84
83
82
77
76
73
72
71
69
68
67
63
62
61
60
59
57
55
54
51
50
49
48
47
46
45
44
43
42
41
39
38
37
36
35
34
32
31
30
29
28
26
24
23
21
20
19
18
17
16
13
10
9
8
7
6
5
2
1
1648
1880
1802
1886
1833
1662
1619
1610
1600
1101
1798
1319
1866
1146
1852
1274
2963
3161
3388
3317
3269
2769
3354
3306
3055
3095
3399
3243
3165
3121
2981
3392
2959
2703
2670
3234
2928
3073
3286
3238
2837
3257
2679
2891
2815
3262
3237
2867
2705
3047
3054
3004
2969
2866
2864
2835
2750
2717
3430
3300
3084
2710
3079
1098
1140
1590
1544
967
946
698
217
189
150
119
64
2814
1912
269
3066
2983
1073
1863
1860
1523
606
1765
1639
1864
1845
1160
1883
1702
1577
1058
908
1911
1910
1909
1906
1905
1904
1903
1902
1901
1900
1899
1898
1897
1896
1895
1894
1893
1892
1891
1890
1888
1887
1884
1882
1881
1879
1878
1877
1876
1875
1874
1873
1872
1871
1870
1869
1868
1867
1865
1862
1861
1859
1857
1856
1855
1854
1853
1851
1850
1849
1848
1847
1846
1843
1842
1839
1838
1836
1835
1834
1832
1831
1829
1828
1826
1825
1824
1822
1821
1820
1819
1818
1817
1816
1815
1814
1812
1810
1809
1808
1807
1806
1805
1804
1803
1801
1800
1797
1796
1795
1794
1792
1791
1790
1789
1788
1786
1785
1784
1783
1780
1779
1778
1777
1776
1775
1774
1772
1770
1768
1767
1766
1764
1762
1761
1759
1757
1756
1754
1752
1750
1749
1748
1747
1746
1745
1744
1742
1741
1739
1738
1737
1736
1735
1734
1733
1732
1731
1729
1728
1727
1725
1724
1723
1722
1721
1720
1719
1718
1717
1716
1715
1714
1712
1711
1710
1709
1708
1707
1706
1705
1704
1701
1700
1699
1698
1696
1695
1694
1693
1692
1690
1688
1687
1686
1685
1683
1682
1680
1679
1678
1677
1676
1675
1673
1672
