0
3031
3230
891
2541
3987
287
215
114
42
581
3856
3691
3570
2596
2740
613
1755
1581
1560
1386
918
642
33
743
802
700
690
767
742
789
732
289
47
3946
826
777
723
693
711
695
863
832
872
783
799
764
706
869
807
797
754
741
834
766
765
721
855
854
853
852
851
850
849
848
847
846
845
844
843
842
841
840
839
838
837
836
835
833
831
829
828
827
824
822
821
820
818
817
816
815
814
813
812
809
808
806
801
796
795
794
793
792
791
790
788
787
786
785
784
782
781
780
779
778
775
773
771
770
768
763
762
761
760
759
758
757
756
755
752
751
750
749
748
746
745
744
740
739
738
737
736
735
734
733
731
730
729
728
727
726
725
724
722
720
718
717
716
715
714
713
712
710
709
707
705
704
702
701
699
696
694
692
691
689
688
687
895
4001
4006
4005
3981
4002
3993
3985
4030
4026
4014
3994
63
97
154
139
268
295
99
167
32
327
194
92
306
24
330
337
336
270
237
73
267
240
190
175
155
333
2
19
310
214
144
116
259
147
275
301
260
85
168
211
5
342
290
265
66
334
251
165
127
123
3879
3854
3801
3846
3781
3676
3665
3489
3806
3659
3600
3859
3595
3606
3441
3949
3863
3815
3666
3958
3511
3933
3843
3758
3835
3646
3771
3446
3909
3855
3591
3463
3895
3724
3479
3940
3912
3892
3541
3767
3738
3464
3757
3568
3443
3903
3810
3497
3742
3876
3735
3728
3713
3710
3663
3608
3799
3616
894
893
892
890
889
888
887
886
885
884
883
882
881
880
879
878
877
876
875
874
873
870
867
866
864
861
859
858
856
830
825
823
819
811
810
805
804
803
800
798
776
774
772
769
753
747
719
708
703
697
686
3589
871
865
329
325
248
128
109
82
26
13
1
2838
2437
2204
2528
2441
1956
2545
2106
2405
1933
2100
2487
2245
2562
2523
2034
2402
2170
2076
2085
2535
2448
2357
2388
2411
1957
2554
2455
2657
2097
2025
4023
4020
4004
4038
4037
4036
4035
4034
4033
4032
4029
4028
4027
4025
4024
4022
4021
4019
4018
4017
4016
4015
4013
4012
4010
4009
4008
4007
4003
4000
3999
3998
3997
3996
3995
3992
3991
3990
3989
3988
3986
3984
3983
3982
3566
468
347
346
345
344
343
341
340
338
335
332
331
328
326
323
321
320
319
318
317
316
314
313
312
311
309
308
307
305
303
302
300
299
298
297
296
294
293
291
288
286
284
283
282
281
280
279
278
277
276
274
273
272
271
269
266
264
263
262
261
258
257
256
255
254
253
252
250
249
247
245
244
243
242
241
239
238
236
235
234
233
232
231
230
229
228
227
226
225
224
223
222
221
220
219
218
217
216
212
210
209
208
207
206
205
204
203
201
200
199
197
196
195
193
192
191
188
187
186
185
184
183
182
181
180
179
178
177
176
174
172
170
164
162
161
160
159
158
157
156
153
152
151
149
148
145
143
142
141
140
138
137
135
134
133
132
131
130
129
126
125
124
121
118
117
115
113
112
111
110
108
106
105
104
103
102
101
100
98
96
95
94
93
91
90
89
88
86
84
83
81
80
79
78
77
76
75
72
71
70
69
68
65
62
61
60
59
57
55
54
53
52
51
50
49
48
46
45
44
43
41
40
39
38
37
36
35
31
30
29
28
27
25
23
22
20
18
17
16
15
14
12
11
10
9
8
7
6
4
3
1991
339
324
322
315
304
285
246
213
169
146
122
120
87
67
56
21
3401
2926
3282
2963
3308
2998
2776
2898
2852
2791
3333
3044
3200
3105
3053
3271
2895
2907
3042
3163
3194
3153
3372
3180
3176
2837
3422
3173
3167
3058
3041
2687
2769
3414
2695
3037
3394
3119
2731
2729
3334
2741
3193
2835
3420
2982
2972
3000
2850
2705
2679
2676
3357
3276
3204
3134
2711
3363
3232
3047
2985
2956
2897
2866
2698
2689
3324
3174
3149
3078
2969
2754
2673
3084
2873
2851
2786
2830
2955
2870
2697
3343
3345
3329
3075
2996
2660
2364
2018
2627
2365
2001
2644
2474
2397
2193
2175
2036
1990
2566
2406
2296
2186
2141
1944
2585
1919
3369
3032
2934
3316
3035
2923
2722
3431
3424
3313
3221
2841
3391
3347
3240
3224
3198
2901
2844
2753
2742
2856
2714
2831
2631
2590
2606
2492
2618
2654
2549
2507
2506
2484
2414
2407
2386
2374
2353
2213
2147
2056
1997
1984
1946
2329
2432
2610
2211
2107
2459
2652
2274
2222
2075
2599
2560
2409
2396
2537
2615
2601
2575
2556
2542
2518
2478
2233
2206
2184
2121
2104
2099
2088
1993
1938
3279
3259
3081
3077
2999
2946
2665
3332
3169
3154
3150
2914
3254
2937
2724
2685
3291
3280
3185
3182
3017
2783
2735
2684
2713
3048
2958
2709
3217
3067
2686
3393
3171
3002
2818
2790
3211
3455
3559
3452
3913
3744
3736
3695
3670
3617
3594
3457
3637
3462
3491
3471
3683
3928
3803
3817
3737
3563
3880
3796
3800
3514
3449
3703
3545
3979
3978
3977
3976
3975
3974
3973
3972
3971
3970
3969
3968
3967
3966
3965
3964
3963
3960
3959
3957
3956
3955
3954
3953
3952
3951
3950
3947
3945
3944
3942
3941
3939
3938
3937
3936
3935
3934
3932
3931
3930
3929
3927
3926
3925
3924
3923
3922
3921
3920
3919
3918
3917
3916
3915
3914
3911
3910
3908
3907
3906
3905
3904
3902
3901
3900
3899
3898
3897
3896
3894
3893
3891
3890
3889
3888
3887
3885
3884
3883
3882
3881
3878
3875
3874
3873
3871
3870
3869
3868
3867
3866
3865
3864
3862
3861
3860
3858
3857
3853
3852
3850
3849
3848
3847
3845
3844
3842
3841
3840
3839
3838
3837
3836
3834
3833
3832
3831
3829
3828
3827
3826
3825
3824
3823
3822
3821
3820
3819
3818
3816
3814
3813
3812
3811
3809
3808
3807
3805
3804
3802
3798
3795
3794
3793
3792
3791
3790
3789
3788
3787
3786
3785
3784
3783
3782
3780
3778
3777
3776
3775
3774
3773
3772
3770
3769
3768
3766
3765
3764
3763
3762
3761
3760
3759
3755
3754
3753
3752
3751
3749
3748
3747
3746
3745
3743
3741
3740
3739
3734
3733
3732
3731
3730
3729
3727
3726
3725
3722
3720
3719
3718
3717
3716
3715
3714
3712
3711
3708
3707
3706
3705
3704
3702
3701
3700
3699
3698
3697
3696
3694
3693
3690
3689
3688
3687
3686
3685
3682
3681
3680
3679
3678
3675
3673
3672
3671
3669
3668
3667
3664
3662
3661
3660
3658
3657
3656
3655
3654
3653
3652
3650
3649
3648
3647
3645
3644
3643
3642
3641
3640
3639
3638
3636
3635
3634
3632
3631
3630
3629
3628
3627
3626
3625
3624
3623
3622
3620
3619
3618
3615
3614
3613
3612
3611
3610
3607
3605
3604
3603
3602
3601
3599
3598
3597
3596
3593
3590
3588
3587
3585
3584
3583
3582
3581
3580
3579
3578
3576
3575
3574
3573
3572
3571
3569
3567
3565
3564
3562
3560
3558
3557
3555
3554
3553
3552
3551
3549
3548
3547
3546
3544
3543
3542
3540
3539
3538
3537
3536
3535
3534
3533
3532
3531
3530
3529
3528
3527
3526
3524
3523
3522
3521
3520
3519
3518
3516
3515
3513
3512
3510
3509
3508
3507
3506
3505
3504
3503
3502
3500
3499
3498
3496
3494
3493
3492
3490
3488
3486
3485
3484
3483
3482
3481
3480
3478
3477
3476
3475
3474
3473
3472
3470
3469
3468
3467
3466
3465
3461
3460
3459
3458
3453
3451
3450
3448
3447
3445
3444
3442
3439
3438
698
3779
3621
3592
3586
3550
3517
868
857
1693
3003
2885
189
150
119
64
58
2659
2658
2656
2655
2651
2650
2648
2647
2646
2645
2641
2640
2639
2638
2637
2636
2635
2634
2633
2632
2630
2628
2626
2625
2624
2623
2622
2621
2620
2619
2614
2613
2612
2611
2607
2604
2603
2602
2600
2595
2593
2591
2588
2587
2586
2584
2583
2581
2580
2579
2578
2577
2576
2574
2573
2572
2571
2570
2569
2568
2565
2564
2563
2561
2559
2558
2557
2553
2552
2551
2550
2548
2546
2540
2539
2538
2536
2534
2532
2531
2527
2526
2525
2524
2522
2521
2520
2517
2515
2514
2513
2505
2504
2503
2500
2499
2497
2496
2495
2494
2493
2490
2489
2488
2486
2485
2483
2482
2481
2480
2479
2477
2476
2475
2473
2470
2469
2467
2466
2464
2462
2460
2457
2456
2454
2453
2452
2450
2449
2447
2446
2445
2444
2443
2442
2440
2439
2438
2435
2434
2433
2431
2430
2429
2428
2427
2426
2425
2424
2423
2422
2421
2418
2416
2415
2412
2410
2408
2404
2403
2401
2400
2395
2393
2392
2391
2390
2387
2383
2382
2381
2380
2379
2378
2376
2375
2373
2371
2370
2369
2367
2366
2363
2362
2361
2360
2359
2358
2356
2354
2352
2350
2349
2348
2346
2345
2342
2341
2340
2339
2337
2335
2334
2332
2331
2326
2324
2323
2322
2321
2320
2318
2317
2316
2314
2313
2312
2311
2310
2309
2308
2307
2306
2305
2304
2303
2301
2300
2299
2297
2295
2291
2290
2288
2287
2286
2284
2281
2280
2278
2277
2276
2275
2272
2271
2270
2269
2265
2263
2262
2261
2260
2259
2258
2257
2256
2255
2253
2252
2251
2249
2248
2244
2243
2242
2241
2240
2238
2237
2236
2235
2234
2232
2231
2230
2229
2228
2227
2226
2225
2221
2220
2219
2218
2217
2216
2215
2214
2212
2210
2209
2208
2207
2205
2202
2201
2200
2197
2196
2195
2192
2190
2188
2182
2181
2179
2178
2177
2173
2172
2171
2168
2167
2166
2165
2164
2162
2161
2160
2159
2158
2157
2156
2155
2154
2152
2150
2146
2145
2142
2140
2139
2136
2131
2130
2129
2126
2124
2123
2122
2120
2119
2118
2116
2115
2114
2113
2112
2110
2109
2108
2105
2103
2098
2096
2095
2094
2093
2092
2091
2090
2089
2086
2084
2083
2082
2080
2079
2078
2077
2074
2073
2070
2069
2067
2066
2065
2064
2063
2061
2060
2059
2058
2057
2055
2051
2050
2049
2048
2046
2045
2044
2043
2041
2040
2037
2035
2033
2030
2029
2027
2024
2023
2022
2021
2020
2019
2017
2016
2015
2014
2013
2012
2011
2009
2008
2006
2005
2004
2003
