0
4027
866
3846
3729
801
301
179
138
2595
3885
3560
1096
97
608
3597
674
1466
3748
293
190
294
895
892
749
744
743
717
893
384
3290
240
3853
448
183
255
154
613
447
386
1263
1394
215
114
2857
602
1270
2457
3848
454
3310
3453
648
3798
2651
264
3974
3094
585
3268
3959
2178
550
673
1326
3942
3570
37
1200
1586
572
1455
401
286
377
3230
4022
3413
202
282
1755
4018
1607
638
307
12
4008
2692
42
3134
2885
552
182
3801
2527
2483
145
47
873
879
858
865
878
863
785
712
791
887
877
867
802
789
725
707
788
714
689
884
822
782
768
891
885
881
874
872
871
870
868
859
852
854
733
816
746
734
706
792
886
729
888
735
880
851
846
723
716
772
836
809
855
850
841
839
833
825
818
808
806
804
796
786
783
778
776
775
771
767
763
762
759
757
750
742
736
732
721
710
704
702
699
691
882
876
864
727
817
849
844
829
826
764
838
837
835
819
737
761
741
803
777
696
843
807
747
728
687
793
779
770
740
845
813
799
790
787
758
751
722
720
718
715
698
820
805
739
842
834
794
738
711
701
700
693
853
847
831
823
821
812
810
798
795
784
773
766
760
756
754
752
724
719
713
705
703
690
688
889
861
769
830
828
814
811
797
781
774
755
730
686
856
848
840
827
824
815
800
780
765
748
745
731
726
709
695
694
869
753
708
697
890
832
692
894
883
860
3996
4020
4038
4003
3994
4000
3992
3983
4037
3987
4031
4013
4009
4005
4002
4030
4033
3982
4019
3997
3989
4036
4035
4032
4029
4026
4023
4021
4017
4015
4014
4012
4011
4006
4004
3998
3995
3993
3991
3988
3986
3985
3981
594
3980
4025
4007
3990
4016
4034
4028
4010
4001
3984
4024
3999
3537
3699
3887
3897
3439
3932
3704
3890
3812
3776
3882
3977
3572
3607
3879
3720
3616
3839
3963
3939
3745
2106
3544
3762
3681
3785
3658
3893
3978
3639
3806
3775
3940
3712
3461
3484
3767
3835
3470
3809
3485
3923
3632
3876
3827
3753
3910
3965
3757
3614
3583
3459
3751
3735
3608
3510
3548
3579
3654
3926
3652
3519
3636
3489
3730
3799
3716
3647
3871
3657
3718
3823
3754
3845
3462
3727
3634
3891
3589
3555
3815
3715
3599
3967
3964
3766
3747
3973
3784
3539
3752
3488
3833
3612
3869
3936
3769
3710
3811
3595
3917
3892
3874
3857
3819
3567
3473
3922
3549
3527
3543
3520
3442
3563
3645
3581
3523
3858
3832
3670
3635
3542
3794
3724
3671
3507
3850
3728
3626
3640
3933
3920
3696
3664
3478
3680
3921
3907
3713
3629
3615
3455
3719
3905
3585
3446
3924
3870
3714
3711
3705
3509
3506
3463
3937
3690
3901
3695
3685
3644
3505
3881
3761
3474
3927
3826
3764
3975
3918
3837
3836
3701
3571
3972
3829
3768
3726
3601
3568
3466
3951
3900
3792
3648
3880
3586
3603
3860
3497
3682
3679
3868
3743
3906
3554
3529
3464
3949
3703
2437
3515
3733
3722
3547
3966
3731
3574
3559
3438
3522
3970
3913
3883
3864
3824
3804
3744
3717
3669
3649
3613
3578
3562
3479
3457
3491
857
3800
3707
3637
3605
3565
3545
3517
3477
3950
3902
3672
3621
3550
3480
3475
3471
862
3888
3692
3968
3741
3677
3633
3625
3604
3596
3576
3851
3540
3521
3492
3948
3938
3934
3930
3908
3873
3734
3667
3501
3449
3448
3979
3976
3971
3969
3960
3958
3957
3956
3953
3952
3947
3946
3945
3944
3941
3935
3931
3929
3928
3919
3916
3915
3914
3912
3911
3909
3904
3903
3899
3898
3896
3895
3894
3889
3886
3884
3878
3867
3866
3865
3863
3862
3859
3856
3855
3854
3852
3847
3844
3843
3842
3841
3840
3838
3834
3831
3828
3825
3822
3821
3820
3818
3817
3816
3814
3813
3810
3807
3805
3803
3802
3796
3795
3793
3791
3790
3789
3788
3787
3786
3783
3782
3781
3780
3779
3778
3777
3774
3773
3772
3771
3770
3765
3763
3760
3759
3758
3755
3749
3746
3740
3739
3738
3737
3736
3732
3725
3708
3706
3702
3700
3698
3697
3693
3691
3689
3687
3686
3683
3678
3676
3675
3673
3668
3666
3665
3663
3662
3661
3660
3659
3656
3655
3653
3651
3650
3646
3643
3642
3641
3638
3631
3630
3628
3627
3624
3623
3622
3620
3619
3618
3617
3611
3610
3606
3602
3598
3594
3593
3592
3591
3590
3588
3587
3584
3582
3580
3575
3573
3569
3564
3561
3558
3557
3553
3552
3546
3541
3538
3536
3535
3534
3533
3532
3531
3528
3526
3525
3524
3518
3516
3514
3512
3511
3508
3504
3503
3502
3500
3499
3498
3493
3490
3486
3483
3482
3481
3476
3472
3469
3468
3467
3465
3460
3458
3456
3454
3452
3451
3450
3447
3445
3443
3441
3440
1854
2204
2481
2441
576
3925
3566
3487
3954
3849
3742
3496
3551
3530
476
467
466
1713
1065
1546
1887
1579
3962
3943
3877
3872
3830
3797
3756
3750
3721
3684
3674
3609
3577
3556
3495
3437
1797
3053
3126
3127
3218
2747
2952
3317
3159
3151
2421
1956
2321
2422
2535
1961
2632
2301
2360
2034
1395
647
622
621
578
677
670
640
611
633
681
662
627
675
658
650
643
615
599
582
573
3961
3861
3723
499
379
357
551
453
364
522
685
680
554
424
390
501
399
1057
1362
1762
663
653
636
626
618
617
597
579
1654
644
410
529
470
449
385
535
568
666
656
562
372
437
489
635
557
510
477
505
486
593
504
455
445
574
421
539
512
495
1103
1838
929
1814
1599
1162
1775
1631
1510
1363
1027
1417
1784
1731
1378
935
1442
1315
1817
945
2752
1635
1836
1461
1481
974
1203
1682
1521
1759
1771
937
1108
969
1841
1649
1693
1353
1862
986
1658
938
1005
1443
1743
1592
1727
899
1504
1292
1015
975
1418
1640
1248
1798
1424
992
985
1354
1190
1676
1716
1298
1227
1822
1564
1226
1169
949
1072
1850
1596
1578
1475
1462
1432
1350
1229
1120
994
1893
1324
1104
971
941
1286
1403
956
1506
1860
1728
1655
1413
1067
1009
1371
1583
1479
1235
1100
1044
1036
988
896
1562
1218
1739
1664
1064
1301
1254
1244
1907
1899
1848
1824
1502
1284
1282
1204
984
954
1906
1342
1295
1154
1661
1328
1303
1099
1910
1738
1646
912
1889
1368
1045
1452
1333
1186
963
1872
1680
1591
1448
1438
1426
1379
1279
1892
1733
1468
1232
1118
958
1136
1875
1729
1396
1382
1316
1309
1277
1102
1014
1859
1515
1215
1148
1019
655
639
589
584
503
1025
497
368
352
375
350
683
610
587
570
555
511
413
367
1679
936
559
540
471
409
1533
1865
1858
1202
1567
1433
950
1585
1555
1274
973
1317
1769
1411
1422
1365
1138
1436
1710
1524
1463
1626
1196
1572
1886
1825
1806
1803
1705
1588
1144
1085
970
1653
1198
1116
1779
1819
1866
1719
1641
1421
1088
1789
1184
1877
1340
1149
1054
1537
1457
1833
1614
1538
1516
1207
1632
1497
1407
1891
1290
1511
1307
1711
1569
1364
968
1843
920
1905
1734
1597
1544
1441
1380
1272
1079
1069
1003
972
1397
1078
1048
1827
1810
1737
1735
1721
1689
1668
1623
1603
1439
1416
1344
1339
1337
1302
1293
1242
1230
947
934
1335
1125
1076
946
906
1839
1039
1816
1449
1402
1163
1123
1101
1091
1068
983
1796
1669
1559
1772
1389
1222
1900
1867
1811
1791
1698
1637
1527
1117
1723
1488
1146
1135
1124
959
1868
1768
1736
1717
1688
1662
1605
1571
1563
1520
1509
1456
1214
1156
1047
1040
1622
1594
1256
1056
1026
1805
1741
1480
1398
1388
1331
1305
2926
3305
3401
2790
2769
2962
2855
3141
2788
2776
3190
2990
2762
3326
2811
3371
3153
3275
2803
3103
2942
3260
2770
3200
2852
3171
2721
3194
3203
2713
3308
2997
3147
3055
3128
3083
3405
3193
3428
3422
2705
3155
2891
2789
3346
3176
3068
3024
2728
3223
3014
2830
3130
3059
3105
3416
3161
2957
2967
3279
3262
3048
2882
3189
3060
3391
3373
3343
2707
2697
2983
2914
3180
3418
3009
3294
3322
2949
3065
3382
3311
3144
2848
2698
2675
3246
2820
3077
3301
3213
2917
2810
3234
2745
2717
3380
3252
3235
3113
2832
2722
3238
3000
2741
3329
3229
2888
2915
2896
3169
3102
2894
2778
3173
2878
3208
2898
2836
3367
3117
2680
3118
2845
2797
2774
3421
3393
2759
2733
3036
2837
3430
3414
3286
3237
3121
3012
3377
3327
3316
2681
2676
2861
3254
3046
3135
2743
2787
3209
3041
3013
3072
3152
2662
3232
3220
3195
3085
2940
2928
2919
2916
2906
2884
2872
2827
2757
2669
3435
3362
3174
2987
2969
2815
2729
2679
3349
3424
3389
2954
2736
2889
2929
2924
3206
3070
3049
3007
2661
3222
3369
3253
3236
3087
2918
3101
3075
2965
3150
3339
3226
3142
3108
3064
3047
3023
3022
2985
2966
2960
2945
2920
2909
2908
2905
2897
2866
2782
2755
2706
2694
2666
3378
3320
3299
3274
3215
3160
3116
3058
2946
2936
2853
2846
2687
3054
2986
2925
2754
2825
2696
3181
3131
3257
3231
3137
2988
2821
3365
3359
3307
3086
3043
2947
