0
3990
699
286
209
1693
656
891
81
892
798
4015
4035
4024
4034
4032
4025
3989
74
43
335
210
3183
1145
1466
3935
3974
2596
1581
1096
18
3820
550
215
3570
33
256
3407
90
401
3885
3875
1270
160
3006
1176
1065
648
183
2704
379
3134
138
2740
1046
2483
904
3744
2168
1546
2442
1002
327
201
3565
1856
2971
27
2692
3290
1521
3887
868
2527
1760
744
179
145
42
233
801
875
4013
717
743
841
859
883
692
846
855
854
667
785
775
749
686
687
688
693
694
695
696
697
698
701
703
705
706
708
709
711
713
718
719
720
722
723
724
726
727
728
731
732
734
737
738
739
741
742
745
747
748
751
752
753
754
755
758
760
764
766
768
769
770
771
772
773
774
777
778
779
780
781
783
784
787
792
793
795
797
800
803
804
805
806
807
809
810
814
815
817
818
819
820
822
823
824
827
828
829
830
831
833
834
835
837
838
839
840
842
843
844
845
847
848
849
853
856
878
712
714
729
730
762
763
765
782
789
794
836
889
736
759
799
826
707
863
876
715
716
786
813
861
808
756
816
850
821
690
888
746
702
761
811
882
689
733
880
886
767
725
740
776
710
791
812
700
796
869
885
890
867
872
691
874
873
871
881
870
825
887
895
879
721
704
735
802
864
858
866
851
788
790
877
832
894
884
893
852
757
750
4010
594
4029
4012
4022
4028
4036
4001
3984
3987
4008
4011
4033
4006
3983
4037
3996
4005
3986
4020
3993
4027
3999
3992
3991
3980
3982
3998
4023
4030
4038
4014
3997
4031
4021
3995
4004
3994
4009
4026
4000
4019
3981
4017
4002
3988
4018
3985
4003
4007
4016
1560
37
3709
358
624
292
3071
3650
638
3729
3230
2079
447
602
12
3453
287
2457
1206
3853
911
2269
608
3451
674
607
15
1834
3856
2195
613
2842
585
3798
3748
2569
918
114
1386
3031
668
2470
1119
11
3268
642
3746
244
581
282
3846
47
241
377
255
1224
205
52
2788
468
443
3808
3732
1690
216
2857
3589
3408
3922
1233
153
2792
154
3959
316
1967
1395
3942
70
3807
2814
2691
2541
1755
267
234
1262
279
305
3704
1854
3854
3037
1276
3879
3282
3125
2382
1558
1326
860
35
1394
1430
3688
1586
182
301
3801
386
2595
157
383
1208
1627
356
155
97
253
1027
3717
411
49
3691
3733
1071
3560
293
71
2808
1253
76
899
112
3816
61
3597
3413
2178
2922
1252
454
3689
240
294
660
2798
3955
3467
3811
1353
3575
164
3699
499
247
3928
2380
1194
207
2998
2481
191
2952
1105
336
228
3375
571
2860
321
1034
2722
2975
2714
1362
448
3582
2106
174
3954
192
307
124
3121
120
1996
467
865
1762
270
453
3494
3781
2565
384
262
3946
552
1937
3537
220
3147
3003
1383
572
3143
1510
1651
206
2204
1713
945
1969
190
166
3939
3673
1022
202
288
3619
3865
1031
652
3765
2817
2838
289
3897
3653
2963
2441
1474
3953
3686
3965
125
3978
3952
3910
1200
406
3882
673
2855
3588
996
530
3271
2885
1890
1711
1797
3055
3074
472
3742
2774
3127
193
3544
464
3694
910
3489
2422
1607
3676
351
2437
283
264
3844
1657
1442
2505
1776
1264
3637
349
3310
3805
1476
1057
110
3227
929
593
245
3678
3305
2431
2230
1295
152
3890
34
3444
2219
1777
3849
3839
3787
1038
2980
1346
1157
2736
2634
2015
1486
485
3606
610
250
1417
1147
371
219
3429
1455
2167
3925
649
235
95
46
3795
671
562
3059
147
1579
6
1354
3665
2824
3848
3477
3661
1240
77
498
2580
533
2776
1133
3970
229
2100
102
3724
2721
1254
1838
3806
3963
3749
390
1301
269
3936
476
163
2899
2884
3745
3217
2517
1664
63
3447
3751
3091
655
2358
340
3977
3727
3632
3513
3457
365
1168
3859
3432
3370
2671
117
32
3175
2375
1855
1792
1297
1087
3660
3441
1151
987
3893
2767
3044
2493
86
1498
3372
1263
44
3161
2621
1759
1974
1924
151
2017
2388
2321
259
3911
2902
3270
2528
480
263
189
3216
3941
3424
3961
2752
2456
126
3923
3908
8
3904
3899
3813
3652
2632
2421
2263
1701
657
131
3181
2651
91
89
3864
3716
3700
3669
2094
2008
1552
393
319
260
129
3165
1654
296
51
3317
621
3552
3445
3389
3131
2811
2732
586
549
338
64
2245
3333
311
300
208
167
3436
3336
2256
1202
3600
1372
1058
3834
3789
3159
3094
1414
937
317
237
230
83
3180
985
679
3428
1956
399
347
3916
3266
2548
2227
1008
935
923
243
3771
3323
3126
3045
2930
2805
2041
532
441
60
3812
3251
1865
1506
3376
333
162
3901
3398
2034
1961
306
54
3871
3585
3502
3030
1053
217
78
3843
3723
3548
2903
1103
218
3932
3755
3754
2898
2182
1162
540
501
181
3905
3827
3607
2175
1248
93
