107
739
242
3490
4030
47
4038
4019
3848
3641
214
890
882
2817
2245
3053
2621
2767
3376
2281
91
279
157
3798
2
4035
3610
3574
3624
3572
3457
3530
4004
3739
237
3768
175
3546
3632
190
879
187
4005
744
725
674
1466
2842
1627
2595
1326
3271
95
453
3372
384
393
3689
2732
3003
1383
2441
2860
996
2321
2721
956
955
1792
3270
2834
1461
3030
1599
1708
3099
2685
1874
2923
2162
1228
2889
58
3427
3105
3445
3700
3141
3218
2094
2634
3676
3742
3844
2776
3787
6
234
321
3704
49
3875
233
255
15
811
4002
870
867
4010
865
4028
3567
3594
3465
3622
3832
3533
3735
4007
3623
3535
3478
3674
3542
3693
3714
3460
3907
124
93
3607
3583
3876
3579
3817
3668
3663
3532
3884
3505
3937
3447
3720
3548
23
3880
3543
857
3650
3653
3582
3908
171
106
3888
3487
189
163
3865
3652
3446
3686
164
3932
195
2774
3897
138
3922
4020
4008
3999
3983
173
3899
3597
131
3963
160
71
84
3920
3712
139
83
328
218
76
4029
4015
3779
3895
344
54
3904
341
251
3770
3523
59
123
866
3990
39
4016
702
785
750
735
869
791
700
790
771
786
740
875
821
799
756
692
836
891
693
831
734
737
749
4011
624
3451
1119
3031
668
3071
447
145
179
1096
3820
3230
638
608
602
2457
205
358
2788
401
3808
581
1105
2857
2106
3879
1065
2814
499
2481
1558
1252
2178
467
1546
166
1430
3745
1760
1353
383
1233
441
1967
289
3121
1776
3413
2565
564
275
532
2380
2722
1362
1240
2017
2431
1442
3227
2971
2671
2034
3322
1969
652
1157
649
1016
3429
1038
1664
2805
2263
485
1133
3305
1168
3401
1417
1030
1974
2651
3128
480
3217
2439
621
3389
2926
3175
3398
3044
390
1193
3165
1640
478
1372
679
1248
3266
3028
1203
2678
2898
1865
3235
1775
1905
2895
2514
2217
1822
385
1631
631
1490
449
3088
2515
2791
2424
2265
2983
1933
2942
3133
2961
2949
505
405
1094
2238
491
2695
2513
1000
1441
629
2723
1251
2821
2700
1434
551
1748
528
2070
665
3352
1005
2962
970
1594
1829
612
2119
3357
357
1481
3409
681
914
413
3110
603
1397
1317
3171
677
1152
3189
3276
2918
474
2859
1419
3199
1667
2427
1648
1319
2761
609
1837
3100
1215
463
1846
531
1131
1568
1307
977
359
489
680
2999
3431
2734
1588
1241
1575
1450
1410
1988
1566
2570
1356
2622
3208
3057
2426
1860
407
1518
584
920
2766
382
3402
2941
3309
3318
639
1134
3382
2879
2972
3283
1477
1814
3269
3425
221
2725
1731
534
909
3671
1162
1043
2456
3338
1896
3539
63
100
2041
3859
437
3871
1111
2824
283
3531
3669
2487
1254
3637
3789
3122
2861
3946
3441
207
3887
306
3544
