0
3992
703
2269
642
692
1206
215
411
253
3729
3922
241
160
892
875
883
47
2470
3071
3984
1145
3853
918
3650
607
2079
656
294
3006
3820
1581
1558
3230
447
3746
2722
3816
3290
3451
1586
2441
4010
4022
1119
2569
37
15
674
1996
3939
1834
1854
279
3407
602
608
1386
2457
167
305
464
3709
1194
356
581
879
870
874
895
893
889
886
882
881
873
871
860
859
858
716
884
864
796
888
878
876
863
861
729
887
885
877
872
867
757
785
839
818
689
822
793
744
782
811
890
753
721
740
797
723
812
880
855
717
826
700
869
856
800
687
779
768
720
698
817
813
751
727
843
835
807
799
763
755
738
728
715
693
845
795
854
852
851
850
849
846
844
841
840
838
837
833
832
825
819
816
809
808
806
804
803
802
792
791
790
789
788
787
783
776
775
772
771
770
769
767
765
764
762
761
759
758
756
750
749
748
746
745
743
741
739
735
734
733
732
730
725
718
714
712
709
707
704
702
701
699
691
836
823
747
737
766
848
820
814
794
786
778
777
760
752
742
736
708
697
695
688
853
847
842
834
831
830
829
828
827
824
815
810
805
798
784
781
780
774
754
731
722
719
713
711
710
706
705
696
690
686
773
726
724
694
821
868
894
866
865
891
801
4028
3996
3981
3989
4011
4020
4002
4025
4007
4029
4023
4018
4009
3994
3982
3998
4038
4037
4036
4035
4034
4033
4031
4027
4019
4016
4015
4013
4008
4006
4005
4004
4003
4001
3999
3997
3995
3993
3990
3988
3987
3986
3985
4030
4026
4021
4014
4000
3983
3980
4017
667
4024
3991
594
4032
4012
3699
3952
3652
3887
3946
3781
3565
3975
3476
3582
3806
3653
3805
3686
3928
201
245
2952
3619
3513
3439
3502
3660
3954
3742
3799
3616
3784
3864
3893
3572
3885
3914
3973
3720
3632
3544
3571
3846
3812
3727
3638
3579
3763
3911
3970
3909
3826
3569
3899
3759
3757
3489
3537
3960
3641
3643
3969
3558
3636
3772
3659
3818
3764
3718
3631
3555
3509
3706
3463
3663
3500
3695
3481
3642
3719
3678
3919
3649
3691
3905
3682
3908
3681
3817
3819
3657
3782
3601
3532
3499
3758
3614
3459
3467
3662
3866
3786
3768
3568
3468
3979
3936
3666
3482
3472
3670
3635
3578
3557
3958
3707
3770
3507
3506
3752
3840
3685
3530
3583
3903
3711
3648
3584
3486
3458
3702
3640
3690
3617
3883
3639
3696
3607
3637
3469
3917
3892
3874
3871
3857
3940
3767
3837
3836
3701
3519
3956
3945
3895
3634
3612
3529
3466
3460
3443
3778
3769
3753
3603
3462
3860
3730
3497
3894
3679
3624
3490
3628
3941
3921
3918
3865
3850
3791
3722
3715
3710
3698
3597
3553
3505
3536
443
2714
3944
3604
3563
3930
3824
3731
3574
3683
3852
3831
3520
3492
3839
3828
3916
3891
3847
3942
3738
3554
3950
3672
3573
3496
3480
3889
3760
3475
3943
3884
3873
3842
3756
3750
3697
3687
3654
3618
3449
3448
3438
3734
3703
3596
3576
3721
3633
3495
81
162
149
20
228
182
282
131
262
154
181
78
259
91
8
205
52
36
263
225
86
46
293
202
143
68
42
137
93
14
230
61
343
310
214
140
115
319
116
336
54
187
299
330
254
300
266
242
153
76
77
314
69
270
59
274
124
139
57
317
298
257
65
237
84
51
2998
2895
2899
3180
3099
3292
3322
2898
2855
2811
3088
2732
2776
3282
2930
2902
3083
2886
3122
3105
2861
3095
3028
2767
3227
2794
3430
2918
3429
3144
3424
2771
2726
2831
3413
3127
2803
3333
3428
3121
3354
3050
3045
2769
3272
2667
3225
3074
3014
3315
3286
2961
3052
2965
3175
2762
3194
3148
2846
2770
3229
2888
2664
2663
2819
3394
3166
3025
2766
3103
3383
2715
3106
3009
3422
2853
3402
2666
3352
3209
2687
3241
3130
2978
2851
2749
3414
3023
2948
2891
2695
3323
3325
3318
3309
2972
2703
2751
2806
2673
2927
2815
3238
3237
3129
3123
3084
2993
2931
2862
2854
2810
2743
2731
2681
3417
3384
3257
2987
2953
2915
2887
2763
2741
3364
3250
3195
3184
3096
2897
2867
3264
3192
3382
3311
2982
2959
2879
3390
3362
3348
3284
3174
3104
3004
2986
2974
2969
2960
2880
2864
2800
2782
2698
3357
3276
3134
3048
3328
3249
2843
3224
3368
3012
3214
3551
3487
3880
3779
3978
3977
3976
3974
3972
3971
3968
3967
3966
3965
3964
3963
3962
3959
3957
3955
3953
3951
3949
3947
3938
3937
3935
3934
3933
3932
3931
3929
3927
3926
3925
3924
3923
3920
3915
3913
3912
3910
3907
3906
3904
3902
3901
3900
3898
3896
3890
3888
3882
3881
3879
3878
3876
3875
3872
3870
3869
3868
3867
3863
3862
3861
3859
3858
3855
3849
3848
3845
3844
3843
3841
3838
3835
3834
3833
3832
3830
3829
3827
3825
3823
3822
3821
3815
3814
3813
3811
3810
3809
3807
3804
3803
3802
3801
3800
3798
3797
3796
3795
3794
3793
3792
3790
3789
3788
3787
3785
3783
3780
3777
3776
3775
3774
3773
3771
3766
3765
3762
3761
3755
3754
3751
3749
3747
3745
3743
3741
3740
3739
3737
3736
3735
3733
3732
3728
3726
3725
3724
3723
3717
3716
3714
3713
3712
3708
3705
3704
3700
3694
3693
3689
3688
3680
3676
3675
3674
3671
3669
3668
3667
3665
3664
3661
3658
3656
3655
3647
3646
3645
3644
3630
3629
3627
3626
3625
3623
3622
3621
3620
3615
3613
3611
3610
3608
3606
3605
3602
3600
3599
3598
3595
3594
3593
3591
3590
3589
3588
3587
3586
3585
3581
3580
3577
3575
3570
3567
3566
3564
3562
3560
3559
3556
3552
3549
3548
3547
3546
3545
3543
3542
3541
3539
3538
3535
3534
3533
3531
3528
3527
3526
3525
3524
3523
3522
3521
3518
3517
3516
3515
3514
3512
3511
3510
3508
3504
3503
3498
3494
3493
3491
3488
3485
3484
3483
3479
3478
3477
3474
3473
3471
3470
3465
3464
3461
3457
3455
3452
3450
3447
3446
3445
3444
3442
3441
857
635
576
675
647
628
650
632
627
577
453
476
1208
1264
2893
3369
3343
3242
2868
3329
3321
2772
3391
3120
3128
2923
3156
2949
3420
3375
2688
3102
2733
3254
2847
2735
3371
3307
2848
3365
3312
3287
3217
3067
2768
2858
3285
2876
3085
3056
3033
2924
2896
2757
2680
3359
3356
3176
2711
2662
3159
2690
2820
2697
2671
3412
3379
3273
3203
3086
2921
2892
2758
1394
3948
3886
3877
3851
3692
3684
3677
3651
3609
3592
3561
3550
3540
3501
3456
3440
862
1252
100
318
269
48
346
341
338
337
333
328
327
326
321
320
316
312
311
309
307
306
296
292
289
287
286
284
283
278
275
273
268
264
258
255
244
243
240
234
229
227
226
220
219
218
216
210
209
206
195
194
193
192
191
190
184
183
180
179
177
175
174
166
163
157
155
152
151
147
146
144
138
135
134
132
130
117
112
111
110
102
101
99
97
95
92
89
83
82
79
73
71
50
49
44
41
39
33
32
29
28
27
24
23
19
18
17
16
12
6
4
2
148
22
301
260
250
133
126
118
104
88
45
38
1
329
302
288
158
105
94
221
208
196
164
10
345
303
249
204
178
96
80
53
239
142
125
106
295
272
85
344
297
281
280
224
176
128
123
25
5
3
247
211
185
342
334
331
313
291
290
276
265
261
238
231
222
207
199
172
141
113
98
75
72
62
60
30
26
332
325
323
304
277
271
252
251
248
236
235
232
223
212
203
200
197
188
186
170
165
161
159
127
121
109
108
67
66
55
40
13
9
347
340
308
168
129
87
31
3274
3182
3116
3060
2672
3246
2934
3415
3157
3039
2958
2894
3416
3347
3297
3277
3199
3113
3035
3016
3133
3256
3107
3061
2984
2946
2685
3360
3018
2954
2836
2700
2678
3353
3332
3302
3296
3261
3206
3146
3115
3110
3082
3076
3027
3021
3007
2992
2970
2875
2796
3385
3150
3436
3435
3434
3433
3431
3427
3426
3425
3423
3421
3419
3418
3411
3409
3408
3406
3405
3403
3401
3400
3399
3398
3397
3396
3395
3393
3392
3389
3388
3387
3386
3381
3380
3378
3377
3376
3374
3373
3372
3370
3367
3363
3358
3355
3351
3350
3349
3346
3345
3344
3342
3341
3340
3339
3338
3337
3336
3335
3334
3330
3327
3326
3324
3320
3317
3316
3314
3313
3310
3308
3306
3305
3303
3301
3300
3299
3298
3294
3293
3291
3288
3283
3281
3280
3279
3275
3271
3270
3269
3267
3266
3265
3262
3260
3259
3255
3253
3252
3251
3247
3244
3243
3240
3239
3236
3235
3234
3232
3231
3228
3226
3223
3221
3220
3219
3218
3216
3215
3213
3212
3211
3210
3208
3207
3204
3202
3200
3198
3197
3196
3193
3191
3190
3189
3188
3187
3185
3183
3181
3177
3172
3171
3170
3169
3167
3163
3162
3161
3160
3158
3155
3154
3153
3152
3151
3149
3147
3145
3142
3141
3140
3139
3138
3137
3136
3135
3132
3131
3126
3125
3124
3119
3118
3117
3114
3112
3109
3108
3098
3094
3093
3092
3091
3090
3089
3087
3081
3080
3078
3077
3075
3073
3072
3070
3069
3068
3066
3065
3064
3063
3062
3059
3058
3055
3054
3053
3051
3049
3047
3046
3044
3043
3042
3041
3040
3038
3036
3032
3031
3030
3029
3026
3024
3022
3019
3017
3015
3013
3010
3008
3002
3001
3000
2997
2996
2995
2994
2991
2990
2989
2988
2985
2983
2981
2980
2977
2975
2973
2967
2966
2963
2957
2956
2955
2951
2950
2947
2945
2944
2943
2942
2940
2939
2938
2937
2936
2935
2933
2932
2929
2928
2926
2925
2922
2920
2919
2917
2916
2914
2913
2912
2911
2910
2909
2908
2907
2906
2905
2904
2903
2901
2900
2890
2889
2884
2882
2881
2878
2877
2874
2873
2872
2871
2870
2866
2865
2863
2860
2859
2856
2852
2850
2849
2845
2844
2842
2841
2840
2839
2837
2835
2834
2833
2832
2830
2829
2828
2827
2824
2823
2821
2818
2817
2816
2813
2812
2809
2807
2805
2804
2802
2801
2799
2798
2797
2795
2793
2791
2790
2789
2788
2787
2786
2785
2784
2783
2781
2780
2779
2778
2777
2774
2773
2765
2764
2761
2759
2756
2755
2754
2753
2750
2748
2747
2746
2745
2744
2742
2740
2739
2738
2737
2736
2730
2729
2728
2727
2723
2721
2720
2719
2718
2717
2716
2713
2712
2710
2709
2708
2706
2705
2702
2701
2699
2696
2694
2692
2689
2686
2684
2683
2682
2679
2676
2675
2674
2670
2669
2668
2665
2661
3165
3079
3020
2964
2734
3005
2968
2822
2760
1395
1053
1354
943
682
678
3961
3454
3437
663
584
685
684
681
679
672
670
668
665
662
661
659
658
657
649
648
643
640
639
