0
699
4024
602
1466
3853
3935
1690
3798
443
4015
4012
3991
1560
43
3709
3031
891
11
292
244
335
321
215
801
581
624
401
2714
1581
3854
1967
608
1145
3885
447
270
377
160
316
3121
42
4010
3183
12
1270
875
3071
2457
585
3974
358
255
1096
2565
642
282
4013
3983
3985
4037
4025
4004
4017
4000
4026
4030
4014
4003
3981
4019
4018
4009
3999
4038
4036
4034
4033
4031
4029
4027
4022
4021
4020
4016
4011
4008
4007
4005
4001
3997
3995
3994
3993
3992
3990
3989
3988
3986
3984
3982
594
4023
3998
3980
4002
3996
4028
3987
4035
4032
717
895
858
874
894
872
767
855
852
839
892
889
887
886
885
884
883
882
881
879
878
877
873
871
870
867
866
859
729
802
791
789
854
850
841
806
790
788
785
776
775
757
746
744
743
736
732
725
714
712
707
702
692
691
689
893
888
876
864
863
861
825
753
851
811
735
804
832
720
750
740
763
716
710
779
704
831
768
759
809
793
798
756
723
846
845
822
796
733
848
727
880
765
687
838
837
792
761
739
709
703
813
690
783
771
734
774
700
698
711
820
812
827
826
821
795
786
833
819
818
817
816
815
782
772
751
742
721
701
697
686
890
869
856
840
800
797
769
755
730
849
843
836
835
828
810
808
807
803
799
787
773
770
764
762
758
754
748
747
741
737
731
728
722
715
693
853
847
844
794
780
778
777
752
719
718
706
696
694
688
842
834
830
829
824
823
814
805
784
781
766
745
738
726
724
713
708
705
695
760
749
3691
3875
3704
3607
3657
4006
2321
2580
3689
3688
3928
3575
3661
3736
3619
3671
3978
3523
3717
3560
3467
3652
3887
3821
3807
3653
3973
3895
3660
3612
3701
3579
3561
3787
3720
3846
3727
3444
3865
3954
3465
3572
3755
3669
3654
3768
3622
3483
3806
3476
3544
3537
3772
3641
3862
3815
3699
3647
3694
3590
3850
3686
3888
3589
3539
3494
3975
3965
3774
3843
3834
3919
3826
3792
3646
3643
3591
3897
3963
3949
3939
3785
3635
3497
3623
3524
3810
3758
3564
3795
3610
3499
3777
3601
3468
3837
3836
3832
3627
3904
3566
3507
3718
3864
3960
3933
3920
3783
3747
3696
3587
3478
3921
3903
3584
3458
3905
3662
3531
3676
3707
3658
3527
3976
3969
3900
3855
3833
3794
3714
3706
3569
3898
3649
3639
3594
3481
3485
3967
3829
3738
3602
3917
3874
3595
3567
3541
3845
3927
3617
3951
3924
3680
3506
3934
3891
3881
3793
3763
3880
3673
3790
3605
3528
3894
3682
3868
3743
3725
3915
3909
3859
3593
3466
3867
3835
3753
3715
3698
3685
3636
3615
3553
3508
3505
3538
3932
3799
3513
3522
3702
3908
3860
3804
3687
857
3723
240
190
164
183
97
338
283
228
152
2517
340
2270
2621
1956
2130
2562
2219
2456
2439
2431
2263
2051
2041
2535
2238
1977
2486
1992
1949
2342
2513
1924
2466
2444
2076
2545
2146
2402
2181
2070
2558
2227
2168
2245
2383
2105
2082
2566
2618
2437
2488
1960
2421
2287
2311
2152
2574
2306
1957
2197
2119
2454
2166
2192
2050
2359
2164
2067
2644
2248
2577
2085
1946
2424
2160
2126
2120
2027
2013
2025
2520
2276
2109
1929
2172
2154
2115
2077
2341
2156
2097
2022
2006
1927
2549
2500
2414
2376
2354
2339
2271
2258
2213
2056
1963
2447
2018
2202
2591
2556
2507
2467
2418
2356
2299
2179
2121
2086
2083
2074
1984
1983
2448
2361
2329
2584
2393
2391
2092
2214
2646
2628
2641
2503
2474
2453
2416
2411
2231
2193
2173
2630
2619
2593
2430
2423
2308
2300
2188
2104
2103
2058
2046
1938
1607
3455
3621
3831
3926
3556
3526
3930
3712
3547
3667
3484
3929
3611
3448
3672
3573
3552
3521
3496
3950
3737
3625
3563
3512
3968
3948
3943
3889
3884
3873
3841
3449
3438
3938
3851
3842
3780
3600
3576
3979
3977
3972
3971
3970
3966
3964
3961
3959
3958
3957
3956
3955
3953
3947
3946
3945
3944
3942
3941
3940
3937
3936
3931
3925
3923
3922
3918
3916
3914
3913
3912
3911
3910
3907
3906
3902
3901
3899
3896
3893
3892
3890
3883
3882
3879
3878
3877
3876
3871
3870
3869
3866
3863
3861
3858
3857
3852
3849
3848
3847
3844
3840
3839
3838
3830
3828
3827
3825
3824
3823
3822
3819
3818
3817
3816
3814
3813
3812
3811
3809
3805
3803
3802
3801
3800
3796
3791
3789
3788
3786
3784
3782
3781
3778
3776
3775
3773
3771
3770
3769
3767
3766
3765
3764
3762
3761
3760
3759
3757
3756
3754
3752
3751
3749
3746
3745
3744
3742
3741
3740
3739
3735
3734
3733
3732
3731
3730
3729
3728
3726
3724
3722
3719
3716
3713
3711
3710
3708
3705
3703
3700
3697
3695
3693
3690
3683
3681
3679
3678
3675
3674
3670
3668
3666
3665
3664
3663
3659
3656
3655
3648
3645
3644
3642
3640
3638
3637
3634
3632
3631
3630
3629
3628
3626
3624
3620
3618
3616
3614
3613
3608
3606
3604
3603
3599
3598
3597
3596
3592
3588
3586
3585
3583
3582
3581
3580
3578
3574
3571
3570
3568
3565
3562
3559
3558
3557
3555
3554
3551
3549
3548
3546
3545
3543
3542
3540
3536
3535
3534
3533
3532
3530
3529
3520
3519
3518
3517
3516
3515
3514
3511
3510
3509
3504
3503
3502
3500
3498
3493
3492
3491
3490
3489
3488
3486
3482
3480
3479
3477
3475
3474
3473
3472
3471
3470
3469
3464
3463
3462
3461
3460
3459
3457
3454
3453
3452
3450
3447
3446
3445
3443
3442
3441
3439
3872
3779
3721
3495
3456
868
865
383
672
588
621
666
603
597
573
576
586
679
578
632
599
681
675
670
659
643
640
627
592
579
574
3487
610
406
386
529
429
590
485
466
356
371
421
362
501
571
486
682
657
653
644
631
619
372
543
413
568
519
509
683
669
521
455
495
442
562
470
403
361
306
311
45
208
212
206
182
195
78
222
80
52
221
139
243
95
46
310
93
32
2337
2284
2225
1995
1991
135
140
44
41
17
229
197
57
36
163
177
102
330
266
249
24
264
193
246
278
231
1
165
132
121
263
308
96
268
265
207
60
13
26
146
320
299
130
88
54
53
334
274
239
203
133
113
313
105
248
339
252
129
84
25
331
236
178
267
230
124
61
51
293
175
261
172
118
82
29
149
28
332
67
342
322
295
277
200
170
161
148
141
134
21
3
259
245
201
304
213
103
22
89
315
204
180
156
122
275
273
181
343
326
312
20
2175
2514
2654
2638
2623
2615
2573
2561
2559
2551
2495
2489
2428
2369
2363
2334
2309
2290
2253
2206
2190
2150
2139
2098
2078
2073
2055
2043
2030
2021
1997
2531
1913
2611
2478
2449
2044
1982
2426
1988
2305
2233
2142
2452
2425
2155
2310
2660
2640
2364
2581
2296
2242
2211
2209
2226
2061
1968
2400
2312
2438
2057
2568
2429
2427
2137
1981
2635
2259
2096
2610
2525
2366
2205
1964
2415
2235
2110
2627
2009
1972
1935
1931
2524
2390
2243
2222
2161
2062
2571
2537
2379
2367
2247
2232
2007
1923
2318
2273
1970
1952
1854
462
560
350
416
324
64
1326
1777
554
504
477
449
439
435
426
415
407
2533
2516
2501
2250
2138
2659
2658
2657
2656
2655
2652
2651
2650
2648
2647
2645
2639
2637
2636
2634
2633
2632
2631
2626
2625
2624
2622
2620
2614
2613
2612
2607
2606
2605
2604
2603
2602
2601
2600
2599
2595
2590
2587
2586
2585
2583
2579
2578
2576
2575
2572
2570
2569
2564
2563
2560
2557
2555
2554
2553
2552
2550
2548
2546
2542
2541
2540
2539
2538
2536
2534
2532
2530
2528
2527
2526
2523
2522
2521
2518
2515
2511
2506
2505
2504
2502
2499
2497
2496
2494
2493
2492
2490
2487
2485
2484
2483
2482
2481
2480
2479
2477
2476
