0
846
4007
4022
883
3974
1208
179
3897
624
233
3798
607
3143
74
744
401
3885
358
377
3935
286
875
855
267
1119
44
472
8
3922
273
4011
3996
3992
3856
2774
2952
1762
652
581
3489
244
2963
2860
321
1096
2457
918
3952
27
63
3811
3748
1466
2269
2483
3941
3125
1027
3946
860
2971
3716
145
1046
2094
3665
2975
216
292
1510
3453
4034
97
656
4029
2704
3965
3887
3987
95
35
301
468
1693
1394
1974
1546
3031
3183
700
841
379
613
234
43
2842
1755
2634
124
572
3570
3375
2714
1664
660
891
210
1031
3853
585
3709
3230
154
11
1558
3899
602
3686
81
1854
245
454
1362
1607
467
453
3781
2527
54
356
852
717
383
256
3908
1105
1002
1890
594
4013
4006
4019
4031
4018
4009
3985
3989
3994
4004
4002
4038
4003
3988
3986
4035
4033
4032
4030
4027
4026
4024
4023
4021
4017
4015
4012
4010
4008
4005
4000
3999
3998
3997
3995
3993
3991
3983
3981
4020
4014
3982
3980
4037
4001
4016
4025
4036
4028
3990
3984
667
791
712
691
789
725
822
806
802
714
743
746
788
732
702
850
866
812
785
711
723
832
750
704
795
813
767
793
781
755
715
771
821
833
816
814
690
794
710
854
839
836
818
808
801
796
790
786
784
783
782
777
775
772
762
757
756
751
749
742
740
736
734
733
716
707
701
699
692
689
847
778
696
792
843
817
809
787
779
730
884
861
895
881
825
848
837
709
851
849
826
780
754
737
728
706
693
845
810
761
705
853
805
752
739
738
688
798
831
807
803
797
773
770
763
758
745
741
718
687
804
842
829
824
820
815
799
768
764
759
726
722
720
890
844
835
834
827
766
760
748
731
727
724
721
713
695
694
686
886
889
882
869
838
830
823
819
765
753
735
708
703
893
888
880
871
864
863
840
828
811
800
774
769
747
729
719
697
878
856
698
876
776
874
872
858
885
877
873
894
887
879
870
867
859
892
868
865
3565
3477
3910
3660
3823
3890
3708
3759
3441
3771
3585
3770
3816
3766
3655
3878
3588
3932
386
3482
3733
3637
3801
3587
3957
3960
3641
3937
3786
3539
3976
3700
3848
3638
3956
3515
3657
3500
3653
3958
3837
3774
3701
3571
3476
3787
3923
3949
3969
3509
3870
3927
3821
3869
3826
3591
3738
3696
3977
3643
3903
3711
3498
3803
3893
3600
3732
3694
3745
3972
3529
3855
3782
3569
3558
3463
3443
3975
3675
3519
3465
3706
3486
3810
3764
3794
3662
3624
3490
3912
3868
3857
3812
3705
3468
3446
3698
3768
3623
3483
3695
3649
3719
3671
3648
3630
3747
3685
3598
3472
3898
3535
3532
3613
3581
3481
3933
3920
3809
3783
3776
3595
3753
3945
3761
3726
3561
3474
3460
3895
3634
3617
3466
3825
3793
3763
3758
3564
3900
3584
3506
3493
3769
3580
3743
3936
3850
3835
3740
3735
3678
3553
3739
3725
3567
3541
3808
3916
3461
3876
3827
3802
3778
3773
3728
3713
3775
3505
3979
3661
3799
3520
1760
2691
3310
3281
2732
2767
2857
3216
3389
3436
3190
2895
3428
3130
3404
3376
3153
3312
3242
2878
3961
351
437
364
198
501
411
491
532
2942
2682
3832
3861
3645
3601
3555
3659
3592
3681
3839
3921
3815
3722
3715
3710
3772
3883
3880
3813
3691
3562
3516
3467
3574
3642
3543
3973
3970
3967
3964
3963
3955
3951
3947
3942
3940
3939
3934
3931
3925
3924
3919
3918
3917
3915
3911
3909
3907
3906
3905
3904
3902
3901
3896
3894
3892
3891
3881
3875
3874
3871
3867
3866
3865
3864
3863
3862
3859
3854
3849
3847
3846
3844
3843
3840
3836
3834
3833
3829
3822
3820
3819
3818
3814
3806
3792
3791
3789
3784
3777
3767
3757
3755
3754
3752
3751
3749
3746
3744
3742
3729
3727
3724
3720
3718
3717
3714
3690
3689
3688
3682
3680
3679
3676
3673
3669
3668
3666
3664
3663
3652
3647
3646
3644
3639
3636
3631
3629
3626
3622
3620
3619
3616
3615
3614
3612
3610
3608
3607
3606
3603
3602
3599
3597
3594
3593
3589
3583
3582
3579
3572
3568
3554
3551
3549
3546
3538
3537
3536
3534
3531
3530
3527
3526
3524
3523
3513
3511
3510
3508
3507
3504
3503
3502
3499
3494
3487
3479
3478
3473
3470
3469
3464
3459
3458
3455
3450
3447
3445
3444
3442
3439
3628
3547
3544
3805
3712
3573
3522
3512
3672
3703
3559
3521
3496
3457
3804
3731
3452
3779
3926
3860
3858
3762
3730
3702
3670
3658
3514
3788
3765
3454
3737
3913
3790
3785
3687
3654
3627
3557
3542
3528
3518
3497
3488
3480
3760
3484
3966
3845
3640
3491
3485
3475
3471
3550
279
162
289
243
32
262
6
149
3432
1342
1087
1016
1264
616
663
3336
3254
3209
2998
3429
3094
3050
3110
2735
3338
2731
2930
3414
2900
3192
3349
2736
3039
3210
3371
2697
2855
2811
2788
2980
3227
3308
3180
3131
3092
3249
3048
3262
3241
3161
3225
2783
3354
3218
3141
3122
2799
2710
3393
3194
3322
3126
3398
3061
2865
2685
3231
2672
3367
3323
2686
3305
3334
3343
3024
2965
2662
3059
2792
3259
3394
3388
3030
2886
2772
2887
3377
3191
2921
3128
2729
2769
3166
2821
2771
3170
2995
2845
3066
3063
3028
3296
2987
2680
3114
2913
3298
3109
2844
2770
3181
2718
3229
3139
2841
2850
2705
3314
3155
2879
3044
3047
2960
2880
2757
2791
3387
3104
2749
2820
3384
3195
3174
3200
3053
2776
3248
3185
2847
3405
3306
3433
3234
2927
2924
2852
2746
2695
2679
3424
3005
2893
2840
3325
3390
3065
2786
2666
3431
2744
2818
2733
2709
2700
3391
3321
3224
2950
2720
2888
3364
3149
3123
2872
2864
2806
2717
3335
3326
3280
3221
3148
3127
3409
3151
3303
3294
3056
3042
2919
2891
2777
2706
2673
2667
3064
2854
3167
3087
2955
2816
2801
3238
3084
3073
2993
3324
2910
2897
2810
2800
2698
3365
2831
3392
2676
2669
3158
3135
2907
2867
2689
3116
3007
2970
2846
2780
2765
2753
2748
2674
3228
3184
3000
2956
2928
2890
2766
2754
2738
2681
3366
3068
3002
3165
3121
3369
3342
3307
3138
3016
2932
2918
2871
2830
2713
2851
2663
3383
2715
3274
3260
3206
3106
3046
3041
3034
2990
2868
3357
2778
3207
3009
2957
3236
3198
3027
2859
3287
2823
2797
2719
2972
2703
3396
3182
2894
2708
3435
3426
3417
3237
3096
3036
3026
2994
2977
2943
2906
2874
2837
2807
2794
2761
3264
3256
3189
3187
2914
2833
3091
3318
3309
3283
3008
2982
3380
3279
3177
2832
2751
2727
3339
3304
3284
3108
3098
3054
3033
2974
2967
2940
2925
2920
2912
2905
2866
2835
2815
2773
2755
2694
3416
3411
3330
3316
3276
3252
3247
3146
3120
3115
2973
2828
2790
2785
2687
3360
3299
3124
3107
2946
3157
3038
2979
3346
3152
3102
3101
3049
3035
1690
406
571
529
628
620
605
677
666
603
684
633
626
621
611
588
679
678
658
632
670
661
627
599
595
615
600
589
685
664
622
619
598
597
579
618
617
574
349
489
539
415
382
562
519
3723
449
445
671
535
354
372
593
533
680
473
446
362
555
360
564
552
543
530
528
522
502
498
476
474
470
466
447
441
433
429
403
399
393
371
352
34
486
536
381
350
490
390
359
3289
2976
1121
1855
540
462
388
3118
2829
3350
3018
2803
3244
3178
3159
3154
2958
2947
2775
2724
2696
3415
3233
2934
2787
3420
3086
3077
1838
3741
3736
3721
3635
3604
3800
3852
3563
3552
3838
3578
3533
3517
3462
3950
3888
3575
3697
3884
3828
3707
3677
3605
3590
3968
3830
3683
3456
3889
3873
3611
3576
3449
3817
3625
3492
3437
3962
3842
3841
3780
3734
3693
3684
3674
3667
3656
3440
3438
3978
3971
3944
3938
3930
3929
3851
3831
3824
3796
3750
3651
3633
3621
3618
3609
3596
3586
3548
3545
3525
3501
3448
862
857
1061
1676
929
1057
1248
189
177
111
263
46
190
102
86
147
181
4
326
17
306
49
68
144
319
137
328
337
310
115
14
240
116
99
293
112
89
259
110
333
20
184
135
300
173
330
196
101
230
283
228
266
180
183
346
92
320
159
127
85
237
1053
1385
987
1739
1093
1696
1270
1640
1244
965
900
1476
2938
2822
2677
1887
1263
1176
1814
1412
1564
3258
3205
3019
2760
1481
1241
1372
939
1654
1177
1784
1325
1203
1672
1240
1575
1064
1766
961
1801
1475
1848
1108
1106
1099
933
1686
1311
1841
1649
1453
1090
986
1764
1414
975
1829
1190
1635
940
1889
979
956
1268
1226
1212
1071
1634
1275
1140
1731
1356
1295
1094
974
1759
1246
1648
1363
958
1773
1660
1625
1309
1837
1186
1168
1541
1873
1682
1728
1100
1586
1194
1045
1748
1348
949
1876
1650
1299
1550
1413
1500
1296
1109
1010
1908
1489
1368
1197
1884
1582
1508
1018
1904
1249
1169
1850
1229
989
1213
964
1474
1304
1228
3136
3057
1636
1448
1303
1840
1245
1204
1020
1894
1261
1738
1871
941
1895
1747
1424
992
1749
1781
1174
1725
1496
1355
1308
1141
1892
1787
1493
1314
1232
1216
963
901
1857
1298
1129
1019
1820
1729
1595
1406
1066
942
919
1859
1790
1742
1680
1628
1611
1587
1583
1515
1502
1438
1432
1381
1379
1373
1347
1345
1324
1286
1284
1231
1215
1170
1115
1081
1044
981
957
1526
1428
1744
1578
1479
1464
1148
1104
639
629
1853
1606
1142
931
930
560
511
494
409
1870
1694
905
434
596
1770
1681
1507
1469
1427
1374
565
481
368
367
3290
3173
1937
3403
3368
2951
2949
2795
2690
2665
3011
3385
3150
3043
3419
3381
3267
3239
3145
3060
2992
2936
2881
2863
2853
2849
2796
2737
3434
3430
3427
3425
3423
3422
3421
3418
3412
3408
3407
3406
3402
3401
3400
3399
3397
3395
3386
3382
3379
3378
3374
3373
3372
3370
3363
3362
3359
3358
3356
3355
3353
3352
3351
3348
3347
3345
3344
3341
3340
3337
3333
3332
3331
3329
3328
3327
3320
3319
3315
3313
3311
3302
3301
3300
3297
3295
3293
3292
3291
3288
3286
3285
3282
3278
3277
3275
3273
3272
3271
3270
3269
3266
3263
3261
3257
3255
3253
3251
3250
3246
3243
3240
3232
3226
3223
3222
3220
3219
3217
3215
3214
3213
3212
3211
3208
3204
3203
3202
3201
3199
3197
3196
3193
3188
3186
3179
3176
3175
3172
3171
3169
3164
3163
3162
3160
3156
3147
3144
3142
3140
3137
3133
3132
3129
3119
3117
3113
3112
3111
3105
3103
3099
3095
3093
3090
3089
3085
3083
3082
3081
3080
3079
3078
3076
3075
3074
3072
3071
3070
3069
3067
3062
3058
3055
3052
3051
3045
3040
3037
3032
3029
3025
3023
3022
3021
3017
3015
3014
3013
3012
3010
3006
3004
3003
2999
2997
2996
2991
2989
2988
2986
2985
2984
2983
2981
2978
2969
2966
2962
2961
2959
2954
2953
2948
2945
2944
2941
2939
2937
2935
2933
2931
2929
2926
2923
2922
2917
2916
2915
2911
2909
2908
2904
2903
2902
2901
2899
2898
2896
2889
2884
2882
2877
2876
2875
2873
2870
2862
2861
2858
2856
2848
2843
2839
2838
2836
2834
2827
2825
2824
2819
2817
2814
2813
2812
2809
2805
2804
2802
2798
2793
2789
2784
2782
2781
2779
2768
2763
2762
2759
2758
2756
2752
2750
2747
2745
2743
2742
2741
2740
2739
2734
2730
2728
2726
2725
2723
2721
2716
2712
2711
2707
2702
2701
2699
2693
2688
2684
2683
2678
2675
2671
2670
2668
2664
2661
3097
2964
3361
3265
2764
1138
1445
1251
1144
1778
1673
1545
1408
440
398
375
2426
1720
912
910
1677
1529
1349
1179
976
948
1828
1815
1756
1472
1225
1167
1166
1139
1131
1042
977
944
1536
1525
1482
1364
1159
994
647
416
391
509
380
369
515
512
510
503
487
407
365
557
545
537
508
482
417
404
524
435
516
421
544
542
527
514
458
408
397
604
548
521
495
493
452
635
561
553
465
400
394
392
387
385
366
504
455
534
523
479
427
402
682
681
675
672
668
665
662
659
655
654
653
650
649
646
644
643
640
638
636
631
630
625
623
612
609
608
601
592
590
587
584
583
582
578
577
576
575
573
558
492
461
422
395
568
478
428
1777
676
669
645
614
610
586
547
546
531
497
488
460
456
450
442
432
423
413
410
396
361
355
683
591
570
567
559
556
525
507
500
496
483
463
451
444
431
430
418
412
378
373
370
348
554
551
505
469
424
419
1708
1699
1183
1062
1038
1317
1055
1490
1400
1122
915
475
1450
1865
951
950
1758
1579
1511
1189
353
1023
3168
3100
3001
2892
1451
1585
2826
1297
1151
1058
1705
1593
1307
1615
1567
3410
1594
1641
1803
1719
1193
3948
3943
3886
3877
3872
3797
3756
3692
3577
3556
3540
3495
1825
1588
1555
1518
1494
1410
1136
1726
1701
1562
1357
1881
1463
1052
913
1797
1807
1366
1051
1223
1039
1832
1441
1285
1063
972
1497
1487
1700
1435
1237
