0
4029
1119
2596
1581
3650
2998
875
585
2269
3729
851
179
153
401
860
624
3230
335
3031
15
3589
2788
1206
891
2195
37
386
145
4036
3999
3983
4035
4033
4032
4027
4025
4024
4022
4016
4015
4012
4011
4007
4006
4005
4001
3992
3991
3990
3989
3987
3985
3984
594
4020
4017
4000
3993
4038
4034
4031
4013
4004
3995
4002
4021
4028
4037
4026
4014
4003
3988
3986
3980
4030
4023
4019
4018
4009
3998
3997
3996
3982
3981
3994
775
3910
3513
4010
4008
3787
3749
3846
3751
3653
3632
3647
3946
3781
3494
3665
3537
3952
3932
3848
3844
3616
3439
3447
3614
3679
3624
3606
3763
3896
3905
3771
3585
3531
3500
3809
3595
3774
3792
3742
3906
3977
3918
3740
3949
744
743
699
786
757
785
791
826
832
808
714
822
689
3871
3541
3445
3955
3643
3686
3834
3777
3584
3713
3921
3867
3778
3615
3508
3498
3472
3747
3722
3953
3459
3821
3767
3622
3634
3558
3836
3972
3956
3881
3829
3799
3978
3770
3503
3845
3681
3954
3859
3566
3775
572
2167
2106
2178
2094
2481
2245
2251
2650
2515
2349
1992
2614
2534
2441
2431
2375
2217
2120
2051
2017
2152
2562
2587
2456
2360
2656
2129
2558
2405
2146
2130
2050
2494
2236
2162
2091
2035
2082
2207
2397
2335
2107
2006
1957
1951
1914
3976
3975
3973
3969
3967
3965
3964
3963
3960
3959
3958
3957
3951
3947
3941
3940
3939
3937
3936
3935
3933
3931
3925
3924
3923
3922
3920
3917
3915
3914
3913
3912
3909
3907
3904
3903
3901
3900
3899
3897
3895
3894
3893
3892
3890
3887
3885
3882
3878
3876
3875
3874
3870
3869
3868
3866
3865
3863
3862
3857
3856
3855
3854
3853
3850
3849
3843
3840
3839
3837
3835
3833
3832
3827
3826
3825
3823
3822
3820
3819
3818
3816
3815
3814
3812
3811
3810
3808
3807
3806
3803
3802
3801
3798
3794
3793
3791
3789
3786
3784
3783
3782
3776
3773
3769
3768
3766
3764
3761
3759
3758
3757
3754
3753
3748
3746
3745
3743
3739
3735
3733
3732
3730
3728
3727
3726
3725
3724
3720
3719
3718
3716
3715
3714
3711
3710
3709
3708
3706
3705
3704
3701
3700
3699
3698
3696
3694
3691
3690
3685
3682
3678
3676
3675
3673
3671
3668
3666
3664
3663
3662
3660
3659
3657
3655
3654
3652
3648
3646
3645
3644
3641
3640
3639
3638
3636
3631
3630
3629
3627
3623
3620
3619
3608
3607
3602
3601
3599
3598
3597
3594
3593
3591
3590
3588
3587
3583
3582
3581
3580
3579
3572
3571
3570
3569
3568
3567
3564
3555
3553
3549
3546
3543
3542
3539
3538
3536
3535
3534
3532
3530
3529
3528
3524
3519
3515
3511
3510
3509
3507
3506
3505
3499
3497
3493
3490
3489
3486
3485
3483
3482
3478
3476
3474
3473
3470
3468
3466
3465
3464
3463
3460
3458
3455
3453
3450
3446
3444
3443
3442
3441
893
861
790
751
715
810
733
727
850
844
794
782
752
738
721
688
781
755
697
843
728
718
855
854
853
852
849
848
847
846
845
842
841
839
838
837
836
835
834
833
831
830
829
828
827
825
824
821
820
819
818
817
816
815
814
813
812
809
807
806
805
804
803
802
801
799
797
796
795
793
792
789
788
787
784
783
780
779
778
777
773
771
770
768
767
766
765
764
763
762
761
760
759
758
756
754
753
749
748
746
742
741
740
739
737
736
735
734
732
731
730
726
725
724
723
722
720
717
716
712
711
710
709
707
706
705
704
702
701
700
696
695
694
693
691
690
687
201
253
71
190
288
60
35
183
65
270
296
225
238
317
24
23
314
192
57
284
197
337
237
211
82
16
345
281
235
40
111
293
138
144
116
28
291
334
161
75
72
264
319
95
89
195
181
85
326
73
3628
3670
3661
3731
3573
3559
3462
3452
3575
3838
3672
3527
3966
3919
3911
3898
3883
3880
3864
3813
3790
3765
3744
3717
3695
3680
3669
3649
3635
3617
3613
3574
3562
3560
3552
3523
3518
3516
3502
3488
3481
3479
3467
3457
3785
3772
3707
3658
3637
3605
3603
3565
3795
3852
3689
3926
3902
3736
3702
3526
3521
3520
3712
3547
3522
3504
3496
3610
3544
3477
3928
3860
3788
3578
3484
3979
3916
3891
3888
3847
3626
3828
3642
3512
3945
3942
3927
3752
3738
3612
3554
3469
3817
3688
3611
3492
3491
3480
3471
3970
3950
3780
3737
3683
3656
3563
3551
3550
3889
3800
3760
3533
3475
3944
3934
3930
3929
3908
3796
3687
3667
3625
3621
3548
3884
3873
3858
3842
3841
3831
3824
3804
3762
3734
3697
3693
3692
3618
3604
3557
3514
3461
3449
3448
3438
3971
3968
3938
3886
3805
3755
3703
3600
3596
3576
3545
3797
3779
3586
3517
865
857
599
672
626
684
625
662
628
632
600
659
658
578
685
612
573
647
3961
3861
3723
3487
3454
467
466
384
429
657
618
617
579
437
383
590
498
666
509
562
457
2549
2532
2443
2359
2262
2179
2342
2584
2067
2517
2657
2654
2651
2647
2645
2644
2639
2634
2633
2632
2628
2626
2622
2621
2618
2613
2595
2580
2579
2577
2570
2569
2566
2565
2564
2552
2548
2545
2541
2540
2535
2528
2527
2524
2523
2513
2505
2504
2503
2497
2493
2488
2487
2486
2483
2477
2476
2470
2466
2460
2457
2455
2454
2452
2450
2449
2444
2442
2439
2437
2435
2424
2422
2421
2412
2411
2403
2402
2391
2388
2383
2382
2380
2373
2371
2361
2358
2357
2346
2341
2321
2320
2314
2311
2307
2301
2286
2284
2281
2277
2265
2263
2255
2248
2238
2230
2228
2227
2219
2204
2202
2200
2197
2193
2186
2181
2173
2170
2168
2160
2158
2156
2126
2119
2113
2112
2105
2100
2097
2089
2085
2080
2079
2076
2070
2056
2049
2041
2034
2025
2023
2016
2015
2014
2013
2012
2008
1998
1996
1990
1988
1978
1977
1966
1960
1958
1956
1950
1949
1937
1936
1934
1933
1924
1922
1915
2660
2636
2583
2364
2337
2027
1995
1991
315
169
470
495
381
362
521
1270
1417
2270
2182
2316
2638
2521
2407
2392
2353
2306
2190
2083
2576
2044
1982
2426
2536
2225
2192
2022
2011
2000
2624
2611
2553
2520
2446
2376
2356
2352
2331
2309
2290
2288
2258
2213
2201
2164
2124
2115
2109
2098
2073
1989
1986
1963
2538
2447
2378
2171
2157
2018
2004
1928
2490
1976
1975
1974
2459
2655
2631
2615
2606
2591
2574
2559
2546
2507
2500
2499
2489
2485
2484
2469
2467
2433
2430
2427
2418
2404
2395
2386
2374
2370
2339
2326
2261
2237
2229
2220
2216
2212
2206
2188
2172
2154
2140
2139
2136
2122
2118
2104
2095
2093
2086
2084
2077
2074
2069
2059
2045
2037
2020
1997
1984
1983
1962
1953
1943
1929
1917
2581
2055
2040
2474
2448
2291
2260
2166
2252
2641
2210
2329
2525
2453
2425
2362
2114
2060
2401
2648
2620
2365
2159
2061
2009
2001
1980
1931
2573
2506
2078
2557
2514
2440
2406
2366
2313
2296
2256
2231
2214
2175
2141
2066
2036
1965
2322
2310
2278
2048
1961
2480
2416
2317
2272
2242
2211
2209
2205
2145
1944
1930
2612
2610
2568
2379
2522
2305
1969
2432
2177
2274
2110
2096
2415
2222
2479
2635
1923
2605
2607
2554
2550
2381
2350
2299
2287
1925
1918
2646
2473
2414
2409
2396
2393
2387
2345
2303
2249
2240
2234
2218
2147
2092
2019
1942
2637
2226
2029
2652
2603
2599
2572
2537
2445
2390
2325
2280
2243
2235
2232
2075
1985
1981
2659
2658
2640
2627
2585
2297
2024
1999
1973
1972
1968
1935
1927
1921
1919
2630
2625
2623
2619
2604
2602
2601
2600
2593
2590
2586
2578
2575
2571
2563
2561
2560
2556
2551
2539
2526
2518
2495
2492
2482
2478
2464
2462
2451
2429
2428
2423
2410
2408
2369
2367
2363
2354
2348
2340
2334
2324
2323
2308
2300
2276
2275
2271
2257
2253
2244
2208
2184
2165
2150
2142
2131
2123
2121
2108
2103
2099
2090
2088
2064
2063
2058
2057
2046
2043
2033
2030
2021
2005
1993
1979
1971
1964
1946
1938
2502
2295
2233
1926
2438
2259
2161
2062
2047
1987
2544
2519
2434
2332
2318
2304
2298
2294
2241
2221
2003
1970
1952
1939
2531
2400
2389
2312
2116
3437
895
894
892
890
889
888
887
886
885
884
883
882
881
880
879
878
877
876
874
873
872
871
870
869
868
867
866
864
863
859
858
856
840
823
811
800
798
776
774
772
769
747
745
729
719
713
708
703
686
329
318
271
261
208
203
200
98
56
27
25
13
100
347
346
344
343
342
341
340
339
338
336
333
332
331
330
328
327
325
324
323
322
321
320
313
312
311
310
309
308
307
306
305
304
303
302
301
300
299
298
297
295
294
292
290
289
286
285
283
282
280
279
278
277
276
275
274
273
272
268
267
266
265
263
262
260
259
258
257
256
255
254
252
251
250
249
248
247
246
245
244
243
242
241
240
239
236
234
233
232
231
230
229
228
227
226
224
223
222
221
220
219
218
216
215
214
213
212
207
