1695
729
4002
364
294
1466
860
1442
4007
3897
49
4036
1586
3746
3251
3709
3984
42
1233
468
1558
3575
2569
379
918
2808
873
3127
775
3977
336
1176
740
114
3037
74
37
2481
3978
3665
3453
498
3811
2382
81
183
3882
2263
411
282
717
1046
891
4011
4019
4026
1202
4027
4032
4008
4016
3616
1395
3544
120
3632
2814
3467
3653
351
177
179
1510
638
240
256
2457
1270
4025
3585
692
894
749
3996
3885
2106
4010
3305
427
253
3736
3911
4034
3143
3180
3622
3133
3864
3814
4005
2079
1262
18
4015
3686
3572
4024
3847
621
884
234
889
371
883
871
799
832
401
767
854
71
691
765
743
534
3216
3887
648
1027
2922
2178
3733
3717
27
2621
2456
1581
1755
163
1208
2790
1224
613
3566
1719
3451
3959
3871
1838
3853
945
3875
453
3006
2671
220
3570
255
607
571
1651
522
1713
3597
1157
3429
292
1477
3175
293
3647
3565
3269
2888
642
2167
1759
1701
3094
29
2704
652
2954
3530
215
905
585
937
305
2722
209
2080
1252
2514
1961
2230
3134
3447
296
43
3879
2595
201
1071
499
60
3282
1411
467
193
3729
70
3600
287
270
1579
1854
1560
1065
160
868
3936
859
825
6
911
205
3197
219
2714
3691
1430
384
1145
2358
117
3121
1386
2269
904
674
3935
3946
267
660
34
1996
2182
1797
1248
581
2884
3227
1383
3091
443
2541
2528
54
1890
3200
386
893
864
3372
182
90
247
3888
3592
3589
1326
3992
4000
3986
3994
1194
852
855
244
2691
841
757
3147
2817
2774
3074
3131
241
399
476
393
564
3991
594
4013
3989
3981
4038
4020
3997
3993
4018
4031
4009
4030
4023
4004
3998
3988
4035
4033
4021
4017
4006
4003
3999
3985
3982
3980
3990
3995
4029
4014
3987
4012
4022
4037
4028
4001
667
3983
885
866
733
699
846
816
812
730
861
874
867
776
895
786
833
771
808
863
886
690
796
836
748
714
802
742
689
785
723
782
707
738
700
710
837
803
759
720
716
888
887
877
872
798
769
704
835
762
814
813
746
722
844
737
766
781
793
711
706
693
797
826
731
869
856
829
807
761
756
754
715
882
878
876
763
795
818
773
853
800
809
783
784
849
770
758
741
728
705
839
822
806
789
788
725
702
842
745
734
696
736
697
821
726
695
820
815
810
792
787
760
753
752
718
698
694
880
848
778
735
709
708
703
719
713
843
828
827
824
779
739
777
727
847
845
840
834
831
830
811
805
804
794
791
790
780
774
772
768
755
751
747
732
724
721
712
701
838
823
819
817
764
688
686
687
744
865
851
890
850
801
858
881
870
892
879
750
875
3567
3445
3874
3628
3745
3917
3819
3473
3868
3857
3739
3725
3716
3439
3727
3606
3781
3699
3478
3839
3743
3595
3541
3799
3787
3813
3700
3949
3536
3823
3726
3532
3844
3482
3920
3607
3641
3916
3626
3594
3030
3775
3910
3657
3519
3812
3583
3698
3561
3763
3720
3582
3895
3724
3761
3652
3469
3719
3513
3664
3474
3464
3655
3933
3500
3493
3973
3624
3863
3679
3441
3662
3580
3446
3479
3972
3956
3460
3786
3777
3555
3534
3499
3923
3854
3848
3638
3757
3960
3901
3809
3696
3802
3778
3644
3598
3907
3508
3472
3581
3492
3747
3617
3524
3468
3603
3810
3623
3497
3832
3271
2767
3181
3008
2809
3428
3138
480
635
3496
3701
3776
3961
3554
3529
3458
3718
3538
3660
3535
3590
3771
3486
3840
3908
3579
3476
3774
3708
3890
3793
3705
3591
3764
3459
3931
3906
3714
3509
3979
3602
3728
3629
3553
3803
3782
3749
3443
3707
3881
3680
3643
3835
3666
3927
3768
3539
3483
3564
3958
3945
3466
3792
3558
3932
3615
3752
3630
3593
3510
3937
3967
3783
3766
3976
3951
3904
3900
3833
3620
3947
3822
3905
3546
3531
3490
3723
3883
3919
3613
3562
3511
3829
3784
3758
3706
3507
3463
3543
3957
3918
3759
3571
3867
3827
3498
3805
3865
3791
3722
3713
3599
631
612
14
149
86
46
1203
383
501
441
598
663
380
862
3773
3753
3740
3735
3685
3608
3526
3505
3448
3934
3891
3485
3760
3533
3452
3858
3721
3695
3670
3502
3457
3573
3966
3471
3873
3817
3556
3547
3491
3712
3731
3914
3869
3860
3845
3645
3601
3559
3913
3790
3730
3702
3872
3681
3672
3627
3611
3578
3514
3450
3568
3697
3693
3926
3886
3772
3461
3838
3785
3640
3542
3527
3503
3651
3610
3480
3552
3520
3944
3656
3970
3950
3540
3780
3576
3427
3338
2975
2776
3343
3015
2727
3210
3167
2856
3432
3315
3333
2998
2965
2837
2760
3389
2889
3063
2732
3314
2670
2953
2899
2893
3212
2701
3058
2791
2688
2963
3013
3281
2898
2723
3192
2972
2834
3382
3430
3436
3202
3394
2710
3352
2745
2798
3340
2687
2783
3401
3050
3307
2844
3349
2831
2803
3323
2819
2811
2770
2876
2765
3292
2938
3374
3048
3041
3081
3083
3421
2692
2848
3390
2825
3042
2823
3334
2711
3370
2748
3328
3110
3009
2990
3112
3088
3373
2868
3273
3186
2995
3266
2830
3244
1264
1053
1254
1030
1295
1090
1802
664
449
657
670
615
576
583
677
622
616
617
603
589
665
661
647
627
600
681
659
658
595
582
578
684
626
575
551
535
466
3551
3504
3861
3673
3642
3621
3975
3969
3964
3941
3940
3925
3924
3921
3915
3912
3909
3903
3902
3899
3898
3896
3880
3878
3870
3866
3862
3856
3855
3850
3849
3843
3842
3837
3836
3834
3826
3825
3824
3821
3816
3815
3798
3795
3794
3779
3770
3769
3767
3762
3755
3751
3742
3738
3737
3732
3715
3711
3710
3703
3690
3689
3688
3678
3675
3671
3669
3668
3663
3659
3658
3654
3650
3648
3646
3639
3636
3635
3634
3631
3619
3614
3612
3587
3584
3569
3563
3560
3557
3549
3528
3523
3522
3518
3516
3515
3512
3506
3488
3475
3465
3455
3449
3444
3442
857
618
592
579
405
365
459
470
505
486
440
424
181
20
138
112
312
162
307
23
333
151
337
28
93
278
99
155
180
190
242
206
1240
672
588
540
533
529
509
485
478
469
377
356
198
562
528
680
502
390
574
512
369
2941
3245
3205
2878
3667
3609
3586
3521
3938
3677
3456
3962
3930
3574
3517
3438
3929
3841
3692
3683
3605
3462
3851
3831
3830
3797
3618
3495
3852
3684
3928
3889
3828
3804
3796
3788
3734
3687
3604
3596
3550
3545
3484
3971
3968
3884
3800
3674
3625
3577
3525
3440
3290
1486
1057
1061
2926
2677
3151
2807
3170
3425
3377
2801
2969
3122
3105
3026
2917
3087
2762
3403
2812
3306
2785
2818
2991
2875
2771
2736
2700
2697
3089
2720
3085
3260
3194
3411
3141
3107
3124
3067
2871
3414
3294
3234
2891
2795
2709
3233
2918
2821
3386
3296
2989
3047
2712
2789
2828
2981
2667
3362
3279
3274
3214
3043
2967
3392
3303
3163
3052
3010
2769
2731
3346
3434
3406
3381
3357
3299
3239
3224
3206
2936
2787
3317
3152
2950
2863
3405
2957
3193
3073
2749
3396
3225
2881
3255
3231
2921
2690
3072
3057
3011
3395
3249
3221
3027
2859
3190
3117
2928
3104
3045
2663
3289
2735
1450
2940
3422
3332
3021
2793
3423
2703
3313
2882
3123
2987
2864
3322
3310
3028
2997
2935
2886
2896
2761
2757
3171
3075
3012
3238
3137
3129
2977
2854
2664
2902
3195
3040
2961
2815
2755
2746
2945
2906
2873
2773
2666
3353
3148
2840
2725
3399
3004
2866
2850
3213
3023
2966
2920
2919
2908
2669
3309
2982
3187
2816
2768
2685
3320
3247
3035
2939
3300
3229
3139
3095
3084
2726
3360
3109
3276
3275
3208
2901
2841
2715
3387
3284
2910
2852
2750
2698
3211
2984
3179
3079
3076
2708
2684
3119
2988
2874
3327
3277
3267
3199
3185
3169
3111
3102
3017
3016
2849
2674
2672
2661
3383
3324
3237
2909
3341
3259
2843
2813
3397
