107
766
3980
175
3973
2930
328
384
4038
789
3729
3653
1061
289
4015
174
251
343
3652
4031
3074
3856
3519
2732
979
3963
43
64
4022
110
3745
860
2861
3308
918
895
1105
3059
613
3991
679
81
1466
468
1546
2015
131
498
3444
2704
1096
3447
768
2998
881
1224
662
2980
293
3953
751
3811
1499
219
358
3987
3997
4013
656
878
310
255
69
2678
3619
1461
350
3895
3801
3932
3933
3662
3876
3950
3597
1157
2548
3125
3880
3309
702
2388
791
889
1301
216
3992
228
464
3959
3958
2094
476
1002
1046
3787
3626
1387
3451
3965
763
868
379
2456
68
626
928
3290
864
522
1977
3748
3795
2952
923
42
1151
3883
564
2814
38
2076
1411
278
750
401
872
3694
3974
3751
832
795
2798
3091
2380
1956
3531
435
2860
3999
3970
1974
2888
151
3922
2975
3544
3175
3673
1418
305
722
885
2691
657
296
4011
2041
804
1297
3990
826
2568
3314
2699
3812
3566
3446
3679
183
327
1651
3537
121
49
115
167
3407
3998
3843
4019
1889
3063
3270
576
1186
3879
1194
3954
3375
160
2572
1111
2528
1073
929
2182
699
2883
3329
47
2971
1713
858
2923
3904
467
437
86
286
168
440
3354
16
3588
65
283
1286
8
91
3546
88
2453
1403
1062
3180
3513
1050
52
610
1088
405
935
3147
3055
709
4030
594
1464
333
3634
254
63
100
2587
129
314
3570
905
318
206
187
179
166
51
3723
48
1065
281
79
194
222
60
148
572
75
801
85
189
1667
1084
157
1847
46
340
112
759
3292
3589
3159
1690
44
4012
337
3183
3720
3865
3769
3955
3777
3587
3470
3663
3524
3614
1892
3985
1253
215
1534
663
3630
3598
3500
3768
3600
3772
3819
3743
2205
2878
3678
776
3912
3520
3911
3891
3650
3937
3915
3885
3853
1552
3688
1385
3657
3632
3622
2
480
3669
3603
865
3689
3462
3667
3832
3813
3467
862
3621
3527
2457
2774
3492
2534
3665
2193
2263
1564
1170
2834
1154
4025
3110
4
275
2584
2411
2166
2085
462
1982
3271
3732
2801
365
1000
1031
685
2599
1996
446
2926
2771
442
1022
796
3244
15
581
1045
1119
3333
1693
3477
717
2824
2922
3398
2158
1038
2842
3121
501
799
3565
4036
2963
788
1071
899
486
3746
1708
3003
3312
962
33
1775
381
664
836
3887
3424
638
191
319
3093
3934
1233
2152
1664
1814
2700
2736
3767
2450
3311
3572
3775
3668
1202
1640
2178
3193
3094
3935
1870
2569
3717
3647
3457
866
2792
1521
385
588
2733
870
2690
775
607
1346
4006
652
1251
1058
2855
427
1145
2899
3817
2535
2935
891
3235
2605
155
3686
756
2596
2677
2422
3006
3066
937
55
3543
1560
2034
769
1762
4029
4010
3816
2452
541
3083
668
2251
1969
655
1034
859
90
1854
2788
393
2802
2249
624
568
1414
3494
3482
3704
1602
2983
673
844
562
3155
778
505
850
2979
1905
648
3432
154
1384
2836
3888
1950
3866
71
2219
2541
1990
3781
3352
2709
3946
852
2735
785
2727
3227
996
1342
1797
383
1575
3310
2682
797
1901
3165
3045
3242
499
22
1252
2483
3388
18
1270
3028
3368
1264
3336
1537
1162
1949
459
3266
2962
855
798
3389
2443
2358
3138
1406
2080
1978
3452
3576
3473
3660
3847
3766
3936
3057
3278
3222
3770
3960
3641
3655
1093
135
73
145
50
2260
2120
92
249
162
3952
3372
1053
2505
3806
3894
3827
3122
508
453
260
3733
2949
3126
4005
3981
2703
4007
882
876
616
2791
3231
3080
3390
2634
2017
2421
2721
2671
2444
2170
2466
399
441
364
351
3649
3919
3898
3481
3479
3594
3695
3562
3523
3639
3613
3581
3516
3533
2265
884
893
1705
1676
1174
605
102
888
1486
3839
198
552
4021
4017
3995
4000
1518
863
861
771
732
689
2959
3318
3423
2889
3325
3008
2670
3382
3283
2879
3522
3979
3682
3905
3490
3549
3814
3580
3585
3536
3901
3607
3508
3638
3483
3539
3890
105
111
137
93
28
17
214
140
20
14
326
149
886
1016
3610
3779
632
615
661
658
600
582
640
681
675
650
595
577
670
659
635
643
583
647
627
599
578
665
879
871
816
3742
3849
411
406
225
227
177
2357
269
639
678
3989
1890
1208
3141
3053
3200
2776
3105
2799
3218
3606
3727
245
259
3939
1218
956
1562
1138
1896
1177
2902
3975
3799
3918
3476
3701
3774
3675
3957
3759
3708
3757
3465
3836
3899
3837
3579
4018
3988
4004
4023
4009
4003
3982
3986
4027
4020
4002
3676
3489
320
184
266
36
201
346
57
24
344
118
101
242
197
311
178
180
297
163
6
299
126
139
172
103
302
317
248
231
117
257
141
261
325
239
276
207
59
30
290
133
301
213
130
80
156
274
329
132
298
287
268
262
247
238
218
209
193
159
150
124
119
114
96
95
89
82
74
32
237
94
84
284
223
108
169
13
334
176
291
158
196
104
332
232
77
347
280
224
31
265
199
161
134
252
200
66
56
212
185
123
98
62
342
324
204
122
72
0
25
21
236
188
53
45
9
315
67
40
313
304
285
221
203
128
113
26
345
277
109
272
258
3
323
322
271
211
186
142
170
341
127
138
19
116
226
312
41
3789
3509
3666
3569
3466
3964
3685
3553
3459
3735
3590
3526
3595
3906
3617
3620
3803
3583
3882
3555
3956
3591
3486
3870
3648
3493
3758
3815
3472
3710
3862
3763
3599
3850
3920
3615
3567
3869
3623
3564
3643
3861
3764
3896
3927
3468
3784
3714
3507
3921
3753
3608
3931
3680
3511
3443
3924
3833
3718
3706
3794
3593
3972
3829
3761
3478
3696
3458
3535
3602
3515
3474
3881
3541
3441
3778
3636
3629
3455
3840
3773
3740
3705
3722
3644
3739
3900
3810
3558
3645
3532
3464
3711
3752
3534
3945
3914
3510
3631
3506
3728
3909
3822
3793
3463
3738
3809
3783
3664
3967
3584
3825
3868
3460
3780
3624
3469
3874
3725
3538
3713
3521
3951
3786
3499
3525
3612
3642
3485
3618
3517
3503
3886
3683
3976
3969
3917
3907
3903
3892
3867
3844
3826
3821
3792
3791
3776
3755
3747
3724
3719
3627
3601
3554
3548
3529
3442
3440
3929
3651
3628
3563
3496
3947
3577
3625
3864
3561
3514
3658
3573
3550
3804
3574
3797
3796
3697
3456
3707
3491
3454
3944
3968
3851
3948
3852
3559
3930
3449
3681
3785
3913
3800
3635
3842
3762
3978
3872
3692
3437
3734
3731
3702
3640
3760
3540
3750
3677
3971
3940
3568
3943
3873
3765
3736
3670
3609
3604
3858
3828
3966
3672
3596
3941
3450
3721
3556
3889
3831
3654
3605
3586
3542
3497
3877
3693
3501
3962
3712
3557
3480
3471
3703
3475
3926
3884
3838
3790
3756
3730
3611
3518
3495
3841
3788
3687
3674
3656
3484
3830
3488
3737
3684
3545
3438
3938
3902
3824
3633
3578
3528
3448
3860
822
712
806
839
306
195
273
78
181
3131
3251
3181
3659
3782
3551
3698
3818
3461
3857
3691
3560
3715
3823
3741
3845
3855
3646
3893
3547
3923
3504
3802
3754
3726
3505
3949
3928
3910
3878
3871
3835
3571
3690
3699
3616
3771
3439
3916
3530
3805
3498
3749
1085
3859
3716
3977
3512
3661
3502
3575
857
3552
3863
3908
3637
3846
3834
3671
3487
3942
3445
27
309
120
54
7
308
1193
99
330
165
1
331
303
144
125
338
279
263
243
229
208
205
171
70
39
23
295
288
83
143
316
234
246
336
10
5
300
256
244
220
217
152
97
61
12
106
87
235
339
153
321
267
250
210
29
146
76
164
230
270
241
294
147
192
190
37
34
264
2740
335
3994
4014
4037
4034
4026
4001
3983
4016
4035
4032
3993
4024
4028
4008
3996
3984
867
688
808
728
744
877
874
718
869
755
856
729
758
809
793
760
807
754
747
780
706
730
740
848
842
713
698
762
887
716
833
742
803
708
693
827
847
812
784
835
792
753
741
783
781
703
834
819
815
772
696
724
782
843
840
761
734
727
715
705
711
853
829
810
773
851
849
841
828
825
814
787
765
746
737
720
714
697
846
845
800
731
694
837
823
820
774
770
764
719
739
813
805
752
745
686
830
824
777
738
726
701
695
818
786
767
735
880
875
748
854
831
811
838
687
890
721
817
710
690
779
691
790
894
873
883
743
733
821
802
704
723
725
794
700
757
736
892
749
707
692
3848
3592
3582
2301
2126
2858
3194
2895
2893
3269
2807
3315
2743
2695
2760
3414
1788
3383
3400
2696
2427
2070
2371
2082
2008
1915
2197
3393
3360
3148
3199
3331
3300
3255
3234
2759
3114
2673
2933
2805
3257
2837
2767
3294
2897
3428
3238
2988
2981
3384
3052
3029
2887
3130
2789
2769
3137
2726
3036
3030
2810
2880
2867
2745
3293
2756
2766
2663
3123
3364
3304
2850
2705
3430
2864
2854
2972
2967
2841
2908
2835
3047
3363
2749
2698
2872
3135
2985
2906
2924
2746
2681
2777
2920
2907
2874
2862
2741
3142
3004
2761
2706
2943
3220
2911
3284
2669
3192
3343
2701
3395
3012
2856
3357
3349
3039
3319
3007
3043
2804
1030
2255
2162
2402
3362
3025
3245
3099
2768
2697
2984
3109
2783
3404
2476
2023
2012
2644
2217
2373
2089
2227
2113
2100
2130
2426
2234
2577
2497
2440
1960
2570
2397
2114
2207
2545
2523
2412
2286
2341
1975
2238
2019
1961
575
357
3288
