107
805
3677
158
255
2959
3662
3993
2898
4031
28
3653
184
3892
796
3478
243
3538
3981
4027
3991
2342
1913
2789
2884
52
3446
4028
177
3961
3916
3716
3751
608
1546
572
2861
1138
599
1642
3057
3361
2373
2513
2933
2903
3083
151
296
3180
174
253
49
3465
3975
148
4014
88
222
4009
275
3807
2885
4003
990
2523
2262
2277
3088
3269
3897
279
33
2842
4002
3487
336
81
214
235
3808
3679
3560
3530
3694
3865
3565
121
3936
3888
3815
861
733
3909
3550
3602
880
833
892
874
750
702
790
879
807
854
638
443
3589
1586
377
1027
1224
2814
454
453
1065
2167
552
3134
1838
498
1486
656
1713
3310
1016
1476
1961
533
1087
485
34
1301
480
3044
2580
1263
478
380
433
2013
1384
2360
2961
1411
598
372
543
1615
4029
2361
1866
1806
3248
3380
3009
1187
3194
1171
2248
2858
1817
2622
1930
2656
2821
1441
2193
2014
2453
509
2769
2882
1915
505
2790
2811
3317
3398
2227
2893
2219
3305
2632
3376
3401
2805
2100
2528
3200
2838
2952
3251
2732
1194
89
2857
2382
3268
157
3922
114
154
3974
3989
4011
3918
3500
3519
3641
39
265
7
3899
303
3874
180
101
302
3439
54
341
3441
3723
266
3988
111
3607
103
4
230
139
115
102
229
140
63
269
4023
3995
3139
278
3012
4022
3987
2239
3191
2544
2783
3255
2350
2690
2383
3306
2019
2497
2938
2807
1965
2577
3110
3192
1936
3173
3357
2181
2990
3392
627
640
2723
3349
3133
3418
2791
3153
2895
3323
3066
3217
3227
2721
270
191
195
289
153
3954
91
183
155
97
3846
3451
145
3650
70
18
3809
3982
309
3994
333
4037
4010
4005
3999
3021
3341
2673
3264
3390
2981
3337
3211
2813
2687
2803
2870
2809
3068
3112
3367
3309
58
221
311
340
125
3787
240
319
3801
71
3875
90
3990
295
150
120
207
3691
228
3732
3820
3382
36
3771
3467
3582
3932
3477
3717
3849
3953
3952
16
3928
3742
3709
3848
3581
3660
3720
3637
3689
860
3772
3839
3626
3890
3864
3893
3695
3977
865
223
3843
3482
3515
3755
3539
3970
798
3631
886
3753
3760
3957
704
3927
3463
3621
3880
3713
3469
3896
3623
3663
3710
3464
3618
3972
3730
3841
3683
3511
3535
3937
3852
3510
3926
889
740
846
692
816
716
710
812
808
895
826
887
751
884
859
858
720
763
778
785
701
777
779
758
764
864
3453
11
209
292
47
674
1206
550
1096
2596
1560
447
668
244
3183
581
2079
379
918
219
1834
216
2788
1046
1627
2481
1326
3147
1105
2774
2740
356
2922
2437
2178
2975
2902
2421
3131
1176
564
1276
393
1233
364
910
667
660
406
1967
1474
2380
571
2621
1240
2971
1383
1295
2671
530
1368
2375
1362
349
1788
1856
1510
1711
2548
1022
1038
1651
371
1896
2899
562
937
610
1147
621
2926
985
1162
2256
1552
2752
923
540
672
631
529
435
1443
1445
1073
950
1775
639
1490
568
974
986
528
612
907
516
1869
685
1249
605
1042
914
1424
1481
1531
1780
1633
1062
418
976
1232
962
1592
1299
1895
1313
1446
1578
1767
1635
1189
545
4036
2465
2280
2198
2657
2092
1505
2660
2637
2557
2272
2530
2234
1337
2612
1167
1136
2705
2085
2628
1440
1555
2035
908
1511
2362
1306
2295
3163
