1912
107
2347
1888
1684
1431
2543
3437
1584
1577
1086
2629
483
2863
1184
2986
2138
3426
348
1277
2509
0
1132
686
3363
3082
2183
376
1736
3090
637
1926
3116
2694
3938
2190
1017
2364
484
3051
2133
1620
1204
1070
2853
2966
1955
3277
363
1786
3350
1376
978
2384
9
1472
3927
2969
2669
561
353
1857
1947
2839
2939
3185
1636
2620
933
1267
438
823
3115
1783
2267
1911
3150
475
805
3274
1104
1770
26
3087
3026
2203
1456
1028
315
1972
2698
342
3434
2871
2091
1871
3640
563
3604
1659
1085
1508
3035
2463
56
2501
2626
1345
1215
705
3332
2458
3758
1531
1806
2890
967
412
1881
3075
3830
504
2645
3212
1339
3947
515
3442
3420
824
2571
2829
2743
1647
3344
1447
917
3564
630
122
3730
3495
1189
3599
1525
2706
2391
2557
1895
3014
1139
3162
3403
1574
553
2996
3213
3800
3397
2024
2202
225
1319
600
691
2699
773
486
347
1975
1232
3040
2610
3256
1341
1357
2928
1221
1359
3851
424
331
2912
2221
752
3792
3018
1891
1988
973
3330
329
688
2196
3298
1921
1480
544
2960
1072
1765
3501
651
1876
3130
116
932
1426
3133
1387
2523
2195
187
3615
4027
410
260
1496
445
1134
1004
2149
975
2689
1229
1879
3250
1920
3050
829
3136
3573
3505
3020
583
2092
3123
2161
1125
3299
3077
3359
1325
1175
3529
3918
3322
3049
2613
112
2286
1781
2614
1629
2019
3924
1108
781
2313
3942
2836
839
654
2272
2647
2250
3244
739
69
30
1740
3790
3406
1500
3765
3697
764
118
3200
1461
1585
2017
1956
1670
2349
871
3181
4031
3652
3269
1853
3395
3514
1192
395
2734
3285
343
1355
1284
3583
927
3716
3601
257
207
1798
439
1885
2965
3262
2950
493
1540
3479
3066
365
1463
697
1164
1495
7
3553
2822
1836
3393
900
2146
273
571
3965
4035
3161
85
29
2751
2480
3804
452
609
2686
2766
3032
1243
1780
1349
762
2795
2848
3625
3741
2872
2533
1555
1932
3342
1973
2173
3809
3803
3462
3292
2998
684
532
93
1286
3301
3001
3260
3278
492
3327
2896
1475
1923
3492
3372
1514
2987
2874
1970
1462
1152
3456
3829
1063
2296
3881
3300
1395
1499
937
1145
649
2217
58
81
127
406
