0
4010
3935
209
447
4015
3885
3801
3453
668
3650
1560
12
585
3183
2842
37
3984
2470
1145
1096
3729
1386
1119
3856
3031
1206
918
602
74
3709
613
335
3853
883
358
891
4008
4024
3570
3071
2596
550
624
608
210
4035
3230
3798
15
18
2569
2457
674
2079
1581
607
11
43
638
911
892
3974
1466
875
4022
2195
3451
1834
692
215
801
3748
3820
2269
114
287
292
244
3268
3746
33
3407
642
3846
233
42
3987
581
256
4001
282
4012
4029
3959
1233
286
749
3282
47
4032
1224
4028
241
316
401
3807
2788
1854
90
4006
3922
145
35
648
52
1065
234
1690
750
3688
2382
1967
3408
1395
699
70
4034
3125
2857
2740
4036
153
3942
3589
2704
2541
1270
379
3134
2814
468
859
3983
377
267
1430
1326
1276
160
3879
3732
1262
775
443
216
205
154
1558
305
255
3808
3006
1176
841
3854
744
3875
279
183
1394
860
3704
1755
138
179
3037
301
383
81
2792
3992
1253
1071
3691
899
386
3560
2691
904
3811
2442
2380
4033
2722
2595
2483
1586
1046
294
293
157
743
667
182
155
3991
3744
3733
3699
3689
2952
2714
1353
1208
228
61
3413
2922
785
571
164
4005
2808
2178
1362
854
356
253
247
112
3597
2168
1627
1252
336
321
76
3955
2860
2798
1546
660
240
207
3999
3928
3717
3467
3375
2998
1693
411
97
3816
3575
2481
1760
1027
448
191
4007
2975
1034
1031
499
4025
4016
3990
3582
656
71
4037
3996
3003
2441
865
454
3953
3765
2565
1200
572
220
49
4011
3939
3781
3494
2885
2527
2106
1713
1105
884
790
757
406
307
288
201
4038
4031
4030
4027
4026
4023
4021
4020
4019
4018
4017
4014
4013
4009
4004
4003
4002
4000
3998
3997
3995
3994
3993
3989
3988
3986
3985
3982
3981
3980
3965
3653
3565
1022
996
877
852
851
673
467
384
270
262
3978
3954
3946
3910
3897
3882
3686
3673
3619
3588
3537
3290
3143
3121
2971
1937
1856
1762
1711
1383
1194
893
868
832
788
717
552
530
327
202
190
166
124
3890
3865
3848
3787
3751
3676
3432
3059
2884
2692
2505
2431
2358
2204
2015
1996
1969
1651
1579
1510
1474
1442
1417
1301
1057
1038
945
910
894
855
802
735
652
649
594
593
264
245
206
174
125
120
34
3979
3977
3976
3975
3973
3972
3971
3970
3969
3968
3967
3966
3964
3963
3962
3961
3960
3958
3957
3956
3952
3951
3950
3949
3948
3947
3945
3944
3943
3941
3940
3938
3937
3936
3934
3933
3932
3931
3930
3929
3927
3926
3925
3924
3923
3921
3920
3919
3918
3917
3916
3915
3914
3913
3912
3911
3909
3908
3907
3906
3905
3904
3903
3902
3901
3900
3899
3898
3896
3895
3894
3893
3892
3891
3889
3888
3887
3886
3884
3883
3881
3880
3878
3877
3876
3874
3873
3872
3871
3870
3869
3868
3867
3866
3864
3863
3862
3861
3860
3859
3858
3857
3855
3852
3851
3850
3849
3847
3845
3844
3843
3842
3841
3840
3839
3838
3837
3836
3835
3834
3833
3832
3831
3830
3829
3828
3827
3826
3825
3824
3823
3822
3821
3819
3818
3817
3815
3814
3813
3812
3810
3809
3806
3805
3804
3803
3802
3800
3799
3797
3796
3795
3794
3793
3792
3791
3790
3789
3788
3786
3785
3784
3783
3782
3780
3779
3778
3777
3776
3775
3774
3773
3772
3771
3770
3769
3768
3767
3766
3764
3763
3762
3761
3760
3759
3758
3757
3756
3755
3754
3753
3752
3750
3749
3747
3745
3743
3742
3741
3740
3739
3738
3737
3736
3735
3734
3731
3730
3728
3727
3726
3725
3724
3723
3722
3721
3720
3719
3718
3716
3715
3714
3713
3712
3711
3710
3708
3707
3706
3705
3703
3702
3701
3700
3698
3697
3696
3695
3694
3693
3692
3690
3687
3685
3684
3683
3682
3681
3680
3679
3678
3677
3675
3674
3672
3671
3670
3669
3668
3667
3666
3665
3664
3663
3662
3661
3660
3659
3658
3657
3656
3655
3654
3652
3651
3649
3648
3647
3646
3645
3644
3643
3642
3641
3640
3639
3638
3637
3636
3635
3634
3633
3632
3631
3630
3629
3628
3627
3626
3625
3624
3623
3622
3621
3620
3618
3617
3616
3615
3614
3613
3612
3611
3610
3609
3608
3607
3606
3605
3604
3603
3602
3601
3600
3599
3598
3596
3595
3594
3593
3592
3591
3590
3587
3586
3585
3584
3583
3581
3580
3579
3578
3577
3576
3574
3573
3572
3571
3569
3568
3567
3566
3564
3563
3562
3561
3559
3558
3557
3556
3555
3554
3553
3552
3551
3550
3549
3548
3547
3546
3545
3544
3543
3542
3541
3540
3539
3538
3536
3535
3534
3533
3532
3531
3530
3529
3528
3527
3526
3525
3524
3523
3522
3521
3520
3519
3518
3517
3516
3515
3514
3513
3512
3511
3510
3509
3508
3507
3506
3505
3504
3503
3502
3501
3500
3499
3498
3497
3496
3495
3493
3492
3491
3490
3489
3488
3487
3486
3485
3484
3483
3482
3481
3480
3479
3478
3477
3476
3475
3474
3473
3472
3471
3470
3469
3468
3466
3465
3464
3463
3462
3461
3460
3459
3458
3457
3456
3455
3454
3452
3450
3449
3448
3447
3446
3445
3444
3443
3442
3441
3440
3439
3438
3437
3436
3435
3434
3433
3431
3430
