0
3981
874
884
1119
294
3939
4035
3798
1581
911
1690
1096
613
602
454
3055
447
256
1071
3709
4028
2457
3565
3816
33
1627
279
3175
166
1194
2842
749
4036
244
2470
3935
435
3854
865
864
879
875
715
851
801
1240
3121
1586
3037
2380
35
215
386
1145
3131
4017
2857
292
3839
2704
43
1713
319
1797
182
2079
3974
2595
289
1558
3539
2632
3925
3989
3504
3820
2541
179
1739
12
3271
3134
3699
443
3689
3031
2814
899
3887
112
3748
3733
3905
2963
205
3544
3746
1218
2902
335
74
316
550
4032
2599
2634
1430
668
3537
660
3676
467
4001
3311
4006
3467
2721
4029
721
207
744
3310
571
1466
3165
3923
3376
4008
1693
49
3216
18
3946
2855
286
2714
3732
2596
1386
3429
2922
585
2732
2678
358
2452
3984
2926
3375
1253
3597
4012
3993
607
2041
3580
3954
145
2483
4033
4000
3992
2691
1046
1353
282
757
1027
3996
233
3127
3074
2817
2774
564
351
870
868
877
863
858
881
871
867
821
735
893
886
882
888
699
816
869
895
894
891
887
885
880
878
876
872
866
859
857
825
776
737
831
722
846
751
890
796
786
773
729
852
769
716
755
856
843
793
889
861
779
763
778
832
803
809
795
833
742
743
712
710
799
713
701
842
820
827
787
708
693
774
752
698
687
837
777
826
694
819
754
747
728
709
705
800
723
828
817
815
814
794
772
764
762
760
759
756
745
733
696
847
830
784
781
734
726
718
711
697
848
844
841
840
838
836
835
829
813
812
811
810
808
807
804
798
797
790
783
775
770
765
761
758
753
748
746
741
738
731
730
724
720
706
704
703
700
692
736
768
707
689
732
702
822
782
853
849
845
834
824
823
805
792
780
766
740
739
727
719
695
686
850
818
789
714
839
791
691
688
806
771
725
855
767
802
717
750
883
873
690
788
785
854
860
3626
892
4018
3985
4034
3994
4002
4004
4014
3995
4023
4021
3998
4038
4009
3988
3986
667
4031
4030
4027
4026
4022
4020
4019
4013
4007
4003
3997
3991
3987
3982
594
4016
3980
3990
4025
4037
4005
3999
3983
4024
4010
4015
4011
3849
167
32
3781
3789
3444
3949
3882
243
93
532
3653
3585
3536
3657
3819
3541
3441
3742
3817
3546
3487
3606
3814
3952
3932
3513
3933
3696
3478
3914
3791
3494
3941
3827
3523
3631
3955
3973
3524
3572
3769
3685
3652
3895
3810
3969
3976
3763
3671
3818
3648
3843
3623
3601
3668
3775
3531
661
534
8
317
337
190
572
3700
3823
3777
3978
3667
3461
3655
3515
3519
3646
3438
3690
3610
3934
3749
3801
3715
3562
3901
3720
3743
3628
3567
3847
3874
3549
3940
3891
3471
3821
3483
3473
3892
3857
3739
3725
3595
3538
3498
3600
3485
3492
3764
3559
3457
3462
3963
3894
3773
3848
3844
3751
3632
3920
3776
3660
3566
3727
3490
3603
3766
3587
3915
3782
3956
3620
3458
3647
3638
3616
3439
3910
3607
3858
3960
3950
3967
3500
3762
3761
3630
3510
3753
3907
3815
3639
3581
3880
3838
3707
3450
3832
3779
3658
3627
3578
3542
3540
3503
3479
3944
3710
3666
3455
3828
3611
3899
3833
3803
3509
3855
3792
3768
3568
3474
3785
3731
3730
3528
3527
3488
3452
3859
3497
3678
3583
3881
3645
3937
3758
3614
3564
3468
3459
3795
3767
3622
3499
3840
3722
3475
3472
3573
3563
3930
3677
3876
3778
3728
3608
3496
3470
3860
3883
3737
3866
3724
3719
3903
3822
3784
3680
3643
3584
3665
3909
3906
3870
3711
3706
3493
3850
3598
3553
3508
3505
3837
3825
3464
3774
3757
3708
3675
3579
3931
3924
3869
3826
3794
3793
3714
3593
3555
3972
3829
3786
3529
3466
3443
3692
3557
3547
3800
3693
3609
3682
3863
3662
3977
3867
3865
3740
3735
3705
3636
3599
3765
3971
3141
3200
3354
3105
247
212
1664
1031
672
663
480
627
643
622
588
665
632
615
576
582
675
595
658
636
485
662
659
640
583
598
621
589
575
647
472
568
411
453
198
441
349
427
91
140
116
146
195
310
44
321
46
19
217
229
208
344
269
157
17
262
28
586
631
540
437
3968
3889
3750
3491
3440
3948
3911
3864
3813
3804
3760
3755
3702
3697
3691
3687
3669
3654
3651
3617
3576
3552
3514
3873
3872
3852
3842
3736
3672
3625
3621
3550
3520
3484
3480
3888
3589
3943
3877
3734
3656
3633
3618
3495
3448
3964
3945
3612
3604
3979
3975
3966
3965
3962
3961
3958
3957
3953
3951
3947
3938
3936
3929
3927
3926
3921
3919
3918
3917
3916
3913
3912
3908
3904
3902
3900
3898
3897
3896
3893
3884
3878
3875
3871
3868
3862
3861
3856
3853
3845
3841
3836
3835
3834
3831
3824
3812
3811
3809
3808
3806
3805
3802
3799
3797
3796
3790
3788
3787
3783
3780
3772
3771
3770
3759
3756
3754
3752
3747
3744
3738
3726
3721
3718
3717
3716
3713
3712
3703
3701
3698
3694
3688
3683
3681
3679
3674
3670
3664
3663
3659
3649
3644
3642
3641
3640
3635
3634
3629
3624
3619
3615
3613
3605
3602
3596
3594
3591
3590
3588
3575
3574
3571
3570
3569
3558
3556
3554
3548
3545
3543
3535
3534
3533
3532
3526
3525
3522
3521
3518
3516
3512
3511
3507
3506
3502
3489
3486
3482
3481
3477
3476
3469
3465
3463
3460
3456
3454
3449
3447
3446
3445
3442
3586
3517
3501
2834
3122
3053
2799
2930
3251
3028
3063
3382
3314
3413
3143
3048
2860
3109
3352
2747
2895
2671
2975
2852
2884
3436
3286
3241
1961
120
3
318
295
283
51
38
168
375
2942
2900
3223
3091
2824
1038
1607
937
3266
2760
1098
1263
2735
1838
929
945
1093
1762
551
469
381
1887
1162
1154
1134
1168
1546
1417
1481
1167
1507
677
616
1030
938
1747
912
653
620
574
618
579
449
685
684
682
681
679
678
674
673
670
666
657
656
655
650
644
633
628
625
624
623
617
612
611
608
600
599
584
578
577
573
1677
554
509
477
635
385
490
680
664
654
626
619
605
603
597
592
634
543
371
541
549
533
529
416
369
562
522
502
501
499
498
478
476
468
464
459
448
440
429
426
401
393
383
380
377
364
671
652
511
508
466
372
590
425
536
494
409
504
470
521
669
495
362
352
474
545
434
418
496
446
402
518
516
505
486
456
424
357
445
488
570
646
461
458
415
397
530
481
450
365
546
491
405
403
565
528
519
455
547
497
382
14
331
309
127
36
291
105
222
84
81
314
176
201
193
110
139
135
214
97
41
148
303
178
96
30
5
266
285
50
48
9
298
170
133
273
152
4
68
173
162
115
151
111
248
143
73
186
197
184
327
147
219
278
227
225
272
117
85
100
323
261
98
268
82
80
276
239
119
104
63
329
27
299
191
101
92
24
280
258
132
69
339
237
83
118
16
267
155
124
333
326
312
226
20
1853
1865
1147
3068
3069
2822
2688
525
423
398
645
587
639
567
557
535
482
479
473
395
367
539
493
368
1855
1543
1514
560
462
420
408
1775
1681
1203
1328
3886
3851
3830
3741
3684
3592
3577
3561
3437
862
955
1317
1087
1023
1325
1751
3402
2809
3124
3365
3167
3156
3281
2958
3425
2938
2744
3058
2846
3276
3401
3262
3169
3283
3008
2889
3148
3088
3050
2718
2788
2980
3111
3435
3163
3278
3197
2861
2776
3249
3219
3208
2856
2672
3372
3180
3079
2847
2811
2779
3062
3016
2990
2758
2720
3229
3235
2770
2733
3312
2727
2851
2769
3336
2696
2929
3225
2875
3043
2768
2772
2967
3299
3260
2989
2829
2983
2886
2785
3322
3155
3398
2937
2783
2746
3316
3239
2970
2952
3326
3182
3236
3187
2801
2939
2825
3205
3196
2865
3188
2780
2935
2675
3012
2949
3341
3307
2819
2699
3409
3081
3318
2879
2670
2882
3174
3328
3242
3289
3157
3057
2957
3423
2767
2703
3014
3285
3087
3017
3007
2692
3144
2871
2748
3414
3171
3075
3368
3072
3044
2805
3034
3360
3209
2687
3250
2766
2743
3431
3418
3321
3150
2723
3374
3159
2995
2978
2789
3399
3036
3366
3112
3076
2844
2775
3253
3098
2673
3238
3084
2924
2993
2862
2777
2745
3349
3215
2859
3149
3117
2897
2771
3335
3247
3146
3145
2876
2803
3030
2807
3421
3386
3190
3019
2832
2715
3411
3272
3265
3116
2765
2843
2992
2984
3419
3011
2894
2823
2701
2684
3396
3274
3199
3172
3132
3039
2778
2742
2708
3110
2904
3135
3355
3351
3342
3297
3277
3212
3046
3038
3021
2936
2863
2849
2719
3203
2661
3315
2810
3383
3237
3213
3095
2961
2866
2854
3142
3064
3025
3004
2945
2910
2850
2761
2741
3434
3350
3240
3106
2973
2869
2665
3257
2940
2919
2908
2706
3347
3343
3254
2840
2808
2752
2987
2786
3417
3400
3166
3158
3123
3073
3010
2988
2928
2679
3420
3359
3279
3176
3392
3114
3302
2818
3405
3308
3273
3210
3191
3186
3168
3133
2845
2739
2737
2685
2682
3348
3033
2925
3371
3344
3077
3357
3291
3280
2991
2716
3373
2812
2791
2784
2709
3324
3234
3119
3052
3047
3026
2985
2915
2890
2750
2664
3295
3292
3275
3246
3244
2806
3388
3202
3195
3096
3000
2920
2880
2835
2800
2787
3259
3189
2932
3387
3301
3293
3129
3029
2931
2916
2773
2756
2683
3363
3304
2986
2974
2960
2815
2689
2971
2923
3284
3232
3184
3108
3040
2969
2944
2909
2905
2896
2864
2839
2827
2782
2757
2755
2705
2669
2666
3416
3267
3252
3120
3115
3113
3082
3070
2833
3178
3140
2946
2751
2702
3313
3099
2841
2711
2690
3426
3139
3137
3090
2738
2710
3415
3353
3207
3206
3192
3051
3410
1178
3136
3005
2883
2281
2505
340
109
161
22
284
277
232
142
141
21
211
200
172
169
334
265
236
196
128
113
72
66
55
45
26
25
13
10
322
304
87
2813
2764
1856
1346
559
503
404
374
3412
3331
3233
3001
2962
1395
972
1537
991
961
1501
1275
1139
1781
1220
1053
1897
1658
1444
1364
1564
1385
910
1556
1363
1314
969
1749
1106
1187
1704
1525
907
3263
3100
2707
1766
1679
974
1308
1631
1490
1286
1411
1803
1676
1822
1477
1434
1731
931
1450
1579
948
1905
1441
1050
1727
1415
1906
1397
1696
1055
1114
3164
2976
1701
1599
1406
1372
1699
1152
1738
1650
1569
1310
940
1654
1593
1568
1756
1624
1469
389
1801
1818
1575
914
913
935
1165
1583
1694
1443
1131
1052
981
902
1878
1773
1196
1158
1602
1080
1414
1015
989
975
1708
1529
1018
1259
1815
1304
1900
1555
1169
1127
1508
1899
1812
1587
1432
1190
1728
1611
1413
1067
1060
1035
1016
1496
1901
1342
939
1716
1279
1036
1841
1790
1764
1649
1592
1573
1550
1515
1292
1284
1129
1082
1482
1366
1072
1703
1349
538
1641
1908
1486
1500
1412
1159
1070
1010
1784
1378
901
1872
1691
1655
1647
1462
1315
1148
1120
1709
1188
949
1850
933
1802
1493
1468
958
1244
1141
1005
1719
1421
1193
1418
1143
1894
1828
1582
1504
1306
1303
1896
1357
1392
1227
1009
1857
1596
1578
1350
1257
1019
994
1820
1732
1459
1104
942
1748
1348
1041
1105
1893
1873
1636
1576
1345
1322
1100
1299
977
1373
1032
941
1786
1489
1429
1247
1215
1667
1311
1648
1533
1118
1910
1831
1671
1210
1095
915
1889
1499
1138
979
1824
924
896
1236
1606
1506
1320
1300
1404
1792
1876
1848
1783
1770
1502
1451
1316
1281
1241
1225
1221
1166
1121
1102
1051
1042
1037
1007
965
957
944
596
1368
1197
1877
1226
1001
1895
1837
1798
1787
1629
1601
1548
1371
1333
1319
1216
1186
992
1875
1871
1742
1595
1309
1273
1108
1099
1081
1882
1830
1446
1425
1318
1235
1122
630
1400
976
422
1844
637
593
591
553
537
506
471
452
432
414
363
1967
1338
569
510
457
451
436
433
421
407
391
350
1574
1545
1374
1358
1013
930
676
609
558
542
513
512
465
460
444
431
430
417
412
392
387
378
373
348
34
1777
1343
1313
683
614
606
604
580
561
556
555
548
544
531
527
524
523
520
517
515
514
507
500
492
489
487
475
463
442
439
438
419
413
410
400
396
394
388
370
361
360
359
355
354
347
346
345
343
342
341
338
336
332
330
325
320
315
313
311
305
302
301
300
297
296
290
288
281
275
274
271
264
263
260
259
257
254
253
252
251
250
249
242
238
235
231
230
228
224
223
221
220
218
213
210
206
204
203
199
194
189
188
187
185
181
180
177
175
165
164
160
159
158
156
153
150
149
144
137
134
131
130
129
126
123
121
114
108
102
99
95
94
90
89
88
86
79
78
77
75
70
65
64
62
60
59
57
56
54
53
52
47
40
39
31
29
23
11
6
2
1
1025
922
1517
1678
1674
1832
1401
1084
1772
1796
1571
1237
1811
1054
1723
1846
1375
1630
1492
1389
1321
1039
1435
1112
1874
1198
1370
1278
1207
1598
1238
1150
3361
3319
3201
2941
2903
2693
1670
1534
1476
1058
1200
1064
2252
1524
1359
1312
1239
1068
1542
1881
1436
1250
1135
1040
1851
1083
1075
1736
1754
983
1746
1652
1149
1125
1487
1140
998
484
1692
1223
1113
651
483
366
353
1861
995
1734
1665
1535
1440
1205
1191
1847
1174
970
1615
1410
1144
1085
1045
1369
1283
1866
1806
1687
1567
1073
1825
1494
1136
1014
919
3248
3002
2955
2781
2762
2730
3264
3256
3255
3433
3430
3428
3427
3424
3422
3406
3404
3403
3397
3395
3394
3393
3391
3390
3389
3385
3384
3381
3380
3379
3378
3377
3370
3369
3367
3364
3362
3358
3356
3346
3345
3340
3339
3338
3337
3334
3333
3332
3330
3329
3327
3325
3320
3317
3309
3306
3305
3303
3300
3298
3296
3294
3288
3287
3270
3269
3261
3258
3245
3243
3231
3228
3226
3224
3222
3220
3218
3217
3214
3211
3204
3198
3194
3193
3185
3181
3179
3177
3170
3162
3161
3160
3154
3153
3152
3151
3138
3130
3128
3126
3118
3107
3104
3103
3102
3101
3097
3094
3093
3092
3089
3086
3085
3083
3080
3078
3071
3067
3066
3065
3061
3060
3059
3056
3054
3049
3045
3042
3041
3035
3032
3027
3024
3023
3022
3020
3018
3015
3013
3009
2999
2998
2997
2996
2994
2982
2981
2979
2977
2972
2968
2966
2965
2964
2959
2956
2954
2953
2951
2950
2948
2947
2943
2934
2933
2927
2921
2917
2914
2913
2912
2911
2907
2906
2901
2899
2898
2893
