0
4023
821
3897
749
3268
1262
52
3006
2421
3489
3942
179
155
1560
3999
358
3813
4032
3853
2527
2817
3375
3699
2714
377
613
3310
2079
4025
3935
891
4036
157
191
2204
1996
49
3407
879
790
743
750
735
851
1854
887
892
796
3131
744
2788
1096
899
305
2980
163
4013
3806
286
638
2842
3771
785
2792
215
384
910
3974
3748
154
216
42
292
90
485
3487
1194
865
3885
2382
244
3991
1119
2857
3709
1627
572
2814
2824
1133
1967
3688
3895
3632
668
2457
691
241
3031
3717
2195
1240
3983
344
1760
2596
1777
1414
585
283
233
4012
3996
267
3424
255
91
3282
4001
2505
1657
1176
201
918
424
23
3071
2798
1253
3820
3751
1022
206
307
401
2008
3570
4024
1969
674
1061
3843
624
3732
4022
3856
35
1276
126
3984
3744
467
1145
2621
1442
3959
205
860
294
12
3389
3650
1586
71
240
190
256
228
1693
1394
2671
3566
219
147
81
3963
832
4016
3990
383
3127
3147
3055
3074
2483
2595
4027
3911
3669
3864
145
3676
2041
2017
192
757
3908
866
894
808
689
802
732
874
702
816
725
707
855
813
873
895
871
864
863
753
716
715
846
786
740
734
880
809
854
782
799
761
807
826
792
850
771
882
878
876
861
729
818
791
779
885
867
839
768
714
687
842
746
736
712
837
824
728
847
774
834
817
797
758
852
803
843
754
752
795
784
833
893
889
888
886
881
877
872
870
869
825
810
890
856
849
835
827
766
748
708
848
798
756
738
722
711
778
828
780
724
723
772
703
853
793
770
741
701
695
829
823
819
815
800
794
787
764
760
747
733
727
720
713
705
696
844
841
840
838
836
831
830
822
820
814
812
811
806
805
804
789
783
777
776
773
769
767
765
763
762
759
751
745
742
739
737
731
730
726
721
718
717
710
709
706
700
699
698
697
694
693
692
690
688
845
781
719
686
755
775
884
883
859
704
788
858
868
801
875
857
4037
4020
4004
4029
4007
3981
4019
4009
4002
4038
4034
4033
4028
4017
4015
4006
4005
3989
4021
4018
4014
3997
3994
3986
4003
3998
4026
4000
3980
4030
3982
3995
3988
3985
3993
4031
594
4010
4011
4035
3992
4008
667
3987
2106
3439
3875
2437
3970
3616
3770
3977
3614
3781
3572
3588
3664
3641
3499
3882
3631
3745
3834
3887
3608
3827
3936
3679
3546
3937
3718
3784
3671
293
225
68
2320
2100
2565
2130
2105
2577
2383
2158
2442
3532
3840
3666
3773
3619
3777
3768
3535
3484
3470
3659
3461
1254
3551
3519
3649
3481
3879
3720
3653
3452
3912
3549
3444
3904
3896
3624
3711
3952
3844
3647
3513
3766
3923
3807
3524
3459
3769
3957
3836
3949
3825
3818
3645
3620
3483
3907
3713
3710
3945
3787
3644
3478
3815
3498
3663
3638
3900
3714
3965
3910
3579
3476
3682
3606
3665
3627
3565
3803
3564
3639
3823
3468
3921
3802
3715
3636
3906
3867
3862
3705
3455
3967
3960
3933
3920
3783
3776
3696
3655
3500
3765
3794
3763
3643
3555
3458
3905
3447
3691
3947
3792
3786
3646
3917
3819
3743
3739
3595
3922
3812
3727
3568
3832
3594
3562
3883
3695
3581
3866
3719
3507
3809
3728
3722
3685
3615
3598
3553
3472
3924
3833
3648
3623
3509
3493
3486
3850
3698
3607
3482
3442
3585
3531
3485
3460
3972
3956
3915
3738
3668
3634
3602
3529
3708
3675
3571
3761
3726
3680
3554
3510
3951
3793
3569
3909
3829
3630
2255
2535
2301
2070
2632
2441
2113
2439
2513
1922
2238
1933
2178
2486
2373
2487
2094
2152
2622
2349
2361
2481
2245
2412
2455
2251
575
660
464
302
77
8
174
2097
2626
227
131
99
2444
2076
2014
2346
1950
1977
2219
2658
2657
2585
2297
2159
1919
2659
2647
2494
2025
2011
1914
2230
2452
2568
2182
2021
2262
2613
1986
2574
2109
2363
2484
2579
2576
2055
2651
2591
2485
2083
1989
2633
2365
2027
2016
2006
2645
2640
2435
2364
2157
2022
2013
1957
1988
2090
2154
2140
2121
2639
2060
2281
2378
2024
1927
2270
2288
2614
2534
2450
2431
2375
2358
2263
2228
2227
2197
2119
2080
2051
1978
2523
2156
2129
2089
2049
2656
2114
2405
2160
2091
2587
2403
2342
2166
2146
2120
2066
2341
2035
1960
2644
2497
2314
2388
1934
2136
2098
2495
2559
2392
2059
2606
2482
2477
2240
2164
1963
1938
2654
2602
2590
2563
2550
2356
2326
2287
2258
2124
2077
2037
2009
1995
2553
2469
2353
2306
2276
2253
2229
2218
2201
2179
2172
2131
2115
2108
2093
2030
1993
1979
1973
2260
1924
2506
2387
2056
2655
2625
2615
2600
2467
2418
2381
2331
2112
2074
2507
2446
2423
2359
2340
2271
2216
2213
2103
2045
2033
1943
2601
2564
2454
2290
2150
2142
2118
2043
1966
1925
2443
2393
2303
1942
2488
2448
2371
2291
2256
2236
1974
2214
2618
2210
2493
1952
2611
2499
2048
3940
3575
3874
3657
3473
3445
3934
3755
3559
3552
3730
3670
3707
3503
3610
3779
3869
3658
3474
3450
3543
3629
3497
3526
3880
3479
3845
3454
3737
3654
3891
3979
3767
3690
3617
3759
3758
3788
3872
3547
3471
3736
3913
3635
3542
3518
3512
3521
3838
3828
3790
3762
3642
3574
3557
3514
3517
3495
3858
3712
3491
3488
3966
3573
3462
3889
3533
1252
1546
685
3723
3530
3978
3976
3975
3973
3969
3964
3958
3954
3950
3946
3941
3939
3931
3930
3928
3919
3918
3914
3903
3902
3899
3898
3894
3893
3892
3890
3881
3876
3871
3870
3868
3865
3863
3861
3860
3859
3857
3855
3854
3849
3848
3846
3839
3837
3835
3826
3822
3821
3817
3816
3814
3810
3804
3801
3799
3795
3791
3789
3782
3778
3775
3774
3764
3757
3754
3753
3752
3747
3742
3740
3735
3733
3731
3725
3724
3716
3706
3704
3703
3701
3700
3687
3686
3681
3662
3660
3652
3640
3637
3622
3613
3611
3605
3603
3601
3600
3599
3593
3591
3590
3587
3586
3584
3583
3582
3580
3578
3567
3560
3558
3550
3541
3539
3538
3536
3534
3528
3527
3523
3520
3516
3511
3508
3506
3505
3502
3494
3490
3475
3469
3466
3465
3464
3463
3457
3453
3451
3443
3441
2660
2650
2648
2636
2634
2631
2628
2627
2620
2593
2584
2580
2575
2570
2562
2561
2558
2554
2552
2549
2548
2542
2536
2532
2528
2515
2504
2503
2500
2492
2490
2476
2470
2466
2460
2456
2453
2440
2430
2426
2424
2422
2411
2410
2409
2407
2404
2402
2397
2380
2370
2369
2360
2357
2354
2352
2350
2337
2335
2334
2321
2317
2311
2307
2299
2284
2272
2269
2265
2261
2257
2248
2244
2225
2220
2217
2212
2207
2206
2200
2193
2192
2188
2186
2184
2181
2173
2171
2167
2162
2088
2085
2082
2078
2064
2050
2046
2015
2012
2005
2004
2001
2000
1999
