0
3990
3570
3974
2541
1581
2195
74
883
4036
37
3709
4008
15
3996
3983
3575
3121
3183
255
2714
3453
3935
18
2704
1586
1206
3922
3811
3765
3942
3619
2788
674
1579
3031
571
215
411
12
1558
43
377
775
335
860
292
256
2269
3650
114
1834
42
4025
4016
4007
3982
4000
3986
4021
4005
4019
4028
4014
4018
3997
3994
4023
3993
4020
4038
4037
4034
4033
4032
4030
4029
4026
4024
4022
4017
4015
4012
4009
4006
4003
4001
3999
3998
3995
3992
3989
3988
3985
3984
3981
4027
4013
4011
4004
4002
3991
3980
4031
594
4010
3987
788
872
802
791
691
806
767
789
725
732
874
750
825
818
768
822
786
743
712
700
783
730
716
797
836
795
855
854
852
851
839
833
821
816
812
808
804
796
793
790
785
771
757
751
749
742
740
736
735
714
707
704
702
699
692
689
3910
3582
3494
876
887
873
858
776
895
879
878
849
846
826
701
687
835
807
741
838
761
718
837
832
820
780
763
710
717
770
688
889
861
729
799
773
758
726
723
720
715
711
697
817
794
774
766
762
756
755
737
733
728
727
722
706
853
850
848
847
844
842
834
829
814
813
810
784
782
778
777
752
746
738
734
731
721
696
695
693
690
856
828
800
760
724
845
843
831
827
824
819
815
809
792
787
781
779
765
764
759
754
748
747
739
709
705
694
686
3854
3660
3445
3626
3976
3958
3911
3885
3807
3749
3653
3751
3772
3668
3846
3689
3572
3486
3607
3644
3955
3718
3645
3939
3905
3806
3585
3920
3929
3646
3503
3647
3720
3681
3978
3844
3716
3513
3439
3536
3657
3818
3623
3509
3967
3478
3870
3620
3794
3921
3598
3963
3662
3549
3446
3583
3887
3601
3617
3614
3468
3863
3490
3482
3837
3571
3488
3919
3904
3763
3555
3754
3669
3747
3664
3690
3524
3499
3799
3581
3565
3809
3759
3940
3819
3743
3567
3541
3538
3510
3459
3915
3829
3821
3975
3836
3774
3675
3947
3924
3909
3591
3768
3752
3568
3529
3474
3464
3443
3822
3643
3584
3569
3506
3493
3876
3867
3827
3735
3590
3498
3603
3790
3731
3528
3860
3894
3682
3580
3941
3791
3728
3705
3678
3629
3615
3608
3597
3508
3505
871
894
893
892
891
890
888
886
885
884
882
881
880
877
875
870
869
867
866
864
863
859
840
830
823
811
805
803
798
772
769
753
745
719
713
708
703
3605
3559
3462
3693
3527
3926
3918
3913
3700
3695
3691
3635
3594
3562
3552
3481
3457
3795
3656
3702
3563
3484
3471
3610
3888
3589
3618
3611
3803
3738
3950
3889
3780
3800
3796
3760
3604
3884
3873
3804
3756
3692
3596
3438
3734
3703
3697
3600
3495
868
865
1270
4035
3954
3859
3621
3444
3530
3504
3979
3977
3973
3972
3971
3970
3969
3968
3966
3965
3964
3961
3960
3959
3957
3956
3953
3952
3951
3949
3948
3946
3945
3944
3938
3937
3936
3934
3933
3932
3931
3930
3928
3927
3925
3923
3917
3916
3914
3912
3908
3907
3906
3903
3902
3901
3900
3899
3898
3897
3896
3895
3893
3892
3891
3890
3883
3882
3881
3880
3879
3878
3874
3871
3869
3868
3866
3865
3864
3862
3858
3857
3855
3853
3852
3850
3849
3848
3847
3845
3843
3842
3841
3840
3839
3838
3835
3834
3833
3832
3831
3828
3826
3825
3824
3823
3820
3817
3816
3815
3814
3813
3812
3810
3808
3805
3802
3801
3798
3797
3793
3792
3789
3788
3787
3786
3785
3784
3783
3782
3781
3779
3778
3777
3776
3775
3773
3771
3770
3769
3767
3766
3764
3762
3761
3758
3757
3755
3753
3748
3746
3745
3744
3742
3740
3739
3737
3736
3733
3732
3730
3729
3727
3726
3725
3724
3722
3721
3719
3717
3715
3714
3713
3712
3711
3710
3708
3707
3706
3704
3701
3699
3698
3696
3694
3688
3687
3686
3685
3683
3680
3679
3677
3676
3673
3672
3671
3670
3667
3666
3665
3663
3661
3659
3658
3655
3654
3652
3651
3649
3648
3642
3641
3640
3639
3638
3637
3636
3634
3633
3632
3631
3630
3628
3627
3625
3624
3622
3616
3613
3612
3609
3606
3602
3599
3595
3593
3588
3587
3586
3579
3578
3576
3574
3573
3566
3564
3560
3558
3557
3556
3554
3553
3551
3548
3547
3546
3545
3544
3543
3542
3540
3539
3537
3535
3534
3533
3532
3531
3526
3523
3522
3521
3520
3519
3518
3517
3516
3515
3514
3512
3511
3507
3502
3500
3497
3496
3492
3491
3489
3485
3483
3480
3479
3477
3476
3475
3473
3472
3470
3469
3467
3466
3465
3463
3461
3460
3458
3455
3454
3452
3450
3449
3448
3447
3442
3441
857
698
110
2013
253
267
240
191
3962
3943
3886
3877
3872
3851
3830
3750
3741
3684
3674
3592
3577
3561
3550
3525
3501
3456
3440
862
1264
1414
1711
633
625
598
675
665
621
664
579
575
647
627
615
582
576
661
650
632
595
684
677
672
636
626
611
605
603
597
586
671
3861
3723
3487
3437
472
365
443
349
407
435
631
620
619
516
381
498
356
437
574
552
590
666
521
501
562
530
491
396
382
470
454
2014
2444
2595
2178
2119
2041
1969
1956
1977
2048
2177
2431
2439
1974
2312
2432
2252
2106
2094
2114
2517
2322
2256
2175
2155
2008
2034
2531
2227
2610
2568
2522
2558
2260
2288
2349
2170
2236
2514
2249
2113
2628
2158
2089
2082
1965
2641
2186
2141
2080
2036
2488
2473
2096
2540
2362
2272
1923
2129
1960
2232
2010
2012
2311
2466
2255
2305
2273
2057
2393
2359
1953
2576
2539
2262
2085
2157
2050
2493
2390
2226
2221
1952
2060
2606
2414
2386
2374
2370
2350
2307
2281
2438
2110
2000
1950
2537
2222
2588
2475
2494
2652
2598
2396
2327
2274
2235
2075
1939
2298
2270
2211
2182
2476
2443
2067
2044
2559
2478
2460
2379
2338
2334
2315
2246
2208
2099
2028
1964
2068
2042
2357
2534
2173
1975
1934
2538
2297
2202
2497
2658
2633
1914
2397
2335
2286
2591
2428
2376
2352
2309
2306
2172
2131
1993
1979
2657
2627
2435
2006
1928
2586
2563
2552
2507
2485
2381
2323
2299
2229
2218
2201
2184
2164
2622
2401
2207
1988
2587
2156
1990
2620
2585
2159
1980
1919
2654
2623
2604
2600
2564
2560
2506
2369
2354
2353
2290
2257
2233
2190
2165
2139
2123
2108
2104
2074
2073
2064
2056
2055
2030
2026
1983
1946
1943
1938
1917
2455
2341
2251
2491
2325
2198
2031
301
300
87
208
218
197
79
160
161
309
139
135
127
216
154
147
59
91
259
8
85
341
125
10
155
146
50
39
289
2647
2640
2629
2364
2289
2171
2135
2027
2024
1998
1972
1926
246
183
45
188
156
5
3
283
93
17
184
159
36
296
24
190
62
6
196
230
121
225
100
249
80
313
222
134
75
67
63
60
13
261
186
23
53
33
325
307
274
265
212
142
7
337
310
213
9
203
297
288
276
252
221
200
199
130
113
105
98
94
83
31
26
21
185
158
44
138
89
172
144
41
328
195
181
312
280
236
54
3271
2998
1854
1065
1776
1817
1417
1057
1477
2616
2597
2594
2567
2529
2512
2511
2498
2451
2417
2413
2394
2355
2347
2333
2319
2267
2189
2183
2180
2151
2144
2143
2134
2132
2128
2111
2072
2038
1932
1916
1498
1411
1546
1403
956
2533
2530
2510
2508
2501
2420
2351
2332
2328
2292
2285
2266
2239
2196
2194
2187
2149
2081
2065
1948
1945
1920
1050
1822
935
1157
912
950
1780
1150
1141
1139
1858
1887
1326
1268
1196
1594
1046
1719
1641
923
1246
1731
1038
1631
1218
1016
1646
974
1442
1587
1164
1538
940
1723
1749
937
1251
1802
1424
1137
1354
1168
1005
964
1866
1301
1085
1317
1418
1143
970
1760
1296
1478
1564
1504
1481
1152
909
1884
1889
1384
1299
1283
1853
649
1501
1401
1638
1624
1633
1635
1100
1708
1556
1437
1219
1435
1375
1091
1826
1468
1333
1314
938
1647
1655
1322
1840
1090
1619
1542
1448
934
1177
1909
1815
1131
944
1696
1772
1288
1285
1634
986
1747
1601
1568
1378
903
1832
1409
1063
1895
1880
1798
1787
901
1254
1030
1849
1341
1348
1189
1562
1835
1810
1761
1714
1610
1539
1532
1339
1267
1163
1123
1024
984
941
1910
1295
1212
1704
1503
1241
971
1898
1827
1754
1722
1483
1370
982
1829
1838
1328
1851
1613
1609
1467
1146
1026
960
1886
1836
1717
1710
1675
1643
1637
1632
1516
1365
1340
1302
1198
1132
1126
1092
916
1906
1781
1469
1310
1170
1127
1035
1782
921
1820
1582
1245
1636
1885
1818
1807
1575
1453
1555
1136
1033
1685
1877
1804
1771
1663
1659
1572
1557
1554
1471
1269
1250
1243
1222
1175
1116
1078
1003
1224
1691
1591
1573
1279
1227
1307
1871
1742
1595
1316
1309
1863
1799
1769
1612
1522
1513
1470
1458
1398
1376
1256
1214
1083
922
1903
1875
1872
1850
1841
1628
1596
1578
1550
1438
1426
1413
1379
1315
1298
1221
1190
1115
1081
1021
1015
994
975
957
1526
1273
1231
1060
1876
644
1650
1576
1235
1019
618
1743
1967
1808
1338
634
554
543
541
534
508
449
415
369
1763
1791
1724
1540
1519
1416
1407
1377
1367
1334
1074
1049
439
352
1813
1620
1506
1160
953
913
560
398
1899
1824
1801
1783
1766
1682
1625
1565
1492
1464
1455
1454
1396
1382
1373
1324
1303
1294
1281
1148
1113
1104
948
917
639
546
502
487
452
450
442
1408
1210
614
512
392
387
1311
451
685
682
681
680
679
678
673
670
668
667
663
662
660
659
658
657
655
654
653
652
648
645
643
640
638
635
630
629
628
624
623
622
617
616
613
612
609
608
607
600
599
593
592
589
588
585
584
583
578
577
573
544
427
1699
1681
1545
1472
1275
1041
1037
518
505
486
380
357
1358
683
676
646
610
604
587
555
506
489
488
458
423
410
405
397
360
1549
1490
1320
1001
1740
1332
1179
669
656
591
455
402
378
1778
1744
1677
1529
1514
1512
1475
1349
1237
1122
1075
976
637
559
542
537
520
515
514
503
482
462
432
431
430
409
394
572
570
569
568
567
566
565
564
561
558
557
556
553
551
549
548
547
545
540
539
536
535
533
532
531
529
528
527
525
524
523
522
519
513
511
510
509
507
504
500
499
497
496
495
494
493
492
490
485
481
480
479
478
477
476
474
473
471
469
468
466
465
464
463
461
460
459
457
456
453
448
446
445
444
441
440
438
436
434
433
429
426
425
424
422
421
419
418
417
416
413
412
408
406
404
403
401
400
399
395
393
391
390
388
386
385
384
383
375
374
373
372
371
370
368
367
364
362
361
359
358
355
354
351
350
34
2660
2659
2656
2655
2653
2651
2650
2649
2648
2646
2645
2644
2643
2642
2639
2638
2637
2636
2635
2634
2632
2631
2630
2626
2625
2624
2621
2619
2618
2617
2615
2614
2613
2612
2611
2609
2608
2607
2605
2603
2602
2601
2599
2596
2593
2592
2590
2589
2584
2583
2582
2581
2580
2579
2578
2577
2575
2574
2573
2572
2571
2570
2566
2565
2562
2561
2557
2556
2555
2554
2553
2551
2550
2549
2548
2547
2546
2545
2544
2543
2542
2536
2535
2532
2528
2527
2526
2525
2524
2523
2521
2520
2519
2518
2516
2515
2513
2509
2505
2504
2503
2502
2500
2499
2496
2495
2492
2490
2489
2487
2486
2484
2483
2482
2481
2480
2479
2477
2474
2472
2471
2470
2469
2468
2467
2465
2464
2463
2462
2461
2459
2458
2456
2454
2453
2452
2450
2449
2448
2447
2446
2445
2442
2441
2440
2437
2436
2434
2433
2430
2429
2427
2426
2425
2424
2423
2422
2421
2419
2418
2416
2415
2412
2411
2410
2409
2408
2407
2406
2405
2404
2403
2402
2400
2399
2398
2395
2392
2391
2389
2388
2387
2385
2384
2383
2382
2380
2378
2377
2375
2373
2372
2371
2368
2367
2366
2365
2363
2361
2360
2358
2356
2348
2346
2345
2344
2343
2342
2340
2339
2337
2336
2331
2330
2329
2326
2324
2321
2320
2318
2317
2316
2314
2313
2310
2308
2304
2303
2302
2301
2300
2296
2295
2294
2293
2291
2287
2284
2283
2282
2280
2279
2278
2277
2276
2275
2271
2268
2265
2264
2263
2261
2259
2258
2254
2253
2250
2248
2247
2245
2244
2243
2242
2241
2240
2238
2237
2234
2231
2230
2228
2225
2224
2223
2220
2219
2217
2216
2215
2214
2213
2212
2210
2209
2206
2205
2204
2203
2200
2199
2197
2193
2192
2191
2188
2185
2181
2179
2176
2174
2169
2168
2167
2166
2163
2162
2161
2160
2154
2153
2152
2150
2148
2147
2146
2145
2142
2140
2138
2137
2136
2133
2130
2127
2126
2125
2124
2122
2121
2120
2118
2117
2116
2115
2112
2109
2107
2105
2103
2102
2101
2100
2098
2097
2095
2093
2092
2091
2090
2088
2087
2086
2084
2083
2079
2078
2077
2076
2071
2070
2069
2066
2063
2062
2061
2059
2058
2054
2053
2052
2051
2049
2047
2046
2045
2043
2040
2039
2037
2035
2033
2032
2029
2025
2023
2022
2021
2020
2019
2018
2017
2016
2015
2011
2009
2007
2005
2004
2003
2002
2001
1999
1997
1996
1995
1994
1992
1991
1989
1987
1986
1985
1984
1982
1981
1978
1976
1973
1971
1970
1968
1966
1963
1962
1961
1959
1958
1957
1955
1954
1951
1949
1947
1944
1942
1941
1940
1937
1936
1935
1933
1931
1930
1929
1927
1925
1924
1922
1921
1918
1915
1913
1718
119
81
347
346
345
344
343
342
340
339
338
336
334
333
332
331
330
329
327
326
324
323
322
321
320
319
