0
3984
3854
209
43
550
3407
4022
3031
3268
757
833
808
806
725
854
841
839
836
822
821
802
801
796
795
791
789
788
786
785
775
771
767
758
750
749
744
743
740
732
714
712
707
704
702
699
692
691
689
3983
4025
3999
4018
3946
3955
866
858
894
879
887
846
826
812
737
884
864
693
735
832
710
855
852
717
885
761
837
809
793
783
770
763
716
790
723
720
715
711
700
886
882
853
834
799
768
756
733
706
851
850
847
829
816
813
794
784
782
778
773
762
752
751
746
742
738
736
734
722
701
694
690
869
814
797
774
755
845
843
838
831
817
807
792
787
779
765
764
759
741
739
730
728
718
705
856
849
848
844
842
835
827
824
820
818
815
800
781
780
777
769
766
760
754
748
731
727
726
724
721
709
696
695
688
687
686
4009
4038
4037
4036
4035
4034
4033
4032
4030
4029
4028
4027
4026
4024
4021
4019
4017
4016
4015
4014
4012
4010
4008
4007
4006
4005
4003
4002
4001
4000
3998
3997
3996
3995
3994
3993
3992
3991
3990
3988
3987
3986
3985
3982
3981
3733
3560
3781
3544
3660
3619
3923
3494
3806
3720
3848
3941
3953
3732
3539
3447
3503
3965
3899
3973
3490
3892
3770
3896
3632
3754
3690
3700
3483
3450
3665
3913
3976
3898
3523
3516
3809
3675
3912
3598
3543
3459
3535
3534
3524
3821
3784
3975
3764
3724
3668
3680
3931
3881
3786
3602
3951
3810
3493
3769
3585
3937
3921
3791
3710
3698
3636
3505
3536
895
893
892
891
890
889
888
883
881
880
878
877
876
875
874
873
872
871
870
868
867
865
863
861
859
840
830
828
825
823
819
811
810
805
804
803
798
776
772
753
747
745
729
719
713
708
703
697
49
131
46
296
187
101
237
190
124
99
83
51
140
310
258
201
219
147
89
228
194
92
2382
2437
2105
2515
2260
2281
2441
2380
2217
2113
2486
2466
2644
2082
1960
2577
2357
1934
2341
2651
2265
2236
2035
2207
2284
2192
2012
347
341
199
158
75
211
223
178
334
345
156
172
281
98
66
55
40
2200
2179
4023
4020
4013
4004
3989
3980
3742
3726
3961
3775
498
501
2788
3408
2952
2884
3229
3336
2852
3333
3317
3030
2922
3122
3053
3425
2817
3143
3194
3181
3131
2918
2816
3114
3058
3013
3312
3106
2851
2663
3294
3008
3303
2802
2723
3400
3036
3293
2945
3404
3325
2982
3237
3047
2994
2927
2679
2832
2772
2868
2917
2897
3426
3362
3108
3104
3096
3033
3029
3022
2800
2755
2754
2749
2770
2687
1194
2576
2376
2339
2172
2164
2074
2069
2490
2626
2348
1961
2580
2403
2314
2193
2023
2287
2460
2306
2033
3321
3242
3368
2856
3342
3121
2787
3341
3296
3115
2797
2708
3272
3182
3017
2973
3007
3048
3038
2795
2778
2871
3085
2915
2815
2777
2676
2900
3159
3416
3378
3351
3320
3204
2992
2881
2812
3273
3635
3779
3772
3462
3712
3547
3928
3788
3916
3522
3672
3563
3484
3438
3860
3796
3873
3858
3831
3800
3618
3596
3545
3979
3978
3977
3974
3972
3971
3970
3969
3968
3967
3966
3964
3963
3960
3959
3958
3957
3956
3954
3952
3950
3949
3947
3945
3944
3942
3940
3939
3938
3936
3935
3934
3933
3932
3930
3929
3927
3926
3925
3924
3922
3920
3919
3918
3917
3915
3914
3911
3910
3909
3908
3907
3906
3905
3904
3903
3902
3901
3900
3897
3895
3894
3893
3891
3890
3889
3888
3887
3885
3884
3883
3882
3880
3879
3878
3876
3875
3874
3871
3870
3869
3868
3867
3866
3865
3864
3863
3862
3859
3857
3856
3855
3853
3852
3850
3849
3847
3846
3845
3844
3843
3842
3841
3840
3839
3838
3837
3836
3835
3834
3833
3832
3830
3829
3828
3827
3826
3825
3824
3823
3822
3820
3819
3818
3817
3816
3815
3814
3813
3812
3811
3808
3807
3805
3804
3803
3802
3801
3799
3798
3797
3795
3794
3793
3792
3790
3789
3787
3785
3783
3782
3780
3778
3777
3776
3774
3773
3771
3768
3767
3766
3765
3763
3762
3761
3760
3759
3758
3757
3755
3753
3752
3751
3750
3749
3747
3746
3745
3744
3743
3740
3739
3738
3737
3736
3735
3734
3731
3730
3729
3728
3727
3725
3722
3721
3719
3718
3717
3716
3715
3714
3713
3711
3708
3707
3706
3705
3704
3703
3702
3701
3699
3697
3696
3695
3694
3693
3691
3689
3688
3687
3686
3685
3683
3682
3681
3679
3678
3677
3676
3674
3673
3671
3670
3669
3667
3666
3664
3663
3662
3661
3659
3658
3657
3656
3655
3654
3653
3652
3650
3649
3648
3647
3646
3645
3644
3643
3642
3641
3640
3639
3638
3637
3634
3631
3630
3629
3628
3627
3626
3625
3624
3623
3622
3621
3620
3617
3616
3615
3614
3613
3612
3611
3610
3608
3607
3606
3605
3604
3603
3601
3600
3599
3597
3595
3594
3593
3591
3590
3589
3588
3587
3586
3584
3583
3582
3581
3580
3579
3578
3577
3576
3575
3574
3573
3572
3571
3570
3569
3568
3567
3566
3565
3564
3562
3559
3558
3557
3555
3554
3553
3552
3551
3549
3548
3546
3542
3541
3538
3537
3533
3532
3531
3530
3529
3528
3527
3526
3521
3520
3519
3518
3517
3515
3514
3513
3512
3511
3510
3509
3508
3507
3506
3504
3502
3500
3499
3498
3497
3496
3492
3491
3489
3488
3486
3485
3482
3481
3480
3479
3478
3477
3476
3475
3474
3473
3472
3471
3470
3469
3468
3467
3466
3465
3464
3463
3461
3460
3458
3457
3455
3453
3452
3451
3449
3448
3446
3445
3444
3443
3442
3441
3439
862
857
698
3346
2914
3107
3089
3081
3424
3360
3313
3190
2898
2762
2700
2696
3379
3282
3264
3198
3086
2784
2686
2685
2665
3396
581
670
658
627
578
332
313
297
280
271
208
200
163
346
344
343
342
340
339
338
337
336
335
333
331
330
328
327
326
325
323
321
320
319
318
317
316
314
312
311
309
307
306
305
303
302
301
300
299
298
295
294
293
292
291
290
289
288
287
286
284
283
282
279
278
277
276
275
274
273
272
270
268
267
266
265
264
263
262
261
260
259
257
256
255
254
253
252
251
250
249
248
247
245
244
243
242
241
240
239
238
236
235
234
233
232
231
230
229
227
226
225
224
222
221
220
218
216
215
214
212
210
207
206
205
204
203
202
197
196
195
193
192
191
188
186
185
184
183
182
181
180
179
177
176
175
174
170
168
167
166
165
164
162
161
160
159
157
155
154
153
152
151
150
149
148
145
144
143
142
141
139
138
137
135
134
133
132
130
129
128
127
126
123
121
118
117
116
115
113
112
111
110
109
108
106
105
104
102
100
97
96
95
94
93
91
90
88
87
86
85
84
82
80
79
78
77
76
74
73
72
71
70
69
68
67
65
63
62
60
59
57
56
54
53
52
50
48
47
45
44
42
41
39
38
37
36
35
33
32
31
30
29
28
27
26
25
24
23
22
20
19
18
17
16
15
14
13
12
11
10
9
8
7
6
5
4
3
2
1
2894
2747
2659
2657
2656
2655
2650
2639
2636
2634
2633
2632
2630
2628
2622
2621
2615
2614
2613
2596
2595
2593
2591
2590
2587
2579
2574
2573
2570
2569
2565
2563
2562
2561
2558
2556
2554
2553
2552
2549
2548
2545
2541
2539
2535
2534
2532
2528
2527
2523
2521
2520
2513
2505
2504
2503
2500
2499
2497
2493
2488
2487
2484
2483
2481
2477
2457
2456
2455
2454
2450
2444
2443
2442
2439
2435
2433
2431
2426
2424
2422
2421
2418
2412
2411
2405
2404
2402
2397
2388
2375
2373
2371
2370
2360
2359
2352
2349
2346
2342
2335
2331
2326
2321
2320
2317
2316
2311
2308
2307
2301
2299
2286
2277
2275
2270
2269
2263
2262
2258
2255
2251
2248
2245
2244
2238
2228
2227
2219
2213
2206
2204
2197
2195
2190
2181
2178
2173
2168
2167
2160
2158
2156
2154
2152
2146
2140
2130
2129
2122
2121
2120
2119
2114
2109
2106
2104
2100
2097
2094
2091
2089
2088
2084
2080
2079
2077
2076
2073
2070
2063
2060
2051
2050
2049
2044
2041
2037
2034
2025
2019
2017
2016
2015
2014
2013
2011
2008
2006
2000
1998
1996
1992
1991
1990
1986
1984
1982
1978
1977
1966
1963
1958
1957
1956
1950
1949
1937
1936
1933
1930
1929
1924
1922
1915
1914
329
81
383
530
2540
2182
2350
2654
2638
2631
2625
2624
2619
2607
2606
2604
2602
2601
2586
2578
2575
2564
2559
2551
2546
2507
2506
2495
2492
2485
2482
2469
2467
2464
2446
2430
2423
2414
2410
2408
2407
2386
2381
2374
2369
2363
2356
2354
2353
2340
2329
2323
2309
2300
2290
2278
2276
2271
2261
2257
2253
2237
2229
2220
2216
2212
2201
2188
2165
2150
2139
2136
2131
2124
2123
2118
2115
2112
2108
2103
2098
2095
2093
2090
2083
2078
2064
2059
2055
2046
2045
2043
2040
2030
2021
2020
2005
1997
1993
1989
1979
1971
1962
1953
1946
1943
1938
1925
1918
1917
2392
2170
1988
1975
1974
2536
2233
2452
2162
2107
2474
2448
2166
2618
2358
2230
2126
2313
2660
2645
2583
2157
2022
1928
2361
2611
2584
2550
2478
2476
2395
2391
2334
2288
2184
2142
2056
1983
2453
2581
2641
2226
2401
2648
2159
2061
1980
2514
2440
2310
2256
2231
2210
2175
1965
1944
2048
2312
1952
2531
2400
2208
1969
2496
2462
2324
2252
2177
2029
1985
2568
2096
2623
2427
2572
2305
2110
2099
2057
2242
2186
1987
2599
2610
2557
2525
2517
2480
2425
2416
2362
2291
2272
2141
2066
1923
2646
2600
2560
2526
2489
2473
2449
2429
2428
2409
2393
2387
2383
2303
2249
2240
2234
2218
2147
2092
2086
2067
2058
1942
2522
2658
2627
2620
2585
2365
2297
2202
2024
1999
1973
1968
1951
1935
1931
1927
1921
1919
2524
2652
2637
2603
2501
2479
2432
2415
2396
2390
2355
2274
2243
2222
2221
2075
2003
1981
2518
2330
2465
2612
2594
2566
2537
2406
2379
2367
2366
2345
2322
2318
2304
2296
2280
2232
2214
2211
2209
2205
2145
2085
2036
1970
1964
2438
2434
2347
2259
2235
2215
2161
2062
2647
2640
2635
2571
2538
2494
2471
2459
2447
2417
2384
2378
2364
2337
2302
2225
2171
2116
2027
2018
2009
2004
2001
1995
1976
1972
1939
324
322
315
308
304
285
246
213
169
146
122
120
103
21
2608
2567
2542
2530
2458
2293
2266
2239
2194
2153
2135
2117
2065
4031
4011
466
568
522
429
464
552
384
371
622
623
664
603
573
592
631
579
437
3265
2979
3861
3723
3487
3454
504
572
571
564
562
540
533
532
529
505
499
495
478
476
472
470
468
467
454
453
448
447
445
443
441
433
406
401
399
393
386
382
380
379
377
372
365
364
362
358
356
351
349
198
929
3436
3435
3434
3433
3432
3431
3430
3429
3428
3427
3423
3422
3421
3419
3418
3417
3415
3414
3413
3411
3410
3406
3405
3403
3402
3401
3399
3398
3397
3395
3394
3393
3392
3391
3390
3389
3388
3387
3385
3384
3383
3382
3381
3380
3377
3376
3375
3374
3373
3372
3371
3370
3369
3367
3365
3364
3363
3359
3358
3357
3356
3355
3354
3353
3352
3350
3349
3348
3347
3345
3344
3343
3340
3339
3338
3337
3335
3334
