0
4010
4034
3798
3688
11
1119
3746
775
4006
892
891
3856
602
3453
2470
2442
3942
3375
3282
3183
3071
1224
550
447
294
287
182
164
76
70
37
1834
1558
1395
1394
918
911
468
883
3935
3846
749
806
767
750
854
832
725
700
786
716
733
809
812
852
850
841
839
836
822
821
816
808
802
801
796
791
789
788
785
783
771
768
757
756
744
743
740
734
732
717
714
712
707
704
702
699
692
691
689
4037
4003
4019
3997
4025
4016
4007
3985
3982
879
866
873
895
870
825
837
803
826
695
846
770
727
723
835
779
792
735
834
710
863
782
763
851
772
761
855
887
867
784
773
829
799
795
790
787
737
726
720
715
711
888
882
853
848
847
845
844
842
833
818
815
813
794
780
778
777
766
762
752
751
746
742
738
736
731
722
721
706
701
696
693
690
688
849
814
781
760
755
724
697
843
838
831
827
824
820
817
807
805
797
793
765
764
759
758
754
748
747
741
739
730
728
719
718
709
705
694
687
686
4038
4036
4033
4032
4030
4028
4027
4026
4023
4022
4021
4020
4018
4017
4015
4014
4012
4009
4008
4005
4004
4002
4000
3999
3998
3996
3995
3994
3993
3992
3990
3988
3987
3986
3984
3983
3981
3854
3727
3441
3875
3801
3813
3588
3807
3973
3751
3749
3910
3816
3955
3676
3665
3489
3638
3976
3893
3458
3771
3546
3947
3903
3718
3648
3643
3620
3493
3607
3655
3855
3826
3822
3783
3967
3871
3739
3837
3757
3675
3476
3679
3624
3585
3580
3490
3868
3743
3644
3647
894
893
890
889
886
885
884
881
880
878
877
876
875
874
872
871
869
864
861
859
858
856
840
830
828
823
819
811
810
804
800
798
776
774
769
753
745
729
713
708
703
3870
3865
3472
3568
3599
4031
4013
3991
3980
3612
3583
3951
3705
3662
3515
2798
3059
2301
2483
2204
2621
2431
2227
1978
2439
2515
1924
2487
2094
1930
1933
2051
2238
2450
2160
2614
2444
2041
1996
2349
2405
2505
2504
2454
2618
1977
2613
2448
2070
2477
2258
2540
2015
2049
2035
2373
2352
2341
3912
3892
3857
3725
3541
3538
3876
3850
3802
3685
3940
3467
3626
3704
3477
3933
3587
3468
3890
3714
3564
3460
3937
3859
3754
3668
3630
3972
3956
3915
3794
3761
3507
3466
3464
3835
3773
3769
3735
3713
3710
3608
3597
3941
3918
3911
3691
3680
3617
3562
3560
3523
3502
3880
3978
3977
3975
3974
3970
3969
3965
3963
3960
3958
3957
3954
3953
3952
3949
3946
3945
3939
3936
3932
3931
3928
3924
3923
3922
3921
3920
3919
3917
3914
3909
3907
3906
3905
3901
3900
3899
3898
3896
3895
3894
3887
3885
3883
3882
3881
3879
3878
3874
3869
3867
3866
3864
3863
3862
3853
3848
3844
3843
3840
3839
3836
3834
3833
3832
3829
3827
3825
3823
3821
3820
3819
3818
3815
3814
3812
3811
3810
3809
3808
3806
3805
3799
3795
3793
3792
3791
3789
3787
3786
3784
3782
3781
3778
3777
3776
3775
3774
3770
3768
3767
3766
3765
3764
3763
3762
3759
3758
3753
3748
3747
3745
3744
3740
3733
3732
3729
3728
3726
3724
3720
3719
3717
3716
3715
3711
3709
3708
3706
3701
3700
3699
3698
3696
3695
3694
3690
3689
3686
3682
3678
3673
3671
3669
3666
3664
3663
3661
3659
3657
3653
3652
3650
3649
3646
3645
3641
3639
3637
3636
3634
3632
3631
3629
3623
3622
3619
3616
3615
3614
3613
3606
3602
3601
3598
3595
3594
3593
3591
3590
3584
3582
3581
3579
3572
3571
3570
3569
3567
3558
3555
3553
3552
3549
3539
3537
3536
3535
3534
3532
3531
3529
3524
3519
3516
3513
3511
3510
3509
3508
3506
3505
3503
3500
3499
3498
3494
3486
3485
3483
3482
3481
3479
3478
3474
3473
3470
3469
3465
3459
3451
3447
3446
3445
3443
3442
3439
865
698
3461
3736
3731
3635
3557
3660
3712
3457
3526
3484
3707
3670
3640
3543
3452
3913
3858
3788
3785
3730
3722
3681
3627
3542
3528
3518
3497
3450
3966
3760
4011
3989
3904
3849
3742
3600
3463
3454
3444
3566
3961
3925
3530
3504
356
648
2284
2192
2025
1931
1914
2657
2633
2097
2006
1957
2082
2011
1928
2631
2606
2484
2136
2045
1961
2602
2469
2407
2216
2030
1984
1917
2452
2069
2365
2159
2393
2303
2218
1942
2627
2202
1999
1927
3401
3181
2926
2767
2788
3092
2857
3370
2817
3053
3044
3427
3266
2774
2963
2792
2952
2686
3088
2930
2732
3155
3336
3066
3270
3402
3091
3190
2922
2861
3148
2884
3105
2895
2744
3095
3041
2852
3315
3326
2954
3231
3036
2794
3048
3359
3422
3352
2990
2832
2769
3138
3303
2891
2695
3283
3373
2856
2723
2667
2680
3212
3400
3394
3158
3123
3080
3334
3220
3135
3073
3056
3000
2987
2969
2924
2911
2887
2991
2853
2948
2881
3423
3382
3318
3008
2959
2879
2699
3390
3362
3348
3301
3026
2944
2874
2850
2800
2705
3204
3134
2751
3384
3064
3047
2749
2675
3284
3232
3226
3149
3096
3033
2912
2786
2746
2676
3300
3139
3114
3090
2978
2890
2873
2789
2726
2737
3316
2770
3299
3275
3247
3120
2748
3344
1046
3032
2918
3297
2714
3310
3156
2903
2802
3353
3379
3159
3067
3351
2894
2753
3069
2947
3012
2933
2865
3298
3272
2989
2735
2707
3347
3121
2272
2298
2520
2392
2401
1988
1952
1982
2166
2645
2378
2630
2615
2593
2590
2574
2539
2500
2460
2429
2353
2331
2329
2311
2290
2262
2240
2212
2210
2201
2164
2098
2077
2060
2033
1989
1986
1983
1925
2362
2361
2252
2628
2557
2525
2480
2116
2249
2479
2610
2453
2406
2345
2314
2305
2209
2126
2023
1975
2522
2096
2274
1970
2586
2578
2575
2564
2559
2556
2526
2518
2507
2492
2489
2408
2367
2308
2276
2275
2257
2108
2104
2090
2040
2021
1979
1918
2592
2161
2659
2658
2656
2655
2654
2652
2651
2650
2648
2646
2644
2641
2639
2638
2637
2636
2634
2632
2626
2625
2624
2623
2622
2620
2619
2612
2611
2607
2604
2603
2601
2600
2599
2596
2595
2591
2587
2585
2584
2583
2581
2580
2579
2577
2576
2573
2572
2571
2570
2569
2568
2566
2565
2563
2562
2561
2560
2558
2554
2553
2552
2551
2550
2549
2548
2546
2545
2544
2542
2541
2537
2536
2535
2534
2532
2531
2528
2527
2524
2523
2521
2517
2514
2513
2506
2503
2501
2499
2497
2495
2494
2493
2490
2488
2486
2485
2482
2481
2478
2476
2474
2473
2468
2467
2466
2465
2464
2462
2457
2456
2455
2449
2446
2443
2441
2440
2438
2437
2435
2434
2433
2432
2430
2428
2427
2426
2425
2424
2423
2422
2421
2418
2416
2415
2414
2413
2412
2411
2410
2409
2404
2403
2402
2400
2397
2396
2395
2391
2390
2388
2387
2386
2383
2382
2381
2380
2379
2376
2375
2374
2371
2370
2369
2366
2363
2360
2359
2358
2357
2356
2355
2354
2350
2348
2346
2342
2340
2339
2337
2335
2334
2330
2326
2324
2323
2322
2321
2320
2318
2317
2316
2313
2312
2310
2309
2307
2306
2304
2300
2299
2297
2296
2291
2288
2287
2286
2281
2280
2278
2277
2271
2270
2265
2264
2263
2261
2260
2259
2256
2255
2253
2251
2248
2246
2245
2244
2243
2242
2237
2236
2235
2234
2233
2232
2231
2230
2229
2228
2226
2225
2222
2221
2220
2219
2217
2214
2213
2211
2208
2207
2206
2205
2200
2197
2195
2194
2193
2190
2188
2186
2184
2182
2181
2179
2178
2177
2175
2173
2172
2170
2168
2167
2165
2162
2158
2157
2156
2154
2152
2150
2147
2146
2145
2142
2141
2140
2139
2131
2130
2129
2124
2123
2122
2121
2120
2119
2118
2115
2114
2113
2112
2110
2109
2107
2106
2105
2103
2100
2099
2095
2093
2092
2091
2089
2088
2086
2085
2084
2083
2080
2078
2076
2075
2074
2073
2067
2066
2064
2063
2061
2059
2058
2057
2056
2055
2050
2048
2046
2044
2043
2037
2036
2034
2029
2024
2022
2020
2019
2017
2016
2014
2013
2012
2008
2005
2003
2000
1998
1997
1993
1992
1991
1990
1987
1985
1981
1980
1974
1971
1969
1968
1966
1965
1964
1963
1962
1960
1958
1956
1953
1950
1949
1946
1944
1943
1940
1938
1937
1936
1935
1934
1929
1923
1922
1921
1919
1915
3397
3201
3169
3140
2939
3196
3182
3076
2733
3412
3410
3207
2892
2779
3342
3312
2840
3628
3926
3563
3455
3902
3838
3702
3574
3559
3488
3575
3845
3790
3527
3475
3471
3491
3772
3683
3658
3605
3603
3565
3462
3779
3547
3852
3610
3544
3533
3828
3824
3804
3687
3654
3578
3514
3480
3438
3456
3979
3916
3891
3888
3847
3589
3522
3948
3800
3642
3618
3611
3604
3517
3449
3964
3927
3803
3752
3738
3554
3817
3693
3492
3672
3521
3520
3496
3950
3889
3873
3842
3841
3737
3692
3677
3656
3573
3551
3512
3501
3944
3934
3930
3929
3908
3884
3860
3831
3830
3796
3721
3667
3651
3625
3621
3596
3586
3548
3448
3437
862
857
3971
3968
3938
3780
3755
3734
3703
3697
3684
3576
3545
3540
3346
3077
3308
3086
2847
2696
3395
3369
3330
3264
3256
3018
2784
2730
2718
2702
3343
3302
3254
3198
3027
2882
2831
3111
945
3406
3404
2752
660
582
577
670
665
650
632
627
599
658
664
633
625
598
1713
594
3861
3723
3487
472
522
411
466
572
437
349
682
619
617
478
541
532
390
429
380
656
568
570
562
565
418
489
470
382
27
305
220
10
106
564
399
393
139
273
321
102
86
166
243
32
124
2660
2647
2640
2635
2538
2529
2498
2459
2447
2364
2254
2171
2039
2038
2027
2018
2009
2004
2001
1995
1976
1973
1972
1951
1939
1926
344
176
45
125
268
262
28
279
254
264
327
95
270
230
296
99
3173
290
317
260
191
24
255
241
33
140
137
93
132
77
257
117
197
143
129
7
338
16
336
3
267
245
237
155
345
342
297
281
280
127
123
104
55
2
112
17
144
313
265
341
277
271
200
188
169
161
142
141
67
66
26
193
219
213
204
306
218
315
133
88
73
54
2609
2608
2605
2594
2589
2588
2567
2547
2533
2519
2502
2472
2461
2458
2451
2445
2420
2417
2394
2389
2385
2377
2372
2347
2338
2315
2295
2279
2273
2215
2163
2144
2138
2137
2134
2128
2127
2101
2087
2072
2062
2026
2002
1994
1932
1913
1276
560
1797
1065
1651
2653
2643
2617
2616
2582
2543
2511
2508
2491
2475
2471
2463
2436
2419
2344
2343
2325
2294
2241
2224
2198
2189
2185
2180
2176
2174
2169
2155
2151
2149
2143
2133
2125
2071
2068
2052
2031
2010
2007
1955
1954
1947
1945
1916
3436
3435
3434
3433
3432
3431
3430
3429
3428
3426
3425
3424
3421
3419
3418
3417
3416
3415
3414
3413
3411
3408
3407
3405
3403
3399
3398
3396
3393
3392
3391
3389
3388
3387
3383
3381
3380
3378
3377
3376
3374
3372
3371
3368
3367
3366
3365
3364
3363
3360
3358
3357
3356
3354
3350
3349
3345
3341
3340
3339
3338
3337
3335
3333
3332
3331
3329
3328
3327
3325
3324
3323
3322
3321
3320
3317
3314
3313
3311
3309
3307
3306
3305
3304
3296
3295
3294
3293
3292
3291
3288
3287
3286
3285
3281
3280
3279
3277
3276
3274
3273
3271
3269
3268
3267
3265
3262
3261
3260
3259
3258
3257
3255
3253
3252
3251
3250
3249
3246
3244
3243
3242
3241
3240
3239
3238
3237
3236
3235
3234
3233
3229
3228
3227
3225
3224
3223
3221
3219
3218
3217
3216
3215
3214
3213
3211
3210
3209
3208
3206
3203
3202
3200
3199
3197
3195
3194
3193
3192
3191
3189
3188
3187
3186
3185
3184
3180
3178
3177
3176
3175
3174
3172
3171
3170
3167
3166
3163
3162
3161
3160
3157
3154
3153
3152
3151
3150
3147
3146
3145
3144
3143
3142
3141
3137
3133
3132
3131
3130
3129
3128
3127
3126
3125
3124
3122
3119
3118
3117
3116
3115
3113
3112
3110
3109
3108
3107
3106
3104
3103
3102
3101
3100
3099
3098
3094
3093
3089
3087
3085
3084
3083
3082
3081
3078
3075
3074
3072
3070
3068
3065
3063
3061
3060
3058
3055
3054
3052
3051
3050
3049
3046
3045
3043
3042
3040
3039
3038
3037
3035
3031
3030
3029
3028
3025
3024
3023
3022
3021
3019
3017
3016
3015
3014
3013
3010
3009
3007
3006
3004
3002
3001
2999
2998
2997
2996
2995
2994
2993
2992
2988
2986
2985
2984
2983
2982
2981
2980
2977
2975
2974
2973
2972
2970
2967
2966
2965
2962
2961
2960
2958
2957
2956
2955
2953
2951
2950
2949
2946
2945
2943
2942
2940
2937
2936
2935
2934
2932
2931
2929
2928
2927
2925
2923
2921
2920
2919
2917
2916
2915
2914
2913
2910
2909
2908
2907
2906
2905
2904
2902
2901
2900
2899
2898
2897
2896
2893
2889
2888
2886
2880
2878
2877
2876
2875
2872
2871
2870
2869
2868
2867
2866
2864
2863
2862
2860
2859
2858
2855
2854
2851
2849
2848
2846
2845
2844
2843
2842
2841
2839
2837
2836
2835
2834
2833
2830
2829
2828
2827
2825
2824
2823
2821
2820
2819
2818
2816
2815
2812
2811
2810
2809
2808
2807
2806
2805
2804
2803
2801
2799
2797
2796
2795
2793
2791
2790
2787
2785
2783
2782
2781
2780
2778
2777
2776
2775
2773
2772
2771
2768
2766
2765
2763
2762
2761
2759
2758
2757
2756
2755
2754
2750
2747
2745
2743
2742
2741
2739
2738
2736
2731
2729
2728
2727
2724
2722
2721
2720
2719
2717
2716
2715
2713
2712
2711
2710
2709
2708
2706
2704
2703
2701
2700
2698
2697
2694
2692
2691
2690
2689
2688
2687
2685
2684
2683
2682
2681
2679
2674
2673
2672
2671
2670
2669
2668
2666
2665
2664
2663
2662
2661
860
1093
3097
3355
3319
2938
2725
2677
1162
1194
979
1711
3385
2979
2764
2693
3409
3386
3205
3168
3165
3164
3079
3062
3020
2976
2964
2883
2760
2734
996
1552
1546
1403
1670
1168
2649
2642
2629
2598
2597
