0
4035
292
891
3987
638
3798
3031
911
613
550
42
81
3074
3983
4029
790
841
3984
4011
4022
668
602
15
3071
3729
3748
3451
12
1206
3183
1386
287
74
3230
2596
3856
215
2842
3746
282
145
3885
401
443
3006
3879
2857
2382
70
1430
234
3959
3704
183
279
1208
383
1071
247
61
571
2922
3575
2714
3537
201
945
1651
929
3890
1133
219
8
259
91
2774
110
264
245
3055
3127
3147
2817
1890
868
884
893
1002
1105
667
854
785
1027
1627
3801
860
744
179
775
286
3846
4012
801
883
875
4008
4034
4007
4016
4005
4025
3992
3996
4037
4003
3989
4013
3985
3993
4027
4018
3988
4002
4019
4020
4017
3981
3995
4000
4026
3986
4038
4009
4021
4004
3994
4030
4023
4014
3998
3997
3982
3980
4031
4024
4010
4001
4028
4032
3990
3991
4033
686
687
688
693
694
695
696
697
698
701
703
705
706
708
709
711
713
714
715
718
719
720
722
724
726
727
728
730
731
732
734
736
737
738
739
741
745
747
748
751
752
753
754
755
758
760
762
763
764
765
766
768
769
770
771
772
773
774
777
778
779
780
781
783
784
787
789
792
793
794
795
797
800
803
804
805
806
807
809
810
814
815
817
818
819
820
822
823
824
827
828
829
830
831
833
834
835
836
838
839
840
842
844
845
847
848
849
853
856
861
742
782
813
826
837
876
888
889
712
716
729
756
799
843
723
759
786
863
878
816
808
746
776
850
707
811
886
880
690
702
710
725
689
821
885
740
733
767
761
882
812
867
872
890
700
791
869
874
796
871
873
870
881
691
887
846
895
798
879
825
802
735
704
721
858
866
864
851
788
877
894
832
855
852
717
743
757
699
859
750
749
33
4036
4015
594
3999
4006
608
37
2457
1119
2269
1581
3853
18
43
1834
674
585
892
3570
2470
3974
607
1145
624
3820
1466
11
692
1096
114
1560
2079
447
335
3650
2195
209
3935
3453
210
2569
358
3709
918
581
3268
642
244
233
256
3407
90
377
47
1224
241
255
205
52
1270
138
3282
3688
379
3732
3408
468
2788
3037
1395
154
1967
3808
35
2691
2704
1176
216
3854
3134
3922
3942
2541
1854
2792
1755
2814
1276
153
1326
316
1262
1233
1690
305
3807
267
1065
160
3875
1558
3125
648
1394
2740
3589
2483
2595
1586
1046
182
386
904
301
157
356
3560
411
3691
97
1760
155
3744
49
1253
71
253
76
1693
3717
2808
112
293
899
2178
1353
660
3955
3816
3733
294
207
2722
2481
1252
2798
228
1034
2168
3582
454
336
3413
656
2975
3597
2527
3375
191
164
2998
499
321
1362
240
2860
2380
1194
3699
3467
448
3811
3928
2442
3689
1546
2952
174
192
124
307
3954
3003
2838
572
270
2106
384
3121
2565
120
3565
3619
1996
3910
3653
1937
552
262
453
1762
3946
220
3781
865
166
3882
1200
2204
327
3673
2885
3686
652
467
3865
3952
1383
673
2971
2441
1022
530
202
1856
406
3765
2963
2855
1969
3897
3494
3939
3965
289
3143
1474
190
125
996
3978
3953
206
1031
1510
288
3588
1713
3887
3544
1711
472
3742
351
1797
1442
1157
3444
3271
2015
2437
1776
3489
283
193
1486
3637
2431
464
3429
3694
649
3849
3290
1264
2422
250
3227
3059
2230
2219
1295
27
3839
671
3795
1777
485
2634
1476
2167
3676
2736
3606
1417
371
1607
910
610
3787
1657
1346
3844
34
1147
593
46
3925
3310
2505
1354
562
1057
3805
152
2692
349
1455
1038
235
2980
269
1579
3678
95
3305
77
3724
2824
1254
6
3751
3745
498
3749
1240
3513
3477
2493
147
117
102
86
3044
2375
2721
1664
987
63
32
655
3806
3665
3963
3091
2621
44
3175
2776
2671
2517
1498
1301
1759
390
2358
2100
3447
3161
2388
1263
163
3893
3370
1792
1297
229
3727
3661
2580
1838
476
3970
3848
3457
3441
2884
533
340
3217
1855
3977
3936
2899
2767
1151
3432
1924
365
2017
1654
3660
3632
3270
2321
1168
3424
937
2752
3859
3372
657
131
3771
1521
3789
3652
2632
2456
3904
3812
2902
2528
64
549
300
151
3961
3901
3159
3131
2421
2263
2094
1087
621
189
126
3864
3716
3317
393
338
263
230
167
3436
3389
3094
1372
1202
208
3813
2811
311
3445
3216
3181
1961
1701
3941
3923
3899
1974
679
83
3916
3911
3552
3323
2930
2008
1956
985
534
317
3700
480
296
260
237
217
93
51
3834
3336
3180
3165
2732
2256
2245
1058
935
586
347
3266
2651
2034
1552
399
243
129
89
3908
3600
3548
3333
2903
2799
1053
3973
3905
3669
3428
2548
3827
3712
3626
2805
1248
54
3843
3251
3045
2725
1640
923
540
532
3932
3772
3647
3607
2898
1865
1008
672
319
3814
3754
3502
3398
3126
2893
2182
1103
501
441
385
333
3914
3723
3504
3439
3322
