0
806
3980
74
3271
4022
270
447
3748
1071
895
3999
3987
3453
1776
443
1030
207
120
887
2388
15
3746
757
3407
1297
95
3375
744
851
652
2596
613
90
852
581
124
209
225
3798
253
152
3885
2168
692
2704
11
3183
1119
282
499
219
775
867
247
1996
2441
3986
4028
4034
4004
4009
4008
155
4038
4006
3190
865
328
1354
642
4026
4011
892
1151
3754
2281
841
3989
4016
10
205
750
3266
4001
3037
3990
3916
3942
918
192
307
801
300
3853
18
4007
2481
3949
68
1476
3333
3606
3963
84
4035
3405
289
1168
262
151
4010
3899
3827
894
911
1414
3770
706
715
2541
818
755
2774
883
866
854
825
796
454
704
201
263
125
269
3959
3338
1956
464
1386
2788
1224
379
210
1372
3652
3536
1838
2860
3552
380
2269
316
3777
1417
1233
427
3781
3467
3808
2808
2691
33
607
649
3551
1510
3970
2263
37
1058
182
1276
2483
785
1430
1856
1383
286
1664
377
585
356
393
64
46
256
3650
301
1145
3854
157
891
114
1693
2569
1855
2678
3700
3785
3044
208
3512
3952
530
3880
44
1969
1854
241
598
2855
2195
245
608
3806
63
35
1362
3619
112
3589
3537
672
3513
1202
1546
2798
1759
2321
1096
629
43
234
1631
1834
1295
1206
437
3686
2079
1022
233
81
1157
1087
384
3401
3503
3147
3055
2817
3588
2685
3727
3745
3847
2487
857
868
3383
4027
3996
2422
2017
2565
29
154
89
2106
3801
275
195
181
4
179
147
6
1387
3268
874
885
776
872
909
1043
4036
858
881
870
871
1253
76
2776
3141
4020
4037
3993
4019
4003
3982
3998
3997
4018
3994
4030
4021
4015
4012
4002
3995
3992
3988
3983
3981
4014
4023
4032
4031
4013
4025
3991
3985
4005
4017
667
4024
4000
3984
594
4033
4029
793
855
717
802
707
882
869
863
729
690
771
714
873
759
746
691
846
859
864
861
889
888
886
811
763
804
761
797
767
753
727
758
737
730
819
748
742
798
810
787
853
732
754
803
816
773
856
831
791
795
720
768
840
792
728
749
850
788
782
712
702
848
777
696
815
687
830
893
890
884
880
878
876
844
800
778
813
820
705
835
814
762
809
764
747
827
817
739
822
733
722
834
780
731
726
697
688
781
752
751
745
719
718
713
694
824
823
849
847
843
839
838
837
836
833
821
807
805
794
790
789
786
779
774
772
765
760
743
738
736
725
724
716
711
709
708
703
701
700
698
842
828
784
845
799
783
741
740
829
766
756
695
693
686
826
770
734
723
832
735
879
860
769
812
808
689
721
710
699
877
875
3626
3678
71
319
3539
3849
216
70
333
86
237
3771
3960
3585
3901
3904
3444
3958
3676
3950
2975
243
230
167
310
38
266
91
218
78
102
240
83
226
162
2
140
116
115
149
278
321
143
135
101
228
196
51
139
36
77
176
3774
3616
3660
3548
3739
3628
3932
3848
3716
3439
3507
3597
3939
3679
3631
3531
3696
3664
3933
3783
3595
3863
3896
3599
3472
3840
3482
3965
3937
3572
3977
3498
3735
3666
3859
3784
3694
3955
3946
3914
3671
3861
3794
3506
3893
3583
3534
3489
3823
3592
3658
3979
3839
2982
2670
2972
2767
3314
2879
2930
2902
3130
2952
3283
3008
3105
3409
2769
41
32
17
248
281
273
244
264
330
254
180
57
166
8
299
94
145
163
296
23
137
336
96
177
144
343
326
214
14
227
175
156
69
2426
2113
2450
2100
2013
2041
2170
284
16
60
79
130
119
302
242
191
92
24
235
204
158
55
340
133
103
313
59
338
129
283
274
285
223
85
48
7
200
168
22
258
178
25
127
199
45
165
320
184
318
122
82
332
323
229
50
239
134
113
341
334
331
298
252
238
222
221
141
232
231
172
72
2080
3659
3477
3508
3543
3836
3701
3738
3555
3870
3768
3623
3782
3789
3837
3757
3892
3541
3661
3762
3833
3821
3483
3510
3486
3810
3802
3843
3630
3515
3917
3874
3743
3657
3473
3445
3740
3682
3894
3706
3509
3766
3632
3544
3895
3612
3469
3799
3511
3876
3921
3907
3663
3636
3909
3868
3826
3792
3758
3705
3442
3530
3812
3546
3441
3924
3711
3646
3490
3446
3608
3500
3698
3478
3920
3776
3747
3655
3641
3613
3957
3579
3538
3549
3691
3903
3643
3620
3584
3688
3761
3936
3867
3850
3590
3553
3644
3759
3708
3675
3634
3767
3710
3519
3529
3466
3822
3793
3778
3773
3769
3715
3713
3629
3454
3888
3732
3913
3752
3443
3786
3459
3906
3881
3866
3535
3468
3964
3502
3669
3969
3951
3882
3690
3593
3591
3569
3568
3499
3493
3463
3481
3931
3825
3719
3564
3532
3464
3670
3695
3516
3479
3944
3891
3492
3461
3485
3940
3450
3642
3522
3504
3421
2959
2834
3382
3325
3318
3246
2889
3251
3181
3043
3249
2789
2673
3308
3165
3424
2893
3028
3012
3235
2702
3429
3427
2831
2803
3264
2710
2801
2888
3045
3139
2899
2843
2980
58
3309
3354
3218
3015
2768
3367
3208
2695
3436
2722
2837
3315
3276
2821
2898
3099
2667
3151
2688
3292
3138
3294
3092
2852
2794
3238
3237
2943
2761
3228
2974
2876
3088
150
346
337
317
314
312
311
309
306
305
295
287
276
268
267
265
259
249
246
224
220
206
202
197
194
193
187
173
164
148
146
131
121
118
117
111
100
99
93
88
73
65
62
54
52
49
47
30
28
26
20
19
9
1
1937
2622
2401
2466
2255
2076
2515
2545
2393
2008
2626
2050
2346
1950
2570
2527
2227
1915
2577
2070
2035
2021
2632
2051
2238
2105
2162
2146
2493
2181
2119
1978
1936
2082
1960
2228
2534
2558
2230
2405
2314
2260
2248
2114
2018
2034
2245
2341
2317
2459
2513
2320
1988
2152
1975
2360
2025
2424
2364
2012
1976
1914
329
303
291
280
271
257
236
211
203
170
128
105
80
53
339
5
324
308
297
290
261
213
188
185
161
104
98
75
31
13
3
345
342
325
322
304
277
272
251
212
186
169
159
142
123
109
108
66
56
40
2614
2380
2120
2107
1934
2540
2585
2097
1935
1958
2633
2494
2284
2022
2000
1927
2648
2297
2613
2656
2412
2397
2136
2112
2287
2179
2495
2590
2311
2499
2122
2359
2484
1962
2538
2447
2435
2061
2016
2006
1951
2660
2657
2337
2620
2171
2157
2488
2411
2602
2554
2164
2095
2084
2340
2300
2655
2244
1918
2604
2414
2353
2210
2033
2067
2607
2056
2638
2593
2200
2190
2045
2551
2370
2584
3772
