107
780
3980
268
3735
351
3665
247
282
707
3709
638
1627
2595
2421
2855
3336
2834
923
3318
3457
3949
3864
364
2838
166
286
42
4036
3478
175
3953
393
294
293
49
3808
222
3799
32
3955
273
147
3524
3572
3522
93
102
865
201
3997
4010
3984
893
750
725
863
1560
2470
1834
3071
2457
2691
1326
2541
2106
2382
316
2178
453
1430
3125
3744
3143
2441
1762
3059
593
2692
2651
1788
390
956
534
1562
909
2514
3063
3012
2826
433
575
1739
2426
3536
3813
3588
3923
336
501
46
3816
3537
476
192
904
2704
3704
253
2483
70
3037
3746
233
47
11
3974
74
43
732
806
702
767
825
864
4032
3983
3987
868
195
4018
278
3863
3775
3641
33
155
3676
58
3878
3958
3671
317
3941
229
3916
83
3626
3477
3765
283
3781
3965
3806
3575
3565
3925
3717
91
76
301
3688
35
157
335
3451
3991
4007
4033
4008
4012
4022
69
3649
3874
3919
3594
309
3548
3901
100
333
3616
3661
125
3961
3494
3882
270
207
153
234
15
3988
4003
3646
3620
3561
85
3668
3868
144
226
3639
126
3871
64
167
124
860
891
3702
3525
3764
3469
3831
3931
3761
3648
3683
3752
3815
3482
318
3975
3603
343
168
3888
78
311
231
276
859
4026
895
4035
785
872
4028
743
699
873
879
4001
832
867
4025
744
721
851
691
704
816
822
761
799
821
795
716
837
762
215
608
18
1096
668
3453
550
918
2195
1386
2269
2792
642
3885
401
443
2788
1270
1046
379
411
356
386
1693
2814
1071
279
899
2740
264
572
1967
2481
1233
1395
1558
1065
3954
3006
2167
1546
552
3372
3689
3181
3375
1657
1607
206
3946
2799
571
1362
1057
2422
3669
1295
2824
1711
1651
1157
1664
2230
3105
2263
3429
3322
3305
1354
1147
1403
1974
1168
1087
2805
2535
2388
1654
671
1792
2358
3217
549
2893
3427
365
1499
1896
586
2580
3308
2113
3197
466
1023
672
1103
2251
2175
1414
2316
998
1905
1061
3388
541
2802
974
2791
2933
2014
2357
1749
3130
2847
3061
1088
2968
1853
3067
2954
442
3229
1518
2513
1000
2747
3244
3095
1422
3210
2876
3205
407
931
2707
1005
3383
3069
623
357
1585
3409
1830
3068
991
3110
2082
940
662
362
3009
3241
3171
583
1091
2803
2160
2096
1069
2496
2295
2141
3221
1764
1679
1858
2784
1503
2091
2613
1533
3400
1258
1018
2228
1806
510
2342
617
1982
1719
3043
3167
3173
2402
2170
1544
528
2558
3309
3325
2703
3382
1266
3314
2959
3940
522
2982
2935
1822
587
3861
3614
429
3028
1889
3311
1138
1193
173
3659
139
3165
3549
2456
979
1202
2041
1111
1016
3551
533
3660
3795
3678
3771
3531
177
3502
225
472
3812
3814
1486
3647
3894
3290
3910
3887
3251
3963
2634
3673
564
3727
2565
3745
2885
3582
3180
3467
2930
2732
3003
3653
3606
3787
3560
259
3939
3952
3879
3854
112
3733
110
3732
305
3589
2168
138
81
1586
71
3807
3846
205
154
90
255
3798
241
292
145
12
287
755
794
836
804
782
789
714
839
729
746
786
833
771
689
768
733
889
3996
861
796
3990
870
788
884
3982
4021
3998
4023
857
176
4038
4020
3994
3513
23
135
156
326
3933
3511
4000
4009
4013
4004
4014
3638
310
3847
3979
3766
3770
3592
3872
3964
3602
4011
4031
8
3844
3447
86
4
181
3720
51
3490
3607
3664
3767
3610
3783
3696
3809
3587
4019
256
327
193
245
89
319
152
3848
68
3580
198
3546
3662
3547
171
227
99
802
52
3751
3749
1085
3881
3779
3759
2889
2670
3832
2972
3556
3454
1197
3423
3283
2879
3008
3515
3743
3695
3681
146
2699
3876
3523
3567
16
17
3461
3973
3857
3624
3600
347
162
3859
3724
3977
3445
3679
34
250
337
3908
163
3723
3632
3530
3682
3585
3905
3839
2017
230
3544
120
