1912
107
2347
1663
1684
1431
1941
3437
1078
2384
0
483
2283
1800
2187
348
3363
1612
896
3082
2020
2047
3291
2839
1471
566
475
2927
1277
3280
2068
363
1573
3116
414
1718
3232
1839
686
1322
3397
1669
1591
2081
3026
1661
3101
1972
3938
995
56
3362
1577
2901
1104
1459
1703
1598
2694
1947
366
3035
2777
500
2116
1124
2038
3076
1735
606
2925
1783
3104
3120
559
3342
2031
3926
1405
3797
3203
497
2786
1217
3179
3002
2294
584
3838
1173
2434
353
709
1373
3021
3084
934
705
563
109
2350
2436
526
1583
917
2951
3842
2092
1567
1789
2411
1465
3004
2921
1536
200
3078
3017
3645
3510
805
2793
1555
3545
1082
3056
2133
2355
3237
3506
1563
1725
1968
1097
395
408
1120
1261
3274
304
1004
823
2829
354
2932
2873
1778
1864
2730
1754
1709
2203
378
2202
3737
2753
2636
3029
3931
3601
3843
1515
909
36
2012
2832
2480
3158
2159
1406
3434
1636
1987
3127
2236
3850
3072
1981
1704
1798
3113
1543
438
2683
2785
2143
982
3633
1590
2955
3907
1421
2676
3529
2940
3247
2822
2165
1861
1197
812
181
2129
973
3948
2627
31
1170
3977
3908
3791
92
630
3302
322
545
713
807
643
1310
1472
3829
108
3556
3272
1398
1905
1234
595
3940
2416
3163
1315
439
1460
3279
2696
3171
2594
849
3822
329
3062
1862
1895
2862
3169
1551
3952
1000
1424
1728
2645
1332
3438
1247
25
3640
3077
2089
3950
3532
3441
175
1511
1094
1756
172
1080
3584
1085
959
560
2849
1473
1480
2502
134
2978
636
255
3215
2928
3706
3457
673
1229
3079
2846
1524
544
2333
3412
2494
3638
139
954
3929
2880
1179
3159
2747
2650
2
3685
3560
349
274
137
2349
3431
1025
569
829
3930
3790
2612
2803
389
3296
1028
1785
269
3538
2798
660
476
2540
1151
421
323
1549
747
3553
252
2853
2647
2346
1167
2192
3329
2744
2597
3891
2959
480
2948
912
1053
4019
890
764
700
2534
2170
2702
373
2327
1674
1911
2969
3403
1496
3388
3690
495
1045
815
2351
2868
3893
589
2401
1444
2950
3793
957
285
680
1033
2996
293
2887
2185
547
2209
3469
2815
3747
1009
3015
1779
2851
3402
1091
2437
3453
3812
4017
4032
3949
863
564
338
259
150
123
114
2412
2981
2984
3334
3323
3738
1722
400
426
3768
3840
2504
543
2397
3823
320
2284
1927
3047
2784
856
3492
1385
694
3923
3899
3585
3523
311
1832
1454
1878
3067
2633
1415
1580
2272
2516
3652
3202
789
258
965
1093
1319
287
151
3270
2954
2857
254
2847
2974
3800
3605
3358
3133
3328
876
891
3917
3849
3467
736
721
183
162
1514
3415
3326
2870
2274
984
3525
3106
461
359
1513
3394
3448
1624
3385
1375
3937
748
3614
2259
2132
515
1686
98
601
522
3547
1794
3558
2654
3890
3844
802
424
305
78
1419
1773
1249
1592
774
1114
2145
3411
837
3134
626
219
191
2402
3552
3408
2685
2067
1601
2243
2794
1649
2818
836
3361
2933
2699
3414
3421
923
1442
816
3888
602
1651
1726
1648
2708
1892
2938
3081
3392
3046
3048
3586
3718
513
3486
1396
7
1647
1286
1109
80
3478
3297
3603
2570
664
701
3473
3344
2134
1748
2872
2907
3720
3639
3465
2740
2704
889
193
117
1660
2850
1957
2440
2710
981
1101
534
1257
596
3507
3691
3616
3579
3105
380
300
131
1698
3135
1182
2330
3526
3359
2976
3427
194
176
76
2105
1147
3521
3045
2942
39
3867
3500
2804
1389
1181
2886
418
3235
1854
1618
1690
1654
1581
2245
2301
2621
154
886
3847
3985
4036
3974
3746
3494
689
607
192
4
1016
1200
986
3199
3166
1258
357
2725
3024
905
350
1537
3148
1121
1350
133
711
3352
1545
1886
1400
189
3536
67
2913
2448
3275
848
1281
2285
2152
2875
3576
72
204
3778
3669
3588
3398
2972
448
262
126
41
1670
1325
922
2635
430
687
1531
2828
