0
850
3997
871
468
1224
3801
287
453
3990
2792
648
4012
3513
3984
234
2998
179
2824
401
33
1057
336
3282
892
2975
216
1326
1586
2382
3745
750
3428
1301
3897
3923
1002
3700
1896
1386
49
3147
3717
2106
2541
4016
498
182
858
3134
1071
3989
4008
3992
347
2470
206
209
1977
3689
1362
3691
3105
3910
1297
1233
2952
192
929
4036
3742
143
3732
2230
3953
1240
259
3848
3987
335
3856
3871
35
3570
37
288
841
3603
2517
2595
379
4035
286
327
3407
3983
3729
4005
3887
865
4022
857
3974
3942
667
3816
3893
699
816
884
220
15
120
702
1264
846
836
779
808
721
1834
3180
786
813
2895
3484
472
3531
2805
3850
744
3671
3489
1777
3597
2685
3055
467
162
447
586
1651
3925
1640
3218
2094
1466
3922
638
2505
2860
3432
3839
985
923
2168
3290
956
673
129
1178
293
2562
1631
273
1855
1140
18
2808
3954
3928
3955
3879
1353
3548
2450
3429
42
3071
1443
349
3268
47
377
191
3632
2634
657
629
2632
3688
270
102
2166
3733
3439
2704
3143
1022
3746
3859
74
1058
1711
3006
3575
294
2967
110
443
77
2799
572
3770
2922
893
864
3875
147
319
219
89
6
2527
2483
264
1394
321
52
1486
2776
3141
3271
3991
1253
1202
97
3127
2774
3669
3502
1208
1105
1890
3787
3661
2456
1194
1046
1607
1664
386
3091
2671
90
3932
3952
3037
2691
3885
904
881
870
895
866
894
879
3994
4037
4019
3981
4025
3982
4017
4006
4026
4000
3988
3986
4034
4021
4009
4007
4003
3999
4027
4031
4002
4030
4018
4013
3998
3980
4038
4020
4023
4014
3993
4004
3995
3985
594
4032
4011
4001
4010
3996
4024
4033
4029
4015
4028
712
689
825
874
839
749
882
771
802
714
855
789
733
755
793
888
887
885
878
877
873
872
791
767
757
854
725
804
743
691
889
765
729
833
807
806
788
763
746
740
737
735
732
717
690
809
718
716
728
798
773
759
711
700
764
715
736
768
704
845
820
792
783
741
797
837
831
710
703
799
803
758
748
730
886
883
880
876
869
867
863
861
860
776
812
774
754
826
751
822
796
795
752
696
739
849
784
818
782
742
693
821
778
890
856
835
834
819
753
709
815
756
687
686
844
843
838
781
770
708
851
828
811
810
772
769
761
727
705
780
853
823
794
790
787
738
726
724
723
722
720
848
840
830
827
817
814
805
762
747
731
706
698
694
847
842
829
777
734
713
701
697
688
824
800
766
745
719
695
760
852
875
868
859
707
832
785
801
775
891
692
3447
3561
3530
3905
3814
3682
3964
3901
3849
3878
3494
3565
3551
3541
3483
3809
3724
3812
3783
3478
3699
3960
3903
3899
3612
3579
3600
3720
3939
3679
3490
3895
3567
3965
3648
3458
3977
3946
3927
3933
3564
3602
3668
3630
3444
3459
3969
3754
3718
3507
3857
3473
3617
3583
3510
3876
3613
3919
3898
3594
3581
3477
3961
3940
3840
3934
3457
3643
3634
3945
3782
3795
3487
3536
3874
3937
3826
3591
3704
3515
3708
3465
3499
3631
3803
3532
3660
3778
3791
3915
3881
3767
3768
3769
3909
3792
3620
3785
3664
3958
3511
3606
3725
3595
3967
3587
3500
3616
3951
3920
3883
3815
3601
3740
3867
3666
3599
3862
3949
3580
3924
3904
3870
3833
3810
3719
3555
3535
3493
3869
3822
3714
3486
3918
3836
3757
3675
3931
3914
3866
3825
3818
3614
3534
3516
3802
3963
3624
3549
3446
3690
3917
3868
3739
3628
3975
3957
3759
3476
3706
3593
3569
3508
3723
3629
3823
3738
3554
3460
3680
3622
3829
3821
3761
3469
3861
3794
3793
3705
3558
3506
3827
3715
3819
3743
3752
3645
3529
3464
3941
3936
3907
3835
3753
3710
3698
3644
3608
3470
2725
3175
3832
3461
3730
3450
3813
3491
3695
3649
3479
3864
3527
3687
3454
3817
3722
3520
3944
3772
3847
3517
3697
3566
3796
3621
3902
3552
3526
3667
3521
3804
3962
3731
3462
3889
3471
3654
3824
3712
3625
3618
3693
3686
3677
3557
3514
3930
3658
3543
3528
3503
3452
3913
3852
3845
3842
3831
3828
3681
3672
3611
3604
3542
3475
3449
3978
3976
3973
3972
3959
3956
3947
3929
3921
3916
3912
3908
3906
3900
3896
3894
3892
3891
3890
3880
3865
3863
3855
3854
3838
3837
3834
3808
3799
3798
3790
3788
3786
3784
3781
3777
3776
3775
3774
3773
3766
3764
3763
3762
3758
3749
3748
3747
3736
3735
3728
3726
3713
3711
3707
3702
3701
3696
3685
3676
3673
3665
3663
3662
3659
3657
3655
3653
3652
3651
3650
3647
3646
3642
3641
3640
3639
3638
3636
3627
3623
3619
3615
3610
3607
3598
3590
3589
3588
3585
3584
3582
3578
3572
3571
3568
3562
3559
3553
3546
3539
3538
3524
3519
3518
3512
3509
3505
3504
3498
3497
3485
3482
3474
3472
3468
3466
3463
3455
3453
3451
3445
3443
3442
3441
3438
593
1162
635
595
575
672
666
621
1270
3424
2903
3410
3338
3308
3059
2959
2964
2714
2893
2804
2736
2876
3190
2898
3128
3281
3157
3151
2752
3181
3311
3249
2692
3074
3388
2857
2678
2818
3276
2987
2731
2682
3138
3048
2797
3109
3352
3194
2701
2733
3379
3371
2868
3409
3013
3323
3015
2737
1822
937
1755
1053
1038
1802
1154
1445
1033
1708
970
1249
1151
3943
3873
3841
3670
3635
3605
3577
3495
3971
3970
3966
3926
3911
3860
3858
3800
3765
3609
3586
3574
3540
3523
3501
3488
3467
3448
3968
3884
3779
3656
3547
3496
3456
3797
3888
3760
3756
3692
3633
3544
3533
3480
3979
3626
3522
862
3684
3492
3950
3886
3780
3737
3721
3683
3573
3563
3550
3938
3877
3851
3755
3734
3703
3596
3576
3545
3437
1705
1579
1815
1756
2734
1667
2700
3361
1424
1759
986
1436
1364
1064
1354
1905
1676
1215
649
1578
1635
1418
1869
1296
480
587
664
552
491
1647
1859
1901
446
451
535
448
611
597
658
599
576
632
600
679
615
636
630
612
598
684
605
592
675
640
681
670
662
659
647
643
582
578
685
633
626
617
603
654
653
618
610
579
469
508
1428
646
644
623
656
403
372
569
570
425
532
1883
1492
1830
1346
1719
1321
1650
1575
1143
1818
1930
2248
1949
2120
1897
1671
362
490
540
3205
2764
1247
2677
1908
1670
1519
2515
1922
2265
2762
3067
2836
2801
2978
2862
2722
3156
2816
1642
3427
2914
2832
3418
3032
3171
3358
2723
3307
2784
3285
3103
2675
2926
2812
3160
2936
2954
3367
3425
3405
2938
3337
3283
2879
2703
2699
3197
2846
2982
2767
2886
2688
3045
2807
2934
3341
1450
3431
3254
3199
3112
2785
3318
2702
3258
2984
2935
3261
3099
2856
3035
3186
2852
2992
2759
3178
2686
3102
2840
2732
3241
3203
3038
2711
3225
3161
2995
2869
2821
2826
2900
3095
2965
2848
3378
3169
2672
2981
3083
3240
3206
2713
3435
3139
3279
3219
3039
2961
3043
3327
3187
2950
3293
3030
3344
3272
3260
3049
2989
2828
2823
2841
3353
3155
3063
2693
2941
2829
2779
3336
3373
2947
3061
2746
3354
3216
2667
2884
3257
3137
2963
3080
2949
2933
2727
3416
3208
3144
3398
3179
3076
3292
2781
3412
3329
3100
3086
2728
3273
3244
3159
2820
3364
3012
2983
3014
2756
2729
3007
2830
3400
2720
3362
3251
2985
2705
3390
2749
3434
3088
3027
3009
2811
3131
3195
3382
3309
3008
2874
2794
3022
2919
3346
3184
3073
2673
2923
3430
3392
3426
3193
2915
3319
3299
3252
3115
2991
2970
2875
2778
2859
3298
2775
3365
2951
2894
2871
2825
3339
3158
3052
3026
3317
3269
3025
2972
2670
2721
3421
2996
3250
3085
2866
2782
3333
2710
2891
2881
3363
3348
3040
3023
2680
3200
2861
3381
2712
3355
3267
3201
3191
3152
3150
3146
3106
3089
3051
3046
3041
2937
2753
2716
2760
3403
3116
2690
3369
3291
3182
3172
2662
2958
2748
2744
3277
3070
2853
3010
3313
3287
3034
2813
2890
3303
3294
3286
2683
3414
3232
3129
3033
2927
3163
3149
2993
2966
2929
2666
2664
3380
3357
3342
2668
3237
3301
3135
2974
3078
3054
2977
2956
2945
2766
3415
3118
3243
3229
3123
3119
3029
2988
2924
2911
2888
2873
2798
2786
2773
2681
3090
2663
3366
3356
3334
3253
3223
3207
3168
3154
3019
3018
2892
3174
2940
2872
2864
2780
3320
3133
2957
2719
2870
3384
3284
3108
3004
2948
2913
2912
2754
3433
3417
3387
3324
3220
3117
3064
2907
2827
2810
2777
2750
2706
2676
2669
3360
3345
3212
3209
2742
3396
3332
3060
2976
2708
3391
3350
3347
3297
3288
3204
3140
3132
3113
3021
2939
2833
2765
2661
3077
2962
3406
3397
3326
3107
3017
2999
2942
2791
2730
3020
2968
1792
1564
1266
1566
1478
1212
1720
1217
1699
1241
1771
1558
1434
1731
1696
1497
955
1309
1142
2979
1198
1599
1463
1892
1775
1678
1785
1672
1414
945
1840
944
1433
1385
1348
1636
1571
1848
1532
1836
1261
1887
1655
1347
1889
1499
973
1350
1229
1585
1441
1055
1050
1444
1183
1781
1646
1268
1234
935
1541
1415
1106
1259
1213
1041
1687
1410
1363
1649
1853
1236
1139
977
964
1633
994
389
938
1278
1344
1239
1045
1043
1258
1314
1232
1457
1068
1861
1144
1098
1880
1837
1798
1870
1602
1543
1464
1806
1615
1593
1588
1567
1251
1136
1042
1037
1438
1426
1381
1060
975
957
926
1003
1682
1423
1404
1120
1634
1862
1745
1727
1691
1479
1021
988
940
1265
1425
1360
1715
1587
1082
1141
965
1548
1097
958
1839
1340
1517
1748
1624
1529
1072
1011
1093
1686
1569
1338
1751
1742
1503
1018
1793
1903
1628
1502
1036
902
1542
1525
1366
1275
1476
1723
1474
974
899
1832
1757
1556
1504
1306
1304
1260
1501
949
1447
1339
1432
1345
1315
1192
1067
1406
1396
1749
3948
3872
3830
3750
3741
3674
3592
3556
3525
3440
1847
1803
1555
1553
1421
1274
1187
1088
1370
1343
1223
1325
1807
1709
1500
1472
1310
1159
1389
1857
1448
1279
981
1285
1246
1109
924
991
1254
1252
1898
1722
959
1271
1207
1153
1674
1611
1316
1292
1286
1257
1245
1129
1713
1505
1073
1816
1789
1398
1130
983
1469
1010
1402
1280
1101
1216
3328
3164
2822
1127
1382
1273
1102
1020
1833
1409
998
1491
1218
1016
1359
960
1783
898
1528
1484
1112
1076
1054
1533
1468
1137
1118
1177
1138
1878
1763
1565
907
1754
1721
1653
1390
1308
1244
1729
1582
1508
1454
1451
1373
1282
1108
1081
954
1907
1794
1764
1596
1573
1462
1379
1235
971
933
1831
1545
1356
931
1773
1679
1660
1349
1294
1879
1769
1710
1572
1149
1004
1863
1449
1864
1431
1272
1195
1164
1124
920
1625
1885
1453
1408
1052
1808
912
1658
1422
1895
1787
1601
1568
1371
901
1825
1873
1850
1841
1732
