0
209
358
1755
1096
918
674
668
667
624
892
3853
4028
97
3990
3992
3999
3996
4030
3995
4003
309
183
64
36
68
27
314
177
93
337
247
62
288
73
237
230
248
127
40
289
137
151
144
252
82
297
258
232
203
176
113
259
347
95
158
228
280
3305
2952
2895
2860
3063
2935
3083
3144
3030
3012
2997
3044
3218
2884
3127
2668
3215
3187
3048
3273
3281
2840
3418
3402
3043
3212
3209
3041
2846
2845
3208
2832
2990
3118
3138
2700
2672
2992
3213
3023
2948
3156
2792
2881
2871
2803
2723
2706
3086
3264
3217
3081
2894
2807
3068
3018
3435
3238
3119
2924
2943
3204
2772
2889
3085
2850
2680
3329
3099
3026
3022
2913
3017
2675
3348
3250
3232
3098
3040
3029
2969
2912
2877
2755
2750
2673
3300
3137
3104
2899
2737
2728
3434
3411
3297
3272
3154
3152
2973
2914
2778
2687
2505
2178
2375
2263
2219
1977
1974
2162
2312
2238
2568
2450
2599
2036
2565
2490
2320
2076
2193
2016
2393
2618
2474
2231
2152
2635
2584
2387
2303
1936
2411
2397
2612
2322
1971
2406
1964
2472
2202
2159
1931
2309
2124
2109
2064
2563
2526
2469
2391
2359
2352
2324
2275
2261
2220
2218
2172
2131
2108
2088
2045
2037
2033
1993
1986
1953
1938
2304
2657
2585
2435
2225
2025
1972
1927
2636
2337
1991
1939
169
122
67
4027
4038
4037
4036
4035
4034
4033
4032
4029
4026
4025
4024
4023
4022
4021
4020
4019
4018
4017
4016
4015
4014
4013
4012
4010
4009
4008
4007
4006
4005
4004
4002
4001
4000
3998
3997
3994
3993
3991
3988
3987
3986
3985
3984
3983
3982
3981
346
454
393
351
2589
2399
2394
2224
2185
3111
2707
2653
2617
2608
2605
2582
2419
2413
2343
2295
2250
2246
2189
2144
2143
2071
2062
2038
1954
3409
3020
2649
2642
2543
2509
2319
2191
2187
2135
2132
2128
2125
2047
2007
1959
3179
2976
2971
3406
3366
3331
3295
2752
935
1477
1443
1797
2677
1321
1911
1441
1896
1252
1890
3361
3263
3245
3164
3057
2822
1240
1640
1150
1380
1107
1069
1177
1040
1196
926
916
920
1111
1452
1378
1863
1639
269
345
344
343
342
341
340
339
338
336
335
334
333
332
331
330
329
328
327
326
325
324
323
322
321
320
319
318
317
316
315
313
312
311
310
308
307
306
305
304
303
302
301
300
299
298
296
295
294
293
292
291
290
287
286
285
284
283
282
281
279
278
277
276
275
274
273
272
271
270
268
267
266
265
264
263
262
261
260
257
256
255
254
253
251
250
249
246
245
244
243
242
241
240
239
238
236
235
234
233
231
229
227
226
225
224
223
222
221
220
219
218
217
216
215
214
213
212
211
208
207
206
205
204
201
200
199
197
196
195
194
193
192
191
190
189
188
187
186
185
184
182
181
180
179
178
175
174
172
170
168
167
165
164
162
161
160
159
157
156
155
154
153
152
150
149
148
147
146
145
143
142
141
140
139
138
135
134
133
132
131
130
129
128
126
125
124
123
121
120
119
118
117
116
115
112
111
110
109
108
106
105
104
103
102
101
100
99
98
96
94
92
91
89
88
87
86
85
84
83
81
79
78
77
76
75
74
72
71
70
69
66
65
63
61
60
59
57
56
55
54
53
52
51
50
49
48
47
46
45
44
43
42
41
39
38
37
35
33
32
31
30
29
28
26
25
24
23
22
21
20
19
18
17
16
15
14
13
12
11
10
9
8
7
6
5
4
3
2
1
3436
3433
3432
3431
3430
3429
3428
3427
3426
3425
3424
3423
3422
3421
3420
3419
3417
3416
3415
3414
3413
3412
3410
3408
3407
3405
3404
3403
3401
3400
3399
3398
3397
3396
3395
3394
3393
3392
3391
3390
3389
3388
3387
3386
3385
3384
3383
3382
3381
3380
3379
3378
3377
3376
3375
3374
3373
3372
3371
3370
3369
3368
3367
3365
3364
3363
3362
3360
3359
3358
3357
3356
3355
3354
3353
3352
3351
3350
3349
3347
3346
3345
3344
3343
3342
3341
3340
3339
3338
3337
3336
3335
3334
3333
3332
3330
3328
3327
3326
3325
3324
3323
3322
3321
3320
3319
3318
3317
3316
3315
3314
3313
3312
3311
3310
3309
3308
3307
3306
3304
3303
3302
3301
3299
3298
3296
3294
3293
3292
3291
3290
3289
3288
3287
3286
3285
3284
3283
3282
3280
3279
3278
3277
3276
3275
3274
3271
3270
3269
3268
3267
3266
3265
3262
3261
3260
3259
3258
3257
3256
3255
3254
3253
3252
3251
3249
3248
3247
3246
3244
3243
3242
3241
3240
3239
3237
3236
3235
3234
3233
3231
3229
3228
3227
3226
3225
3224
3223
3222
3221
3220
3219
3216
3214
3211
3210
3207
3206
3205
3203
3202
3201
3200
3199
3198
3197
3196
3195
3194
3193
3192
3191
3190
3189
3188
3186
3185
3184
3182
3181
3180
3178
3177
3176
3175
3174
3173
3172
3171
3170
3169
3168
3167
3166
3165
3163
3162
3161
3160
3159
3158
3157
3155
3153
3151
3150
3149
3148
3147
3146
3145
3143
3142
3141
3140
3139
3136
3135
3133
3132
3131
3130
3129
3128
3126
3125
3124
3123
3122
3121
3120
3117
3116
3115
3114
3113
3112
3110
3109
3108
3107
3106
3105
3103
3102
3101
3100
3097
3096
3095
3094
3093
3092
3091
3090
3089
3088
3087
3084
3082
3080
3079
3078
3077
3076
3075
3074
3073
3072
3071
3070
3069
3067
3066
3065
3064
3062
3061
3060
3059
3058
3056
3055
3054
3053
3052
3051
3050
3049
3047
3046
3045
3042
3039
3038
3037
3036
3035
3034
3033
3032
3031
3028
3027
3025
3024
3021
3019
3016
3015
3014
3013
3011
3010
3009
3008
3007
3006
3005
3004
3003
3002
3001
3000
2999
2998
2996
2995
2994
2993
2991
2989
2988
2987
2986
2985
2984
2983
2982
2981
2980
2979
2978
2977
2975
2974
2972
2970
2968
2967
2966
2965
2964
2963
2962
2961
2960
2959
2958
2957
2956
2955
2954
2953
2951
2950
2949
2947
2946
2945
2944
2942
2941
2940
2939
2938
2937
2936
2934
2933
2932
2931
2930
2929
2928
2927
2926
2925
2923
2922
2921
2920
2919
2918
2917
2916
2915
2911
2910
2909
2908
2907
2906
2905
2904
2903
2902
2901
2900
2898
2897
2896
2893
2892
2891
2890
2888
2887
2886
2885
2883
2882
2880
2879
2878
2876
2875
2874
2873
2872
2870
2869
2868
2867
2866
2865
2864
2863
2862
2861
2859
2858
2857
2856
2855
2854
2853
2852
2851
2849
2848
2847
2844
2843
2842
2841
2839
2838
2837
2836
2835
2834
2833
2831
2830
2829
2828
2827
2826
2825
2824
2823
2821
2820
2819
2818
2817
2816
2815
2814
2813
2812
2811
2810
2809
2808
2806
2805
2804
2802
2801
2800
2799
2798
2797
2796
2795
2794
2793
2791
2790
2789
2788
2787
2786
2785
2784
2783
2782
2781
2780
2779
2777
2776
2775
2774
2773
2771
2770
2769
2768
2767
2766
2765
2764
2763
2762
2761
2760
2759
2758
2757
2756
2754
2753
2751
2749
2748
2747
2746
2745
2744
2743
2742
2741
2740
2739
2738
2736
2735
2734
2733
2732
2731
2730
2729
2727
2726
2725
2724
2722
2721
2720
2719
2718
2717
2716
2715
2714
2713
2712
2711
2710
2709
2708
2705
2704
2703
2702
2701
2699
2698
2697
2696
2695
2694
2693
2692
2691
2690
2689
2688
2686
2685
2684
2683
2682
2681
2679
2678
2676
2674
2671
2670
2669
2667
2666
2665
2664
2663
2662
2661
841
725
821
732
1134
1244
1657
1760
1194
1809
1804
1608
1480
1449
1271
1185
1156
1132
1130
1083
1068
1704
898
1733
1481
1418
1841
1417
1170
1044
989
2660
2659
2658
2656
2655
2654
2652
2651
2650
2648
2647
2646
2645
2644
2643
2641
2640
2639
2638
2637
2634
2633
2632
2631
2630
2629
2628
2627
2626
2625
2624
2623
2622
2621
2620
2619
2616
2615
2614
2613
2611
2610
2609
2607
2606
2604
2603
2602
2601
2600
2598
2597
2596
2595
2594
2593
2592
2591
2590
2588
2587
2586
2583
2581
2580
2579
2578
2577
2576
2575
2574
2573
2572
2571
2570
2569
2567
2566
2564
2562
2561
2560
2559
2558
2557
2556
2555
2554
2553
2552
2551
2550
2549
2548
2547
2546
2545
2544
2542
2541
2540
2539
2538
2537
2536
2535
2534
2533
2532
2531
2530
2529
2528
2527
2525
2524
2523
2522
2521
2520
2519
2518
2517
2516
2515
2514
2513
2512
2511
2510
2508
2507
2506
2504
2503
2502
2501
2500
2499
2498
2497
2496
2495
2494
2493
2492
2491
2489
2488
2487
2486
2485
2484
2483
2482
2481
2480
2479
2478
2477
2476
2475
2473
2471
2470
2468
2467
2466
2465
2464
2463
2462
2461
2460
2459
2458
2457
2456
2455
2454
2453
2452
2451
2449
2448
2447
2446
2445
2444
2443
2442
2441
2440
2439
2438
2437
2436
2434
2433
2432
2431
2430
2429
2428
2427
2426
2425
2424
2423
2422
2421
2420
2418
2417
2416
2415
2414
2412
2410
2409
2408
2407
2405
2404
2403
2402
2401
2400
2398
2396
2395
2392
2390
2389
2388
2386
2385
2384
2383
2382
2381
2380
2379
2378
2377
2376
2374
2373
2372
2371
2370
2369
2368
2367
2366
2365
2364
2363
2362
2361
2360
2358
2357
2356
2355
2354
2353
2351
2350
2349
2348
2347
2346
2345
2344
2342
2341
2340
2339
2338
2336
2335
2334
2333
2332
2331
2330
2329
2328
2327
2326
2325
2323
2321
2318
2317
2316
2315
2314
2313
2311
2310
2308
2307
2306
2305
2302
2301
2300
2299
2298
2297
2296
2294
2293
2292
2291
2290
2289
2288
2287
2286
2285
2284
2283
2282
2281
2280
2279
2278
2277
2276
2274
2273
2272
2271
2270
2269
2268
2267
2266
2265
2264
2262
2260
2259
2258
2257
2256
2255
2254
2253
2252
2251
2249
2248
2247
2245
2244
2243
2242
2241
2240
2239
2237
2236
2235
2234
2233
2232
2230
2229
2228
2227
2226
2223
2222
2221
2217
2216
2215
2214
2213
2212
2211
2210
2209
2208
2207
2206
2205
2204
2203
2201
2200
2199
2198
2197
2196
2194
2192
2190
2188
2186
2184
2183
2182
2181
2180
2179
2177
2176
2175
2174
2173
2171
2170
2169
2168
2167
2166
2165
2164
2163
2161
2160
2158
2157
2156
2155
2154
2153
2151
2150
2149
2148
2147
2146
2145
2142
2141
2140
2139
2138
2137
2136
2134
2133
2130
2129
2127
2126
2123
2122
2121
2120
2119
2118
2117
2116
2115
2114
2113
2112
2111
2110
2107
2106
2105
2104
2103
2102
2101
2100
2099
2098
2097
2096
2095
2094
2093
2092
2091
2090
2089
2087
2086
2085
2084
2083
2082
2081
2080
2079
2078
2077
2075
2074
2073
2072
2070
2069
2068
2067
2066
2065
2063
2061
2060
2059
2058
2057
2056
2055
2054
2053
2052
2051
2050
2049
2048
2046
2044
2043
2042
2041
2040
2039
2035
2034
2032
2031
2030
2029
2028
2027
2026
2024
2023
2022
2021
2020
2019
2018
2017
2015
2014
2013
2012
2011
2010
2009
2008
2006
2005
2004
2003
2002
2001
2000
1999
1998
1997
1996
1995
1994
1992
1990
1989
1988
1987
1985
1984
1983
1982
1981
1980
1979
1978
1976
1975
1973
1970
1969
1968
1966
1965
1963
1962
1961
1960
1958
1957
1956
1955
1952
1951
1950
1949
1948
1947
1946
1945
1944
1943
1942
1941
1940
1937
1935
1934
1933
1932
1930
1929
1928
1926
1925
1924
1923
1922
1921
1920
1919
1918
1917
1916
1915
1914
1913
136
1762
1787
1703
1225
944
943
1139
4031
4011
3989
3980
1041
660
1872
662
659
632
600
625
611
202
166
163
80
655
672
466
568
963
673
1064
1667
1093
1052
1910
1497
1887
1576
1462
1381
1082
1021
1019
1212
1861
1479
584
1710
571
541
1658
1549
572
564
562
552
550
532
530
522
519
509
501
499
489
485
480
478
476
474
470
468
467
464
457
453
443
441
437
429
411
410
401
399
396
390
386
384
382
381
380
379
377
364
361
354
349
198
1702
1029
1891
1864
1846
1819
1768
1721
1675
1669
1614
1613
1580
1570
1557
1367
1330
1305
1269
1175
1028
993
967
947
932
1678
1337
1908
171
1174
1144
1553
1909
1906
1905
1904
1903
1902
1901
1900
1898
1897
1895
1892
1889
1888
1886
1885
1884
1883
1880
1879
1877
1876
1874
1873
1869
1868
1867
1865
1862
1860
1859
1858
1857
1856
1854
1852
1851
1849
1845
1843
1842
1840
1839
1838
1837
1836
1835
1834
1833
1832
1831
1830
1829
1827
1826
1825
1824
1823
1822
1821
1818
1817
1816
1815
1814
1813
1811
1810
1807
1805
1802
1800
1799
1798
1796
1795
1793
1792
1791
1789
1788
1785
1784
1782
1781
1780
1779
1776
1775
1774
