0
852
4008
607
2195
4032
883
875
3709
1395
841
585
3807
3290
945
904
2470
1560
624
467
138
3798
4024
386
11
3453
3650
602
1581
191
3984
3935
1224
1252
3983
4020
3991
4034
4013
4027
3994
4026
4017
4019
4030
3995
3982
4038
4036
4033
4031
4029
4023
4022
4021
4018
4016
4015
4012
4011
4010
4009
4006
4005
4004
4003
4002
4001
4000
3999
3998
3997
3996
3993
3992
3990
3989
3988
3987
3986
3985
3981
4014
3980
4037
855
717
894
866
871
858
895
887
885
884
881
879
870
859
811
851
893
889
888
864
733
880
791
802
796
761
690
804
758
877
874
873
872
867
890
869
786
708
740
736
715
785
763
886
882
878
876
863
861
838
716
846
742
826
832
808
790
787
718
816
767
707
752
799
770
725
795
827
820
815
753
726
709
698
774
773
719
853
831
800
798
737
722
705
834
823
778
713
695
833
822
771
732
830
828
780
759
747
703
688
739
856
854
850
849
848
847
845
844
843
842
840
839
837
836
835
829
825
824
821
819
818
817
814
813
812
810
809
807
806
805
803
801
797
794
793
792
789
788
784
783
782
781
779
777
776
775
772
769
768
766
765
764
762
760
756
755
754
751
750
748
746
745
744
743
741
738
735
734
731
730
729
728
727
724
723
721
720
714
712
711
710
706
704
702
701
700
697
696
694
693
692
691
689
687
757
686
749
4025
3606
4028
4007
3939
3865
3942
3946
3781
3727
699
3928
3733
3801
3704
3904
3745
3973
3882
3653
3671
3582
3444
3751
3749
3818
3910
3560
3955
3578
3665
3489
3816
3762
3439
3803
3532
3844
3699
3893
3953
3772
3713
3694
3462
3524
3636
3967
3766
3965
3837
3897
3963
3657
3890
3690
3857
3445
3564
3535
3499
3668
3464
3594
3597
3562
3707
3557
3799
3821
3933
3754
3511
3833
3829
3509
3598
3669
3920
3655
3641
3478
3740
3629
3775
3924
3711
3646
3558
3486
3905
3863
3771
3624
3528
3698
3644
3472
3581
3637
3917
3874
3868
3940
3526
3561
3474
3460
3823
3623
3568
3945
3975
3836
3757
3579
3476
3906
3869
3825
3951
3584
3731
3611
3682
3679
3580
3549
3937
3593
3977
3907
3850
3835
3778
3773
3735
3685
3553
3470
3536
3784
3626
865
892
868
3055
2952
3059
3161
1442
3455
3575
3522
3957
3911
3883
3765
3717
3649
3481
3467
3573
3852
3672
3520
3930
3547
3517
3847
3667
3656
3491
3970
3760
3734
3533
3484
3824
3697
3687
3651
3625
3596
3440
3971
3938
3851
3800
3756
3577
3449
581
603
633
684
625
679
631
664
622
670
582
675
658
573
572
379
468
443
454
327
293
262
220
681
628
3925
3673
3979
3978
3976
3972
3969
3968
3966
3964
3962
3961
3960
3958
3956
3954
3952
3950
3949
3947
3944
3943
3941
3936
3934
3932
3931
3929
3927
3926
3923
3922
3921
3919
3918
3916
3915
3914
3913
3912
3909
3908
3903
3902
3901
3900
3899
3898
3896
3895
3894
3892
3891
3889
3888
3887
3884
3881
3880
3879
3878
3877
3876
3875
3873
3871
3870
3867
3866
3864
3862
3860
3859
3858
3856
3855
3854
3853
3849
3848
3846
3845
3843
3842
3841
3840
3839
3838
3834
3832
3831
3828
3827
3826
3822
3820
3819
3817
3815
3814
3813
3812
3811
3810
3809
3808
3806
3805
3804
3802
3796
3795
3794
3793
3792
3791
3790
3789
3788
3787
3786
3785
3783
3782
3780
3779
3777
3776
3774
3770
3769
3768
3767
3764
3763
3761
3759
3758
3755
3753
3752
3750
3748
3747
3746
3744
3743
3742
3739
3738
3737
3736
3732
3730
3729
3728
3726
3725
3724
3722
3721
3720
3719
3718
3716
3715
3714
3712
3710
3708
3706
3705
3703
3702
3701
3700
3696
3695
3693
3691
3689
3688
3686
3683
3681
3680
3678
3676
3675
3670
3666
3664
3663
3662
3661
3660
3659
3658
3654
3652
3648
3647
3645
3643
3642
3640
3639
3638
3635
3634
3633
3632
3631
3630
3628
3627
3622
3621
3620
3619
3618
3617
3616
3615
3614
3613
3612
3610
3609
3608
3607
3605
3604
3603
3602
3601
3600
3599
3595
3592
3591
3590
3589
3588
3587
3586
3585
3583
3576
3574
3572
3571
3569
3567
3566
3565
3563
3559
3555
3554
3552
3551
3548
3546
3545
3544
3543
3542
3541
3539
3538
3537
3534
3531
3530
3529
3527
3523
3521
3519
3518
3516
3515
3514
3513
3512
3510
3508
3507
3506
3505
3504
3503
3502
3500
3498
3497
3496
3494
3493
3492
3490
3488
3485
3483
3482
3480
3479
3477
3475
3473
3471
3469
3468
3466
3465
3463
3461
3459
3458
3457
3452
3451
3450
3448
3447
3446
3443
3442
3441
3438
862
857
661
583
577
682
657
636
617
530
568
1417
3217
3125
3407
3194
3408
3153
3197
3368
2933
3160
2961
3063
3372
3429
3427
2855
2811
3009
3159
3227
3042
3264
2850
3006
3175
2878
3190
2718
3326
3163
3431
2942
3413
2752
3393
3317
3269
2997
3122
3053
2700
3275
3422
3306
3148
3112
3016
3216
3147
2817
3314
2959
3052
3432
3095
3202
3040
2897
3013
3392
3143
3010
2843
2762
3234
3092
2798
3418
3343
2808
3180
2902
3365
3167
3032
2918
2816
2801
3371
3273
3137
3045
3266
3203
2947
2892
2758
2739
3367
3281
3239
3170
3209
3109
2712
2687
3312
3176
2829
3283
2889
2699
3298
3287
3226
3064
2666
3288
3246
3303
3023
2682
2907
3293
3036
2943
2807
2743
3284
3096
2891
2706
3433
3417
3364
3363
3243
3220
3119
3046
2977
2953
2924
2896
2810
2800
2786
2763
2729
3196
2686
2881
2721
3423
3309
3008
3274
3142
3000
2960
2925
2777
2754
3374
3178
3138
3242
