0
771
3986
1854
3074
4016
2569
3807
4010
887
3502
3699
193
183
2596
881
1834
2842
3974
233
3268
3987
316
1002
2015
1208
2952
2178
384
2998
3751
2722
3037
234
1206
1326
870
1771
3813
1701
1133
4025
832
3147
3717
3936
3859
3997
124
3544
1096
931
3955
3401
3885
480
3733
1138
638
441
205
1194
2975
1264
2481
3754
154
1233
2541
3844
2195
4005
311
3992
47
3983
244
2421
594
692
1395
4029
1055
1061
883
3846
2483
1607
1046
3282
3875
52
3230
3183
3811
2
624
3650
4022
852
491
888
796
3798
1031
3961
825
164
721
802
717
3959
568
3269
1057
1581
3094
2902
43
3806
3910
241
3801
1353
2441
32
652
3963
292
3597
552
1119
245
1924
379
1657
3942
3432
201
2808
3729
283
383
6
2505
279
3748
910
179
3589
3820
3175
1248
2219
4035
338
1664
160
1143
209
307
602
2470
3570
2704
1263
18
112
468
2167
1038
3928
899
1560
2375
585
868
319
3444
656
3957
3453
305
855
1386
166
3742
2439
90
1974
1203
1240
3181
3180
3372
192
2595
301
1586
393
501
364
564
198
351
3376
3808
3055
3127
2774
790
894
858
2691
3749
3923
464
1105
4012
879
866
895
871
264
61
259
8
91
110
3669
3911
3700
3864
877
867
873
874
3990
4007
4020
4017
4023
4018
4009
4003
3994
4038
4002
4036
4034
4033
4032
4030
4027
4024
4019
4011
4008
4001
3999
3991
3989
3981
4037
4021
3998
3982
4031
4026
4000
3988
3980
4014
4013
3995
3985
4004
3996
4006
3993
4028
4015
667
3984
869
788
872
884
890
878
785
699
806
791
882
732
725
689
767
736
741
836
892
886
885
876
865
799
753
861
846
709
850
833
813
746
716
735
808
793
818
765
703
811
742
770
786
720
889
863
804
839
702
822
816
782
707
826
734
817
797
849
777
708
880
838
837
764
762
718
710
769
854
829
724
761
800
815
814
795
794
781
755
737
723
698
847
843
787
758
738
728
693
835
823
727
719
687
844
778
760
752
711
706
856
834
830
780
747
713
701
851
845
840
831
828
820
819
809
807
803
792
789
783
779
776
774
768
763
759
756
751
750
749
748
744
740
739
733
730
729
715
714
712
696
690
853
848
842
827
824
821
812
810
805
798
784
773
772
766
754
745
731
726
722
705
697
695
688
686
694
704
691
893
757
864
859
841
700
743
891
875
775
860
801
857
3425
3310
3354
2671
81
275
4
23
219
2431
1996
2651
3338
3059
2922
2949
3012
2798
3045
3053
2861
2857
3091
2824
2820
2726
3390
3227
3300
2899
2884
2673
3314
3155
3095
2255
2632
2388
2041
2442
2515
2321
1933
2503
2316
2080
2403
1949
2424
454
937
2160
2044
1218
3159
147
57
35
328
181
269
152
309
321
76
51
260
73
106
38
63
251
288
222
221
299
187
80
294
270
127
123
295
129
289
174
138
89
28
162
65
229
250
96
2697
2854
2746
3080
2252
2548
2263
2017
2456
2205
2453
1978
1930
2230
2934
2860
2801
3285
3292
3246
2926
3402
3427
3370
2855
3429
3357
3058
2847
3279
2702
3236
3398
3368
2903
2804
2983
3124
2802
3043
2696
2898
2809
3305
3126
3281
3318
2961
2705
3333
3196
3141
2776
2878
3315
3286
2967
3044
3229
3191
3131
2732
3312
2978
2805
2710
3194
3088
2693
2997
2935
2817
3202
2995
2747
2667
3303
2731
3435
3394
3010
2766
2879
2703
3166
3075
3036
2953
2887
3114
3400
3123
3163
2821
2761
2982
2767
3065
2896
3404
3414
2977
3184
3042
2969
2717
3384
3251
2723
3217
3389
3322
3083
2931
2663
3243
3064
2907
2850
3284
2911
2891
3167
3032
2816
2782
2741
3106
3013
3383
3248
2836
3362
3237
3193
3135
2948
2945
2852
2743
2738
2807
2972
3146
2973
3213
3023
2683
3004
3000
2940
2877
2681
3200
3105
2832
3417
3073
2874
2803
2760
2888
2769
2736
3426
3364
2974
3293
3238
2993
2956
2915
3119
3098
2925
2916
2906
2815
2754
2962
3363
3137
2909
2897
2890
2880
2786
3430
3392
3324
3139
3078
2864
2664
3160
2682
2868
3070
2714
2920
2806
2762
3220
3142
3108
2777
2763
2729
3129
3056
3054
3022
2944
2917
2749
3423
3311
2889
2699
3348
3149
3047
3040
2905
2872
2851
2827
2773
2669
3156
2932
2744
2718
3330
3102
3192
3349
2958
2831
2791
401
621
1963
2486
2466
1958
1950
2349
2320
2105
2070
2422
2051
2350
2490
1992
2147
2545
2427
2019
1937
1922
2166
1960
2089
2342
1990
2383
1997
2094
1961
2256
2633
1935
2311
2152
2535
2540
2162
2455
2008
2628
2158
2532
2524
2443
2260
2025
1952
2618
2113
2100
2170
2034
2497
2129
1965
2337
2611
2277
2574
2387
2331
2114
2136
2306
2098
2037
2606
2430
2220
2040
2021
2091
2192
2131
2564
2521
2485
2467
2359
2287
2172
2115
2576
1982
2566
2579
2478
2374
2353
2124
2123
2108
2020
2371
2120
2444
2401
2568
2536
2506
2395
2386
2233
2122
2043
1918
2658
2159
1921
2121
2086
1942
1925
2613
2584
2428
2414
2410
2271
2216
2090
2534
2523
2286
2615
2601
2507
2504
2495
2469
2370
2326
2324
2184
2164
2139
2074
2073
2045
1962
1953
1917
2660
2016
2577
2341
2035
1928
1999
2001
1998
2575
2553
2423
2300
2253
1938
2638
2602
2573
2552
2546
2520
2499
2460
2407
2376
2363
2299
2278
2261
2237
2200
2190
2150
2140
2078
2055
1929
2659
2657
2636
2585
2014
1968
1957
1927
2474
2360
2314
2193
2173
1936
2435
2365
2297
2018
2011
