0
4001
192
1206
447
241
4015
4010
3991
4012
3987
3729
377
692
3453
2483
2569
1119
2704
801
216
3688
891
499
3922
3807
911
602
743
550
1581
624
1967
294
854
287
282
81
613
267
43
1521
3055
1027
3856
3798
656
383
205
49
4038
4029
3992
4005
4002
3993
4019
4031
4026
4021
4003
3986
4009
3998
4037
4036
4032
4030
4028
4027
4025
4023
4020
4018
4017
4014
4013
4011
4008
4006
4004
4000
3999
3997
3996
3995
3994
3989
3988
3985
3983
3982
3981
3980
3990
4033
4035
4034
4024
4022
4016
4007
3984
594
884
825
785
790
716
746
712
691
704
789
786
742
809
822
791
808
816
767
736
714
771
3787
3882
3887
3816
3771
3959
886
881
858
895
879
876
864
765
727
838
807
759
792
741
888
861
735
885
874
873
819
770
761
706
696
829
728
794
784
752
738
734
722
695
688
869
724
842
754
748
747
705
701
687
855
853
852
851
850
849
848
847
846
845
844
843
841
840
839
837
836
835
834
833
832
831
827
826
824
821
820
818
817
815
814
813
812
806
805
803
802
799
797
796
795
793
788
787
783
782
781
780
779
778
777
773
769
768
766
764
763
762
760
758
757
756
755
753
751
750
749
744
740
739
737
733
732
731
730
729
726
725
723
721
720
718
717
715
711
710
709
707
703
702
700
699
694
693
690
689
2541
3733
476
2441
3552
3781
3963
3854
3720
3537
3704
3801
3504
3443
3678
3751
3749
3653
3671
3445
3444
3567
3668
3955
3745
3606
3933
3603
3952
3848
3602
3657
3806
3490
3878
3716
3893
3660
3785
3936
3538
3591
3867
3835
3920
3641
3818
3957
3452
3899
3837
3759
3834
3534
3637
3574
3778
3536
3747
3949
3894
3863
3811
3580
3531
3446
3441
3725
3473
3895
3890
3499
3681
3483
3530
3752
3833
3809
3776
3632
3607
3754
3958
3718
3664
3478
3542
3551
3880
3687
3461
3690
3951
3924
3792
3648
3646
3458
3969
3870
3869
3855
3711
3706
3705
3463
3698
3472
3919
3594
3940
3442
3972
3554
3474
3464
3927
3826
3777
3535
3774
3519
3476
3559
3937
3900
3726
3601
3529
3466
3945
3645
3564
3831
3862
3827
3802
3773
3753
3722
3710
3505
3498
3944
3737
3575
3941
3659
3503
3626
894
893
890
889
887
883
882
880
878
877
875
872
871
870
867
866
863
860
859
856
830
828
823
811
810
804
800
798
776
774
772
745
719
713
708
697
686
648
2634
2281
2167
2595
2421
2320
2181
2580
2456
2545
1990
1978
2263
2349
1992
1949
2656
1933
2548
2100
2051
2628
2424
2314
2168
2238
2535
2130
2570
2152
2650
2255
2644
2442
1977
2402
2089
2041
1996
2513
2360
2158
2119
1930
2651
2162
2023
2245
2381
2584
2443
2534
2497
2049
2373
2207
2613
2591
2485
2307
2136
2412
1922
621
574
665
675
622
643
640
600
3925
3723
3861
3775
453
572
401
399
501
393
351
2234
2147
2092
2435
2626
2016
2620
2018
2659
2645
2633
2364
2202
2025
2013
1914
86
174
138
289
151
2452
2639
2011
2606
2258
1963
2387
2303
2288
73
1988
2453
2401
2365
2066
2310
2566
2277
2242
2627
1951
1921
2313
2362
2270
2654
2446
2386
2348
2298
2290
2240
2237
2139
2098
2522
2478
1974
2637
2366
2296
2272
2166
1965
1944
2358
2640
2406
1995
1928
2619
2600
2549
2521
2489
2427
2423
2418
2409
2407
2393
2392
2374
2356
2352
2339
2309
2308
2220
2218
2200
2124
2122
2118
2115
2093
2090
2086
2077
2069
2059
2056
2045
2044
2040
1997
1989
1986
1984
1966
1938
2531
2312
1913
2557
2099
2646
2287
2278
1961
1952
2413
2003
1981
2652
2235
2110
2075
2002
2611
2604
2601
2573
2564
2495
2430
2428
2395
2379
2370
2363
2354
2340
2323
2300
2276
2253
2184
2142
2078
2065
2064
2033
2592
2516
2465
2438
2347
2259
2183
2047
1939
1932
3488
3911
3898
3813
3744
3736
3717
3691
3669
3617
3512
3563
3852
3672
3667
3556
3471
3760
3860
3578
3484
3501
3979
3888
3847
3950
3625
3521
3968
3873
3824
3703
3697
3618
3938
3805
3780
3755
3596
3576
3545
3978
3977
3976
3975
3973
3971
3970
3967
3966
3965
3964
3962
3960
3956
3948
3947
3946
3943
3942
3939
3934
3932
3931
3930
3929
3928
3926
3923
3921
3918
3917
3916
3915
3914
3913
3912
3910
3909
3908
3907
3906
3905
3904
3903
3902
3901
3897
3896
3892
3891
3889
3885
3884
3883
3881
3879
3876
3875
3874
3871
3868
3866
3865
3864
3859
3858
3857
3850
3849
3845
3844
3843
3842
3841
3840
3839
3838
3836
3832
3829
3828
3825
3823
3822
3821
3820
3819
3817
3815
3814
3812
3810
3808
3804
3803
3800
3799
3796
3795
3794
3793
3791
3790
3789
3788
3786
3784
3783
3782
3772
3770
3769
3768
3767
3766
3765
3764
3763
3762
3761
3758
3757
3756
3750
3748
3743
3742
3740
3739
3738
3735
3734
3732
3731
3730
3728
3727
3724
3719
3715
3714
3713
3712
3709
3708
3707
3702
3701
3700
3699
3696
3695
3694
3693
3692
3689
3686
3685
3683
3682
3680
3679
3676
3675
3673
3670
3666
3665
3663
3662
3661
3658
3656
3655
3654
3652
3650
3649
3647
3644
3643
3642
3640
3639
3638
3636
3635
3634
3631
3630
3629
3628
3627
3624
3623
3622
3620
3619
3616
3615
3614
3613
3612
3611
3610
3608
3605
3604
3600
3599
3598
3597
3595
3593
3590
3589
3588
3587
3586
3585
3584
3583
3582
3581
3579
3573
3572
3571
3569
3568
3566
3565
3562
3561
3560
3558
3557
3555
3553
3549
3548
3547
3546
3544
3543
3541
3540
3539
3533
3532
3528
3527
3526
3525
3524
3523
3522
3520
3518
3517
3516
3515
3514
3513
3511
3510
3509
3508
3507
3506
3502
3500
3497
3496
3495
3494
3493
3492
3491
3489
3486
3485
3482
3481
3480
3479
3477
3475
3470
3469
3468
3467
3465
3462
3460
3459
3457
3455
3451
3450
3449
3448
3447
3439
3438
3872
3797
3779
3621
3577
868
865
857
698
381
1002
899
677
1346
588
597
589
573
682
617
592
2658
2657
2655
2648
2647
2641
2638
2632
2631
2630
2625
2624
2623
2622
2621
2618
2615
2614
2612
2610
2607
2603
2602
2599
2593
2590
2587
2586
2585
2581
2579
2578
2577
2576
2575
2574
2572
2568
2565
2563
2562
2561
2560
2559
2558
2556
2554
2553
2552
2551
2550
2546
2542
2540
2539
2538
2537
2536
2532
2530
2529
2528
2527
2526
2525
2524
2523
2520
2518
2517
2515
2514
2507
2506
2505
2504
2503
2500
2499
2494
2493
2492
2490
2488
2487
2486
2484
2482
2481
2480
2479
2477
2476
2474
2473
2470
2469
2467
2466
2464
2462
2460
2458
2457
2455
2454
2450
2449
2448
2444
2440
2439
2437
2434
2433
2432
2431
2429
2426
2425
2422
2416
2415
2414
2411
2410
2408
2405
2404
2403
2400
2397
2396
2391
2390
2389
2388
2383
2382
2380
2378
2377
2376
2375
2371
2369
2367
2361
2359
2357
2355
2353
2350
2346
2345
2342
2341
2335
2334
2331
2329
2326
2325
2324
2322
2321
2318
2317
2316
2311
2306
2305
2304
2301
2299
2297
2295
2291
2286
2280
2275
2274
2271
2269
2265
2262
2261
2260
2257
2256
2252
2251
2249
2248
2244
2243
2236
2233
2232
2231
2230
2229
2228
2227
2226
2222
2221
2219
2217
2216
2214
2213
2212
2211
2210
2209
2208
2206
2205
2204
2201
2197
2193
2192
2190
2188
2186
2185
2182
2179
2178
2177
2175
2173
2172
2170
2165
2164
2163
2161
2160
2159
2157
2156
2154
2153
2150
2146
2145
2141
2140
2137
2131
2129
2126
2123
2121
2120
2116
2114
2113
2112
2109
2108
2107
2106
2105
2104
2103
2097
2096
2095
2094
2091
2088
2085
2084
2083
2082
2080
2079
2076
2074
2073
2072
2070
2067
2063
2061
2060
2058
2057
2055
2053
2050
2048
2046
2043
2037
2036
2035
2034
2031
2030
2029
2026
2022
2021
2020
2019
2017
2015
2014
2012
2008
2006
2005
2000
1999
1993
1991
1987
1985
1983
1982
1980
1979
1975
1973
1971
1970
1969
1968
1964
1962
1960
1958
1957
1956
1953
1950
1946
1943
1942
1937
1936
1935
1934
1931
1929
1927
1925
1924
1923
1919
1918
1917
1915
551
457
532
534
365
466
437
385
685
684
681
680
679
678
672
671
670
668
664
663
662
661
660
659
658
657
655
653
652
650
647
639
636
635
633
632
631
628
627
626
625
623
619
618
616
615
612
611
608
605
603
599
598
595
585
584
583
582
581
579
578
577
576
575
554
477
406
666
3961
3487
3454
590
472
654
620
535
614
505
565
560
558
392
571
570
568
564
562
555
552
548
540
539
533
530
529
522
521
509
504
498
495
494
486
480
478
474
470
467
464
455
454
451
448
445
443
442
441
435
433
429
427
425
424
421
418
416
413
411
407
403
390
386
384
382
380
375
372
371
368
364
362
360
358
356
354
349
34
218
22
60
244
227
102
68
220
160
71
70
147
94
309
139
57
46
321
225
16
106
10
198
157
275
2
179
2660
2636
2635
2598
2583
2571
2533
2475
2459
2451
2447
2417
2337
2284
2225
2171
2027
2024
2009
2007
2004
2001
1998
1976
1972
168
247
38
50
137
44
264
92
278
143
131
133
62
167
8
327
5
176
222
181
4
344
290
285
158
156
123
55
45
3
268
118
331
238
63
317
299
254
249
242
213
191
1
257
320
337
7
303
236
178
48
338
326
144
245
240
124
51
304
284
161
159
142
108
105
88
19
343
214
116
115
41
20
342
277
223
3121
3336
2975
3375
2609
2605
2597
2594
2588
2547
2544
2519
2502
2498
2472
2468
2445
2398
2394
2385
2344
2294
2292
2282
2279
2273
2246
2241
2224
2215
2194
2189
2151
2149
2127
2101
2071
2062
2054
2039
2032
1994
1947
1038
1651
339
329
323
261
239
200
185
170
128
109
26
25
9
1854
1248
1065
2653
2649
2629
2617
2616
2589
2582
2555
2512
2511
2491
2471
2463
2461
2436
2419
2399
2343
2330
2328
2254
2239
2187
2180
2176
2174
2155
2148
2144
2143
2133
2132
2125
2117
2068
2052
2038
2028
2010
1955
1954
1940
1926
1916
1607
910
1762
1654
1455
1690
1385
1498
1906
1802
2643
2642
2608
2567
2543
2510
2509
2508
2501
2496
2420
2384
2372
2368
2351
2338
2336
2333
2332
2327
2319
2315
2302
2293
2289
2285
2283
2268
2267
2266
2264
2250
2247
2223
2203
2199
2198
2196
2191
2169
2138
2135
2134
2128
2111
2102
2087
2081
2042
1959
1948
1945
1941
1920
1853
1093
1564
1633
1817
1200
1252
1693
1141
1296
940
1039
1439
1223
923
1499
1016
979
1072
1667
1089
1599
1152
1383
1179
1555
1896
1218
956
1588
1640
974
1321
1458
1147
937
1749
3886
3877
3851
3830
3741
3721
3684
3677
3674
3651
3633
3609
3592
3550
3456
3440
3437
1719
1705
1518
862
1340
1084
1841
1716
1910
1372
1552
1805
1266
1050
1075
1225
1275
1188
1484
1111
943
1428
1415
1306
1259
1139
1121
977
949
389
1246
1037
1010
1697
1489
1043
955
909
1856
1890
1627
1332
1189
1442
1073
596
1821
1872
1911
1531
935
1874
1449
1624
1469
964
1659
1844
1388
1132
1569
1877
1648
1378
901
1875
1655
1245
1542
1359
1847
1433
1711
1774
1772
1662
1556
1070
1629
1493
903
1839
1823
998
926
1040
1232
1216
1186
1118
1097
1859
1578
1423
1231
1104
1060
975
1898
1271
1172
1163
1117
1511
1804
1562
1539
1886
1836
1768
1746
1741
1580
1370
1330
1209
922
1815
1770
1725
1011
1503
1454
1451
1316
1018
919
1907
1704
945
1295
1837
1568
1452
1424
1333
1610
1559
1538
1352
1291
1845
1734
1447
1829
1766
1695
1645
962
1174
1819
1669
1124
897
1876
1830
1745
1496
1482
1236
1170
1109
1000
1833
1643
1622
1603
1557
1520
1516
1471
1393
1185
1059
1026
980
1860
1584
1902
1900
1809
1791
1753
1717
1619
1597
1547
1456
1399
1312
1289
1287
1285
1280
1184
1156
1153
1125
999
982
978
952
1897
1247
1807
1703
1699
1675
1497
1453
1377
1222
1776
1464
948
1827
1816
1796
1771
1757
1737
1663
1652
1644
1570
1551
1431
1375
1367
1256
1242
1205
1199
1003
925
1658
1226
1573
1462
1459
1347
1279
1257
1100
1615
1494
1014
908
1099
1081
917
1899
1893
1873
1857
1751
1732
1728
1706
1661
1611
1596
1515
1350
1315
1284
1235
1115
1082
1036
981
1709
1606
1473
645
587
173
644
630
629
609
422
676
593
404
1912
1777
1013
569
549
546
543
541
531
528
518
516
510
508
500
485
469
459
449
415
373
369
357
1870
514
512
462
434
398
374
352
1598
1574
1408
1349
1238
1217
1160
559
536
527
525
511
503
479
440
363
350
683
669
646
637
634
610
604
591
586
561
557
556
553
547
545
542
524
523
520
519
507
506
502
497
496
491
490
489
488
483
481
475
473
471
465
463
461
458
456
452
450
444
439
438
436
432
431
426
423
417
414
410
405
402
400
397
396
395
394
391
387
378
370
367
366
361
359
355
1882
1855
1744
1740
1677
1673
1543
1487
1397
1358
1237
1114
1012
936
641
606
580
567
544
538
537
526
515
513
493
492
487
482
460
446
430
428
420
419
412
409
408
388
348
3290
269
347
346
345
341
340
336
335
334
333
332
330
328
325
324
322
319
318
316
315
314
313
312
311
310
308
307
306
305
302
301
300
298
297
296
295
293
292
291
288
286
283
281
280
279
276
274
273
272
271
270
266
265
263
262
260
259
258
256
255
252
251
250
248
246
243
237
235
234
233
232
231
230
229
228
226
224
221
219
217
215
212
211
209
208
207
204
203
202
201
199
197
196
195
194
193
190
189
188
187
186
184
183
180
177
175
172
169
166
165
164
163
162
155
152
149
148
146
145
141
140
136
135
134
132
130
129
127
126
125
122
121
120
117
114
113
112
111
110
104
103
101
100
99
98
97
96
95
93
91
89
87
85
84
83
82
80
79
78
77
76
75
72
69
67
66
65
64
59
56
54
53
40
39
37
36
32
31
30
29
28
27
24
23
21
18
17
15
14
13
12
11
6
2788
3425
3376
2926
3281
2895
2776
3181
2678
3436
2685
3141
2861
2802
3368
3340
2714
2824
3066
2935
2805
3155
3322
3128
3126
3227
3309
3429
2722
2784
3190
2893
2858
3292
3306
2733
3122
2691
