0
2569
891
550
2195
358
3984
3853
292
1560
1096
883
841
3959
255
356
3582
638
3570
37
335
674
1466
624
15
4035
3729
1581
3798
11
114
892
602
74
3071
3820
2470
4010
613
210
3451
287
875
608
585
2457
4022
4015
3709
1145
1386
1119
18
2596
3935
692
607
3031
668
12
3650
3453
3183
43
4024
2079
447
3856
4008
3974
801
2269
911
3230
3748
209
2842
1834
1206
215
918
4001
4029
642
3987
42
3407
4012
3268
3746
256
581
233
33
244
3846
282
401
90
145
1224
3885
4006
138
3704
377
1176
4028
3879
3282
1395
775
316
4034
3732
3006
47
1558
468
4032
2814
2541
1967
648
286
241
1276
860
859
1233
52
1755
443
3854
216
153
3983
2788
3875
1690
1430
379
3808
3688
1270
750
2382
267
3942
3922
3408
749
3807
2740
70
1394
699
4036
3125
1326
279
1065
234
183
205
2857
1262
305
3589
2704
1854
160
154
35
744
179
3134
2691
4005
3037
2792
383
4033
2595
301
3801
81
97
904
386
253
1253
3691
2483
1071
182
157
3699
1760
247
1693
228
3689
71
3928
1027
155
2380
1586
1046
411
3597
2952
785
660
3717
2975
1362
76
4007
3999
3991
3560
454
240
3744
3575
2860
2808
2722
2442
1627
3992
3733
2922
2798
899
854
4016
3467
1208
656
336
191
3955
2481
293
61
3816
1353
743
164
4025
3990
3375
2714
2168
667
321
207
3811
2998
1546
571
499
294
448
4011
3413
2178
112
1252
4037
3996
1194
1034
757
851
4027
4003
3993
3988
4038
4031
4030
4026
4023
4021
4020
4019
4018
4017
4014
4013
4009
4004
4002
4000
3998
3997
3995
3994
3989
3986
3985
3982
3981
3980
3882
1937
289
120
3897
3565
2441
1996
1105
877
868
530
49
3865
3588
3537
1474
1002
788
124
3965
2963
2855
2527
2106
1856
1762
1022
894
884
384
270
3954
3953
3952
3910
3619
3494
3121
2565
2204
594
467
206
202
190
3673
1510
1383
1200
1031
945
832
717
472
288
125
3978
3946
3939
2971
2885
910
865
852
406
307
262
174
166
3781
3653
3143
3003
1969
1651
855
790
572
327
201
192
3887
3839
3742
3686
3678
3637
3544
2838
2634
1776
