0
4005
4008
613
638
3709
12
3230
74
3856
233
3846
775
71
864
788
832
790
859
841
744
4028
4015
3992
292
801
875
2596
114
674
585
607
550
2842
2470
1206
358
3407
90
145
47
241
3134
2792
1854
305
234
1558
2704
182
1046
293
247
3928
3597
1362
307
652
3565
3147
193
3925
1147
1838
65
686
687
688
693
694
695
696
697
698
701
703
705
706
708
709
711
712
713
714
718
719
720
722
723
724
726
727
728
729
730
731
732
734
736
737
738
739
741
745
747
748
752
754
755
758
760
762
763
764
765
766
770
771
772
773
774
777
778
779
780
781
782
783
784
787
792
793
794
795
797
799
800
803
804
805
806
807
809
810
814
815
817
818
819
820
823
824
827
828
829
830
831
834
835
838
840
842
843
844
845
847
848
849
853
856
863
742
768
769
789
813
822
833
837
839
878
716
751
753
889
826
836
861
876
756
759
808
811
850
888
707
715
816
746
786
812
821
725
733
880
690
886
767
882
689
710
702
776
761
885
890
740
869
700
867
796
872
874
791
871
881
870
691
798
873
846
825
887
895
879
3055
735
802
3127
721
704
858
2817
866
877
594
851
894
852
717
855
854
743
785
757
301
750
179
749
256
3746
4001
4010
4035
4022
884
893
4029
3984
4011
4007
3983
4034
4032
3987
4012
4024
4031
3980
3982
3998
4023
4030
4009
4021
3997
3994
4014
4004
3986
4026
3995
4019
4038
4020
4000
3981
4017
3988
4018
4002
3985
3993
4013
4027
3989
4003
4037
3996
4033
3991
4016
3990
4025
4006
4036
3999
883
892
11
602
2457
37
1466
3974
1119
287
210
891
335
15
692
3748
3729
3650
18
3798
3935
3183
3853
3820
2269
2079
1581
1096
215
3031
624
911
3453
918
608
3071
2569
1145
1386
447
43
3451
1560
1834
3570
668
2195
209
3268
581
42
244
33
282
642
377
1224
286
3885
401
255
468
205
3808
52
443
3875
1394
1690
2857
267
216
699
3006
648
70
35
3037
860
3942
3704
2541
1176
183
2382
2814
3282
3688
2691
1233
3125
3589
1270
3879
1262
1326
154
160
3959
1967
316
1395
1065
3408
153
1755
2788
279
3922
138
1430
379
3854
2740
1276
3807
3732
2483
2595
1586
81
1208
3801
383
904
1627
1027
97
386
356
253
157
411
1253
1693
49
1760
155
3560
1071
3744
2808
112
3717
3691
667
899
656
3733
2168
454
3816
2527
2922
321
2952
2714
76
3467
228
2380
61
2481
3955
3582
1194
164
448
1353
294
1034
1002
1105
191
1252
1546
3699
3375
660
3413
3811
3575
2998
2860
2178
2975
2722
240
571
336
499
3689
2442
2798
207
174
192
124
2106
3954
3121
2565
453
120
1937
1383
384
552
2838
868
166
289
1474
865
3946
3781
2204
572
262
3003
1996
270
190
327
206
3897
1969
467
1031
2855
288
3953
3653
3939
2971
996
220
1762
3765
201
2885
3978
3686
2441
202
1022
945
406
3910
3673
1651
1510
3494
3143
673
530
3952
1856
3865
3588
1200
3619
3537
3882
2963
1713
125
3965
1890
3271
1797
3887
1442
3742
3544
2437
1711
2774
351
1777
472
2015
3694
110
3637
1776
3849
929
245
3606
910
3227
3074
464
3489
152
3290
3676
1354
649
283
3444
1476
1417
1157
593
1295
3890
3844
3805
3429
2505
610
1057
264
3787
1607
671
2634
1264
3305
1657
34
2422
2167
1346
3678
219
3059
27
3795
1579
2980
2736
2431
485
3839
1038
235
2230
349
2692
371
46
1486
1455
2219
250
1133
498
562
6
3310
3665
1240
269
95
1664
3963
3661
1254
229
147
3848
3724
3477
3745
2899
3806
3727
2671
1301
476
102
2621
3749
3161
2824
2776
32
3632
3044
2375
1297
1151
3175
533
365
3936
2580
2388
77
2884
2721
2493
2100
1759
2767
117
3859
3660
1498
63
3970
390
340
86
3751
3513
1855
1168
987
3457
3370
3091
3447
163
44
2902
3977
3441
3217
3893
3432
3270
2358
1924
2517
3652
1792
8
3372
3669
1263
1521
655
319
3908
1974
1654
189
91
1087
3600
3424
480
3323
296
259
2321
2263
2245
2094
935
3864
3813
3904
3389
3317
3131
2528
2017
317
263
230
3899
3700
3094
2256
1372
1058
347
3916
2421
657
393
208
3716
3436
3180
2632
549
338
