107
1912
2201
1684
2504
2218
1522
2482
1833
2224
1621
2467
3603
1985
1577
2336
2030
1918
3501
2331
1571
2592
3437
376
1879
2446
1014
1703
2027
2500
2139
387
1351
3085
2064
1553
2032
3645
2241
1583
1190
1514
2069
1122
2956
1861
1172
1689
2594
1591
2404
2363
3403
1551
2553
1562
1472
3363
1348
770
3348
1738
3355
889
3049
2658
2068
3545
1048
1041
1643
2365
2604
3198
961
1401
3784
16
1804
33
1059
1136
917
1029
1761
2200
2039
425
1729
486
1086
2509
3351
2010
2176
2471
3771
1828
1728
2888
3799
2837
88
2452
1617
3918
2759
2304
1447
1810
2052
461
3584
2413
2189
845
1626
1995
3923
2389
2793
3111
2734
0
1346
37
853
147
1902
3002
1462
1043
1277
481
732
3987
926
1444
876
394
3491
632
3225
1288
1964
2272
2228
3079
1484
2643
1214
2449
2906
360
3423
1603
3027
2381
2484
2160
3105
1121
3235
3672
2214
2771
1941
1979
1713
1889
3069
986
3894
3170
2474
2387
3438
2117
70
1978
3000
258
2148
2235
1932
573
504
1969
1170
462
3013
2818
2418
696
726
2911
1257
3821
881
976
856
761
1045
1747
1032
1146
500
654
3968
3842
3424
2729
3041
3201
2920
3902
512
3174
1779
3090
2275
784
2357
1152
1148
1055
272
3724
3810
3349
1764
2822
2075
1100
1566
1436
3766
893
1519
1306
1534
2502
1640
72
2437
3738
3913
3761
950
3233
4037
3358
1138
3270
1050
3942
445
3067
3734
2095
3397
3459
1149
2834
2317
1222
1305
1528
2440
1448
1221
3076
2599
1163
2226
319
111
20
1505
2435
2647
686
2738
3321
1166
380
2384
3578
1949
173
373
1250
1075
2828
212
1204
432
2115
56
256
1842
1696
82
3746
2045
1433
1132
3629
527
728
1456
1155
353
2742
1540
3925
3326
695
670
1074
671
1954
2876
3258
3137
781
933
3387
359
2952
1000
1452
2889
4027
2011
1486
3172
1033
2586
3242
2076
2621
3463
1423
735
3815
281
1871
983
3255
1284
1822
2402
3870
1160
2945
2059
1320
2444
2995
2153
1498
179
1298
420
1362
736
510
3343
945
3889
3065
3808
3322
3800
2162
1321
3023
1672
3707
1739
3999
2815
3309
3778
903
2490
2103
2636
3109
2814
1582
1602
3964
1680
1118
1089
1034
1285
444
652
2728
1255
1420
11
3165
867
434
1636
3752
3791
2891
3498
4032
3892
1359
78
3995
3364
1422
884
3151
1885
3642
3302
2213
2562
3504
3920
2116
3149
1987
234
2110
3557
2207
874
828
3447
509
368
389
480
3415
1753
3097
2303
3465
601
2566
2918
2217
1393
2361
3187
119
679
1627
1911
1389
3595
3633
3735
3383
348
1488
545
423
1213
1378
3478
3575
2073
3253
2140
2913
2648
2720
1219
2090
2118
1853
3416
35
2192
2246
2416
2684
3347
981
3118
1560
3194
2433
3962
3956
2456
1536
289
1575
153
1235
400
43
2025
3020
3318
1144
3877
3692
2946
553
1387
1057
878
3906
1459
2460
2666
2979
2394
209
3117
782
347
3075
813
817
3599
1127
3930
3702
3453
337
640
865
2339
1124
2476
898
2326
2975
746
3840
1629
3406
196
1194
1177
1722
377
3425
2158
3369
280
1040
1024
71
323
250
218
2796
31
518
709
722
2169
3052
73
699
160
3
1145
126
1785
2419
2896
3257
2072
221
738
2310
707
1399
3212
2567
1920
786
4017
19
3878
1128
305
604
1175
1915
1137
848
161
2737
36
3783
2923
1670
245
248
1455
3430
242
3431
4020
1504
1469
2856
1679
3948
3299
1283
999
2910
2682
1838
3017
1762
3754
610
3449
879
314
34
663
3806
769
3074
1661
743
3954
2247
1105
2432
3432
4002
2041
3934
21
2082
184
3997
2014
3798
2651
4038
2985
3310
3487
2679
2986
742
1982
1247
1022
3473
2125
2557
734
2021
3182
3866
1766
1228
1466
3205
2319
2519
646
624
3681
3457
831
2443
2060
493
163
674
3155
215
2204
2405
973
935
907
2632
1533
1660
3588
102
3301
1549
1773
2215
1573
618
2470
2695
3327
453
1960
2576
488
1642
2693
463
1313
2270
3648
3472
857
2735
225
666
146
435
2300
937
2932
3083
2037
2406
1264
124
3493
1923
2792
3657
577
1093
2013
1758
3659
2817
2838
2487
2761
1588
3708
3945
691
2635
894
1031
2002
2681
1716
3248
2066
1788
2846
1200
2943
3280
2994
491
3004
3048
1245
1091
2178
1913
1870
2909
1530
1881
1523
3869
3393
3841
3042
3374
1759
2633
1176
265
2175
3070
3927
2535
3725
2819
3278
104
1786
1664
1633
1648
1750
3130
2134
75
2874
1296
1749
117
290
1620
2278
1095
513
1183
3525
182
3379
2561
2526
2370
2308
614
947
3533
271
3256
1770
3916
86
3935
3006
741
887
2170
2255
136
467
3730
2768
1347
1820
1315
3346
3162
2739
370
148
1319
4026
174
499
2262
469
1483
2127
1340
1224
1388
3390
587
683
2646
3204
2875
3284
3231
2781
1110
539
3032
2034
665
930
442
647
1608
2942
764
959
1619
1701
997
1439
1130
1201
710
81
2659
1774
3549
2481
109
331
1281
775
399
563
1576
943
550
454
1233
66
3921
2400
693
4014
929
1210
703
3344
1338
1070
1265
1291
3819
3274
2244
198
268
2782
398
3859
2525
276
4016
1301
1628
629
637
3546
180
3518
3562
3898
839
2755
335
809
175
1165
3883
3683
3943
909
465
569
87
954
971
1878
830
739
2121
3729
2550
4009
344
2812
437
96
99
2351
2511
2151
2372
1096
4004
1482
134
120
3953
3401
1013
3846
433
255
1413
269
602
3952
2841
3737
2260
1011
2340
2253
3382
357
4006
3088
1453
103
1641
22
2086
164
3005
834
3325
558
507
2915
1581
2864
2835
1921
748
1185
3211
257
721
2186
1335
2990
3263
3039
228
651
3958
3341
253
791
794
379
3580
3375
1443
1174
2286
2
1109
2380
1507
525
275
3623
1114
2168
1058
3531
1657
3619
2197
2248
2901
3306
452
2193
2514
1832
1556
282
121
24
1240
3547
267
240
994
2581
1775
1262
1418
1937
1191
890
2031
2298
3454
3938
1880
3772
1678
490
2656
868
2167
295
1001
2442
1935
4015
1195
254
875
3960
2697
4036
1909
825
3285
594
3120
631
3226
222
3129
1544
3978
1771
279
1895
3385
1860
1634
908
1403
1690
1082
1343
3494
479
1365
1780
3011
1957
1976
931
3833
1869
3668
3126
3339
3834
3715
1740
3123
1441
2862
2887
1555
854
1733
1161
3865
3147
2301
1426
2797
616
3340
5
658
1364
2085
2523
2496
2848
900
3825
1116
2202
2541
3537
288
2769
2878
341
2680
1731
2668
390
644
620
3571
977
3139
2595
648
482
1169
1419
2515
3092
249
1239
1732
2767
801
3712
2899
2965
2017
974
92
581
1543
474
3640
3710
3527
3505
3745
3774
733
2840
3159
3686
3996
115
74
3991
3160
2596
1454
2871
2367
585
2554
28
137
112
2252
2686
3713
141
3215
1409
2577
3372
3188
3317
2855
2230
2568
2099
655
680
3338
381
779
3316
3024
3115
3814
1307
1651
2736
3124
2708
1666
1805
3914
3591
3763
855
3765
3937
3835
3450
1328
3831
530
2701
2730
3103
3442
3911
3175
1286
2572
2439
3134
759
1077
3797
2938
127
2852
2893
206
3237
224
956
2277
1143
2314
1606
1796
1323
1271
283
2953
176
2356
152
2791
2982
3574
2273
2392
3695
521
1236
1744
1550
2626
2657
2205
1594
932
1069
1609
1535
580
450
1730
2234
2429
1112
13
1903
2050
1056
338
1376
2078
388
2593
3522
3656
374
473
1613
200
2642
796
3803
2673
367
3289
2588
2259
2185
2574
2718
785
143
361
542
408
511
2285
2173
2087
915
1428
3021
760
3036
235
342
2634
2608
476
3081
3068
501
144
1355
203
307
3240
2183
405
3951
2785
3458
1009
375
2980
1947
85
3234
1801
67
7
3051
1216
1595
2147
1983
3514
3576
1071
364
883
2423
892
464
2905
3693
928
2703
1322
91
320
3474
3554
2313
2811
183
1203
3747
214
3132
612
2179
2212
3524
448
1760
4008
2164
135
80
2543
938
1046
431
645
904
1278
101
1293
3609
188
150
354
457
805
885
2827
3886
3776
3152
2764
3731
1282
1206
1719
2664
958
953
3193
3443
2707
789
1789
1491
808
1542
833
1662
3218
1515
3089
870
1624
302
1537
1002
1392
1042
911
3691
32
2294
1677
459
1425
1971
2421
1256
922
1123
2089
1655
532
957
1316
2947
1611
440
1297
1461
1276
1097
963
220
2883
1944
3046
823
3748
2565
409
1038
4000
3753
3862
1391
1830
3632
1299
1336
3801
3751
3696
608
2489
217
1341
1852
100
1492
97
145
1193
886
128
1310
2552
1150
4029
369
896
197
1404
1054
1793
1451
2962
3703
105
2422
2274
1442
2054
2570
2390
1300
3294
660
766
753
2018
1973
44
2612
1886
1068
2831
793
1501
1192
966
1584
3209
1380
1202
2411
1417
952
2784
3007
2105
1901
2973
668
2131
1178
229
1396
661
1434
165
995
3520
3298
1234
515
424
1295
1874
2457
866
1385
2232
2966
2940
1215
2964
2691
3206
1667
819
560
921
939
3932
1384
687
729
517
2687
3523
1246
1244
847
2919
1354
2305
1959
3389
1186
2055
1671
1802
3202
1353
2492
1349
1324
415
2836
3845
2613
3548
1743
3677
2591
2431
404
427
2844
2321
2408
233
2762
3373
1836
1526
2096
944
2706
724
1421
592
262
3758
2382
3992
1714
1375
1816
2722
650
3788
902
2296
771
704
2696
213
1414
2752
2222
2120
1767
749
3295
2672
1368
1928
4005
106
149
95
278
2760
3434
3352
3189
2337
3974
39
332
1851
3895
2289
1658
2685
2360
1470
3398
3495
2161
3667
3541
4007
3630
2892
2364
2702
1681
2971
2513
2885
2861
2156
169
2824
1849
1727
3804
3867
3661
4035
1638
252
520
2998
3928
3732
1480
1529
1782
3544
998
4028
593
3091
1412
4011
758
2001
3608
685
3973
3440
1012
3219
1318
2583
1652
1007
982
3697
788
3854
2015
3634
3860
1053
2992
3224
227
1005
3057
684
964
987
2322
835
3538
3775
1527
3108
3110
3131
3060
3008
3792
4012
2258
3271
3816
2350
3436
1706
3411
3203
672
598
3969
1460
1546
3388
3195
1840
811
3223
1656
850
3907
3879
1080
2641
1475
1899
251
3739
310
3939
2483
1506
2373
3408
649
3251
2165
3275
162
2997
1693
3269
219
3446
3250
2847
2239
2269
2650
523
3243
298
1342
3323
3420
2976
3483
701
795
1406
1631
1066
2410
1473
1477
3461
2284
419
1487
2963
1882
3539
557
3666
3534
3564
689
3716
3876
3836
3896
3589
3795
3552
3789
3620
3882
3153
1837
3061
1854
2083
3279
3567
3625
2288
1769
1704
2332
3499
84
3572
3356
3627
114
426
3811
2710
3414
3550
3709
3540
846
2436
4
3481
3563
63
3679
3561
3669
1907
306
554
1850
2264
3095
3112
3500
3764
3643
3392
1400
29
1817
3062
3714
191
3300
3156
2902
2903
3177
1865
1036
3614
3665
3682
3720
3121
309
3183
3770
3553
4034
3769
2984
2857
2746
3315
489
3128
1102
3009
2977
2667
708
2820
705
3266
3125
3471
3314
2714
3781
3148
965
2256
3988
3489
3678
1702
3333
2645
204
1737
1809
1356
1357
2786
2088
2063
3207
2358
1199
1894
1596
988
2377
1644
1819
3426
2652
1893
168
3054
492
2491
3994
3980
2311
98
2368
2661
313
3259
2609
2180
2338
3569
324
3169
2124
2391
3863
1754
1569
3855
1813
181
1004
514
3581
2575
2700
1407
2843
304
64
3773
1410
411
777
1712
1458
3335
151
2036
3757
1742
3519
59
3249
3010
2225
1019
3181
1593
1698
3324
3509
3786
2004
1369
2107
1843
1891
3673
564
1700
1818
3173
3378
365
2644
1808
472
526
3185
1736
190
23
2698
2890
2873
730
3596
1015
1037
2279
2283
346
129
2539
2271
333
270
792
167
1512
456
503
2865
3873
3119
3433
3441
751
1875
1129
2132
2665
1692
4023
3407
50
803
1402
1230
1600
2789
2674
2788
2333
2463
3662
451
439
241
923
1018
3329
3072
3542
3482
2538
3796
2744
3167
1377
3680
3086
3970
1294
3660
2334
1181
702
2263
3924
2813
1752
2346
1751
90
2777
3113
2727
745
2598
2466
58
2677
2325
2359
1630
519
1532
2414
3593
859
391
449
1673
2335
3303
588
263
1687
3651
723
2969
1314
3818
2527
1821
3200
2040
1023
3053
615
1084
2907
3073
3612
2019
1848
3604
3517
2772
3421
572
869
1510
669
955
2137
3602
3345
487
2146
2198
4019
142
232
979
1586
1464
1632
2532
2434
913
623
1966
3611
600
575
4031
3022
3304
284
1350
2854
1020
202
506
1784
914
3701
2655
841
1908
3381
2512
2459
3607
1016
4018
1292
133
2495
3038
45
3650
1996
3402
157
1929
1898
1266
397
470
3636
1890
2558
2100
534
237
820
727
351
1383
3809
2397
116
1489
25
76
984
1379
458
946
1531
3874
3418
899
2908
1267
1846
3122
1961
3884
1803
872
1476
3470
3998
3940
3790
619
455
355
1756
776
1726
765
350
1916
3908
3793
3822
55
68
2477
1248
3848
1326
970
541
3082
3377
3287
1980
3955
1241
1558
3018
2629
2957
3551
1710
1653
1639
3598
1585
3644
3919
1559
633
3631
2009
1061
466
1946
891
3513
2375
2119
556
862
2970
996
3573
2580
916
662
1386
383
1873
358
2929
1408
756
617
343
690
3826
3839
3199
3787
1279
3485
2249
603
2454
2441
1119
2732
2670
460
1956
1647
2731
3464
329
3750
826
2323
1765
2816
2281
505
3516
2880
3232
3252
3330
15
1831
3721
286
912
2290
2578
547
622
3143
605
441
1847
1718
2879
3099
2983
2268
1990
717
2195
3176
1468
3096
3909
1382
1892
962
2882
3281
1650
3180
2026
2954
2181
3891
2227
2478
3664
2625
2810
2921
2783
3214
246
2378
2733
919
2999
768
1358
3985
750
1539
53
3444
328
2740
2280
2958
384
1934
1254
2022
2589
2540
1763
2524
2070
1162
675
2753
3163
1859
2955
1030
3015
3161
1580
62
318
2968
3353
446
65
2620
800
849
1394
1955
236
3376
2649
2144
1449
3785
2773
3837
1772
1446
447
3313
3308
840
3610
844
3395
3983
3490
3241
3526
2898
77
3600
2250
2804
2547
2245
498
3221
3296
2582
3307
924
2316
1104
3802
2293
1814
4022
659
3705
1858
