0
43
801
2596
607
3798
1270
282
215
216
179
358
37
4024
3134
1071
744
1386
3856
1194
860
3974
3451
11
4015
3709
1253
90
244
241
205
138
4028
191
2798
3429
49
97
86
293
112
155
124
219
309
220
192
19
2
17
131
314
327
275
263
45
63
20
298
240
230
227
123
39
326
310
214
149
41
265
297
276
91
89
316
218
152
283
2437
2382
2041
1924
142
141
134
98
75
69
178
334
104
10
340
65
38
4003
3990
4020
4005
3996
4037
3997
4023
4018
231
72
345
339
224
158
130
106
322
199
30
346
53
468
128
323
203
189
188
185
170
125
105
82
27
1
3305
3425
2926
2855
2788
3376
3235
3094
3208
3282
3147
2774
3092
2886
3074
2817
2809
3368
2767
3322
3209
3194
3013
3251
3181
2732
3227
2878
3028
2997
3122
3088
3059
3067
3352
2846
2687
3216
2893
3143
3399
3326
3075
2808
2752
3114
3365
2801
2690
3166
2981
2977
3048
2824
2671
2723
3300
2769
2812
3294
3052
3423
2670
3382
3325
3311
3309
3234
3303
2792
3400
2794
2994
3119
3025
2956
2953
2928
2756
2689
3016
3390
3301
3237
3184
3065
3054
3026
2944
2927
2867
3380
3215
3093
2832
2751
3349
3242
3232
3014
2917
2827
3249
3384
3195
3022
2967
2960
2910
2872
2835
2755
2754
2749
2673
3428
3231
3137
3130
2726
2697
3377
3274
3247
3146
3275
3236
2825
3383
2898
2836
2700
3381
3351
3224
3206
3155
3102
2770
2714
2831
3196
2955
2797
3261
3182
3076
3017
2783
3007
3079
3072
2840
2702
2818
3344
3307
3291
3212
3151
3009
2833
2716
2661
3133
2781
3189
3140
2718
3117
3036
3033
2919
2915
2777
2676
2738
3086
3069
3244
2870
3378
3172
3170
3116
3060
2937
2863
2828
2796
2748
2742
3412
3405
3359
3308
2845
2830
2758
2737
2685
3418
2946
2918
2901
2894
347
344
343
342
341
338
337
336
335
333
332
331
328
325
321
320
319
318
317
313
312
311
307
306
305
303
302
301
296
295
294
291
290
289
288
286
284
281
280
279
278
277
274
273
272
271
270
268
267
264
262
261
260
259
258
257
256
255
254
253
252
251
250
248
247
246
245
243
239
238
237
236
235
234
233
232
229
228
226
225
223
222
221
212
211
210
208
207
206
201
200
197
196
195
193
190
186
184
183
182
181
177
176
175
174
172
168
167
165
164
163
162
161
160
159
157
154
153
151
148
147
146
145
144
143
140
139
137
135
133
132
129
127
126
122
121
118
117
116
115
113
111
110
109
108
102
100
99
96
95
94
93
85
84
83
81
79
78
77
76
73
70
68
67
66
62
61
60
59
56
55
54
51
50
47
46
44
42
40
36
35
33
32
31
29
28
26
25
23
22
21
18
16
15
14
13
12
9
8
6
5
4
3
749
1956
2634
2204
2456
2439
2422
2281
1949
2034
2119
2051
2383
1922
2168
2487
2245
2252
2177
2524
2572
2066
1990
1978
2565
2622
2650
2320
2170
2057
2478
2474
2228
2012
2476
2454
2427
2393
2535
2301
2448
2014
2446
2387
2210
2489
2334
2216
2213
2147
2092
2110
2562
2314
2286
2193
2049
2388
2260
2410
2306
2566
2537
2367
2313
2296
2235
2186
2164
2058
1942
2581
2406
2205
2029
1964
2013
2465
2438
2259
2161
2627
2346
2202
2097
2011
1968
1958
2624
2600
2559
2506
2392
2356
2188
2109
2108
2093
2655
2631
2625
2593
2586
2578
2576
2573
2563
2560
2556
2554
2553
2521
2482
2469
2468
2408
2395
2381
2376
2370
2359
2308
2307
2271
2257
2244
2220
2190
2154
2150
2139
2123
2104
2103
2095
2090
2077
2069
2064
2056
2055
1993
1985
1953
1938
2318
2221
2455
2146
2657
2633
2626
2620
1927
2647
2538
2458
2378
2364
2116
1998
1955
324
308
304
285
213
169
156
120
103
87
7
4011
4002
4038
4036
4035
4034
4033
4032
4030
4029
4027
4026
4025
4021
4019
4017
4016
4014
4013
4012
4009
4007
4006
4004
4000
3999
3998
3995
3994
3993
3992
3991
3989
3988
3987
3986
3985
3983
3982
3981
329
330
315
300
299
266
249
242
204
194
187
180
101
92
88
57
48
24
384
572
467
453
476
364
401
377
351
217
150
119
64
2649
2294
2174
2087
2031
3386
3062
2760
1558
929
3436
3435
3434
3433
3432
3431
3430
3427
3426
3424
3422
3421
3419
3417
3416
3415
3414
3413
3411
3409
3408
3407
3403
3402
3401
3398
3397
3396
3395
3394
3393
3392
3391
3389
3388
3387
3379
3375
3374
3373
3372
3371
3370
3369
3367
3364
3363
3362
3360
3358
3357
3356
3354
3353
3350
3348
3347
3346
3345
3343
3342
3341
3340
3339
3338
3337
3336
3335
3334
3333
3332
3330
3329
3328
3327
3324
3323
3321
3320
3318
3317
3316
3315
3314
3313
3312
3310
3306
3302
3299
3298
3297
3296
3293
3292
3288
3287
3286
3285
3284
3283
3281
3280
3279
3277
3276
3273
3272
3271
3270
3269
3268
3267
3266
3265
3264
3262
3260
3259
3258
3257
3256
3255
3254
3253
3252
3250
3246
3243
3241
3240
3239
3238
3233
3230
3229
3228
3226
3225
3223
3221
3220
3219
3218
3217
3214
3213
3211
3210
3207
3205
3204
3203
3202
3200
3199
3198
3197
3193
3192
3191
3190
3188
3187
3185
3183
3180
3179
3178
3177
3176
3175
3174
3171
3169
3167
3164
3163
3161
3160
3159
3158
3157
3156
3154
3153
3152
3150
3149
3148
3145
3144
3142
3141
3139
3138
3136
3135
3132
3131
3129
3128
3127
3126
3125
3124
3123
3121
3120
3118
3115
3113
3112
3110
3109
3108
3107
3106
3105
3104
3103
3100
3099
3098
3096
3095
3091
3090
3089
3087
3085
3084
3083
3082
3081
3080
3078
3077
3073
3071
3070
3068
3066
3064
3063
3061
3058
3056
3055
3053
3051
3050
3049
3047
3046
3045
3044
3043
3042
3041
3040
3039
3038
3037
3035
3032
3031
3030
3029
3027
3024
3023
3021
3020
3019
3018
3015
3012
3010
3008
3006
3005
3004
3002
3000
2998
2996
2995
2993
2992
2991
2990
2989
2988
2987
2986
2985
2984
2983
2982
2980
2978
2975
2974
2973
2972
2970
2969
2966
2965
2963
2962
2961
2959
2958
2957
2954
2952
2951
2950
2949
2948
2947
2945
2943
2942
2940
2939
2936
2935
2934
2933
2932
2931
2930
2929
2925
2924
2923
2922
2921
2920
2916
2914
2913
2912
2911
2909
2908
2907
2906
2905
2904
2902
2900
2899
2897
2896
2895
2891
2890
2889
2888
2887
2884
2882
2881
2880
2879
2877
2876
2875
2874
2873
2871
2868
2866
2865
2864
2862
2861
2860
2859
2858
2856
2854
2853
2852
2851
2850
2849
2848
2847
2844
2843
2842
2841
2839
2838
2837
2834
2829
2823
2821
2820
2819
2816
2815
2814
2811
2810
2807
2806
2805
2804
2803
2802
2800
2799
2795
2793
2791
2790
2789
2787
2786
2785
2784
2782
2780
2779
2778
2776
2775
2773
2772
2771
2768
2766
2765
2763
2762
2761
2759
2757
2753
2750
2747
2746
2745
2744
2743
2741
2739
2736
2735
2734
2733
2731
2730
2729
2728
2727
2722
2721
2720
2719
2717
2715
2713
2712
2711
2710
2709
2708
2706
2705
2704
2703
2701
2699
2698
2696
2695
2694
2692
2691
2688
2686
2684
2683
2682
2681
2680
2679
2678
2675
2674
2672
2669
2668
2667
2666
2665
2664
2663
2662
3186
3111
2968
2707
3165
3097
3057
2964
2883
3355
3319
3201
2999
2941
2938
2903
2725
2616
2605
2588
2519
2511
2461
2445
2419
2385
2377
2295
2273
2267
2241
2223
2163
2144
2133
2117
2101
2039
2010
2007
1434
3385
3361
3248
3222
3101
2979
2822
2764
2693
1411
2547
2543
2512
2510
2398
2319
2279
2268
2264
2247
2194
2191
2102
2068
2028
1959
1948
1941
3289
3278
3263
3245
3011
2976
1055
3420
3410
3034
2971
2813
3406
3404
3366
3331
3304
3295
3168
3162
3001
2892
2869
2724
1759
1295
1414
1443
1202
2826
2677
1077
1858
1476
1442
899
1711
1892
1354
1152
909
1130
1640
1633
1779
1240
1840
1090
1000
1874
990
1891
1441
1655
1550
981
1889
1788
1197
1030
1852
1836
1245
1635
1081
1424
901
1704
1775
1195
1151
1127
974
1780
1398
1582
1007
1796
1712
1224
1895
1880
1837
1601
1568
1493
1468
1333
1137
1873
1636
1347
1322
1298
1279
1100
1082
1846
3290
3173
3003
2885
269
785
791
789
725
714
712
757
836
793
758
733
850
833
821
854
852
839
832
822
816
809
808
806
802
799
796
795
794
788
786
775
771
768
767
750
746
743
742
740
736
734
732
707
704
702
700
699
692
691
690
689
1345
1022
1418
1185
952
1657
1771
1750
1339
1269
1785
977
1626
1516
921
1689
1375
1835
1734
1843
1603
1291
1198
1024
1832
1662
1380
1285
1083
1063
1608
997
1420
999
1849
1793
1768
1741
1736
1707
1622
1610
1509
1488
1289
1205
1172
1124
1056
1819
1004
2660
2659
2658
2656
2654
2653
2652
2651
2648
2646
2645
2644
2643
2642
2641
2640
2639
2638
2637
2636
2635
2632
2630
2629
2628
2623
2621
2619
2618
2617
2615
2614
2613
2612
2611
2610
2609
2608
2607
2606
2604
2603
2602
2601
2599
2598
2597
2595
2594
2592
2591
2590
2589
2587
2585
2584
2583
2582
2580
2579
2577
2575
2574
2571
2570
2569
2568
2567
2564
2561
2558
2557
2555
2552
2551
2550
2549
2548
2546
2545
2544
2542
2541
2540
2539
2536
2534
2533
2532
2531
2530
2529
2528
2527
2526
2525
2523
2522
2520
2518
2517
2516
2515
2514
2513
2509
2508
2507
2505
2504
2503
2502
2501
2500
2499
2498
2497
2496
2495
2494
2493
2492
2491
2490
2488
2486
2485
2484
2483
2481
2480
2479
2477
2475
2473
2472
2471
2470
2467
2466
2464
2463
2462
2460
2459
2457
2453
2452
2451
2450
2449
2447
2444
2443
2442
2441
2440
2436
2435
2434
2433
2432
2431
2430
2429
2428
2426
2425
2424
2423
2421
2420
2418
2417
2416
2415
2414
2413
2412
2411
2409
2407
2405
2404
2403
2402
2401
2400
2399
2397
2396
2394
2391
2390
2389
2386
2384
2380
2379
2375
2374
2373
2372
2371
2369
2368
2366
2365
2363
2362
2361
2360
2358
2357
2355
2354
2353
2352
2351
2350
2349
2348
2347
2345
2344
2343
2342
2341
2340
2339
2338
2337
2336
2335
2333
2332
2331
2330
2329
2328
2327
2326
2325
2324
2323
2322
2321
2317
2316
2315
2312
2311
2310
2309
2305
2304
2303
2302
2300
2299
2298
2297
2293
2292
2291
2290
2289
2288
2287
2285
2284
2283
2282
2280
2278
2277
2276
2275
2274
2272
2270
2269
2266
2265
2263
2262
2261
2258
2256
2255
2254
2253
2251
2250
2249
2248
2246
2243
2242
2240
2239
2238
2237
2236
2234
2233
2232
2231
2230
2229
2227
2226
2225
2224
2222
2219
2218
2217
2215
2214
2212
2211
2209
2208
2207
2206
2203
2201
2200
2199
2198
2197
2196
2195
2192
2189
2187
2185
2184
2183
2182
2181
2180
2179
2178
2176
2175
2173
2172
2171
2169
2167
2166
2165
2162
2160
2159
2158
2157
2156
2155
2153
2152
2151
2149
2148
2145
2143
2142
2141
2140
2138
2137
2136
2135
2134
2132
2131
2130
2129
2128
2127
2126
2125
2124
2122
2121
2120
2118
2115
2114
2113
2112
2111
2107
2106
2105
2100
2099
2098
2096
2094
2091
2089
2088
2086
2085
2084
2083
2082
2081
2080
2079
2078
2076
2075
2074
2073
2072
2071
2070
2067
2065
2063
2062
2061
2060
2059
2054
2053
2052
2050
2048
2047
2046
2045
2044
2043
2042
2040
2038
2037
2036
2035
2033
2032
2030
2027
2026
2025
2024
2023
2022
2021
2020
2019
2018
2017
2016
2015
2009
2008
2006
2005
2004
2003
2002
2001
2000
1999
1997
1996
1995
1994
1992
1991
1989
1988
1987
1986
1984
1983
1982
1981
1980
1979
1977
1976
1975
1974
1973
1972
1971
1970
1969
1966
1965
1963
1962
1961
1960
1957
1954
1952
1951
1950
1947
1946
1945
1944
1943
1940
1939
1937
1936
1935
1934
1933
1932
1931
1930
1929
1928
1926
1925
1923
1921
1920
1919
1918
1917
1916
1915
1914
1913
136
1634
1629
1310
1225
1167
1166
1247
1259
1231
4031
3980
670
681
643
600
621
611
575
464
202
166
80
1566
1364
1738
522
466
478
530
1444
1407
1265
437
664
1894
1820
1786
1654
1495
1455
1261
1158
984
919
619
592
406
1281
1841
1462
1257
1831
1064
907
914
1828
1569
1385
1296
1268
1183
1035
1794
913
1807
1525
1429
1070
1356
1212
939
1154
1833
1746
1888
1827
1765
1754
1724
1600
1460
1290
1184
1175
1076
1054
906
1770
1871
1830
1595
1573
1423
1018
896
584
1695
382
571
1658
1631
1142
568
564
562
552
551
550
533
532
509
501
499
498
470
454
447
443
441
433
429
424
411
407
399
393
386
383
380
379
372
349
198
3808
3811
3619
1472
1697
1445
1787
1678
1908
1570
1074
1048
1774
1683
1327
1161
950
1174
1050
928
1251
1144
1073
1387
171
908
1718
1384
1182
1029
1505
1301
1911
1910
1909
1907
1906
1905
1904
1903
1902
1901
1900
1899
1898
1896
1893
1890
1887
1886
1884
1883
1879
1877
1876
1875
1872
1870
1869
1868
1867
1865
1864
1863
1862
1861
1860
1859
1857
1856
1854
1853
1851
1850
1848
1845
1842
1839
1838
1829
1826
1824
1823
1822
1821
1818
1817
1816
1815
1814
1812
1811
1810
1809
1805
1804
1802
1801
1800
1799
1798
1797
1795
1792
1791
1789
1784
1783
1782
1781
1776
1773
1772
1769
1766
1764
1762
1761
1760
1758
1757
1756
1755
1753
1752
1751
1749
1748
1747
1743
1742
1739
1737
1735
1733
1732
1731
1730
1729
1728
1727
1726
1725
1723
1722
1721
1720
1717
1716
1715
1714
1713
1710
1709
1708
1706
1705
1703
1702
1701
1700
1699
1698
1696
1693
1691
1690
1686
1685
1684
1682
1681
1680
1676
1675
1674
1672
1671
1670
1669
1668
1667
1666
1665
1664
1663
1661
1660
1659
1656
1653
1652
1651
1650
1649
1648
1647
1646
1644
1643
1642
1641
1639
1638
1637
1632
1628
1627
1625
1624
1623
1621
1619
1618
1617
1615
1614
1613
1612
1611
1609
1607
1605
1602
1599
1597
1596
1594
1592
1591
1590
1589
1587
1586
1585
1584
1583
1581
1580
1579
1578
1577
1576
1575
1572
1571
1567
1564
1563
1562
1561
1559
1557
1556
1554
1552
1551
