0
3983
2195
179
1206
859
358
668
43
3846
2857
899
90
4012
3991
3589
3984
174
3820
581
2704
2269
205
3451
47
750
1046
3974
2457
209
602
1762
3856
3650
3582
3923
286
3006
875
244
164
76
3885
3071
1194
667
638
608
2382
1627
1119
12
3134
2842
1560
282
3987
1133
3746
145
4005
3999
3986
4020
4029
4019
3998
3997
3996
3981
3982
4033
4030
3992
3988
4014
4038
4037
4035
4032
4031
4028
4027
4025
4023
4022
4021
4018
4017
4016
4013
4011
4010
4009
4008
4007
4006
4003
4002
4001
3994
3990
3989
4026
4004
4000
3993
3985
3980
3995
4036
4034
4024
4015
744
699
855
717
813
836
802
791
826
799
767
707
758
725
795
771
712
3653
864
825
866
894
858
846
723
693
737
709
687
861
880
832
792
887
877
843
720
869
838
809
765
754
882
878
849
768
764
731
727
703
842
829
816
782
762
748
746
738
734
726
721
688
828
760
697
856
854
853
852
851
850
848
847
845
844
841
839
837
835
834
833
831
827
824
822
821
820
819
818
817
815
814
812
811
808
807
806
801
800
798
797
796
794
793
790
789
788
787
786
785
784
783
781
780
779
778
777
775
773
772
770
766
763
761
759
757
756
755
752
751
749
745
743
742
741
740
739
736
735
733
732
730
728
724
722
718
716
715
714
711
710
706
705
702
701
700
696
695
694
692
691
690
689
895
879
3953
3594
3801
3632
3720
3789
3620
3523
3516
3946
3781
3483
3899
3676
3857
3587
3896
3630
3725
3445
3844
3649
3581
3481
3479
3745
3490
3447
3969
3648
3646
3493
3811
3724
3901
3922
3682
3770
3607
3960
3747
3641
3834
3906
3855
3809
3701
3579
3874
3871
3595
3541
3538
3482
3524
3458
3836
3951
3947
3593
3506
3977
3918
3876
3850
3629
3662
3699
3647
3513
893
892
891
890
889
888
886
885
884
883
881
876
874
873
872
870
867
863
860
840
830
823
810
805
804
803
776
774
769
753
747
729
719
713
708
686
3835
3588
3498
3919
3813
3562
3502
3510
3459
3821
3782
3584
3564
3532
3509
3794
3752
3464
3443
3921
3907
3867
3827
3735
3728
3710
3698
3685
3799
3784
3916
3619
3568
3603
3542
871
868
3703
3928
3574
3462
3891
3755
3702
3471
3452
3450
3908
3944
3736
3902
293
201
311
10
3059
3044
344
3444
3956
3829
3529
3466
3460
3926
3915
3913
3731
3730
3645
3601
3559
3497
3722
3492
3511
3626
3503
3775
3978
3976
3975
3973
3972
3967
3965
3964
3963
3961
3959
3958
3957
3955
3952
3949
3941
3940
3939
3937
3936
3934
3933
3932
3931
3924
3920
3917
3914
3912
3911
3910
3909
3905
3904
3903
3900
3898
3897
3895
3894
3893
3892
3890
3887
3883
3882
3881
3880
3879
3878
3875
3870
3869
3868
3866
3865
3864
3863
3862
3860
3853
3852
3848
3843
3840
3837
3833
3832
3826
3825
3823
3822
3819
3818
3815
3814
3812
3810
3808
3807
3806
3802
3795
3793
3792
3791
3790
3787
3786
3785
3783
3778
3777
3776
3774
3773
3772
3771
3769
3768
3767
3766
3765
3764
3763
3762
3761
3759
3758
3757
3754
3753
3751
3749
3743
3740
3739
3738
3727
3719
3718
3716
3715
3714
3713
3711
3708
3707
3706
3705
3704
3700
3696
3695
3694
3690
3689
3688
3686
3681
3680
3679
3678
3675
3671
3670
3669
3668
3666
3665
3664
3663
3661
3660
3659
3658
3657
3655
3654
3652
3644
3643
3642
3640
3639
3638
3637
3636
3635
3634
3631
3628
3627
3624
3623
3622
3617
3616
3615
3614
3613
3612
3608
3606
3605
3602
3599
3598
3597
3591
3590
3585
3583
3580
3578
3575
3572
3571
3569
3567
3566
3565
3560
3558
3557
3556
3555
3553
3552
3549
3548
3546
3543
3539
3537
3536
3535
3534
3531
3528
3526
3519
3518
3515
3508
3507
3505
3500
3499
3494
3489
3488
3486
3485
3478
3476
3475
3474
3473
3472
3470
3468
3465
3463
3457
3453
3446
3442
3441
3439
698
1924
3125
3563
3455
3979
3672
3845
3838
3817
3611
3527
3831
3712
3943
3930
3847
3839
3788
3592
3522
3888
3610
3544
3533
3929
3841
3830
3828
3477
3945
3942
3927
3803
3554
3469
3521
3520
3966
3667
3491
3480
3438
3970
3950
3780
3737
3721
3683
3656
3573
3512
3889
3884
3877
3800
3796
3760
3741
3734
3625
3484
3968
3873
3858
3824
3804
3756
3687
3618
3596
3577
3514
3461
3449
3448
857
3971
3938
3842
3805
3697
3684
3633
3576
3545
3495
3948
3797
3621
3609
3517
865
50
195
207
327
146
251
228
338
307
259
135
97
86
75
125
108
155
89
131
46
35
167
36
91
8
229
296
300
32
106
249
194
24
294
270
314
318
325
323
290
238
141
134
103
63
123
192
330
57
53
1
301
132
33
243
248
178
211
54
276
257
221
176
105
104
73
40
245
237
99
61
51
162
44
115
19
343
312
214
332
265
261
199
118
82
26
297
277
271
203
161
148
128
67
347
291
246
219
95
204
187
306
273
218
152
78
142
333
326
226
2349
2595
2527
2168
2106
2632
2515
2119
2167
2375
2490
2076
2070
2008
2439
2100
2051
2656
2262
2456
2082
2321
1996
2486
2444
2207
2291
2156
2535
2405
2197
2146
2050
2487
2481
2301
2179
2303
2591
2122
2084
2074
1962
2286
2173
2585
2091
2497
2447
2013
2171
2329
2452
2424
2129
2120
2532
2506
2469
1946
2455
2341
2636
2633
2620
2000
1951
3367
2980
2776
3039
2963
3127
2817
2774
3163
3045
2959
3126
3315
2732
3376
3032
2855
3131
2797
2663
2789
3336
3322
3128
3270
3094
2722
3271
3122
3392
3095
3281
3112
2759
3423
3170
3030
3300
2710
3309
2695
2997
2983
3200
3088
3329
3399
3413
2794
3042
2761
2987
3105
2769
3234
3430
3237
3143
3298
3021
3294
2798
2726
3123
2929
3352
3109
3058
2846
3015
2879
2699
3323
2976
3417
2827
2815
2743
2680
3286
3238
3137
2953
2874
2756
3433
3054
3000
2977
2969
2944
2940
2928
2907
2896
2880
2810
2786
2741
2681
3085
3080
3010
2994
2927
2917
2705
3023
2864
2706
2823
3382
3008
2982
3348
3232
3098
3047
2956
2913
2906
2839
2698
3337
3326
3426
3384
3339
3226
3195
3149
3108
3096
3078
3064
2986
2974
2966
2916
2915
2877
2800
2757
2749
2669
3239
2708
2687
2466
2288
2234
339
285
213
122
21
3371
3954
3859
3849
3742
3733
3726
3604
3600
3496
3925
3723
3551
3530
3504
3779
3693
3673
3586
3547
3437
3349
3209
3427
3425
3358
2816
2812
3199
3192
2895
2832
3255
3429
3393
3357
3208
2668
2751
3249
2871
2686
3345
3171
3016
3280
2690
3138
3416
3272
3206
3017
2970
2674
3292
3279
3274
2858
2718
1988
2064
2426
2493
2551
2546
2482
2404
2376
2356
2326
2308
2237
2083
1997
1993
2660
2157
1995
1976
2401
2517
2362
2231
2658
2365
2202
1999
1973
1931
1921
1919
3107
2984
3383
3043
2898
2762
3385
3344
3296
3253
3247
3140
3060
2991
2914
2869
2796
3164
3397
2802
3225
2936
3369
3124
3351
2733
3368
3275
3196
3117
3083
2878
2937
3185
3172
3161
3211
2848
2270
2646
2625
2624
2573
2563
2552
2549
2520
2500
2460
2454
2446
2430
2408
2391
2386
2374
2352
2323
2300
2299
2258
2139
2060
2043
1929
1917
2449
2427
2044
2568
2069
1989
2415
2048
2175
2618
2358
2480
2312
2652
2479
2330
2295
1982
2221
2075
2502
2628
2310
2272
2209
2029
2459
2026
2252
2243
2177
1970
2208
2641
2612
2581
2557
2534
2525
2453
2361
2335
2322
2314
2296
2145
2085
2049
2599
2518
2096
2653
2600
2393
2387
2259
2161
2092
1964
2629
2588
2537
2473
2345
2611
2607
2601
2560
2559
2556
2491
2464
2428
2379
2370
2367
2340
2324
2309
2240
2233
2165
2104
2101
2099
2090
2088
2071
2063
2058
2057
2046
2033
2021
2547
2351
2235
2183
2127
2072
1987
3103
2713
3422
3391
3260
3252
3223
3089
3009
2772
3347
2778
3240
3077
2820
3069
2860
2758
2692
3182
3145
2958
2719
3377
3306
3203
3176
3113
2900
2730
3091
2697
3051
2684
3359
3207
3118
3061
2947
2865
2737
2682
3962
3886
3872
3851
3750
3692
3677
3674
3651
3561
3550
3540
3525
3501
3456
3440
862
2999
2725
468
443
399
393
454
150
119
346
345
342
341
340
337
334
331
329
328
324
322
321
320
319
317
316
315
313
310
309
308
304
303
302
299
298
295
289
288
284
283
281
280
279
278
275
274
272
269
268
267
266
264
263
262
260
258
256
255
254
252
247
242
241
240
239
236
235
233
232
231
230
227
225
224
223
222
220
216
212
208
206
202
200
197
196
193
191
190
188
186
185
184
183
182
181
180
177
175
172
170
169
168
166
165
163
160
159
158
157
156
153
151
149
147
144
143
140
139
138
137
133
130
129
127
126
124
121
117
116
114
113
112
111
110
109
102
101
100
98
96
94
93
92
88
87
85
84
83
81
80
79
77
74
72
71
70
69
68
66
65
64
62
60
59
56
55
52
49
48
45
42
41
39
38
31
30
29
28
27
25
23
22
20
18
17
16
15
14
13
11
9
7
6
5
4
3
2
3381
3221
2946
2847
2659
2657
2655
2654
2651
2650
2648
2647
2645
2644
2640
2639
2638
2637
2635
2634
2631
2630
2627
2626
2623
2622
2621
2619
2615
2614
2613
2610
2606
2604
2603
2602
2597
2596
2593
2590
2587
2586
2584
2583
2582
2580
2579
2578
2577
2576
2575
2574
2572
2571
2570
2569
2566
2565
2564
2562
2561
2558
2554
2553
2550
2548
2545
2544
2541
2540
2539
2538
2536
2531
2530
2528
2526
2524
2523
2522
2521
2514
2513
2509
2507
2505
2504
2503
2499
2495
2494
2492
2489
2488
2485
2484
2483
2478
2477
2476
2474
2468
2467
2462
2450
2448
2445
2443
2442
2441
2440
2438
2437
2435
2434
2433
2432
2431
2429
2425
2423
2422
2421
2418
2417
2416
2414
2413
2412
2411
2410
2409
2407
2406
2403
2402
2400
2398
2397
2396
2395
2392
2390
2388
2383
2381
2380
2378
2373
2372
2371
2369
2366
2364
2363
2360
2359
2357
2354
2353
2350
2348
2346
2342
2339
2337
2334
2331
2320
2318
2317
2316
2313
2311
2307
2306
2305
2304
2297
2294
2290
2287
2285
2284
2281
2280
2278
2277
2276
2275
2274
2273
2271
2266
2265
2263
2261
2260
2257
2256
2255
2254
2253
2251
2249
2248
2245
2244
2242
2238
2236
2232
2230
2229
2228
2227
2226
2225
2222
2220
2219
2218
2217
2216
2215
2214
2213
2212
2211
2210
2206
2205
2204
2201
2200
2194
2193
2192
2190
2188
2186
2184
2182
2181
2178
2172
2170
2166
2164
2162
2160
2159
2158
2154
2152
2151
2150
2147
2142
2141
2140
2136
2131
2130
2126
2124
2123
2121
2118
2116
2115
2114
2113
2112
2110
2109
2108
2107
2105
2103
2098
2097
2095
2094
2093
2089
2086
2080
2078
2077
2073
2067
2066
2062
2061
2059
2056
2055
2045
2041
2040
2037
2036
2035
2034
2031
2030
2027
2025
2024
2023
2022
2020
2019
2018
2017
2016
2015
2014
2012
2011
2009
2006
2005
2004
2002
2001
1998
1992
1991
1990
1986
1985
1984
1983
1981
1980
1979
1978
1977
1975
1974
1972
1971
1969
1968
1966
1965
1963
1961
1960
1958
1957
1956
1953
1952
1950
1949
1947
1944
1943
1942
1939
1938
1937
1936
1935
1934
1933
1930
1928
1927
1926
1925
1923
1922
1918
1915
1914
3436
3435
3434
3432
3428
3424
3421
3419
3418
3415
3414
3411
3408
3407
3405
3404
3403
3402
3401
3400
3398
3396
3395
3394
3390
3389
3388
3387
3380
3379
3378
3375
3374
3373
3372
3370
3364
3363
3362
3360
3356
3355
3354
3353
3350
3346
3343
3342
3341
3338
3335
3334
3333
3332
3331
3330
3327
3325
3324
3321
3320
3318
3317
3316
3314
3313
3312
3311
3310
3308
3307
3305
3304
3303
3301
3299
3297
3293
3291
3290
3289
3288
3287
3285
3284
3283
3277
3276
3273
3269
3268
3267
3266
3265
3264
3262
3261
3259
3258
3257
3254
3251
3250
3246
3244
3243
3242
3241
3236
3235
3231
3230
3229
3228
3227
3224
3220
3219
3218
3217
3216
3215
3214
3213
3212
3210
3204
3202
3197
3194
3193
3191
3190
3189
3188
3187
3184
3183
3181
3180
3179
3175
3174
3169
3167
3166
3160
3159
3158
3157
3155
3154
3153
3152
3151
3150
3148
3147
3146
3144
3142
3141
3139
3136
3135
