107
823
9
3584
4030
2677
41
2170
658
3441
2444
140
181
99
776
3311
3992
725
3180
3523
1043
668
4016
2799
3647
70
3727
2558
91
279
3998
4003
3997
2034
883
3956
3580
244
2998
572
2168
2861
1252
3781
929
753
3739
3147
1854
182
3445
1224
3494
912
1264
822
3951
2439
3861
791
996
179
841
2195
3742
3819
1362
498
331
1157
245
852
2197
2185
2380
880
3122
3987
3995
3986
4025
4034
3401
649
87
3921
1905
3231
2888
750
2983
3370
3427
3157
2747
2975
131
2569
1756
4027
534
2948
3556
667
616
562
3407
1641
1262
3429
1664
466
3967
3866
351
878
1443
1386
1168
918
12
928
499
3936
3717
3290
3856
1161
2838
110
311
1713
3675
3503
3600
454
27
1546
2980
64
426
284
219
3181
120
3461
857
1755
1038
1558
275
3443
441
298
3720
333
192
666
3789
3447
2450
3682
3812
3955
643
568
3673
289
3610
1263
707
268
602
3813
937
429
3661
46
842
1253
1731
108
802
2691
865
3509
3699
2817
1023
250
3552
3504
1089
1218
335
629
468
1401
3979
2013
2175
1476
125
3622
491
3300
293
2230
3983
3712
2952
2424
157
733
3571
264
116
3783
3914
1007
3655
3587
3920
626
740
1206
4000
3993
3985
855
2466
50
3954
3849
989
746
771
712
3743
191
3538
253
613
1414
3725
861
1317
1838
255
3946
909
3354
2106
2017
532
3878
956
4009
57
193
8
201
2051
2528
104
2358
2205
2119
1990
2411
704
1922
2435
3844
2011
2025
2314
2035
2018
2023
535
1233
2145
2029
1013
2522
3916
2113
2291
2808
2318
4024
2044
2632
2580
2514
2441
2186
2130
2105
2036
472
262
309
3513
308
594
77
647
576
4005
3278
4004
1195
2094
1186
3594
3613
3479
3898
3581
447
3516
550
4029
2902
150
2735
1419
2710
2709
2726
3286
2671
3133
2809
2743
3358
2918
2843
2968
2957
2854
2470
1400
3202
2917
3083
2822
3196
3270
3246
3069
2965
3211
3216
851
3153
3404
3236
2964
3885
2995
3259
2947
752
2876
3279
1581
552
3676
3143
3141
3093
2114
2832
95
2753
1140
974
3393
3336
892
4002
469
670
424
258
3483
3315
1138
985
859
144
2885
3850
955
2321
3961
3723
1033
1410
2375
1455
585
1640
1008
1434
1087
153
998
1531
775
1385
868
1784
415
2857
90
681
1762
981
103
2614
1646
202
958
3681
3909
216
3896
3374
1890
3780
2746
3438
874
3935
1306
102
1852
1579
3440
1136
138
86
3042
741
3840
3043
1247
873
3572
4008
3127
3719
2740
3974
71
1000
546
241
3517
1012
2357
2678
40
3570
3757
480
3235
1150
28
3459
163
914
3667
1719
1492
1035
3996
3778
155
2790
2760
3037
554
1901
3736
377
3911
3818
127
3944
11
2972
3755
935
3827
42
3799
89
1949
379
1858
3094
570
215
879
790
1739
709
3420
581
3467
2182
558
687
832
2971
911
765
270
3937
2263
2545
987
3703
37
3210
1967
3530
1384
106
1240
3798
3463
3891
166
318
3227
3155
45
1470
1321
3575
356
147
1788
105
3618
3534
287
758
313
2811
101
1137
3601
3088
3535
1061
3121
3882
3764
1486
3059
3450
406
2732
3928
151
708
371
2517
3934
1466
1094
608
797
3658
3807
3942
3607
3897
1394
3472
825
117
218
945
3806
3748
382
2041
3848
3643
3854
1031
549
671
1544
1874
801
533
15
3787
96
1208
3489
529
1151
756
3765
2382
68
895
899
164
3963
869
237
3281
2868
227
519
433
1232
727
1711
1651
3380
1704
16
3678
1097
3003
2452
3694
1679
3913
923
3547
307
3887
2736
887
330
3453
1098
1586
3970
3013
2437
233
208
1978
386
788
183
4007
3984
569
168
3376
3334
537
3308
3217
1749
3525
3589
207
1105
655
1771
742
3230
3729
3015
390
1304
75
2721
785
3588
743
3901
174
2855
470
843
247
485
273
2704
3244
3631
35
2541
692
800
1164
1053
871
3309
3165
837
217
1777
1154
1911
1555
3626
2767
652
3890
297
167
494
3009
1127
1545
3769
3959
2893
1463
864
744
1220
518
826
1297
2277
43
1411
3061
1759
3131
3795
638
3865
1178
316
938
263
604
3918
403
3662
3624
763
755
3532
94
254
1521
3028
3410
2982
2699
2959
2889
3423
2703
2670
3318
3222
3683
3899
3476
3512
49
1575
716
2963
3805
3522
3929
3976
3569
3542
3707
1216
3487
1177
3895
486
2886
3276
384
3057
3187
2858
3229
3346
3341
2938
3148
3264
3126
3322
1050
1585
1666
2794
2696
189
3639
3481
3919
2301
251
281
2657
3616
184
92
346
462
863
876
888
230
3747
2
3965
2644
2313
2388
3617
1670
3847
3659
3642
3779
1213
2774
3803
862
3609
2792
1071
761
3548
372
1785
1248
736
768
816
418
410
405
659
615
662
628
582
3536
199
3859
3738
3593
152
195
306
78
329
73
130
54
3579
3836
3708
3612
3759
3957
3553
1676
3960
3474
3696
2926
589
573
677
603
654
684
620
678
644
612
636
592
598
3688
3414
3390
2761
3234
478
4006
4020
4031
1748
3312
3010
3269
2663
1055
4014
4038
4032
4022
3989
3988
3980
4013
2228
2455
2260
2341
23
83
1860
3733
3444
2217
3958
691
714
839
789
1295
1422
3690
3874
3892
3871
3917
3628
1797
769
890
889
893
882
856
1726
1564
1369
1701
1045
1111
1368
1254
2776
2421
1996
3894
3490
3679
3446
3546
3972
3564
3468
3623
3982
3981
4019
3999
111
137
93
61
259
2548
2422
2621
2181
2146
2562
2129
2497
2049
2488
1975
2342
2014
2097
2431
2236
2397
2238
1973
1919
2440
2494
2459
2627
2583
1976
1968
2082
2316
2141
1552
2401
2225
2192
2447
2633
2297
1958
1995
1927
2626
2006
2231
2448
2371
2255
2647
2660
2373
2070
2157
1991
2004
1914
2648
1950
1999
2620
2538
2540
1933
2270
2416
2085
2605
2312
1866
1058
2317
2587
2403
2515
2320
2000
1951
2502
2639
2050
2061
2001
1972
1957
2009
1921
2177
2501
2618
2207
2645
2572
2027
2659
2585
1998
2658
2202
1936
2637
2249
2048
2651
2406
2310
2523
2286
2091
1960
2378
2171
2012
1980
2365
2159
2126
2031
2366
2610
1944
2355
1952
2525
2211
2209
1970
2295
2432
2413
1077
2362
2519
2003
2280
2534
2107
2100
1930
2349
2465
2022
1987
2612
2214
2155
2608
2198
2635
2451
2434
2246
1981
2396
2243
2137
2337
2576
2134
2092
2116
2385
2274
2254
2215
2547
2463
2264
2222
2649
2259
2234
2518
2398
1954
2325
2304
2603
2479
2652
2223
2075
2002
1939
1718
2412
2089
2368
1913
2622
2513
2640
2473
2394
2598
1959
2636
2346
2024
2335
2480
2047
2156
2405
2241
2609
2557
2169
2438
2537
2333
2128
2032
1916
2566
2361
2226
2162
2634
2364
1935
2498
2203
2163
