0
4019
798
613
11
37
114
3282
215
801
1834
1071
234
3798
2595
871
1558
775
846
841
4022
884
4025
81
183
3885
3955
638
3637
3055
1760
1176
3853
4028
3268
335
358
2842
3984
3594
76
240
3230
192
2704
1027
70
2168
3121
860
47
3974
262
406
3856
2788
1240
891
1395
1206
530
4001
3128
660
351
2963
155
3453
1690
3560
911
340
550
2760
673
1651
4024
648
447
454
2808
52
241
49
1693
3147
2774
3127
3074
2817
3565
3801
3990
4007
4016
757
881
2483
858
717
833
867
861
852
869
851
735
715
744
740
690
791
796
725
850
768
806
758
813
743
733
874
873
750
789
786
736
751
785
839
732
712
707
702
689
814
811
847
761
722
759
795
844
727
829
693
771
817
777
718
870
876
887
877
872
825
895
828
778
713
888
886
882
863
763
729
780
855
880
856
838
837
830
820
797
792
774
773
765
748
741
739
716
701
834
827
810
800
781
764
755
731
724
694
688
854
853
849
848
845
843
842
836
835
832
831
826
824
822
821
818
816
815
812
809
808
807
805
802
799
794
793
790
787
784
783
782
779
776
772
770
767
766
762
760
756
754
753
752
746
745
742
738
737
734
730
728
726
723
721
720
714
711
710
709
708
706
705
704
703
700
697
696
695
691
687
894
893
890
889
885
883
879
878
866
864
840
823
819
804
803
769
747
719
686
698
859
699
788
868
749
692
857
875
865
4036
4037
3988
3991
4038
3999
4020
3985
4000
4011
594
3998
4023
4009
3997
4030
4034
4033
4031
4029
4027
4021
4018
4014
4013
4010
4006
4005
4004
4003
4002
3996
3995
3994
3993
3992
3989
3982
3981
4026
3986
3983
3980
4017
4032
4015
4012
4008
3987
4035
95
247
2487
2245
2255
3952
3789
3965
3694
3541
3905
3844
3799
3816
3791
1949
2541
2527
2403
2441
2263
1956
2375
2431
2517
2426
2439
2314
1934
2178
1961
2444
2437
2357
2251
1950
1933
2008
2113
2281
2167
1936
2015
1915
190
205
253
319
77
10
29
263
149
220
151
63
59
1924
2650
2515
2513
2320
1992
2632
2358
2505
2618
2412
2587
2535
2424
2181
2035
2373
3897
3946
2170
2076
2405
2146
2565
2321
2105
2265
2152
1914
2659
2626
1958
2648
2061
2636
2006
1957
207
22
3504
3787
3751
3879
3854
3632
3641
3612
3892
3538
3445
3976
3638
3626
3477
3815
3715
3657
3720
3767
3582
3561
3857
3620
3753
3822
3763
3759
3713
3636
3608
3498
3757
3571
3814
3665
3977
3740
3599
3870
3920
3783
3716
3439
3782
3535
3747
3903
3646
3806
3468
3953
3732
3532
3631
3558
3960
3500
3679
3585
3490
3447
3837
3774
3465
3834
3623
3917
3912
3874
3743
3739
3595
3473
3534
3461
3758
3921
3890
3823
3887
3812
3662
3441
3549
3937
3601
3675
3932
3616
3904
3671
3648
3566
3507
3833
3706
3598
3508
3964
3766
3696
3840
3698
3927
3668
3459
3972
3829
3786
3726
3630
3602
3466
3443
3969
3810
3792
3493
3546
892
2613
2383
2019
2454
2311
2520
2064
2477
2287
2066
2651
1977
1974
2644
2341
2236
2197
2621
2534
2456
2443
2422
2380
2230
2227
2217
2160
2120
2091
2089
2049
2488
1960
2504
2258
2262
2044
1942
2218
2656
1965
2606
2549
2536
2489
2363
2164
2121
2056
1986
1943
2016
2627
2001
2182
2620
2202
2013
2270
2630
2615
2552
2499
2404
2386
2331
2326
2200
2077
1963
1925
2393
2303
2288
2495
2309
2021
2452
2558
1952
2449
2623
2462
2429
2614
2455
2601
2600
2414
2359
2307
2139
2122
2059
1953
2575
2082
2580
2497
2411
2335
2286
2080
1990
1975
2657
2646
2634
2633
2622
2584
2583
2578
2577
2576
2574
2570
2563
2562
2553
2548
2545
2540
2539
2532
2528
2523
2514
2503
2500
2493
2490
2486
2484
2476
2457
2450
2448
2442
2435
2433
2427
2421
2402
2397
2391
2388
2371
2365
2360
2352
2349
2346
2337
2317
2316
2306
2301
2300
2290
2269
2253
2248
2240
2238
2234
2219
2213
2207
2204
2193
2192
2188
2173
2159
2158
2156
2147
2141
2140
2130
2129
2119
2114
2107
2106
2104
2100
2097
2094
2092
2090
2085
2079
2070
2067
2055
2051
2050
2045
2041
2034
2025
2023
2022
2017
2014
2012
2005
1999
1996
1995
1982
1980
1979
1978
1969
1968
1967
1966
1937
1935
1930
1928
1922
268
124
218
228
328
181
16
250
256
96
270
222
62
3
86
333
60
321
284
140
168
211
172
135
108
318
226
28
44
295
98
55
99
230
182
254
110
179
6
106
286
275
195
4
298
296
175
344
313
239
196
82
23
302
260
242
130
314
146
345
303
221
33
274
257
231
142
332
309
251
337
338
122
236
73
54
194
92
57
323
308
272
248
235
212
184
165
159
39
14
2
343
227
326
312
41
342
334
291
258
232
186
161
134
69
66
56
264
169
2654
2638
2611
2604
2593
2590
2586
2573
2564
2561
2551
2507
2492
2482
2410
2408
2395
2392
2370
2354
2353
2348
2257
2244
2220
2210
2201
2190
2165
2136
2124
2123
2115
2109
2108
2103
2095
2093
2086
2078
2073
2030
1984
1962
1918
2639
2225
2018
2011
2000
2401
1988
2142
2342
2099
2645
2364
2171
2453
2628
2305
2126
2566
2416
2277
2186
3908
3485
3934
3940
3880
3975
3708
3476
3669
3845
3958
3951
3924
3909
3900
3878
3843
3826
3714
3591
3506
3486
3821
3793
3724
3719
3690
3584
3499
3483
3581
3944
3497
3642
3686
3603
3503
3681
3707
3838
3950
3659
3839
3876
3867
3827
3778
3769
3666
3629
3615
3590
3573
3505
3470
3455
3442
3475
3471
3670
3627
3542
3628
3547
3526
3492
3914
3528
3464
3831
3804
3762
3805
1270
2350
2466
2272
2205
2162
2031
2581
2612
2474
2318
2291
2260
2214
2166
2296
2209
2641
2425
2557
2525
2440
2406
2256
2231
2175
2145
2036
1944
1973
2366
2522
2658
2585
2538
2297
2024
2009
1951
1931
1927
1921
1919
2637
2660
2647
2640
2494
2447
2378
2284
2157
2027
2004
1998
1991
1972
322
156
120
87
3849
3621
3444
3551
