0
858
4028
785
4029
749
883
4022
97
2079
1119
145
2527
155
904
2596
47
287
356
2814
3688
61
4016
3996
292
4035
1326
4006
209
3942
3709
1262
220
660
586
241
3854
1046
468
3959
193
478
256
189
282
550
1252
3970
228
3432
3771
3694
2269
3676
289
613
801
1579
3879
3125
138
164
74
1058
1854
852
1362
1145
3795
1202
1961
3445
562
3121
215
1096
702
877
744
894
891
884
859
2838
1560
1353
918
33
855
3798
1386
27
1546
2106
841
3560
892
3856
467
1466
3003
3589
3974
3453
2178
3729
1581
585
656
3037
699
1206
3282
775
581
602
1865
3183
1031
1430
2481
2380
1239
214
3619
349
4025
4007
411
157
124
2595
2483
179
182
4001
846
3990
4036
3991
4004
3989
594
4030
4003
3999
4027
4020
3995
3998
4033
4037
4021
3985
4038
4031
4023
4019
4018
4013
4011
4009
4005
4002
3997
3994
3993
3988
3987
3981
3986
3982
4014
3980
4026
4017
3992
4000
4012
4034
4032
4024
4015
3983
4010
4008
3984
864
876
725
689
870
893
887
881
879
861
729
721
882
888
878
863
714
767
732
895
889
886
885
875
874
873
872
871
867
866
796
811
769
786
843
869
753
880
822
791
736
850
712
833
856
854
848
839
832
825
806
804
802
789
782
776
743
742
735
709
707
692
691
826
690
795
844
734
700
693
771
723
711
783
837
792
762
739
715
698
851
761
727
716
704
718
765
726
701
829
821
754
728
724
779
836
823
770
842
794
751
834
774
697
808
803
755
849
840
817
772
768
756
745
737
733
708
853
830
824
819
818
816
813
778
777
766
746
722
828
810
838
831
820
815
797
793
781
758
748
747
730
687
686
812
784
752
710
696
695
688
847
845
835
827
814
809
807
805
800
799
787
780
773
764
760
759
741
738
731
720
719
713
706
703
694
705
763
757
717
788
750
740
790
890
860
798
868
865
2167
3848
3513
3787
3749
3724
3441
3892
3541
3894
3561
3732
3539
3964
3644
3588
3474
3882
3772
3801
3865
3632
3472
333
319
247
273
32
71
117
86
162
112
137
243
167
93
2281
2094
1937
2528
2158
39
126
344
38
159
129
347
260
295
2886
2041
1956
2535
2255
2080
1950
3523
3723
3799
3765
2808
2207
3628
3475
3457
3901
3912
3726
3509
3460
3659
3649
3481
3725
3868
3886
3656
3874
3739
3473
3713
3976
3763
3923
3720
3655
3766
3544
3727
3947
3519
3663
3827
3590
3927
3564
3511
3499
3710
3498
3664
3608
3840
3482
3794
3706
3645
3963
3905
3585
3536
3530
3958
3540
3489
3814
3745
3606
3743
3595
3567
3538
3967
3500
3862
3769
3740
3666
3752
3844
3647
3652
3459
3919
3516
3895
3825
3818
3623
3850
3521
3913
3880
3681
3452
3449
3898
3581
3562
3479
3979
3973
3466
3785
3658
3640
3503
3836
3708
3869
3803
3593
3637
3934
3969
3945
3906
3627
3829
3591
3515
3463
3897
3950
3939
3863
3624
3580
3549
3707
3604
3931
3610
3949
3786
3528
3881
3821
3738
3911
3669
3902
3852
3790
3527
3817
3705
3646
3845
3446
3855
3833
3826
3572
3690
3960
3791
3747
3607
3587
3701
3579
3940
3543
3485
3773
3629
3455
3878
3810
3782
3622
3535
3534
3529
3975
3675
3823
3761
3668
3630
3602
3554
3469
3443
3966
3926
3824
3762
3488
3951
3903
3792
3648
3643
3506
3779
3804
3730
3672
3936
3921
3918
3778
3753
3728
3615
3599
3553
3526
3508
3505
3932
195
311
105
346
338
65
108
306
187
293
127
281
251
184
45
278
191
208
262
2
123
99
330
80
24
259
327
219
147
6
258
156
75
29
16
13
218
4
296
225
268
238
211
317
254
196
101
314
146
192
299
57
177
143
337
230
151
111
44
231
77
320
140
257
223
134
133
336
276
148
103
84
79
76
3
227
175
116
51
168
343
226
326
19
312
310
149
144
2565
1996
2193
2301
2245
2541
2382
2375
2441
2650
2632
2628
2621
2286
2152
2105
2014
1949
2587
2424
2360
2251
2034
2015
1915
2357
1922
2614
2548
2051
2558
2450
2217
2412
2049
2091
2089
2321
2515
2466
2076
2403
2373
2120
200
339
329
285
249
142
94
21
7
1
334
318
185
165
5
284
248
235
232
176
109
322
291
325
323
297
280
272
113
31
10
342
331
313
304
277
271
261
213
207
186
172
170
141
118
98
9
3401
3310
2699
2799
3368
3059
3045
2722
3055
2926
3218
3030
3094
2714
3058
3015
3427
3163
2726
81
2634
2205
2182
2513
2426
2170
1992
1924
2656
2146
2622
2585
2000
2435
2159
2648
2657
2636
2337
2365
2022
2006
1958
2486
2570
2448
2402
2524
2633
2192
2012
1968
2626
2025
1980
1914
2136
2061
2018
2013
2011
1995
1957
1998
2523
2452
2107
2397
1965
2270
1963
2625
2613
2593
2504
2484
2299
1984
2391
2262
2618
2361
2236
2162
2023
1960
2067
2580
2371
2335
2314
2126
1990
1936
2575
2559
2339
2229
2212
2208
2150
2140
1971
1953
2639
2252
2214
2453
2230
2099
2490
2455
2085
1975
1974
2612
2514
2313
2256
2231
2066
2493
2659
2658
2640
2627
2620
1951
1935
1927
3266
3187
2811
3242
3068
2791
3736
3683
3661
3651
3635
3957
3864
3831
3744
3702
3695
3639
3617
3563
3872
3721
3930
3788
3712
3504
3480
3860
3841
3760
3533
3484
3756
3750
3692
3943
3877
3873
3828
3800
3741
3693
3642
3611
3517
3495
3971
3684
3552
3734
3687
3674
3586
3514
3448
3438
3968
3755
3703
3545
3525
3083
3210
3305
2935
3367
3425
3161
1016
2564
2563
2553
2485
2443
2408
2352
2331
2307
2220
2124
1986
1966
1929
2520
1983
2522
2539
2526
2507
2500
2418
2356
2329
2179
2172
2077
2064
2655
2624
2579
2561
2556
2552
2532
2521
2477
2469
2433
2409
2407
2376
2370
2363
2348
2326
2303
2213
2142
2123
2121
2108
2103
2098
2078
2063
2045
2037
2096
2154
2602
2601
2495
2489
2464
2410
2395
2340
2308
2271
2244
2184
2059
2030
1938
217
100
3904
3621
3600
3977
3972
3965
3962
3956
3954
3953
3946
3944
3941
3938
3937
3935
3933
3929
3928
3925
3924
3922
3920
3917
3916
3915
3914
3910
3909
3908
3907
3900
3899
3896
3893
3891
3889
3888
3887
3885
3884
3883
3876
3871
3870
3867
3866
3859
3858
3857
3851
3849
3847
3846
3843
3842
3838
3837
3835
3834
3832
3822
3820
3819
3816
3815
3813
3812
3811
3809
3808
3807
3806
3802
3796
3793
3789
3784
3783
3781
3780
3777
3776
3775
3774
3770
3768
3767
3764
3759
3758
3757
3754
3751
3746
3742
3737
3735
3733
3731
3722
3719
3718
3717
3716
3715
3714
3711
3704
3700
3698
3697
3696
3691
3686
3685
3682
3680
3679
3678
3673
3671
3670
3667
3665
3662
3660
3657
3654
3653
3641
3638
3636
3634
3631
3626
3625
3620
3618
3616
3614
3613
3612
3605
3603
3601
3598
3597
3596
3594
3592
3584
3583
3578
3576
3575
3574
3573
3571
3569
3568
3566
3565
3559
3558
3557
3556
3555
3551
3548
3547
3546
3542
3532
3531
3524
3522
3520
3518
3512
3510
3507
3502
3501
3497
3496
3494
3493
3492
3491
3490
3486
3483
3478
3477
3476
3471
3470
3468
3467
3465
3464
3462
3461
3458
3454
3450
3444
3442
3439
862
857
379
499
345
341
340
335
332
328
321
316
309
308
307
305
303
302
300
298
294
290
286
283
279
275
274
270
267
266
265
264
263
252
250
246
244
242
239
237
236
234
229
224
222
221
216
212
210
206
205
204
203
201
199
197
194
190
188
181
180
178
174
163
161
158
152
150
139
135
132
131
130
128
121
119
115
110
106
104
102
96
95
92
91
90
89
88
85
83
82
78
73
72
