0
3989
791
3071
892
2441
1034
205
608
4010
4034
15
3729
4001
2842
52
1145
1038
1395
3589
581
918
305
282
97
585
3597
3408
3134
3375
3268
867
3879
3444
1270
875
3031
749
260
12
3565
3765
3820
3775
642
201
3942
3953
4036
179
3916
327
1466
499
3678
785
287
4015
112
2527
3091
3908
1224
3619
234
910
182
2380
464
904
750
4035
448
1693
3978
3689
624
1558
996
1760
255
3436
2740
1096
1065
1974
454
3808
2722
301
1854
386
63
1713
2442
300
2952
1206
1581
138
1176
668
1071
154
4013
3570
929
2814
1252
76
74
2860
3413
530
37
3282
602
3183
2269
286
1119
3688
468
1560
3305
1262
2195
356
3781
699
47
3897
2721
2483
319
147
145
160
126
859
873
885
877
4029
192
2422
874
872
888
825
876
733
776
882
866
881
858
717
850
863
689
833
768
789
893
889
878
729
832
854
690
839
806
796
786
712
721
826
799
758
715
895
887
886
884
879
871
870
864
759
755
821
798
723
852
851
845
843
841
836
822
816
813
808
804
802
801
790
775
771
767
748
744
732
728
725
722
714
710
707
702
700
691
792
856
757
740
720
738
829
701
880
846
837
812
711
809
787
756
703
807
693
824
795
737
726
716
704
890
861
819
849
838
831
803
793
783
770
764
763
741
718
810
784
773
745
706
853
696
847
818
817
782
780
778
762
746
742
736
724
705
848
869
830
814
811
800
730
698
844
840
815
794
781
766
760
754
752
751
734
719
694
688
686
805
797
779
774
765
739
842
835
834
828
827
823
820
777
772
769
753
747
731
727
713
709
708
695
687
697
855
788
894
761
735
891
883
860
743
692
868
865
3999
4037
4038
3986
3985
4032
3998
3981
4002
4026
4023
3982
4014
3988
4027
4019
4028
4018
4009
4031
4030
4021
4020
4016
4012
4011
4008
4006
4005
3997
3996
3994
3992
3990
3987
594
4007
3980
4025
4033
4017
3995
4003
4024
3984
4000
3993
3991
4004
4022
3983
667
89
6
309
219
95
3816
3807
3819
3657
3766
3811
3874
152
328
294
259
245
36
86
46
70
228
225
262
14
149
20
220
151
2767
2774
2824
2975
2776
3283
3008
3200
2714
3099
3088
2855
3092
2852
2695
2769
2746
2888
2987
3368
3402
3012
1208
2685
2834
2962
3211
3370
2692
3410
2735
3009
1134
3544
3772
3720
3932
3848
3716
3607
3911
3813
3901
3498
3964
3665
3694
3502
3888
3479
3666
3827
3715
3789
3647
3507
3547
3445
3739
3567
3743
3725
3624
3639
3512
3955
3882
3952
3637
3505
3809
3977
3941
3773
3965
3910
3681
3461
3614
3760
3770
3546
3956
3917
3871
3520
679
467
316
100
54
218
181
78
4
80
275
195
266
278
131
102
116
91
254
101
242
124
289
243
167
140
183
191
346
77
8
320
251
330
57
24
23
263
177
143
99
241
310
230
44
28
17
336
283
175
115
343
333
326
312
2808
2923
3839
3454
857
657
574
1607
3251
3358
3349
3165
3376
3389
2736
3151
2964
3128
2699
3325
2982
2972
2670
3129
2759
2811
3308
3292
2801
2961
3354
2751
2918
2816
3246
2732
3208
3110
3167
3093
2995
2682
3428
2876
2965
3127
3235
3123
3155
3067
3154
2671
3281
3225
3039
2701
2989
2886
3028
2817
3141
3105
3095
2792
2691
2921
3373
2957
3379
3329
2739
2804
3080
3045
2789
3422
3206
3161
3257
3332
3145
2997
2983
2949
3189
3425
2931
2805
3303
2948
3392
2771
3362
2726
3423
3311
3309
2703
3223
3124
2959
3043
2823
2708
2928
3380
3357
3258
3094
2787
3216
2979
3391
3021
3016
2797
3395
3072
2904
2791
3196
3190
2858
2841
3348
3256
2700
2680
3171
2790
3249
3163
3117
3269
2837
3213
2920
2763
3122
3377
2832
3341
3306
3299
3188
3138
3142
3052
2912
2891
2750
3204
2991
2752
3307
3297
3279
3172
2765
2712
3086
3399
3056
2960
2940
2908
2706
3166
3029
3014
2993
3374
3342
2996
2895
2744
2709
2668
2929
3261
3120
3070
2976
2720
3365
2715
3435
3158
3073
2756
3194
3041
3007
2846
2687
3238
3036
3000
2974
2953
2944
2924
2887
2798
2757
2741
2681
3434
3079
3433
3114
2988
2981
2977
2907
2874
2821
2731
3048
3024
3378
3367
3298
3262
3102
2936
2840
2793
3296
3253
3236
3081
3032
3345
3106
3046
3038
3027
2868
2783
3240
3103
3320
3182
3400
2969
2946
2800
2749
3275
2870
3360
3383
3242
2882
2803
2784
2762
2667
3219
3111
2871
2702
3390
3293
3220
3104
3025
2854
2807
2794
3363
3195
3193
3078
3010
2917
2864
2705
2694
2689
3419
3381
3344
3330
3291
3280
3277
3252
3192
3185
3179
3150
3132
3115
3082
2970
2828
2770
3387
3384
3237
3064
3054
2943
2911
2880
2850
2761
2755
2679
3364
3232
3108
2985
2897
2827
2786
3411
3337
3224
3017
2711
3324
3304
3226
3098
3040
3022
3004
2986
2967
2919
2916
2910
2909
2905
2877
2862
2754
2745
2673
3231
3229
3139
3137
2873
2851
2710
2914
3393
2672
3405
3403
3287
3107
3020
2865
2847
2768
3083
2935
2677
2675
3087
2955
2941
3310
2802
2688
1105
1002
1586
1046
1792
3328
3248
3136
928
3264
3259
3356
3191
3133
3068
3005
2830
2778
3176
3100
2820
2730
3285
2958
2758
2662
3420
3412
3288
3001
2951
2934
3386
3350
3335
3199
3116
3035
2992
2980
2950
2939
2849
2833
2748
2661
3273
2947
2684
3415
3233
3207
3203
3069
3062
3061
3051
3018
2829
2728
1248
1053
1254
1755
3205
2825
1138
3431
3418
3221
3210
2901
1362
1417
1759
1640
985
3855
3880
3484
3493
3963
3779
3661
3563
3540
3581
3510
3622
3736
3618
3950
3575
3892
3857
3954
3904
3780
3710
3482
3817
3457
3870
3923
3751
3632
3767
3967
3492
3859
3929
3788
3949
3511
3566
3551
3850
3778
3822
3792
3643
3509
3572
3616
3598
3553
3920
3791
3747
3584
3483
3721
3556
3644
3944
3656
3539
3864
3700
3933
3921
3735
3960
3641
3587
3500
3478
3676
3489
3858
3711
3620
3558
3828
3762
3737
3503
3686
3937
3554
3818
3931
3823
3815
3608
3898
3649
3673
3561
3902
3471
3927
3847
3732
3660
3659
3907
3695
3719
3646
3631
3591
3506
3458
3867
3740
3728
3713
3636
3629
3455
3580
3752
3452
3957
3918
3836
3900
3869
3833
3714
3486
3973
3906
3866
3843
3834
3810
3768
3601
3460
3731
3574
3777
3754
3600
3515
3625
3496
3490
3702
3628
3527
3912
3595
3473
3922
3682
3438
3863
3771
3662
3446
3627
3786
3535
3468
3592
3975
3759
3708
3919
3562
3523
3481
3830
3800
3707
3518
3485
3962
3948
3525
3517
3495
3475
3448
3680
3671
3564
3845
3712
3449
3841
3799
3667
3526
3521
3508
3796
3753
3442
3821
3784
3602
3837
3701
3476
3761
3668
3474
3947
3706
3934
3877
3824
3596
3576
3559
3488
3793
3758
3534
3884
3842
3797
3703
3687
3674
3586
3913
3838
3672
3605
3604
3894
3972
3915
3829
3529
3469
3538
3971
3755
3545
1654
453
552
1814
678
1875
631
572
399
198
564
202
166
73
48
197
347
88
221
196
96
268
85
123
84
29
208
345
302
94
53
5
311
204
105
148
65
338
295
60
288
186
265
248
125
314
284
45
189
163
222
211
134
200
121
212
132
3
329
178
313
304
340
337
321
318
307
306
299
296
293
291
281
279
274
273
264
257
253
249
237
231
229
227
226
217
215
214
207
194
193
190
187
184
180
176
174
170
168
165
164
162
159
158
157
155
153
144
139
137
135
133
130
129
128
127
120
117
111
110
108
106
93
92
90
83
75
71
69
68
66
61
55
51
50
49
41
40
39
35
27
25
19
18
16
11
2
1822
2734
2725
3164
3097
1133
3278
3265
3289
3245
1477
1476
1442
1797
1731
1061
1579
950
3750
3741
3684
3677
3633
3609
3577
862
659
584
681
682
655
654
663
626
622
616
575
670
665
627
675
635
615
595
582
661
658
640
583
1664
1162
1093
1055
1000
3432
3430
3429
3427
3426
3424
3421
3417
3416
3414
3409
3407
3406
3401
3398
3397
3396
3394
3388
3385
3382
3372
3371
3369
3359
3355
3353
3352
3351
3347
3346
3343
3340
3339
3338
3336
3334
3333
3331
3327
3326
3323
3322
3321
3318
3316
3315
3314
3313
3312
3302
3301
3300
3294
3286
3284
3276
3274
3272
3270
3267
3266
3260
3255
3254
3250
3247
3244
3243
3241
3239
3234
3228
3227
3222
3218
3217
3215
3214
3212
3209
3202
3201
3198
3197
3187
3186
3184
3181
3180
3178
3177
3175
3174
3170
3169
3168
3162
3160
3159
3157
3156
3153
3152
3149
3148
3147
3146
3144
3143
3140
3135
3130
3126
3121
3119
3118
3113
3112
3109
3101
3096
3090
3089
3085
3084
3077
3076
3075
3074
3066
3065
3063
3060
3058
3057
3055
3053
3050
3049
3047
3044
3042
3037
3034
3033
3030
3026
3023
3015
3013
3011
3002
2998
2994
2990
2984
2978
2973
2971
2968
2966
2956
2954
2945
2942
2937
2933
2932
2930
2927
2926
2925
2922
2915
2913
2906
2902
2900
2899
2898
2896
2894
2893
2890
2889
2885
2884
2883
2881
2879
2878
2875
2872
2867
2866
2863
2861
2859
2856
2853
2848
2845
2844
2843
2839
2836
2835
2831
2819
2818
2815
2813
2812
2810
2809
2806
2799
2796
2795
2788
2785
2782
2781
2780
2779
2777
2773
2772
2766
2764
2760
2753
2747
2743
2742
2738
2737
2733
2729
2727
2723
2719
2718
2717
2716
2713
2707
2698
2697
2696
2690
2686
2683
2678
2676
2674
2669
2666
2665
2664
2663
1840
3361
3319
3263
2999
2938
2903
2822
2693
1890
1383
1489
1905
1050
1856
1346
1194
1666
1501
990
1328
3404
3366
3295
3019
2892
2869
2775
2724
941
1154
1311
1414
1838
1615
1203
975
1749
937
1089
1353
1785
1308
1728
1493
1005
1837
1700
1016
956
1830
1601
1363
1764
1316
1088
1846
1392
1904
1647
1587
1812
1382
1342
1069
964
1481
1310
1306
1896
1889
1045
1624
1872
1655
1432
1635
1350
1347
1115
989
1903
1592
1479
1345
1582
1129
1099
