107
1684
3437
2164
686
56
3714
291
781
3486
3921
1892
1705
599
1043
3969
406
3529
230
254
3580
3652
3845
3701
3615
4009
1693
3968
2528
131
1543
706
3490
50
424
124
3346
936
306
3647
729
2587
2832
808
3271
887
2886
2687
3245
912
139
3980
3275
130
3724
3429
4038
735
1342
793
685
657
791
2682
3999
861
882
469
229
923
3813
812
3692
3780
909
76
3854
3484
2119
3933
3778
3867
2380
3795
215
3010
3062
3564
3506
1745
3368
3326
3926
2902
95
660
2984
3912
198
40
1174
3327
1629
531
1749
347
852
3761
340
3030
14
2805
127
252
3632
1671
1386
1194
2470
977
272
3685
1553
1354
264
2889
4021
10
3771
3876
1915
3920
2971
104
2197
3
3643
2411
2375
3520
2486
316
1615
1681
3308
639
2447
1037
2168
121
3012
937
3541
68
1814
3095
2431
1477
736
3914
907
3864
818
2710
1266
2256
700
3515
3748
3985
3574
476
813
1855
1840
2255
2130
3008
2843
3523
3482
281
7
1452
2650
3595
3700
1698
2739
3932
1010
3897
2422
3878
682
889
652
3809
630
596
573
1069
1262
546
3775
3374
3190
2697
2696
3124
3653
1564
2736
21
163
1357
1450
3222
2949
797
2357
1307
267
3439
4
3798
3964
157
3059
305
289
146
3546
740
845
2744
772
2014
1546
757
807
727
824
774
3294
722
3467
2358
731
2967
227
3592
2009
2424
3848
2450
2217
116
3736
1763
37
3667
3092
3230
3790
250
3777
1446
3659
2692
1654
3872
1157
2688
3769
915
2321
3588
3960
3694
908
2371
3765
235
656
2752
900
2963
1443
3949
233
3292
73
3614
3197
3493
2158
1856
1980
3763
2227
602
3671
2013
669
3973
2888
20
2316
1197
362
647
2193
860
472
2291
3355
665
873
4025
3088
1719
2100
2900
2204
945
1534
1061
572
866
205
1733
841
1844
1034
3699
3650
462
635
3928
3925
349
992
2792
2830
2741
3487
144
2860
2791
2997
3571
311
1706
746
2015
3834
3376
3961
3613
2310
3849
256
802
1961
550
3882
1593
2667
1956
382
3972
3927
2759
2633
1403
780
1801
2980
649
1651
3289
457
2789
539
884
2868
1914
3055
2082
1088
2076
618
1170
15
3621
1846
442
865
832
440
767
3899
2844
59
3329
351
498
3112
1883
794
2690
1394
847
3126
3863
2899
3812
4033
3372
70
3211
1506
2442
3600
3560
169
911
4024
3673
3451
1442
3305
288
110
79
188
964
189
85
730
337
2503
237
193
2904
1007
3002
2671
202
1318
1935
2301
3444
3532
903
681
600
1150
570
2
1991
1853
610
3811
2581
917
1594
962
3609
140
115
2614
2618
2621
2113
4003
35
941
713
720
844
710
765
819
739
377
3662
3624
148
3045
2776
4016
3708
78
1555
1433
4023
3340
64
54
165
959
3313
3418
3048
3547
3677
355
644
653
619
4028
1502
3776
811
3732
3955
3680
949
357
3616
3917
2444
2349
2401
1314
1097
1089
36
3695
3898
2955
3325
2972
192
2703
2320
2207
1703
1127
1474
4004
2809
1203
1677
850
2400
1585
1666
2885
1860
39
2421
2157
1141
2011
2001
1878
3619
2947
3031
1218
1139
1189
1096
481
3231
2146
3719
671
1967
2162
318
186
212
2114
3394
4030
3046
3998
3311
3787
2699
2982
2861
3423
684
346
159
3017
2545
3215
1469
2490
1699
3177
1152
1046
1372
29
65
3407
17
1090
3668
3583
2454
429
1137
1232
1802
2760
2855
3148
1974
2017
2771
1328
1410
329
1770
3743
3118
89
3183
3450
3072
3528
3934
3462
3220
3527
1710
433
1422
3357
1281
1592
2637
3395
1655
931
2975
2448
590
1098
2733
3399
2152
1148
3713
3722
3153
3663
2938
3892
3774
3105
2558
994
3851
408
3962
523
3550
543
880
849
836
1497
3669
1805
381
3161
380
876
3217
825
856
888
877
3398
3981
2066
3807
620
587
605
3200
1631
769
2691
1374
910
2954
71
1210
3186
4015
1091
552
390
284
990
1769
3310
3128
3375
2175
2841
1223
1550
1464
1105
2825
2120
1933
886
863
560
1155
3162
3176
3074
2632
986
1245
379
2177
3606
3143
554
109
2259
516
2709
748
551
701
461
1500
693
2568
3723
3686
3306
608
477
1038
1762
1000
1031
1253
3405
1463
899
2981
1388
1766
1313
1356
1679
278
2285
3408
1764
1397
158
2987
261
238
3006
87
46
24
453
3858
1226
3625
3370
1183
1161
3712
2842
3817
427
2228
2852
3842
3721
3943
1055
940
2186
3654
648
1134
591
448
1743
984
2277
2583
676
3691
3599
3835
3553
2544
547
4006
2195
3274
3901
3629
575
3816
3757
2764
3109
1498
307
11
2912
624
3676
3489
1978
2517
2818
464
1093
3278
3726
3032
2996
1290
2393
3786
3866
1704
153
2948
3584
634
3939
3593
3906
3203
3895
3992
3893
859
443
3706
3558
1144
1772
3855
1638
1889
1111
1896
650
627
3120
1236
3875
3979
2857
384
3512
3099
2874
582
1434
1297
1414
951
2811
1817
3922
998
1687
1537
3039
2977
3249
3225
1140
3380
2535
1568
3432
1118
1493
3660
2335
3093
3276
1744
1364
601
1186
3739
3916
1731
3801
2815
488
3455
3590
1455
1077
663
3768
3890
2031
1777
3472
1395
3608
114
1312
3631
3367
1202
4035
1501
166
2662
3554
2443
3903
3623
2457
3978
2492
2051
3416
616
2930
3993
853
19
358
2534
1508
2580
858
2522
2802
1887
1510
447
2141
1697
2079
1640
983
1224
985
763
486
755
2934
3024
2634
2903
2716
2704
1368
795
3823
2096
3785
1575
3628
2008
3159
3946
3582
2595
268
1792
3392
511
2641
2979
3457
3066
1138
297
122
2834
904
1711
217
2734
75
4032
332
2343
2731
961
3337
1005
3301
1215
123
2599
255
334
220
187
3163
2765
2274
317
1738
298
266
240
3847
195
181
273
55
63
3272
2390
3570
3165
1168
3919
151
47
66
3007
3507
3218
232
1178
3641
3009
258
2686
668
1418
309
1586
2847
3266
251
1270
1239
1044
2895
216
2541
2995
466
1776
1897
3944
2968
276
393
3447
2208
279
247
190
174
411
2677
3430
2767
120
236
3989
3578
345
375
2775
3910
3965
3121
1885
1466
3260
1087
3534
565
996
3688
3552
1249
1119
2234
3535
2929
3937
3461
3466
3846
1556
3603
77
182
179
2933
38
2202
1252
147
2707
310
43
2766
324
3626
2817
336
2167
1528
1521
2998
4002
2656
1913
367
234
49
42
562
221
164
1181
2547
2012
3950
3740
228
173
673
585
1162
502
385
3832
321
3058
2584
556
2627
1451
12
3005
1919
1133
1062
244
581
191
162
112
3202
154
3492
2312
1176
218
3974
1790
209
262
243
3565
3942
3453
3537
3923
1606
3015
292
3788
3479
183
1930
145
3356
3160
3175
3477
3425
788
2774
716
704
702
2571
1870
2530
3902
2281
439
742
892
894
3156
2230
3269
3063
725
3687
1095
3575
3481
465
3402
2940
3911
1492
3522
3661
712
743
926
3987
2105
1755
499
571
4036
801
881
2799
893
3880
749
3315
3510
81
874
2238
3052
117
1658
3397
2661
170
150
100
171
303
1309
622
3505
1858
395
1747
2487
2245
2890
1518
1033
1053
3509
3458
3881
3764
3945
3909
2693
3665
3498
2894
2783
3802
3815
1927
3633
211
134
222
271
177
3137
3504
331
1308
878
3171
1485
2999
2941
3221
4019
815
783
451
430
495
473
2932
3196
2085
3913
3611
3542
3966
3852
3838
2974
327
1385
1648
137
3268
1807
1672
3107
3354
2670
3997
2807
248
67
128
88
1311
62
161
1674
2869
1421
1866
1360
3388
3318
3283
1533
3690
1649
1247
617
654
3173
3814
3549
782
2129
1042
326
583
595
3474
3956
2094
259
51
84
83
2286
2497
274
9
30
3530
156
5
1863
1626
2856
13
2876
3358
3087
768
796
806
431
1513
1851
1405
1701
1561
991
3540
3797
1296
588
3379
3154
3168
3415
3410
3371
3077
2819
3328
3270
1695
777
741
840
823
698
1499
2297
2494
2225
1972
2648
2097
2025
2061
1931
2570
2089
1708
3516
3499
3519
3836
3157
3431
2700
3210
2724
1468
478
434
1696
1503
968
1794
1373
938
879
1803
3179
3150
3027
3116
675
658
3252
1642
356
670
632
662
421
460
360
524
1045
2402
1179
614
606
3821
2459
2018
2645
2337
2435
3896
3951
3646
3924
94
299
2231
2023
2342
1567
2041
3636
2946
3302
1767
1616
3829
3591
3555
3617
3800
3604
3004
3104
2835
3886
948
930
3475
3948
