0
4020
869
4006
3453
692
1270
3467
2596
3748
174
401
3955
307
3922
775
3865
3570
42
193
2442
2470
4012
1386
1838
1558
638
798
791
882
749
721
3270
735
700
1362
182
1586
4036
191
3268
2740
2838
262
207
3885
2424
1057
3637
667
1996
4016
3305
4035
52
287
3375
585
286
464
608
1065
4029
3854
4007
3134
4005
267
3991
292
51
70
301
2195
663
289
384
3537
3699
160
294
918
1119
674
3600
904
4003
2971
3974
195
3942
35
377
1034
2382
3732
1145
2788
911
234
945
1967
114
3071
209
453
602
2704
3037
3742
321
3575
1711
1262
3457
15
2481
4024
443
3859
3856
2857
3310
613
46
2808
3610
3990
4001
81
3565
3477
3801
220
3999
1194
757
3987
61
33
71
879
767
743
858
871
870
873
872
894
878
884
852
725
712
707
789
702
744
841
851
782
888
863
895
889
886
885
881
877
876
874
866
864
861
859
729
855
854
846
833
825
812
808
806
804
802
801
776
771
750
746
732
717
714
691
689
813
816
742
839
690
794
786
736
769
890
818
838
822
796
777
738
843
765
693
831
832
792
734
763
723
716
704
797
779
880
849
848
837
807
793
783
754
753
730
687
836
780
740
709
821
815
826
761
844
778
701
828
809
764
703
713
856
830
811
772
698
790
787
784
762
758
751
722
720
715
706
686
853
840
824
820
819
817
799
774
773
768
766
760
759
756
737
733
731
728
724
718
708
697
695
688
795
752
727
696
694
847
845
835
829
823
805
803
781
770
755
748
747
741
739
726
842
834
827
814
800
745
719
711
710
705
810
868
887
865
893
867
857
785
850
788
699
892
891
875
883
860
3989
4011
4002
4019
4018
3994
3993
4023
3998
3997
3982
4021
4026
4014
3995
4017
4037
4033
4032
4031
4030
4013
4009
4008
4004
4000
3988
3986
3985
3983
3980
4025
4038
4027
4034
3992
3981
4028
4022
3996
4015
4010
3984
594
3548
2926
3354
3218
3271
2821
3372
3180
3131
2930
3436
2798
2791
2722
3661
3952
3844
3916
3923
3910
3837
3911
3727
3682
3890
3781
3678
3973
3776
3792
3588
3691
3560
337
3424
1607
2819
3338
3129
2879
3429
3427
3401
3092
3053
3425
3408
3161
2978
3208
3074
3141
2975
3142
3229
2769
3409
2745
3420
3241
2713
2671
3088
3322
3128
3126
3367
3112
3326
3283
2987
2804
3155
2840
2699
3063
3135
3014
3390
3227
3249
2967
2887
3047
2731
3064
3189
2931
2743
2687
3156
2816
3272
3276
2739
3301
2917
2852
3244
3190
2759
3421
2752
3394
3269
2948
2695
3012
2922
3213
3044
2988
3200
3046
3231
3312
2690
2712
2861
3147
3389
2841
3314
2929
2924
2794
3303
3294
2835
2681
3285
3032
3399
3166
3065
2943
2927
2919
2909
2749
2705
2698
2669
3202
3137
3073
3023
2986
2966
2960
2920
2664
3251
3181
2902
3091
3087
3236
3174
3098
2916
2866
2864
2676
2666
3352
3109
2783
3207
2829
3382
3311
2982
2959
2834
2670
3284
3104
3085
3004
2974
2925
2815
2782
2777
2773
2755
2673
2792
3433
3400
3364
3293
3123
3025
2977
2862
2854
2807
2786
3387
3304
3033
3022
2891
2706
3435
3417
3257
3195
3158
3108
3056
3054
3029
3026
3000
2969
2956
2944
2928
2911
2906
2896
2839
2810
2757
2756
2741
2729
2689
2684
3428
3426
3130
3114
3084
2890
2851
2738
2726
2710
3007
2991
3148
2955
3099
3015
2868
2667
3203
2889
2870
3039
3307
3117
3327
2998
2751
2950
2932
2702
2686
3206
2844
3323
2934
3211
3028
2768
3188
3078
3416
3357
3349
3151
3094
2785
2715
3316
3265
3192
3120
3102
3016
2970
2770
3306
3289
2938
3406
3395
3351
3345
3335
3209
3198
3093
2936
2914
2668
3254
3240
2973
3403
3321
3292
3291
2895
2748
2747
2935
2886
3205
3405
3262
2797
2997
3380
2900
2753
2733
2848
2790
3970
3817
3520
3689
3385
3255
3551
3757
3602
3701
3579
3465
3668
3964
3920
3766
3622
3961
3452
3791
3908
3809
3594
3671
3468
3918
3725
3615
3799
3616
3703
3573
3474
3676
3652
3745
3949
3572
3767
3524
3777
3764
3654
3950
3795
3789
3712
3744
3884
3946
3878
3768
3774
3759
3708
3571
3519
3476
3940
3864
3813
3700
3502
3489
3606
3536
3441
3870
3892
3909
3826
3960
3907
3956
3554
3529
3510
3928
3787
3720
3835
3710
3636
3498
3819
3595
3567
3681
3969
3900
3714
3893
3836
3508
3914
3913
3889
3617
3450
3823
3833
3623
3568
3555
3509
3740
3666
3494
3464
3905
3585
3447
3559
3644
3470
3939
3679
3531
3526
3739
3541
3937
3614
3535
3528
3832
3730
3670
3557
3514
3898
3695
3649
3613
3479
3517
3904
3866
3770
3738
3724
3896
3855
3784
3754
3711
3706
3646
3515
3507
3840
3753
3685
3442
3530
3783
3747
3821
3719
3564
3532
3483
3542
3951
3584
3558
3458
3788
3540
3850
3698
3598
3472
3919
3639
3562
3696
3655
3587
3871
3743
3947
3924
3906
3869
3822
3680
3591
3569
3486
3926
3786
3761
3630
3466
3443
3469
3921
3827
3815
3802
3773
3722
3715
3608
3599
3830
3828
3779
3624
3490
3861
3849
3932
3716
3647
3638
393
198
411
269
310
20
167
275
201
28
17
140
3386
3344
3224
2949
2802
1353
3411
3172
3116
3115
3035
2939
2937
2828
2823
2742
2719
3081
2784
1383
2831
2803
3178
3177
3176
2892
2811
2779
3154
2727
3396
3378
3297
3280
3252
3239
3170
3051
2992
2980
2881
2778
3273
3001
3415
3359
3191
3186
2951
2947
2728
2682
1002
987
3346
3369
3298
3144
2688
3002
2865
3313
2954
2875
2836
3379
3365
3330
3279
3196
3171
3111
3086
2793
2685
3347
3343
3150
3118
3010
2781
2882
3068
2730
3223
1254
1896
3221
2735
3434
3432
3431
3430
3423
3422
3419
3418
3414
3413
3412
3410
3407
3404
3402
3398
3397
3393
3392
3391
3388
3384
3383
3381
3377
3376
3373
3371
3370
3368
3366
3363
3362
3358
3356
3353
3350
3348
3341
3339
3337
3336
3334
3333
3332
3331
3325
3324
3320
3318
3317
3315
3309
3308
3300
3299
3296
3288
3287
3286
3282
3281
3277
3267
3266
3264
3261
3260
3259
3258
3256
3253
3250
3247
3246
3245
3243
3242
3238
3237
3235
3234
3233
3232
3230
3228
3226
3225
3220
3219
3217
3216
3212
3210
3204
3201
3199
3194
3193
3187
3185
3184
3182
3175
3169
3167
3163
3160
3159
3153
3152
3149
3146
3145
3143
3140
3139
3138
3133
3132
3127
3125
3122
3121
3119
3113
3110
3106
3105
3103
3096
3095
3090
3089
3083
3082
3080
3077
3076
3070
3069
3067
3066
3061
3060
3058
3055
3052
3050
3048
3042
3041
3040
3036
3034
3030
3027
3024
3021
3018
3017
3013
3009
3008
3006
2996
2995
2994
2993
2990
2989
2985
2984
2983
2981
2976
2972
2965
2963
2961
2958
2953
2952
2946
2945
2942
2940
2933
2923
2921
2918
2915
2913
2912
2910
2908
2907
2905
2904
2901
2898
2897
2894
2893
2888
2885
2884
2880
2878
2877
2876
2874
2873
2872
2871
2867
2859
2858
2856
2855
2853
2850
2849
2847
2846
2845
2843
2842
2837
2833
2832
2830
2827
2825
2820
2818
2817
2814
2812
2809
2806
2805
2801
2800
2799
2796
2795
2789
2787
2780
2776
2774
2772
2771
2767
2766
2765
2763
2762
2761
2760
2758
2754
2750
2746
2737
2736
2732
2723
2721
2720
2718
2717
2716
2714
2711
2709
2708
2703
2701
2700
2697
2696
2694
2692
2691
2683
2680
2679
2677
2675
2672
2665
2663
2662
2661
3360
3342
3329
3275
3274
3215
3214
3157
3124
3107
3101
3075
3072
3049
3043
2863
2674
3374
3062
3038
2957
2707
3319
3302
2999
2903
3278
3168
3079
3020
3019
3011
2734
2678
3760
3667
3625
3552
3731
3702
3578
3888
3550
3525
3858
3683
3480
3626
3522
3944
3741
3721
3692
3521
3968
3533
3440
3438
3971
3756
3693
3687
3674
3797
3684
3621
3586
3495
3222
2744
1295
1249
1474
3549
3547
3496
3596
3475
3948
3860
3824
3785
3737
3545
3488
3979
3978
3977
3976
3975
3972
3967
3966
3965
3963
3959
3958
3957
3954
3945
3943
3938
3936
3934
3933
3931
3930
3929
3927
3925
3917
3915
3912
3903
3902
3901
3899
3897
3895
3894
3891
3887
3883
3882
3881
3880
3879
3876
3874
3873
3868
3867
3863
3862
3857
3852
3848
3847
3845
3843
3842
3841
3839
3838
3834
3831
3829
3825
3818
3814
3812
3811
3810
3808
3807
3806
3805
3804
3803
3800
3798
3796
3794
3793
3790
3782
3780
3778
3772
3771
3769
3765
3763
3762
3758
3755
3752
3751
3750
3749
3746
3736
3735
3734
3733
3729
3728
3726
3718
3717
3713
3709
3707
3705
3704
3697
3690
3688
3686
3677
3675
3673
3672
3669
3665
3663
3662
3660
3659
3658
3657
3656
3648
3645
3643
3641
3640
3635
3634
3633
3632
3631
3629
3628
3627
3620
3619
3618
3612
3611
3609
3607
3604
3603
3601
3597
3593
3590
3589
3583
3582
3581
3580
3576
3574
3563
3553
3546
3544
3543
3539
3538
3534
3527
3523
3518
3516
3513
3512
3511
3506
3505
3504
3503
3500
3499
3497
3493
3492
3491
3485
3484
3482
3481
3478
3473
3471
3463
3462
3461
3460
3459
3455
3449
3448
3446
3445
3444
3439
1248
552
657
467
379
399
564
351
501
364
499
498
1342
300
44
116
273
218
111
91
253
278
205
41
226
162
14
243
214
93
32
296
263
131
147
179
225
328
181
4
177
175
143
245
190
144
124
319
259
89
333
312
115
16
194
180
299
254
249
204
1713
1133
1822
1666
3340
3355
2725
2693
1476
1240
171
3179
1697
1477
1564
1050
1414
1640
1087
929
1103
1670
2979
1157
1350
2822
1664
1266
2813
3295
3162
3100
2962
2869
2775
2724
956
1439
1784
1638
1875
1143
933
1115
1700
1527
1140
1859
1562
1016
979
1550
1892
1186
1137
1208
1884
1315
1031
1252
1111
1177
3361
3328
3263
3248
3164
3136
3057
3005
2968
2941
2883
1720
1438
1850
1433
1368
1424
1314
1178
1907
1899
1316
1099
1889
1733
1568
1493
1097
1192
1102
942
1764
1751
1647
1392
1229
1081
1015
3290
3173
3003
1684
1552
1463
1004
1245
1491
1874
1207
1091
1039
1024
1365
1712
972
1657
928
900
3165
3097
2964
2764
1505
1203
1567
1555
1410
1511
