0
4034
892
12
37
256
244
3808
3006
4015
4028
4012
4032
114
911
209
585
15
11
3935
2569
1145
210
3031
2079
2470
215
3071
2596
3183
1206
287
3407
642
33
90
3885
1224
47
286
468
2788
35
3922
1558
1394
2814
1690
183
3704
1755
160
3879
2595
1208
3689
2168
2998
191
293
1002
832
851
384
202
1762
2817
264
3175
340
2041
790
174
904
3801
81
3268
282
4008
4010
3987
3996
233
4035
3984
594
4025
4022
4005
4006
4036
4029
3981
4002
3993
4011
3992
3999
3990
4016
3983
4001
4024
3980
3982
3998
4014
4021
4023
4030
4031
3997
4004
4009
3994
4038
3995
3986
4019
4020
4026
4000
4017
4018
3988
3989
4013
3985
4027
4003
4037
4033
3991
4007
3451
1119
624
602
3230
2269
668
613
891
1386
3709
335
1581
3570
3798
3729
883
3820
550
3748
2842
447
43
3853
3650
638
1466
692
1096
292
607
2195
1560
358
1834
801
674
3974
608
875
3453
74
18
918
3856
2457
581
42
3846
3746
145
377
401
749
241
775
255
179
443
205
1854
52
1270
2704
750
859
154
2740
234
216
3589
2792
1395
841
379
2382
1326
744
3134
3875
3854
267
3688
1262
3408
2541
3037
305
3807
699
138
860
279
648
1276
3942
3125
153
1430
2691
3959
1967
1176
316
2857
1065
3282
1233
3732
70
2483
1046
182
386
383
1586
301
1627
157
1027
97
1693
356
3560
411
155
3691
253
1071
3717
1253
49
3744
1760
667
247
757
2808
112
899
228
3816
660
76
3928
854
3733
61
71
454
294
743
3467
785
1546
2975
2952
3375
321
3597
571
448
2442
336
3582
656
3413
3575
2527
2798
2722
164
1105
3811
1252
2178
1034
3699
1362
2922
2481
1353
207
3955
2714
1194
2860
499
240
2380
717
855
852
894
192
893
3954
120
865
884
307
788
124
2106
467
3121
2885
453
270
2565
3946
2838
2204
3653
552
166
3673
3686
1996
3781
3565
125
877
262
3588
1383
868
220
3143
3003
2971
530
3882
1022
652
2441
406
190
327
3865
3953
1474
288
945
3952
2963
3910
3765
3939
1937
996
201
3897
1713
572
2855
1510
1200
206
3965
1651
864
673
3537
3494
289
3619
1969
1031
3978
1856
3147
866
1890
3544
3271
704
3887
3742
1711
735
1442
858
802
1797
2437
110
464
193
3444
3310
351
3074
2015
721
3694
1057
245
1147
250
3055
2774
2692
1295
3127
1038
2980
3925
3849
3305
3227
1607
2167
1657
3637
3290
1417
152
1776
1486
895
825
593
3489
1777
846
671
283
1346
1157
562
3844
1579
929
472
3676
2422
610
34
27
3805
3787
3606
2431
1264
879
3890
3839
2230
1354
485
873
691
649
910
887
798
349
235
219
3678
2219
46
3059
3795
1455
3429
2505
881
2634
1476
77
870
2736
371
871
1240
872
3632
796
1133
3477
791
869
95
32
3963
2824
2721
476
874
689
1924
890
885
733
710
700
498
3751
3749
2767
63
6
3270
2776
886
767
3859
2517
390
117
3848
1664
1151
3370
1838
882
867
880
740
365
3441
3432
725
3457
3091
2621
1792
1254
776
761
269
147
2493
1498
812
759
702
229
44
3970
3661
3217
3044
2884
1301
1168
888
808
3936
3745
3665
3161
811
786
3727
3724
3660
878
816
690
102
2671
2100
850
826
821
751
746
723
533
3447
2899
2375
2358
1855
1521
861
813
756
3806
2388
987
889
876
863
856
853
849
848
847
845
844
843
842
840
839
838
837
836
835
834
833
831
830
829
828
827
824
823
822
820
819
818
817
815
814
810
809
807
806
805
804
803
800
799
797
795
794
793
792
789
787
784
783
782
781
780
779
778
777
774
773
772
771
770
769
768
766
765
764
763
762
760
758
755
754
753
752
748
747
745
742
741
739
738
737
736
734
732
731
730
729
728
727
726
724
722
720
719
718
716
715
714
713
712
711
709
708
707
706
705
703
701
698
697
696
695
694
693
688
687
686
1297
3372
2580
2017
655
1759
3977
3893
83
3513
2902
1263
163
151
91
3923
1701
86
8
3961
3904
3165
2528
1654
129
3916
3834
3669
3436
3389
3336
3159
3911
3789
3716
3652
3094
2421
2256
549
126
2094
1974
586
64
3864
3424
2321
2263
1087
1058
338
259
237
3813
3812
3333
621
393
189
3771
3552
3323
2752
2632
1248
935
317
3908
3600
3445
2456
2245
1372
1162
937
679
51
3905
3572
3180
2227
1961
1552
1202
657
260
243
230
131
3914
3700
2930
2732
1956
347
167
3941
3376
3216
3131
2811
985
311
3843
3398
3322
3317
2898
2725
2651
1949
296
208
60
3901
3899
3504
3461
1506
1414
480
162
89
3502
3251
3235
3181
1461
672
441
300
263
3427
3401
3197
2903
2799
2034
2008
1008
534
532
399
319
217
54
3958
3814
3723
3712
3607
3585
3551
3530
3428
3045
1640
923
501
478
385
