0
1386
1560
3729
2596
2842
4022
209
12
585
607
4015
2457
674
335
4008
1581
1096
3230
43
3984
2569
292
18
3650
1466
2470
891
114
3935
918
4035
911
668
624
358
74
3820
3031
1834
287
692
447
1206
550
4024
3798
613
11
3570
2269
1119
4010
3853
3709
2079
3974
210
3183
892
1145
638
608
3071
2195
37
3453
602
215
15
875
3748
883
3451
801
3856
3407
4001
4012
3846
4029
33
401
282
642
581
3987
244
3746
3268
3134
233
138
70
42
1395
256
3942
1558
377
145
3922
775
4036
3807
2704
2382
1224
4032
3282
1270
859
153
35
3983
3885
3875
648
443
160
52
4006
3589
3006
2740
1967
1233
305
3808
3125
2857
1755
1065
255
4028
183
3879
2541
749
234
205
1430
1326
3704
1854
1690
1276
860
286
279
216
154
90
47
3959
3732
3688
1262
1176
750
744
699
379
241
267
4034
2788
1394
3408
841
468
316
3854
2814
3037
2380
301
253
247
182
179
4005
3992
3801
3699
3691
3575
3560
2808
2792
2691
2595
2483
386
383
240
97
3717
3413
2998
1760
1651
1627
1252
1208
1071
1046
854
785
757
571
499
454
321
294
191
164
155
81
71
61
3991
3928
3811
3765
3744
3733
3689
3597
3582
3494
2975
2963
2952
2922
2860
2798
2714
2565
2527
2481
2442
2178
2168
1856
1546
1362
1253
1105
1034
1027
904
743
660
656
448
411
406
356
293
270
207
4038
4037
4033
4031
4030
4027
4026
4025
4023
4021
4020
4019
4018
4017
4016
4014
4013
4011
4009
4007
4004
4003
4002
4000
3999
3998
3997
3996
3995
3994
3993
3990
3989
3988
3986
3985
3982
3981
3980
3979
3978
3977
3976
3975
3973
3972
3971
3970
3969
3968
3967
3966
3965
3964
3963
3962
3961
3960
3958
3957
3956
3955
3954
3953
3952
3951
3950
3949
3948
3947
3946
3945
3944
3943
3941
3940
3939
3938
3937
3936
3934
3933
3932
3931
3930
3929
3927
3926
3925
3924
3923
3921
3920
3919
3918
3917
3916
3915
3914
3913
3912
3911
3910
3909
3908
3907
3906
3905
3904
3903
3902
3901
3900
3899
3898
3897
3896
3895
3894
3893
3892
3891
3890
3889
3888
3887
3886
3884
3883
3882
3881
3880
3878
3877
3876
3874
3873
3872
3871
3870
3869
3868
3867
3866
3865
3864
3863
3862
3861
3860
3859
3858
3857
3855
3852
3851
3850
3849
3848
3847
3845
3844
3843
3842
3841
3840
3839
3838
3837
3836
3835
3834
3833
3832
3831
3830
3829
3828
3827
3826
3825
3824
3823
3822
3821
3819
3818
3817
3816
3815
3814
3813
3812
3810
3809
3806
3805
3804
3803
3802
3800
3799
3797
3796
3795
3794
3793
3792
3791
3790
3789
3788
3787
3786
3785
3784
3783
3782
3781
3780
3779
3778
3777
3776
3775
3774
3773
3772
3771
3770
3769
3768
3767
3766
3764
3763
3762
3761
3760
3759
3758
3757
3756
3755
3754
3753
3752
3751
3750
3749
3747
3745
3743
3742
3741
3740
3739
3738
3737
3736
3735
3734
3731
3730
3728
3727
3726
3725
3724
3723
3722
3721
3720
3719
3718
3716
3715
3714
3713
3712
3711
3710
3708
3707
3706
3705
3703
3702
3701
3700
3698
3697
3696
3695
3694
3693
3692
3690
3687
3686
3685
3684
3683
3682
3681
3680
3679
3678
3677
3676
3675
3674
3673
3672
3671
3670
3669
3668
3667
3666
3665
3664
3663
3662
3661
3660
3659
3658
3657
3656
3655
3654
3653
3652
3651
3649
3648
3647
3646
3645
3644
3643
3642
3641
3640
3639
3638
3637
3636
3635
3634
3633
3632
3631
3630
3629
3628
3627
3626
3625
3624
3623
3622
3621
3620
3619
3618
3617
3616
3615
3614
3613
3612
3611
3610
3609
3608
3607
3606
3605
3604
3603
3602
3601
3600
3599
3598
3596
3595
3594
3593
3592
3591
3590
3588
3587
3586
3585
3584
3583
3581
3580
3579
3578
3577
3576
3574
3573
3572
3571
3569
3568
3567
3566
3565
3564
3563
3562
3561
3559
3558
3557
3556
3555
3554
3553
3552
3551
3550
3549
3548
3547
3546
3545
3544
3543
3542
3541
3540
3539
3538
3537
3536
3535
3534
3533
3532
3531
3530
3529
3528
3527
3526
3525
3524
3523
3522
3521
3520
3519
3518
3517
3516
3515
3514
3513
3512
3511
3510
3509
3508
3507
3506
3505
3504
3503
3502
3501
3500
3499
3498
3497
3496
3495
3493
3492
3491
3490
3489
3488
3487
3486
3485
3484
3483
3482
3481
3480
3479
3478
3477
3476
3475
3474
3473
3472
3471
3470
3469
3468
3467
3466
3465
3464
3463
3462
3461
3460
3459
3458
3457
3456
3455
3454
3452
3450
3449
3448
3447
3446
3445
3444
3443
3442
3441
3440
3439
3438
3437
3436
3435
3434
3433
3432
3431
3430
3429
3428
3427
3426
3425
3424
3423
3422
3421
3420
3419
3418
3417
3416
3415
3414
3412
3411
3410
3409
3406
3405
3404
3403
3402
3401
3400
3399
3398
3397
3396
3395
3394
3393
3392
3391
3390
3389
3388
3387
3386
3385
3384
3383
3382
3381
3380
3379
3378
3377
3376
3375
3374
3373
3372
3371
3370
3369
3368
3367
3366
3365
3364
3363
3362
3361
3360
3359
3358
3357
3356
3355
3354
3353
3352
3351
3350
3349
3348
3347
3346
3345
3344
3343
3342
3341
3340
3339
3338
3337
3336
3335
