0
4035
859
1119
891
854
841
692
3984
911
3885
3729
613
468
3846
638
3589
3451
2230
892
42
3807
279
2195
18
1262
572
2382
145
550
918
2740
3268
33
453
866
887
894
895
855
743
884
786
802
867
783
861
790
886
768
733
771
767
707
808
799
725
890
885
883
881
879
877
874
873
872
871
870
865
864
860
858
798
789
732
893
889
888
882
878
876
863
837
812
723
880
835
739
755
715
845
735
795
751
869
843
811
720
781
826
827
820
793
763
741
730
728
688
687
844
833
831
830
824
818
782
778
772
762
760
724
721
708
697
696
693
853
695
852
851
850
849
848
846
840
839
838
836
832
829
825
822
821
819
817
816
815
813
809
807
806
804
803
801
797
796
794
792
791
788
787
785
780
779
777
776
775
770
769
765
764
761
759
758
757
756
754
753
750
749
748
746
745
744
742
740
738
737
736
734
729
727
726
722
719
718
717
716
714
712
709
705
704
703
702
701
700
699
698
694
691
690
689
856
847
842
834
828
823
814
805
800
784
774
773
766
752
747
731
713
711
710
706
686
810
4006
3991
4018
3983
4016
4020
4027
4029
3992
4028
3993
3995
4026
3998
4009
3997
3989
667
4038
4037
4034
4033
4032
4031
4030
4025
4024
4023
4022
4021
4019
4017
4015
4014
4013
4011
4007
4005
4004
4003
4002
4001
4000
3999
3996
3994
3990
3988
3987
3986
3985
3982
3981
594
3980
4012
4008
2527
3372
2732
3251
3121
4036
4010
401
2483
2431
1974
2541
2621
2167
2094
2316
2251
2120
2614
2405
2402
2424
1933
2618
2227
2168
2113
2488
2558
2158
2082
2234
2044
2265
1977
2437
2421
2565
1996
2650
2255
2486
2320
2576
2360
2197
2089
2634
2487
2181
2146
2258
2606
2179
2534
2035
2540
2523
2287
2207
1915
2504
2376
2216
97
2633
2022
2016
2658
2647
2645
2639
2636
2435
2013
2006
1951
63
2448
2440
2362
2568
2291
2884
3197
2776
3282
3180
2930
2902
3336
3322
2886
3044
2963
3323
3127
3368
3354
2861
2895
3208
3333
2721
2671
3227
3153
3066
3338
2811
3094
3095
2852
3424
2841
3124
2715
2759
3393
2997
2922
3122
3105
2691
3059
3271
2707
3147
3055
2807
3294
3042
2854
3040
3352
3148
2765
2766
2743
3292
3050
2808
3400
3362
3166
2821
3281
3369
3098
3209
3058
2687
3357
3015
2834
2959
3234
2666
3213
3284
2706
2762
3217
2871
3129
3348
3195
2974
2917
2891
2815
2749
3257
3243
3238
3142
3135
3056
2987
2969
2927
2924
2915
2755
3052
2864
2761
3382
3318
3309
2972
2879
2767
3426
3363
3339
3228
3174
3149
3085
3065
3047
3026
2994
2920
2919
2897
2880
2867
2850
2827
2757
2745
2689
2683
2676
2664
3305
3093
2751
2702
3329
3099
3328
3430
3130
2726
2710
2876
3422
3189
2914
3224
3035
2772
2675
2802
2358
2342
2584
2476
2288
2401
2061
1980
2277
2627
2585
1968
1927
1921
3167
3156
2918
2843
3132
3416
3391
3225
3188
3115
2787
3081
2672
3083
2983
2949
2933
2856
2833
3434
3298
3272
3261
3089
3076
2973
2701
3043
3201
2270
2209
2410
2220
2188
2046
2553
2549
2484
2464
2404
2359
2353
2290
2165
2164
2060
1989
2392
2524
2655
2593
2563
2507
2499
2485
2469
2460
2427
2414
2386
2300
2118
2074
2073
1997
1983
1966
1925
2055
2116
2027
2018
1976
1928
2413
2599
2278
1970
1930
2502
2396
2110
2305
2432
2536
2154
2390
2075
2525
2411
2366
2314
2310
2296
2286
2214
2186
2175
2145
2080
2066
2023
1990
1923
2582
2537
2419
2409
2067
1964
2619
2602
2586
2573
2561
2492
2489
2478
2408
2381
2309
2276
2271
2266
2253
2244
2240
2208
2206
2131
2093
2063
2057
2032
2028
2005
1959
1938
3395
3321
3212
3120
3038
3009
2996
2989
2720
2785
3159
3144
2803
2727
3380
3068
2845
2662
3154
2964
2697
3419
3396
3351
3280
3277
3270
3239
3170
3169
3145
3116
2991
2950
2853
2881
3415
3370
3359
3177
3133
3086
3062
2892
2779
2730
2728
2682
3375
3302
2688
3405
3398
3279
3256
2957
2768
3221
3018
2898
2858
2771
3340
3347
3198
3185
3072
2923
1157
672
575
648
588
621
603
636
677
605
573
592
665
662
659
577
675
627
615
600
631
682
654
498
467
406
386
571
478
349
522
466
448
568
620
564
666
562
530
470
50
2946
2847
2747
2659
2657
2656
2654
2652
2651
2648
2646
2644
2641
2640
2638
2637
2632
2631
2630
2628
2626
2625
2624
2623
2622
2620
2615
2613
2612
2611
2610
2607
2604
2603
2601
2600
2596
2595
2591
2590
2588
2587
2581
2580
2579
2578
2577
2575
2574
2572
2570
2566
2564
2562
2560
2559
2557
2556
2554
2552
2551
2550
2548
2546
2545
2539
2538
2535
2532
2531
2530
2528
2526
2522
2521
2520
2519
2518
2517
2515
2514
2513
2506
2505
2503
2500
2497
2496
2495
2494
2493
2490
2482
2481
2480
2479
2477
2474
2473
2470
2468
2467
2466
2462
2457
2456
2455
2454
2453
2452
2450
2449
2446
2444
2443
2442
2441
2439
2438
2434
2433
2430
2429
2428
2426
2425
2423
2422
2420
2418
2416
2415
2412
2407
2406
2403
2400
2397
2395
2393
2391
2388
2387
2383
2380
2379
2375
2374
2373
2371
2370
2369
2367
2365
2363
2361
2357
2356
2354
2352
2350
2349
2348
2346
2345
2341
2340
2339
2337
2335
2334
2331
2330
2329
2326
2324
2323
2322
2321
2318
2317
2313
2312
2311
2308
2307
2306
2304
2303
2301
2299
2297
2295
2281
2280
2275
2274
2272
2269
2263
2262
2261
2260
2259
2257
2256
2252
2249
2248
2245
2243
2242
2238
2237
2236
2235
2233
2232
2231
2229
2228
2226
2222
2221
2219
2218
2217
2213
2212
2211
2210
2205
2204
2202
2201
2200
2193
2192
2190
2184
2182
2178
2177
2173
2172
2170
2166
2162
2161
2160
2159
2156
2152
2150
2147
2142
2141
2140
2139
2137
2136
2134
2130
2129
2126
2124
2123
2122
2121
2119
2115
2114
2112
2109
2108
2107
2106
2105
2104
2103
2100
2099
2098
2097
2096
2095
2092
2091
2090
2088
2086
2085
2084
2083
2078
2077
2076
2072
2070
2069
2064
2059
2058
2056
2052
2051
2050
2049
2048
2045
2043
2041
2040
2037
2036
2034
2033
2030
2029
2026
2025
2021
2020
2019
2017
2015
2014
2012
2011
2008
2002
2000
1999
1994
1993
1992
1991
1988
1987
1986
1985
1984
1982
1981
1979
1978
1975
1971
1969
1967
1965
1963
1962
1961
1960
1958
1957
1956
1953
1952
1950
1949
1946
1944
1943
1942
1939
1937
1936
1935
1934
1931
1929
1924
1922
1919
1918
1917
1914
16
27
95
305
196
76
220
182
216
70
324
364
351
90
296
464
106
10
155
85
146
68
2660
2635
2629
2583
2571
2511
2472
2459
2447
2417
2378
2364
2284
2254
2225
2171
2157
2102
2039
2024
2009
2004
2001
1998
1995
1973
1972
1926
278
284
36
260
17
45
263
99
268
222
273
294
117
56
346
249
241
320
54
1
111
44
258
224
213
172
29
140
336
331
325
246
221
203
113
79
266
101
240
190
308
236
232
186
159
105
88
66
26
293
174
310
214
151
277
261
211
118
109
98
67
59
304
38
31
22
235
204
87
328
306
218
274
122
72
9
149
20
579
365
539
