0
4003
891
911
210
287
3407
255
894
892
854
841
750
336
293
3983
401
47
1430
3570
883
3230
3853
2457
2722
1157
3694
2838
183
1558
90
358
15
33
3451
3143
668
1233
1206
4035
3447
1693
292
3183
4001
383
233
3854
1651
2100
2195
3453
3031
608
379
3798
1969
585
2922
1967
253
164
3597
190
860
3467
3071
2505
2842
2814
3121
279
2565
1027
998
1394
244
3987
3820
1466
2788
282
2808
3003
112
174
881
893
895
879
871
878
886
884
887
874
867
691
788
888
877
876
870
866
861
859
858
729
785
880
889
882
863
804
846
723
864
702
741
756
811
855
852
769
791
732
885
873
872
768
826
765
771
730
844
816
742
736
721
693
782
714
707
727
777
890
869
753
795
840
792
766
724
838
850
832
763
824
823
701
809
779
794
751
726
715
698
697
820
810
774
759
747
734
733
703
695
831
830
803
778
770
760
758
752
739
737
731
856
853
851
849
848
847
845
843
842
839
837
836
835
834
833
829
828
827
825
822
821
819
818
817
815
814
813
812
807
806
805
802
800
799
798
797
796
789
786
784
783
780
776
775
773
772
767
762
761
757
754
748
746
743
740
738
728
725
722
718
717
716
713
712
711
710
709
708
706
704
700
696
694
690
689
688
687
808
793
790
787
781
764
755
745
719
705
686
720
699
875
801
735
4006
594
4037
4007
4034
3985
4027
4011
4004
4014
3989
4020
3997
4016
4023
3998
3995
3986
4038
4033
4032
4031
4030
4029
4028
4026
4025
4022
4021
4019
4018
4017
4015
4013
4012
4010
4009
4005
4002
3994
3993
3991
3990
3988
3984
3982
3981
4000
3980
3992
667
4036
4024
3999
3996
4008
3676
3489
749
744
3716
3699
3537
3653
3675
3932
3682
3572
3665
3899
3582
3652
3607
499
3227
2776
3271
2792
157
71
97
70
3439
3619
3964
3513
3704
3445
3638
3946
3549
3960
3887
3544
3885
3807
3632
3953
3836
3774
3923
3720
3920
3727
3954
3892
3871
3643
3571
3519
3591
3511
3639
3594
3963
3882
3933
3696
3587
3478
3848
3647
3907
3459
3732
3738
3623
3608
3949
3976
3896
3833
3555
3894
3701
3973
3818
3912
3657
3821
3945
3869
3826
3463
3507
3531
3895
3678
3922
3812
3662
3606
3705
3510
3770
3535
3523
3803
3794
3506
3959
3776
3664
3641
3947
3843
3829
3825
3599
3903
3486
3771
3446
3937
3919
3581
3757
3465
3917
3874
3857
3739
3541
3598
3553
3482
3900
3881
3758
3645
3680
3668
3634
3612
3583
3969
3951
3793
3648
3593
3569
3862
3802
3735
3710
3861
3956
3909
3859
3752
3466
3460
3977
3921
3867
3791
3773
3644
3538
3688
3936
3876
3850
3835
3666
3508
3769
3753
3698
3505
3784
3916
356
437
386
564
501
476
441
399
393
364
2767
2884
2961
2714
2723
3305
3424
562
2017
2548
2041
2527
1956
1996
2481
2094
2431
2281
2245
2167
2034
2178
2106
2251
1915
3310
3066
2444
1992
2217
2618
2082
2402
1936
1922
2959
3208
3030
2804
2886
3432
2762
2861
2857
3074
3235
3128
3141
3218
3092
3398
3125
3312
3269
3059
2952
2691
3368
2805
3314
2821
3153
2998
2907
3401
3376
2967
3181
2732
2794
3242
3325
2703
2684
3067
3388
3317
2837
2975
2888
3435
2766
3409
3055
2736
3094
3315
2854
3166
3215
2878
3392
3095
2807
2769
2756
2873
3382
3318
3311
3309
2879
2699
3428
3300
3231
3229
2899
2726
3361
2971
530
247
264
110
237
51
150
294
120
229
124
235
307
83
76
263
230
243
305
100
64
16
260
2983
2949
2935
2933
3254
3566
3934
3686
3681
3452
3603
3914
3658
3635
3617
3561
3474
3469
3765
3450
3512
3627
3799
3970
3913
3880
3795
3744
3700
3691
3613
3562
3560
3941
3940
3928
3845
3462
3975
3972
3967
3965
3958
3957
3952
3939
3931
3927
3925
3924
3918
3915
3911
3910
3906
3905
3904
3901
3898
3893
3891
3890
3883
3879
3878
3875
3870
3868
3866
3865
3864
3863
3855
3849
3844
3840
3837
3834
3832
3827
3823
3822
3819
3816
3815
3814
3813
3810
3809
3808
3806
3801
3792
3789
3787
3786
3785
3783
3782
3781
3778
3777
3775
3768
3767
3766
3764
3763
3761
3759
3754
3751
3749
3748
3747
3745
3743
3742
3740
3733
3729
3728
3726
3725
3724
3722
3719
3718
3715
3714
3713
3711
3708
3706
3695
3690
3685
3679
3673
3671
3669
3663
3660
3655
3650
3649
3646
3636
3631
3630
3629
3628
3624
3622
3620
3616
3615
3614
3610
3602
3601
3600
3595
3592
3590
3588
3585
3584
3580
3579
3568
3567
3564
3558
3554
3546
3543
3542
3539
3536
3534
3532
3529
3524
3516
3515
3509
3503
3502
3500
3499
3498
3497
3494
3493
3490
3487
3485
3483
3481
3479
3476
3473
3472
3470
3468
3464
3458
3455
3444
3443
3442
3441
3772
3659
3670
3661
3492
3847
3839
3556
3552
3723
3530
3504
3496
3790
3712
3642
3611
3528
3471
3804
3640
3908
3817
3736
3521
3526
3457
3707
3697
3637
3576
3860
3858
3730
3605
3518
3563
3520
3454
3897
3737
3800
3930
3559
3762
3693
3557
3438
3805
3755
3703
3626
868
865
505
472
532
453
382
454
198
3270
2708
3349
3308
2729
3357
3316
2796
2831
3199
3102
3288
3326
2715
2812
3369
3402
3032
3383
2889
2832
2667
3260
2836
2748
2700
3303
3294
3234
3023
3431
2841
3238
3137
2981
2731
3228
2759
2929
2743
3073
3399
2867
2852
3084
2891
2890
3436
2877
3414
3286
3054
3040
2956
2810
2698
3090
3026
2945
2925
2920
2850
2806
2741
2706
2754
3384
3250
3142
3096
3065
3000
2986
2974
2915
2910
2880
2862
2835
2773
2750
2738
2689
2680
3390
3364
3348
3195
3184
3174
3149
3098
3056
3022
3010
2969
2960
2913
2911
2906
2897
2872
2866
2827
2683
2664
3275
3093
2904
3329
3013
3299
3256
3247
3212
3209
2846
2712
2932
2816
2801
2954
3160
3069
2685
3192
3334
3068
2711
2682
3332
3258
3157
3249
2819
3194
3188
2973
2853
2833
2687
2701
2847
3298
2871
3259
3248
3076
3011
2894
2733
3345
3330
3313
3106
2989
2984
2845
2768
3418
3434
3252
3214
3182
3060
2672
3152
2868
3341
3204
3027
2992
2914
2875
2730
3159
2775
2892
2697
2696
2734
3371
3176
3007
2728
2713
3374
3307
2848
2709
3327
3079
3038
2840
2702
3393
3171
2790
2760
457
899
470
2349
2513
2207
2170
2119
2321
2341
2301
2181
2162
2120
2035
2016
1950
2454
2613
2049
2621
2388
2375
2263
2089
2051
2335
2644
2628
2587
2456
2440
2360
1933
2517
2371
2342
1974
1960
2540
2411
2256
2080
2277
2265
2467
2205
2186
2624
2520
2504
2485
2307
2443
1924
2614
2455
1977
2383
2311
2288
2043
2019
1942
2404
2261
2213
2190
2059
2130
