0
813
3997
4007
2541
581
785
70
874
2079
4012
892
1461
2732
945
3541
642
613
145
3691
305
499
1838
472
3537
264
37
1967
3282
3807
1386
1701
1145
3565
76
3748
2922
2358
3914
867
244
1834
1022
293
1466
2580
4025
4035
4019
3991
3989
4000
4033
190
937
1034
2704
1276
2569
209
1890
1362
3814
377
3990
183
157
2481
386
3055
3227
4022
1651
1760
4010
1208
2651
3183
3808
218
914
735
1776
2811
208
2380
2792
174
3798
282
1147
1263
3338
3745
3045
4008
287
4036
530
43
667
4015
2219
3606
825
715
808
832
1065
811
894
52
858
1586
2971
3846
464
15
454
3853
3336
2487
852
11
2808
1579
1840
3955
788
1560
3566
865
3467
241
234
468
3143
1383
3071
3935
1206
2774
2975
3230
2888
3588
1224
12
316
3859
3744
74
692
33
189
2814
3897
3704
1654
1346
3006
674
891
624
1105
1354
985
1087
2100
1713
3977
1969
3729
138
2470
255
205
3048
1395
3389
2885
911
904
2167
1194
790
3059
3427
1657
383
3949
1627
1027
885
776
3978
2230
270
3637
259
110
3887
533
929
467
406
437
3560
2930
3181
3372
2902
3251
3180
3987
877
887
872
859
873
2382
2456
4016
4027
4028
4011
3985
4038
4032
4031
4002
3999
3996
3995
3993
3992
4034
4018
4013
3998
3994
4014
4004
4003
3980
4023
3981
4017
4037
4030
4026
4021
4009
3986
3982
4005
4024
4020
4006
3988
3984
4029
4001
3983
594
893
826
710
821
725
704
836
733
854
775
767
714
689
871
869
876
744
771
756
734
731
888
864
882
693
806
802
796
791
795
723
816
707
768
782
778
709
842
764
738
727
690
761
773
812
706
700
807
830
770
728
847
843
752
726
724
817
730
851
844
841
839
838
833
829
822
799
797
793
789
786
784
779
774
763
757
750
749
732
720
712
702
701
691
881
762
711
890
889
861
848
805
803
783
739
719
716
688
853
820
814
787
760
758
755
737
718
878
856
804
850
834
828
823
818
800
794
780
777
772
766
751
748
746
742
736
722
697
696
695
849
840
819
781
845
835
831
827
824
815
809
792
765
759
754
741
705
694
687
686
886
883
880
870
866
863
810
769
753
747
745
729
713
708
703
895
698
798
879
855
721
717
699
837
740
846
743
884
875
801
868
860
857
3916
3626
3775
3806
3544
3531
3805
3507
3632
3641
3862
3890
3894
3888
3732
3857
3946
3754
3848
3502
3771
3812
3580
3958
3678
3551
3603
3600
3511
3583
3940
3941
3503
3817
3763
3858
3485
3665
3489
3645
3620
3474
3791
3960
3783
3871
3567
3663
3840
3921
3802
3778
3590
3740
3572
3494
3782
3803
3976
3459
3927
3895
3794
3447
3905
2898
91
140
144
675
635
582
628
662
583
660
3670
3919
3813
3659
3610
3908
3681
3760
3741
3552
3755
3703
3520
3484
3731
3697
3592
1297
3601
3547
3920
3766
3561
3779
3869
3879
3722
3638
3444
3664
3718
3743
3792
3468
3753
3575
3522
3576
3736
3893
3519
3810
3591
3509
3878
3690
3622
3510
3845
3838
3658
3711
3476
3671
3524
3728
3972
3465
3969
3855
3612
3675
3702
3672
3488
3460
3628
3539
3483
3713
3515
3506
3864
3616
3721
3909
3900
3617
3493
3466
3464
3863
3536
3911
3956
3480
3546
3441
3548
3870
3847
3780
3967
3903
3816
3646
3631
3558
3907
3735
3666
3947
3786
3768
3880
3867
3852
3574
3933
3747
3635
3815
3608
3508
3442
3695
3788
3454
3883
3649
3562
3481
3701
3975
3708
3961
3945
3443
3831
3790
3654
3642
3640
3557
3491
3450
3440
3471
3657
3595
3866
3823
3534
3931
3829
3915
3906
3752
3738
3634
3602
3568
3469
3966
3930
3902
3785
3528
3497
3950
3656
3898
3639
3516
3479
3512
3832
3828
3824
3707
3687
3627
3542
3518
3799
3936
3850
3526
3521
3884
3533
3475
3825
3764
3564
3835
3809
3776
3587
3500
3917
3912
3874
3739
3698
3685
3644
3553
3796
3773
3710
3629
3455
3714
3705
3593
3555
3486
3934
3891
3877
3452
3559
3951
3822
3793
3719
3643
3584
3569
3624
3549
3490
3819
3538
3932
672
621
575
443
3376
3402
3044
3216
2861
3218
3127
3333
3317
2982
3091
2834
2851
3300
2837
2963
3095
3229
3130
2735
3246
2756
3424
2736
2771
32
326
245
41
126
278
102
162
111
147
95
262
17
226
151
273
181
2760
2816
3155
2942
3418
3377
3133
2671
3235
433
664
578
603
598
632
576
665
650
643
627
655
625
681
670
661
658
640
615
623
612
589
573
1002
622
616
3841
3674
3625
3540
3873
3683
3609
3968
3948
3944
3851
3830
3772
3684
3495
3492
3477
3693
3692
3596
3449
3438
3797
3573
3971
3762
3750
3651
3577
3448
862
1486
1157
1295
540
636
584
260
299
100
129
184
300
281
301
38
3849
3742
3733
3621
3604
3496
3504
3487
3979
3973
3965
3964
3957
3954
3942
3938
3937
3929
3926
3925
3924
3918
3913
3910
3904
3901
3896
3892
3889
3882
3881
3876
3872
3868
3865
3860
3854
3843
3842
3837
3836
3833
3826
3821
3820
3818
3804
3800
3795
3784
3781
3777
3774
3770
3769
3767
3761
3759
3758
3757
3746
3737
3734
3730
3727
3726
3725
3724
3717
3716
3715
3712
3709
3706
3700
3699
3689
3688
3686
3680
3679
3673
3669
3668
3667
3662
3661
3660
3655
3648
3647
3636
3633
3630
3623
3619
3618
3615
3614
3613
3611
3607
3605
3599
3598
3597
3594
3586
3582
3581
3579
3578
3571
3563
3556
3554
3545
3543
3535
3532
3530
3529
3527
3525
3523
3517
3514
3513
3505
3501
3499
3498
3482
3478
3473
3472
3470
3463
3462
3461
3458
3446
3445
3439
685
680
678
684
663
631
626
605
644
633
579
371
541
478
532
453
474
459
356
568
501
476
441
364
166
3139
3401
2926
2884
3358
3156
2878
3388
3202
3092
2886
3314
3008
2699
2670
3141
3013
2762
3131
2900
3354
3122
3053
3175
2990
3158
3359
3068
2965
2847
2692
3074
3322
3119
2799
3208
3241
3103
2815
3384
2933
3294
3217
3394
3166
3080
3075
3269
2809
3420
2713
2773
2897
3423
2889
2721
3315
3234
2977
2683
3135
2953
2981
2835
2997
2983
3339
3238
3174
2877
2746
2805
3167
3065
2757
2741
2676
2887
3220
3325
3318
2959
2703
3144
3243
2747
3094
3029
2928
2679
3193
2915
3050
3054
2929
2917
2717
2759
2882
2752
3171
2729
3414
2891
2695
2664
3250
3033
2913
2890
3254
3433
2691
3428
2807
3249
3209
3109
3041
3399
3303
3213
3149
3022
2924
2854
3374
3211
3138
3242
2978
3096
2969
2912
2866
2694
2666
3426
3073
3047
2919
2911
2777
2710
2843
3400
3114
2896
2689
2680
3079
3231
3036
2993
2873
2821
3392
3137
3104
2663
3370
3393
3146
2844
3237
3184
2960
2931
2910
2905
2839
2761
2673
3363
3301
2709
2696
3046
3257
3090
2994
2786
2763
2754
3387
3284
3228
3226
3098
3078
3056
3040
3026
3000
2966
2956
2943
2920
2909
2908
2906
2872
2867
2864
2755
2745
2698
3380
3134
3099
3326
2791
3236
3170
3039
3192
3409
3204
2840
2796
2984
3276
2870
3024
2848
3327
2702
2823
2784
3223
3093
2779
3248
3356
3176
2868
2739
3221
3148
3136
2775
3398
3266
3259
3081
2951
2859
2685
3329
3157
2858
2841
3164
217
311
106
242
80
24
49
216
167
137
97
71
89
333
61
23
116
5
296
131
68
204
227
225
73
177
175
143
343
44
2
319
115
112
312
310
28
328
275
195
152
2733
3391
3313
3107
2768
3206
3335
3299
2856
3332
3120
3102
3049
3416
3247
3298
3140
3113
2939
2662
3421
3321
3203
3027
3240
2973
2711
3345
3275
3224
3110
2723
3406
3277
3272
2914
3215
3058
2936
3198
3076
2790
2716
3222
2831
3365
3312
3214
2996
2801
3422
3320
3262
3060
2793
2701
2672
3190
2819
3256
3187
3032
2758
3404
3264
3381
3330
3306
3297
3261
3112
2992
2921
3342
3291
2894
2797
3089
2904
2883
3083
3072
3020
2675
3106
3267
3188
3150
2991
2765
2979
2677
3328
3057
2825
1138
1403
3373
3292
3219
2718
2707
3159
2958
2829
2728
3366
3302
3177
2737
3405
3379
3273
3077
2995
2830
2738
3415
2934
2845
2787
3419
3397
3386
3280
3270
3239
3201
3116
3082
3021
2950
2849
2828
2753
1043
649
1749
1264
1759
1739
1176
3245
3165
3011
2734
2725
956
1802
1249
1787
1664
407
652
529
455
405
382
551
381
380
350
656
666
654
445
547
396
361
682
659
657
647
619
618
617
611
608
600
599
597
595
592
588
586
577
574
173
609
442
518
354
677
620
639
3962
3943
3886
3756
3677
3550
3456
1705
1762
1492
509
457
3410
1901
939
1387
440
1154
1270
1602
504
569
469
505
422
357
462
1442
899
1314
1814
1372
2388
27
268
206
250
124
317
254
101
54
302
194
187
180
163
94
57
339
340
77
231
290
168
331
88
59
29
314
123
16
96
132
128
75
309
139
156
346
320
159
135
36
324
248
196
141
118
69
3
134
297
84
51
2008
2431
2422
2263
2094
3861
3723
3437
543
610
511
415
560
535
653
385
495
494
375
510
359
669
634
425
614
630
421
360
527
487
426
676
646
557
548
490
590
587
502
417
413
362
645
497
416
392
542
404
388
570
565
555
549
546
539
534
522
521
519
516
514
508
498
491
489
488
486
481
479
477
470
466
460
458
450
432
429
424
418
411
410
403
401
399
393
390
372
365
358
355
351
198
34
3210
3124
2946
3436
3435
3434
3432
3431
3430
3429
3425
3417
3413
3412
3411
3407
3395
3390
3385
3383
3382
3375
3371
3369
3367
3364
3362
3360
3357
3352
3351
3349
3348
3347
3346
3343
3340
3334
3324
3316
3311
3310
3309
3308
3307
3305
3304
3296
3293
3286
3285
3283
3281
3279
3271
3260
3255
3244
3232
3225
3207
3205
3200
3199
3197
3195
3194
3191
3186
3178
3169
3163
3162
3161
3160
3153
3152
3151
3147
3142
3129
3128
3126
3125
3123
3117
3115
3108
3105
3101
3088
3086
3085
3084
3067
3066
3064
3063
3061
3052
3043
3042
3035
3034
3030
3028
3025
3023
3016
3015
3014
3012
3010
3009
3007
3005
3004
3001
2988
2987
2986
2985
2980
2974
2972
2970
2967
2962
2961
2957
2954
2952
2949
2948
2945
2944
2940
2937
2935
2927
2925
2923
2918
2916
2907
2899
2893
2880
2879
2876
2874
2865
2863
2862
2860
2857
2855
2853
2852
2850
2846
2836
2832
2827
2824
2820
2818
2813
2812
2810
2806
2804
2800
2795
2794
2789
2788
2785
2783
2782
2780
2776
2772
2770
2769
2767
2766
2751
2750
2749
2744
2743
2742
2731
2727
2726
2724
2720
2719
2715
2712
2708
2706
2705
2700
2697
2690
2688
2687
2684
2681
2674
2669
2668
2667
2665
1165
1212
2238
2113
2255
1178
3196
3087
2976
3403
3378
3353
3274
3189
3185
3172
3118
3017
2881
2875
2871
2686
3337
3182
3179
3154
3145
3062
3019
3018
3002
2947
2803
2781
2682
3263
3097
2964
1726
2838
269
261
176
146
109
105
50
26
150
345
344
338
332
330
327
323
321
318
315
307
298
295
294
288
286
280
274
266
263
258
257
253
247
243
237
235
230
222
220
219
214
211
210
202
201
193
165
160
158
155
153
149
148
133
125
122
121
114
113
99
92
86
83
81
79
78
65
48
46
42
39
30
22
20
19
14
13
10
6
4
3350
3344
3288
3287
3252
3212
3132
3070
3051
3038
2989
2901
2833
2748
2661
2822
2730
3396
3341
3253
2955
2932
2778
3258
3319
3278
3069
2999
2802
1379
1421
1410
928
1869
1593
1445
1142
1588
1088
1756
1360
1342
1743
1478
1234
1464
1430
1015
1167
1057
1731
1481
1187
3265
2764
990
1758
1781
1385
1189
1696
1676
1494
1144
1633
1568
1378
1118
920
1564
1266
1896
1177
3331
3295
3233
3168
2892
2869
1111
955
909
1425
1094
1578
938
1446
1576
1381
957
901
1884
1120
1694
1667
1228
1131
1090
1728
1785
1418
1894
1828
1221
1873
1764
1635
1432
1414
1292
1158
988
975
1241
1850
1508
1030
1203
987
1349
974
940
1733
1629
1452
963
903
1847
1415
1355
965
1499
1016
1294
1647
1053
1093
1504
1373
898
1490
1859
1115
1082
1036
1725
1308
1188
1010
1170
1251
1174
1061
1246
1244
1134
1514
1878
1763
1695
1041
1013
964
949
1672
1624
1507
1213
1005
1515
1841
1716
1715
1655
1550
1459
1448
1413
1284
1021
1496
1121
1106
1310
1275
1152
1064
943
1328
1009
989
1904
1469
1412
1299
1259
1072
1824
1591
1286
1192
1020
1691
1587
1231
1229
1129
1060
1324
1872
1848
1706
1592
1583
1454
1451
1382
1100
984
969
1400
1429
1070
1505
1837
1784
1747
1363
1634
1502
1475
1438
1426
1257
1227
902
1889
1306
1169
986
1649
1347
1204
1895
1880
1648
1601
1468
1216
1186
1137
