107
784
123
3541
3980
3637
3549
3570
3875
632
64
275
3180
652
3624
3849
4031
1045
3105
3720
150
2884
2167
2774
3813
95
4016
1607
102
746
356
15
3885
191
2634
93
114
1208
155
3134
4017
76
365
467
3465
157
262
3777
2952
1268
219
3074
3383
3423
789
882
202
2535
2380
1043
3989
3401
4020
3727
1564
674
146
8
3308
852
351
379
307
2949
1386
1119
1731
293
585
3006
3632
1558
878
246
2505
668
3746
333
1194
704
3388
2740
1276
97
791
46
1581
2883
448
3652
269
1368
228
222
3848
3819
3744
3671
3498
2651
3954
1701
3952
3816
349
2722
2580
2439
3986
841
2034
1383
587
3878
3988
3856
350
2760
775
3338
1696
1670
2959
865
671
788
2541
210
3537
3037
3413
883
179
3983
4025
206
4034
4032
3059
833
2265
876
90
3985
1762
985
3958
2957
1441
1266
1853
3009
1394
1071
1030
1896
2834
437
1314
3997
3994
935
2357
190
23
17
751
3589
243
2269
3128
808
2263
3723
1354
99
2779
290
1176
71
336
6
3647
270
3127
4001
2245
2487
3429
2769
2691
3749
499
3751
3053
861
1387
1476
2857
869
112
381
3991
4013
3704
2714
3606
3446
3811
1924
3974
3806
649
1013
1111
1474
790
1854
3536
3251
160
3544
3489
3181
2066
306
328
3854
273
3953
3942
1065
268
638
576
628
3748
2251
1719
362
3853
1855
1546
1690
613
133
3155
1466
904
184
3729
3548
89
710
3197
221
247
2497
3173
49
1579
341
802
3167
3908
3565
3477
3979
3898
1646
2677
2670
3959
629
58
3762
3552
3781
260
205
27
3780
2933
3857
54
3660
3686
3623
3457
3520
3475
3440
3788
3512
2697
742
3600
3551
145
3450
3760
826
3920
3799
3190
3688
3473
3459
3610
3769
3935
2442
3977
347
3960
1220
3661
3242
3897
3847
287
3765
607
117
3553
491
3454
3508
141
3957
3982
530
1974
4008
2515
890
3987
4012
276
2650
709
1510
3183
209
793
3673
92
849
3990
4035
1038
459
667
4028
4015
911
4036
47
3370
2048
3999
1346
3916
822
2441
730
1949
2545
442
3614
1967
238
208
2470
314
2051
178
367
255
344
3832
851
31
809
2076
1031
235
801
1264
86
3823
3133
2252
2595
1008
1077
3024
259
464
256
3352
2099
3290
549
1499
1892
300
2990
3496
302
45
1641
282
371
2100
2772
1544
3268
3566
204
288
34
433
1443
43
657
1034
1602
87
2457
390
3641
377
1848
237
3130
714
794
3317
3978
2725
1764
871
177
3808
2671
70
3575
1027
693
3138
860
1697
2891
3217
2008
750
126
2980
3230
1527
81
413
2842
2204
753
131
3940
1869
51
338
79
961
928
540
2208
854
870
174
166
3121
358
533
673
104
30
945
33
2168
3310
2797
2568
2792
3045
3160
2255
3095
1193
648
825
2195
2963
3161
2089
624
3616
3963
2941
352
2422
900
655
2886
3294
1206
1411
725
387
2922
3398
2696
1651
2342
716
2014
2802
3193
3717
1834
2230
385
3262
230
2437
283
2424
887
2744
3879
2824
3175
998
2162
3210
3724
1829
761
2453
1295
1140
2158
1797
2903
57
1708
84
2558
4003
3772
3099
3732
3871
3964
738
712
3886
2838
1679
2699
3594
3581
3919
3695
3523
3516
3649
3639
3883
3481
3479
3562
2718
139
36
127
309
251
3775
3682
3745
1297
804
3716
147
3504
3530
267
443
453
1905
1585
1822
2964
2707
3767
1654
4004
3995
889
729
699
4007
2889
2767
1908
3427
757
3222
2790
384
528
3993
3622
2017
2041
2321
4014
4021
4030
4026
4000
2113
2450
991
3867
3770
3725
3912
3628
3743
3657
3595
3538
1254
1788
35
143
171
3333
1046
1586
340
3787
3126
3063
3028
3336
798
855
717
264
317
1055
3771
3531
3376
4038
1252
1384
979
1138
1057
2972
3055
319
19
1200
312
2
3476
3757
572
532
4019
4033
124
1002
1105
279
111
226
214
140
326
14
28
32
116
115
41
310
144
20
167
337
1956
2481
3801
472
691
296
278
175
61
1053
1218
1664
3700
3864
2817
3147
2301
2094
2281
1961
189
217
100
3789
3923
3218
2799
3122
2776
3354
3141
2861
3200
1889
4027
4002
4023
4011
3742
3904
3895
3539
3490
3905
3580
3447
3949
3939
3894
3662
3546
3679
3863
3814
2930
3372
2732
2902
3131
181
152
4
218
195
78
635
599
643
582
661
600
577
665
627
662
615
670
659
658
578
675
647
681
650
583
640
595
3812
3585
3937
3815
3914
3874
3626
3956
3535
3634
3460
3494
3706
3658
3736
3828
3613
3802
3681
3462
3703
3860
3907
3773
3768
3714
3638
3659
3739
3892
3572
3569
3858
3839
3592
3761
3726
3881
3915
3602
3526
3884
3693
3866
3601
3800
3654
3514
3966
3497
3705
3522
3785
3833
3822
3646
3493
3557
3891
3731
3574
3471
3631
3463
3458
3588
3713
3561
3902
3667
3438
862
3687
3627
3790
3518
3503
3488
3873
3842
3642
3578
3527
3644
3694
3455
3810
3593
3486
3779
3567
3445
3718
3794
3869
3930
3677
3603
3529
3510
3620
3786
3648
3568
3972
3752
3461
3841
3621
3888
3683
3756
3969
3903
3818
3792
3558
3913
3824
3697
3670
3651
3576
3480
3636
3872
3962
3948
3545
3950
3803
3690
3924
3564
3672
3845
3730
3605
3542
3702
3838
3540
3611
3506
3862
3740
3715
3663
3927
3612
3469
3443
3926
3734
3721
3635
3528
3495
3456
3707
3640
3525
3533
3517
3796
3604
3491
3474
3747
3608
3850
3598
3505
3735
3947
3906
3783
3448
3868
3870
3511
3509
3596
3887
3554
3466
3976
3900
3758
3945
3851
3831
3684
3674
3563
3712
3590
3968
3951
3584
3830
3835
3797
3577
3550
3821
3738
3719
3555
3534
3499
3877
3804
3573
3485
3971
3817
3599
3655
3607
3500
3876
3753
3710
3764
3668
3630
3938
3805
3737
3633
3586
3865
3728
3678
3967
3587
3722
3698
3685
3521
3973
3944
3928
3921
3909
3901
3896
3889
3844
3834
3829
3826
3798
3793
3782
3776
3750
3741
3733
3692
3666
3656
3643
3629
3625
3617
3591
3559
3556
3524
3515
3507
3501
3483
3478
3470
3464
3449
3442
3933
3437
3836
3975
3809
3774
3571
3899
3708
3519
3837
3701
3675
3918
3579
4024
3998
4018
4005
3981
4009
4029
4010
4006
3992
594
4037
3615
3759
3795
3676
3936
3492
3911
3691
3669
3680
3825
3618
3943
3609
3543
3778
3645
3532
3852
3941
3583
3946
3439
3472
3893
3441
3754
3468
3855
3711
3970
3965
3859
3820
3784
3699
3547
3482
3931
3917
3766
3882
3791
3696
3763
3840
3929
3484
3597
3934
3452
3755
3827
3880
857
3843
3910
3664
3444
3861
1088
1085
3487
3560
3665
3467
3502
3925
3689
3890
868
3650
3453
3961
3955
3513
3653
3932
3582
3922
3619
1301
3807
1518
162
149
343
305
151
180
321
299
159
172
65
132
281
137
266
38
346
168
29
303
242
176
16
22
7
249
258
156
211
323
50
59
21
329
298
274
77
297
311
257
240
229
198
193
182
161
129
108
91
75
68
80
187
24
197
53
10
301
315
63
232
164
60
322
294
130
120
105
39
48
158
56
231
331
186
119
265
213
345
318
224
148
118
308
304
223
103
98
82
165
121
5
325
280
109
239
212
40
271
69
185
0
194
272
332
324
313
285
277
248
200
199
142
66
13
9
203
342
291
261
252
169
134
122
72
170
236
188
94
85
67
128
113
55
25
3
26
135
254
339
1
96
284
101
330
173
241
44
196
295
88
320
292
253
245
215
192
334
62
227
153
73
220
263
244
138
52
11
183
154
74
163
125
250
37
83
110
3003
316
106
289
207
234
327
335
286
201
18
225
12
2704
42
1224
233
216
733
768
839
821
786
836
741
812
702
740
759
758
806
884
763
737
760
687
831
726
834
814
728
762
736
695
815
754
818
732
711
748
796
779
744
734
715
689
769
817
783
747
703
850
819
724
722
781
893
891
863
811
803
820
847
842
705
830
773
706
719
799
772
713
701
824
795
752
718
686
880
856
843
780
840
764
807
797
792
787
770
766
777
745
708
698
696
848
810
800
774
731
853
845
844
837
829
827
823
805
739
723
697
694
688
828
767
846
690
782
727
888
875
873
864
778
755
765
721
835
832
735
756
720
771
886
895
813
743
838
858
707
867
894
881
879
866
700
872
785
749
816
892
859
877
885
776
692
874
3008
617
2248
2082
1988
2562
2523
2314
2130
3176
2982
3311
3305
621
603
679
592
2426
2360
1990
1930
2412
1992
2114
2397
2160
2626
2389
2013
2156
2402
1934
1033
3103
3428
3309
3283
2690
2709
2888
2851
3319
3159
2637
2373
2036
2406
2448
1944
2291
1982
3322
3072
574
612
589
605
682
625
590
509
2443
2401
2658
1950
2618
2371
1933
2540
2049
2405
1922
2312
2170
2486
2070
2322
2152
2258
2454
2236
2119
2091
2335
2286
2107
2440
2358
2217
2554
2484
2216
1942
2192
2050
2000
2459
2297
1915
1957
1914
2361
2469
1979
2067
2449
2566
2157
1968
2493
2640
2025
912
910
2848
2667
3244
2710
3368
2882
2728
2789
2821
3249
1858
2785
3382
3414
3393
3276
2791
3227
3178
3204
2837
2984
3211
3032
3080
2807
2907
3392
2917
3334
2700
2948
3048
3046
3421
3248
3192
2942
3194
3001
3171
3405
2859
3156
2159
2641
2300
2092
2069
2385
2467
2303
2261
2145
1965
2193
2186
1978
2104
2610
2591
2427
2307
2306
2262
2606
2476
2391
2625
2122
2140
2365
2027
1972
2355
2131
2557
2514
2228
2035
1977
2318
2387
2086
2044
2164
2272
2211
2141
2522
2473
2055
1985
2126
2310
2175
2530
2525
2288
2003
2502
2547
2155
2490
2390
1162
2040
2478
2472
2366
2345
3012
3259
3151
3254
3189
623
678
1464
529
636
611
684
609
630
597
644
579
380
1007
450
372
2022
2006
1919
2619
2408
2115
2221
2622
2284
2202
2639
2225
2171
2139
2061
2001
1980
