0
3986
696
335
3451
918
3746
12
1276
4033
293
43
2565
1466
1002
3037
1627
447
1967
893
717
892
883
864
692
76
1262
52
3811
3808
3732
3856
911
1326
2457
267
1546
1654
3582
3729
240
4010
289
1579
3606
1755
608
3570
607
182
2842
642
3875
3694
3853
215
3846
256
3375
1353
1253
114
3006
131
292
351
358
1651
202
2855
3121
668
945
743
49
585
301
15
875
3424
996
18
448
3071
112
3704
2704
3589
1270
2922
1034
3227
264
47
166
581
253
1762
1455
1890
1027
2792
2691
1208
1105
174
859
776
879
858
885
877
785
775
841
851
816
854
850
870
887
873
867
888
837
812
880
843
710
855
744
715
846
748
884
826
813
808
755
822
767
809
714
733
707
829
734
817
794
723
789
746
736
758
757
740
806
791
725
752
886
882
878
759
777
818
769
721
709
708
693
821
781
773
756
738
706
713
712
702
688
774
766
722
815
779
765
747
701
695
750
727
718
687
832
793
847
845
836
835
831
814
805
787
764
761
754
741
726
724
895
894
891
890
889
881
876
872
869
866
865
863
861
828
823
810
804
800
798
753
719
703
856
853
852
849
848
844
842
839
838
834
833
830
827
825
824
819
811
807
802
799
797
796
795
790
788
786
784
783
778
772
771
768
763
762
760
751
749
745
742
739
737
735
732
731
729
728
716
711
704
700
699
697
694
690
689
840
820
792
780
770
730
720
705
698
686
803
874
871
860
782
801
691
868
4037
3995
4034
4013
4019
4011
3981
4018
3991
4021
3993
4017
4009
4020
4014
4004
4023
3998
4036
4035
4031
4030
4026
4024
4022
4008
4005
4003
4001
4000
3999
3997
3994
3992
3989
3988
3985
3984
3983
3982
4038
4002
3980
4027
4028
3990
3987
3996
4032
4029
4025
4016
4012
4007
4006
4015
594
3700
3911
3941
3806
3447
3910
3953
3977
3899
3632
3967
3607
3715
3964
3815
3963
3939
3894
3912
3814
3624
3970
3978
3462
3681
3774
3772
3765
3554
3849
3934
3818
3874
3537
3917
3675
3784
3457
3919
3864
3717
3502
3467
3669
3619
3465
3614
3535
3751
3809
3766
3608
3578
3627
3644
3472
3960
3933
3776
3560
3955
3946
3781
3507
3494
3762
3530
3958
3882
3686
3905
3682
3531
3897
3780
3452
3541
3789
3816
3763
3895
3932
3799
3498
3845
3485
3770
3612
3631
3794
3569
3907
3740
3679
3898
3476
3557
3975
3701
3973
3834
3623
3739
3723
3637
3534
3499
3767
3511
3936
3802
3722
3663
3598
3482
3925
3504
3487
3552
3622
3610
3459
3926
3865
3850
3840
3753
3685
3559
3442
3786
3601
3836
3757
3708
3705
3640
3488
3481
3738
3464
3909
3714
3706
3920
3791
3664
3655
3641
3587
3508
3478
3790
3542
3528
3450
3775
3629
3505
3492
3908
3969
3584
3506
3458
3966
3842
3665
3652
3924
3821
3793
3724
3883
3695
3562
3868
3595
3710
3599
3825
3726
3668
3561
3466
3900
3777
3764
3718
3645
3972
3931
3761
3752
3630
3515
3474
3443
3921
3876
3867
3835
3773
3728
3880
3547
3580
3549
3546
3490
3819
3725
3949
3538
3536
3513
377
162
3741
3736
3667
3475
3672
3573
3521
3628
3884
3721
3603
3477
3858
3683
3674
3654
3979
3891
3847
3929
3693
3642
3656
3556
3480
3471
3968
3889
3877
3677
3625
3484
3440
3938
3824
3800
3734
3703
3609
3604
3596
3545
3514
3438
3733
3463
3976
3974
3971
3965
3957
3956
3954
3952
3951
3950
3947
3945
3944
3940
3937
3930
3928
3927
3923
3922
3918
3916
3915
3914
3913
3906
3904
3903
3902
3901
3896
3893
3892
3890
3888
3887
3885
3881
3873
3872
3871
3870
3869
3866
3863
3862
3860
3859
3857
3855
3852
3851
3844
3843
3841
3839
3838
3837
3833
3832
3831
3830
3829
3828
3827
3826
3823
3822
3817
3813
3812
3810
3805
3804
3803
3801
3796
3795
3792
3788
3787
3785
3783
3782
3779
3778
3771
3769
3768
3760
3759
3758
3755
3754
3750
3749
3748
3747
3745
3743
3742
3737
3735
3731
3730
3727
3720
3719
3716
3713
3712
3711
3707
3702
3699
3698
3697
3696
3692
3691
3690
3689
3688
3687
3684
3680
3678
3676
3673
3671
3670
3666
3662
3661
3660
3659
3658
3657
3653
3649
3648
3647
3646
3643
3639
3638
3636
3635
3634
3626
3621
3620
3618
3617
3616
3615
3613
3611
3605
3602
3600
3597
3594
3593
3591
3590
3588
3585
3583
3581
3579
3576
3574
3572
3571
3568
3567
3566
3565
3564
3563
3558
3555
3553
3551
3550
3548
3544
3543
3539
3533
3532
3529
3527
3526
3524
3523
3522
3520
3519
3518
3516
3512
3510
3509
3503
3500
3497
3496
3495
3493
3491
3489
3486
3483
3479
3473
3470
3469
3468
3461
3460
3455
3454
3453
3449
3448
3446
3445
3444
3441
3439
621
572
386
379
571
468
443
393
364
501
441
533
383
365
529
433
206
216
167
97
333
78
152
35
191
234
309
283
135
247
207
259
61
2541
2651
2481
2168
2517
2357
250
208
96
189
3322
3948
3797
3586
3517
857
2256
2175
1558
1203
3962
3943
3886
3756
3651
3633
3592
3577
3540
3525
3501
3456
1046
1521
1354
1058
1748
1756
1856
1775
1239
672
1120
3961
3861
3437
449
522
354
543
531
382
534
685
679
576
646
586
617
682
595
584
647
598
665
619
622
592
681
643
640
628
677
664
663
625
623
612
611
590
588
575
574
573
670
662
661
632
627
600
582
578
396
653
478
634
1089
1855
477
421
369
518
424
568
564
562
552
551
549
532
530
505
504
502
499
485
480
476
472
470
467
466
464
454
453
442
440
437
429
427
401
399
390
375
372
359
349
198
34
1030
1506
540
609
556
528
510
547
491
490
474
360
610
512
451
444
407
405
537
488
469
418
350
570
535
523
452
445
413
541
392
558
508
493
425
422
387
539
511
432
415
409
404
676
514
495
426
370
683
587
546
520
507
498
450
408
395
374
362
536
503
462
456
416
398
371
352
669
565
561
525
463
455
385
260
243
93
32
153
121
218
63
94
139
117
190
2
262
154
75
194
222
59
55
273
195
4
38
46
143
290
268
124
85
22
317
137
44
20
344
295
225
102
68
245
73
314
238
92
57
230
345
342
199
69
45
10
134
150
318
23
334
330
130
126
54
53
30
307
274
239
169
133
284
281
42
84
149
14
298
276
212
172
161
158
141
118
302
299
235
197
127
123
108
343
214
89
41
312
140
116
331
29
272
252
224
203
185
142
128
122
56
201
193
291
103
65
147
180
156
228
2493
2041
2515
1924
2070
2431
2173
2595
2426
2401
2637
2048
2599
2380
2490
2019
2204
2034
2205
2312
1999
2219
2580
2503
1978
2456
2439
2422
2227
2217
2162
2113
2100
1977
2544
2486
2453
1913
2535
2094
1956
2265
1982
2236
2023
2342
2514
2036
1974
2610
2155
2192
2025
2452
2252
2259
2251
2238
2091
2406
2540
2181
2105
2051
2519
2523
1960
2260
2156
2119
2008
2562
2488
2411
2403
2146
2089
2085
2421
2568
2432
2243
2454
2288
1952
2614
2349
2524
2572
2584
2476
2603
2415
2315
2099
2150
2522
2057
2311
2649
2612
2379
2366
2277
2186
2427
2044
2197
2082
2520
2594
2658
2660
2006
1958
2429
2393
2383
2234
2232
2123
2077
2225
1976
1921
2561
2346
2016
1968
1919
2650
2466
2170
1988
2018
2011
1980
1914
2644
2405
2152
2407
2208
2200
2147
2058
2021
1986
1938
2501
2546
2418
2409
2309
2258
2253
2210
1989
2659
2647
2645
2636
2633
2494
2447
2337
2297
2061
2000
1931
2318
2601
2578
2575
2536
2446
1993
1971
2656
2474
2361
2166
2049
1975
2487
2281
2652
2510
2191
2132
2075
2032
1987
2648
2435
2171
2159
2097
1950
1935
1927
2417
2280
2211
1964
2606
2576
2489
2430
2410
2408
2395
2350
2334
2307
2212
2188
2122
2098
2095
2074
2060
1983
1953
1917
2449
2353
2303
2218
2164
2078
1936
2129
2224
2002
1916
2286
2646
2625
2607
2591
2560
2556
2484
2433
2428
2414
2374
2369
2359
2329
2324
2112
2083
2020
1963
1951
2557
2525
2425
2362
2328
2325
2272
2270
2176
2141
2031
2029
2567
2434
2385
2144
2134
2047
1939
2654
2604
2590
2554
2549
2539
2532
2506
2504
2500
2485
2469
2460
2392
2381
2376
2339
2331
2326
2323
2308
2290
2287
2278
2276
2275
2266
2257
2244
2220
2213
2190
2172
2139
2093
2064
1962
1946
1925
2587
2341
2589
2571
2502
2458
2445
2436
2284
2157
2116
2039
2009
2004
1998
1973
1926
322
308
246
213
87
332
325
324
323
269
217
163
125
109
100
98
25
13
1
2776
2805
2884
2736
3091
2710
3190
2804
3161
2971
2886
2677
3310
2802
2688
2533
2468
2465
2461
2451
2420
2389
2377
2355
2298
2295
2294
2194
2180
2163
2153
2137
2127
2102
2071
1994
3205
3361
1301
1387
1031
862
985
935
1170
1883
1264
1090
1830
1127
937
2617
2529
2511
2399
2343
2282
2254
2223
2198
2196
2174
2143
2133
2117
2003
1954
1947
1940
1805
1333
1053
1084
1585
1050
1499
979
1779
1874
1568
1186
950
1910
1500
1442
2642
2592
2547
2542
2530
2516
2496
2398
2372
2338
2336
2327
2319
2292
2289
2247
2239
2203
2199
2149
2148
2135
2128
2087
2065
2028
1948
1941
1817
1784
1234
1147
1244
1342
940
989
1197
1062
1496
1860
1697
1307
973
1606
1759
1803
1085
1304
1236
1131
972
1252
1785
1635
1686
958
901
1138
1103
1722
1092
1863
1226
1200
959
922
1586
1639
1896
956
1705
1772
1698
1529
1599
1481
1310
1306
1221
1872
1503
1594
1631
907
1911
1909
1476
1591
1082
1511
908
1410
1251
1160
1650
1740
1106
1072
1378
1363
1074
955
1102
1020
983
1595
1548
1493
1468
1137
1397
905
1719
1463
1402
1339
1143
1075
1271
1841
1292
1115
902
1372
1212
1094
1736
1069
1328
1728
1277
1152
1524
952
1540
1278
1895
1634
949
914
906
934
1407
1043
909
1280
1518
1715
1691
1592
1129
1853
1445
1587
1229
1015
1793
1547
1501
1457
1380
1219
1198
982
1889
1403
1706
1583
1508
1451
1286
1257
1100
900
1109
1035
1815
1541
1482
1041
944
1781
1709
1667
1412
1228
1141
1070
1672
964
1293
974
924
1029
1366
1009
1643
1513
1470
1205
1175
1424
963
1701
1873
1720
1596
1347
1227
1019
1225
977
1626
1537
1439
1209
916
1687
1567
1433
1360
1033
898
1897
1696
1343
1796
1367
1026
1888
1821
1556
1351
1132
1117
1188
1789
1652
1571
1542
1291
1285
1101
1091
1859
1628
1578
1576
1550
1462
1438
1381
1379
1345
1322
1298
1204
1190
981
975
1868
1707
1662
1456
1447
1230
1040
1806
1641
1832
1746
1551
1467
1341
1305
897
1752
1721
1717
1668
1598
1590
1580
1488
1431
1375
1330
1289
1267
1255
1242
1207
1163
1149
1125
1123
1112
1083
1078
1028
1024
1006
1004
1168
1857
1764
1704
1406
1081
971
1829
1566
1497
1356
1295
931
1733
1319
1216
1517
1483
1440
1399
1329
1302
1238
1156
1056
1660
1549
1838
1831
1827
1791
1520
1460
1195
1182
1153
1835
1605
997
1877
1795
1771
1769
1757
1714
1710
1683
1663
1659
1644
1632
1620
1618
1614
1597
1572
1559
1530
1523
1491
1420
1365
1290
1265
1243
1184
1180
1126
1076
999
1891
1864
1842
1768
1761
1750
1612
1608
1522
1516
1393
1272
1164
1124
995
980
1792
1782
1376
1245
1906
1820
1787
1742
1531
1525
1504
1418
1316
1314
1167
1066
1057
1051
1042
1018
942
903
1636
948
1885
1881
1813
1738
1688
1575
1093
1776
1536
910
173
1273
1235
1231
1114
606
1744
1671
1647
1616
1543
1526
1479
1473
1332
1324
1104
538
353
1400
630
1899
1875
1871
1824
1812
1794
1790
1783
1778
1766
1763
1729
1694
1682
1679
1625
1515
1512
1495
1396
1392
1318
1309
1303
1294
1282
1281
1261
1080
954
933
896
596
591
567
560
526
494
482
479
473
397
376
367
651
557
555
545
527
524
521
519
517
489
487
481
458
446
439
434
417
410
403
388
361
355
1311
569
563
484
471
684
680
678
675
673
671
667
666
660
659
658
657
656
654
652
650
648
645
644
639
638
636
635
633
631
626
624
620
618
616
615
614
605
604
603
602
601
599
597
589
583
580
579
577
542
506
500
496
465
461
438
436
431
428
423
412
394
391
1681
1630
1469
1415
1275
1259
1189
1037
554
516
509
486
459
457
435
419
381
380
357
348
1878
1844
1767
1673
1658
1514
1427
1349
1300
1237
1179
1113
1012
1001
936
566
559
553
548
544
515
513
497
492
460
430
402
400
378
373
368
363
347
346
341
340
339
338
337
329
328
326
321
320
319
316
315
313
311
310
306
304
303
300
297
296
294
285
280
279
278
277
275
271
270
266
265
263
261
258
257
254
251
249
248
242
241
237
236
232
231
229
227
226
223
221
220
219
211
209
205
204
200
196
192
188
187
186
184
183
181
178
177
176
175
170
168
165
159
151
148
146
145
144
138
132
129
115
113
111
110
106
105
104
101
99
91
90
88
86
83
82
81
80
79
77
74
72
71
67
66
64
62
60
51
50
48
40
39
36
33
31
28
26
24
21
19
17
16
9
8
7
6
5
3
2657
2655
2653
2643
2641
2640
2639
2638
2635
2634
2632
2631
2630
2629
2628
2627
2626
2624
2623
2622
2621
2620
2619
2618
2616
2615
2613
2611
2609
2608
2605
2602
2600
2598
2597
2596
2593
2588
2586
2585
2583
2582
2581
2579
2577
2574
2573
2570
2569
2566
2564
2563
2559
2558
2555
2553
2552
2551
2550
2548
2545
2543
2538
2537
2534
2531
2527
2526
2521
2518
2513
2512
2509
2508
2507
2505
2499
2498
2497
2495
2492
2491
2483
2482
2480
2479
2478
2477
2475
2473
2472
2471
2467
2464
2463
2462
2459
2455
2450
2448
2444
2443
2441
2440
2438
2437
2424
2423
2419
2416
2413
2412
2404
2402
2400
2397
2396
2394
2391
2390
2388
2387
2386
2384
2382
2378
2375
2373
2371
2370
2368
2367
2365
2364
2363
2360
2358
2356
2354
2352
2351
2348
2347
2345
2344
2340
2335
2333
2332
2330
2322
2321
2320
2317
2316
2314
2313
2310
2306
2305
2304
2302
2301
2300
2299
2296
2293
2291
2285
2283
2279
2274
2273
2271
2268
2267
2264
2263
2262
2261
2255
2250
2249
2248
2246
2245
2242
2241
2240
2237
2235
2233
2231
2230
2229
2228
2226
2222
2221
2216
2215
2214
2209
2207
2206
2202
2201
2195
2193
2189
2187
2185
2184
2183
2182
2179
2178
2177
2169
2167
2165
2161
2160
2158
2154
2151
2145
2142
2140
2138
2136
2131
2130
2126
2125
2124
2121
2120
2118
2115
2114
2111
2110
2109
2108
2107
2106
2104
2103
2101
2096
2092
2090
2088
2086
2084
2081
2080
2076
2073
2072
2069
2068
2067
2066
2063
2062
2059
2056
2055
2054
2053
2052
2050
2046
2045
2043
2042
2040
2038
2037
2035
2033
2030
2027
