0
4027
721
859
335
3999
1581
3682
2814
4005
3650
3268
215
749
871
855
852
704
2634
364
3935
883
37
2808
443
3928
1834
3729
3808
207
3125
3127
244
937
1586
4008
286
607
76
307
1253
3911
2930
3744
349
1353
3806
3974
3467
316
3820
2691
3942
2541
377
468
2569
114
642
3901
3910
1854
3597
287
1093
2740
43
638
3879
2106
15
1038
174
2269
1206
892
4010
1262
1233
498
3570
2230
4034
1071
240
4022
279
358
3037
2792
2902
3372
3181
3131
2732
81
1046
3147
3074
2817
3055
2774
866
858
879
870
881
895
725
785
689
732
714
702
813
743
771
788
712
822
854
846
816
812
806
802
801
789
768
767
757
744
742
733
717
707
699
691
750
716
783
740
756
700
836
821
793
808
763
758
809
748
893
753
735
715
837
797
741
706
849
844
843
709
839
791
726
779
701
799
794
790
787
737
723
815
826
795
786
850
833
831
782
778
766
751
746
736
693
690
829
738
722
764
759
730
872
877
825
729
867
838
792
739
847
752
711
695
888
861
832
820
734
718
710
686
853
851
781
840
807
728
845
770
761
688
811
798
708
827
823
817
814
805
784
773
762
755
747
727
720
705
703
696
890
856
848
842
835
834
830
828
824
818
780
777
765
760
754
745
731
724
713
694
687
894
891
889
887
886
885
884
882
880
878
876
875
874
873
869
863
860
819
810
804
803
800
774
772
769
719
697
698
841
868
864
796
776
775
692
865
3996
667
3983
4020
4003
4014
4013
4002
3982
4009
3987
594
4016
3990
3981
3997
4031
3989
4021
4017
4000
3993
4038
4037
4036
4035
4033
4032
4030
4028
4026
4025
4023
4019
4018
4015
4012
4011
4007
4006
4004
3998
3995
3994
3992
3991
3988
3986
3985
3984
3980
4001
4029
4024
195
3865
3507
3727
3783
3958
3441
3572
3630
3977
2204
2441
2437
46
306
78
110
264
193
4
217
289
138
168
295
202
318
125
153
45
314
3732
3632
3637
3620
3939
3894
3679
3967
3641
3661
3694
3781
3920
3923
3807
3751
3953
3544
3778
3445
3663
3636
3607
3791
3539
3840
3644
3812
3447
3882
3676
3537
3819
3720
3646
3554
3848
3844
3716
3776
3740
3745
3818
3936
3472
3868
3711
3927
3893
3792
3458
3899
3837
3917
3857
3678
3905
3536
3459
3648
3714
3706
3863
3771
3793
3964
3933
3766
3587
3675
3579
3871
3538
3759
3931
3826
3558
3814
3662
3585
3580
3546
3582
3932
3763
3975
3708
3647
3638
3955
3900
3843
3718
3569
3499
3493
3486
3613
3594
3619
3768
3947
3794
3742
3444
3782
3895
3825
3821
3622
3754
3972
3945
3881
3726
3956
3829
3764
3738
3602
3510
3474
3866
3810
3786
3758
3623
3529
3506
3460
3626
3973
3896
3466
3588
3660
3629
3599
3707
3271
3143
2834
3333
3368
2565
2421
2422
347
301
2178
2528
1937
1961
2094
2360
2015
2260
2632
2034
2301
1990
2805
269
64
351
226
17
84
54
220
162
44
32
135
36
71
77
129
117
143
257
63
30
296
160
182
222
328
273
181
259
91
8
130
208
302
196
112
298
223
13
250
75
342
118
127
317
258
275
189
163
100
62
281
96
98
73
344
325
284
276
247
262
149
2
214
20
227
68
337
167
137
41
94
19
186
178
53
22
123
59
330
101
230
121
184
108
48
261
185
104
237
83
31
113
109
304
274
265
239
224
212
132
141
211
151
14
249
194
190
175
155
124
116
332
334
329
297
203
199
176
148
105
67
66
26
21
246
65
219
147
169
283
280
200
72
25
346
322
236
3553
3590
3847
3610
3520
3747
3921
3827
3815
3773
3728
3710
3705
3608
3508
3482
3442
3526
3628
3941
3659
3505
3978
3976
3969
3963
3960
3957
3954
3952
3951
3949
3946
3937
3925
3924
3915
3912
3909
3907
3906
3904
3903
3897
3892
3890
3887
3885
3878
3876
3874
3870
3867
3862
3859
3856
3855
3854
3850
3846
3836
3835
3834
3833
3823
3822
3816
3811
3809
3803
3802
3801
3789
3785
3777
3775
3774
3770
3769
3767
3761
3757
3753
3752
3749
3746
3743
3739
3735
3725
3724
3719
3715
3713
3704
3701
3698
3696
3690
3689
3688
3685
3673
3671
3669
3668
3666
3665
3664
3657
3655
3653
3652
3649
3643
3634
3631
3624
3616
3615
3614
3612
3606
3601
3598
3595
3593
3591
3584
3583
3581
3571
3567
3566
3564
3561
3549
3541
3535
3534
3532
3531
3524
3519
3516
3515
3513
3511
3509
3500
3498
3494
3490
3489
3483
3478
3476
3473
3470
3468
3465
3463
3453
3446
3443
3439
3603
3485
3799
3919
3918
3898
3883
3864
3832
3813
3795
3717
3700
3695
3691
3680
3639
3578
3562
3560
3523
3502
3481
3479
3760
3686
3574
3450
3891
3559
3543
3503
3970
3934
3880
3548
3913
3762
3730
3627
3542
3888
3914
3869
3861
3658
3645
3635
3617
3557
3555
3488
3469
3464
3839
3765
3940
3568
857
3889
3779
3540
3784
3517
3491
3966
3860
3858
3737
3640
3528
3527
3518
3455
3790
3611
3556
3929
3908
3780
3667
3916
3457
3845
3838
3831
3731
3722
3681
3654
3642
3497
3452
3551
3530
3487
530
621
2898
2821
3425
3126
2879
2767
2670
3283
2855
3407
3427
3401
3376
2926
3392
3216
2731
3105
2776
3428
2861
2671
2769
3130
3128
2886
3300
3045
3303
3388
3235
2983
3318
2699
3153
2933
2746
3382
3311
2980
2747
2807
2794
3269
3030
3053
3109
3028
3315
3237
3042
3293
3163
2741
3243
3029
2888
3400
3025
2766
2890
2663
3367
2868
3095
2978
2851
3294
2695
3423
3325
3008
2972
2959
3171
2874
2761
2908
3146
3357
2907
3231
3166
3137
3123
3114
3080
2981
2963
2887
2683
3286
2967
2952
2773
3426
3362
3119
3014
2993
3390
3324
3047
2915
2873
2786
2745
2987
2827
3234
3149
3026
2924
2854
2800
2681
3417
3220
2944
2679
3301
3226
3202
3108
3023
3022
2988
2920
2913
2880
2877
2680
3284
3250
3142
3098
3033
3010
2994
2985
2969
2943
2909
2872
2717
2666
2735
3173
3267
3236
3050
2714
2804
3088
3244
2824
2708
2050
2011
2448
2424
2342
2251
2618
2548
2375
2113
2152
2049
1978
2373
2146
2628
2388
2314
2474
2182
2812
2796
2840
2841
2935
3068
3075
3352
3345
3288
3144
3203
2836
3421
3209
3046
3013
2954
3281
3093
2881
3383
3249
3208
3016
3252
2712
3174
3124
3078
2956
2927
2867
2839
2835
2759
2698
3012
2997
3419
3411
3239
3120
2770
2668
3107
3051
3009
2832
3307
3319
3224
3021
2936
2828
3312
2904
3032
2801
3260
3212
3106
3266
3110
2893
3041
3431
3170
2709
2667
3409
2780
2665
2790
3406
3313
3217
2686
2650
2255
2349
2320
1992
2486
2321
2017
2025
2346
2012
1980
2626
1950
2006
2000
2027
2636
2494
1998
1957
2659
2455
2405
2173
2105
2091
1975
1949
1933
2562
2411
2166
2523
2378
2284
2658
2297
2202
1999
1935
2207
2558
2656
2538
2225
2024
339
324
315
213
56
2316
2648
2627
2159
2061
1919
2288
2055
2454
2213
2084
1953
2258
2556
2554
2383
2045
2613
2520
2404
2307
1963
2624
2546
2044
1929
2536
2532
2409
2376
2309
2299
2164
2655
2575
2574
2561
2469
2339
2323
2308
2237
2216
