107
1912
1684
3437
0
348
2863
2944
686
376
1857
1338
1680
3938
2719
513
3604
2890
606
271
1085
1703
1783
3321
2365
419
694
1798
188
3136
3569
3877
3339
3182
3019
3615
828
82
903
637
2951
3558
2089
962
3672
1873
3734
2024
285
792
3466
659
3827
597
1489
3060
3352
444
1258
2658
1930
3397
1413
3498
3642
473
2706
3927
2881
518
557
277
520
1725
2814
330
332
3192
943
2411
2403
1697
3847
834
2397
876
654
3383
2647
804
1624
1360
2784
3858
938
3307
1190
3756
3014
143
930
909
3980
3661
1464
3822
844
972
457
1308
1418
1846
994
3100
148
354
3144
3363
3809
3680
2699
1545
495
572
786
3540
2860
3867
3678
711
3679
3547
2016
3151
2785
771
3366
3461
3906
631
707
1355
655
1595
255
3261
1368
14
2517
668
3403
21
282
3254
3367
3624
3671
1949
3916
482
665
1743
3263
3728
431
1880
3951
3022
2812
3741
2678
2769
897
961
3
1529
657
70
3799
195
1170
979
2759
2426
2401
3832
2185
2667
2205
1244
1109
674
3420
1438
1033
3640
2012
2640
501
3749
3493
2889
592
2082
1777
895
3639
289
3258
2933
3013
3231
2242
3623
3805
58
809
3634
3373
2950
1452
3244
456
2982
3708
4030
509
2834
2934
8
3610
1834
227
651
3234
2644
3423
3605
2349
433
1667
85
280
1301
2636
1189
3538
141
2988
3020
1118
3632
3663
3398
2760
93
230
108
1200
3515
1406
898
1848
22
822
767
3917
3503
2291
3302
3401
3338
758
719
3743
1908
1383
797
3620
2442
3655
103
2673
191
2964
3667
1583
1897
2361
239
2947
3891
2272
3625
785
846
1676
3233
634
772
891
1599
2770
1387
2422
1878
4006
2659
3607
263
2156
3131
299
480
4001
3081
3609
3697
1154
476
1815
1381
988
3310
3464
286
1592
904
3588
1476
2357
3378
75
3850
6
3755
3159
2534
1328
970
3700
3107
3984
162
583
3859
3757
3439
246
3964
3740
1999
3967
2019
883
3752
3582
2639
2452
194
715
3454
364
889
3343
2146
468
2496
3389
3299
705
754
511
1588
59
1841
730
1928
3053
724
2766
2715
43
3369
2783
3576
857
806
954
2412
1758
2813
349
3445
179
329
48
1840
1992
1325
3723
2981
1318
1011
3759
3675
2541
1450
2001
2702
2373
2991
3390
3818
2637
2314
2672
2878
3883
3649
2168
682
568
1348
547
602
3719
1887
2316
1320
3704
1866
184
3103
1228
3095
1252
218
3428
3943
3134
1303
1404
2217
284
4004
3399
5
90
206
168
174
4015
334
1802
586
2204
2014
542
204
34
1850
77
2956
2238
217
3446
124
3436
1131
2772
283
226
343
3313
3003
37
1710
690
3112
1090
383
1384
3803
3451
499
3861
3069
1155
2635
1817
2922
1385
3216
1562
2018
702
3751
120
3699
839
2613
1417
1088
3872
777
1053
2075
865
819
1567
2301
3913
956
11
183
3637
3050
3046
291
2972
3587
2885
1775
2794
3685
1034
3025
35
950
1498
2980
3903
3798
76
1641
3162
3016
3242
3814
683
3408
1364
169
36
306
388
3303
3241
3359
3879
1067
3534
155
1541
2733
2106
2211
3394
3816
2797
1411
653
1794
1829
1453
1210
3753
3746
1454
3427
3421
3259
2859
821
512
826
2614
727
716
1552
843
3194
2388
887
2544
2170
878
3909
3775
3776
2379
581
2346
4013
3631
681
2696
578
3910
3525
3517
3542
3960
3905
81
833
2779
2175
2126
1664
3880
1762
884
3438
1881
3316
3727
3703
955
1405
2942
3894
3971
2525
2416
62
132
2481
2476
2402
2091
3306
138
1964
2035
968
201
663
3513
3955
619
2744
2051
755
763
3976
734
580
1759
2255
2882
2453
3124
3785
3892
3644
1814
1429
1967
3953
28
2227
3766
3669
1987
257
427
3531
3843
2968
3435
2790
448
2114
490
2811
2901
2415
2622
3467
3790
2424
613
3228
2945
3504
3722
1692
1763
2634
102
3370
2312
1690
847
2735
3385
3409
3127
3977
3997
642
362
3382
1071
1478
2105
1441
3742
437
3045
2256
386
1378
3289
864
1266
3170
1098
2682
1223
757
1150
3946
855
2318
905
209
262
2178
219
3111
633
3996
379
818
2963
1224
3071
3990
877
4010
1103
3807
3986
852
562
2952
1566
2817
3904
1394
50
2368
2425
153
240
508
1426
97
3220
948
3415
684
3944
2804
1618
2281
3941
1115
584
3689
825
3278
69
658
2528
425
1087
2596
3666
1654
1572
629
910
2898
1942
3919
2457
442
2705
574
646
3364
1937
3506
675
3714
178
1278
1836
1803
3150
2355
2413
1673
3508
3452
3485
2076
2712
3635
2897
378
810
2685
604
134
3085
3926
3963
3001
3478
1463
2841
2820
3648
2620
1832
2514
965
1496
3041
381
811
3199
3840
3778
1446
1436
3794
2722
2684
2006
2786
3272
1037
1432
3341
1129
2953
238
2900
3878
1713
3208
1262
2692
2493
1307
3999
1481
1151
2022
2587
3141
1901
1574
1458
1626
1419
1677
2830
920
387
836
2736
228
1748
1306
502
119
100
3745
65
86
294
173
553
2660
3965
3987
3993
2337
1434
3137
9
546
3952
3683
371
2985
83
3720
2558
4020
251
2110
1108
1018
2818
3186
3091
3153
1254
1099
1236
1000
504
1159
3410
1274
3647
2799
3887
489
114
1259
982
3481
3565
1990
42
51
3570
3881
3102
2193
2858
1935
2157
1517
782
729
918
2688
3686
3063
2700
2852
315
172
3165
3268
3376
3264
3217
2449
3346
1424
761
2182
853
1161
4032
1558
316
2437
4035
4
66
3769
3148
695
2771
3962
2693
3211
3552
643
740
3580
3633
522
3619
2723
788
1627
351
2137
196
1057
2798
3738
2824
3978
2568
1754
3865
3455
2383
1506
3638
1805
743
2930
312
3664
1140
3572
56
3532
1642
3724
2767
3554
1346
2949
3548
689
3088
1139
399
3884
850
3495
3507
4029
94
2092
1138
1561
208
2341
2197
3322
192
211
459
2505
3535
1950
3496
3183
2382
3717
1112
2721
620
912
3492
3650
3936
1379
2523
928
3520
3573
3288
1518
3494
2975
4026
268
914
2236
1606
1286
3279
3340
181
3374
2203
2979
453
3592
838
3652
867
710
760
536
3653
879
700
3864
3562
610
1240
4018
3462
1270
3979
3857
660
3643
2776
3516
1106
416
2147
4037
340
3691
265
749
3603
411
3031
328
337
137
2473
1648
2358
1143
27
974
335
3985
3765
292
2815
3518
1031
1201
15
890
2626
4005
3282
3739
812
2850
1442
2650
1656
105
2807
2670
2120
3922
1521
699
1856
1202
193
3275
467
116
717
281
4022
421
858
505
151
1678
1546
1838
3465
3659
3771
3066
1206
875
2707
991
462
3748
1544
1461
2846
3067
1168
911
1631
3763
3357
3422
248
49
3044
443
3006
2393
210
2838
33
2431
851
1145
3787
1084
3681
558
2959
3497
1493
3458
881
2580
1365
1644
2061
2288
3750
88
3251
3460
266
3009
3760
840
1601
1607
2935
3205
3239
647
3758
543
1906
2671
309
3175
2621
156
224
3010
3193
2888
3430
2627
609
1602
67
95
1246
3126
3353
1008
1911
2248
451
1372
3656
2455
2297
159
165
1235
2864
551
1726
1233
892
2230
2694
229
1179
964
3786
3855
3895
1855
2866
2698
2017
1539
622
621
2874
2231
2432
1245
3248
52
3590
89
1961
598
2829
2907
1392
2141
2480
3849
725
618
517
590
2310
1062
426
2277
1847
1905
3541
