107
1684
3437
2550
686
0
752
203
3593
592
3573
3862
681
1895
3896
213
2076
3508
3764
1676
3449
718
3980
3836
3747
24
662
609
3131
3706
3554
3773
716
3947
3576
633
821
3493
1956
1656
3444
2954
2959
3369
1599
2889
1111
2883
3519
142
583
3590
880
3997
859
832
312
869
698
1803
2100
3751
674
3359
2949
1743
4025
2838
3628
2255
254
850
20
3841
1421
29
3850
204
3482
3424
3571
3655
3568
3988
644
1468
950
337
296
744
2535
2431
2119
2156
3905
3894
110
81
247
3857
3523
2842
2079
2934
3053
1253
2851
453
552
1498
457
1482
943
549
1162
672
3155
1701
3063
1218
572
3236
3752
3928
3222
1936
2513
2263
878
883
705
291
3985
3511
224
3840
3608
4008
3981
3032
818
54
4034
3754
654
575
1203
3517
339
743
99
135
891
2380
1924
3746
3856
240
201
2035
2362
3208
2337
454
2779
1394
904
1194
2721
1353
1034
1486
1499
1760
2715
3376
1362
2855
937
1905
974
502
510
1907
1089
900
518
3099
2686
1505
3622
3500
3370
3717
1960
3624
314
756
3861
73
2251
2548
2528
4031
41
288
89
82
234
3615
777
3822
618
3835
3774
3469
2466
3701
3970
3937
437
4007
4000
894
1151
1061
3309
3465
3627
3736
105
60
742
1251
238
3658
4024
3654
1098
150
3869
3784
3930
3572
692
778
119
1058
884
785
153
841
120
3709
3879
2256
3875
3806
3779
3732
12
3699
209
2452
3781
138
147
262
71
3536
259
264
3775
2685
3133
2435
3827
3230
642
2747
550
3383
2774
911
3180
2776
1581
3151
1586
3092
3543
3336
3121
1854
1607
1558
3282
2868
2714
2967
3401
3389
3317
3161
3266
3159
1711
529
1103
587
558
4032
434
1348
1223
554
1865
1731
480
2752
2843
3186
364
501
3310
351
2938
3547
3024
3815
2831
2346
3979
3668
2942
3507
3244
3914
3669
278
2197
157
3513
2341
3817
2577
3447
2570
2166
197
2450
2034
2375
813
833
789
126
970
1197
77
901
1533
3563
3920
4017
3702
792
773
815
187
85
3929
3763
3802
684
3906
709
3607
3466
3972
148
623
175
4027
3996
1624
381
1387
3072
1031
1713
1838
3888
3639
2644
321
3676
3681
4011
344
882
714
343
1144
1452
44
242
664
3382
3818
3960
3795
101
1866
3982
1527
659
3753
3719
711
763
1719
173
285
1780
1193
27
801
1477
776
767
867
207
2015
2634
2565
973
2632
732
871
2651
846
38
1933
178
3801
3748
3727
3808
3922
2014
1930
3849
3716
244
253
2173
267
3531
3925
3865
3673
3771
2568
2584
49
3916
306
162
3575
3539
2454
3361
2688
2677
3504
3402
2882
3919
3153
3235
3183
3548
2704
3388
2961
2691
581
668
2990
2457
607
447
648
386
3003
2204
2382
1326
2848
3408
3194
2784
3128
910
1233
2829
2971
1395
2846
996
2860
3045
2736
530
2893
2854
2963
649
1762
3217
1442
1147
478
986
998
1220
646
442
1492
361
1062
1228
1152
601
352
1606
1381
4029
4036
4035
4012
4010
1770
924
1679
1299
933
462
905
931
449
357
593
923
3165
1354
2725
1038
655
2712
3427
576
1138
1264
3100
2783
1476
955
1776
2671
3279
476
3420
3216
2795
1693
3141
3241
2645
2735
2027
3474
3663
3312
585
3328
2764
2816
3300
3334
3765
3532
3278
3666
3661
3843
3541
3502
183
151
3565
3662
3874
3892
46
3665
3647
257
2453
3897
286
3537
2426
3496
1974
1922
1915
2388
806
736
691
890
237
260
1274
227
1055
51
875
3713
3672
1601
737
230
3721
194
1
3651
4009
4014
4018
50
3703
3834
3167
1788
685
3994
3909
799
2558
3783
3958
3008
3687
158
104
2245
2301
393
2812
1121
3984
3983
977
584
427
632
2950
3066
3018
1403
3311
2803
3880
3735
3410
1957
3483
3805
3660
3917
102
3871
176
39
338
100
825
704
311
140
3620
836
66
647
134
857
248
1988
3685
3621
1356
636
2935
631
909
464
3643
3520
3470
3762
3694
3921
3556
811
284
4038
3448
1023
650
3591
3867
65
258
340
666
1187
1553
1564
34
577
14
877
872
3726
164
895
1967
139
702
270
881
802
786
2487
1996
2230
2008
1969
2357
3650
730
3807
3729
3942
3582
2514
43
3854
1419
2545
3846
18
3965
292
233
3787
167
155
47
2402
37
293
174
90
2205
287
182
112
2012
3652
74
160
3530
327
2262
3744
190
3977
2099
2811
3766
2298
3600
2305
3477
2847
2096
