0
4008
37
699
4015
3688
668
602
571
1581
209
90
11
2470
215
468
2079
1206
12
841
802
791
816
725
833
789
3942
859
893
826
723
855
717
877
874
872
763
795
715
700
882
876
861
737
847
794
701
755
845
890
754
688
854
853
852
851
850
849
848
846
844
843
842
839
838
837
836
835
834
832
831
829
827
824
822
821
820
818
817
815
814
813
812
809
808
807
806
805
801
799
797
796
793
792
790
788
787
786
785
784
783
782
781
780
779
778
777
775
773
772
771
770
768
767
766
765
764
762
761
760
759
758
757
756
752
751
750
749
748
746
743
742
741
740
739
738
736
735
734
733
732
731
730
728
727
726
724
722
721
720
718
716
714
712
711
710
709
707
706
705
704
702
696
695
694
693
691
690
689
687
4006
3996
4005
3985
4021
4000
3988
3848
3751
3749
3653
3923
3720
3632
3809
3910
3846
3641
3587
3946
3781
3494
3899
3816
3631
3916
3806
3659
3893
3539
3561
3963
3811
3679
3808
3739
3473
3901
3909
3666
3952
3555
3924
3833
3714
3509
3486
3959
3834
3450
3951
3627
3925
3566
3754
3581
3783
3747
3655
3500
3927
3759
3701
3476
3724
3668
3768
3634
3770
3564
3792
3815
3588
3485
3682
3814
3580
3549
3906
3752
3593
3582
3802
3728
3715
3713
3629
3599
3597
3526
3508
3505
3536
3638
895
894
892
891
889
888
887
886
885
884
883
881
880
879
878
873
871
870
869
867
866
864
863
858
856
840
830
828
825
823
819
811
810
804
803
800
798
776
774
769
753
747
745
729
719
713
708
703
697
686
3628
3635
3731
3845
3527
3957
3918
3898
3832
3755
3736
3649
3617
3479
3467
3605
3689
3477
3891
3847
3589
3672
3573
3760
3741
3484
3930
3860
3548
3873
3557
3971
3842
3805
3596
3540
3586
868
865
4038
4037
4036
4035
4034
4033
4030
4029
4028
4027
4026
4025
4024
4023
4022
4020
4019
4018
4017
4016
4014
4013
4012
4010
4009
4007
4004
4003
4002
4001
3999
3998
3997
3995
3994
3993
3992
3991
3990
3989
3987
3986
3984
3983
3982
3981
3849
3621
3463
3979
3978
3977
3976
3975
3974
3973
3972
3970
3969
3968
3967
3966
3965
3964
3961
3960
3958
3956
3955
3954
3953
3950
3949
3947
3945
3944
3941
3940
3939
3938
3937
3936
3935
3934
3933
3932
3931
3929
3928
3926
3922
3921
3920
3919
3917
3915
3914
3913
3912
3911
3908
3907
3905
3904
3903
3902
3900
3897
3896
3895
3894
3892
3890
3889
3888
3887
3885
3884
3883
3882
3881
3880
3879
3878
3876
3875
3874
3872
3871
3870
3869
3868
3867
3866
3865
3864
3863
3862
3859
3858
3857
3856
3855
3854
3852
3850
3844
3843
3841
3840
3839
3838
3837
3836
3835
3831
3829
3828
3827
3826
3825
3824
3823
3822
3821
3820
3819
3818
3817
3813
3812
3810
3807
3804
3803
3801
3800
3799
3796
3795
3794
3793
3791
3790
3789
3788
3787
3786
3785
3784
3782
3780
3779
3778
3777
3776
3775
3774
3773
3772
3771
3769
3767
3766
3765
3764
3763
3762
3761
3758
3757
3753
3750
3748
3746
3745
3744
3743
3742
3740
3738
3737
3735
3734
3733
3732
3730
3729
3727
3726
3725
3723
3722
3719
3718
3717
3716
3712
3711
3710
3709
3708
3707
3706
3705
3704
3703
3702
3700
3699
3698
3697
3696
3695
3694
3693
3691
3690
3687
3686
3685
3683
3681
3680
3678
3676
3675
3674
3673
3671
3670
3669
3667
3665
3664
3663
3662
3661
3660
3658
3657
3656
3654
3652
3648
3647
3646
3645
3644
3643
3642
3640
3639
3637
3636
3630
3626
3625
3624
3623
3622
3620
3619
3618
3616
3615
3614
3613
3612
3611
3610
3609
3608
3607
3606
3604
3603
3602
3601
3600
3598
3595
3594
3591
3590
3585
3584
3583
3579
3578
3577
3576
3575
3574
3572
3571
3570
3569
3568
3567
3565
3563
3562
3560
3559
3558
3554
3553
3552
3551
3547
3546
3545
3544
3543
3542
3541
3538
3537
3535
3534
3533
3532
3531
3530
3529
3528
3524
3523
3522
3521
3520
3519
3518
3517
3516
3515
3514
3513
3512
3511
3510
3507
3506
3504
3503
3502
3499
3498
3497
3496
3493
3492
3491
3490
3489
3488
3487
3483
3482
3481
3480
3478
3475
3474
3472
3471
3470
3469
3468
3466
3465
3464
3462
3461
3460
3459
3458
3457
3455
3454
3453
3452
3451
3449
3448
3447
3446
3445
3444
3443
3442
3441
3439
3438
857
655
670
642
665
582
661
453
572
467
618
390
365
562
384
3268
2788
2954
3427
2799
2895
2685
3061
2710
2957
3155
3126
2732
3436
3300
3336
3270
3151
2980
3095
3109
3144
2809
3015
2766
3309
2733
2807
2769
2861
3074
2893
3419
2965
3380
3194
3175
3160
3153
3255
3399
3165
3307
3138
3110
2768
3010
2993
3048
3383
3422
3378
3367
3039
2973
3236
3365
3208
2936
2865
2859
3241
3357
2779
3172
2845
3286
2967
3283
2889
2670
2739
2668
2848
2709
2982
3292
3202
3023
2787
2782
3217
2871
3135
3119
3014
2928
2907
2810
2689
2681
3387
3264
3169
3145
3113
2796
2701
3056
3000
2761
2683
2666
2841
2784
2690
3345
3327
3326
3299
3253
3232
3108
3064
3029
2969
2960
2925
2920
2919
2909
2862
2786
2754
2749
2673
2890
2738
3191
3154
3411
3396
3353
3335
3332
3330
3320
3277
3276
3274
3247
3102
3076
3049
2989
2914
2853
2785
2780
2742
2716
698
3366
3168
3100
2775
2724
454
1558
1162
1168
1510
3319
2903
1176
1562
1599
2813
1414
1200
1071
1443
1829
1887
2826
1383
1476
899
1263
1301
1463
3962
3948
3943
3886
3877
3851
3830
3797
3756
3721
3692
3684
3677
3651
3633
3592
