1912
107
1684
3116
1204
3437
2956
0
414
376
1472
3078
686
3404
1742
2973
1144
3442
3873
196
2937
3909
2647
971
2998
774
380
3968
3526
552
40
520
1260
378
705
3978
3412
979
236
3877
2865
3763
2730
1210
3690
2831
627
1748
3825
1904
3072
680
2923
2670
3376
2852
3157
1840
73
3664
66
1633
991
807
781
1561
22
1495
3663
421
1194
1411
3443
614
3135
2906
2879
1159
619
3451
1541
658
3946
3870
3154
3349
2863
3365
3103
3963
2049
2846
1957
3233
695
3818
687
1150
383
4026
1607
958
1051
1508
1881
230
169
269
2076
2596
18
415
548
16
212
148
3488
2105
3797
3779
1569
127
343
241
1931
1814
949
594
3643
440
98
352
3712
159
3557
3382
3230
3932
85
3493
1014
3521
1648
1494
1443
3747
789
2991
3393
3422
1969
2197
1383
3922
3469
3867
1374
1978
341
1016
3286
3788
682
3707
3950
2080
3945
187
1212
3591
1476
756
1038
3142
2389
948
3835
3502
2248
455
1084
3290
1725
3677
1866
2094
2981
706
886
2079
842
3959
3849
2490
157
3817
3348
865
3498
3854
368
3718
106
1118
2182
2941
2664
3248
2786
3550
817
2066
3828
2854
433
3459
1023
1328
901
1284
3584
3710
238
304
3646
3719
3063
1010
3702
3804
449
1778
350
2116
1278
1056
812
3694
472
1141
2859
3024
1951
2577
2231
279
68
2980
3542
3099
3700
2697
1548
3795
3888
2968
3568
1536
3881
2680
1105
905
436
683
3249
3023
564
153
1479
975
1102
891
944
65
1456
2298
2448
1310
1806
2940
2977
3339
1052
1461
2731
2747
3402
2152
3077
3223
3554
590
605
654
597
283
2933
165
2836
923
442
3624
3155
3436
1549
888
3821
144
1770
965
1758
661
2842
2541
184
2965
3300
312
4028
2493
1419
3027
3390
3579
3530
424
881
3701
325
3289
250
3587
2892
1069
3972
677
441
3356
864
2661
3982
3798
2375
1203
3967
847
3732
834
1216
1147
2814
3941
513
3467
340
2515
543
773
286
3338
785
929
892
344
3125
485
338
2803
2147
3628
3217
248
75
274
3074
2513
2067
2496
2312
4005
3563
3474
3755
3706
1408
730
114
1434
685
3834
74
2547
2238
3538
1299
396
3639
349
3880
1546
3334
792
3260
464
1215
502
2618
3606
679
871
2000
2711
1507
3454
2657
3514
673
189
1922
216
3519
2714
2875
1708
3013
3011
623
1157
3679
175
3685
2767
180
130
3618
568
3153
1178
652
655
802
191
3597
1747
1678
1208
3594
1705
3865
3879
1154
3169
3926
569
3753
2975
3200
650
3058
3330
3917
3357
1760
3441
1478
2034
1776
2785
612
1882
3107
1575
741
2474
1062
3205
2388
2048
2783
2930
740
3965
3761
1448
1405
2166
869
3121
2031
1654
2677
3885
135
1054
501
2811
3225
530
3080
1384
3537
798
599
1628
233
1627
3796
1815
3745
459
674
3183
811
1942
2770
2704
103
2963
3868
450
3661
790
968
4014
1846
3992
3928
2301
3312
47
3541
825
3358
528
1728
2291
44
2771
736
3898
819
1679
2812
602
2371
2437
1061
3323
2687
583
3122
3335
990
1364
3556
3585
2022
1876
2228
2035
2194
2926
3930
809
755
3396
2708
3464
3696
3975
518
2995
305
600
1304
3764
499
3490
1466
3368
639
678
684
575
1393
2824
2728
3029
3988
2029
1229
1515
580
1232
1468
2962
3730
1152
3653
1417
1134
176
268
45
222
3671
3822
3506
3969
3620
2848
3012
1098
1687
2017
1421
3603
1698
1992
2911
2916
3433
3025
2920
746
3361
454
1186
963
324
320
2860
430
2964
61
3484
124
155
2808
1090
2952
853
3652
2900
1588
1555
1085
451
3765
3596
3830
1348
3578
232
3611
1667
1108
904
359
1017
935
2872
1342
939
249
94
101
1071
3782
217
3052
2806
199
2894
161
1574
1890
1594
3424
2488
2091
3272
2921
3076
2707
2950
2979
1907
3344
2989
468
3347
3288
3819
3960
3791
1885
1734
1526
3380
1251
3728
3508
1381
607
1115
1035
2481
1891
2160
1576
1720
1148
1774
3903
3947
2497
303
3036
197
3692
2455
511
456
141
3895
2345
1053
3354
1234
1910
2024
1976
20
2
2217
115
139
242
1492
3689
2318
3476
3891
3734
3681
3221
3504
1477
362
3055
1924
58
3178
668
313
3446
2967
203
211
1356
884
1543
171
2366
1424
3001
1057
3705
760
506
3686
2833
123
1764
1999
1046
2459
2013
3175
1830
2236
3894
3408
3165
3032
2825
2844
1793
3094
2328
3034
3856
3247
3333
3378
2775
4035
3088
3915
3143
1533
3489
1542
3876
1762
2501
35
776
3043
3315
2821
1692
473
1226
2303
439
3030
3235
402
2003
244
42
397
851
369
3590
1824
2158
1429
1303
1790
988
3688
2599
3218
87
1897
913
1165
772
823
731
838
843
1950
574
1283
3572
2790
2525
2119
1112
3482
3114
3465
887
1350
2866
2749
3841
3304
2691
2938
1832
2317
2743
2046
3363
3008
1296
3137
1726
15
2168
2740
1279
2671
723
3980
3423
992
2934
2870
3342
2858
235
666
2608
3271
3414
2062
598
617
3453
1474
389
1428
964
2460
2427
3709
894
3803
3045
1249
4003
1906
3432
1189
3954
371
647
1324
3955
3305
1258
3583
1361
62
1616
1318
1401
2768
2820
3172
3769
3641
2686
2204
2737
2311
2847
841
3859
4008
3264
1564
2214
2203
3979
3970
3785
213
2625
2643
2223
56
3413
3637
102
1248
2720
3267
2781
3176
3020
4004
1182
3562
877
3933
897
3874
2531
1463
1400
1874
4036
3133
2569
840
727
700
551
3389
778
845
799
796
3799
758
2522
1989
243
4000
394
17
97
4017
3704
725
3374
3908
1414
3193
425
392
2545
2316
669
245
1501
1043
2136
707
72
3319
1164
401
4019
3777
3991
77
188
21
50
2443
229
860
3549
3462
534
3580
418
2990
3440
2576
3245
3555
1286
2265
2402
1096
3093
3667
3501
437
3456
3741
3952
386
3977
2703
696
3783
1273
1871
1015
316
1382
1066
2688
3075
1373
2008
1872
620
150
215
2011
2378
2791
3352
1927
2380
2660
3725
2347
636
2585
2438
152
3601
3931
3737
2886
145
326
959
3035
266
2330
3997
204
572
1007
311
2807
624
910
198
821
1579
1756
1063
2288
54
911
1034
908
2002
2861
2075
1877
1519
3106
3279
81
1500
2996
2362
457
3117
890
3194
4002
883
1640
2922
3808
2723
2016
909
1317
2382
3940
3552
1653
762
3660
201
288
2412
1520
2302
1590
978
4032
253
3265
562
1378
2644
1091
2780
2275
649
2557
1449
328
307
3774
2036
2181
1093
2830
3742
2277
2665
3009
306
2725
3302
3676
541
2226
3340
1379
1873
1489
919
1706
1956
1403
3015
611
327
3216
537
3935
228
3751
1982
3388
1365
665
3259
2841
1967
3159
914
2562
3802
3308
771
3714
2363
2185
1961
795
757
4016
3536
586
3884
1552
751
672
3616
2255
2230
854
816
689
1039
2652
732
2476
30
848
880
699
2614
2466
178
262
3425
2762
3581
3149
3105
1040
1856
2931
2741
2693
1265
2694
1375
453
193
1031
2902
2732
1486
100
3607
2071
3497
779
3507
2155
3726
3910
121
43
263
3444
3435
1772
2219
3430
3717
2696
1353
3691
3789
866
2198
1266
1913
126
3292
2898
237
3993
1788
1560
3401
3022
1697
996
3336
2969
3229
2304
2668
3657
1889
2544
179
1026
1581
1797
1262
2227
1671
3767
3044
3622
2244
1908
1807
1781
994
1738
1217
1634
595
1582
99
3703
1163
302
3848
2089
1681
748
2449
557
1
1430
1585
3543
3823
1858
462
358
372
3619
226
604
2368
545
4033
497
3427
2167
570
4024
2306
1672
3534
1213
2514
2434
1030
1218
3520
1749
255
1103
2162
1326
177
3623
3281
3999
1121
1200
1844
1002
1140
1744
2954
300
364
3602
986
3708
403
251
540
571
166
2572
1562
254
246
912
1518
14
3296
1650
481
1179
2506
1300
3983
690
183
3588
2110
1211
1339
3483
693
2026
1224
3510
529
2057
399
1860
138
2534
1264
3457
273
478
2709
1719
1932
3973
555
284
505
282
907
2581
488
69
1558
354
1990
504
1690
3727
1073
1490
641
2441
470
2019
1870
1065
743
2641
125
2052
2452
950
670
576
3061
550
750
535
640
635
628
3621
621
1206
1412
2256
787
3875
2899
588
95
3463
3566
646
3857
2173
2701
292
173
2346
261
290
2186
287
2307
379
1027
3592
256
945
631
321
163
128
1737
29
2202
2384
510
3837
1308
3829
278
2183
2594
536
1366
2925
2164
2563
2946
1682
71
1945
2465
3847
357
1810
983
2319
1298
467
532
294
3321
23
41
2055
791
1769
2315
2235
2502
2283
2135
2642
2462
2165
3800
3626
2651
1974
3144
3255
3140
3189
3199
3246
1911
675
4009
1041
1244
2788
156
3111
3039
2972
4027
1550
1611
2889
3387
1416
1532
2416
1174
1803
815
719
835
2653
1638
1595
1166
713
800
1767
2966
1601
3280
2674
2772
2684
2284
829
1896
1193
1001
134
339
3839
3760
2450
162
2009
1829
479
3693
1196
989
1655
1647
1322
1432
1221
3472
1025
3332
2958
3316
3146
3049
2765
3070
1666
2733
2856
2667
2260
1425
3258
342
3394
3213
2953
3250
3919
3913
3721
3966
3964
3561
3019
2787
2734
2908
3073
2689
3658
3452
1433
1615
1325
3958
3558
3924
2752
1345
1334
1753
589
622
1869
1188
1482
469
3132
797
3635
1964
2325
2176
1630
1183
1042
3050
3141
2286
3273
1531
1349
1122
753
728
2736
1977
2895
3595
3042
856
1828
1661
1899
852
1242
1540
1718
1894
1435
1819
3375
2425
769
3278
3276
820
3421
1332
1602
3138
1831
931
3473
3341
2904
2976
3360
577
659
432
3938
3838
3943
3198
3150
3419
3431
3416
3397
3351
2832
3883
1319
630
3851
53
3266
3398
3405
2818
2748
2424
1935
2001
2082
824
849
508
355
404
428
3656
2413
2148
2138
2196
2813
480
3503
3461
827
734
2558
2828
3179
2716
3956
3752
3295
3776
3920
2947
3331
3571
2761
3118
2951
2984
2914
3145
3403
3051
3214
1161
1909
3410
220
3162
57
309
643
681
1275
3582
1109
1453
1763
962
1504
1070
549
412
2690
271
252
332
200
3028
629
2713
3379
3207
3346
3241
3400
995
3166
2905
2873
2698
3364
3294
3243
2890
3047
2755
3220
3399
3174
1702
1656
2628
2440
2406
2637
2480
25
1011
942
1751
1020
1473
1591
1396
423
1223
484
3064
1225
3906
1802
1493
3244
143
227
2297
2939
356
3535
982
1457
1998
2171
1973
2626
2014
2538
2159
1487
353
3640
119
170
13
308
186
265
3826
3793
3976
3794
3786
1503
1454
1787
1629
1136
1567
2896
2782
3576
3889
3860
3651
3633
3756
3944
764
2683
3104
2839
2666
2993
2729
3108
2897
3056
2929
2810
2679
3004
2822
3164
3057
2739
2724
329
281
408
521
431
3722
3921
3615
3778
3455
3815
3195
2750
2850
2851
2773
766
810
863
729
889
3428
1337
1496
1641
1469
3522
3480
3902
3604
3962
3518
3577
3684
1729
1820
1458
363
531
1695
538
3119
2988
3040
2815
2888
2663
2919
1861
1301
961
1087
1901
1680
1566
3659
657
3228
2673
2912
956
1177
104
55
323
224
26
9
322
426
563
2023
2130
1975
2503
3100
2712
3350
3320
3017
2778
3353
3256
3102
3386
2992
3185
2849
3124
3809
3505
1511
970
1410
3773
3644
1228
1170
1036
917
1100
1158
1292
596
3951
3631
3833
345
272
185
3491
3448
3697
496
477
427
388
348
398
492
277
285
3593
4011
1497
1268
1094
1696
1991
2659
49
28
346
1246
1343
3610
3672
3790
3683
2570
3527
3731
3824
109
297
519
490
366
523
360
422
460
1013
1988
2349
2622
239
82
314
318
1688
1864
1553
1620
1142
1675
1645
1064
1355
1481
1837
938
1137
1880
973
783
716
3896
3599
3366
3160
1921
1972
2633
3109
3299
2361
2397
2322
2411
3939
3167
3377
3016
2881
3097
2840
3252
3201
3006
3021
3170
3211
2784
3291
3345
3203
3062
3758
3460
1727
573
603
625
1699
1624
1512
1525
1306
2864
2800
3232
3284
2994
445
1114
1320
475
606
494
400
556
676
500
461
465
395
547
3735
3553
1281
1462
896
1438
1786
1099
1347
957
27
7
1321
1247
1029
739
759
703
1703
113
67
3901
1000
3327
3426
2913
3226
2960
3238
3184
2910
3084
3014
2862
2986
3065
2915
3095
2927
2943
3324
3139
3096
3234
2924
2974
2827
2757
2669
2777
2948
3158
2944
2756
3026
3231
2754
2738
3417
2874
3325
3309
2699
3275
3420
3186
2901
3177
3285
609
653
644
664
592
561
579
3002
2997
3005
977
1169
1709
1259
3564
3665
1072
1131
662
1358
1766
1427
1113
651
1155
1514
3082
2675
3018
3196
3369
3110
2843
3391
3270
3810
3511
3385
2871
3449
3438
334
280
142
330
48
315
291
3239
2845
2942
3371
3168
2779
2797
3188
3224
3068
3914
805
688
831
694
830
738
724
722
718
745
715
836
524
373
933
1794
1677
495
591
943
1236
553
367
517
365
565
483
105
133
208
257
298
132
122
3850
3840
3475
3845
3929
3545
3842
3934
3831
3559
3496
3586
3548
3948
3605
3609
3625
3971
857
3674
3886
546
387
382
708
828
720
2936
1502
1583
1464
1704
1081
1848
898
1783
1578
1060
2648
2225
2435
2097
2364
2447
2025
1919
2645
2494
2050
2018
1968
2365
2192
1980
1928
1995
2640
1958
3900
3509
3738
3367
2796
3152
3101
3355
2823
92
221
260
88
24
3495
3736
3471
3525
3759
3715
3698
3629
3713
3470
1360
1593
2853
3212
2742
3406
3046
2970
3219
2685
3434
3411
3204
3337
2793
3263
3182
3254
3287
3277
3206
3089
3038
2751
2869
3060
1129
1859
1315
1691
1235
1426
1192
902
1893
1451
1018
1282
1636
1316
969
954
984
1743
1104
463
1009
1592
1413
941
2932
2955
3087
770
711
721
850
735
784
822
717
813
814
733
803
801
702
754
709
780
837
818
701
697
698
826
876
804
3301
2887
3090
2928
2909
2985
2867
3384
3257
3293
2745
3362
2681
2907
2835
2746
2676
2710
2880
3033
2763
3000
3187
3123
3237
2705
2891
2877
1529
1167
1245
1005
1446
637
515
507
1406
1646
1565
567
409
559
1475
493
487
558
391
544
1397
1313
1631
542
560
1715
1673
361
1862
1596
1878
930
489
1404
1625
1082
1801
1309
1261
976
940
429
525
1012
1095
1080
1032
458
434
601
634
566
514
416
374
527
390
417
1740
539
438
522
370
503
482
452
420
1606
444
419
554
375
582
615
618
584
581
446
1237
915
512
578
407
471
1436
39
207
78
31
11
206
108
172
295
51
110
264
149
83
52
310
194
10
84
80
2132
2475
136
116
140
259
296
219
154
118
70
32
76
336
299
225
223
137
2717
2809
3098
3010
2945
3163
2706
3054
2987
2837
2789
2719
3298
3381
3129
3303
3113
3261
3297
3115
3274
3240
3171
3120
3136
2759
3085
2917
2766
3173
3081
3242
2978
3392
3202
3565
3740
3792
3648
3923
3439
3746
3512
3540
3784
3546
3827
3780
3608
3524
3768
3531
3957
3551
3547
3878
3680
3617
3863
3695
3634
3479
3458
3517
3806
3766
3754
3573
3949
862
3666
3816
3811
3771
3668
3636
3574
3649
3630
3528
3772
3757
3642
3645
3485
3600
3869
3539
3937
645
633
1587
1067
1857
1573
1190
1021
1903
1812
1635
1019
1044
1231
1227
1257
1459
1732
1884
1841
1423
1392
1294
1277
1660
1875
1357
1241
1850
1716
981
671
1338
1773
435
486
1120
1853
1649
3306
3151
3415
2715
3215
3148
2802
2702
2829
3190
3253
3112
2662
2672
3262
2753
3067
3209
3069
3161
3373
2999
2764
3079
3395
2868
3191
3041
2700
3048
3326
1272
2692
2878
2718
3210
3370
2744
1534
3130
3329
3310
3128
2857
3409
2983
2758
3134
3359
2903
3307
2794
2961
3192
2949
3343
2735
3314
2959
2838
3328
3180
2805
1171
2876
3086
2971
2801
2721
1642
3418
3127
3071
2882
2769
3407
2817
2792
3318
3156
3383
3372
3251
3311
2819
1505
2695
3313
2918
3208
3282
3197
2804
3066
3007
3236
2957
2722
2982
3283
2816
2760
1450
3222
3092
2682
2795
2727
3126
2776
2935
2678
2726
3429
3181
3053
2885
2855
2893
3083
2884
2883
3322
3317
3269
1485
3227
1175
2834
632
1826
1288
1484
934
1125
1101
1439
1735
1530
1230
921
1608
1267
1571
1471
1287
1771
1344
1117
1524
1116
1130
1480
1843
1327
1173
1623
1757
925
1554
1293
1557
1598
1659
1563
1370
1813
1467
1613
1637
1902
999
1584
966
1285
1199
1707
1399
1184
1580
1523
1483
1290
1879
1730
1181
1079
947
1711
1662
1617
1610
946
1340
1078
1795
1330
1516
1271
1538
1149
1639
1863
1388
1609
927
1380
1367
1153
1721
1076
1643
1626
1323
1683
1302
1724
952
1665
1201
1669
1006
1768
1570
980
1028
1551
1068
1604
967
1329
972
1804
1547
1652
1527
1390
1126
1836
1402
1341
1256
1736
1888
1746
1522
1816
1589
1835
1823
1782
1886
1198
1398
1717
1331
1612
1750
1509
1191
1209
1124
1470
1809
1207
993
1791
1269
1528
1377
953
1842
1391
1839
1597
1195
1092
1689
1712
1156
1559
916
1898
960
1800
1685
1291
1799
1110
1003
1128
1409
1752
1024
1723
997
1539
1048
920
1644
1255
1205
1619
1185
1827
1603
1867
1431
1335
1741
1632
1083
1059
1833
1622
1491
1305
1004
1789
1868
1376
1352
1452
1849
1761
1714
1663
1621
1250
1146
1086
2798
2826
3268
3091
2799
3059
3031
3037
3003
1822
1779
1605
1513
1722
1447
1811
926
1289
1460
1088
1074
1359
1219
932
1049
1796
1488
411
1600
1785
1314
1252
