0
4003
895
2541
613
15
3230
4022
253
3183
42
4032
1586
256
3732
4036
3798
2842
875
866
790
2470
3560
244
1096
287
467
279
1145
3570
4007
3268
904
335
3453
2269
2595
1693
2860
3893
4012
3733
3589
1262
892
1206
2814
472
4024
3748
71
145
255
358
269
1834
1581
443
447
3816
2704
454
110
228
336
210
234
2808
215
120
3729
3317
1969
316
209
393
3765
201
74
668
1713
3984
383
3983
54
81
2358
2431
571
1967
3928
4001
4008
3963
3607
3227
90
179
3987
4016
4025
3990
282
3691
233
1046
1194
33
841
859
699
850
812
876
888
744
740
704
804
870
887
885
874
879
884
825
871
811
846
700
733
720
873
761
691
826
836
890
861
722
768
839
802
725
714
690
783
833
831
794
746
738
822
767
710
736
689
837
726
821
803
889
882
863
729
774
814
778
760
737
727
723
708
706
834
735
741
716
780
687
748
718
815
697
694
823
777
757
848
849
827
808
773
770
755
747
719
715
894
893
891
886
883
881
877
872
869
867
864
858
810
800
855
853
852
851
847
844
842
840
838
835
832
830
829
824
820
818
817
816
813
809
806
805
799
798
796
795
793
792
791
789
788
787
786
785
784
782
781
779
776
775
772
771
769
766
763
762
759
758
756
753
752
751
750
749
745
743
742
734
732
731
730
728
724
721
717
713
712
711
707
702
701
696
695
693
688
880
856
845
843
828
819
807
797
765
764
754
739
709
705
698
686
703
878
854
692
868
865
801
3999
3992
4013
4002
4005
4018
3981
4020
4019
4017
4033
4014
4037
4021
3994
4038
4034
4031
4029
4028
4027
4023
4015
4010
4009
4004
3998
3997
3996
3995
3993
3991
3989
3988
3985
4030
4000
3986
3982
3980
4026
4011
4035
4006
594
3807
3875
3789
3922
3812
3865
3699
3489
3531
3682
3843
3890
3973
3876
3887
3792
3763
3676
3665
3494
3588
3644
2926
2799
3322
3413
3030
3200
3122
2699
2982
3269
3012
112
319
250
63
321
32
183
86
19
102
117
208
206
3897
3778
3626
3467
3637
3603
3619
3916
3976
3787
3751
3749
3720
3647
3634
3482
3539
3725
3894
3859
3908
3837
3624
3485
3975
3610
3602
3834
3612
3969
3717
3707
3771
3827
3753
3728
3870
3643
3864
3669
3654
3478
3579
3814
3745
3606
3549
3536
3919
3769
3740
3686
3878
3821
3564
3532
3932
3638
3513
3439
3825
3529
3459
3913
3880
3518
3488
3450
3527
3881
3623
3472
3627
3528
3947
3906
3680
3534
3855
3569
3867
3713
3710
3629
3608
3967
3949
3546
3447
3790
3658
3559
3452
3557
3822
3794
3777
3972
3956
3752
3561
3785
3755
3731
3681
3808
3542
3497
3657
3567
3664
3927
3499
3468
3470
3705
3701
3571
3639
3581
3523
3904
3671
3909
3900
3833
3826
3803
3793
3714
3933
3850
3840
3776
3698
3632
3615
3553
3442
3718
3706
3631
3620
3584
3558
3486
3463
3640
3911
3809
3783
3766
3747
3655
3641
3810
3648
3646
3458
3782
3754
3617
3524
3799
3562
3481
3757
3708
3465
3702
3823
3874
3857
3739
3541
3940
3526
3738
3668
3652
3583
3510
3464
3945
3931
3726
3630
3568
3469
3443
3862
3802
3773
3715
3685
3599
3498
3490
3628
3742
3784
3491
3642
3573
3552
2722
899
3673
3775
3505
3427
3088
2855
3401
3388
3325
2879
2788
3092
3197
3389
2895
3141
3436
3315
2987
3074
3181
2930
3218
3323
2774
3354
3109
3428
3235
2801
3270
3059
3423
3336
3155
3126
2886
3163
2852
3194
3290
3312
3211
3424
3276
3421
3114
3028
2922
2821
3130
3394
2856
2861
2807
3202
3025
2993
2873
2710
3399
2874
2766
3180
2902
3139
2899
3015
2846
2687
3318
3008
2959
3213
3417
3238
2761
3293
3129
2679
3414
3052
3091
3382
3314
3309
2889
2767
3305
3250
3174
3014
3402
2816
2878
3093
2898
2771
3254
2791
3321
2927
2880
2698
3137
2731
2729
3294
3286
3084
3047
2891
3433
3226
3073
2985
2966
2908
2810
2763
3363
3364
3348
3142
3056
3004
2948
2913
2835
2757
2750
2680
3096
3080
3065
3033
2944
2943
2925
2917
2912
2911
2909
2906
2872
2839
2827
2705
3324
3232
3184
3108
3078
3064
3054
2988
2974
2920
3275
3352
3041
3013
2709
2721
3426
3384
3220
3123
3104
3029
3026
3000
2994
2977
2960
2956
2931
2915
2896
2877
2754
2743
2663
3144
2876
3208
2790
2751
3050
2954
2702
3021
2733
3167
3039
2804
2834
3089
3367
3102
2727
3249
3072
3307
3255
3187
3009
2990
2901
2820
2697
2723
3246
2824
3391
3353
3291
2713
3365
2871
2715
3210
3069
2934
2685
3410
3371
3241
3007
3374
3357
3138
3110
2841
2882
2734
27
174
197
296
216
187
70
147
89
6
289
79
92
306
109
59
22
337
317
275
312
140
17
38
159
309
300
265
62
343
149
137
261
8
331
325
268
346
212
165
177
143
290
238
222
254
24
192
330
301
278
175
132
310
28
14
307
298
133
237
84
73
118
106
16
270
257
105
94
65
51
227
190
99
83
111
44
328
181
283
333
116
88
2230
2452
2514
2256
1978
2580
1961
2238
2388
347
345
342
260
304
288
252
199
98
67
285
236
204
178
96
87
5
258
148
50
185
172
7
297
281
280
251
235
188
184
169
161
142
121
119
108
104
55
39
26
13
9
3418
3736
3670
3661
3838
3521
3966
3817
3672
3547
3847
3841
3839
3828
3454
3979
3886
3788
3929
3858
3687
3586
3533
3514
3456
3449
3492
3734
3693
3563
3962
3889
3737
3721
3683
3551
3978
3968
3756
3625
3618
3577
3971
3805
3703
3600
3977
3970
3965
3964
3960
3959
3958
3957
3955
3954
3953
3952
3951
3950
3946
3944
3942
3941
3938
3937
3936
3934
3930
3926
3925
3924
3923
3921
3920
3918
3917
3915
3914
3912
3910
3907
3905
3903
3902
3901
3899
3898
3896
3895
3892
3891
3888
3885
3884
3883
3882
3879
3877
3873
3872
3871
3869
3868
3866
3863
3861
3860
3852
3851
3849
3848
3845
3844
3842
3836
3835
3832
3831
3830
3829
3824
3819
3818
3815
3813
3811
3806
3804
3801
3800
3796
3795
3791
3786
3774
3772
3770
3768
3767
3764
3762
3761
3760
3759
3758
3744
3743
3741
3735
3730
3727
3724
3722
3719
3711
3704
3700
3697
3696
3695
3694
3690
3689
3679
3678
3675
3667
3666
3663
3662
3660
3659
3656
3650
3649
3645
3636
3635
3622
3621
3616
3614
3613
3611
3605
3604
3601
3598
3597
3596
3595
3594
3593
3591
3590
3587
3585
3582
3580
3578
3576
3575
3574
3572
3555
3554
3548
3545
3544
3543
3538
3537
3535
3522
3520
3519
3517
3516
3512
3511
3509
3508
3507
3506
3503
3502
3501
3500
3493
3484
3483
3480
3479
3477
3476
3475
3474
3473
3471
3466
3462
3461
3460
3457
3455
3448
3446
3445
3444
3438
857
3779
3609
3592
3550
2989
3416
3146
3120
3070
2996
2970
2904
2793
2765
3128
3083
3066
2935
2955
2831
3267
3188
3152
3115
2863
2828
2802
1133
3530
3504
3780
3515
3496
2893
3242
3124
2714
3431
3156
2971
2818
2803
3103
3266
3259
3256
2921
2859
3395
3298
3419
3397
3347
3340
3280
3132
2849
2812
3248
3329
3185
2768
3345
3240
3225
2936
2748
2719
2665
3274
3038
3017
2742
3067
2937
2684
3063
2983
2795
3214
3165
3027
3010
2781
3319
2941
3341
3403
3398
3396
3332
3061
2797
2708
2672
3320
3272
2840
2735
3343
3435
3434
3430
3429
3425
3422
3411
3408
3407
3406
3400
3393
3392
3390
3387
3385
3383
3381
3380
3378
3375
3372
3369
3368
3362
3360
3351
3350
3349
3344
3342
3339
3338
3335
3333
3328
3327
3326
3316
3313
3311
3310
3308
3303
3302
3301
3300
3299
3297
3287
3284
3283
3282
3281
3279
3277
3271
3262
3261
3260
3257
3252
3251
3247
3243
3239
3237
3236
3234
3231
3229
3228
3224
3223
3221
3217
3216
3215
3212
3209
3206
3204
3198
3196
3195
3193
3192
3191
3190
3189
3175
3172
3170
3169
3166
3161
3160
3159
3158
3157
3153
3151
3150
3149
3147
3145
3143
3140
3135
3134
3131
3125
3121
3119
3116
3112
3107
3106
3105
3101
3099
3098
3095
3094
3090
3082
3081
3075
3071
3060
3058
3055
3053
3049
3048
3046
3045
3044
3043
3042
3040
3035
3034
3032
3023
3022
3016
2998
2997
2992
2991
2986
2984
2981
2980
2978
2975
2973
2972
2969
2967
2965
2963
2957
2953
2952
2949
2946
2945
2940
2939
2933
2932
2929
2928
2924
2923
2919
2918
2916
2914
2910
2907
2905
2897
2890
2888
2887
2885
2884
2875
2868
2867
2865
2864
2862
2857
2854
2853
2851
2850
2848
2847
2844
2843
2837
2836
2833
2832
2823
2819
2815
2809
2806
2805
2800
2798
2796
2794
2789
2786
2785
2784
2783
2782
2776
2773
2772
2770
2769
2762
2760
2759
2756
2755
2752
2749
2747
2745
2744
2741
2736
2732
2726
2720
2718
2717
2716
2712
2706
2703
2701
2700
2695
2692
2689
2688
2686
2683
2681
2678
2675
2674
2673
2671
2670
2669
2668
2667
2666
2662
2661
860
3330
3264
3253
3171
3087
2858
3373
3358
3292
3219
3199
3148
3136
2964
2950
2894
3296
3117
3085
3036
2961
2866
2777
2746
2694
2676
2664
3356
3334
2870
2696
3379
3370
3244
3133
2942
2780
2737
3405
3077
2830
2738
3359
3346
3306
3203
3177
3086
3068
2900
2739
2728
3366
3337
3182
3179
3062
3018
2947
2778
2730
2690
3377
3285
3207
3176
3154
3118
3113
3076
3051
3024
3002
2958
2829
2779
2758
2753
2711
2707
3415
3412
3288
3001
2995
2787
3273
3186
2962
2951
2881
2845
2724
2682
3420
3178
3097
3057
1383
1326
1627
2826
302
299
266
194
180
101
57
189
150
344
341
340
334
332
329
326
324
323
320
318
314
313
311
305
303
295
294
293
292
291
286
284
277
276
274
273
272
271
264
263
262
259
248
247
246
245
243
242
239
232
231
230
229
226
225
224
223
221
220
219
218
217
214
211
207
205
203
200
196
195
193
191
186
176
170
168
167
164
162
158
157
155
154
153
152
151
144
141
139
135
134
131
130
129
128
127
126
125
124
123
122
115
114
113
97
93
91
85
82
80
78
76
75
72
69
68
66
64
61
60
56
53
52
49
48
47
46
45
41
40
37
36
35
31
30
29
25
23
20
18
10
4
3
2
1
2466
2527
2535
2265
2100
2622
2513
2426
2439
2051
2168
2493
2486
1992
2314
2015
1937
2581
2255
2207
2562
2548
2380
1977
2166
2167
2621
2227
2350
2301
2094
2158
2422
2113
2641
2226
2099
2318
2310
2403
2251
2248
2156
2130
2522
2656
2085
2080
1934
2544
2305
2242
2214
2175
2141
2066
2048
2402
2373
1922
2577
2540
2424
2162
2146
2091
2070
1933
2502
2587
2322
2119
1915
2396
2390
2618
2249
2177
2057
2110
2003
2499
2117
2346
2383
2092
2019
2652
2438
2385
2285
2411
1965
1930
2625
1986
2065
1987
2453
2288
2366
2107
2082
2398
2292
2232
2425
2211
1964
2628
2236
1936
2565
1996
2029
2583
2012
1928
2534
2497
1975
2349
2170
2076
1924
2261
2208
2147
2086
2427
2443
2538
2418
2213
2021
2651
2016
1972
2462
2244
2506
2122
2059
2523
2488
2474
2335
2317
2105
2365
2018
1998
2634
2446
1993
2296
2014
2181
2152
2524
2491
2465
2463
2279
2246
2191
2169
1994
2637
2603
2294
2221
1981
1970
2606
2561
2489
2374
2218
2172
2064
2030
1997
1989
1971
2649
2608
2588
2537
2518
2379
2344
2332
2280
2259
2254
1939
1932
2610
2525
2416
2362
2298
2272
1923
2387
2234
2201
2084
2044
2638
2615
2600
2586
2578
2574
2559
2550
2476
2467
2449
2340
2339
2329
2306
2290
2276
2266
2216
2142
2123
2115
2104
2364
2006
1958
2659
2620
1999
1931
2639
2297
2116
2013
2001
1954
2624
2607
2604
2573
2563
2554
2551
2546
2542
2460
2433
2356
2278
2190
2121
2109
2078
2056
2026
1943
2655
2654
2623
2611
2602
2601
2593
2591
2590
2564
2526
2521
2507
2492
2482
2468
2430
2429
2410
2408
2404
2381
2376
2331
2324
2253
2237
2220
2179
2140
2093
2077
2069
2063
2037
2033
2020
2005
1962
1929
1925
2657
2097
2022
2009
2000
1991
1951
1919
2496
2399
2347
2338
2302
2267
2148
2047
1941
2475
2319
2284
2283
2225
2183
2171
1976
1926
339
322
315
308
213
156
146
103
21
3173
2838
3948
3943
3797
3750
3692
3684
3677
3674
3651
3633
3556
3540
3525
3495
3440
3437
862
3355
3201
2999
2938
2903
2822
1346
3361
3278
3265
2693
1442
2512
2511
2328
2247
2196
2174
2155
2127
2052
2007
1920
1916
1270
1151
1414
2740
1297
1140
3723
3566
3487
3432
3205
2979
2825
2813
2677
987
1264
1521
1552
3263
3222
3111
2883
2869
1822
1726
990
910
1797
1477
1266
1193
1055
2617
2598
2594
2533
2516
2509
2498
2458
2445
2436
2394
2368
2293
2268
2264
2250
2239
2224
2223
2203
2180
2137
2135
2134
2128
2111
2072
2062
2054
2042
2038
2028
1959
1940
950
3409
3386
3258
3164
3079
3020
3005
2764
2725
1157
1840
1892
1852
1817
1747
3289
3245
3011
2976
2968
1684
1678
1023
1440
1905
1441
1434
3404
3331
3304
3295
3233
3168
3162
3100
3019
2892
2775
1485
956
1779
1045
1772
1050
1337
1780
1564
929
1544
1593
1518
1200
1749
1353
1594
1419
1088
1774
1461
1421
1098
1031
991
1858
1656
1038
1865
1626
1476
1556
1562
1803
1705
1676
1494
1325
1424
1909
897
1202
1664
1607
1896
1283
1908
1890
1846
1775
1187
1499
1898
1542
1130
1280
1171
932
1177
