1056
745
200
3980
3827
4031
858
476
4038
3105
3628
886
319
124
4005
3864
1607
2798
157
406
464
771
3733
3665
4033
2814
3141
796
4030
3986
2926
3181
1442
4022
872
3428
2167
661
147
201
4025
3059
873
3282
3451
411
2422
2421
27
296
2822
1670
581
3990
1147
3053
1908
3853
789
911
47
467
3865
1755
1599
6
878
2545
263
316
585
3917
1270
3883
3660
3571
3885
857
3551
3467
1224
2710
2671
140
3477
2774
3283
3897
3806
801
3848
3932
1103
3742
866
3626
234
3200
191
3999
4020
1996
1889
4028
2260
893
3531
3974
870
220
1792
3984
3748
358
4027
377
642
3928
468
3923
1967
33
3537
256
2714
888
3446
2860
4012
943
883
2952
34
216
4001
3963
674
1838
970
655
2514
2527
2817
1105
1223
2596
74
3673
2569
788
3520
1162
58
3037
3126
4008
607
673
1890
3094
746
1046
740
2857
3763
3905
3661
4
383
3279
3311
164
3074
2721
3476
407
3589
3562
3581
861
1384
266
86
131
3890
2727
3704
958
2847
2437
3600
356
3393
3941
2876
578
615
1759
2227
2219
2481
2790
2388
3813
3691
114
178
3709
1690
3650
2856
574
706
3292
3343
3193
1657
2281
2245
1934
2678
3131
4017
3093
3992
3981
2382
3218
3699
691
3560
1896
2632
923
802
1905
1069
3849
3669
3732
1090
240
267
154
112
3652
4015
743
1326
718
3066
2312
3808
3739
2964
1640
690
3857
300
44
1057
602
3249
778
3847
610
173
225
3707
3715
4029
3503
3788
3893
3817
3685
3636
3454
3475
3773
1087
3903
679
3959
1711
575
3649
2316
2286
3878
81
447
1030
1814
3967
2168
3696
3515
3855
3535
955
3952
3935
3424
3887
3421
3767
3606
551
3492
293
196
979
3791
1840
1526
1834
1701
3532
3727
2799
2255
987
3856
4013
2841
4035
2829
501
794
166
530
441
564
3024
1096
454
3408
73
3989
843
3235
852
667
761
700
3993
1463
218
3854
87
3910
2457
93
45
945
1486
3412
2008
1887
1874
860
881
3744
1990
2195
3544
192
3846
3607
663
2513
782
3588
1395
3615
3978
2141
52
1328
2562
2238
926
613
3755
279
2208
1676
593
965
880
2113
229
3556
336
986
210
1490
288
448
60
100
3230
3472
869
269
3914
3637
4016
2105
305
287
478
676
167
2263
562
1738
2884
2358
3977
1011
502
1762
750
3006
2838
904
1252
1005
309
1295
1731
638
1930
3940
3159
1071
84
1581
429
3112
207
1206
202
125
163
179
289
1240
1854
4007
69
449
307
1346
1974
648
1241
1200
1713
558
1455
1119
2704
155
90
1489
450
2692
644
30
2019
1510
264
190
273
3227
282
1111
3003
299
775
3323
3368
2917
349
2442
1035
1008
255
12
96
321
2375
1145
117
1372
608
318
37
3570
3925
3281
900
301
2899
1362
335
571
2595
1758
2938
3942
3030
3619
3164
1251
985
105
1950
1414
150
611
15
253
3357
1385
2650
3376
3494
3186
2380
710
250
189
2733
146
1949
2493
138
1641
1537
625
1748
2691
3067
998
1693
276
1202
2230
1308
1410
2362
2349
2076
2401
49
2158
1975
306
3988
331
393
2466
1696
3776
3110
3881
3511
3641
664
589
3508
3747
3505
3698
3543
3772
3916
3610
731
2983
2456
4019
3983
2373
1776
3099
3700
3502
2760
3555
2106
3144
3178
3374
3539
2824
2699
195
3548
3580
841
1586
1194
1627
2792
171
217
3496
822
806
3055
1433
1203
1307
3811
3546
3045
3814
3664
3787
20
115
895
3585
3863
3949
909
1218
1177
1546
1138
2017
4002
4036
879
894
3638
3799
3647
3439
3716
3624
3908
2982
3314
3309
3423
3008
2670
2959
2703
28
151
3487
3723
3965
3774
3675
3708
3957
3775
3516
3613
3479
3538
3657
3868
3819
5
227
2454
753
889
19
89
219
1901
1566
572
437
689
1023
1073
1534
175
46
177
278
99
68
143
54
2634
2217
887
776
874
193
91
8
259
95
675
627
599
582
635
681
595
659
632
600
577
665
643
662
650
583
576
640
647
628
670
658
2487
1961
2094
1956
2301
3042
3139
1133
899
3180
2902
2732
2930
3372
3251
3338
3427
3985
3995
4026
4018
3997
4014
4000
3982
4023
4003
707
767
2776
2788
3354
3271
2861
3489
791
732
714
725
768
721
736
818
384
552
532
1053
3911
3998
61
23
327
882
863
3892
3874
3912
3743
3725
3595
3567
3541
3445
3473
3695
3639
3757
3899
3530
3975
3519
3837
3523
3801
3592
3802
3579
3759
3825
3979
3632
3672
3736
3450
3815
3722
3921
3769
3907
3573
3621
3971
3440
3687
3888
3766
3735
3713
3498
3843
3701
3465
3836
3542
3762
3730
3557
3884
3594
3889
3456
3828
3697
3485
3614
3779
3950
3750
3824
3780
3930
3845
3622
3737
3578
3603
3926
3559
3938
3804
3790
3785
3860
3488
3902
3527
3728
3470
3886
3663
3629
3702
3670
3625
3760
3609
3484
3674
3966
3797
3734
3852
3741
3471
3968
3873
3683
3943
3651
3851
3800
3656
3449
3872
3809
3500
3740
3933
3783
3561
3486
3927
3714
3506
3931
3495
3719
3731
3452
3710
3919
3913
3831
3586
3518
3448
3711
3534
3782
3596
3545
3462
3720
3684
3525
3838
3850
3858
3640
3605
3635
3499
3627
3611
3604
3514
3497
3753
3867
3778
3618
3550
3482
3455
3948
3677
3501
3676
3841
3667
3540
3491
3693
3962
3877
3692
3633
3577
862
3920
3442
3587
3818
3599
3463
3620
3803
3507
3483
3869
3509
3794
3671
3648
3566
3529
3493
3951
3569
3909
3623
3568
3976
3958
3954
3944
3936
3934
3924
3918
3904
3895
3891
3875
3862
3844
3840
3834
3830
3822
3810
3770
3764
3756
3751
3721
3694
3682
3644
3643
3642
3617
3608
3598
3576
3574
3564
3554
3553
3552
3528
3526
3521
3517
3504
3481
3480
3453
3438
1085
3960
3655
3547
3823
3634
3900
3896
3826
3706
3705
3591
3558
3973
3866
3833
3821
3646
3754
3593
3947
3870
3792
3680
3458
3906
3768
3645
3469
3443
3437
3464
3460
3793
3584
3718
3524
3466
3972
3738
3964
3726
3761
3758
3468
3459
3668
3602
3956
3945
3630
3510
3829
3777
3216
2975
3122
399
364
549
198
351
871
3991
4011
594
4004
3749
3616
3901
3789
3812
3745
3662
3512
3441
3563
3915
3679
3612
3659
3786
3583
3703
3861
3631
3658
3937
3601
3654
3549
3447
3590
3832
3795
3929
3478
3533
3842
1193
3474
3898
3969
3771
3597
868
3961
3955
3953
3939
3871
3835
3805
3798
3690
3666
3444
3490
3686
3879
3796
3752
3536
3572
3461
3839
1719
3712
3513
3689
3678
3970
3946
3882
3880
3820
3522
3681
3724
3781
3784
3807
3457
3876
3894
3575
3582
3859
1518
3717
3565
3765
4009
4021
3996
3994
4034
4037
4032
3987
4010
4024
80
281
243
346
320
337
302
180
57
275
111
50
101
24
237
7
249
343
116
14
169
314
208
79
238
311
53
16
242
194
31
246
94
39
226
214
144
85
78
176
310
36
128
41
185
108
341
141
132
106
63
261
285
188
211
257
126
284
248
156
48
332
298
271
197
130
339
10
213
187
72
291
25
65
75
62
3
161
344
342
338
312
290
286
283
258
235
222
206
205
174
148
137
127
123
104
103
66
304
260
134
272
82
56
29
313
295
265
186
172
322
251
165
122
88
55
40
13
329
324
303
277
224
252
67
239
223
199
118
113
323
9
64
0
334
308
170
142
98
92
231
26
21
315
236
183
325
297
203
109
1
232
133
121
119
280
326
139
204
184
330
254
149
2
22
159
270
158
59
221
181
333
345
317
233
162
135
70
43
11
245
294
160
83
340
152
76
77
274
168
120
268
262
247
51
38
97
71
230
32
129
212
328
241
17
347
244
215
209
228
110
42
35
153
102
2885
182
18
649
2740
737
763
867
825
716
699
730
687
765
741
709
694
832
720
748
738
826
821
754
787
849
800
851
779
698
780
770
820
723
838
837
833
728
715
793
749
819
729
807
797
758
703
803
815
831
705
824
762
847
834
805
773
772
760
697
814
799
751
747
695
828
701
693
777
766
734
890
755
855
840
835
816
809
783
781
764
757
742
733
717
712
795
856
739
810
719
853
842
830
827
726
724
708
686
829
784
823
727
713
711
845
752
688
854
811
817
812
808
785
702
885
848
769
813
774
850
798
844
839
836
759
722
792
876
804
756
696
875
865
3688
884
790
846
877
786
704
891
692
744
735
892
864
859
3816
3922
3653
457
424
2317
2341
369
440
956
626
534
2622
2515
2558
2577
2120
2082
2129
2119
2162
1915
1988
1992
2656
1933
2565
2534
2248
2455
2228
2175
1958
2114
2014
2412
937
442
618
588
587
598
609
612
677
592
445
518
