107
719
3605
119
4014
3451
578
3309
1915
3133
3995
135
278
3538
3814
3639
1439
3723
143
796
390
3694
3600
2902
282
114
4033
1034
181
3953
2670
3245
885
3783
259
2799
230
602
301
3624
3669
1176
120
3932
268
8
92
151
12
756
3372
3653
881
3789
3894
241
3074
68
3165
2595
251
3801
289
1383
2650
2614
1560
399
3685
894
859
2528
2079
1224
1486
715
1031
3197
733
3432
219
3732
171
340
1218
788
546
139
1046
3963
3492
1892
467
63
837
3122
3766
250
127
3126
3279
2878
2744
3067
2700
2847
3161
642
3376
2667
746
3582
3349
1240
2106
3285
2860
2805
2692
2933
3270
3916
152
509
3909
647
614
3904
178
779
825
3717
3271
3733
4015
206
2470
3031
3771
1419
3912
2167
857
381
3477
861
763
3996
386
656
1356
931
47
3979
4034
3839
464
283
2671
3652
2437
2837
679
3959
110
550
1607
1937
233
117
86
3788
1602
3575
1756
3875
1414
717
314
1395
3910
3759
3637
1394
1253
833
2017
786
2808
4027
3474
1147
453
899
812
3676
2041
3650
4022
575
2008
294
2577
2113
3728
2357
2015
1111
3924
1354
406
3689
247
1154
1216
1676
468
3787
1910
437
2580
1654
652
701
43
293
801
3990
811
3520
1651
442
2569
3654
505
1073
3862
1701
179
75
2263
740
860
568
3849
883
174
3453
1007
761
3444
870
1194
2714
4011
790
4016
1531
2100
2632
2587
2316
2456
3757
3675
3269
3231
797
753
863
2281
3874
3892
3868
3490
3591
3515
164
132
2941
3410
2274
2230
3431
2957
2685
346
266
101
403
1016
1562
7
3589
347
1705
879
3482
3778
3769
2656
2426
2513
37
49
255
3679
144
162
393
34
3898
3700
3441
572
1346
299
2518
97
633
1490
3218
629
245
3933
3655
3641
3776
3716
806
867
3921
3305
3671
3083
774
3699
2846
990
3264
3181
305
3352
3175
3281
16
3260
2487
3024
3069
2990
2688
3094
2801
3062
3688
2882
3254
880
2751
3832
3151
3099
3259
3131
3058
2954
2936
3300
4010
2034
462
3276
3251
2825
3041
2797
3162
1476
187
3436
3315
3042
2789
2974
3413
3338
3105
2012
2821
3286
2759
2695
3375
2807
1254
3029
2457
3123
784
3311
2703
3155
2014
2566
1673
3610
78
4
4000
4017
3981
4009
3513
2634
3989
1641
3937
767
789
712
2182
1430
905
1012
3530
3551
1512
3581
1461
1535
3322
3983
291
159
311
3812
3447
3043
1553
287
3445
3739
3725
3657
3595
3939
1797
384
3044
3470
2980
3857
1858
3507
2651
131
3795
1650
3993
2448
4035
1498
1771
1566
1197
1978
3588
325
1103
612
1568
1956
2505
3317
725
956
4024
60
1140
3807
215
1890
2453
1625
3494
3972
4008
125
2814
3745
3402
2382
622
910
3612
3844
1747
1266
650
755
2443
757
156
3729
2251
617
1838
240
1865
2855
217
1558
3792
2519
1855
2424
722
552
854
3686
1481
3970
590
3784
3606
1711
1466
562
307
1958
3946
3183
3749
3897
3480
1042
1682
976
937
1058
1050
3893
608
847
638
3761
2857
1633
222
1186
3561
2722
529
2305
3813
1775
3537
1693
80
153
382
1518
3103
2842
750
2581
189
2442
42
586
163
3934
1087
1664
44
3570
3940
1384
1874
3974
882
3799
154
447
3467
1442
3647
3638
1112
2393
1417
2641
3468
316
397
295
1996
1853
891
1760
3802
3746
3879
38
2811
690
3773
799
977
3528
3268
3424
466
192
3579
2696
1724
3712
335
290
534
265
508
1002
1727
1933
727
2076
123
380
2788
1463
1200
3984
1869
1477
1579
173
3660
628
429
3726
480
3978
2168
3678
3864
1270
3736
2162
4020
1544
165
3735
1887
2177
1434
998
3856
808
3665
864
710
1776
846
279
3454
20
85
535
2635
1072
744
1295
776
878
3698
2388
3816
593
663
987
955
234
6
1834
4029
3631
2427
3702
1062
3439
2301
624
1545
364
3891
530
3683
3462
2400
3407
349
585
687
3828
1005
4032
3510
2431
1030
720
2405
383
1521
3748
849
2898
3616
3827
71
3730
499
528
2219
2403
646
877
146
87
660
3935
1631
1033
3763
802
2930
341
1817
2605
427
1262
491
1657
158
22
1749
2530
1239
39
912
826
183
630
965
1000
3885
3825
574
3925
32
2496
699
1105
3496
843
558
3697
884
1412
1510
1
3623
603
1974
3457
1301
3138
52
1492
2019
3823
540
3461
1326
2291
3914
736
619
4001
704
2373
3472
2358
1788
243
374
3888
220
485
1252
3452
915
1778
1934
3642
3873
3667
3625
186
3519
1169
886
1225
3491
3661
361
3880
3882
665
1091
963
1648
1548
1468
1743
1814
1497
1022
1830
72
3128
2886
3961
3738
594
3997
328
1300
3008
3423
2699
2982
2959
2776
3401
2710
2663
3095
2963
3229
3143
3153
3334
3328
2883
1666
3013
696
869
850
3508
3478
3536
3811
3949
501
564
441
326
1803
129
3208
45
3706
3430
2745
3010
2238
2455
1586
871
3742
3954
372
145
90
951
1806
1023
551
554
518
424
469
460
1455
1671
1144
1136
970
1825
1784
1094
29
3869
3803
3903
3833
3648
1045
2342
2129
2402
2450
77
598
636
589
3602
742
816
813
743
1202
1071
3975
3774
852
1294
1766
256
1053
3466
2721
3091
2824
3659
1343
532
4031
4038
4002
3991
3980
820
716
848
748
747
3565
3473
3541
3446
3580
3546
3727
3822
3794
3555
3855
121
2861
88
303
670
582
640
577
599
3012
3068
3310
2999
2949
3028
3176
2739
1203
782
581
3144
3373
3395
3336
24
194
3809
3354
3053
702
732
1177
1499
1403
246
339
1193
1387
147
2678
3057
2760
3200
3216
1098
781
904
2621
3455
3553
3977
3936
3850
3442
476
2080
36
284
197
320
296
99
102
3147
2817
3055
3806
3720
3923
866
895
116
28
214
140
226
312
115
149
254
264
59
3481
3649
3502
3911
2
333
343
137
41
253
23
201
3901
3696
3664
3587
3791
3967
3920
3500
887
874
3157
2845
2734
2830
1505
3075
3374
3222
2892
2836
3209
3326
3046
3368
3066
3189
3371
3059
2888
2715
2923
2768
2708
2728
2964
3366
3292
2690
2822
2702
2813
3359
3223
3246
2735
3409
3341
2795
3340
3287
3110
2921
2686
3086
3337
3416
2781
3027
3404
3159
2779
3347
3001
3327
3179
3063
2983
3192
3148
3190
3312
3235
2881
3203
3111
3275
2713
3196
3252
2978
2662
2831
2970
3353
2840
2783
3093
3007
2780
2869
2737
2938
3170
3298
3016
3320
3411
2976
3118
3239
3051
3009
3115
3102
2682
3295
3210
3405
3081
3061
2968
2693
3136
3156
3393
3072
3381
2939
2770
3207
2934
2829
3002
2819
2844
2674
3297
2992
3180
3265
2914
3419
3212
3049
2904
3017
2865
3313
2965
2784
3244
3299
2871
3168
2675
3391
3385
3247
3169
3120
2849
3319
3160
3357
3109
3005
2951
3188
3258
2823
2818
2796
2719
3332
2684
2672
3018
2775
2711
2833
3113
3106
3020
2853
3386
3345
2955
2859
2765
3100
3079
3048
3330
2790
3422
2832
3280
2950
2785
3329
3403
3225
3076
2991
3415
3342
3291
3277
2901
2803
2720
2716
3344
2973
3335
3035
2989
2717
3177
2772
3215
3206
3172
3154
3146
2937
3377
3289
3116
2701
3219
3267
3185
3145
3060
2778
2753
3421
3082
3204
3101
3420
3233
3019
3266
3011
2764
1450
3187
2843
2812
2918
3150
3132
3032
2724
3346
3249
3365
3171
3097
2996
2863
2762
3124
2848
3351
3302
2742
2665
3227
3236
3107
2758
3077
3087
2730
3316
3369
3070
2793
3406
3360
3198
3350
3355
3201
2725
3333
2809
3397
3034
2958
2661
2875
2841
2771
3272
3152
2894
3240
3140
3089
2828
2987
2912
3084
2985
2668
3380
3211
3193
2681
3303
3224
2852
3434
3396
3394
3379
3378
3321
3296
3288
3263
3256
3255
3253
3221
3214
3205
3178
3173
3141
3112
3050
3030
3021
2995
2984
2975
2961
2947
2932
2917
2876
2868
2816
2804
2787
2748
2733
2727
1642
3226
3047
2862
2890
3004
2673
3098
2931
3388
2929
2854
3237
3195
2680
3238
2815
3261
3248
3182
3038
2706
3149
2827
2908
3073
2906
3052
2967
2919
3348
2800
2689
3033
3022
2948
2943
2927
2896
2777
2835
3163
2915
2698
2877
3339
3108
2749
3142
2755
2731
3114
2994
3220
3158
2907
3435
3117
3417
3257
2946
2763
3387
3250
2679
2960
3433
2945
2741
2683
3174
2913
2839
2940
2916
1684
2887
2794
3025
2676
2977
3426
3184
2911
2872
2864
2738
3065
2928
2897
2757
2966
2873
2705
2694
3293
2905
2773
3202
3040
3274
3056
3054
2920
2910
2909
3390
3234
2806
3232
2969
2956
3363
3284
3129
2986
2880
3213
3137
3096
3090
2944
2754
2993
3400
3166
3135
3000
2729
3384
3364
3362
3228
3078
2953
2924
2874
2666
2664
3243
3119
3036
2756
2925
2866
3301
3023
2850
2810
2750
2669
3324
3104
3085
3026
3014
2988
2786
2743
3064
2867
2782
3399
3314
3283
2879
3382
3325
3950
273
275
218
4026
4018
4030
3994
4023
3986
2732
3583
3539
3861
689
768
714
822
707
839
791
225
227
3487
3479
3516
3523
3695
3613
3919
3883
3562
3549
3863
3905
3585
3682
3662
3628
3917
3819
3743
3567
19
175
321
46
4037
4012
3992
3982
4005
3999
3987
3988
2997
2922
2935
2926
2851
3167
3130
3294
3306
2707
2687
3392
3092
3414
3307
3412
3241
2900
2826
2895
2736
2769
3278
3217
3331
2981
2820
3304
2766
3262
2723
3370
3039
3242
3015
3186
2712
3194
3427
3425
3199
3191
3088
2893
2891
2858
2856
2798
2697
2802
2170
1924
2622
2515
1988
2490
2486
2365
2440
2248
1922
2006
2236
2091
2548
2444
2349
1914
2335
2157
1950
1999
2397
2270
2371
2228
2089
2082
2317
2181
2585
2534
2260
2265
2036
2341
2523
2497
2411
2160
2156
2024
2025
1991
2645
2050
2023
1973
2158
2049
2503
2345
2318
1968
2558
2231
2441
2107
2099
1982
2361
2120
2035
2412
2051
2255
2022
2362
2310
2288
2197
1977
2659
2406
2085
1951
2459
1972
1935
1919
2474
2114
2192
1921
2627
2648
2435
2097
2016
1927
2225
2027
2000
2221
2658
2657
2295
2366
2493
2337
2004
1913
2401
2557
2488
2314
2394
2242
2285
2029
2609
2101
1926
2633
1957
2660
2583
2571
2538
2284
2415
1970
2009
2062
2322
2313
2214
2640
