0
3570
4024
4015
4008
256
2269
138
74
43
18
3071
2442
377
1854
1581
1395
699
891
3928
3729
3650
3582
613
3935
2079
1466
33
1386
3853
233
3983
4029
3999
4021
3408
3006
2168
2178
1586
4032
4014
3997
3994
3982
3995
3985
4037
4036
4035
4034
4033
4030
4028
4026
4025
4022
4019
4018
4017
4016
4013
4012
4010
4009
4007
4006
4005
4003
4001
4000
3998
3996
3993
3992
3991
3990
3988
3987
3986
3984
3981
129
47
78
250
262
154
253
86
46
124
89
321
311
247
77
38
19
264
8
50
319
6
318
314
286
45
193
303
222
196
337
28
29
309
108
93
248
104
69
288
276
270
176
39
230
227
137
310
226
261
332
295
285
272
258
199
185
105
75
66
30
340
180
275
181
188
170
72
343
326
149
20
299
126
48
1270
1760
3268
2926
3197
2857
2808
3338
3088
2860
3352
2847
3308
2965
2995
2949
3372
3181
2732
3418
3083
3133
2980
2825
3061
2876
3175
3424
3190
2898
3170
2766
2983
2691
3203
2803
3059
3028
3048
2829
3306
2817
2807
2744
2673
3105
2710
3153
2924
3199
2954
3257
3231
2798
2892
2845
2771
3123
3062
2918
3400
3166
3036
2794
3359
3002
3024
3229
2837
2663
3009
3377
3225
2707
3236
3167
3403
3260
2990
2662
2936
2859
2831
2711
3077
3294
2967
3301
2875
2823
2797
2708
2684
2672
2811
3311
2992
2820
3303
3023
3310
3156
2735
2694
2680
2903
3089
3081
3334
3435
3426
3119
2940
2915
2887
2862
2835
2810
2741
2681
3184
3064
2866
2717
2683
2666
3264
3187
2702
3347
3145
3115
3051
2796
3423
3325
2889
2879
2703
3384
3228
3174
3108
3054
3026
2986
2985
2956
2944
2910
2909
2906
2872
2750
2698
2664
3380
3374
3305
3204
3093
2946
2751
3349
3326
3299
3274
3249
3107
2951
2942
2921
2791
2781
2753
3335
3332
3320
3297
3296
3280
3272
3261
3182
3172
3132
3120
3076
3070
2989
2894
2863
2853
2849
2770
2382
2106
2441
2548
2632
2094
2100
2316
2486
1992
2545
1949
2066
2295
2405
2166
2230
2402
1969
2048
2513
1988
2524
2272
2113
2522
2057
2448
2421
2321
1996
1937
2519
2337
2173
2360
2158
1965
2155
2427
2637
2453
2371
2288
2265
2256
2236
2036
1974
1960
2281
2634
2487
1923
2452
2270
2593
2306
2055
2164
2019
2571
2478
2434
2377
2274
2243
2646
2551
2489
2449
2271
2216
2190
2179
2131
2103
2073
2534
2314
2023
2540
2440
2388
2361
2091
2612
2406
2366
2313
2161
2082
2031
2414
2395
2300
2112
1929
2207
2587
2424
2412
2160
1990
1915
2620
2633
2346
2341
2159
2006
1999
2655
2630
2624
2607
2604
2591
2586
2561
2553
2536
2500
2469
2460
2369
2348
2266
2244
2233
2213
2188
2184
2139
2123
2121
2090
2084
2083
2043
2033
1971
1917
2648
2645
2365
2061
2011
2009
1931
1927
2400
2538
2498
2451
2027
2024
1998
1976
1951
339
322
308
146
21
1046
2592
2547
2543
2510
2496
2399
2292
2279
2148
2138
2111
2102
2068
2065
4038
4027
4023
4020
4004
4002
3989
3980
346
300
249
213
347
345
344
342
341
338
336
334
333
331
330
329
328
327
325
324
323
320
317
316
315
313
312
307
306
305
304
302
301
298
297
296
294
293
292
291
290
289
287
284
283
281
280
279
278
277
274
273
271
268
267
266
265
263
260
259
257
255
254
252
251
246
245
244
243
242
241
240
239
238
237
236
235
234
232
231
229
228
225
224
223
221
220
219
218
217
216
215
214
212
211
210
209
208
207
206
205
204
203
202
201
200
197
195
194
192
191
190
189
187
186
184
183
182
179
178
177
175
174
172
169
168
167
165
164
162
161
160
159
158
157
156
155
153
152
151
150
148
147
145
144
143
142
141
140
139
135
134
133
132
131
130
128
127
125
123
122
121
120
119
118
117
116
115
114
113
112
111
110
109
106
103
102
101
100
99
98
97
96
95
94
92
91
90
88
87
85
84
83
82
81
79
76
73
71
70
68
67
65
64
63
62
61
60
59
57
56
55
54
53
52
51
49
44
42
41
40
37
36
32
31
27
26
25
24
23
22
17
16
15
14
13
12
11
10
9
7
5
4
3
2
1
1711
501
3420
3410
3034
1664
3432
1797
1838
1162
3289
3319
3201
2643
2589
2567
2529
2512
2491
2472
2468
2436
2384
2355
2344
2338
2273
2264
2199
2189
2169
2153
2143
2134
2081
2054
2053
2047
2038
2032
2028
2026
1959
1948
1947
1940
1920
1916
3385
3265
3258
3205
3079
3020
2976
2964
2734
2725
929
1552
3412
3366
3162
2724
1157
1521
1150
1440
1817
1814
1905
1822
1585
1434
1055
1693
1394
1071
1718
1043
1442
899
1562
1045
955
909
937
1858
1544
1607
979
956
1840
974
1034
3361
3248
3245
3005
1090
1439
1087
1618
1327
1196
1092
1594
1860
1477
1524
1312
1653
1568
1319
963
1895
1892
1186
922
2838
269
3436
3434
3433
3431
3430
3429
3428
3427
3425
3422
3421
3419
3417
3416
3415
3414
3413
3411
3409
3407
3406
3405
3404
3402
3401
3399
3398
3397
3396
3395
3394
3393
3392
3391
3390
3389
3388
3387
3386
3383
3382
3381
3379
3378
3376
3375
3373
3371
3370
3369
3368
3367
3365
3364
3363
3362
3360
3358
3357
3356
3355
3354
3353
3351
3350
3348
3346
3345
3344
3343
3342
3341
3340
3339
3337
3336
3333
3331
3330
3329
3328
3327
3324
3323
3322
3321
3318
3317
3316
3315
3314
3313
3312
3309
3307
3304
3302
3300
3298
3295
3293
3292
3291
3290
3288
3287
3286
3285
3284
3283
3282
3281
3279
3278
3277
3276
3275
3273
3271
3270
3269
3267
3266
3263
3262
3259
3256
3255
3254
3253
3252
3251
3250
3247
3246
3244
3243
3242
3241
3240
3239
3238
3237
3235
3234
3233
3232
3227
3226
3224
3223
3222
3221
3220
3219
3218
3217
3216
3215
3214
3213
3212
3211
3210
3209
3208
3207
3206
3202
3200
3198
3196
3195
3194
3193
3192
3191
3189
3188
3186
3185
3183
3180
3179
3178
3177
3176
3173
3171
3169
3168
3165
3164
3163
3161
3160
3159
3158
3157
3155
3154
3152
3151
3150
3149
3148
3147
3146
3144
3143
3142
3141
3140
3139
3138
3137
3136
3135
3134
3131
3130
3129
3128
3127
3126
3125
3124
3122
3121
3118
3117
3116
3114
3113
3112
3111
3110
3109
3106
3104
3103
3102
3101
3100
3099
3098
3097
3096
3095
3094
3092
3091
3090
3087
3086
3085
3084
3082
3080
3078
3075
3074
3073
3072
3069
3068
3067
3066
3065
3063
3060
3058
3057
3056
3055
3053
3052
3050
3049
3047
3046
3045
3044
3043
3042
3041
3040
3039
3038
3037
3035
3033
3032
3031
3030
3029
3027
3025
3022
3021
3019
3018
3017
3016
3015
3014
3013
3012
3011
3010
3008
3007
3004
3003
3001
3000
2999
2998
2997
2996
2994
2993
2991
2988
2987
2984
2982
2981
2979
2978
2977
2975
2974
2973
2972
2971
2970
2969
2968
2966
2963
2962
2961
2960
2959
2958
2957
2955
2953
2952
2950
2948
2947
2945
2943
2941
2939
2938
2937
2935
2934
2933
2932
2931
2930
2929
2928
2927
2925
2923
2922
2920
2919
2917
2916
2914
2913
2912
2911
2908
2907
2905
2904
2902
2901
2900
2899
2897
2896
2895
2893
2891
2890
2888
2886
2885
2884
2883
2882
2881
2880
2878
2877
2874
2873
2871
2870
2869
2868
2867
2865
2864
2861
2858
2856
2855
2854
2852
2851
2850
2848
2846
2844
2843
2842
2841
2840
2839
2836
2834
2833
2832
2830
2828
2827
2826
2824
2822
2821
2819
2818
2816
2815
2814
2813
2812
2809
2806
2805
2804
2802
2801
2800
2799
2795
2793
2792
2790
2789
2788
2787
2786
2785
2784
2783
2782
2780
2779
2778
2777
2776
2775
2774
2773
2772
2769
2768
2767
2765
2764
2763
2762
2761
2760
2759
2758
2757
2756
2755
2754
2752
2749
2748
2747
2746
2745
2743
2742
2740
2739
2738
2737
2736
2733
2731
2730
2729
2728
2727
2726
2723
2722
2721
2720
2719
2718
2716
2715
2714
2713
2712
2709
2706
2705
2704
2701
2700
2699
2697
2696
2695
2693
2692
2690
2689
2688
2687
2686
2685
2682
2679
2678
2677
2676
2675
2674
2671
2670
2669
2668
2667
2665
2661
1450
171
744
796
743
704
691
757
788
707
791
742
855
822
821
756
740
2660
2659
2658
2657
2656
2654
2653
2652
2651
2650
2649
2647
2644
2642
2641
2640
2639
2638
2636
2635
2631
2629
2628
2627
2626
2625
2623
2622
2621
2619
2618
2617
2616
2615
2614
2613
2611
2610
2609
2608
2606
2605
2603
2602
2601
2600
2599
2598
2597
2596
2595
2594
2590
2588
2585
2584
2583
2582
2581
2580
2579
2578
2577
2576
2575
2574
2573
2572
2570
2568
2566
2565
2564
2563
2562
2560
2559
2558
2557
2556
2555
2554
2552
2550
2549
2546
2544
2542
2541
2539
2537
2535
2533
2532
2531
2530
2528
2527
2526
2525
2523
2521
2520
2518
2517
2516
2515
2514
2511
2509
2508
2507
2506
2505
2504
2503
2502
2501
2499
2497
2495
2494
2493
2492
2490
2488
2485
2484
2483
2482
2481
2480
2479
2477
2476
2475
2474
2473
2471
2467
2466
2465
2464
2463
2462
2461
2459
2458
2457
2456
2455
2454
2450
2447
2446
2445
2444
2443
2439
2438
2437
2435
2433
2432
2431
2430
2429
2428
2426
2425
2423
2422
2420
2419
2418
2417
2416
2415
2413
2411
2410
2409
2408
2407
2404
2403
2401
2398
2397
2396
2394
2393
2392
2391
2390
2389
2387
2386
2385
2383
2381
2380
2379
2378
2376
2375
2374
2373
2372
2370
2368
2367
2364
2363
2362
2359
2358
2357
2356
2354
2353
2352
2351
2350
2349
2347
2345
2343
2342
2340
2339
2336
2335
2334
2333
2332
2331
2330
2329
2328
2327
2326
2325
2324
2323
2322
2320
2319
2318
2317
2315
2312
2311
2310
2309
2308
2307
2305
2304
2303
2302
2301
2299
2298
2297
2296
2294
2293
2291
2290
2289
2287
2286
2285
2284
2283
2282
2280
2278
2277
2276
2275
2268
2267
2263
2262
2261
2260
2259
2258
2257
2255
2254
2253
2252
2251
2250
2249
2248
2247
2246
2245
2242
2241
2240
2239
2238
2237
2235
2234
2232
2231
2229
2228
2227
2226
2225
2224
2223
2222
2221
2220
2219
2218
2217
2215
2214
2212
2211
2210
2209
2208
2206
2205
2204
2203
2202
2201
2200
2198
2197
2196
2194
2193
2192
2191
2187
2186
2185
2183
2182
2181
2180
2177
2176
2175
2174
2172
2171
2170
2167
2165
2163
2162
2157
2156
2154
2152
2151
2150
2149
2147
2146
2145
2144
2142
2141
2140
2137
2136
2135
2133
2132
2130
2129
2128
2127
2126
2125
2124
2122
2120
2119
2118
2117
2116
2115
2114
2110
2109
2108
2107
2105
2104
2101
2099
2098
2097
2096
2095
2093
2092
2089
2088
2087
2086
2085
2080
2078
2077
2076
2075
2074
