0
883
3746
4015
3991
550
3453
668
447
1834
1581
1560
1386
1276
1145
1119
2195
114
15
3820
3846
808
836
757
785
802
725
786
720
758
839
794
812
771
740
783
887
867
879
893
876
751
779
880
728
716
845
814
813
890
820
781
766
765
745
705
696
855
854
853
852
851
850
849
848
847
846
844
843
842
841
840
838
837
835
834
833
832
831
829
827
826
824
822
821
818
817
816
815
810
809
807
806
803
801
799
797
796
795
793
792
791
790
789
788
787
784
782
780
778
777
776
775
774
773
770
768
767
764
763
762
761
760
759
756
755
754
752
750
748
746
744
743
742
741
739
738
737
736
735
734
733
732
731
730
727
726
724
723
722
721
719
718
717
715
714
712
711
710
709
708
707
706
704
703
702
701
700
699
695
694
693
692
691
690
689
688
687
4006
3992
3987
3990
4036
3997
3890
3954
3653
3759
3818
3819
3541
3473
3445
3855
3905
3652
3783
3836
3757
3591
3558
3486
3812
3682
3466
3949
3932
3685
3588
3710
3663
3791
3500
3719
3468
3972
3945
3754
3668
3511
3510
3464
3936
3907
3840
3740
3698
3470
3864
3813
3583
3543
3722
3627
3526
3484
895
894
892
891
889
888
886
885
884
882
881
878
877
875
874
873
872
871
870
869
866
864
863
861
860
859
858
856
830
828
825
823
819
811
805
804
800
798
772
769
753
747
729
713
697
686
4027
4004
4038
4037
4035
4034
4033
4032
4030
4029
4028
4026
4025
4024
4023
4022
4021
4020
4019
4018
4017
4016
4014
4013
4012
4009
4008
4007
4005
4003
4002
4001
4000
3999
3998
3996
3995
3994
3993
3988
3986
3985
3984
3983
3982
3981
3925
3904
3566
3977
3976
3975
3974
3973
3969
3967
3965
3963
3960
3959
3958
3957
3956
3955
3953
3952
3951
3947
3946
3941
3940
3939
3937
3934
3933
3931
3924
3923
3922
3921
3920
3919
3918
3917
3915
3914
3913
3912
3911
3910
3909
3906
3903
3902
3901
3900
3899
3898
3897
3896
3895
3894
3893
3892
3887
3885
3883
3882
3881
3880
3879
3878
3876
3875
3874
3871
3870
3869
3868
3867
3866
3865
3863
3862
3859
3857
3856
3854
3853
3850
3849
3848
3844
3843
3837
3835
3834
3833
3832
3829
3827
3826
3823
3822
3821
3816
3815
3814
3811
3810
3809
3808
3807
3806
3803
3802
3801
3799
3798
3794
3793
3792
3789
3787
3786
3784
3782
3781
3778
3777
3776
3775
3774
3773
3771
3770
3769
3768
3767
3766
3765
3764
3763
3761
3758
3753
3752
3751
3749
3748
3747
3745
3744
3743
3742
3739
3737
3735
3733
3732
3730
3729
3728
3727
3726
3725
3724
3720
3718
3717
3716
3715
3714
3713
3711
3709
3708
3706
3705
3704
3701
3700
3699
3696
3695
3694
3691
3690
3686
3681
3680
3679
3678
3676
3675
3673
3671
3669
3666
3665
3664
3662
3660
3659
3657
3655
3650
3649
3648
3647
3646
3645
3644
3643
3641
3640
3639
3638
3636
3634
3632
3631
3630
3629
3628
3624
3623
3622
3620
3619
3617
3616
3615
3614
3613
3612
3608
3607
3606
3602
3601
3599
3598
3597
3595
3594
3593
3587
3585
3584
3582
3581
3580
3579
3572
3571
3570
3569
3568
3567
3564
3562
3560
3555
3554
3553
3549
3546
3544
3542
3539
3538
3537
3536
3535
3534
3532
3531
3530
3529
3528
3524
3523
3519
3518
3516
3515
3513
3509
3508
3507
3506
3505
3503
3502
3499
3498
3497
3494
3493
3490
3489
3488
3485
3483
3482
3481
3479
3478
3476
3474
3472
3469
3467
3465
3463
3460
3459
3458
3457
3451
3450
3447
3446
3444
3443
3442
3441
3439
3736
3670
3661
3635
3926
3455
3731
3605
3574
3559
3452
3575
3845
3838
3790
3527
3475
3491
3929
3785
3772
3707
3658
3637
3603
3590
3565
3462
3831
3795
3852
3702
3689
3839
3712
3547
3504
3496
3888
3847
3610
3477
3928
3828
3788
3578
3533
3514
3979
3916
3891
3626
3589
3522
3642
3611
3512
3964
3942
3927
3825
3738
3604
3817
3688
3492
3672
3552
3521
3520
3966
3760
3656
3480
3471
3970
3950
3889
3683
3573
3563
3551
3978
3944
3930
3908
3860
3824
3796
3667
3625
3548
3448
3962
3884
3873
3858
3841
3830
3804
3800
3762
3693
3687
3654
3618
3557
3461
3449
3438
3971
3968
3938
3842
3805
3780
3755
3734
3703
3697
3600
3596
3576
3545
3779
3684
3621
3586
3517
3501
868
865
857
698
2963
3125
4031
4011
3989
3980
642
626
573
627
583
617
631
3961
3861
3723
3487
3454
3437
654
586
356
401
383
498
666
365
362
474
1510
1760
1430
1599
1147
1394
1168
1418
3948
3943
3886
3877
3872
3851
3797
3756
3750
3741
3721
3692
3677
3674
3651
3633
3609
3592
3577
3561
3556
3550
3540
3525
3495
3456
3440
862
1253
1094
943
1869
1306
1139
1131
970
1220
1541
944
1633
1556
977
965
1429
1904
1672
1089
1281
1259
1704
1451
1284
1020
1295
941
1676
1831
1725
1482
1159
940
1497
1776
1889
1588
1421
1203
1144
1601
1493
1468
1319
1216
1137
1097
1307
1820
1786
1382
1309
969
919
1857
1824
1706
1636
1596
1583
1479
1438
1396
1277
1221
1120
994
902
1436
1650
1148
917
677
653
1710
536
494
1681
1385
1348
551
435
557
502
489
450
355
1631
1349
656
538
521
1882
1878
1790
1397
1374
1122
1080
537
1383
926
1580
1116
1653
1409
1181
1818
1368
1609
1528
1816
1623
1604
1547
1447
1370
1351
1341
1323
1083
1003
999
1800
1700
1449
1267
1092
1026
1813
1608
1603
1584
1407
1389
1291
1185
2382
2632
2528
1956
2008
2424
2437
2570
2034
2584
2524
2476
2397
2158
2119
1942
2535
2105
2452
2391
2213
2449
2314
2035
2023
2540
2622
2493
2160
1990
2532
2500
2499
2469
2271
2114
504
485
421
1536
1408
667
604
545
525
508
479
463
404
402
2798
2788
3407
2998
3053
3368
3401
3203
2855
2811
3336
3083
3429
3270
3235
3218
3122
2799
3190
3088
3141
2895
2736
3343
2930
3221
2768
3392
3298
3209
3109
3041
3013
2992
2846
2712
3371
3009
2989
3015
2739
2818
3388
2949
2682
3349
2723
3081
3220
3257
3119
2987
3420
3301
3056
3036
3219
3187
2871
3267
3049
3193
2706
3262
3255
2701
3077
2721
3382
3318
2889
2834
3085
3026
2994
2974
2911
2827
2761
2757
2738
3093
2832
3050
2841
3014
2985
2750
3198
2955
2844
3363
3184
3142
3064
3029
3022
2967
2920
2910
2906
2872
2835
2754
2749
3300
3130
2978
2789
3353
3192
3051
2951
2737
3397
3344
3330
3291
3272
3252
3206
3188
3146
3115
2708
2687
3432
1146
1792
1555
1305
1173
1049
3258
1477
1283
1140
1098
1087
1008
3179
3011
1561
3168
2724
1779
1639
1509
1175
946
3278
3164
501
454
685
684
683
682
681
680
679
678
676
675
674
673
672
671
670
669
665
664
663
662
661
660
659
658
657
655
652
650
648
647
646
645
644
643
640
639
638
637
636
635
634
633
632
630
628
625
624
623
622
621
620
619
618
616
615
614
613
612
611
610
609
607
606
605
603
602
600
599
598
597
595
594
593
592
591
590
589
588
587
585
584
582
581
579
578
577
576
575
574
556
524
465
434
422
400
1025
572
571
570
569
568
567
565
564
562
561
560
559
558
555
554
553
552
548
547
546
544
543
542
541
540
539
535
534
533
532
531
530
529
528
527
523
522
520
519
518
516
515
514
513
512
511
510
509
507
506
505
503
500
499
497
496
495
493
492
491
490
488
487
486
483
482
481
480
478
477
473
472
471
470
469
468
467
466
462
461
460
459
458
457
456
455
453
452
451
449
448
446
445
444
443
442
440
439
438
437
436
433
432
431
430
429
427
426
425
424
423
419
418
417
416
415
413
412
411
410
409
408
407
406
405
403
398
397
396
395
394
392
391
390
388
387
386
385
384
382
381
380
379
378
377
375
374
373
372
371
370
369
368
367
361
360
359
358
357
354
352
350
349
1412
1035
1911
1910
1908
1907
1906
1905
1903
1902
1901
1900
1899
1898
1897
1896
1895
1894
1893
1892
1891
1890
1888
1887
1886
1885
1884
1883
1881
1880
1879
1877
1876
1875
1874
1873
1872
1871
1870
1868
1867
1866
1865
1864
1862
1861
1860
1859
1858
1856
1855
1854
1853
1851
1850
1849
1848
1847
1845
1844
1843
1842
1841
1840
1839
1838
1837
1835
1833
1832
1830
1829
1828
1827
1826
1825
1823
1822
1821
1819
1815
1814
1812
1811
1810
1809
1808
1807
1806
1805
1804
1803
1802
1801
1799
1798
1797
1796
1795
1794
1793
1791
1789
1788
1787
1785
1784
1783
1781
1778
1777
1775
1774
1773
1772
1771
1770
1768
1767
1766
1765
1764
1763
1762
1761
1759
1757
1756
1755
1754
1753
1752
1751
1750
1749
1748
1747
1746
1745
1744
1743
1742
1741
1740
1739
1738
1737
1736
1735
1734
1733
1732
1731
1730
1729
1728
1727
1724
1723
1722
1721
1720
1719
1717
1716
1715
1714
1713
1712
1711
1709
1708
1707
1705
1703
1701
1699
1698
1696
1695
1694
1693
1692
1691
1690
1689
1688
1687
1686
1685
1683
1682
1680
1679
1678
1677
1675
1674
1673
1671
1670
1669
1668
1667
1665
1664
1662
1661
1660
1659
1658
1657
1655
1654
1652
1651
1649
1648
1647
1646
1645
1644
1643
1641
1640
1638
1637
1635
1634
1632
1630
1629
1628
1627
1625
1624
1622
1620
1619
1616
1615
1614
1613
1612
1611
1610
1607
1606
1605
1602
1600
1598
1597
1595
1594
1593
1592
1591
1589
1587
1586
1585
1582
1579
1578
1576
1575
1574
1573
1572
1571
1570
1569
1568
1567
1566
1565
1564
1563
1562
1559
1558
1557
1554
1553
1552
1551
1550
1548
1546
1545
1544
1543
1542
1539
1538
1537
1535
1533
1532
1531
1530
1529
1527
1526
1525
1524
1523
1521
1520
1519
1518
1517
1516
1515
1514
1512
1511
1508
1507
1506
1504
1503
1502
1501
1500
1499
1498
1496
1495
1494
1492
1491
1490
1489
1488
1487
1484
1483
1481
1480
1478
1476
1475
1474
1473
1472
1471
1470
1469
1467
1464
1463
1462
1461
1460
1459
1457
1456
1455
1454
1453
1452
1448
1446
1445
1444
1443
1442
1441
1439
1437
1435
1434
1433
1432
1431
1428
1427
1426
1425
1424
1423
1422
1420
1419
1417
1416
1415
1414
1413
1411
1410
1406
1404
1403
1402
1401
1400
1399
1398
1395
1393
1392
1391
1390
1388
1384
1381
1380
1379
1378
1377
1375
1373
1372
1371
1367
1366
1365
1364
1363
1360
1359
1358
1357
1356
1355
1354
1353
1350
1347
1346
1345
1344
1343
1342
1340
1339
1338
1337
1336
1335
1333
1332
1331
1330
1329
1328
1326
1325
1324
1322
1321
1320
1318
1317
1316
1315
1314
1313
1311
1310
1308
1304
1303
1302
1301
1300
1299
1298
1296
1294
1293
1292
1290
1289
1288
1287
1286
1285
1282
1280
1279
1278
1275
1274
1273
1272
1271
1270
1269
1268
1266
1265
1264
1263
1262
1261
1260
1258
1257
1256
1255
1254
1252
1251
1250
1249
1248
1247
1246
1245
1244
1243
1242
1241
1240
1239
1238
1237
1236
1235
1234
1233
1232
1231
1230
1229
1228
1227
1226
1225
1224
1223
1222
1219
1218
1217
1215
1214
1213
1212
1211
1210
1209
1208
1207
1206
1205
1204
1202
1201
1200
1199
1198
1195
1194
1192
1191
1190
1189
1188
1187
1186
1184
1183
1180
1179
1178
1177
1176
1174
1172
1170
1169
1167
1166
1164
1163
1162
1161
1160
1158
1157
1156
1155
1154
1153
1152
1151
1150
1149
1143
1142
1141
1138
1136
1135
1134
1133
1132
1130
1129
1128
1127
1125
1124
1123
1121
1118
1117
1115
1114
1113
1112
1111
1110
1109
1108
1107
1106
1105
1104
1103
1102
1101
1100
1099
1096
1095
1093
1091
1090
1088
1086
1085
1084
1082
1081
1079
1078
1077
1076
1075
1074
1073
1072
1071
1070
1069
1068
1067
1066
1065
1064
1063
1062
1061
1060
1059
1058
1057
1056
1055
1054
1053
1052
1051
1050
1048
1047
1046
1045
1044
1043
1042
1041
1040
1039
1038
1037
1036
1034
1033
1032
1030
1029
1027
1024
1023
1022
1021
1019
1018
1017
1016
1015
1014
1013
1012
1011
1010
1009
1007
1006
1005
1004
1002
1001
1000
998
997
996
995
993
992
991
989
988
987
986
985
984
983
982
981
980
979
978
976
975
974
973
972
971
968
967
966
964
963
962
961
960
959
958
957
956
955
954
953
952
951
950
949
948
947
945
942
939
938
937
936
935
934
933
932
931
930
929
928
927
925
924
923
922
920
918
916
915
914
913
912
911
910
909
908
907
906
905
903
901
900
899
898
897
896
651
641
629
601
596
580
566
526
517
484
475
420
389
376
366
363
353
2443
2638
2615
2579
2542
2446
2429
2428
2423
2261
2131
2064
1925
1918
2334
2166
2014
2474
2362
2557
2126
1930
2312
2623
2568
1987
2585
2389
2061
2000
2626
2027
2009
1957
2588
2571
1465
2537
2415
2609
2516
2420
2315
2594
2379
2318
2235
2226
2191
2026
1941
2582
2125
2010
1954
1909
1863
1852
1846
1836
1817
1782
1780
1769
1702
1697
1663
1626
1621
1618
1617
1590
1540
1522
1513
1485
1458
1440
1376
1369
1361
1352
1334
1327
1312
1197
1196
1182
1165
1126
1028
921
2918
2659
2658
2657
2656
2655
2654
2652
2651
2650
2648
2646
2645
2644
2642
2641
2639
2637
2634
2633
2631
2630
2628
2627
2625
2624
2621
2620
2619
2618
2616
2614
2613
2612
2611
2610
2608
2607
2606
2605
2604
2603
2602
2601
