1013
4035
699
550
3992
3183
674
358
2269
43
571
749
892
4015
4010
4007
4024
710
851
4006
3987
4012
3984
3031
3856
3748
2457
12
1119
2569
2195
3570
585
1386
11
3407
244
581
145
205
443
2857
2792
1065
138
860
3688
253
1693
3717
112
454
2481
2442
3689
2204
3565
201
166
3939
3544
235
3424
260
259
8
91
3477
245
110
264
174
3744
841
642
282
4025
3990
879
866
894
743
757
744
4016
4036
4029
692
891
801
875
4008
686
687
688
693
694
695
696
697
698
701
703
705
706
708
711
713
714
716
718
719
720
722
723
724
726
727
728
730
731
732
734
736
737
738
739
741
742
745
747
748
751
752
753
754
755
758
760
764
765
766
769
770
771
772
773
774
777
778
779
780
781
782
783
784
787
789
792
793
794
795
797
799
800
803
804
805
806
807
809
810
814
815
817
818
819
820
821
822
823
824
827
828
829
830
831
833
834
835
836
837
838
839
840
842
844
845
847
848
849
853
856
889
709
712
729
762
763
768
850
876
843
861
863
826
878
715
813
746
759
786
816
888
756
690
707
811
689
776
808
791
812
882
767
880
886
725
733
885
702
740
761
869
700
796
867
872
890
874
871
870
881
887
798
873
691
825
846
895
704
721
735
802
858
864
788
877
594
790
832
855
884
893
717
852
854
785
4026
4037
750
859
775
3983
4032
4034
4001
883
4022
3980
3982
3998
4023
4030
4004
4021
3994
3997
4031
4009
4000
4014
3995
4038
3986
4017
4019
3981
4020
4018
3988
4002
3989
4013
3985
4027
3993
4003
4011
3996
3999
3991
4033
4005
3709
3071
292
613
215
209
3729
1096
447
1834
3650
1581
668
2079
3798
2596
114
2470
3451
638
602
210
18
3230
607
3453
2842
37
3853
1206
608
1560
74
624
1466
1145
3974
15
287
335
3820
3935
911
918
4028
233
33
42
3268
256
3746
90
3846
47
401
286
377
255
1224
3885
179
241
468
52
1854
1326
3875
2788
160
2740
267
1967
3922
1394
305
1276
3854
1262
379
1395
3807
3134
3037
1430
3808
1690
1270
3125
2814
3879
2704
1755
154
183
2541
2382
316
3282
2691
234
3704
3589
1176
3408
35
3959
3942
153
3732
3006
216
70
279
1558
1233
648
1586
1046
2595
2483
383
386
182
1208
81
3801
904
157
301
1627
3691
356
1760
97
3560
411
155
1027
49
1071
3733
1253
2808
2168
76
667
899
71
247
61
3811
2798
2975
228
1353
2380
1002
2860
294
2998
164
3597
293
2722
1194
3928
3816
1034
2178
3375
1362
2527
1105
207
656
1252
448
3467
499
336
321
2952
2714
240
3699
1546
3955
3413
3582
191
2922
660
3575
2106
192
453
3946
307
552
3121
384
3003
124
3954
1996
270
572
467
2838
288
3781
220
868
202
2565
120
327
1474
865
1383
289
3882
3537
3653
652
945
3978
3953
1713
530
3897
262
406
3952
3494
1969
673
1510
190
3619
3143
2441
3965
3865
1031
1856
3588
2885
125
1937
3147
2963
1651
1200
1022
3686
3765
3673
206
2971
3910
1890
1762
2855
996
464
3887
2817
2437
1711
3849
472
193
3271
2774
1797
1442
3742
3074
3694
3055
351
3127
1057
283
3444
1657
910
2980
2634
250
3489
3925
3606
2230
1295
3844
2015
3676
3227
1777
1607
1776
349
371
1486
2692
1476
3890
2219
1354
610
3805
1038
34
3637
2431
1346
1157
2167
46
3795
1417
1147
3839
3429
3059
929
27
3787
3678
3290
1264
3310
562
219
2736
593
2422
152
671
485
3305
1579
1455
649
2505
95
269
1254
147
1838
987
3447
2671
1133
498
3727
1521
476
3848
3513
6
3661
3632
1151
3665
3175
1297
1240
533
3751
2721
3963
3745
32
