0
3988
841
3922
3729
74
205
443
883
2857
3570
2788
4016
3709
3928
15
3589
613
3946
52
871
879
859
851
846
788
744
692
3751
3031
624
4029
256
349
1057
865
945
335
3999
3856
3453
4006
3885
4008
2792
3269
918
2860
1065
2195
3537
4035
454
1854
183
3983
377
2952
244
3183
743
2388
279
1690
288
1034
3853
3974
4022
3230
386
1937
3820
2168
668
1996
47
4001
1119
602
2798
255
472
3560
193
4034
379
97
70
3282
607
610
2722
3074
358
286
1326
61
2565
1797
3887
2691
3781
4007
4025
3990
453
468
192
858
877
802
791
771
725
689
870
884
888
895
890
887
885
872
790
750
740
878
876
825
737
818
796
733
806
710
762
704
700
711
765
836
691
786
782
863
861
804
814
850
690
839
789
816
732
714
821
894
893
892
891
889
886
882
881
875
874
873
869
867
866
864
860
811
798
776
795
778
734
727
724
695
880
844
800
741
812
777
773
709
766
753
708
853
847
815
772
752
706
705
720
849
848
837
831
803
792
783
774
770
754
745
718
688
819
797
748
694
856
820
817
779
759
730
728
697
855
854
852
845
843
842
840
834
833
832
829
827
826
822
813
810
809
808
799
794
793
787
785
784
781
780
769
768
767
763
761
760
758
756
755
751
749
746
742
739
738
736
735
731
729
726
723
722
721
719
717
716
715
713
712
707
702
701
699
698
696
693
835
830
828
824
823
807
805
764
747
703
687
686
838
868
757
801
4036
4005
4019
4026
4003
3986
3996
4021
3998
3981
4030
4000
3982
4032
4004
4023
3989
4037
4033
4028
4018
4017
4015
4014
4011
4010
4009
4002
3997
3995
3994
3993
3992
3987
3985
3984
4038
4027
4020
4013
3991
3980
4031
4012
4024
594
667
2106
2481
110
162
264
293
147
35
321
86
149
2
343
226
316
208
16
127
2632
1949
2893
2316
2442
2595
2621
2450
2263
2437
2193
2238
2041
2245
2167
2105
2320
2076
2034
2587
1988
2577
2424
1915
2535
2162
2152
2486
2426
2349
1978
2570
2487
2301
2534
229
96
4
79
63
126
29
311
259
216
106
133
328
306
181
333
116
111
91
8
139
265
28
14
224
62
144
174
284
159
344
318
212
296
131
337
41
204
219
95
6
195
294
307
225
314
27
317
84
330
299
88
57
301
177
143
132
20
165
121
117
309
281
167
338
331
242
187
240
190
175
155
124
83
312
115
326
137
228
188
476
198
628
552
384
572
3180
3227
3147
3127
3105
3006
3121
3044
3099
2855
3401
3376
347
152
302
231
80
40
5
1
329
22
257
249
211
158
13
258
325
251
186
161
345
342
290
272
223
169
142
98
72
10
332
322
313
297
291
285
276
261
232
213
207
203
185
128
118
82
66
55
26
25
21
9
2337
1950
2016
2012
2633
2061
2558
2435
2013
2217
2503
2488
2373
2341
2456
2422
2375
2251
2129
2120
2113
2100
2051
1934
2644
2402
2230
2562
2440
2412
2008
1975
2006
2583
2494
2346
2297
2284
2192
2657
2585
1999
1924
1998
2126
1982
2017
2357
2146
2651
2540
2342
2219
1974
1960
2141
2455
1931
1921
2493
2514
2362
2581
2383
2092
1961
2359
2154
2606
2553
2055
2622
2464
2258
2164
2307
2376
2370
2356
2354
2352
2339
2326
2179
2098
2566
2406
2654
2554
2521
2408
2391
2363
2311
2037
1986
1963
2401
2270
2066
1944
2218
1942
3389
3088
2692
3310
2646
2619
2601
2593
2563
2556
2526
2485
2469
2308
2237
2220
2216
2200
2188
2124
2122
2064
1966
1917
2425
2291
2600
2578
2546
2532
2504
2500
2467
2454
2392
2348
2323
2299
2288
2276
2253
2190
2172
2150
2140
2123
2118
2109
2086
2083
2045
1984
1979
1962
1946
1943
1929
2536
2580
2497
2453
2403
2397
2371
2272
2214
2205
2085
2036
2023
1930
2659
2658
2656
2655
2650
2639
2638
2634
2631
2630
2628
2627
2625
2624
2614
2613
2596
2591
2579
2574
2573
2564
2552
2549
2548
2545
2528
2527
2524
2523
2517
2515
2513
2506
2505
2499
2490
2489
2484
2483
2477
2476
2474
2466
2460
2457
2452
2448
2446
2444
2443
2441
2439
2433
2431
2421
2418
2414
2411
2409
2407
2405
2404
2386
2382
2381
2374
2365
2364
2360
2353
2350
2335
2331
2321
2318
2317
2314
2290
2287
2286
2281
2278
2277
2269
2265
2262
2261
2260
2256
2255
2248
2244
2240
2236
2231
2227
2213
2212
2207
2204
2201
2197
2186
2182
2181
2175
2173
2170
2166
2165
2160
2159
2158
2156
2139
2136
2130
2119
2115
2112
2107
2104
2103
2097
2094
2093
2091
2089
2088
2084
2082
2080
2079
2077
2074
2073
2070
2060
2059
2058
2056
2050
2049
2035
2030
2025
2021
2020
2019
2015
2014
2011
2001
1997
1992
1990
1989
1983
1980
1977
1971
1958
1957
1956
1953
1936
1933
1927
1925
1922
1919
1918
1914
2733
119
64
346
341
340
334
327
324
323
320
319
310
305
303
300
298
295
289
287
282
280
278
277
275
274
273
271
270
269
268
267
266
263
260
254
253
252
250
248
245
243
241
239
238
237
236
235
233
230
227
222
221
220
218
214
210
209
201
200
199
197
196
194
191
184
182
180
179
178
176
172
170
168
166
163
160
153
151
148
145
141
140
138
135
134
130
129
125
123
114
113
112
109
108
105
104
102
101
100
99
94
93
92
89
85
78
77
76
75
73
71
69
68
65
60
59
54
53
51
50
49
48
46
45
44
43
39
38
37
36
33
32
31
30
24
23
19
17
12
11
7
3
393
441
501
351
595
576
659
643
663
622
627
615
599
675
665
662
658
632
600
583
577
605
464
202
625
532
499
617
2802
2809
2819
3367
3156
3030
2861
3218
3141
3425
3408
3013
3112
3050
2997
3428
3143
3094
3251
3181
2949
3305
3189
2886
3046
3041
3235
3063
2983
2933
3208
2685
3388
3400
3123
2714
3423
3009
2731
3215
2907
3429
3402
2924
2805
3092
3276
2732
2850
3243
3029
2977
3114
2751
3144
2741
2746
3293
2715
2868
2784
3281
3318
2972
2993
2987
3413
2791
2725
3055
2774
3025
2794
2766
3080
2887
2690
3098
2681
3354
3122
3053
3254
3148
3110
3380
3342
2825
2747
2723
3394
2729
3249
2846
3014
2773
2666
3225
2823
3158
2884
3152
3365
3286
3036
2945
2917
2854
2679
3433
3119
3399
3339
3250
3166
2919
2910
2863
2756
2664
3364
3257
3047
3026
2698
3327
2771
2808
2990
3229
3045
2837
2843
2832
3299
3130
3362
3052
2986
2974
2969
2948
2944
2911
2877
2864
2839
2743
2689
3193
3054
3382
3311
2982
2889
3323
2668
3244
2962
2696
2867
3387
3384
3195
3090
3056
3023
3000
2988
2928
2920
2806
2738
2717
2680
2673
3212
3341
3091
2879
2767
2699
3237
3232
3228
3085
3084
3078
3065
3064
3022
2960
2874
2872
2750
2745
2683
2676
3349
3329
3300
3139
3104
2978
2789
2804
3332
3330
3252
2970
2904
2853
2780
3298
3296
3262
3247
3116
2797
2674
2701
3196
2760
3377
3261
3012
2935
3097
3369
3358
3264
3192
2955
2918
2783
2744
2735
3432
3396
2882
3256
3107
2984
2865
2768
2716
2645
2538
2171
2024
2048
2660
2647
2640
2636
2378
2225
2027
2004
1991
1951
339
315
308
304
246
156
146
122
120
103
87
67
56
2131
2576
2520
2427
2410
2044
2298
2022
2018
2000
1976
2641
2447
2157
2009
1995
1928
2459
2432
2626
2202
2116
1935
1913
2305
2531
2400
2312
2249
2557
2029
2529
2429
2324
1972
1969
2618
2358
2031
2210
2530
2361
2313
2252
2228
2099
2473
2329
2584
2449
2393
2303
2234
2147
2067
2635
2610
2480
2322
2310
2211
2209
2114
1965
2185
2648
2620
1973
1968
2387
2572
2259
2110
1987
2571
2568
2522
2462
2177
2235
2222
2096
2603
2229
2069
2003
2479
2415
2390
2396
2285
2243
2075
1981
2637
2612
2525
2366
2345
2296
2267
2242
2239
2145
1964
2594
2519
2416
2232
2161
1954
1923
2273
2605
2434
2304
2226
2026
2498
2652
2599
2537
2501
2445
2438
2325
2280
2274
2135
2133
2063
2623
2617
2615
2611
2607
2604
2602
2590
2586
2575
2561
2560
2559
2551
2550
2543
2542
2539
2509
2507
2495
2492
2482
2478
2468
2451
2430
2428
2423
2395
2379
2369
2367
2340
2334
2309
2306
2300
2275
2271
2257
2208
2206
2184
2142
2137
2128
2121
2108
2095
2090
2078
2057
2046
2043
2040
2033
2005
1993
1985
1955
1938
1926
2643
2597
2461
2295
2233
2163
2653
2598
2589
2508
2420
2398
2336
2180
2144
2134
2028
1947
2642
2544
2518
2344
2343
2246
2221
2174
2151
2125
2052
2007
1970
1952
1939
3424
3313
3221
2858
2841
2700
3419
3316
3280
3206
3146
3082
3007
2844
2765
3043
2813
2831
2688
3321
3038
2672
2665
3288
3076
3395
2871
3214
3198
3185
2836
3374
2707
3420
3285
3371
3434
3422
3421
3409
3224
3150
3120
3106
3034
2989
2793
2772
2742
2720
2713
3178
3159
2820
3024
3405
2830
3356
3331
3191
3051
2900
3320
3350
3297
3267
3199
3170
3113
3060
3021
2992
2980
2937
2936
2849
2828
2812
2781
2753
2748
2719
3366
3334
3308
3273
3203
3154
3133
3086
3081
3077
3068
3019
3018
3001
2957
2951
2934
2845
2829
2779
2730
2711
1546
1105
3319
3201
2938
2693
2649
2592
2533
2496
2399
2351
2347
2333
2292
2289
2266
2203
2191
2183
2117
2068
2065
2047
1920
1474
1147
985
1912
478
530
486
380
3431
3335
3117
2894
2704
217
189
150
677
672
611
603
1022
655
574
612
522
682
657
619
609
597
593
592
579
372
666
644
647
407
562
571
568
564
551
550
543
533
498
477
467
466
449
429
424
411
401
399
364
371
653
685
684
681
680
679
670
664
661
660
650
648
640
639
636
635
633
631
626
623
621
618
616
608
598
589
588
582
581
578
575
573
480
427
173
554
516
470
382
474
510
458
678
630
540
519
403
437
535
448
445
495
620
656
521
649
1090
3278
3124
2727
3375
2999
3436
3435
3430
3427
3426
3418
3417
3416
3415
3414
3411
3403
3397
3393
3392
3391
3390
3383
3381
3379
3378
3373
3372
3370
3368
3363
3360
3359
3357
3355
3353
3352
3351
3348
3347
3346
3345
3344
3343
3340
3338
3337
3336
3333
3328
3326
3325
3324
3322
3317
3315
3314
3312
3309
3307
3306
3304
3303
3302
3301
3294
3292
3291
3287
3284
3283
3279
3277
3275
3274
3272
3271
3270
3266
3265
3260
3259
