3202
3170
151
599
701
2034
2600
2902
190
1803
2559
3076
3199
3682
128
289
389
399
401
992
1096
1177
1776
1910
1998
2072
2205
2554
2599
2635
2788
3163
3247
3429
3679
3712
3862
3947
735
933
1135
1169
1216
1303
1763
2579
2665
2803
2938
2987
3111
3207
3282
3339
3420
3426
3461
3579
3621
3792
3845
14
102
106
114
297
307
475
725
935
998
1269
1373
1394
1415
1450
1768
1906
2213
2263
2300
2310
2358
2640
2695
2714
2753
3080
3112
3130
3146
3256
3344
3645
3647
3691
3757
3811
3928
3956
3977
3991
39
40
122
254
339
390
391
518
547
576
617
680
833
857
941
1008
1070
1158
1265
1318
1377
1396
1478
1483
1543
1647
1700
1767
1789
1948
2014
2020
2053
2064
2225
2275
2386
2518
2535
2581
2627
2634
2670
2678
2783
2856
2879
2901
2907
2976
3074
3171
3319
3383
3432
3457
3610
3816
3822
3824
3857
5
16
34
70
158
205
226
242
282
346
356
363
406
408
414
420
513
517
583
609
612
620
626
699
705
707
730
734
747
799
800
805
823
825
841
866
872
875
943
1000
1025
1055
1123
1149
1172
1183
1198
1232
1244
1256
1264
1286
1297
1324
1327
1372
1376
1412
1467
1481
1610
1673
1686
1687
1717
1729
1772
1788
1886
1909
1913
1985
2005
2062
2095
2130
2316
2322
2325
2355
2370
2413
2461
2474
2495
2590
2698
2789
2847
2864
2932
2933
2966
2969
3015
3033
3059
3150
3164
3192
3218
3242
3349
3354
3357
3503
3507
3519
3551
3557
3561
3562
3659
3742
3791
3810
3814
3844
3855
3864
3882
3923
3927
3997
4037
31
36
82
115
130
137
192
196
267
268
287
309
378
404
462
474
478
486
492
496
498
573
590
597
651
664
741
755
774
794
804
820
850
874
886
917
961
977
991
994
995
1023
1031
1083
1084
1145
1162
1164
1175
1204
1205
1213
1215
1226
1307
1342
1363
1364
1389
1432
1449
1459
1504
1559
1570
1573
1581
1590
1592
1628
1641
1665
1675
1679
1714
1743
1744
1783
1804
1807
1808
1815
1821
1849
1876
1885
1912
1924
1951
1980
2033
2054
2066
2096
2172
2177
2188
2198
2202
2207
2234
2277
2299
2301
2317
2340
2351
2388
2409
2411
2423
2429
2455
2507
2546
2576
2584
2591
2613
2655
2667
2675
2690
2706
2757
2791
2810
2915
2916
2927
2928
2936
2959
2960
2973
2986
3013
3068
3072
3110
3173
3187
3193
3213
3237
3250
3254
3257
3265
3267
3272
3299
3334
3336
3340
3369
3380
3391
3430
3437
3451
3468
3475
3479
3481
3536
3538
3583
3594
3630
3639
3648
3701
3752
3753
3772
3804
3847
3945
3962
3998
19
33
62
88
103
124
163
202
217
222
229
246
284
285
292
317
320
322
330
340
353
416
433
473
491
503
523
545
550
615
659
665
685
695
714
721
744
745
753
762
772
778
809
851
877
893
901
973
974
980
981
989
997
1013
1014
1043
1046
1061
1069
1088
1100
1103
1168
1195
1197
1229
1230
1287
1339
1345
1348
1378
1398
1427
1446
1453
1500
1508
1514
1520
1530
1541
1560
1583
1601
1603
1622
1637
1668
1699
1705
1710
1728
1740
1746
1754
1778
1782
1800
1841
1842
1857
1879
1890
1950
1968
2013
2040
2041
2057
2103
2114
2123
2132
2179
2203
2223
2236
2242
2304
2324
2328
2352
2363
2376
2391
2400
2403
2430
2447
2450
2483
2510
2539
2542
2547
2552
2557
2601
2617
2636
2638
2715
2725
2732
2749
2761
2798
2811
2813
2826
2843
2845
2859
2862
2894
2896
2918
2946
2949
2952
2955
2982
3005
3009
3026
3031
3037
3062
3075
3079
3095
3098
3102
3109
3179
3181
3205
3251
3270
3280
3293
3296
3300
3307
3331
3337
3343
3345
3371
3440
3469
3554
3585
3588
3616
3628
3640
3668
3686
3693
3700
3707
3722
3728
3730
3751
3759
3764
3788
3850
3869
3875
3890
3892
3913
3924
3940
3941
3965
3979
3992
4038
3
10
18
46
51
97
118
127
133
144
157
159
173
186
208
215
218
221
225
244
248
260
265
276
305
312
324
334
359
361
366
368
370
386
422
431
461
465
466
470
472
479
481
485
493
494
499
511
532
542
560
566
568
584
613
624
628
642
650
683
691
717
733
740
761
765
770
784
789
793
808
810
839
852
856
876
885
911
929
976
987
1003
1007
1010
1016
1017
1021
1026
1028
1036
1045
1056
1071
1075
1078
1087
1091
1113
1116
1144
1147
1160
1190
1200
1218
1231
1250
1263
1271
1276
1301
1306
1362
1380
1402
1403
1410
1437
1440
1442
1456
1458
1497
1499
1501
1526
1555
1562
1616
1619
1643
1646
1689
1698
1709
1741
1787
1813
1818
1835
1837
1838
1859
1864
1872
1897
1898
1916
1923
1930
1931
1938
1953
1963
1971
1995
2006
2021
2055
2060
2067
2083
2086
2110
2148
2167
2174
2192
2229
2250
2279
2281
2282
2306
2312
2338
2348
2354
2367
2375
2389
2438
2442
2446
2452
2468
2469
2481
2502
2504
2508
2526
2534
2541
2563
2567
2577
2597
2622
2625
2632
2639
2644
2647
2674
2676
2677
2679
2704
2710
2726
2754
2767
2775
2812
2820
2837
2854
2855
2871
2872
2889
2900
2905
2913
2926
2930
2940
2997
3000
3001
3024
3057
3064
3070
3071
3073
3081
3099
3105
3115
3119
3145
3148
3178
3186
3197
3204
3221
3225
3261
3275
3304
3312
3322
3325
3341
3355
3364
3366
3373
3379
3384
3394
3413
3414
3427
3433
3435
3443
3454
3491
3496
3499
3518
3523
3565
3589
3598
3601
3608
3644
3652
3711
3727
3729
3740
3749
3756
3774
3797
3801
3803
3805
3812
3861
3925
3943
3946
3953
3969
3975
3982
3988
3996
3999
4003
4015
4023
0
6
8
15
20
24
52
53
73
76
84
90
121
126
136
141
143
155
187
206
211
223
235
243
249
257
273
275
280
286
295
299
302
310
360
372
373
377
384
387
411
413
423
439
444
459
483
505
506
514
580
582
585
587
604
611
616
619
622
635
643
645
671
672
675
678
684
754
760
796
801
831
843
878
887
898
900
921
927
928
934
944
947
955
962
963
967
975
979
982
986
1011
1027
1029
1038
1040
1085
1097
1112
