0
585
292
801
2569
918
215
3570
3451
4012
33
4006
3006
1690
3134
1145
4010
4024
638
1581
3453
692
607
210
3709
1466
911
3935
3798
668
1206
37
602
674
4008
114
3183
2457
4015
883
3748
74
4035
613
447
3729
358
3820
550
2470
2596
209
891
3853
608
3974
2269
2195
1834
3856
1560
4022
12
43
15
3071
892
3650
11
3031
2842
335
624
1386
1119
287
1096
2079
875
18
3984
3230
3987
3746
3268
4001
4029
3846
3407
42
581
642
256
244
233
282
90
4032
377
47
744
279
859
183
3885
160
401
286
468
841
3282
2541
216
4034
1854
1326
648
255
3942
3875
750
35
4028
3732
1394
1224
241
205
4036
138
3983
775
749
699
52
3879
2704
1430
234
2740
1967
1065
443
1262
70
3959
1395
1276
1233
145
3408
154
1755
3922
3125
860
316
3589
2382
2814
1176
2788
1558
3854
1270
379
267
3688
2857
153
3704
3808
305
3807
179
3037
2691
3801
2792
81
301
1693
1627
4005
2595
1208
386
336
383
182
3717
3413
253
3699
2481
1046
3691
2483
1760
411
4033
904
854
660
3992
2922
1027
667
293
207
191
76
3991
3597
2442
2952
2722
97
3955
2798
2178
499
164
155
3575
2168
1071
571
157
3816
899
321
240
228
3999
3744
2975
2380
785
454
247
112
2860
1252
448
294
656
3811
3689
3560
2998
2808
2714
1586
1253
356
4016
3990
1546
71
4007
3733
3582
1362
61
3928
1034
3375
757
743
124
4037
4025
3996
3467
49
1353
4011
4038
4031
4030
4027
4026
4023
4021
4020
4019
4018
4017
4014
4013
4009
4004
4003
4002
4000
3998
3997
3995
3994
3993
3989
3988
3986
3985
3982
3981
3980
174
3537
1713
1651
1383
868
206
190
3952
3939
3897
2885
1002
717
552
201
3946
3673
2963
2527
865
652
530
406
3965
3953
3865
3781
3565
3271
2565
2204
2106
1996
1937
1194
1031
894
893
855
384
327
3954
3910
3882
3686
3588
3121
2441
1856
1200
996
884
852
788
673
594
572
467
453
307
289
262
220
192
125
120
3978
3887
3765
3653
3494
2838
1969
1762
1474
1105
945
851
832
790
485
464
288
270
202
3844
3676
3619
3606
3544
3143
3003
2971
2855
2634
2230
1776
1711
1510
1442
1295
1264
1038
1022
866
802
704
264
245
166
27
3893
3890
3859
3849
3806
3795
3700
3694
3678
3652
3504
3457
3310
3305
3290
3217
3175
3074
3059
2899
2824
2736
2621
2580
2505
2431
2422
2358
1855
1777
1476
1417
1157
1147
1087
1057
929
910
877
873
846
791
691
671
593
562
533
472
371
296
110
83
46
34
3979
3977
3976
3975
3973
3972
3971
3970
3969
3968
3967
3966
3964
3963
3962
3961
3960
3958
3957
3956
3951
3950
3949
3948
3947
3945
3944
3943
3941
3940
3938
3937
3936
3934
3933
3932
3931
3930
3929
3927
3926
3925
3924
3923
3921
3920
3919
3918
3917
3916
3915
3914
3913
3912
3911
3909
3908
3907
3906
3905
3904
3903
3902
3901
3900
3899
3898
3896
3895
3894
3892
3891
3889
3888
3886
3884
3883
3881
3880
3878
3877
3876
3874
3873
3872
3871
3870
3869
3868
3867
3866
3864
3863
3862
3861
3860
3858
3857
3855
3852
3851
3850
3848
3847
3845
3843
3842
3841
3840
3839
3838
3837
3836
3835
3834
3833
3832
3831
3830
3829
3828
3827
3826
3825
3824
3823
3822
3821
3819
3818
3817
3815
3814
3813
3812
3810
3809
3805
3804
3803
3802
3800
3799
3797
3796
3794
3793
3792
3791
3790
3789
3788
3787
3786
3785
3784
3783
3782
3780
3779
3778
3777
3776
3775
3774
3773
3772
3771
3770
3769
3768
3767
3766
3764
3763
3762
3761
3760
3759
3758
3757
3756
3755
3754
3753
3752
3751
3750
3749
3747
3745
3743
3742
3741
3740
3739
3738
3737
3736
3735
3734
3731
3730
3728
3727
3726
3725
3724
3723
3722
3721
3720
3719
3718
3716
3715
3714
3713
3712
3711
3710
3708
3707
3706
3705
3703
3702
3701
3698
3697
3696
3695
3693
3692
3690
3687
3685
3684
3683
3682
3681
3680
3679
3677
3675
3674
3672
3671
3670
3669
3668
3667
3666
3665
3664
3663
3662
3661
3660
3659
3658
3657
3656
3655
3654
3651
3649
3648
3647
3646
3645
3644
3643
3642
3641
3640
3639
3638
3637
3636
3635
3634
3633
3632
3631
3630
3629
3628
3627
3626
3625
3624
3623
3622
3621
3620
3618
3617
3616
3615
3614
3613
3612
3611
3610
3609
3608
3607
3605
3604
3603
3602
3601
3600
3599
3598
3596
3595
3594
3593
3592
3591
3590
3587
3586
3585
