0
4025
287
244
447
613
37
883
2079
1386
3729
624
805
1252
383
11
1476
1586
1326
114
153
918
585
183
3582
801
3748
3691
3959
1693
2470
674
3230
3619
3447
607
581
358
2824
42
2457
3413
3031
3749
1755
4010
642
1046
377
799
746
893
882
871
895
879
861
740
791
725
735
850
837
702
715
877
874
867
750
704
845
763
716
806
888
753
737
758
748
687
813
816
767
712
817
778
848
829
827
810
795
772
754
745
722
711
705
697
824
833
782
820
773
731
771
847
777
752
751
734
727
726
724
856
894
892
891
890
889
887
886
885
884
881
880
878
876
875
873
872
870
869
866
864
863
860
859
858
828
804
774
719
708
854
853
851
849
846
844
843
842
841
840
839
838
836
835
834
832
831
830
826
825
823
822
821
819
818
815
814
812
811
809
808
807
803
802
800
797
796
794
793
792
790
789
788
787
786
785
784
783
781
780
779
776
775
770
768
766
765
764
762
761
760
759
757
756
755
747
744
743
742
741
739
738
736
733
732
730
729
728
723
721
720
718
714
713
710
709
707
706
703
701
700
699
696
695
694
693
692
691
690
689
688
769
698
855
686
798
717
852
282
4007
4033
3996
3989
4034
3990
4017
3985
4005
3999
4000
3993
4026
4021
3986
3994
4013
4011
4036
4035
4032
4030
4029
4028
4024
4023
4019
4018
4016
4014
4012
4009
4006
4004
4003
4002
4001
3998
3997
3995
3992
3991
3988
3987
3984
3983
3982
3981
4038
4037
4031
4027
3980
4020
4022
749
3502
3589
3513
3976
3865
35
138
32
167
151
83
3700
3588
3626
3652
3946
3767
3876
3555
3954
3827
3751
3572
3963
3706
3631
3439
3659
3806
3932
3848
3844
3647
3941
3745
3770
3686
3725
3503
3591
3973
3931
3834
3818
3473
3622
3649
3942
3794
3620
3897
3819
3739
3657
3541
3664
3922
3727
3441
3795
3949
3906
3919
3840
3608
3592
3590
3470
3898
3581
3479
3909
3951
3896
3826
3511
3920
3783
3655
3478
3947
3690
3835
3615
3658
3629
3924
3486
3905
3662
3913
3730
3707
3542
3698
3472
3799
3675
3940
3845
3878
3584
3532
3524
3836
3895
3738
3680
3602
3601
3510
3474
3881
3515
3945
3763
3969
3903
3810
3792
3719
3711
3643
3593
3850
3740
3728
3713
3710
3553
3505
3442
3462
3528
3814
3549
3628
3645
3469
3466
3526
3578
868
3551
3733
3621
3463
3444
3530
3673
3547
532
24
311
206
234
106
71
70
143
262
564
399
131
321
86
68
46
17
139
55
283
192
137
19
174
229
50
201
8
84
29
16
346
320
300
328
275
4
268
330
254
101
337
310
243
93
28
165
281
227
144
116
99
61
51
214
111
14
319
219
147
180
326
54
48
65
85
105
94
208
185
224
204
178
130
57
235
324
290
212
104
40
3
298
276
231
221
169
132
128
72
345
334
297
284
274
271
248
223
159
98
88
25
291
38
31
2541
2380
2527
2441
2402
2632
2614
2219
2170
2252
2094
2524
2080
2577
2181
1933
2548
2217
2100
2238
2358
2230
2089
2442
2067
2019
2517
2270
2316
2231
2197
2565
2041
1996
1937
2650
2490
2349
2320
2076
1958
2397
2265
2156
1960
2651
2013
1957
2535
2481
2152
1986
2540
2403
2585
2388
2373
2306
2124
1998
2082
2622
2412
2160
2129
1915
2658
2027
2636
2626
2341
2016
1968
1931
1914
2299
3006
3376
3333
2767
3367
2884
3235
2776
3282
3074
2799
3128
3305
3200
2963
3323
2889
3336
3126
3066
2983
2933
3251
2902
2732
3338
3028
2805
2871
3382
3202
3238
2843
2816
2801
3354
3271
2876
3144
3317
3030
2809
3163
2791
3055
2774
3121
2687
2854
3425
3109
3306
2996
2821
2891
3348
3394
3392
3153
2794
3058
3123
2798
2741
2664
3400
2874
3312
2990
2829
3024
3215
3422
2823
2914
2846
2720
2747
3410
3015
3303
3294
3286
3220
2695
3318
3311
2670
2759
2672
3334
2692
3056
2931
2862
3435
3433
3243
3119
3073
2987
2907
2810
2729
3195
3108
3010
3192
3146
3115
3016
3052
3226
3078
3047
3022
2994
2960
2919
2911
2839
2800
2777
2754
2694
2683
3349
3277
3242
3387
3284
3174
2872
2755
2717
3428
3426
3137
3104
3090
2851
2786
2726
2710
3369
472
3299
2894
3011
3107
2997
2935
2878
562
406
382
361
3279
3276
3075
3326
3396
3160
3076
3176
3211
2668
3345
2840
2702
2803
3944
3702
3966
3852
3573
3559
3950
3575
3918
3813
3804
3790
3744
3736
3695
3669
3635
3613
3605
3563
3518
3481
3712
3610
3873
3828
3756
3625
3780
3491
3889
3824
3440
3438
3831
3734
3618
3514
3449
3448
3979
3978
3977
3975
3974
3972
3971
3970
3968
3967
3965
3964
3960
3958
3957
3956
3955
3953
3952
3939
3938
3937
3936
3935
3934
3933
3930
3929
3928
3927
3926
3925
3923
3921
3917
3916
3915
3914
3912
3911
3910
3908
3907
3904
3902
3901
3900
3899
3894
3893
3892
3891
3890
3888
3887
3885
3884
3883
3882
3880
3875
3874
3871
3870
3869
3868
3867
3866
3864
3863
3862
3860
3859
3858
3857
3856
3855
3854
3853
3851
3849
3847
3846
3843
3842
3841
3839
3838
3837
3833
3832
3829
3825
3823
3822
3821
3817
3816
3815
3812
3811
3809
3808
3805
3803
3802
3800
3796
3793
3791
3789
3788
3787
3786
3785
3784
3782
3781
3778
3777
3776
3775
3774
3773
3772
3771
3769
3768
3766
3765
3764
3762
3761
3760
3759
3758
3757
3755
3754
3753
3752
3750
3747
3743
3742
3741
3737
3735
3732
3731
3726
3724
3722
3721
3720
3718
3717
3716
3715
3714
3709
3708
3705
3704
3703
3701
3699
3697
3696
3693
3688
3687
3685
3683
3682
3681
3679
3678
3676
3672
3671
3670
3668
3667
3666
3665
3663
3661
3660
3656
3654
3653
3651
3648
3646
3644
3642
3641
3640
3639
3638
3637
3636
3634
3632
3630
3627
3624
3623
3617
3616
3614
3612
3611
3607
3606
3604
3603
3600
3599
3598
3597
3596
3595
3594
3587
3585
3583
3580
3579
3576
3574
3571
3570
3569
3568
3567
3566
3565
3564
3562
3561
3560
3558
3557
3554
3552
3550
3548
3546
3545
3544
3543
3539
3538
3537
3536
3535
3534
3533
3531
3529
3527
3525
3523
3522
3521
3520
3519
3516
3512
3509
3508
3507
3506
3504
3500
3499
3498
3497
3496
3494
3493
3492
3490
3489
3488
3485
3484
3483
3482
3480
3477
3476
3475
3471
3468
3467
3465
3464
3461
3460
3459
3458
3457
3455
3453
3452
3450
3446
3445
3443
857
3797
3779
3684
3633
3609
3586
3517
3495
865
3272
3431
3389
3383
3274
3190
3046
2836
2882
3411
2965
3343
3161
3043
2790
571
448
594
672
611
621
603
575
612
622
617
573
675
576
632
578
681
659
627
615
595
3961
3861
3723
3487
3454
673
597
202
486
522
466
498
572
568
554
549
530
508
501
499
476
467
464
454
453
443
441
437
429
424
411
393
386
379
372
371
364
356
351
349
329
347
344
343
342
341
340
338
336
335
333
332
331
327
325
323
318
317
314
313
312
309
308
307
306
305
303
302
301
299
296
295
294
293
289
286
280
279
278
277
273
272
270
267
266
265
264
263
261
260
259
258
257
256
255
253
252
251
250
249
247
245
242
241
240
239
238
237
236
233
232
230
228
226
225
222
220
218
216
211
210
209
207
205
203
200
199
198
197
196
195
194
193
191
190
188
187
186
184
182
181
177
176
175
172
170
168
166
164
163
162
161
160
158
157
155
154
152
150
149
148
145
142
141
140
135
134
133
129
127
126
124
123
122
121
120
119
118
117
115
113
112
109
108
102
100
96
95
92
91
90
89
87
82
80
79
78
77
76
75
74
73
69
66
63
62
60
59
53
49
47
45
44
41
39
36
33
30
27
26
23
22
20
18
13
12
10
9
6
5
2
1
586
579
609
618
362
2426
2162
2647
2004
1995
339
322
315
304
285
246
213
156
146
125
103
67
56
21
7
2638
2495
2331
2150
2109
2033
1997
2044
2655
2423
2359
2352
2307
2303
2276
2261
2257
2253
2140
2115
2078
2644
2497
2335
2286
2248
2107
2085
2383
2240
2234
2218
2063
1942
2639
2225
2000
2615
2564
2526
2520
2464
2376
2339
2172
2112
1989
1963
2493
2346
1976
2630
2625
2611
2575
2573
2560
2521
2414
2381
2369
2326
2323
2308
2300
2278
2216
2201
2200
2188
2179
2154
2104
2103
2077
2046
2045
2020
1993
1979
1962
1943
1938
1917
1982
2660
2583
2018
2210
2312
2550
2056
2453
2362
2313
2646
2525
2480
2211
2209
2205
2126
1930
1952
2612
2531
2459
2522
2065
2623
2429
2473
2542
1966
2057
2296
2277
2226
1964
2180
2137
2572
1985
2538
1951
1927
2501
2479
2438
2432
2415
2396
2294
2222
1939
2617
2608
2434
2379
2367
1941
1923
2295
2163
2138
2134
1916
2400
2659
2657
2656
2654
2652
2648
2645
2642
2641
2640
2637
2635
2634
2633
2631
2628
2627
2624
2621
2620
2619
2618
2613
2610
2607
2606
2605
2604
2603
2602
2601
2600
2599
2596
2593
2591
2590
2587
2586
2584
2581
2580
2579
2578
2576
2574
2571
2570
2568
2566
2563
2562
2561
2559
2558
2557
2556
2554
2553
2552
2551
2549
2546
2545
2539
2537
2536
2534
2533
2532
2528
2523
2518
2516
2515
2514
2513
2507
2506
2505
2504
2503
2502
2500
2499
2496
2494
2492
2489
2488
2487
2486
2485
2484
2482
2478
2477
2476
2474
2469
2467
2466
2462
2460
2456
2455
2454
2452
2450
2449
2448
2447
2446
2445
2444
2443
2440
2439
2437
2436
2435
2433
2431
2430
2428
2427
2425
2424
2422
2421
2418
2417
2416
2413
2411
2410
2409
2408
2407
2406
2405
2404
2401
2395
2393
2392
2391
2390
2387
2386
2382
2378
2375
2374
2371
2370
2366
2365
2364
2363
2361
2360
2357
2356
2354
2353
2350
2348
2345
2343
2342
2340
2338
2337
2334
2329
2324
2322
2321
2318
2317
2314
2311
2310
2309
2305
2304
2301
2297
2293
2291
2290
2288
2287
2284
2281
2280
2275
2274
2272
2271
2269
2263
2262
2260
2259
2258
2256
2255
2251
2249
2245
2244
2243
2242
2237
2236
2235
2233
2232
2229
2228
2227
2221
2220
2214
2213
2212
2208
2207
2206
2204
2202
2198
2195
2193
2192
2190
2186
2184
2182
2178
2177
2175
2173
2171
2169
2168
2167
2166
2165
2164
2161
2159
2158
2157
2147
2146
2145
2142
2141
2139
2136
2131
2130
2125
2123
2122
2121
2120
2119
2118
2116
2114
2113
2110
2108
2106
2105
2101
2099
2098
2097
2096
2095
2093
2092
2091
2090
2088
2086
2084
2083
2075
2074
2073
2070
2069
2066
2064
2061
2060
2059
2058
2055
2051
2050
2049
2048
2043
2040
2037
2036
2035
2034
2031
2030
2029
2026
2025
2024
2023
2022
2021
2017
2015
2014
2012
2011
2009
2008
2006
2005
2001
1999
1994
1992
1991
1990
1988
1987
1984
1983
1981
1980
1978
1977
1975
1974
1973
1972
1971
1970
1969
1965
1961
1956
1953
1950
1949
1946
1944
1936
1935
1934
1929
1928
1926
1925
1924
1922
1921
1919
1918
3187
2858
2675
3379
3370
3327
3210
3027
2900
2779
2711
2662
3405
3395
2811
3036
2924
2920
2905
2815
2705
2680
3111
2958
3223
3062
2696
2947
2697
3415
3298
3295
3285
3207
3154
2845
3172
2812
3162
3051
2995
2724
678
663
3275
3256
3255
3196
3167
3145
3087
3032
2819
2783
2758
3335
3416
3397
3188
3116
3102
2853
3398
3259
3086
3077
3061
2946
2685
3434
3403
3360
3347
3344
3332
3297
3267
3261
3224
3198
3155
3097
3089
3070
3060
3049
3035
3021
3017
2992
2863
2833
2793
2787
2748
2661
3081
2856
2831
3310
3156
2802
1477
3375
3103
2999
2688
3436
3430
3429
3427
3424
3423
3421
3419
3418
3417
3414
3412
3409
3408
3407
3406
3402
3401
3399
3393
3391
3390
3388
3386
3384
3381
3380
3378
3377
3374
3373
3372
3371
3368
3365
3364
3363
3362
3359
3358
3357
3356
3355
3353
3352
3351
3350
3346
3342
3341
3340
3339
3337
3330
3329
3325
3324
3322
3321
3320
3319
3316
3315
3314
3313
3309
3308
3307
3302
3301
3300
3296
3293
3292
3291
3288
3287
3283
3281
3280
3273
3270
3269
3268
3266
3264
3262
3260
3257
3254
3253
3252
3250
3249
3247
3246
3244
3241
3240
3239
3237
3236
3234
3233
3232
3231
3229
3228
3227
3225
3221
3219
3218
3217
3216
3214
3213
3212
3209
3208
3206
3204
3203
3201
3199
3197
3194
3193
3191
3189
3185
3184
3182
3181
3180
3179
3177
3175
3173
3171
3170
3169
3168
3166
3159
3158
3157
3152
3151
3150
3149
3148
3147
3143
3142
3141
3140
3139
3138
3136
3135
3133
3132
3131
3130
3129
3127
3125
3124
3122
3120
3118
3117
3114
3113
3112
3110
3106
3105
3099
3098
3096
3095
3094
3093
3092
3091
3088
3085
3084
3083
3082
3080
3079
3072
3071
3069
3068
3067
3065
3064
3063
3059
3054
3053
3050
3048
3045
3044
3042
3041
3040
3039
3038
3033
3029
3026
3025
3023
3019
3018
3014
3013
3012
3009
3008
3007
3004
3002
3000
2998
2993
2991
2989
2988
2986
2985
2984
2982
2981
2980
2978
2977
2975
2974
2973
2972
2971
2970
2969
2967
2966
2961
2959
2957
2956
2955
2954
2953
2952
2951
2950
2949
2948
2945
2944
2943
2942
2940
2939
2937
2936
2934
2932
2930
2929
2928
2927
2926
2925
2923
2922
2921
2918
2917
2916
2915
2913
2912
2910
2909
2908
2906
2904
2901
2899
2898
2897
2896
2895
2893
2890
2888
2887
2886
2881
2880
2879
2877
2875
2873
2870
2868
2867
2866
2865
2864
2861
2860
2859
2857
2855
2852
2850
2849
2848
2847
2844
2842
2841
2838
2837
2835
2834
2832
2830
2828
2827
2826
2820
2818
2817
2814
2808
2807
2806
2804
2797
2796
2795
2792
2789
2785
2784
2782
2781
2780
2778
2773
2772
2771
2770
2769
2768
2766
2765
2763
2762
2761
2757
2756
2753
2752
2751
2750
2749
2746
2745
2744
2743
2742
2739
2738
2737
2736
2735
2734
2733
2731
2730
2728
2727
2723
2722
2721
2719
2718
2716
2715
2714
2713
2712
2709
2708
2706
2703
2701
2700
2699
2698
2690
2689
2686
2684
2682
2681
2679
2676
2674
2673
2671
2669
2667
2666
2665
2663
2941
2938
2903
2764
2725
3290
2885
2740
2704
904
217
189
64
365
474
635
478
385
533
529
445
552
543
426
384
3258
3245
3186
3020
2707
548
539
418
367
495
470
449
354
557
455
403
355
421
569
387
360
551
381
652
555
547
531
519
502
491
490
489
473
458
452
450
442
413
410
396
390
388
359
570
535
510
463
536
521
540
1417
1105
1558
996
1372
3432
3205
2825
1461
1213
3165
2964
1510
3289
2976
3420
3178
3034
2813
929
986
937
900
1234
909
1415
1784
1251
985
3962
3948
3943
3886
3877
3872
3830
3692
3677
3674
3577
3556
3540
3501
3456
3437
1421
862
1760
1094
1106
1681
949
1325
1043
955
1862
1115
1884
1682
1576
1592
1716
1021
1624
1089
1208
1134
3361
3328
3248
3164
3057
3005
2968
2883
2760
2678
1432
1655
1438
1379
1279
1129
1036
956
1873
1315
1292
1190
975
902
1770
1756
1748
1907
1691
1596
1462
1541
1259
1139
1295
420
