0
4027
2079
757
287
1834
3230
1119
832
790
785
1096
744
699
4029
4001
307
3071
3453
282
3853
42
3650
1065
335
279
3922
1326
241
205
1145
47
11
160
1002
215
18
3031
3582
351
3688
401
3729
244
292
15
3183
1776
3333
668
3959
674
454
301
33
749
859
870
881
894
895
886
743
878
855
717
869
840
887
874
873
872
850
890
861
836
797
715
854
846
720
763
728
817
762
711
752
838
807
793
787
759
758
718
725
893
889
888
885
883
882
880
879
877
876
875
871
867
866
865
864
863
858
825
729
708
819
769
748
709
705
701
812
800
798
774
737
837
695
853
784
834
824
815
792
772
740
726
724
723
696
687
802
806
833
786
796
795
822
816
782
742
736
856
852
851
849
848
847
845
844
843
842
841
835
831
830
829
828
827
826
823
821
820
814
813
811
810
809
808
805
804
803
801
799
794
791
788
783
781
780
779
778
777
776
775
773
771
770
766
765
764
761
760
756
755
754
753
751
750
747
746
745
741
739
738
735
734
731
730
727
722
721
719
716
713
710
707
706
704
703
702
700
698
697
694
693
692
691
690
689
688
818
789
768
767
733
732
714
712
686
839
4011
4004
4006
4003
4037
3981
3992
4036
4005
4009
4002
3994
4031
4025
4016
4013
594
4012
4033
3982
4026
4030
4021
4038
4035
4034
4028
4024
4023
4022
4020
4019
4018
4017
4015
4014
4010
4007
4000
3999
3998
3997
3996
3991
3990
3989
3987
3986
3984
3995
3993
3988
3980
3985
3983
4032
4008
498
468
3733
3560
3925
3716
3801
3806
3827
3781
3965
3704
3603
3811
3755
499
453
576
575
665
662
658
615
583
661
659
643
595
621
623
49
3507
3588
3954
3904
3457
3691
3632
3767
3979
3659
3544
3671
3476
3772
3789
3720
3920
3809
3766
3846
3727
3444
3610
3551
3813
3644
3607
3944
3963
3547
3708
3736
3652
3489
3548
3929
3783
3478
3703
3763
3587
3725
3844
3699
3638
3439
3500
3459
3762
3618
3880
3943
3921
3815
3715
3666
3498
3455
3508
3505
3626
3491
3480
3976
3870
3539
3905
3834
3680
3481
3719
3711
3493
3574
3972
3812
3536
3743
3445
3825
3532
3793
3617
3564
3499
3673
3504
3909
3777
3681
3970
3512
3483
3581
3950
3635
3932
3630
3855
3803
3569
3969
3924
3895
3786
3754
3706
3631
3623
3511
3911
3669
3577
3492
3771
3446
3731
3730
3640
3542
3485
3850
3639
3594
3516
3637
3926
3526
3967
3464
3595
3541
3966
3852
3484
3553
3521
3878
3866
3823
3758
3718
3956
3945
3829
3784
3761
3668
3602
3469
3460
3443
3837
3757
3701
3579
3931
3906
3714
3591
3486
3891
3559
3900
3822
3810
3593
3642
3873
3838
3800
3788
3596
3517
3448
3438
3894
3977
3936
3773
3728
3713
3705
3663
3590
3472
3949
3546
3971
3968
3938
3734
3684
3545
868
1627
1394
1693
1430
647
622
633
685
682
672
631
605
664
603
592
680
657
644
618
480
572
467
654
586
437
386
383
530
666
2178
667
3487
3454
365
359
470
610
466
555
448
478
571
523
508
452
473
360
510
495
369
501
684
681
675
670
663
660
652
650
648
646
640
638
636
635
632
628
627
626
625
620
619
617
616
614
613
612
611
600
599
598
597
593
590
589
588
585
584
582
581
579
578
577
574
573
316
178
76
93
220
192
69
3886
3721
3674
3633
3556
3540
3495
3456
862
907
1031
1301
3978
3975
3974
3973
3964
3962
3961
3960
3958
3957
3955
3953
3952
3951
3948
3947
3941
3940
3939
3937
3934
3933
3930
3928
3927
3923
3919
3918
3917
3916
3915
3914
3913
3912
3910
3908
3907
3903
3902
3901
3899
3898
3896
3893
3892
3890
3889
3888
3887
3884
3883
3882
3881
3879
3877
3876
3875
3874
3872
3871
3869
3868
3867
3865
3864
3863
3862
3861
3860
3859
3858
3857
3854
3851
3849
3848
3847
3845
3843
3842
3841
3840
3839
3836
3835
3833
3832
3831
3830
3828
3826
3824
3821
3820
3819
3818
3817
3816
3814
3808
3805
3804
3802
3799
3797
3796
3795
3794
3792
3791
3790
3787
3785
3782
3780
3779
3778
3776
3775
3774
3770
3769
3768
3765
3764
3760
3759
3756
3753
3752
3751
3750
3749
3748
3747
3746
3745
3742
3741
3740
3739
3738
3737
3735
3732
3726
3724
3723
3722
3712
3710
3709
3707
3702
3700
3698
3697
3696
3695
3694
3693
3692
3690
3689
3687
3686
3685
3683
3682
3679
3678
3677
3676
3675
3672
3670
3667
3665
3664
3662
3661
3660
3658
3657
3656
3655
3654
3651
3649
3648
3647
3646
3645
3643
3641
3636
3634
3629
3628
3627
3625
3624
3622
3621
3620
3619
3616
3615
3614
3613
3612
3611
3609
3608
3606
3605
3604
3601
3600
3599
3598
3597
3592
3586
3585
3584
3583
3580
3578
3576
3575
3573
3572
3571
3570
3568
3567
3566
3565
3563
3562
3561
3558
3557
3555
3554
3552
3550
3549
3543
3538
3535
3534
3533
3531
3530
3529
3528
3527
3525
3524
3523
3522
3520
3519
3518
3515
3514
3513
3510
3509
3506
3503
3502
3501
3497
3496
3494
3490
3488
3482
3479
3477
3475
3474
3473
3471
3470
3468
3467
3466
3465
3463
3462
3461
3458
3452
3451
3450
3449
3447
3442
3441
3440
857
884
1200
208
269
1027
1510
1162
1176
1414
1588
1579
1203
1654
1690
1325
1187
1887
1743
1443
945
1240
1147
1602
1247
1295
1252
1167
1042
1885
1356
1234
931
1038
1383
1492
1418
1869
1218
979
1061
1474
985
974
1847
938
1723
1892
1141
1704
1760
1296
1260
1188
1812
964
1905
1266
1644
1569
1355
1310
1258
1152
943
1593
1159
1072
1646
1500
1496
1228
1433
1220
1128
1460
1281
1709
1021
994
1073
1821
1091
1089
1397
1180
1840
1759
1703
1640
1378
1363
977
1649
1596
1874
1587
1711
1556
944
1789
1652
1571
1287
1069
1068
1457
1380
1359
1288
1285
1063
1655
1438
1392
1298
1016
1030
1732
941
1801
1886
1562
1101
1712
1538
1488
1289
1899
1508
1495
1347
969
1906
1829
1154
1064
1106
1781
1007
1076
1775
1754
1685
1660
1565
1427
1294
1705
1174
1153
1721
1710
1668
1340
1339
1267
1242
1132
1126
1125
1112
1757
1735
1734
1563
1185
952
1786
1658
1366
1093
1052
914
910
1111
1796
1795
1623
1547
1471
1344
1263
1615
1494
1307
1742
1099
971
1799
1873
1862
1859
1764
1636
1611
1578
1432
1417
1404
1379
1322
1292
1286
1257
1231
1227
1215
1120
1115
1102
1100
1032
989
902
1011
683
634
1901
1628
1595
1423
1060
679
645
639
1679
601
1650
1345
1229
1019
678
677
655
653
630
609
1724
1609
1367
1278
1250
1075
1694
512
511
368
1850
1783
1751
1729
1514
1464
1455
1408
1382
1192
1166
1158
1104
1020
1014
933
671
604
561
560
494
479
422
408
1435
1320
542
474
461
1673
1311
1699
1385
1348
1189
1041
505
380
1357
676
673
669
591
587
570
557
502
491
490
465
458
413
390
354
1767
1744
565
559
553
527
487
482
481
444
419
417
388
385
1855
1778
1677
1645
1529
1512
1358
1237
1122
1114
606
580
540
514
513
496
493
412
409
400
373
366
569
568
562
558
552
551
550
548
547
