0
866
3992
860
602
447
3820
2195
3798
3746
2722
749
892
4033
891
4029
744
3999
4016
692
4035
854
3989
750
4036
796
885
292
210
911
3748
2569
1581
1145
114
1119
74
3071
3451
607
3650
3853
255
47
1224
205
1854
183
3942
234
1262
1395
3959
2483
182
1627
49
157
411
71
1760
247
1194
1353
1034
571
3955
3575
3811
2380
2565
202
3003
3537
1200
1022
562
250
2219
151
857
472
1996
166
865
307
2527
356
97
904
2595
3846
4006
4010
868
667
775
801
3987
4015
4008
594
3991
4001
4022
757
4037
4025
3990
4034
4028
875
883
3984
4024
890
691
894
852
717
4018
3993
4007
4005
4032
3983
4012
808
767
776
700
791
798
825
873
881
735
704
864
851
788
790
832
743
785
3988
4011
841
3996
686
687
688
694
695
696
697
698
701
703
705
706
708
711
713
718
719
724
726
727
728
731
734
737
738
739
745
747
748
752
754
758
760
764
766
770
772
773
774
777
778
779
780
781
783
784
787
792
795
797
800
803
805
807
809
810
814
815
817
818
819
820
823
824
827
828
829
830
834
835
838
839
840
842
845
847
848
849
853
856
720
730
736
741
755
793
804
822
831
844
709
722
732
765
768
769
771
833
693
714
723
751
753
794
799
806
837
712
763
782
789
716
836
843
889
729
742
762
826
863
876
850
878
707
759
813
715
861
888
756
786
821
746
880
816
690
710
811
886
812
882
733
689
702
761
725
740
867
869
872
874
846
871
887
870
721
802
895
879
858
877
893
884
855
3980
3982
3998
4023
4030
4014
4031
3997
4021
3994
4009
4004
4026
4038
3986
4000
3995
4017
4019
3981
4020
4002
3985
4027
4013
4003
699
859
215
585
2596
12
3709
1096
668
2842
550
2470
3031
3935
1560
287
1466
638
1834
918
608
37
15
1206
2269
3230
3729
674
613
3974
3570
358
209
11
335
624
2457
43
3453
2079
1386
3856
18
3183
282
642
581
33
42
256
233
244
145
3407
3268
90
286
3885
241
377
401
179
52
3808
3037
2691
2792
443
3875
468
1270
1394
2788
3807
379
154
70
2740
2541
2382
3732
2704
1755
2857
216
3134
3006
1326
305
3879
648
279
3408
1065
160
153
3125
1233
3922
267
2814
138
1690
1967
3704
3589
316
35
3282
1430
1046
1276
1176
3688
1558
3854
1208
1586
301
81
1027
386
1693
3801
383
253
1071
2168
1253
3691
112
3744
3717
3733
3560
293
155
899
2808
76
1105
1002
454
61
3413
1546
3467
228
336
2998
3816
3699
2178
1252
294
2481
499
660
164
2860
2714
2922
207
240
3928
2975
2442
2952
448
3375
3597
191
1362
3689
321
656
3582
2798
174
192
2106
3954
384
124
327
552
453
467
270
3121
262
120
3897
572
1937
3565
2204
2838
2817
220
201
3653
3619
3946
1383
406
3147
673
3952
2963
1762
3588
3882
3865
3673
3494
3939
3765
3781
3965
2885
2441
652
2855
288
1651
996
1031
1713
3953
1969
1856
530
190
3978
3910
1474
289
3143
2437
2971
125
3686
1890
1510
2774
206
3055
3074
193
945
3887
464
3127
1797
3271
1711
3544
1442
110
3742
