0
872
3988
656
377
3885
2569
4011
3955
2808
447
233
3922
3147
875
668
2457
585
2541
15
3729
2740
1105
4028
4025
3991
4015
1394
3936
1270
1651
1546
454
3131
52
1797
485
2106
3451
602
166
775
35
179
1474
2725
292
2195
2483
1224
638
1058
2034
114
1792
3856
1157
3676
327
2691
2814
267
3801
97
76
2980
443
2736
154
164
648
3650
2596
3887
3597
3570
2971
3282
2466
884
864
859
735
854
757
110
2860
102
3717
3853
1755
2316
4012
205
3689
43
3015
253
390
1034
1254
153
1814
3370
335
1071
3935
459
1145
3436
2100
3811
3408
3305
801
240
3808
2998
3820
399
12
33
1455
215
1262
996
182
3037
95
2527
2595
90
2168
3996
3074
3055
2774
3127
2817
256
3989
4013
4027
4034
4031
4002
3998
4038
4023
3981
4009
4016
4020
4004
4019
3982
3997
3994
4007
594
4021
4037
3995
3985
4030
4026
4036
4024
4018
4010
4003
3993
3992
3990
4017
4014
4000
3980
3986
4033
3999
4035
4032
4029
4008
3984
4022
4006
4005
3983
4001
3987
871
858
870
874
881
879
877
885
876
816
712
691
866
867
776
804
789
888
886
878
746
736
743
699
841
689
714
832
704
822
749
889
771
702
717
894
892
887
883
882
873
861
860
729
890
818
765
893
863
742
707
785
850
833
782
869
811
797
796
737
723
727
809
751
740
826
701
846
843
839
825
813
808
807
806
803
802
791
790
788
783
778
777
767
753
750
732
730
725
721
710
700
819
838
770
848
880
837
715
851
761
855
852
698
794
716
696
793
764
755
720
697
769
687
835
821
792
780
779
709
844
812
760
695
693
688
856
817
758
748
741
831
820
766
759
845
840
768
734
733
728
722
713
708
853
842
815
849
836
830
829
828
827
814
799
787
784
772
763
762
747
745
739
738
731
724
718
686
834
824
823
810
805
800
798
795
781
774
756
754
726
703
690
773
752
719
711
706
705
694
847
895
786
692
744
891
868
865
3781
3447
3939
3946
3952
3932
3965
3776
3767
3585
3844
3716
3439
3513
3834
3590
3473
3724
3499
3941
3792
3890
3493
3644
3976
3783
3678
3470
3664
3840
3607
3482
3598
3477
3660
3602
3879
3700
3522
3712
3543
3630
3476
3641
3771
3967
3539
3679
3546
3619
3622
3859
3690
3706
3813
3669
3502
3701
3515
3933
3768
3799
3623
3899
3759
3964
3809
3696
3655
3587
3500
3478
3715
3917
3874
3871
3636
3803
3620
3896
3816
3608
3652
3958
3905
3814
3682
3549
3490
3868
3857
3789
3648
3458
3848
3647
3616
3466
3728
3516
3481
3881
3713
3666
3739
3567
3541
3538
3898
3479
3589
3900
3555
3836
3794
3509
3931
3793
3883
3581
3903
3855
3719
3646
3770
3459
3551
3504
3786
3584
3535
3483
3698
3498
3708
3571
3823
3554
3511
3850
3705
3940
3945
3761
3866
3764
3645
3532
3774
3924
3909
3826
3680
3593
3506
3486
3862
3835
3802
3778
3769
3753
3685
3553
3526
3624
3580
3531
3819
3743
3906
3529
3977
3921
3907
3791
3773
3710
3615
3508
3472
3536
3600
195
3566
3503
3467
3730
3565
3755
3765
3573
3944
3628
3979
3916
3772
3626
3610
3564
3843
3617
3612
3915
3510
3474
3888
3518
3736
3552
3454
3908
3661
3485
3852
3556
3703
3957
3919
3918
3911
3760
3695
3563
3523
3702
3950
3795
3779
3547
3491
3928
3578
3741
3914
3542
3462
3832
3785
3642
3576
3528
3656
3858
3687
3635
3574
3884
3484
3737
3480
468
3464
3460
3817
3487
3975
3973
3972
3970
3969
3966
3963
3961
3960
3959
3956
3954
3953
3951
3949
3947
3937
3934
3926
3925
3923
3920
3913
3912
3904
3901
3897
3895
3894
3893
3892
3891
3882
3880
3878
3876
3870
3869
3867
3865
3864
3863
3854
3845
3837
3833
3831
3829
3827
3822
3821
3818
3815
3812
3810
3804
3790
3788
3784
3782
3777
3775
3766
3763
3758
3757
3754
3752
3751
3749
3748
3747
3740
3735
3732
3725
3723
3722
3720
3718
3714
3711
3704
3694
3688
3681
3675
3673
3671
3670
3668
3663
3662
3659
3657
3654
3653
3649
3643
3640
3639
3638
3634
3631
3629
3627
3614
3613
3606
3601
3599
3595
3594
3592
3591
3588
3583
3579
3572
3569
3568
3562
3558
3550
3544
3534
3530
3527
3524
3521
3520
3519
3514
3512
3507
3505
3497
3494
3489
3475
3471
3469
3468
3465
3463
3461
3457
3455
3450
3446
3445
3443
3442
3441
3440
857
3338
3063
147
78
3889
3873
3930
3902
3838
3780
3731
3672
3611
3605
3559
3533
3488
3452
3438
3968
3707
3683
3674
3658
3637
3603
3545
3517
3492
3886
3841
3618
3586
3525
3962
3948
3851
3847
3839
3828
3684
3651
3540
3942
3927
3825
3738
3978
3938
3929
3872
3860
3797
3796
3721
3697
3667
3625
3621
3548
3448
862
3971
3842
3830
3824
3800
3762
3750
3734
3693
3633
3609
3604
3596
3577
3557
3501
3449
1295
1154
650
659
581
600
665
582
658
635
627
577
661
643
578
685
664
672
611
453
411
605
3849
3726
3496
3444
3437
351
448
532
501
476
530
3028
3367
3401
3376
2732
3389
2769
3012
3413
2707
3143
2804
2714
3155
3121
3418
3425
2935
2933
3069
3175
2746
3311
2767
2834
3227
2805
2942
3157
3328
3202
3208
2723
3279
3357
3133
218
181
273
592
680
633
603
677
636
625
616
588
586
528
437
533
384
381
505
380
509
466
653
618
365
666
657
655
619
612
3151
3308
2822
3432
1342
1252
955
923
3943
3877
3756
3692
3677
3561
3495
3456
1477
1395
1383
1749
1442
940
1264
1521
1094
457
1134
1654
1168
1220
1463
1143
1433
958
1880
1493
992
1244
540
480
407
405
684
682
681
675
670
663
662
647
642
640
639
632
631
628
623
622
615
607
599
597
595
583
576
575
573
498
490
474
361
449
552
433
678
584
574
3861
477
554
531
469
357
568
564
549
534
522
516
499
489
486
467
441
435
429
418
413
410
406
393
386
385
382
379
364
349
198
569
571
541
491
359
652
610
546
502
426
396
455
2926
3171
2987
3156
2954
2771
3377
3334
3424
3248
2898
2949
3423
2879
2670
2876
3110
2848
3045
2820
2964
3199
2889
2891
3139
2726
3281
3039
3197
2702
2895
3371
3210
3402
3013
3112
3372
3251
2893
3422
2965
2710
3141
3170
2751
3340
3246
2776
2803
3349
3264
2950
3421
3333
2978
2807
3223
2900
2671
2981
2756
3218
2715
2878
3393
3058
2923
3166
3368
3083
2997
2983
2830
2682
3398
2957
2823
2684
2967
3323
2686
2708
3314
3283
3343
3236
3032
2941
2843
3410
2713
2962
2918
2718
2929
2766
2858
3029
3142
2794
3167
3229
3331
3173
3124
2875
2845
3336
3310
3126
3066
2958
3238
2705
3295
2697
2696
3373
2759
3316
3235
3204
3145
2802
3216
3200
3329
3095
2991
2916
3188
2996
2832
2905
2852
3091
2721
2735
2700
3272
3117
2887
2821
3030
3135
3119
2919
3111
3254
3178
2709
3088
3369
3342
3312
3431
3212
3109
3067
3365
3341
3255
3301
3226
3104
3040
2896
2773
2754
3060
2836
2675
2672
3048
2979
3162
3399
3304
2969
2884
2755
2741
3001
2881
3072
2813
3094
2748
3315
3228
3042
2948
2931
2920
2835
2681
3101
3075
3392
2762
3406
3319
3297
3240
3209
3160
3132
3079
3027
3021
3017
2904
2828
3433
3257
3243
3025
2928
2888
2862
2798
2760
2797
3090
2993
2786
3403
3256
3215
3189
3187
3138
3043
2999
2844
2801
2739
2665
3374
3024
2840
2668
3346
3332
3273
3266
3221
3186
3176
3086
3062
3018
2865
2829
2728
3320
2859
3360
3321
3260
3198
3106
3089
3051
3041
2990
2989
2984
2936
2914
2846
2793
2712
2687
3285
3177
3118
3009
2758
3294
3293
3286
3213
3193
3052
2946
2910
2880
2743
2689
2673
3262
3258
3076
3325
3318
3008
2972
2959
2703
3430
3324
3033
2909
2872
2757
2749
2729
3303
2806
3205
2693
3345
3136
3081
3375
3390
3364
3250
3195
3036
2943
2925
2912
2877
2873
2867
2815
2717
2664
3419
3350
3344
3288
3267
3247
3206
3192
3097
3035
2970
2849
2778
2772
3384
3363
3362
3348
3339
3284
3274
3232
3184
3174
3149
3129
3098
3085
3047
3026
3000
2994
2985
2974
2966
2956
2911
2908
2906
2839
2750
2694
2683
2680
2679
2666
3313
3214
3211
2841
2690
3114
3084
2890
2851
2789
3152
2737
3434
3411
3381
3353
3347
3335
3330
3261
3252
3201
3182
3172
3146
3115
3070
3038
2973
2937
2719
3233
319
306
4
1642
2515
2382
2217
2431
2375
1949
2314
1924
2545
2380
2166
1248
671
654
644
626
617
598
590
589
579
614
587
372
508
398
394
504
446
565
548
547
519
487
481
403
543
535
479
445
415
402
371
362
355
557
555
521
510
470
463
450
354
478
458
556
472
392
464
425
551
518
493
424
369
368
529
494
442
430
416
374
352
676
539
488
461
620
537
523
520
512
506
495
422
421
370
360
570
525
513
321
46
1510
1385
1830
630
1905
1544
1266
3409
3386
3278
3245
3168
3005
929
1552
1417
1607
1414
1558
629
1050
1116
1776
912
1429
987
1276
1602
1039
1710
1239
1638
1904
1748
977
1494
1410
1527
1476
3263
3222
2869
1434
990
3164
3057
2883
2764
1140
1728
1000
974
1019
1364
1093
939
1138
1700
1499
1762
1346
998
950
1745
1796
1411
1301
1055
1415
1213
1041
1356
1458
1720
988
1743
1247
963
1183
1419
1092
1062
909
1349
1884
969
1758
1283
1851
1843
1164
1726
1561
973
1691
1292
981
1234
1771
1003
1567
1321
1150
1798
1784
1533
1144
928
961
1625
1838
1087
1166
1770
1392
1708
1251
1774
922
897
1293
1781
1348
1225
944
1312
1272
1520
1632
1623
1112
1054
1026
1131
1765
1659
1290
1209
1542
1228
924
1072
1678
1279
1044
1885
1658
1630
1575
1847
1240
1268
1344
1441
1043
1769
1715
1115
1355
1631
1846
1398
1195
1123
1687
1061
1310
1178
1085
1031
1909
1779
1500
1481
1156
946
1643
1308
1895
1892
1468
1723
1570
1255
913
1480
1460
1898
1556
1501
1457
1380
1024
983
1733
1363
1232
1097
938
1609
1600
1278
1242
1296
1139
1812
1282
1147
1121
949
1725
1705
1593
1579
1088
1397
1300
905
1207
1322
1870
1673
1294
1608
1540
1532
1004
993
1861
1393
1084
1910
1829
1478
1212
1202
1051
931
1772
1754
926
1877
1819
1752
1644
1340
1911
1891
1734
1689
1389
1831
943
1902
1619
1402
1285
1063
959
1727
1541
1469
1412
389
1783
1647
1592
1576
1462
1413
1229
1100
902
1496
1246
991
1591
1582
1382
1788
1368
1751
1286
1403
1218
1682
1315
1713
1756
1169
1583
1459
1284
1257
1021
1674
1890
1879
1181
1172
925
1741
1553
1519
1201
1180
1492
1448
1366
1258
1875
1661
1067
1014
1299
1634
1304
1127
1090
1409
932
1874
1839
1835
1793
1557
1522
1439
1274
1185
1903
1872
1473
1345
1192
1129
1069
1503
1502
1495
1489
1273
1241
1866
1825
1511
1073
1033
1826
1810
1491
1351
1336
1331
1256
1219
1117
1006
916
906
1672
1667
1664
1482
1259
1089
1005
1863
1823
1809
1610
1598
1571
1547
1302
1107
1101
1068
1859
1432
1404
1298
1231
1120
1066
1548
1177
979
1888
1804
1707
1688
1685
1665
1580
1559
1517
1470
1370
1359
1280
1271
1214
1191
1124
1083
997
1886
1833
1735
1572
1539
1230
1076
1059
1017
967
1641
1445
1832
1768
1757
1750
1746
1717
1590
1584
1365
1341
1211
1184
1078
1028
927
1704
1893
1828
1786
1611
1406
1277
1227
1104
984
933
1807
1007
1800
1675
1612
1597
1538
1516
1509
1508
1431
1390
1376
1334
1329
1199
1146
1126
1048
1660
1155
1142
962
1484
1447
1894
1785
1738
1699
1686
1531
1515
1504
1472
1418
1324
1314
1303
1281
1260
1235
1204
1158
1081
1070
1057
1052
965
954
942
1408
1698
1421
1360
1325
1136
900
980
1837
1787
1747
1648
1568
1371
1319
1216
901
1848
1824
1742
1373
1261
1102
1099
919
1428
1113
1012
646
634
483
438
1023
173
1853
1628
1595
1512
1189
1148
1086
1060
1018
1001
896
679
645
601
559
1435
1128
968
593
563
436
414
378
373
367
1878
1374
1223
1122
560
542
517
462
444
423
417
409
1645
1574
1536
1506
1173
1160
1029
936
536
527
511
503
500
497
465
456
440
375
350
596
567
553
524
507
451
439
397
348
1616
1543
1529
1487
1475
1425
1075
976
580
561
496
471
432
408
404
391
388
376
366
363
3435
3429
3428
3426
3420
3417
3416
3415
3414
3412
3405
3404
3400
3397
3396
3395
3394
3391
3388
3387
3385
3383
3382
3380
3379
3378
3366
3361
3359
3358
3356
3355
3354
3352
3351
3337
3327
3326
3322
3317
3309
3307
3306
3302
3300
3299
3298
3296
3292
3291
3289
3287
3280
3277
3276
3275
3269
3265
3259
3253
3249
3244
3242
3241
3239
3237
3234
3231
3225
3224
3220
3219
3217
3207
3203
3196
3194
3191
3190
3185
3181
3180
3179
3169
3163
3161
3159
3158
3154
3153
3150
3148
3144
3140
3137
3134
3130
3128
3125
3123
3122
3120
3116
3113
3108
3107
3105
3103
3102
3100
3099
3096
3093
3092
3087
3082
3080
3078
3077
3073
3068
3065
3064
3061
3056
3054
3053
3050
3049
3046
3044
3034
3023
3022
3020
3019
3016
3014
3011
3010
3007
3004
3002
2995
2992
2988
2986
2982
2977
2976
2975
2968
2963
2961
2960
2955
2953
2951
2947
2945
2944
2940
2939
2938
2934
2932
2927
2924
2921
2917
2915
2913
2907
2903
2901
2899
2897
2894
2892
2886
2882
2874
2871
2870
2868
2866
2864
2863
2861
2856
2854
2853
2850
2847
2842
2837
2833
2831
2827
2825
2824
2819
2818
2816
2812
2811
2810
2809
2800
2799
2796
2795
2791
2790
2787
2785
2784
2783
2782
2781
2780
2779
2777
2775
2770
2768
2765
2763
2761
2753
2752
2747
2745
2744
2742
2738
2734
2733
2731
2730
2727
2724
2722
2720
2716
2711
2706
2704
2701
2699
2698
2695
2688
2685
2678
2677
2676
2674
2669
2667
2663
2662
2661
1450
1405
89
157
307
328
2321
2503
2080
1534
2358
1817
1782
1697
1621
1618
1485
1361
921
2219
2599
1702
1077
2568
2041
2528
1933
2262
2298
2205
2490
2426
1982
2422
2548
2226
2437
2193
2207
2014
2456
2146
2249
2650
2170
2092
2535
1961
2656
2147
2486
2076
2614
2514
2256
2066
2613
2584
2522
2480
2497
2251
2424
2015
2181
1930
2577
2540
2105
2070
2008
2412
2160
1965
1915
2487
2245
2096
2606
1952
1950
2383
2558
2450
2113
2562
2523
2411
2403
2158
2082
2574
2495
2322
2242
2313
2236
2107
2089
1975
2350
2197
2091
1960
2234
2067
2297
2565
2017
2622
2287
2513
2401
2349
1988
2405
2335
2630
2542
2532
2524
2112
2056
2579
2482
2300
2179
2074
1989
1943
2576
2575
2554
2433
2391
2376
2356
2115
2104
2084
2046
1986
1953
2286
1936
2265
2561
2500
2423
2309
2266
2184
2109
2045
2600
2526
2462
2427
2387
2352
2348
2278
2233
2172
2088
2037
2651
2557
2488
2453
2448
2371
2291
2288
2162
2085
2590
2354
2323
2122
2093
1929
2626
2570
2631
2601
2593
2563
2549
2521
2484
2464
2460
2430
2418
2404
2395
2381
2374
2370
2339
2331
2326
2306
2290
2276
2237
2213
2212
2154
2136
2121
2095
2090
2083
2033
2030
2005
