107
830
3599
41
3980
866
227
3372
3626
2421
3757
3991
3624
3408
2767
4009
78
3739
3318
319
3694
883
599
3650
3567
2269
349
3688
3580
3989
608
3673
3165
2487
499
3742
3552
899
333
4035
3649
3878
3723
870
3717
255
3575
1996
143
2930
284
3544
846
642
3585
3939
2998
454
74
1461
4012
470
825
316
2548
3871
622
1974
1890
839
910
3874
1248
3998
2975
4013
4017
3993
1854
3789
1057
1071
52
390
3675
2015
3820
3996
1969
886
690
292
3589
3592
2732
2545
2693
2791
18
2439
956
498
3634
865
3669
1337
253
12
1203
826
4037
3167
3050
1466
2321
3109
3879
1642
3031
1905
2798
294
3
63
16
339
229
177
100
49
43
2814
1558
1788
3290
1586
3227
3428
2312
1924
1150
129
2721
832
2195
821
2182
2166
1581
3582
1474
2441
1937
1797
803
699
521
2805
1627
3543
2252
2817
530
2527
1346
167
114
1664
379
1043
1264
1915
733
1779
3143
2442
190
3494
2481
1157
1784
3376
2922
710
282
1822
1008
1403
3310
1486
876
863
1913
3765
3751
1858
4002
4019
4018
3664
937
689
684
2113
562
382
351
3180
263
3806
46
2568
3613
3724
2162
3695
3639
2622
3887
2281
3530
3952
1013
3547
3628
1802
3541
955
852
812
441
833
3856
768
3875
607
3954
1607
741
3755
1105
911
854
3439
1713
2286
3816
219
147
3380
174
2889
791
3283
1562
2879
2371
3099
3912
1263
1254
3538
273
3890
2051
2470
569
2541
1103
3959
4004
3985
751
3986
717
3314
3745
3812
776
2569
756
3880
1518
1090
2360
3893
2523
802
3003
357
3796
1270
2017
799
855
1027
2204
2008
364
3847
2983
1430
3638
3271
3367
3859
3904
3896
3464
3937
656
3834
3646
3663
1646
3556
459
3655
3786
3784
3500
1144
2818
424
3614
3597
3455
783
3832
3876
806
3813
923
70
3727
1193
3972
411
264
788
857
3934
3730
3657
3598
3492
3785
682
215
3762
3970
3218
734
3922
3881
3839
3732
551
3714
762
4027
3565
2493
3472
3652
787
335
3517
3802
2375
3230
2893
1091
3424
3133
3425
2744
3735
2819
2848
3260
1151
2707
2947
3281
3215
3359
3197
3279
2934
2802
3112
2656
3393
3151
2734
138
3315
2978
3404
3389
3978
3282
2933
2852
2686
2678
2759
3139
624
3333
2695
267
2917
2850
2663
205
1174
2513
135
96
83
125
77
7
213
79
121
105
3994
222
104
257
338
185
250
178
2808
3895
66
307
244
216
179
3811
140
1455
124
384
3932
258
3659
193
1206
3754
3489
466
878
2746
1934
202
2838
2704
1297
150
2505
3068
160
22
2263
189
2596
2457
743
1093
3631
1127
2842
3961
262
2079
427
940
2699
2641
1022
2691
1045
110
1840
3854
3066
2301
1387
749
1087
4025
1421
750
3942
330
184
3748
875
730
631
1030
522
649
421
3988
3121
293
748
2522
3292
1701
2739
1818
76
71
34
383
1976
868
543
3030
4010
2580
2634
2847
305
892
2466
1147
301
1058
3379
4033
1262
891
3269
485
3006
744
406
3407
358
450
1759
626
2980
1901
505
443
260
2792
2515
1834
851
864
2861
3268
795
2303
3071
1930
1224
3699
3632
2248
321
2228
3457
3946
3647
163
1560
467
1731
918
220
3661
225
192
877
3999
1908
1906
1401
1268
1477
977
1498
1738
1704
1145
2357
1111
831
3305
674
2452
4003
318
992
288
287
256
645
207
2486
112
1830
35
1244
1856
120
3882
3429
3798
1880
933
2291
2413
1838
3159
3222
3436
727
4034
1016
4007
2826
3990
884
1510
230
890
1566
3781
2474
270
3069
740
2270
782
214
295
128
69
2444
2762
3178
381
588
3505
259
554
3067
3641
486
3466
3726
3738
2788
3848
2935
3772
704
732
2158
1301
3619
3536
3606
2456
328
218
3349
2342
2227
1499
1218
1138
2403
2503
1676
3513
3616
3844
1002
1208
767
707
399
693
695
844
778
3595
3454
3775
1982
2349
2401
3562
3581
3483
3898
3883
3516
175
2902
1749
3981
889
888
753
861
1171
1441
1564
1266
1434
3338
3427
1798
2535
1896
1384
1368
337
310
243
2595
2483
2774
3074
3147
3055
880
1134
2671
1476
2961
1194
909
58
296
68
277
50
148
103
3361
2941
2764
2677
3957
3774
3918
2178
2120
2034
4014
3864
3915
3630
3602
1889
2876
2999
2688
2903
2725
2923
3251
3916
4028
3465
3899
3571
3836
3995
3992
4030
4000
4021
4031
3868
714
2453
574
579
589
663
2450
2217
435
555
3987
1178
198
3549
3888
309
36
251
3131
102
99
278
2565
3979
3950
3872
871
858
3487
3617
3622
3927
3821
3919
3594
3479
20
162
2
343
28
149
326
14
226
1442
3573
532
1961
2570
2167
1956
3551
4011
3446
3447
3679
3894
3819
3917
3445
3743
3473
675
578
640
628
662
632
670
643
650
583
658
665
627
615
681
661
647
595
659
576
600
577
3535
6
327
89
19
2703
3382
2972
3311
2670
2982
2959
3008
3423
3892
3725
181
306
275
195
4020
4038
4026
4023
3531
3949
3662
3814
3546
3490
3441
3682
3905
3975
3759
3579
3837
3965
3701
3708
2106
2437
3953
3477
3504
3763
3827
3910
3645
3863
3636
3920
3660
3955
3810
3718
3591
3833
3532
3443
3459
3803
3511
3826
3572
3588
3476
3958
3891
3710
3782
3563
3478
3615
3870
3569
3690
3680
3818
3792
3761
3951
3643
3607
3601
3612
3561
3855
3534
3976
3909
3900
3506
3956
3829
3469
3706
3705
3764
3493
3486
3767
3508
3845
3913
3642
3902
3670
3627
3769
3867
3728
3590
3685
3779
3564
3736
3683
3667
3697
3625
3783
3771
3776
3696
3906
3969
3648
3584
3568
3558
3474
3794
3629
3747
3468
3470
3945
3593
3924
3623
3529
3554
3460
3857
3869
3463
3921
3862
3610
3929
3711
3555
3553
3698
3750
3707
3488
3693
3940
3542
3462
3788
3731
3574
3790
3687
3578
3936
3850
3778
3753
3722
3666
3526
862
3520
3503
3496
3475
3780
3831
3797
3700
3692
3481
3968
3658
3737
3449
3618
3495
3471
3760
3960
3935
3933
3931
3903
3866
3823
3822
3815
3791
3777
3773
3768
3758
3713
3681
3676
3674
3656
3651
3620
3603
3583
3560
3537
3533
3515
3452
3635
3586
3877
3703
3491
3461
3605
3450
3800
3654
3609
3611
3559
3873
3540
3824
3966
3889
3841
3734
3943
3640
3804
3514
3525
3521
3501
3886
3852
3817
3741
3672
3484
3440
3842
3830
3756
3596
3512
3851
3438
3437
3557
3480
3971
3930
3545
3456
3860
3633
3576
3721
3677
3497
3448
3926
3518
3485
3962
3684
3577
3938
3884
3828
3604
3528
3948
3838
3702
3181
2684
2957
2865
3211
2797
2771
3337
3255
2723
2795
3352
3366
3334
3061
2883
2803
3262
2868
3242
2990
2713
3248
2825
3160
3079
3374
2812
3264
2918
3236
3196
2882
2875
3402
2841
3365
2715
3341
2696
2747
3353
3157
3094
3386
3194
3186
2926
2801
2722
3313
3100
3011
2938
3225
3192
3093
3209
2687
3013
3241
2830
2682
2779
2914
2711
3405
3266
1666
3295
2870
2813
2728
3275
3373
3289
2823
3097
2859
2856
3431
3016
3409
3239
3418
3412
3259
3138
3043
2844
3288
3039
3396
3287
3381
3377
2989
2894
2709
2668
2921
2845
2692
3035
3249
3087
3007
3164
2964
2932
3421
2853
3298
3075
2892
2996
2937
2833
3252
3046
3041
2958
3350
3019
2869
3360
2991
3347
3118
2840
3189
3187
2780
2665
2662
3102
3332
2992
2770
2674
3206
2939
3411
3383
3089
3415
2954
3312
3208
3140
2787
3335
3385
3246
3233
3240
3070
3111
3369
3276
3297
3267
3116
3021
3018
3038
2965
3330
2765
3320
3256
2955
3329
2667
3193
3092
3265
3247
2970
3345
3027
2768
2811
3148
3049
2976
2742
3207
3378
3328
3254
3182
2733
3274
3179
3076
3188
3058
2785
2716
3356
3223
2724
3168
2775
3420
3253
2719
3285
3263
3177
3077
2829
2784
3062
3172
3107
3316
3152
3115
3171
3082
3017
3124
2758
2730
3422
3261
3169
2828
2661
3307
3244
2951
3344
2984
2783
3032
3397
2672
3002
3057
2971
3095
3395
3327
3299
3203
2748
2712
3280
3277
3051
2737
3406
3351
2973
2793
2781
2753
3185
3145
3136
3154
3150
3146
3132
3088
2901
2675
3190
2736
3319
3296
3221
3214
2751
3034
3001
2820
2697
3434
3224
3106
2796
3358
3205
2979
3419
3060
2863
2881
2871
3023
2948
3303
3430
3231
3229
2981
3085
3226
3416
3403
3391
3388
3355
3343
3331
3308
3306
3291
3273
3272
3258
3243
3235
3212
3198
3191
3176
3162
3153
3113
3103
3101
3091
3086
3081
3072
3009
2995
2968
2963
2950
2899
2884
2849
2843
2832
2831
2816
2778
2735
2726
2720
2718
2708
1726
3135
3042
3435
3237
3040
2815
3413
3059
3326
3321
3204
3120
3005
2904
2836
2772
3217
3110
2962
2936
2895
3368
3340
3201
2878
2690
2683
3317
3080
2837
2809
2905
2761
3213
2924
2694
3390
2974
3202
3304
3108
3064
2931
3184
3294
3392
2676
2908
2835
2743
3228
2717
3324
3234
3052
3033
2915
3362
2911
2757
3339
3158
2977
2896
2874
2851
2789
3400
3238
2891
2729
3054
2806
3000
2966
3399
3065
2925
2755
2664
2986
2909
2673
3036
2794
1684
3220
2763
3348
2969
2839
2943
3426
2872
3387
2821
3163
2666
3014
3104
3300
3342
3302
3173
3022
3020
2867
2907
2880
2741
3394
3384
3010
2956
2706
2929
3284
3174
3142
3096
2967
2944
2920
2913
2754
2705
2689
3250
2993
2916
2827
2698
2680
3166
2912
2877
2777
2750
3098
2994
2960
2946
2862
2745
3257
3029
2888
2864
2669
3301
3129
3056
2782
3433
2873
2786
2756
3078
3293
3137
3123
3026
2987
2927
2910
2866
3004
2988
2897
2800
2749
3417
3232
3119
3114
3073
3047
2985
2953
2773
3117
2945
2928
2766
3363
3195
3025
2940
2906
2887
2738
2681
3364
3149
3090
2919
2890
2810
2807
2679
3084
127
38
317
197
320
139
206
196
5
346
24
45
224
84
51
265
169
85
55
40
31
158
188
159
281
290
146
204
180
299
92
122
25
200
82
164
106
156
238
308
176
117
109
72
315
223
236
65
59
331
48
297
276
268
123
142
113
324
272
311
161
21
170
30
53
94
304
98
101
285
199
88
67
9
313
56
26
280
252
203
132
54
39
13
314
172
118
332
323
291
75
344
322
261
62
342
334
329
325
274
271
254
249
248
211
194
186
165
153
141
134
119
29
10
239
0
17
111
116
131
302
183
266
115
242
171
64
133
187
81
4
23
108
231
217
60
312
300
286
237
209
201
173
246
87
80
126
212
303
1
232
345
130
151
152
57
44
298
2740
245
341
283
32
11
340
269
166
221
73
95
228
881
894
4016
4005
4029
4024
3997
3984
594
3983
4032
4022
4006
3982
4008
4001
347
137
27
208
235
93
91
336
210
37
289
234
233
240
157
8
279
191
168
144
247
155
145
3719
3510
3668
3977
3608
3498
3509
3752
3947
3442
3914
3522
3835
3740
3499
3600
3907
3908
3793
3665
3715
3944
3621
3897
3840
3691
3644
3458
3858
3548
3467
3712
3527
3482
3587
3519
3770
3689
3809
3671
3507
1847
3550
3964
3885
3805
3733
3720
3653
3444
1085
3523
3865
3678
3766
3861
3686
3539
3637
3967
3825
3911
3963
3801
3746
3524
3973
3799
3795
3843
3928
3853
3749
3566
1325
3941
1360
3923
3901
3925
3744
3808
3729
3451
3716
3974
3502
3709
1088
3846
3787
3704
3849
3807
3570
792
754
789
736
765
728
796
786
739
742
687
701
770
708
823
758
738
843
807
774
845
829
720
759
850
793
780
816
712
849
828
835
838
715
731
700
722
696
737
856
815
719
705
747
703
752
781
822
797
777
769
763
847
840
837
764
798
827
814
745
761
711
820
810
800
773
718
706
697
817
766
709
686
824
805
694
853
842
760
721
834
772
771
713
848
784
688
724
794
882
735
867
729
716
790
873
860
726
779
813
818
841
698
809
819
869
836
755
746
804
808
785
723
1251
775
691
1410
702
895
811
725
757
879
893
874
872
887
885
859
692
801
3453
1283
1555
1061
1803
1687
1328
2587
47
2455
2107
182
33
1708
905
2238
2424
2405
2628
2316
1950
605
1593
1274
603
446
664
653
639
635
644
360
449
1226
2562
2577
1978
2284
2660
2016
2627
2540
2614
2618
2412
2341
2114
