0
4000
854
841
90
244
1967
287
3846
358
3856
638
47
15
3748
674
801
891
3709
624
2079
52
401
1151
1262
668
270
613
3589
1145
3467
1474
2595
3959
2175
4035
3942
3143
3879
3530
11
1386
292
1558
2382
447
1105
453
648
379
4006
875
4022
138
33
183
2740
3290
1755
2842
305
1362
2885
3071
1224
51
153
1253
552
3798
3885
468
4001
114
2736
43
1147
3037
3570
2431
3939
3673
3746
179
771
743
825
802
689
725
702
839
767
863
888
867
871
750
785
882
861
733
786
768
833
788
782
709
893
864
793
808
821
812
722
826
755
794
855
852
851
847
836
832
822
818
816
809
806
796
791
789
784
775
757
748
740
732
729
716
714
712
707
704
691
886
878
876
776
873
894
879
858
895
881
846
845
797
779
770
759
723
711
838
810
726
844
843
764
762
761
760
756
737
727
718
706
763
734
728
710
717
849
837
831
804
792
783
765
741
703
688
827
813
799
795
790
758
751
719
715
700
850
848
842
834
829
817
815
787
778
746
742
736
690
835
780
777
766
754
721
705
696
695
693
856
853
824
820
807
773
752
739
738
731
720
701
694
687
735
830
819
814
800
781
730
724
686
890
889
887
885
884
880
877
874
872
870
869
866
859
840
828
823
805
803
798
772
753
747
745
713
697
774
769
708
698
811
749
883
699
692
892
860
744
4037
4020
4003
3990
4025
3986
4004
3993
3985
4034
4013
4014
4002
3997
3994
3982
4038
4036
4033
4032
4031
4030
4029
4028
4027
4026
4021
4019
4018
4017
4016
4015
4012
4011
4010
4007
4005
3999
3996
3995
3992
3989
3988
3987
3983
4023
4009
3998
3980
3981
3991
4024
4008
3984
667
594
3844
3908
868
2975
2808
3848
3723
3963
3807
3751
3808
3732
3661
3579
3958
3631
3657
3716
3647
865
2898
3270
3006
2805
377
2439
2422
2106
2442
117
3159
3043
3112
3376
2801
3218
2926
3322
2767
2895
3333
3094
3401
2961
2799
3175
2902
2732
2834
2789
3074
2774
2821
3088
2861
3059
2981
3392
2851
3153
3310
3128
3126
3372
3131
3028
3243
3092
3380
2846
2948
3042
2666
3083
3066
3044
3099
3032
2816
2761
3190
3393
3187
2791
3428
3309
3237
2887
3084
3352
3141
3105
2954
2893
2744
3213
3095
3304
3399
3065
2874
2769
3047
2896
3173
3054
3433
3315
3098
2993
2873
2766
3418
3121
2752
3241
2990
3070
3303
3000
2880
2695
3423
3283
2889
3382
3318
2982
2972
2670
3400
3078
3052
3033
2985
2940
2867
3284
3250
2792
3301
2986
2917
2907
2800
2705
3264
2809
2679
3293
3257
2924
2835
2773
2756
3348
3193
2966
2927
2905
2763
2743
2669
3016
3436
3363
3023
2944
2943
2912
2877
3215
3134
3313
3426
3387
3232
3195
3022
2988
2925
2916
2897
2890
2872
2862
2717
3430
3231
3229
3137
2786
2731
2726
2710
3075
3236
3167
3156
2718
3928
3477
3600
3936
3914
3701
3571
3766
3478
3733
3799
3638
3893
3934
3787
3806
3562
3892
3743
3859
3976
3461
3843
3896
3890
3643
3969
3882
3458
3920
3809
3946
3834
3619
3837
3757
3718
3771
3789
3744
3975
3675
3465
3515
3486
3572
3641
3895
3866
3507
3544
3960
3606
3546
3587
3500
3755
3665
3686
3484
3977
3735
3615
3835
3802
3498
3505
3472
3591
3493
3847
3626
3815
3712
3973
3903
3784
3711
3646
3620
3539
3494
3679
3678
3574
3814
3682
3585
3531
3642
3694
3623
3810
3610
3614
3568
3737
3681
3627
3450
3713
3559
3475
3442
3906
3786
3768
3645
3468
3950
3930
3640
3578
3514
3719
3671
3648
3566
3881
3947
3833
3826
3933
3791
3776
3747
3728
3731
3548
3825
3499
3649
3957
3836
3774
3519
3967
3956
3602
3912
3871
3857
3819
3541
3543
3876
3753
3553
3455
3724
3668
3617
3554
3951
3909
3869
3793
3569
3558
3555
3506
3603
3462
3624
3490
3868
3725
3628
3742
3937
3915
3469
3460
3949
3536
3932
3616
862
3416
2770
2819
2690
3209
2687
3171
3050
2832
2772
3265
3198
3188
2675
3189
3146
3097
3041
3248
3155
2935
2933
2785
3272
3422
3377
3093
2751
3388
3317
3030
3025
2928
2837
2745
2729
2676
2725
2858
2841
3204
3027
2707
3391
3274
3262
3145
3115
2863
2796
2793
2778
3410
3125
3091
3063
2997
2878
2818
3160
3551
3504
3861
3693
657
662
628
670
635
583
578
577
643
600
623
383
518
2450
2113
2051
2483
2570
2158
2545
2016
2168
2166
2119
2316
2490
2426
1992
2248
2558
2388
2227
2217
1961
2633
2528
2650
2320
2207
2170
2076
2641
1956
2182
2580
2186
1977
2437
2129
2251
2412
2557
2152
1949
2085
2080
2577
2260
2238
2568
2281
2167
2411
2156
2130
2070
1960
2231
2402
2634
2397
1930
2234
1996
2357
1937
2050
2622
2645
2346
2391
2288
2044
2443
2262
1988
2297
1958
1957
2356
2286
2049
2192
2012
1931
2228
2433
2493
2452
2549
2651
2618
2505
2448
2335
2265
2197
2023
2306
2553
2299
2213
1986
1943
2061
2499
2559
2539
2423
2363
2354
2021
2619
2552
2532
2408
2334
2324
2307
2165
2104
2084
1989
1917
2540
1936
2497
2126
2590
2520
2410
2369
2359
2326
2287
2258
2253
2206
2184
2164
1990
2364
1998
2654
2630
2625
2615
2611
2591
2574
2485
2469
2460
2376
2244
2200
2172
2112
2093
2090
2074
2069
2046
2341
2657
2626
2225
160
441
157
316
86
216
201
219
240
167
300
237
108
2660
2647
2636
2337
2001
125
120
289
147
38
129
163
1972
2413
2646
2638
2624
2606
2602
2593
2564
2551
2506
2464
2462
2395
2374
2370
2353
2323
2309
2300
2290
2257
2123
2098
2088
2073
2045
2033
2030
2020
1997
1946
1925
2177
2208
2350
2312
2252
1965
2029
2378
2018
1995
1928
2529
2400
2116
2303
2147
2142
2056
2385
2514
2185
2066
2603
2502
2272
2107
2415
2274
2243
2163
2075
2623
2427
2612
2416
2343
2325
2296
2277
2209
2141
2031
1944
2599
2519
2445
1923
2601
2560
2526
2449
2428
2414
2218
2221
2161
2110
1981
2377
1999
1973
1968
1951
1935
1927
1921
2637
2608
2537
2432
2396
2390
2222
2198
2101
2643
2635
2588
2518
2473
2241
2143
