107
708
4021
95
3122
1657
871
3911
2483
306
3716
3955
3037
3992
4014
1834
2541
3147
3504
1208
138
3621
3121
2269
3813
2792
1022
379
2857
3887
296
806
340
321
93
750
1262
3445
699
288
3746
3789
292
3006
3652
2535
894
868
435
114
1326
3732
3983
240
1996
743
2100
2527
3987
841
891
1713
4033
3673
2902
2548
3407
1711
448
1579
8
3444
1693
3922
3269
182
3965
585
3592
649
4025
2457
1178
911
1105
2402
1607
76
476
2826
2481
3846
854
702
1792
822
1466
263
383
877
3723
2817
2811
3993
3985
874
1016
3513
3799
328
904
466
1581
3864
881
2373
2079
3141
3676
3308
2524
35
162
337
279
191
6
196
253
221
77
336
89
311
1731
101
105
117
60
4010
268
217
187
4012
3003
241
865
3801
3844
3429
3660
3581
3588
1422
1664
3847
2466
673
3662
2824
3880
270
443
3268
1266
3408
872
3781
3632
848
2886
386
2842
1856
3650
664
562
1552
812
201
801
2941
3942
356
844
3694
3489
3812
3805
2722
164
3999
1865
3963
660
892
1956
3045
541
735
1193
2219
3128
3890
875
918
3729
2971
3631
3904
3808
642
440
857
1353
3032
4011
1560
2632
717
1168
1442
3556
319
3745
2175
90
411
2382
1046
450
769
811
3784
3583
215
3030
846
3585
3211
3373
32
1200
1969
1486
4015
3515
2975
873
3820
2422
1119
3619
1602
1430
2296
761
209
3071
3727
3935
216
1252
27
192
3088
3572
3282
2008
2997
3028
351
316
237
534
3876
3641
2119
3607
2766
4005
1755
1586
3190
3984
442
3441
120
4001
193
1295
2788
3665
1045
478
581
2383
4027
3936
1254
3654
607
1395
886
3476
2114
1233
1145
866
2321
3806
3161
3923
2380
1354
1157
3389
3770
900
3934
406
3503
2802
262
935
18
358
3733
746
610
2740
1477
597
287
657
532
4035
401
390
836
1383
552
3798
2565
4006
4007
4029
247
3566
1071
1253
1202
3549
3688
1133
855
3626
1387
1150
3816
1058
470
612
3720
3091
2671
3949
3814
3775
3848
92
327
147
1224
1177
1218
956
1138
979
1546
1562
1499
1889
377
3165
501
2178
2316
4016
3779
3610
3589
3979
3888
3659
3950
3522
3536
1760
3742
264
110
2375
2439
3131
2930
3372
3180
2732
3251
3454
4000
4030
2113
4026
4017
2245
3614
3749
3743
771
789
732
791
839
725
796
714
99
3931
3537
2691
3700
3502
3669
2808
3689
112
19
3551
3487
2774
3055
3127
4037
3995
4020
594
4013
4004
3989
4038
3932
78
879
858
1776
912
910
2799
3354
2861
3053
3197
3216
3218
3200
3105
151
137
17
284
190
312
333
115
2
57
242
131
310
243
140
96
47
83
139
23
346
204
28
343
144
111
20
289
302
180
86
68
278
160
129
269
281
143
71
41
194
261
69
130
87
106
103
16
104
62
301
178
206
345
38
276
314
231
150
308
232
122
265
59
222
146
31
176
133
79
185
88
84
51
229
132
331
208
48
309
300
197
73
290
175
24
94
80
53
325
55
149
189
326
224
251
227
46
260
347
291
100
135
14
225
102
230
330
1
238
118
274
298
344
303
123
45
13
3
329
236
213
22
169
158
65
315
172
109
40
21
341
338
324
322
223
211
134
50
29
66
200
121
252
10
297
271
141
199
128
323
280
9
342
313
165
148
142
26
25
334
332
320
317
299
293
282
277
266
254
249
248
246
239
226
214
212
188
184
177
170
168
163
159
127
126
125
116
97
82
75
72
67
54
30
7
257
339
304
203
56
39
285
272
186
119
113
0
295
161
98
258
219
108
195
156
85
36
4
152
283
259
49
235
275
273
181
2838
91
318
305
245
218
171
155
154
81
52
44
15
3994
4009
3997
3986
4003
4002
4034
4032
4019
3988
3982
4023
3980
4031
3991
4028
4022
3981
3990
3998
4018
667
3996
4024
4036
4008
786
742
816
767
889
776
861
885
869
808
768
736
707
882
863
693
758
788
764
718
730
711
785
723
890
878
876
859
840
804
832
849
728
777
772
755
720
739
814
712
856
831
824
745
709
688
748
754
807
690
843
835
724
838
687
827
817
778
774
760
706
703
715
829
794
751
738
734
770
880
830
809
783
763
698
845
803
765
787
737
818
782
722
701
847
820
800
798
705
697
696
853
837
834
805
797
793
792
779
753
744
741
733
731
726
700
689
823
819
842
828
815
781
710
695
813
716
747
780
719
713
694
686
752
810
795
773
766
727
784
833
850
691
729
799
852
825
802
757
749
893
826
759
762
821
721
756
740
887
883
864
790
775
704
888
860
3439
3697
3647
3541
884
3492
3696
3912
3783
3543
3496
3642
3616
3960
3664
3892
3809
3685
3757
3579
3956
3978
3828
3785
3909
3763
3486
3941
3933
3766
3747
3906
3706
3940
3780
3831
3717
3639
3526
3710
3740
3608
3827
3571
3736
3860
3839
3573
3506
3683
3605
3918
3802
3778
3715
3916
3872
3765
3791
3776
3478
3711
3878
3511
3507
3917
3657
3866
3646
3643
3624
3546
3602
3973
3803
3850
3508
3840
3835
3629
3482
3461
3707
3891
3693
3957
3675
3874
3726
3554
3714
3761
3738
3915
895
3651
3889
3886
3692
3603
3750
3528
3625
3884
3576
3514
3452
3512
3804
3517
3842
3760
3661
3563
3730
3658
3627
3469
3929
3822
3821
3678
3459
3758
3645
3634
3826
3463
3612
3529
3680
3622
3460
3896
3792
3648
3615
3590
3964
3500
3976
3829
3794
3613
3636
3859
3966
3817
3618
3577
3525
3944
3559
3462
3449
3883
3744
3687
3656
3635
3479
3836
3465
3753
3666
3862
3735
3722
3705
3498
3455
3519
3962
3873
3721
3677
3547
3471
3552
3450
3958
3768
3686
3578
3518
3442
3930
3562
3907
3587
3969
3558
3754
3690
3555
3499
3483
3868
3567
3855
3601
3951
3863
3580
3869
3833
3509
3769
3644
3521
