0
4028
801
892
209
3853
3709
2922
757
891
4015
877
4034
4032
3987
4010
3856
3230
1119
668
602
210
1096
447
3729
2842
1386
918
911
15
3451
3407
256
233
145
47
255
2740
379
279
267
648
154
1755
3922
2595
3689
3575
307
3952
3537
996
3686
2774
3936
117
750
775
883
4035
749
686
687
688
693
694
695
696
697
698
701
703
705
706
707
708
709
711
712
713
714
715
716
718
719
720
722
723
724
726
727
728
729
730
731
732
734
736
737
738
739
741
742
745
747
748
751
752
753
754
755
756
758
760
762
763
764
765
766
768
769
770
771
772
773
774
777
778
779
780
781
782
783
784
787
789
792
793
794
795
797
799
800
803
804
805
806
807
809
810
814
815
817
818
819
820
822
823
824
826
827
828
829
830
831
833
834
835
837
838
839
840
842
843
844
845
847
848
849
853
856
863
876
878
886
888
889
746
759
786
836
850
689
767
821
861
725
761
811
813
816
702
733
808
690
710
776
882
812
880
740
700
885
890
867
791
872
871
869
874
796
870
881
873
691
798
887
846
895
879
825
802
721
704
735
866
858
864
788
851
790
894
893
832
884
852
855
717
854
785
699
744
859
841
692
875
4024
3984
4022
4008
4001
4033
4016
3992
4007
4005
4006
3983
4036
4029
4012
594
3980
3982
3994
3997
3998
4000
4004
4009
4014
4021
4023
4030
4031
4038
3995
3981
4026
3986
4017
4019
4020
4018
3988
3993
4002
3989
4027
4013
3985
4003
4011
4037
3996
3999
4025
3990
3991
43
3820
12
3071
1466
114
607
638
674
3798
2470
3031
2269
3453
215
3748
3650
2195
585
3570
2569
292
11
1206
358
2596
1560
624
3183
2079
1145
37
550
2457
608
74
18
335
3974
3935
287
1834
1581
613
3746
42
3846
282
33
3268
642
581
244
90
286
1224
401
241
377
3885
52
443
860
468
1854
1270
1276
2788
3408
316
205
2541
3875
183
3125
3808
3704
3688
2382
1262
179
3589
2814
3879
3282
3807
305
3854
1176
3006
138
3732
1326
3959
1065
70
3942
1233
2704
1430
35
1395
160
1394
3134
1558
1690
1967
216
2857
234
153
2691
3037
2792
904
1046
1586
301
3801
2483
182
386
81
383
157
1208
411
97
1627
1071
3744
1027
155
3560
356
49
3717
2168
112
1253
293
76
1693
3691
253
247
899
191
3928
71
3955
2380
1252
2808
667
61
1760
294
2952
1362
164
3733
2722
743
660
454
3816
240
2178
3413
656
3375
1353
448
1546
2998
1034
3699
207
571
321
2481
3811
2527
2442
499
3582
2975
3597
2860
2714
1194
228
3467
336
2798
1002
1105
174
2106
3954
2565
192
3781
124
3673
270
1996
120
2204
1200
865
572
384
262
3121
3565
552
220
3939
327
1937
201
190
3946
1510
868
453
3619
3494
1031
3978
3897
2838
1651
1022
2885
3588
2441
1969
1383
2971
1762
2855
166
202
125
673
467
206
3882
3003
530
3953
1713
406
3143
3865
1474
3653
3910
2963
652
1856
289
945
3965
3765
3887
288
1711
3544
3271
2817
1890
3147
193
472
3694
1797
3844
929
3305
3805
3310
3074
1486
1354
1346
3606
1264
283
3637
1442
3839
2505
2230
1579
1295
910
3059
3055
2437
1776
1157
3227
2634
351
245
3676
3127
110
3290
1657
1476
46
3742
3678
3444
1777
610
27
3489
671
2980
485
264
2015
1057
152
3890
3787
1607
3429
2736
2431
2219
464
2422
1455
349
3795
34
1147
593
562
2167
3849
2692
1417
649
219
1133
1038
235
371
250
3925
163
1151
3661
1168
533
95
3665
1254
3963
2824
2100
1664
1240
6
3745
2358
498
269
3806
2776
77
3477
2493
3970
3161
2621
2580
1924
229
3977
3513
3175
2899
1838
1498
1297
987
3893
3848
3447
3091
1263
655
476
86
3751
2721
1792
102
3859
3727
3660
3457
3441
3217
3044
2884
2517
480
44
32
3916
3724
3632
3370
1301
147
2456
2421
2388
393
365
3700
2767
1855
1521
390
296
129
3923
2671
2651
1759
1654
3834
3749
3552
3270
2321
3436
3336
2375
2017
1087
131
51
3908
3864
3771
3445
3216
2263
1974
1372
347
340
63
3904
3600
3432
3372
338
259
3789
3652
3165
2752
2256
1961
1775
1701
935
549
263
83
3961
3899
3813
3317
3197
3159
3131
208
189
151
3941
3911
3572
3094
2902
2893
1552
1058
1008
937
657
586
311
300
230
126
91
8
3812
3548
3424
3333
3323
2227
2175
1103
679
243
89
3905
3871
3626
3389
3126
2811
2805
2528
2041
2034
2008
1956
1053
923
317
167
64
3973
3914
3843
3669
3607
3530
3504
3502
3266
2930
2898
2834
2632
2245
1697
1640
1248
1202
985
621
534
532
328
237
162
106
3934
3901
3754
3716
3712
3671
3522
3461
2799
2725
2548
2182
2094
1865
1461
1443
1387
1162
1140
912
478
441
427
399
319
