0
4001
42
74
145
33
4034
4035
4010
4008
3985
4025
1145
209
11
183
1395
2691
3846
47
3807
401
154
1466
153
335
3935
207
15
692
801
18
875
3727
3699
3453
642
660
638
918
233
2470
2382
287
581
4016
4007
3990
90
179
4006
4018
3992
4036
3993
4017
3988
3994
4038
4037
4033
4032
4031
4030
4029
4028
4027
4026
4023
4021
4020
4019
4014
4013
4012
4011
4009
4005
4004
4003
4002
4000
3999
3998
3997
3996
3995
3991
3989
3987
3986
3983
3982
3981
3980
4022
3984
241
704
750
775
758
788
812
790
733
722
808
746
732
821
740
205
49
887
858
877
895
881
863
778
779
693
711
815
762
734
837
869
853
847
829
824
823
723
715
889
861
845
793
759
748
890
834
818
781
724
855
854
852
851
850
849
848
846
844
843
842
841
839
838
836
835
833
832
831
827
826
822
820
817
816
814
813
809
807
806
802
800
799
797
796
795
794
792
791
789
787
786
785
784
783
782
780
777
773
772
771
770
768
767
766
765
764
763
761
760
757
756
755
754
753
752
751
749
747
744
743
742
741
739
738
737
736
735
731
730
728
727
726
725
721
720
719
718
717
716
714
713
712
710
709
708
707
706
705
702
701
700
696
695
694
691
690
689
688
687
3582
3801
3834
3572
3665
3489
3905
3745
3844
3616
3715
3965
3899
3973
3811
3917
3541
3922
3631
3655
3728
3771
3682
3976
3870
3833
3711
3493
3776
3766
3458
3724
3947
3826
3443
3763
3894
3679
3585
3819
3949
468
443
192
206
327
894
893
892
891
888
886
885
884
883
882
880
879
878
876
874
873
872
871
870
868
867
866
864
859
856
840
830
828
825
819
811
810
805
804
803
798
776
774
769
745
729
703
697
686
1933
3868
3743
3725
3473
3848
3757
3700
3481
3813
3594
3865
3862
3685
3808
3704
3775
3603
3768
3614
3652
3583
3564
3690
3532
3761
3534
3914
3869
3972
3752
3510
3764
3634
3474
3466
3940
3815
3769
3740
3666
3470
3455
3442
3799
3784
3658
3805
3485
3845
3908
3555
3722
3640
3627
3557
3518
3497
3723
3742
3726
3454
3504
3977
3975
3969
3967
3964
3963
3960
3959
3958
3957
3956
3955
3954
3953
3952
3951
3946
3941
3939
3937
3936
3933
3932
3931
3925
3924
3923
3921
3920
3915
3912
3911
3910
3909
3907
3906
3904
3903
3901
3900
3897
3896
3895
3893
3892
3890
3887
3885
3883
3882
3881
3879
3878
3876
3874
3871
3867
3866
3863
3859
3857
3856
3855
3854
3853
3850
3849
3843
3840
3837
3836
3835
3829
3827
3823
3822
3821
3820
3818
3816
3814
3812
3810
3809
3806
3802
3798
3794
3793
3792
3791
3789
3787
3786
3785
3783
3782
3781
3778
3777
3774
3773
3772
3770
3767
3762
3759
3758
3754
3753
3751
3749
3747
3739
3735
3733
3731
3730
3729
3720
3719
3718
3716
3714
3713
3710
3708
3707
3706
3705
3701
3698
3696
3694
3691
3686
3681
3680
3678
3676
3675
3673
3671
3668
3664
3663
3662
3661
3660
3659
3657
3653
3650
3649
3648
3647
3646
3645
3644
3643
3641
3638
3637
3636
3632
3630
3629
3624
3623
3622
3620
3619
3615
3608
3607
3606
3602
3601
3599
3598
3597
3595
3593
3591
3590
3589
3588
3587
3584
3581
3580
3579
3575
3574
3571
3570
3569
3568
3567
3566
3565
3558
3553
3549
3546
3543
3542
3539
3538
3537
3536
3535
3531
3530
3529
3528
3527
3524
3519
3515
3513
3511
3509
3508
3507
3506
3505
3503
3500
3499
3498
3494
3490
3486
3483
3482
3478
3476
3472
3468
3465
3464
3463
3460
3459
3457
3451
3450
3447
3446
3445
3444
3441
3439
356
665
662
661
582
675
640
578
453
464
2227
2528
1992
2178
2632
2431
2263
2217
2094
2424
2008
2100
2051
2160
2158
2456
2321
2034
2618
2402
2371
2565
1996
2622
2515
2444
2170
2076
1924
2513
2262
2535
2281
2197
2070
2236
2152
2311
2015
2562
2523
2388
2373
1975
2435
1957
1942
2129
2107
2025
1935
2587
2412
2658
2284
129
76
182
120
256
86
195
46
5
275
2
225
131
164
286
296
177
250
330
260
254
204
20
77
143
115
14
141
288
283
3
249
242
267
237
51
168
236
232
121
31
138
17
29
265
223
291
231
186
170
85
69
319
219
95
89
328
273
92
3432
2494
2364
1991
122
103
87
7
3197
2857
2776
3282
3091
2671
3063
3427
3376
3338
2961
2855
3112
3235
2722
3317
2805
2882
3122
2861
3094
2987
3105
2852
2850
2908
3143
3139
3399
3292
3092
2798
3032
2816
3394
2821
2824
3402
3393
2723
2695
3008
3202
3135
3073
2945
2917
3194
3089
2846
3293
3284
3228
3029
2891
3417
3257
3238
3119
3026
2953
2887
2880
2756
2681
3364
3226
3184
3065
3010
2969
2698
2666
3171
3436
3193
2948
3314
2879
2702
3349
3329
2868
3249
3387
3339
3195
3174
3064
3022
2967
2800
2773
2669
3430
3104
2978
2873
2789
3316
698
3262
2701
3377
3225
2686
3161
3120
3321
3405
3398
3279
3280
3272
3265
3188
3076
2970
3343
2903
2514
2001
2000
2552
2358
2092
2159
2440
2291
2497
2453
2411
2248
1990
2659
2640
2620
2585
2297
1973
3369
3275
3187
3169
3156
3145
2844
2783
3274
3214
2841
2762
2736
2700
3043
2209
2495
2136
2172
1966
2490
1952
2559
2165
2098
1984
1962
2366
2322
2318
2296
2175
2638
2591
2574
2554
2553
2551
2546
2532
2520
2485
2477
2418
2404
2392
2359
2356
2329
2244
2216
2212
2190
2140
2131
2122
2112
2104
2074
2056
2045
2030
1983
1917
2099
2599
2501
2605
2298
2295
2628
2525
2480
2317
2126
2531
1969
2252
2390
2274
2243
2096
2604
2409
2393
2325
2635
2518
2434
2232
2630
2623
2619
2593
2571
2561
2526
2489
2363
2355
2348
2300
2276
2271
2257
2253
2240
2233
2123
2090
2088
2063
2058
2040
2005
1964
2510
2194
1939
3241
3208
2848
2709
3422
3421
3342
3291
3260
3189
3151
3038
2720
3191
3101
3027
3056
3240
2942
3177
3118
2958
2860
3207
2962
2820
3288
3397
3320
3297
3277
3270
3204
3199
3082
3035
3021
2991
2980
2939
2937
2828
2778
2742
2661
3051
2881
3359
3346
3221
3176
3154
3081
3068
3061
2947
2934
2865
2845
2685
2682
3340
3375
3103
2923
2688
3628
3670
3548
3838
3559
3462
3452
3970
3919
3918
3913
3898
3864
3832
3795
3790
3765
3744
3717
3695
3669
3639
3635
3617
3613
3605
3576
3562
3560
3523
3516
3502
3488
3479
3467
3689
3966
3926
3902
3852
3817
3736
3702
3621
3526
3520
3475
3471
3839
3712
3547
3888
3610
3544
3514
3858
3477
3928
3804
3788
3654
3578
3533
3484
3886
3979
3916
3891
3847
3626
3522
3828
3800
3756
3642
3945
3942
3927
3825
3803
3738
3612
3604
3554
3469
3688
3611
3492
3672
3552
3521
3496
3971
3760
3693
3656
3491
3480
3438
3950
3889
3841
3737
3692
3683
3625
3573
3563
3551
3512
3978
3944
3934
3930
3929
3884
3880
3873
3860
3831
3824
3796
3687
3667
3618
3596
3461
3449
3448
3968
3938
3851
3842
3780
3755
3734
3703
3697
3600
3545
3872
3779
3586
3517
3501
3456
865
857
2941
612
603
625
611
597
647
448
371
3961
3861
3487
3437
472
499
467
349
437
646
631
619
617
592
685
684
682
681
679
674
672
671
670
667
664
659
658
657
654
650
648
644
643
636
635
633
632
628
627
626
624
623
622
621
615
613
610
608
605
600
599
598
595
588
585
583
579
577
576
575
573
593
568
560
440
375
386
449
678
406
680
590
498
666
381
474
416
501
558
473
413
360
516
477
469
479
552
504
202
331
325
324
323
280
277
271
229
146
132
48
27
2660
2657
2656
2655
2654
2652
2651
2650
2648
2647
2646
2645
2644
2641
2639
2637
2636
2634
2633
2631
2627
2626
2625
2624
2621
2616
2615
2614
2613
2612
2611
2610
2607
2606
2603
2602
2601
2600
2596
2595
2592
2590
2586
2584
2583
2581
2580
2579
2578
2577
2576
2575
2573
2572
2570
2568
2566
2564
2563
2560
2558
2557
2556
2550
2549
2548
2545
2541
2540
2539
2538
2537
2536
2534
2527
2524
2522
2521
2519
2517
2507
2506
2505
2504
2503
2500
2499
2493
2492
2488
2487
2486
2484
2483
2482
2481
2479
2478
2476
2474
2473
2469
2467
2466
2464
2462
2460
2459
2457
2455
2454
2452
2450
2449
2448
2447
2446
2443
2442
2441
2439
2438
2437
2433
2432
2430
2429
2428
2427
2426
2425
2423
2422
2421
2416
2415
2414
2410
2408
2407
2406
2405
2403
2401
2400
2397
2396
2395
2391
2387
2386
2383
2381
2380
2379
2378
2376
2375
2374
2370
2369
2367
2365
2362
2361
2360
2357
2354
2353
2352
2351
2350
2349
2346
2345
2342
2341
2340
2339
2337
2335
2334
2331
2326
2324
2323
2320
2316
2314
2313
2312
2310
2309
2308
2307
2306
2305
2304
2303
2301
2299
2290
2288
2287
2286
2280
2278
2277
2275
2272
2270
2268
2267
2265
2261
2260
2259
2258
2256
2255
2251
2249
2245
2242
2238
2237
2235
2234
2231
2230
2229
2228
2226
2225
2222
2221
2220
2219
2218
2215
2214
2213
2211
2210
2208
2207
2206
2205
2204
2202
2201
2200
2195
2193
2192
2188
2186
2184
2182
2181
2179
2177
2173
2171
2168
2167
2166
2164
2162
2161
2157
2156
2155
2154
2150
2148
2147
2146
2145
2142
2141
2139
2138
2130
2124
2121
2120
2119
2118
2116
2115
2114
2113
2110
2109
2108
2106
2105
2103
2097
2095
2093
2091
2089
2086
2085
2084
2083
2082
2080
2079
2078
2077
2075
2073
2071
2069
2067
2066
2065
2064
2061
2060
2059
2057
2055
2050
2049
2048
2046
2044
2043
2041
2038
2037
2036
2035
2033
2029
2027
2024
2023
2022
2021
2020
2019
2018
2017
2016
2014
2013
2012
2011
2009
2006
2004
2002
1999
1998
1997
1995
1993
1989
1988
1987
1986
1985
1982
1981
1980
1979
1978
1977
1976
1974
1972
1971
1970
1968
1965
1963
1961
1960
1959
1958
1956
1953
1951
1950
1949
1946
1944
1943
1938
1937
1936
1934
1931
1930
1929
1928
1927
1925
1923
1922
1921
1919
1918
1915
1914
347
346
345
344
343
342
341
340
339
338
337
336
334
333
332
329
326
322
321
320
318
317
315
314
313
312
311
310
309
308
307
306
304
303
302
301
300
299
298
297
295
294
292
290
289
285
284
282
281
279
278
276
274
272
270
268
266
264
263
262
261
259
258
257
255
253
252
251
248
247
246
245
243
240
239
238
235
234
230
228
227
226
224
222
221
220
218
217
216
214
213
212
211
210
208
203
201
200
199
197
196
194
193
191
190
188
187
185
184
181
180
178
176
175
174
172
169
167
166
165
163
162
161
160
159
158
157
156
155
152
151
149
148
147
144
142
140
139
137
135
134
133
130
128
127
126
125
124
123
118
117
116
114
113
112
111
110
109
108
106
105
104
102
101
100
99
98
97
96
94
93
91
88
84
83
82
81
80
79
78
75
73
72
71
70
68
67
66
65
64
63
62
61
60
59
57
56
55
54
53
52
50
45
44
41
40
39
38
37
36
35
