1912
107
2347
1800
1684
1126
3437
2229
1730
2384
0
1612
483
2111
348
2754
1746
2047
2906
3397
2649
3417
2294
686
2863
1589
1462
3101
3174
376
1947
3291
637
916
917
896
3426
2282
3596
1222
3320
3198
2372
414
2839
561
2720
1862
1729
2679
136
1827
1496
2944
2951
1345
2616
2642
363
1590
1709
2280
1823
747
2738
1277
2346
1538
513
1070
1636
2338
3351
3085
304
56
1662
3084
3201
2716
1783
2538
3930
3938
2235
2484
475
3078
1426
395
3830
1505
1801
1173
1650
2915
3350
203
1669
1217
2292
2939
2133
503
1221
1568
2728
1032
2289
658
3232
2958
359
526
3915
756
654
1837
3633
1404
500
2890
3906
1703
3419
1321
3481
745
3117
2364
3287
1825
1332
3869
596
2648
1894
1591
921
1479
3851
1645
366
2438
1160
200
2911
2050
1866
724
3684
494
2417
2247
3154
3001
1964
271
1348
3299
2236
2621
1523
828
2055
3162
1923
1453
805
3591
2817
969
2459
3261
2068
506
2702
1895
3921
1666
3210
1226
1833
3604
784
925
3060
555
3000
1241
3137
1738
2773
148
3986
643
2129
1055
3214
1122
457
531
1686
2662
3011
2211
824
1152
3234
1056
3877
1743
3836
1171
1919
1379
570
3262
52
2743
1741
2004
957
2361
3500
3468
3036
1020
2509
2822
736
2955
1794
3810
1304
325
1785
567
534
211
2708
1494
3878
963
2234
169
959
3075
1282
2683
2699
1085
2011
2110
3858
2039
3705
3599
3008
260
2085
310
3267
2778
1287
705
242
2940
312
1999
1691
3737
1660
1385
2248
3610
806
664
582
571
1911
415
2609
1188
2315
3482
3561
2925
3718
3638
584
343
333
328
1015
989
3956
1312
1359
1291
3691
284
178
173
3072
2785
3625
3116
2477
1114
3151
2809
2262
1387
2320
3980
871
2528
408
1343
1261
1535
1007
3696
297
1412
618
2800
1571
3947
3852
3809
3533
818
45
1266
3256
2874
1751
1493
2463
3818
3803
3658
3446
16
1960
905
2734
2027
25
2566
2682
1164
438
3567
3341
3292
3094
2721
1727
2964
474
964
1892
2114
3988
3566
1537
1696
1249
156
2879
2639
2932
2748
365
3189
1702
1246
3508
1835
2594
2894
3828
3434
544
3532
3519
3467
3444
701
509
263
237
1642
1090
324
2867
3047
599
3670
2518
793
786
772
605
1859
3640
1526
3898
3780
3753
3523
2923
2860
1134
1265
3420
2962
390
275
274
2141
3211
716
1913
1616
1372
1202
2635
1043
2481
1934
1654
2245
1956
2426
3513
3455
2899
811
797
776
437
2545
2411
1422
2238
2570
914
1477
1909
1572
3081
3340
3617
3168
842
3090
1449
1
3598
62
208
3501
2724
3786
516
1062
1829
3545
3897
3892
3879
3689
721
293
2854
3784
3974
3890
3773
3147
3003
1360
1688
3804
2026
3290
204
2986
3563
3909
301
1747
737
3128
3281
2079
264
4020
4030
3895
619
100
1969
1008
2443
3371
416
521
1237
3275
1190
3288
3573
3883
2610
1769
1469
3222
3253
1803
2355
1439
2448
346
573
2192
402
2768
2815
1831
3859
3425
803
741
729
160
144
60
2825
82
819
3339
2937
2023
1968
2751
1880
1389
76
3675
839
642
574
10
2214
1815
1193
352
3080
1515
2169
3145
2539
3590
3491
1143
1566
1672
3297
470
198
3254
104
1740
2416
1762
1625
2357
1961
131
861
863
3955
3839
3531
699
607
572
453
282
279
116
1978
2558
1296
1368
