107
709
3980
216
4025
3961
52
3570
692
453
1119
267
215
2269
1442
1362
3765
4010
4015
467
4033
1262
1383
1693
2382
253
364
801
1206
1111
18
2227
607
35
256
832
550
3923
1521
1466
1145
321
3453
1581
3055
406
234
377
1194
286
1430
1838
34
335
1395
1690
4000
124
468
2926
3746
3993
3997
3879
3987
4011
4032
4029
4012
3806
594
316
4005
190
42
2885
1476
533
219
3882
904
2857
3984
2130
2860
351
3502
1477
3689
776
2805
264
3030
2814
749
201
279
3798
181
656
2457
3733
3854
2595
210
4022
145
4028
2704
3811
575
3467
4008
193
894
704
893
3955
854
785
1244
160
3
3936
3712
3413
3251
1510
2442
112
2963
3037
102
1253
3432
979
167
3282
338
2470
707
3899
168
46
1854
875
3307
441
3820
70
2899
81
860
1546
86
1138
3978
110
132
1263
1498
3856
899
2922
621
1579
2634
103
2961
1202
3444
3717
2599
174
613
3709
1151
386
1967
3935
3375
3216
3887
593
1755
3328
3944
244
1386
3777
1797
1162
2481
2569
1208
3482
485
3537
3317
2079
390
3181
173
3235
552
1455
3543
3974
3268
1342
3965
250
3729
1560
1937
1905
3952
1834
945
2740
3582
1856
1417
3946
358
3548
1002
3954
3861
3742
1200
2041
3914
1499
2792
228
884
866
879
2527
4
195
259
2808
3121
3813
3669
454
1224
472
4018
3846
3992
1193
383
437
3074
3653
3720
3787
3749
1252
909
1030
955
1254
393
3986
23
443
3487
3566
3551
3723
3504
3530
3925
3990
4016
3991
4003
4020
4004
3989
4030
4009
3998
3994
4027
4038
4002
4013
3988
4014
4019
667
4031
4023
4021
4017
4006
3999
3981
4007
3982
4026
3983
3985
4037
3995
4034
4035
4024
4036
3996
4001
867
861
888
743
885
881
895
882
802
788
702
876
804
846
833
850
839
806
740
796
869
753
790
837
887
886
877
871
870
858
729
765
791
732
701
890
889
878
864
863
813
849
716
793
755
714
712
689
807
783
730
775
782
821
786
736
772
768
822
843
770
818
742
721
708
787
720
728
803
715
777
766
723
698
737
758
848
840
835
703
771
751
696
780
831
794
761
738
697
880
856
838
745
741
739
718
727
845
812
800
798
795
752
706
690
844
836
826
825
823
820
819
816
809
808
799
797
789
779
778
767
764
763
762
759
757
750
748
744
735
734
733
724
719
705
700
693
829
824
713
827
774
773
747
731
695
834
830
817
815
814
792
781
760
756
754
726
688
687
853
842
828
784
722
694
686
847
810
805
711
710
725
746
717
865
852
851
811
691
769
873
868
855
874
872
859
699
841
892
883
891
857
3368
61
305
44
296
93
32
147
3143
3227
2997
2725
137
192
310
151
135
108
78
263
227
225
312
278
131
68
337
243
214
319
3747
3664
3531
2023
2204
3175
3217
2809
3095
3427
2767
3336
3333
2746
3059
3392
3063
3126
2821
2798
2807
3141
3053
3354
3218
3200
2776
3370
3390
2954
3023
2811
2762
3269
3123
3202
3231
2948
2888
2710
2671
3410
3318
3309
3008
2769
2722
3088
2980
2933
2886
3376
2441
3352
2923
2983
2889
3357
3208
237
83
274
36
197
295
301
217
20
275
140
115
111
28
14
281
127
230
71
91
260
75
306
218
175
226
162
144
99
183
96
64
221
41
19
89
343
116
152
314
3358
2697
2682
3420
3418
2790
3863
3682
3546
3500
3476
3932
3888
3767
3754
3769
3490
246
22
1977
2019
2158
2263
1930
2466
2167
2535
2360
1982
2231
2455
2411
2632
2207
2403
1978
2474
2228
2070
1956
2497
2089
2388
2091
2034
2181
2160
1933
1942
2737
3003
3039
2708
3377
3194
3279
3151
3144
2771
3207
2895
3430
3414
3080
2854
2882
3044
3431
3204
2823
3192
2819
2662
2936
2700
3424
3389
2898
2804
3148
3422
2845
3112
3273
3102
3380
2747
3316
2967
2759
2914
3338
2699
2828
2796
3305
2773
3010
3248
3197
3058
3046
3325
3314
2982
2788
2701
3189
2878
3276
3111
2753
2761
3300
3139
3415
3294
3193
3068
2987
2991
2970
3163
3322
3083
3137
3104
3387
3047
2911
2864
3033
2917
3388
3315
2953
2673
3355
3435
3234
2768
2728
3056
2815
3130
2731
3242
3067
2932
3045
2779
2692
2978
2689
3243
3085
2852
2683
2680
3247
3072
3066
2949
3174
2924
2756
2681
3348
3040
3220
2766
3303
3301
3098
2915
2867
2755
2666
3014
2994
2891
2873
3206
2831
2797
2715
3304
3286
2919
2705
3394
3384
3025
2931
2912
2786
2741
3036
3029
2743
3238
3084
3022
2993
2985
2916
2877
2745
3272
3396
3166
3064
2866
2782
2676
3171
2826
3324
3213
3119
2974
2966
2945
2880
2862
2806
2763
2750
2679
3122
3105
2668
3417
3135
3073
3000
2874
2810
3150
3366
3326
3120
3209
3048
3226
3096
3054
2969
2850
2717
2706
2669
2664
3221
3093
2996
2818
3113
2913
2841
2960
2956
2940
2920
2909
2698
2694
2904
2846
3400
3257
3232
3092
3090
2988
2928
2839
2757
2754
2729
3016
2938
2801
2851
2837
3383
2836
3412
3077
3211
3423
2972
2739
3246
2735
3013
3075
3311
2959
2879
2789
3397
3265
3049
3021
2876
2677
2667
3173
3050
2712
3359
3264
3393
3321
2803
3416
3291
3277
3267
3252
2674
3378
3351
3132
3094
3103
3018
2999
2685
2675
3296
2816
3156
3425
3274
3255
3365
2865
2238
1915
2456
2431
2422
2251
2230
2036
2454
2234
3360
3179
2903
2672
3371
3241
2713
3419
3411
3253
3201
3155
3106
3041
3005
2863
2849
2765
3110
3032
2832
288
51
88
317
320
196
101
300
345
126
31
5
39
284
184
139
117
77
258
87
185
298
85
123
63
344
276
251
235
224
176
141
21
257
26
248
236
79
324
270
331
59
347
336
333
328
326
311
309
307
303
293
287
282
265
245
212
206
205
202
188
178
177
156
155
149
143
138
133
129
121
120
114
100
95
73
58
45
38
30
27
17
11
8
6
2
1
339
105
16
223
98
268
72
261
3199
3334
2829
3295
3292
3275
3244
3190
3346
3100
2758
3177
2964
2724
3298
3260
3185
3168
3154
3140
3116
3302
3091
2721
3182
2937
3959
3910
3708
3519
3641
3549
3939
3580
3447
3755
3964
3766
3776
3834
3532
3975
3579
3541
3836
3631
3728
3960
3622
3881
3630
3732
3660
3917
3628
3445
3874
3799
3855
3513
3844
3616
3751
3745
3931
3866
3459
3871
3912
3823
3583
3707
3979
3589
3644
3623
3973
3818
3782
3524
3735
3698
3463
3803
3714
3649
3581
3555
3947
3535
3483
3937
3468
3825
3510
3710
3713
3815
3498
3865
3685
3615
3553
3934
3484
3727
3585
3461
3626
2452
1976
2639
1974
7
2524
2568
2291
2186
2641
2252
1969
2193
2192
2222
2067
2424
2208
2523
2265
2085
2375
2480
2448
2173
2517
2320
2584
2044
2342
2051
1928
2621
2213
2444
2401
2581
2260
2146
2316
1988
2355
2571
2129
2346
2012
1992
2393
2562
2257
2281
1961
2310
2545
2503
1975
1936
2287
1953
2610
2060
2482
2614
2014
2418
2055
2288
2357
2107
2449
2303
2179
2092
2261
2628
2587
2236
2105
1949
2558
2361
2100
2579
1989
2358
2197
2487
2563
2077
1963
2532
2428
2359
2300
2630
2154
2440
2656
2650
2622
2170
2574
2150
2108
2619
2184
2164
2147
1938
2172
2363
2356
2123
2046
2025
2383
2058
2626
2284
1968
2645
2050
2636
2601
2536
2506
2495
2485
2477
2430
2299
2109
2098
2056
1979
1966
1946
2397
2314
2049
2625
2604
2578
2552
2499
2489
2423
2340
2339
2307
2276
2212
2103
2073
2005
1986
1925
1919
2577
2570
2488
2371
2335
2286
2035
2647
1935
2633
1973
2660
2659
2640
2583
2494
2435
2157
2006
2607
2575
2564
2561
2556
2546
2507
2478
2469
2464
2460
2329
2323
2306
2237
2200
2165
2074
2624
2602
2520
2484
2395
2331
2253
2229
2188
2124
2122
2115
2083
2078
2059
1971
2620
2337
2202
2159
2018
2341
2317
2156
2120
2654
2623
2591
2586
2553
2504
2374
2220
2206
2095
2088
2084
2064
2045
2030
1984
1962
2648
2585
2061
2000
1991
2869
3160
2958
3343
2822
171
3405
3320
3172
3118
2881
2875
2840
2778
2719
3421
3342
3337
3323
3288
3219
3024
2984
2871
2859
3344
3212
3188
2793
3138
3406
3312
3152
3038
3332
3019
2733
3329
3214
3191
3086
3027
3061
3363
3215
3124
2927
2897
2835
3361
3434
3350
3280
3070
3015
2992
2853
2844
2830
2785
2783
2748
2720
3386
3330
3327
3082
2989
2942
3395
3261
3178
3076
3060
3017
2894
2812
3347
3340
3254
2848
2787
1134
3297
3433
3426
3409
3404
3402
3399
3391
3382
3381
3379
3374
3373
3369
3364
3362
3356
3349
3345
3341
3339
3319
3313
3308
3306
3299
3293
3285
3284
3283
3281
3271
3266
3262
3259
3250
3249
3240
3239
3237
3230
3229
3228
3225
3224
3210
3203
3195
3187
3184
3176
3170
3158
3157
3153
3149
3146
3142
3133
3129
3128
3117
3115
3114
3109
3108
3099
3097
3079
3078
3069
3065
3052
3042
3035
3026
3020
3009
3007
3004
2998
2995
2990
2986
2981
2977
2975
2973
2965
2955
2952
2951
2950
2944
2943
2939
2935
2934
2929
2925
2921
2918
2910
2908
2907
2906
2905
2901
2900
2896
2893
2890
2887
2872
2868
2861
2858
2856
2855
2847
2834
2833
2827
2813
2800
2799
2795
2794
2791
2784
2781
2780
2777
2774
2772
2770
2752
2751
2749
2742
2738
2730
2727
2726
2723
2711
2709
2703
2702
2696
2691
2690
2687
2686
2670
2663
2661
2971
3353
3335
3236
3198
3196
3169
3167
3145
3136
3087
2825
3256
2843
2611
2576
2557
2542
2429
2221
2162
2400
2453
2362
2272
2209
2114
1944
2627
2365
2001
1980
1931
1921
2367
2318
2313
2145
2345
2432
2415
2110
2096
2330
2116
2638
2631
2615
2573
2559
2526
2500
2492
2467
2427
2414
2410
2409
2407
2386
2381
2376
2348
2326
2309
2271
2266
2201
2190
2139
2118
2104
2043
2037
2033
1997
1917
1952
2560
3258
3223
3101
3043
2718
341
325
199
84
69
299
92
48
266
242
94
340
308
53
346
24
180
80
150
130
9
334
322
297
291
169
153
294
208
204
200
161
159
57
56
10
285
272
232
231
142
104
62
60
55
25
323
315
290
271
128
342
186
165
158
134
122
67
66
40
252
211
203
118
0
148
146
109
332
313
238
172
65
3331
3162
3159
2892
2870
2820
3233
3062
3051
2962
2684
3780
3618
356
3785
3574
3642
3503
3740
3663
3458
3894
3774
3571
3465
3967
3920
3655
3587
3789
3509
3661
3736
3443
3753
3598
3472
3904
3911
3864
3744
3703
3700
3635
3972
3843
3726
3446
3679
3916
3654
3478
3793
3809
3696
3602
3786
3690
3568
3927
3474
3752
3701
3675
3612
3837
3772
3750
3637
3477
3868
3473
3918
3590
3835
3903
3792
3921
3907
3572
3534
3556
3966
3958
3878
3718
3564
3499
3788
3533
3573
3552
3738
3683
3656
3563
3636
3950
3610
3892
3857
3819
3743
3538
3614
3577
3924
3763
3643
3439
3620
3848
3695
3594
3508
3662
3962
3902
3658
3645
3617
3601
3557
3518
3452
3943
3832
3721
3545
3456
3906
3758
3719
3558
3900
3706
3506
3862
3827
3824
3790
3730
3891
3702
3497
3739
3595
3831
3528
3561
3507
3464
3527
3692
3525
3480
3895
3678
3592
3470
3760
3449
3794
3724
3840
3512
3734
3625
3810
3584
3930
3841
3521
3951
3870
3833
3826
3822
3569
3845
3817
3627
3611
3514
3475
3883
3516
3919
3562
3523
3956
3945
3821
3634
3529
3469
3460
3800
3876
3867
3629
3599
3526
3442
3889
3838
3697
3693
3501
3491
3471
3438
3949
3968
3938
3851
3842
3600
3586
2315
2637
2366
2031
2029
1970
2233
2131
2531
2459
2298
2273
2163
2544
2226
2155
2171
2117
2024
2022
2009
2436
2223
1923
2511
2635
2533
2134
2387
2305
2039
2502
2472
2525
2417
2296
2214
2211
2175
2149
2141
2038
1965
136
2518
2304
2295
2294
2052
1954
1941
2653
2572
2151
2144
2057
1987
1985
2597
2537
2479
2462
2438
2434
2327
2274
2075
2062
2002
1964
1932
2463
2445
2396
2384
2344
2243
2241
2198
2132
2054
1955
2594
2461
2419
2416
2377
2285
2259
2071
2010
1939
2609
2475
2471
2420
2372
2333
2289
2199
1948
1916
2598
2554
2550
2451
2369
2350
2239
2127
2603
2390
2250
2187
2063
1994
1947
2617
2543
2468
2399
2338
2336
2302
2267
2246
2194
2137
2047
2042
2530
2413
2658
2657
2655
2652
2646
2644
2618
2613
2612
2608
2606
2600
2593
2592
2590
2566
2551
2549
2548
2540
2539
2538
2534
2528
2522
2521
2519
2515
2514
2513
2498
2493
2490
2486
2483
2476
2473
2450
2447
2446
2443
2439
2433
2426
2425
2412
2408
2406
2405
2404
2402
2398
2392
2391
2389
2380
2379
2378
2373
2370
2364
2354
2353
2352
2349
2334
2332
2324
2322
2312
2311
2308
2301
2297
2290
2282
2280
2278
2275
2270
2262
2258
2256
2255
2249
2248
2245
2244
2242
2240
2235
2232
2225
2224
2218
2216
2210
2205
2196
2189
2177
2166
2161
2153
2152
2142
2140
2136
2128
2126
2121
2119
2113
2112
2102
2101
2099
2097
2094
2093
2090
2086
2082
2080
2076
2069
2066
2053
2048
2040
2027
2021
2020
2016
2015
2013
2011
2007
2004
1999
1998
1995
1993
1990
1983
1981
1972
1960
1958
1957
1951
1943
1929
1927
1922
1918
1914
1486
3289
3186
2707
1266
2976
2968
3165
2764
3290
1883
1297
1218
986
3398
3287
3222
3164
3107
3089
3081
3057
3034
3011
3002
2957
2946
2941
2716
2665
2802
2688
3403
2760
2734
1000
974
3205
2979
1684
923
1493
1088
1708
1441
1178
1419
3385
2744
2678
2616
2589
2588
2582
2512
2394
2328
2325
2319
2254
2185
2176
2143
2068
2003
1940
1926
1197
1792
914
2649
2629
2555
2510
2509
2508
2501
2496
2491
2458
2385
2351
2347
2293
2264
2247
2203
2191
2183
2111
2065
1945
1858
1384
1157
3278
2883
1825
330
304
302
254
213
194
187
329
318
280
277
269
239
189
170
125
113
82
54
50
13
1776
987
3001
2775
1234
939
3886
3877
3872
3741
3684
3633
3609
3550
529
1814
505
411
564
3673
3670
3737
3731
3640
3450
3977
3976
3971
3970
3969
3963
3957
3948
3941
3933
3929
3926
3915
3913
3909
3908
3905
3897
3896
3890
3884
3875
3873
3869
3860
3859
3858
3853
3852
3850
3849
3847
3839
3830
3829
3828
3816
3814
3805
3804
3802
3797
3796
3795
3791
3784
3783
3779
3778
3773
3770
3768
3764
3762
3761
3759
3757
3756
3725
3722
3715
3711
3705
3704
3699
3691
3688
3687
3680
3677
3674
3672
3671
3668
3667
3666
3659
3657
3652
3651
3648
3647
3646
3639
3638
3632
3624
3619
3613
3608
3607
3606
3604
3603
3596
3593
3591
3588
3578
3576
3567
3565
3559
3554
3542
3540
3539
3522
3520
3517
3511
3505
3496
3495
3493
3492
3488
3486
3485
3481
3479
3466
3462
3455
3448
3441
3440
862
1779
2643
2642
2605
2567
2547
2529
2516
2465
2368
2343
2292
2283
2279
2268
2215
2180
2174
2169
2148
2138
2135
2133
2125
2087
2081
2072
2032
2028
2026
1959
1920
1913
1912
554
1829
1566
1050
1105
1440
1434
1759
1850
1760
1387
1354
1719
1666
1450
1889
1161
1077
1150
1656
1764
1394
1044
1537
1363
1326
1071
1748
1788
1140
1328
928
1552
1171
1368
1045
1403
956
1817
1333
1309
1141
985
1855
1248
937
1500
1131
1299
1168
970
1372
1751
1167
1102
1756
977
989
1592
1279
1129
1115
1691
1404
1462
3263
2693
3245
1505
1901
1443
1064
1640
1127
1268
1010
1607
1758
1468
1802
1232
958
901
1895
1892
1452
1319
1186
938
1601
1568
1137
1118
1648
1378
1097
931
1325
1866
1494
1806
1803
1593
1567
1698
1421
1144
1073
1511
1136
1908
1433
951
1594
1670
1780
1646
1626
1274
1564
1042
995
991
1283
1832
926
1544
1444
1484
1911
1562
1040
1470
1312
1055
1771
