1912
107
2340
1352
1684
1663
2328
3437
2543
1199
2283
483
1431
2224
3417
1622
1345
0
2864
2174
1628
348
1668
2753
2742
1479
2617
2877
3026
497
1557
2863
136
3830
1685
2786
1320
373
1014
2960
566
896
2867
2132
1207
805
3280
304
271
3150
2913
414
1298
3826
2045
1816
3182
1482
2071
1214
1277
517
1032
3201
3299
3185
654
564
3921
1799
1932
3877
3104
1472
3956
2661
1806
686
1085
2361
1116
525
361
2894
1148
2594
1865
456
2203
705
1357
2927
1231
1104
555
538
1076
123
2337
3027
2162
3020
1159
1504
2680
26
1844
3966
2633
3168
946
938
2945
1227
2085
2260
2668
3722
144
2765
3623
3449
3082
1160
2854
1919
651
2498
3705
213
422
1375
3192
3121
2969
407
726
2259
1097
1275
2440
3195
1337
3261
752
3257
1448
974
2643
3011
3982
94
1075
1791
3090
553
623
1258
19
3295
3423
400
3585
2196
2778
3903
1334
3495
628
703
3475
2243
1488
3412
3154
2768
2027
2566
1151
2094
3938
2723
257
3398
3315
270
2848
346
1142
1740
2169
2731
2872
3108
1886
1544
3043
280
796
2534
1595
238
2038
1035
754
3248
410
2628
1109
600
3385
3041
2059
3075
1862
1309
3521
3463
1892
1240
2394
1194
933
631
3875
3839
2790
1389
261
1671
3456
58
1074
1978
2025
586
3905
2587
2943
2362
1655
3353
747
1964
3768
3584
2531
987
458
694
2698
919
461
1307
641
3634
9
2205
927
3286
3559
1046
2449
2833
2947
3488
2891
3377
1363
3575
2305
3663
1073
116
508
1366
3987
603
3860
1813
1323
656
3554
673
2900
843
2626
1458
636
1204
3915
596
4009
308
3515
47
4
3005
3219
800
1319
859
1585
2236
2496
999
81
2035
3165
3140
1626
1351
349
140
3477
2837
3737
3355
2699
1415
1517
1765
417
3142
1500
2657
3947
3960
1900
3337
1747
1384
2384
2017
3085
2364
998
3628
1083
4028
3015
779
1642
599
3133
1893
1538
3465
943
674
218
3897
3228
3425
3160
3190
2170
3646
228
2745
1611
3362
3117
2914
3229
3562
1141
956
2697
2764
2181
1343
2687
1295
1008
2879
2249
3399
88
3724
3435
3335
2105
1830
405
872
1915
661
278
1681
1000
2725
311
1755
2923
3859
3739
761
2932
3258
6
3811
1733
2535
3035
2870
2873
244
3427
3519
3538
3254
3452
73
788
494
2445
3155
1452
3783
2609
2640
451
1991
514
959
1725
2992
3105
3707
2739
299
2082
1259
1589
1430
2335
697
3323
322
239
1764
548
233
1413
862
977
625
222
384
1699
1390
995
3728
2367
355
3156
1855
1077
2536
619
263
738
3474
2455
445
1494
217
2066
2948
3895
1729
565
509
2425
1111
2889
4017
54
1980
3112
2171
1990
367
142
37
3842
3394
3514
3762
1882
454
2662
2812
3616
3517
364
994
1820
602
3490
1956
1588
3802
3888
3954
2164
3089
1523
2911
419
976
2836
642
780
3066
3091
329
128
1273
357
3961
1950
3742
3138
1968
3253
39
3227
868
1762
3556
3838
715
1177
386
2041
156
557
3603
1818
1801
2296
2635
824
2899
3935
77
922
3744
3536
1310
749
3971
3421
3615
2431
3786
2298
554
2068
1654
1461
1539
1304
2658
69
2702
2990
3577
1496
3162
2937
2844
380
937
1878
3881
3114
2660
2813
570
748
2805
2042
3596
3137
1102
3272
2783
344
3980
1792
3835
82
2681
3263
3919
3433
785
1583
1080
607
3506
2841
3225
3324
415
1112
2892
3816
2957
582
640
3067
3638
3857
3814
150
248
795
2529
3808
2010
2299
441
1501
35
2905
1168
2851
3909
2572
3817
2230
3977
889
832
1521
2058
2301
1268
3470
2317
1905
2049
1533
476
1263
1490
3278
723
865
2949
323
250
172
14
3997
1306
370
604
1215
3223
3069
3787
1220
3048
1567
2215
2952
3530
3130
3031
1829
3030
3772
4002
3404
2198
2759
472
3581
3927
1710
342
825
3899
3644
3979
894
1834
2704
750
1193
1262
146
3290
3591
381
2382
1846
1817
2439
918
845
1400
1677
2310
1887
51
4032
3144
111
45
1773
667
3458
3969
3587
3914
536
719
3409
1646
620
2320
2728
2258
2831
1884
3442
4034
3726
3650
3906
340
3503
433
2880
577
3440
234
890
2403
1316
1808
247
3911
3890
2838
3614
3790
3601
15
2304
1566
3086
541
606
98
1065
1477
2515
790
876
3231
3917
2700
162
3668
336
1294
1279
1913
3553
3990
2667
290
4005
1190
3499
457
1703
1507
3512
2830
121
1721
481
2962
2145
3673
2263
1852
3679
1701
810
728
3978
3717
2272
3642
1594
1999
1143
332
3128
3336
940
1196
491
3658
2893
2912
2418
3247
1515
3513
317
3902
307
939
1164
2325
1441
3749
2860
1933
482
784
3878
157
3831
2517
76
2405
473
3509
2293
3789
3216
3893
2829
2856
1651
3122
3044
1238
105
3618
31
1246
211
653
3598
639
188
1940
133
3806
2691
1368
127
1486
2701
3317
3326
2975
3180
470
42
1333
2882
2212
3234
62
1837
813
3028
664
985
3912
2571
3189
3432
3356
3307
2737
3981
3438
722
2204
1581
3953
2682
575
3178
1023
3016
588
3765
3064
3719
1614
3809
1093
3656
1744
1690
2714
1516
427
1462
1446
2401
786
338
3222
3916
2850
1542
87
2195
3571
1200
3415
1251
1346
2256
3832
717
3994
863
822
964
2917
1503
108
3143
3408
3678
2241
3565
561
1527
499
622
3099
3279
2842
1631
4004
106
3778
1038
1119
3965
160
3430
1409
46
3729
91
3824
36
685
3561
478
1874
193
480
1883
1660
992
75
2291
3758
3139
2869
1648
2803
1798
2226
3685
1106
2758
413
690
2129
1245
1971
1185
932
2113
735
815
1750
3246
3059
3304
326
2818
2807
3637
1776
2208
2222
2443
1788
3624
3534
852
3078
3735
1423
2822
3312
2490
1881
1592
3761
1412
124
17
249
2958
1775
835
3007
652
1092
1088
3510
2942
1064
3784
2247
1825
1511
3664
1850
1009
531
523
1042
404
1249
2886
2570
2580
1937
3988
3629
1942
2387
1949
867
3643
1208
2666
2801
2413
158
306
1961
2995
3502
495
2079
2921
3424
3958
3896
3524
500
2814
117
1021
698
729
3550
154
3945
3081
178
1666
3984
1327
2976
1637
898
3023
334
3480
195
3788
2964
3763
86
2997
770
362
3774
3039
1318
1408
284
3756
2686
2062
1927
1644
2766
2021
448
2390
2605
1254
333
858
3948
377
1633
1051
3727
2158
2953
191
910
601
3006
920
578
2221
1013
3779
1872
120
1424
979
3269
358
3309
1958
585
2273
3782
1282
792
3387
954
3665
3883
3083
1484
424
2908
3330
1115
1529
1537
3531
3210
3147
393
1722
2752
809
3018
1050
2846
2538
649
3754
152
802
2707
97
3605
474
2225
1769
3289
53
313
3983
3318
1934
1342
426
466
89
811
1700
3908
1873
801
281
1751
3701
2808
961
1403
3882
1022
2141
3698
1606
3923
314
190
243
906
450
1667
592
65
3516
267
43
1728
2885
2816
3578
3074
740
3666
2650
399
2614
3292
1967
169
880
3333
3376
3322
3325
1481
92
2115
1247
1228
3310
102
3127
1463
1039
791
3901
3976
2639
3523
4029
1433
2903
757
4008
2092
1629
2565
2954
331
3343
1561
4006
1778
2819
3863
3188
288
2674
453
2322
3145
3649
881
3812
3135
79
1121
255
110
3131
2971
2693
2718
1443
1434
3163
2157
2051
1695
2411
1894
101
1
2050
7
3169
3570
851
3690
1742
3547
2075
714
225
2938
3491
3674
1643
1617
1287
892
3767
2930
2474
392
1720
1859
1676
1187
1931
908
1174
3489
2028
2332
1260
904
2648
2099
1694
837
709
3079
242
125
1355
2483
1232
2396
3244
1467
1897
3712
3124
2933
182
1131
295
3759
3153
3459
3775
2211
1625
3095
3672
902
1772
3476
1040
2246
3370
3276
1476
387
3453
2776
3410
1225
839
702
1555
1280
3034
2430
1233
682
3414
1007
1903
1716
869
1134
2545
1599
3500
2547
3193
32
320
2799
2373
782
1213
672
3400
2761
1925
396
2809
2695
1353
254
208
1869
2859
1344
3176
2774
535
2416
2366
2209
1394
68
1702
1372
3281
966
855
262
3251
161
438
928
1301
3891
2318
699
170
3589
462
2284
1383
1579
2432
823
773
90
2407
2528
522
972
893
1845
1485
1709
518
3941
2871
732
885
3993
1877
2709
3037
1114
2716
1526
303
1780
1096
879
3014
2214
3443
3158
3273
2713
846
814
3732
3174
700
3955
2663
1374
3753
3725
2847
3386
3949
3087
3936
114
2135
3159
3848
1223
2519
177
2703
3885
677
1911
165
3610
328
2185
3493
166
2777
2457
884
930
768
397
3760
394
2746
3743
223
3340
528
2402
3590
568
52
3805
593
406
587
2466
2815
903
3834
2779
316
3357
2998
2522
3799
2119
3820
2388
3473
1607
2845
379
2858
2569
3171
1095
1691
759
227
670
2689
2794
2756
3461
1763
2678
2683
2773
2922
3588
4011
3995
2503
1797
3920
914
909
663
3003
2895
1727
33
3507
798
3148
1499
3560
771
2665
3733
2353
4010
2311
371
3651
1206
1016
2934
617
1188
1876
1127
1546
3689
1341
266
3557
10
996
464
572
1061
1679
2826
3173
3441
2126
452
3055
693
44
1745
268
787
1178
2048
1657
4022
1641
3970
1439
1002
265
713
701
753
3939
2470
318
1030
286
2015
2717
655
3245
3853
3815
2540
1381
630
2936
3716
3068
2219
2375
1858
1340
1147
645
676
1126
1356
3365
277
1089
2787
2130
2156
1162
1857
3308
660
1067
1158
2861
1150
2155
1870
1332
2250
2427
3645
2935
1851
2454
1548
3781
1514
1435
2459
1011
2557
2968
736
66
1559
1532
2479
212
126
1451
3361
2732
3393
3682
3419
543
3102
3619
3260
2904
4027
1996
2383
2489
2055
3639
2645
2013
1998
168
3573
209
2596
949
739
1929
13
573
1010
291
1300
3607
1087
3579
147
510
1336
256
3804
1564
1770
3391
3344
3316
3652
1706
1661
2835
1896
4026
1286
224
321
365
2806
296
2006
1171
912
3950
2110
1565
289
2646
293
3467
2016
781
704
2391
327
194
1689
724
632
1244
883
2248
521
668
3009
3540
395
3221
3669
2277
337
376
2312
970
1547
3706
3444
3928
1398
3821
3931
187
137
1616
1861
95
64
534
1047
3022
830
2182
958
3240
2100
3024
3868
2232
1303
3284
1639
3686
3791
3209
2664
1037
135
2918
1428
1997
2581
1057
1568
3088
3428
3833
511
3625
184
3611
4013
1782
3071
1373
3392
3769
4031
241
3395
3349
3964
527
3770
3929
2514
2034
3691
3574
141
3730
1977
3655
710
847
2106
112
1650
3973
2720
1130
3865
103
945
3702
955
1569
477
1924
4007
3986
3373
3110
589
3541
1043
1989
3708
3199
3925
1784
2493
3237
2481
743
2175
3151
2797
659
3076
3572
59
50
131
176
3626
3699
545
429
297
669
2179
