107
830
3734
21
3982
310
3994
628
306
955
2571
2094
4014
865
91
3638
2691
2565
3128
595
2076
3314
3305
1956
2204
818
768
4
1203
6
270
3587
54
196
3747
3539
786
756
2788
1002
3121
3200
2721
1822
3043
3278
3069
2403
2158
3388
3099
3063
923
3424
2439
2736
2886
198
2776
301
247
33
710
3918
869
3696
4026
4006
44
4015
61
3380
2693
1992
2182
3338
3820
3650
2044
4036
86
316
282
256
3856
4009
3961
262
3733
3704
3798
3992
3637
3536
3939
3746
2
3911
3919
221
3892
100
3582
3700
99
3562
3908
5
3973
3579
133
875
863
3443
3486
749
866
894
891
887
776
244
2569
358
377
454
1071
2975
2930
1276
1755
3141
996
448
3059
1476
1499
1168
1372
3398
1008
1197
491
1090
1463
664
939
1869
2587
3110
350
1481
1567
2892
1866
1743
2635
3431
1212
2918
1726
3192
3307
2012
2405
3139
2523
3383
1860
2766
2837
920
2685
3061
2769
2709
2791
3015
2490
2882
1915
2080
3153
2895
2826
3325
3030
3155
3370
2456
1301
1896
1961
2767
2798
3091
3143
2422
3375
2281
2714
3180
1105
2382
216
286
3885
42
43
834
707
886
787
734
770
741
693
794
753
690
822
3569
878
3538
3482
4013
3840
3649
3516
3613
798
3724
3639
3901
3682
46
3995
259
78
2941
2207
2248
714
3999
3040
3203
3148
3001
3264
2845
3273
3163
2813
3075
2917
2938
2848
3189
2454
3093
3068
3340
2205
2599
3410
2707
3371
2876
2277
2119
2455
2990
3156
2130
2486
2013
1933
3133
2513
2804
3323
594
3955
195
192
102
183
3811
305
157
3808
154
3451
12
182
3570
742
796
4003
115
20
3997
635
2345
2519
2383
2628
2035
2656
2614
2424
173
218
3849
264
160
112
52
90
292
4016
3987
340
3904
3439
131
228
240
3732
3854
35
3853
3709
3998
3936
3953
3444
138
3984
3494
3949
202
307
4008
3914
229
27
237
3720
3678
3616
3813
3887
3905
860
317
3607
250
3765
3551
3882
3910
3653
3806
10
300
3970
3805
3669
69
217
3694
868
146
309
298
178
3979
83
3541
302
341
330
3827
3859
3600
320
22
3770
311
3598
3457
238
3520
3837
3507
3661
231
242
180
39
194
266
3552
876
883
3
3940
851
158
59
3515
3736
3524
3769
331
3556
3958
735
3508
3663
3592
161
3850
3755
3931
3510
721
3517
3648
3760
3703
3697
890
3670
3833
859
692
3480
3642
3740
3768
804
3706
3609
3527
3667
3550
811
775
808
3989
858
895
758
882
255
918
2457
602
1206
607
550
3071
585
1027
1394
1096
2168
2106
411
2814
499
1558
899
3127
351
1194
648
453
3006
3408
1430
1395
910
1690
364
1657
660
406
2952
2380
1838
1383
1937
498
656
530
1713
1362
929
1264
2100
1856
1762
1031
1651
562
945
2855
652
1087
480
671
1058
2227
478
1840
586
365
1814
1905
2251
1697
1103
1268
433
1506
1414
385
1134
1670
2933
1490
1631
477
1808
1441
1239
1749
943
629
986
1602
1492
1829
1817
1033
2883
1710
1328
905
1007
991
1719
362
1642
1152
1780
2978
1575
361
1648
536
1121
1247
1095
1321
1785
1764
938
1679
1381
645
1904
1695
919
368
4033
1655
3115
2680
2720
1569
3287
2835
1349
3034
596
669
3011
2996
1634
3036
1514
3023
3100
1458
3313
2236
1300
2355
3018
2025
3160
3255
2711
1593
2448
3193
1555
1497
1534
1136
1769
2775
3225
3010
3319
2829
458
1666
908
1806
3170
1307
3262
3209
2686
3080
1825
1847
2891
2984
3337
3286
1705
359
3186
3306
2663
3221
3294
2687
3236
3420
2859
2795
2497
1421
2764
3178
1588
2803
3356
3103
2794
2807
2779
1779
1965
3393
1952
2851
1410
3359
2667
1144
2947
2082
2584
666
1171
3167
3326
2979
1988
2995
1537
3409
3357
3144
2181
3210
3050
3315
1174
516
2162
3208
2726
3048
3112
3024
2402
2503
1930
3205
3157
2744
