0
3987
868
801
883
4012
2792
2596
3885
2842
3650
1386
3820
3811
852
841
692
550
3808
145
358
110
282
210
3704
3729
904
4001
3935
3183
602
307
1394
3875
2740
386
1046
3006
1486
43
2457
4008
4035
581
2168
3856
549
656
4022
3268
3744
1206
3939
775
52
3749
1792
1586
443
47
333
648
3665
3853
11
3709
3230
3984
3619
1937
2079
891
301
1224
61
8
201
193
264
259
91
3801
3037
2691
858
881
866
882
870
874
884
886
785
855
743
873
749
788
725
746
822
744
735
890
869
796
733
742
863
861
729
895
894
893
892
889
888
887
885
879
878
876
875
872
871
867
864
859
804
850
771
710
818
765
795
851
751
723
812
792
687
808
715
768
731
846
839
833
825
821
816
811
810
809
807
806
802
798
794
791
790
789
786
782
778
776
769
767
759
757
753
741
738
736
732
721
717
714
712
711
707
706
702
700
699
693
691
690
689
848
847
844
843
838
834
826
819
784
773
766
752
708
774
760
737
728
726
722
880
840
837
832
734
835
813
704
783
764
755
716
703
829
780
754
724
709
701
695
856
845
827
761
713
698
694
836
730
830
779
758
747
831
817
739
688
854
853
849
842
800
756
697
696
828
823
815
814
805
793
787
781
762
745
720
719
705
686
824
820
803
799
797
777
772
763
748
740
727
718
770
750
877
865
3983
3990
4037
4007
3982
3992
4036
4018
4002
3981
3988
4023
3996
4030
4004
3985
4026
4017
4014
4038
4033
4031
4028
4027
4025
4021
4020
4019
4016
4015
4011
4010
4009
4006
4005
4003
4000
3999
3998
3997
3995
3994
3993
3986
3991
3980
594
3989
4034
667
4032
4013
4024
3954
3953
3742
3676
3848
3716
3461
3686
3724
3572
3606
411
2634
2632
356
2857
2752
2013
3161
3659
3700
3955
3911
3864
3504
3775
3970
3925
3551
3647
3787
3879
3664
3537
3908
3859
3849
3444
3916
3626
3489
3682
3890
3762
3462
3913
3807
3751
3653
3946
3933
3846
3874
3871
3473
3739
3895
3818
3763
3483
3806
3882
3607
3565
3778
3470
3878
3844
3799
3699
3439
3732
3694
3657
3628
3567
3768
3463
3827
3967
3696
3655
3500
3904
3870
3931
3539
3516
3585
3965
3957
3833
3509
3515
3511
3942
3612
3646
3752
3548
3490
3559
3912
3771
3549
3446
3906
3900
3869
3738
3443
3730
3862
3520
3695
3921
3907
3876
3815
3769
3666
3553
3774
3757
3708
3635
3952
3632
3924
3903
3706
3648
3555
3534
3507
3486
3698
3455
3785
3615
3573
3557
3452
3832
3598
3472
3960
3776
3829
3940
3543
3485
3915
3510
3459
3823
3645
3623
3601
3568
3524
3972
3945
3937
3821
3634
3602
3464
3460
3837
3476
3951
3822
3793
3493
3731
3838
3640
3894
3624
3977
3941
3865
3791
3753
3740
3710
3685
3599
3597
3590
3662
3538
3536
3805
3621
3125
2952
3282
2682
899
182
86
152
267
35
247
120
336
243
167
229
183
44
498
468
393
1956
2527
1934
2562
2015
2219
2178
2380
2528
2227
2535
2301
2375
2515
2346
2106
2424
2373
2119
1933
2448
2181
2160
2051
1949
2558
2450
2100
2656
2281
2167
2341
2146
2130
2614
2650
2383
2350
2262
2403
2311
2213
2103
2412
2620
2337
2565
2494
2622
2534
1978
1922
2084
2444
2349
1924
2188
2613
2391
2303
2288
2447
2012
2579
2536
2454
2570
2523
2440
2405
2342
2197
2162
2120
2105
2660
2639
2538
2435
2297
2018
1957
1914
2500
2499
2409
2164
2083
1979
2552
2520
2307
2278
2276
2201
2179
2121
2077
2074
2063
1953
2173
2657
2061
1980
1958
1919
2658
2627
2192
2025
2011
1968
1927
2411
2335
2035
2590
2559
2549
2485
2464
2408
2376
2359
2356
2258
2244
2140
2088
2078
2059
2020
2005
1993
2114
2640
2284
2024
1991
1973
2624
2606
2602
2573
2564
2561
2506
2492
2482
2433
2414
2354
2271
2237
2212
2184
2150
2139
2124
2123
2115
2098
2069
1997
1962
1943
1917
2229
2154
472
3530
3779
1252
2540
2182
2048
2566
2298
2186
2082
3427
3259
3429
3322
2847
3059
2733
3375
3367
2843
3058
3254
3218
2776
3074
3173
2805
2713
3421
3143
3126
3112
3147
2817
2774
3139
3281
3352
3333
3317
3356
2870
3368
2856
3318
2879
3166
2791
2961
3163
3314
2767
3160
3337
2718
3128
2983
3243
3401
3376
3338
2852
3042
3144
3229
3014
2953
3227
3299
2746
3032
2801
2980
3203
3175
3414
2981
3080
2804
3015
2747
2936
3170
2797
3135
2766
3353
3276
3067
2987
3030
3200
3105
2861
3028
2984
2932
3109
3378
3306
2992
3242
2803
2858
2744
2820
3234
2854
2673
3093
2696
3379
3326
3050
3123
3092
2988
2929
2798
2923
2840
3181
3180
3131
2819
2816
2737
2795
2671
3187
2844
2831
3009
2942
2881
2825
2714
2769
2812
2735
3052
2880
3309
2972
2889
2834
3382
3008
2670
3213
2806
3209
3196
2675
3051
2701
2956
2945
2807
2794
2761
2743
3085
2943
2891
3435
3384
3324
3257
3238
3220
3073
2944
2835
2741
2729
3193
3036
2994
2873
2800
2755
3262
3390
3284
3237
3228
3226
3184
2927
2911
2908
2896
2864
2850
2757
2745
2705
3099
3087
2868
2690
3348
3174
3108
3040
2993
2985
2851
2827
3363
3339
3098
3064
3033
3029
2986
2974
2969
2960
2919
2909
2877
2872
2862
2782
2773
2750
2698
3137
3130
3104
3090
2899
2888
2789
2786
2731
2726
3252
3172
2876
2790
3157
2968
2914
3321
3350
3316
3280
3277
3261
3116
3115
3106
2869
2781
3066
2935
2933
3341
2688
2095
1921
2576
2410
2599
1974
2358
2027
2009
2004
1972
1928
2228
2099
2584
2147
2322
2581
2296
2060
2401
2474
2366
2291
1965
1923
2432
2272
1952
2459
2390
2274
2252
1964
2568
2479
2110
2096
1970
2249
2235
2610
2572
2503
2416
2406
2397
2286
2248
2214
2209
2208
2175
2145
2080
2023
1975
1944
1987
2531
1925
1918
2449
2429
2289
2234
2211
2019
1981
1942
2637
2226
2029
2524
2279
2267
2537
2304
2607
2600
2593
2571
2560
2550
2542
2521
2518
2460
2428
2370
2367
2334
2306
2300
2266
2253
2142
2131
2104
2101
2093
2090
2071
2046
2033
2021
1985
1971
2436
2338
2319
2592
2347
2472
2438
2302
2293
2062
2544
2273
2143
1954
1939
2582
2530
2400
2312
3434
3391
3381
3355
3347
3344
3267
3253
3240
3182
3169
3145
3132
3102
3076
3049
3038
2989
2939
2937
2875
2849
2796
2793
2785
2748
2742
2716
3156
2802
3103
3357
3211
3138
3110
2668
3312
3217
3079
3070
2702
2784
2758
3395
3292
3198
3140
2950
2895
2894
2811
2951
3346
3159
2962
2697
3285
3273
3018
3359
3233
3223
3210
3207
3191
3154
3133
3086
3081
2947
2934
2830
2728
2662
1558
3929
3683
3930
3919
3902
3824
3813
3765
3736
3680
3669
3639
3617
3594
3576
3552
3457
3772
3707
3605
3477
3839
3828
3788
3544
3692
3687
3611
3533
3891
3693
3872
3780
3750
3889
3873
3741
3517
3484
3475
3971
3938
3884
3880
3877
3860
3796
3667
3525
862
3842
3841
3831
3804
3797
3703
3604
3596
3586
3514
3979
3978
3976
3975
3973
3969
3968
3966
3964
3963
3962
3961
3959
3958
3956
3950
3949
3947
3944
3943
3936
3934
3932
3928
3927
3926
3923
3922
3920
3918
3917
3914
3910
3909
3905
3901
3899
3898
3897
3896
3893
3892
3888
3887
3886
3883
3881
3868
3867
3866
3863
3861
3858
3857
3855
3852
3851
3850
3847
3845
3843
3840
3836
3835
3834
3826
3825
3819
3817
3816
3814
3812
3810
3809
3803
3802
3800
3798
3795
3794
3792
3790
3789
3786
3784
3783
3782
3781
3777
3773
3770
3767
3766
3764
3761
3760
3759
3758
3755
3754
3747
3746
3745
3743
3737
3735
3734
3728
3727
3726
3725
3722
3721
3720
3719
3718
3715
3714
3713
3712
3711
3705
3702
3701
3697
3690
3689
3688
3681
3679
3678
3675
3673
3672
3671
3670
3668
3663
3661
3660
3658
3656
3654
3652
3651
3649
3644
3643
3642
3641
3638
3637
3636
3631
3630
3629
3627
3625
3622
3620
3618
3616
3614
3613
3610
3608
3603
3600
3595
3593
3591
3588
3587
3584
3583
3581
3580
3579
3578
3577
3575
3574
3571
3570
3569
3566
3564
3563
3562
3561
3558
3554
3547
3546
3545
3542
3541
3535
3532
3531
3529
3528
3527
3526
3523
3522
3521
3519
3518
3513
3512
3508
3506
3505
3503
3502
3499
3498
3497
3496
3494
3492
3491
3488
3482
3481
3480
3479
3478
3474
3471
3469
3468
3467
3466
3465
3458
3453
3450
3449
3448
3447
3445
3442
3441
3440
3438
857
3100
2707
1521
1254
2677
1151
1546
1890
1651
3335
3185
3406
3266
3256
3089
3077
2957
2946
2859
2845
2768
2720
3431
3221
2954
2700
2665
3396
2882
3411
3403
3366
3342
3287
3136
3072
2719
3150
956
3165
3019
3011
1701
1372
1442
1395
1776
311
219
228
309
153
111
234
60
253
97
131
275
181
270
96
341
278
64
250
22
87
139
124
36
235
5
206
208
150
105
162
220
284
127
295
211
59
302
337
32
95
237
318
268
286
249
4
258
99
156
62
55
10
3
204
238
128
63
23
331
314
330
177
143
221
132
77
29
248
117
308
277
265
257
236
212
185
158
69
25
242
180
345
184
169
165
39
41
138
112
17
118
310
271
261
223
109
322
200
176
148
141
133
347
339
315
304
246
213
103
343
226
88
53
351
453
532
467
501
441
198
2659
2655
2654
2652
2651
2648
2647
2646
2645
2644
2641
2638
2636
2635
2633
2631
2630
2628
2626
2625
2623
2621
2619
2618
2615
2612
2611
2604
2603
2601
2595
2594
2591
2588
2587
2586
2585
2583
2580
2578
2577
2575
2574
2563
2557
2556
2554
2553
2551
2548
2546
2545
2541
2539
2532
2526
2525
2522
2519
2517
2514
2513
2507
2505
2504
2502
2497
2495
2493
2490
2489
2488
2487
2486
2484
2483
2480
2478
2477
2476
2473
2470
2469
2468
2467
2466
2462
2456
2455
2453
2452
2446
2443
2442
2441
2439
2437
2434
2431
2430
2427
2426
2425
2423
2422
2421
2420
2418
2417
2415
2407
2404
2402
2396
2395
2393
2392
2389
2388
2387
2386
2385
2381
2379
2378
2374
2372
2371
2369
2365
2364
2363
2362
2361
2360
2357
2355
2353
2352
2348
2345
2343
2340
2339
2336
2331
2329
2326
2324
2323
2321
2320
2318
2317
2316
2314
2313
2310
2309
2308
2305
2299
2295
2290
2287
2280
2277
2275
2270
2265
2263
2261
2260
2259
2257
2256
2255
2251
2245
2243
2242
2241
2240
2238
2236
2233
2232
2231
2230
2225
2224
2222
2221
2220
2218
2217
2216
2210
2207
2206
2205
2204
2202
2200
2195
2194
2193
2190
2177
2172
2171
2170
2166
2165
2161
2159
2158
2157
2156
2153
2152
2141
2137
2136
2129
2128
2126
2122
2118
2116
2113
2112
2109
2108
2107
2097
2094
2092
2091
2089
2086
2085
2076
2075
2073
2070
2067
2066
2064
2058
2057
2056
2055
2054
2052
2050
2049
2045
2044
2043
2041
2040
2037
2036
2034
2030
2022
2017
2016
2014
2008
2006
2001
2000
1999
1998
1996
1995
1992
1990
1989
1988
1986
1984
1983
1982
1977
1976
1969
1966
1963
1960
1959
1951
1950
1946
1938
1936
1935
1931
1930
1929
1915
136
2608
2597
2567
2547
2543
2509
2501
2496
2398
2285
2282
2203
2196
2125
2065
381
166
1510
533
530
1506
382
529
406
3723
3487
3454
448
362
1690
1030
371
