107
823
3873
25
3980
3368
818
3771
3624
139
3628
3500
406
19
659
3546
2452
832
707
3311
3242
2106
2217
4
1499
1560
602
218
1050
2899
311
3580
144
624
3933
3282
102
3649
3910
631
162
299
3587
243
2444
3993
286
50
890
3413
2805
2898
3122
1792
177
3053
776
804
335
3128
2230
3928
1696
740
6
881
3398
155
390
2541
872
296
3
32
230
616
3806
1138
2100
2774
320
2349
2651
2442
1978
2618
215
3751
723
2014
3789
2457
528
3695
435
610
1071
3230
476
103
2456
1262
282
2842
309
1713
1777
2175
813
411
1266
99
1033
3982
3996
912
3901
4035
996
1002
831
1206
3691
582
679
1890
2195
2952
722
3669
3408
3659
3709
3861
636
3986
35
347
1038
775
383
3554
3972
3516
2824
3493
3607
3927
472
3879
3973
3784
3707
4031
3755
1896
3922
3819
3537
1157
4034
4037
3502
1301
27
189
3616
3271
3487
782
179
184
2852
1240
642
37
1650
3738
2975
928
839
3003
2483
1119
3083
3376
3016
866
3167
564
1007
2900
2941
798
1264
11
532
4015
3908
590
1719
3028
208
3805
441
316
1224
1884
865
3724
1708
929
2596
3932
1788
1905
3447
498
1854
64
2857
2178
3095
240
1817
1726
1748
710
2792
1450
1690
1218
1200
3744
217
855
1147
2886
788
3937
80
833
733
3699
1607
3564
3227
3726
377
4021
623
3954
3504
3979
3427
138
1806
3721
263
3720
2490
251
48
3127
663
660
621
253
283
3308
3266
219
1814
880
888
886
729
753
861
2558
877
885
59
3464
3524
3566
3660
3556
3941
2776
3623
3141
1615
2935
1362
2983
2922
860
3477
4004
3988
337
2441
246
3911
1
3045
3517
214
1543
657
3701
83
3562
549
3697
3747
3837
3467
3905
3687
1403
328
152
2422
3522
3175
2034
3801
2667
3008
3666
58
2961
1838
3876
3428
3343
790
3542
3748
12
3461
3732
2080
2238
3768
2262
2650
2656
1950
3445
2644
2400
1944
1287
2265
1974
3229
1697
2272
61
2166
2249
2635
2527
2380
2358
2082
2361
2424
1937
1915
2942
2375
2577
2523
1930
2628
1956
1443
2162
2156
905
2152
1949
2373
2008
3845
3157
3211
3717
2784
913
868
2808
755
3590
2885
3703
1045
1466
3305
490
4011
1208
190
3194
164
1236
127
292
174
3409
1739
2255
608
3509
1933
314
3975
1840
1698
3694
3619
943
3235
4020
617
1055
2938
401
2807
42
1226
154
3039
1869
156
372
3999
1441
1445
3372
3278
2707
1670
648
3375
520
491
2177
117
245
233
3092
792
3031
3882
2493
2840
274
228
3854
2146
1521
150
3268
66
3030
609
3779
3549
931
3183
1887
3503
241
163
3951
3515
1776
850
1385
843
2790
3665
2845
3881
3807
550
3138
151
911
3855
462
904
3424
1568
965
3069
380
948
2856
1541
1749
3161
1821
744
3499
2252
3888
2990
1640
2804
267
95
3777
225
2687
856
294
3802
3700
3698
2816
963
171
3889
501
3599
951
3856
1165
3006
235
3984
846
86
1091
762
3425
3849
645
1065
1552
3421
761
3180
3099
1982
3953
1103
3620
405
3685
3024
735
814
1732
464
3955
4029
4022
159
333
165
120
3367
334
206
62
3492
3373
1005
1042
1254
1755
3579
3269
3992
451
854
894
1039
607
466
1797
1027
1476
3156
3897
365
262
816
2691
3498
60
4007
1629
2878
1901
638
795
3839
857
220
3952
2692
2403
3786
569
4010
3370
1546
149
758
1641
541
255
1152
142
3037
3727
176
1133
371
129
2568
424
3942
1822
879
3134
317
3527
825
3491
1627
2799
1220
357
546
2634
2621
794
137
273
1276
1239
1176
295
1602
1372
3743
81
3875
3718
950
796
1486
447
1400
2714
3662
1035
3891
3828
2821
69
706
667
1834
844
3254
1422
1774
1455
505
3978
634
2902
841
91
279
3015
552
681
3217
1548
247
578
972
543
1424
3441
3531
3544
3983
3746
721
3520
1295
3989
2079
613
308
3704
1593
2963
2930
987
409
646
851
3451
3159
3361
3317
3202
3840
840
2709
1022
486
3650
2801
702
332
2301
166
96
3570
3418
3729
1134
3831
160
585
508
3218
998
3742
955
284
1414
54
63
4032
3944
1478
3059
785
2744
1253
1386
1278
789
3681
3785
1977
457
3143
2995
3581
1856
46
2837
293
74
123
3452
1326
548
1131
1498
673
330
1585
1349
1579
3614
355
4005
3165
301
3868
3573
656
1436
33
341
3055
4024
2998
3916
1384
2736
3894
3958
211
222
3436
3494
1140
1860
3067
2277
3597
968
133
2245
3625
554
808
793
1837
236
3472
3904
3338
718
1088
3644
811
131
437
2727
1657
3682
3814
3812
3610
100
231
2822
3131
539
1904
2710
3300
1434
3144
985
112
1043
1368
1408
2700
2411
2158
2405
2310
2270
2474
2440
2545
2972
3309
2703
2699
2670
3314
2982
2959
3325
2437
306
3476
28
326
111
20
2
3200
3961
3770
859
2439
2113
878
863
882
319
130
2170
2515
3787
3689
1023
3401
2926
3592
3803
1808
1053
88
300
2949
1202
956
1177
1011
2678
2769
3139
3153
1111
3012
1847
1588
970
1866
572
499
935
3270
3402
3310
3336
3322
822
791
732
768
725
1144
3859
3752
940
1693
187
346
266
57
108
90
736
712
3925
3530
2788
3716
3864
4013
4023
1383
3887
3567
3874
3892
3538
3725
3473
3739
3536
1057
3765
3654
3930
594
3438
3507
3890
3561
3505
3478
2671
3919
3956
3794
4030
4017
4000
3998
4014
684
680
620
685
653
573
633
598
619
597
579
611
664
575
3496
3621
3626
3950
682
675
4028
1908
1171
175
227
2382
459
3523
3594
842
766
727
752
3923
2119
1936
2505
2076
281
126
2817
1016
3679
622
182
93
873
3405
871
895
89
739
757
1599
1162
797
803
687
747
876
889
867
887
874
3105
2861
3354
68
2997
698
39
313
146
4027
3981
4038
3995
1924
2207
2513
2486
167
3809
3655
3783
3696
242
254
24
343
14
618
574
630
3774
3965
3883
3898
3641
3791
226
1251
1705
1511
1328
1061
1174
1544
1564
181
979
1562
275
78
195
2540
2204
2168
2868
3205
2690
3318
3382
2889
767
714
689
802
771
720
730
2242
1988
2320
1951
2019
2401
2453
2534
2058
2000
2584
2021
2312
2425
2383
2027
1999
1991
2503
2335
2378
2157
2645
2012
2459
1928
1921
2660
2297
1980
2536
2407
2573
2179
2443
2415
2613
2030
2532
2576
2386
2190
1958
1919
2484
2359
2122
2112
1942
2572
2393
2258
2225
2640
2561
2624
2418
2339
2606
2299
2140
2619
2278
2237
2056
2020
2591
2408
2369
2109
2088
2630
2164
1989
2136
2524
2409
2257
2037
2172
2124
2063
2554
2454
2449
2353
2220
2623
2477
2240
2033
2560
2478
2414
2092
2096
2006
2647
2636
2073
2043
1979
1966
2287
2305
2638
2462
2212
1971
2495
2093
2090
2261
2350
1952
2646
2387
2381
2288
2566
2480
2506
2433
2363
2354
2348
2213
2210
2123
2064
2364
2637
2266
2531
2427
2355
2203
2605
2389
2522
2145
2594
2529
2010
2362
2385
2416
2315
2451
2264
2163
2603
2345
2502
2429
2055
2011
1998
1914
2032
2461
1913
2085
2219
2465
2648
2633
1990
2658
2284
1957
1927
2171
2022
2018
2627
2494
2585
2538
2346
2159
2061
1973
2655
2574
2552
2323
2290
1938
2586
2430
2352
2331
2253
2095
1946
1920
2631
2564
2216
2083
1962
2604
2559
2520
2423
2150
2115
2578
2563
2489
2410
1984
2654
2602
2507
2499
2340
2275
2103
2098
2059
1983
1963
2556
2521
2404
2356
2104
2286
2228
2144
2446
2069
2067
2256
2582
2137
2062
1955
2601
2324
2218
2121
2078
1925
1917
2155
2551
2482
2370
2306
2201
2045
1953
1929
2600
2575
2500
2329
2309
2276
2188
2086
2074
1997
1918
2337
1995
2593
2553
2549
2526
2467
2428
2308
2307
2184
2142
2077
2060
2005
2476
2304
2298
1931
2447
2625
2579
2539
2464
2395
2392
2334
2326
2311
2229
2154
2131
2046
2615
2611
2607
2485
2469
2376
2244
2165
2139
2118
2084
1985
1943
2432
2125
2657
2202
2192
1954
2598
2153
2643
2233
2128
2599
2138
2235
2075
1940
2087
2143
2543
2285
2259
2550
2542
2533
2391
2147
2039
2296
2135
2042
2417
2347
2293
1465
2491
2343
2151
2211
2318
2036
2501
2434
2379
1970
2597
2366
2295
2182
2530
2292
2040
1994
1941
2420
2243
2180
2068
2026
1945
2473
2438
2199
2110
2101
2518
2191
2268
2223
2413
2508
2294
2148
2629
2280
1926
2471
2399
2557
2512
2445
2390
2328
2283
2222
2134
2038
2336
2187
2053
2652
2396
2338
2241
2224
2327
2028
1577
2537
2176
2081
1981
2498
2072
2592
2555
2547
2510
2215
2608
2209
1987
1923
2525
1964
2616
2609
2519
2132
2003
2479
2372
2274
1948
2649
2588
2419
2183
2169
2002
2617
2589
2302
1972
2475
2368
2333
2250
2246
2232
2214
2196
1932
2626
2365
2097
2024
2004
1976
2316
1934
2641
2639
2620
2590
2571
2546
2514
2509
2504
2492
2468
2460
2398
2374
2371
2330
2300
2291
2279
2271
2221
2206
2200
2193
2186
2161
2127
2116
2108
2099
2065
2044
2029
2025
2009
2007
1993
1986
1961
1947
1939
1935
2653
2581
2516
2472
2436
2384
2332
2239
2205
2194
2189
2185
2057
2105
2612
2544
2111
2031
1718
2610
2406
2226
1965
2120
2562
2248
2642
2567
2458
2394
2273
2254
2247
2198
2117
2102
2071
2052
2511
2463
2377
2367
2351
2344
2319
2267
2174
2149
2054
1959
1916
136
2289
2659
1975
1912
2047
2342
2325
2448
2322
2023
2587
2412
2049
2035
2282
2197
2133
2260
2397
2360
2317
2231
2107
1960
2570
2402
2313
2091
2497
2126
2488
2181
2129
2050
2388
1992
1922
2583
2141
2015
2455
2160
2357
2435
1968
2048
2580
2303
2314
2341
2173
2001
2466
2066
2114
2426
2496
2234
2548
2321
2269
2130
2517
2208
2236
2089
2251
3585
3446
670
635
576
643
595
583
661
647
627
599
640
615
577
662
632
600
658
650
278
143
115
387
3766
3639
3474
3635
3821
3466
3630
3702
3574
3481
3643
3764
3843
3834
3915
3602
3443
3482
3557
3872
3902
3559
3884
3479
3475
3550
3900
3833
3645
3793
3658
3508
3715
3969
3568
3829
3582
3529
3670
3880
3440
3563
3552
3533
3841
3852
3528
862
3762
3913
3728
3663
3735
3780
3790
3940
3543
3518
3672
3824
3730
3966
3914
3605
3692
3480
3591
3711
3558
3947
3622
3792
3648
3782
3584
3569
3722
3921
3835
3758
3719
3646
3511
3763
3617
3468
3753
3767
3943
3858
3931
3870
3826
3601
3535
3495
3968
3886
3756
3551
3540
3501
3926
3578
3456
3877
3674
3577
3448
3971
3838
3684
3462
3860
3731
3497
3867
3862
3936
3629
3710
3667
3962
3851
3830
3804
3514
3604
3488
3449
3924
3810
3690
3593
3534
3545
3713
3553
3521
3869
3964
3668
3469
3459
3483
3526
3909
3680
3485
3532
3938
3906
3797
3525
3633
3734
3611
3596
3576
3815
3442
3455
3948
3800
3737
3706
3506
3705
3714
3945
3907
3895
3866
3865
3850
3842
3822
3817
3813
3788
3760
3736
3712
3677
3656
3640
3636
3632
3613
3612
3588
3547
3513
3512
3486
3463
3444
3918
3437
3757
3675
3759
3836
3776
3857
3917
3871
3541
3912
3595
197
3490
3949
806
2964
3186
2968
2883
3374
3279
3334
2829
1666
3110
3221
3171
2766
3097
2918
3263
3164
2688
3043
3385
2957
3312
2836
2820
3241
2728
3112
2715
2741
2746
2758
2859
3072
3215
2881
3103
3135
2768
3088
3286
3328
1656
973
2977
3129
3304
2987
2999
2903
2725
1527
1058
3293
2751
3246
3264
3196
2865
3058
3248
3275
3257
3130
3114
2663
3371
3210
2953
3362
3166
2940
3118
2894
3011
3021
3298
3170
3261
3009
3236
2895
2937
3345
3259
3168
2967
2680
2887
3158
2874
2985
2750
2915
3054
3399
3080
2905
3023
2794
3250
3294
2909
3404
3331
3081
2702
2686
3111
3253
3403
3225
3079
2936
2823
2708
3150
2980
3416
3274
3013
3050
2996
3199
3075
3410
2830
3359
3154
3078
2679
3036
3065
3040
2877
3301
3149
2944
2872
3209
3288
3281
3262
2970
2869
3332
3272
3049
2989
2833
2870
2880
990
3231
2745
3394
3388
2888
3324
3238
3029
3119
2950
3296
2662
3094
2908
2827
2717
3064
2897
2850
2676
3025
3000
2994
2764
1642
3377
3280
2719
3027
2973
3076
2846
3195
3096
2866
3430
2928
2946
2749
3222
3295
3244
3001
2752
3185
3219
3187
2831
2825
2785
3395
2762
2759
3232
3220
2981
2910
2864
3400
3084
2731
3163
2732
3223
3346
2844
3214
3433
2738
3435
3364
3026
2929
2906
2664
3014
2943
2924
2810
3100
2958
2875
2733
2701
3113
2661
3101
3297
3386
3434
3132
3035
2796
2778
3347
2992
3350
3206
3369
3302
3034
2932
3397
3391
3316
3160
2720
3337
3224
2791
3002
3273
3062
3018
2984
2775
3307
2976
3123
3108
2974
2890
3426
2806
3284
3226
3004
2755
2705
3348
3098
2854
2782
3363
3237
3056
2969
2786
2956
2919
2913
2867
3033
2993
2862
2761
2754
2683
2666
2763
2695
2986
2896
2777
2681
3233
3087
2955
2718
2675
3342
3313
2730
3252
3188
3239
3422
3320
2853
2672
3267
3120
2863
2848
3265
2674
2716
2795
3406
3172
2904
2783
3321
3198
3046
2773
3207
3086
3019
3174
3052
2925
2911
2873
2815
3419
3212
2828
3411
3396
3169
3082
3017
2939
3283
3213
2891
3258
2712
3085
3117
3005
3392
3010
2931
2851
2729
3115
2882
3152
2770
2765
2742
3349
3042
3022
2916
2757
2756
3319
3378
3287
3240
3116
3060
2965
2748
3142
2927
2698
3340
2962
3360
3256
3249
3073
2988
2945
3077
3255
3327
2832
3243
3104
2960
3182
3351
3247
3146
3070
2991
2901
2849
2787
3355
3344
2665
3379
2739
2682
3162
2951
2735
3384
3339
2912
2839
2800
2706
