0
335
210
43
1834
832
692
2569
293
292
287
240
42
15
11
3268
3798
3729
3560
3467
608
1145
1065
572
1560
744
699
796
761
740
691
790
733
727
782
767
755
768
758
725
847
789
714
710
855
887
867
843
720
807
792
739
730
716
703
688
886
851
848
845
814
787
773
706
834
830
815
800
781
780
766
765
721
709
687
854
853
852
850
849
846
844
842
841
839
838
837
836
835
833
831
829
828
827
826
824
822
821
820
818
817
816
813
812
811
810
809
808
806
805
802
801
799
797
795
794
793
791
788
786
785
784
783
779
778
777
775
772
771
770
764
763
762
760
759
757
756
754
752
751
750
749
748
746
745
743
742
741
738
737
736
735
734
732
731
728
726
724
723
722
719
718
717
715
712
711
708
707
705
704
702
701
700
696
695
694
693
690
689
2178
4032
4006
4025
4005
4002
4012
4017
3997
138
3134
3006
895
894
893
892
891
890
889
888
885
884
883
882
880
879
878
877
876
875
874
873
872
869
868
866
864
863
861
856
840
825
823
819
804
803
798
776
774
769
753
747
729
713
697
686
3589
3597
881
870
858
2527
2505
2204
1974
1937
2632
2301
2094
2375
2486
2251
2130
2015
2119
2008
2424
1915
2545
2614
2634
2456
2316
2321
2444
2255
2146
2091
2050
2570
2181
2237
2297
2523
2577
2488
2633
2025
2016
1914
2035
2435
2097
2006
2115
4038
4037
4036
4035
4034
4033
4031
4030
4029
4027
4026
4023
4022
4021
4020
4019
4018
4016
4015
4014
4013
4009
4007
4004
4003
4001
4000
3999
3998
3996
3995
3994
3993
3992
3991
3990
3989
3988
3987
3986
3985
3983
3982
3981
305
47
294
63
49
253
70
306
90
32
155
35
243
2647
45
131
337
219
165
307
296
250
260
237
177
77
265
257
221
104
103
267
61
334
308
55
39
31
116
19
343
214
151
41
341
232
141
264
245
91
156
228
149
200
113
109
27
13
281
251
197
159
127
323
313
246
203
185
169
7
317
322
56
332
330
266
2162
2584
3407
3372
2776
3197
3059
3131
2902
2732
3429
3066
3340
3167
2801
3229
3144
2726
3218
3053
3352
3212
3028
3425
3148
2992
2736
3315
2854
3124
3143
2789
3326
2663
3166
3114
3221
3210
3383
2990
3133
2695
2954
3325
3246
2697
2948
3158
2743
3417
3135
3090
2977
2953
2873
2971
2688
3193
3404
2904
3267
3023
3423
3065
3000
2910
2683
2841
2690
3084
3026
2913
2844
3363
3284
3250
2967
2906
2890
2877
2835
2782
2738
2984
3316
3302
3277
3206
3021
2514
2631
1997
2004
2448
2175
2061
1999
1919
2256
2231
1965
2427
2277
2186
2350
1951
3288
3106
3299
3274
3172
3380
3356
3203
3177
3176
3162
3051
2947
2881
2860
2758
2753
2682
2467
2261
2083
2654
2624
2553
2532
2495
2484
2428
2408
2404
2369
2353
2326
2287
2212
2118
2112
2055
1993
1986
1984
1966
1917
2278
1921
2069
2637
2490
1988
2640
2583
2364
2387
1952
2432
2029
2154
2040
2479
2415
2096
2580
2566
2503
2425
2366
2305
2126
2085
2066
1944
2414
2147
2092
1942
2599
2221
2075
1970
2434
2635
2571
2518
2161
1939
1923
2615
2611
2594
2492
2489
2462
2334
2309
2306
2300
2276
2233
2165
2131
2123
2099
2090
2058
1938
2609
3297
2970
2939
2742
2708
2973
2701
2728
2958
2709
2668
3261
3067
2863
2787
3186
698
3201
2938
3369
3298
3017
2845
2716
3161
3419
3337
3279
3219
2996
2942
2843
2780
2686
3214
3198
3072
3039
2923
2894
3077
2882
3223
2813
2718
2744
3331
3295
3100
2892
2752
329
3700
3669
3875
3801
3502
3457
3890
3848
3522
3660
3846
3653
3638
3439
3736
3928
3787
3739
3473
3979
3592
3447
3732
3503
3666
3539
3874
3477
3679
3694
3950
3635
3952
3616
3770
3896
3714
3620
3591
3507
3641
3671
3532
3978
3548
3486
3894
3863
3676
3518
3817
3832
3581
3479
3960
3933
3783
3747
3607
3845
3927
3826
3784
3738
3975
3774
3757
3701
3675
3571
3519
3945
3612
3768
3763
3534
3822
3810
3711
3648
3643
3968
3858
3762
3750
3769
3663
3588
3553
3658
3573
3804
3938
3796
3618
3966
3860
3841
3800
3697
3611
3527
3475
3438
3585
3909
3859
3941
3936
3876
3753
3735
3722
3685
3615
3608
3521
3470
3546
3538
3586
871
865
1071
628
576
2660
2659
2658
2657
2656
2655
2652
2651
2650
2648
2646
2645
2644
2641
2639
2638
2636
2630
2628
2627
2626
2625
2623
2622
2621
2620
2619
2618
2613
2612
2610
2607
2606
2604
2603
2602
2601
2600
2596
2595
2593
2591
2590
2587
2586
2585
2581
2579
2578
2576
2575
2574
2573
2572
2568
2565
2564
2563
2562
2561
2560
2559
2558
2557
2556
2554
2552
2551
2550
2549
2548
2546
2541
2540
2539
2538
2537
2536
2535
2534
2531
2528
2526
2525
2524
2522
2521
2520
2517
2515
2513
2507
2506
2504
2500
2499
2497
2494
2493
2487
2485
2483
2482
2481
2480
2478
2477
2476
2474
2473
2469
2466
2464
2460
2459
2457
2455
2454
2453
2452
2450
2449
2447
2446
2445
2443
2442
2441
2440
2439
2438
2437
2433
2431
2430
2429
2426
2423
2422
2421
2418
2416
2412
2411
2410
2409
2407
2406
2405
2403
2402
2401
2400
2397
2396
2395
2393
2392
2391
2390
2388
2386
2383
2382
2381
2379
2378
2376
2374
2373
2371
2370
2368
2367
2365
2363
2362
2361
2360
2359
2358
2357
2356
2354
2352
2349
2348
2347
2346
2345
2342
2341
2340
2339
2337
2335
2331
2329
2324
2323
2322
2320
2318
2317
2314
2313
2312
2311
2310
2308
2307
2304
2303
2299
2298
2296
2291
2290
2288
2286
2284
2281
2280
2275
2274
2272
2271
2270
2269
2267
2266
2265
2263
2262
2260
2259
2258
2257
2254
2253
2252
2249
2248
2245
2244
2243
2242
2240
2238
2236
2235
2234
2232
2230
2229
2228
2227
2226
2225
2222
2220
2219
2218
2217
2216
2214
2213
2211
2210
2209
2208
2207
2206
2205
2202
2201
2200
2197
2195
2193
2192
2190
2188
2184
2182
2179
2177
2173
2172
2171
2170
2168
2167
2166
2164
2163
2160
2159
2158
2157
2156
2152
2150
2145
2142
2141
