0
2569
607
358
42
761
756
752
835
766
855
854
853
852
851
850
849
848
847
846
845
844
843
842
841
839
838
837
836
834
833
832
831
829
827
826
824
822
821
820
818
817
816
815
814
813
812
809
808
807
806
802
801
799
797
796
795
794
793
792
791
790
789
788
787
786
785
784
783
782
781
780
779
778
777
775
773
771
770
768
767
765
764
763
762
760
759
758
757
755
754
751
750
749
748
746
744
743
742
741
740
739
738
737
736
735
734
733
732
731
730
728
727
726
725
724
723
722
721
720
718
717
716
715
714
712
711
710
709
707
706
705
704
702
701
700
699
696
695
694
693
692
691
690
689
688
687
3749
3811
3766
3917
3652
3675
3792
3585
3972
3593
3472
895
894
893
892
891
890
889
888
887
886
885
884
883
882
881
880
879
878
877
876
875
874
873
872
871
870
869
867
866
864
863
861
859
858
856
840
830
828
825
823
819
811
810
805
804
803
800
798
776
774
772
769
753
747
745
729
719
713
708
703
697
686
4020
4038
4037
4036
4035
4034
4033
4032
4030
4029
4028
4027
4026
4025
4024
4023
4022
4021
4019
4018
4017
4016
4015
4014
4013
4012
4010
4009
4008
4007
4006
4005
4004
4003
4002
4001
4000
3999
3998
3997
3996
3995
3994
3993
3992
3991
3990
3988
3987
3986
3985
3984
3983
3982
3981
3661
3477
3847
3825
3817
3929
3979
3978
3977
3976
3975
3974
3973
3971
3970
3969
3968
3967
3966
3965
3964
3963
3962
3960
3959
3958
3957
3956
3955
3954
3953
3952
3951
3950
3949
3947
3946
3945
3944
3942
3941
3940
3939
3938
3937
3936
3935
3934
3933
3932
3931
3930
3928
3927
3926
3925
3924
3923
3922
3921
3920
3919
3918
3916
3915
3914
3913
3912
3911
3910
3909
3908
3907
3906
3905
3904
3903
3902
3901
3900
3899
3898
3897
3896
3895
3894
3893
3892
3891
3890
3889
3888
3887
3885
3884
3883
3882
3881
3880
3879
3878
3876
3875
3874
3873
3871
3870
3869
3868
3867
3866
3865
3864
3863
3862
3860
3859
3858
3857
3856
3855
3854
3853
3852
3850
3849
3848
3846
3845
3844
3843
3842
3841
3840
3839
3838
3837
3836
3835
3834
3833
3832
3831
3829
3828
3827
3826
3824
3823
3822
3821
3820
3819
3818
3816
3815
3814
3813
3812
3810
3809
3808
3807
3806
3805
3804
3803
3802
3801
3800
3799
3798
3796
3795
3794
3793
3791
3790
3789
3788
3787
3786
3785
3784
3783
3782
3781
3780
3778
3777
3776
3775
3774
3773
3772
3771
3770
3769
3768
3767
3765
3764
3763
3762
3761
3760
3759
3758
3757
3755
3754
3753
3752
3751
3748
3747
3746
3745
3744
3743
3742
3740
3739
3738
3737
3736
3735
3734
3733
3732
3731
3730
3729
3728
3727
3726
3725
3724
3722
3720
3719
3718
3717
3716
3715
3714
3713
3712
3711
3710
3709
3708
3707
3706
3705
3704
3703
3702
3701
3700
3699
3698
3697
3696
3695
3694
3693
3691
3690
3689
3688
3687
3686
3685
3683
3682
3681
3680
3679
3678
3676
3674
3673
3672
3671
3670
3669
3668
3667
3666
3665
3664
3663
3662
3660
3659
3658
3657
3656
3655
3654
3653
3650
3649
3648
3647
3646
3645
3644
3643
3642
3641
3640
3639
3638
3637
3636
3635
3634
3632
3631
3630
3629
3628
3627
3626
3625
3624
3623
3622
3620
3619
3618
3617
3616
3615
3614
3613
3612
3611
3610
3608
3607
3606
3605
3604
3603
3602
3601
3600
3599
3598
3597
3596
3595
3594
3591
3590
3589
3588
3587
3584
3583
3582
3581
3580
3579
3578
3576
3575
3574
3573
3572
3571
3570
3569
3568
3567
3566
3565
3564
3563
3562
3560
3559
3558
3557
3555
3554
3553
3552
3551
3549
3548
3547
3546
3545
3544
3543
3542
3541
3539
3538
3537
3536
3535
3534
3533
3532
3531
3530
3529
3528
3527
3526
3524
3523
3522
3521
3520
3519
3518
3516
3515
3514
3513
3512
3511
3510
3509
3508
3507
3506
3505
3504
3503
3502
3500
3499
3498
3497
3496
3494
3493
3492
3491
3490
3489
3488
3486
3485
3484
3483
3482
3481
3480
3479
3478
3476
3475
3474
3473
3471
3470
3469
3468
3467
3466
3465
3464
3463
3462
3461
3460
3459
3458
3457
3455
3453
3452
3451
3450
3449
3448
3447
3446
3445
3444
3443
3442
3441
3439
3438
3779
3621
3586
3517
868
865
857
2527
2431
2168
2119
2448
2091
2524
2584
2270
2549
2499
3144
3216
2895
2953
2818
3086
3081
3334
2945
3080
2871
2684
2683
3299
3339
2960
2694
2731
3207
3169
2937
2785
698
4031
4011
3989
3980
576
575
3961
3861
3723
3487
3454
453
406
2619
2607
2386
2369
2123
2033
2395
2278
2048
2305
2434
1395
2010
2544
2294
1947
2351
3304
2752
1755
1693
987
1646
1463
3948
3943
3886
3877
3872
3851
3830
3797
3756
3750
3741
3721
3692
3684
3677
3651
3633
3609
3592
3577
3561
3556
3550
3540
3525
3501
3495
3456
3440
3437
1705
862
928
1474
2678
977
1649
1491
1035
1683
1164
1902
1668
1580
1293
1153
999
1043
1734
1746
1787
903
1470
1083
1438
1292
1716
957
630
593
510
1768
1730
1407
1729
1680
1392
1010
645
397
1400
1113
976
2659
2658
2657
2656
2655
2654
2652
2651
2650
2648
2646
2645
2644
2642
2641
2639
2638
2637
2634
2633
2632
2631
2630
2628
2627
2626
2625
2624
2623
2622
2621
2620
2618
2616
2615
2614
2613
2612
2611
2610
2609
2608
2606
2605
2604
2603
2602
2601
2600
2599
2597
2596
2595
2594
2593
2592
2591
2590
2588
2587
2586
2585
2583
2582
2581
2580
2579
2578
2577
2576
2575
2574
2573
2572
2570
2568
2567
2566
2565
2564
2563
2562
2561
2560
2559
2558
2557
2556
2555
2554
2553
2552
2551
2550
2548
2546
2545
2542
2541
2540
2539
2537
2536
2535
2534
2532
2531
2530
2528
2526
2525
2523
2522
2521
2520
2519
2518
2517
2516
2515
2514
2513
2512
2509
2508
2507
2506
2505
2504
2503
2501
2500
2497
2496
2495
2493
2492
2490
2489
2488
2487
2486
2485
2484
2483
2482
2481
2480
2479
2478
2477
2476
2474
2473
2470
2469
2468
2467
2466
2465
2464
2462
2460
2457
2456
2455
2454
2453
2452
2450
2449
2446
2444
2443
2442
2441
2440
2439
2438
2437
2435
2433
2432
2430
2429
2428
2427
2426
2425
2424
2423
2422
2421
2420
2419
2418
2416
2415
2414
2413
2412
2411
2410
2409
2408
2407
2406
2405
2404
2403
2402
2401
2400
2399
2397
2396
2394
2393
2392
2391
2390
2389
2388
2387
2385
2383
2382
2381
2380
2379
2377
2376
2375
2374
2373
2372
2371
2370
2368
2367
2366
2365
2363
2362
2361
2360
2359
2358
2357
2356
2355
2354
2353
2352
2350
2349
2348
2347
2346
2345
2344
2343
2342
2341
2340
2339
2338
2335
2334
2333
2332
2331
2330
2329
2328
2326
2325
2324
2323
2322
2321
2320
2318
2317
2316
2315
2314
2313
2312
2311
2310
2309
2308
2307
2306
2304
2303
2301
2300
2299
2298
2297
2296
2295
2293
2291
2290
2288
2287
2286
2285
2282
2281
2280
2277
2276
2275
2274
2273
2272
2271
2269
2266
2265
2263
2262
2261
2260
2259
2258
2257
2256
2255
2253
2252
2251
2249
2248
2246
2245
2244
2243
2242
2241
2240
2239
2238
2237
2236
2235
2234
2233
2232
2231
2230
2229
2228
2227
2226
2222
2221
2220
2219
2218
2217
2216
2215
2214
2213
2212
2211
2210
2209
2208
2207
2206
2205
2204
2202
2201
2200
2198
2197
2196
2195
2194
2193
2192
2191
2190
2188
2186
2185
2184
2182
2181
2179
2178
2177
2176
2175
2173
2172
2170
2169
2167
2166
2165
2164
2163
2162
2161
2160
2159
2158
2156
2155
2154
2153
2152
2151
2150
2149
2148
2147
2146
2145
2144
2142
2141
2140
2139
2137
2136
2134
2132
2131
2130
2129
2126
2125
2124
2122
2121
2120
2118
2115
2114
2113
2112
2110
2109
2108
2107
2106
2105
2104
2103
2101
2100
2099
2098
2097
2096
2095
2094
2093
2092
2090
2089
2088
2087
2086
2085
2084
2083
2082
2080
2079
2078
2077
2076
2075
2074
2073
2070
2069
2067
2066
2065
2064
2063
2062
2061
2060
2059
2058
2057
2056
2055
2053
2052
2051
2050
2049
2047
2046
2045
2044
2043
2041
2040
2037
2036
2035
2034
2031
2030
2029
2028
2026
2025
2023
2022
2021
2020
2019
2018
2017
2016
2015
2014
2013
2012
2011
2008
2006
2005
2003
2002
2000
1999
1997
1996
1994
1993
1992
1990
1989
1988
1987
1986
1985
1984
1983
1982
1981
1980
1979
1978
1977
1975
1974
1971
1970
1969
1968
1967
1966
1965
1964
1963
1962
1961
1960
1959
1958
1957
1956
1954
1953
1952
1950
1949
1948
1946
1944
1943
1942
1941
1940
1938
1937
1936
1935
1934
1933
1931
1930
1929
1928
1927
1925
1924
1923
1922
1921
1920
1919
1918
1917
1916
1915
1914
1913
3436
3435
3434
3433
3432
3431
3430
3429
3428
3427
3426
3425
3424
3423
3422
3421
3420
3419
3418
3417
3416
3415
3414
3413
3412
3411
3410
3409
3408
3407
3406
3405
3404
3403
3402
3401
3400
3399
3398
3397
3396
3395
3394
3393
3392
3391
3390
3389
3388
3387
3386
3385
3384
3383
3382
3381
3380
3379
3378
3377
3376
3375
3374
3373
3372
3371
