0
2569
379
244
608
775
4012
4001
3560
3676
875
3991
3650
648
638
2596
33
1395
3407
918
3183
3031
1326
3746
43
3230
1760
1560
1096
1031
358
883
1145
3268
42
282
749
767
725
839
855
785
699
822
743
733
691
808
757
744
704
795
715
854
850
841
836
826
821
806
802
796
791
789
788
786
771
768
750
740
736
732
714
712
707
702
693
689
4007
3999
3988
4021
3939
866
894
871
870
893
864
735
846
812
711
888
832
710
852
717
885
874
872
761
837
809
792
783
770
763
716
847
845
813
799
794
790
751
737
723
718
700
889
876
853
842
829
784
759
756
734
720
851
834
833
818
816
782
778
774
773
762
752
746
742
738
722
721
706
696
690
890
814
760
755
843
838
831
817
807
797
793
787
779
764
758
754
741
739
730
728
849
848
844
835
827
824
823
820
815
805
800
781
780
777
769
766
765
753
748
731
727
726
724
709
705
701
695
694
688
687
686
4002
4037
4036
4034
4033
4032
4030
4029
4028
4026
4025
4024
4023
4022
4020
4019
4018
4017
4016
4015
4014
4010
4009
4008
4005
4004
4003
4000
3998
3997
3996
3995
3994
3993
3992
3990
3987
3986
3985
3984
3983
3982
3981
3673
3839
3811
3893
3854
3801
3444
3467
3973
3946
3744
3975
3476
3836
3478
3882
3537
3848
3647
3659
3787
3666
3520
3815
3732
3727
3623
3555
3539
3494
3905
3837
3579
3519
3465
3874
3473
3958
3450
3808
3871
3541
3694
3770
3612
3584
3802
3778
3590
3639
3479
3728
3823
3511
3607
3512
3911
3960
3766
3655
3587
3834
3671
3648
3549
3446
3825
3913
3542
3855
3803
3509
3528
3919
3594
3967
3840
3482
3878
3866
3777
3718
3931
3515
3466
3464
3945
3782
3645
3614
3903
3792
3506
3603
3624
3868
3972
3937
3906
3738
3634
3921
3876
3865
3773
3698
3678
3599
3597
3553
3470
3546
3536
3699
3616
3513
865
3626
895
892
891
887
886
884
882
881
880
879
878
877
873
869
868
867
863
861
859
858
856
840
830
828
825
819
811
810
804
803
798
776
772
747
745
729
719
713
708
703
697
3670
3548
3926
3455
3573
3559
3845
3790
3785
3605
3477
3795
3796
3689
3702
3683
3860
3828
3804
3578
3550
3533
3779
3979
3929
3889
3741
3611
3449
3760
3693
3677
3656
3480
3968
3831
3654
3586
3495
3971
3842
3755
4027
4013
4038
4011
3980
665
650
632
3454
3530
3504
3496
3978
3977
3976
3974
3970
3969
3966
3965
3964
3963
3959
3957
3956
3955
3954
3953
3952
3951
3950
3949
3947
3944
3942
3941
3940
3938
3936
3934
3933
3932
3930
3928
3927
3925
3924
3923
3922
3920
3918
3917
3916
3915
3914
3912
3910
3909
3908
3907
3904
3902
3901
3900
3899
3898
3897
3896
3895
3894
3892
3891
3890
3888
3887
3885
3884
3883
3881
3880
3879
3875
3873
3872
3870
3869
3867
3864
3863
3862
3859
3858
3857
3853
3852
3850
3849
3847
3844
3843
3841
3838
3835
3833
3832
3830
3829
3827
3826
3824
3822
3821
3820
3819
3818
3817
3816
3814
3813
3812
3810
3809
3807
3806
3805
3800
3799
3798
3797
3794
3793
3791
3789
3788
3786
3784
3783
3781
3780
3776
3775
3774
3772
3771
3769
3768
3767
3765
3764
3763
3762
3761
3759
3758
3757
3754
3753
3752
3751
3749
3747
3745
3743
3742
3740
3739
3737
3736
3735
3734
3733
3731
3730
3726
3725
3724
3722
3720
3719
3717
3716
3715
3714
3713
3712
3711
3710
3709
3708
3707
3706
3705
3704
3703
3701
3700
3697
3696
3695
3691
3690
3687
3686
3685
3682
3681
3680
3679
3675
3674
3672
3669
3668
3667
3665
3664
3663
3662
3661
3660
3658
3657
3653
3652
3649
3646
3644
3643
3642
3641
3640
3638
3637
3636
3635
3632
3631
3630
3629
3628
3627
3625
3622
3621
3620
3619
3618
3617
3615
3613
3610
3608
3606
3604
3602
3601
3600
3598
3596
3595
3593
3591
3588
3585
3583
3582
3581
3580
3576
3575
3574
3572
3571
3569
3568
3567
3566
3565
3564
3563
3562
3561
3558
3557
3554
3552
3551
3547
3545
3544
3543
3538
3535
3534
3532
3531
3529
3527
3526
3525
3524
3523
3522
3521
3518
3517
3516
3514
3510
3508
3507
3505
3503
3502
3501
3500
3499
3498
3497
3493
3492
3491
3490
3489
3488
3486
3485
3484
3483
3481
3475
3474
3472
3471
3469
3468
3463
3462
3461
3460
3459
3458
3457
3452
3451
3448
3447
3445
3443
3442
3441
3439
3438
862
857
681
675
661
658
640
600
577
377
2263
2094
2490
1992
2316
2426
2487
1934
2181
2008
2439
2238
2371
2515
2450
2442
2402
2204
2421
2044
2373
2091
2634
2245
2213
1963
2562
1990
2622
2424
2412
2414
2455
2146
247
2050
2517
2514
2013
2648
2012
2585
2192
1999
1958
201
672
592
622
685
3401
2767
2671
2963
3322
2886
3436
3200
3163
3030
2695
2861
3088
2876
3300
3147
3127
3055
2817
3242
2981
3105
2854
2769
3135
3209
3294
3435
3400
3394
2977
2907
2824
3167
3352
3109
2723
3286
3234
3423
3382
2959
2699
2670
3323
3388
3383
2759
2667
3433
3293
3257
3014
2931
2994
2761
3301
3047
3026
2927
2880
2689
2683
2679
3048
3426
3384
3364
2917
3149
3108
3104
3064
3033
3029
2966
2872
2864
2835
2800
2755
2698
3139
3130
3090
2890
2731
2710
698
3316
2639
2493
2626
2346
2260
2166
2230
1969
2644
2580
2497
2474
2416
2335
2286
2231
2023
1978
2277
2141
2620
3120
2936
3156
2802
3254
3260
3224
3152
3288
3262
2997
3411
3151
3374
3326
2923
2362
2175
2366
2606
2467
2409
2306
2556
2549
2334
2261
2124
2073
1966
1921
2331
1988
1975
2525
2660
2406
1928
2655
2646
2638
2631
2624
2619
2602
2591
2579
2554
2526
2520
2492
2477
2460
2392
2370
2356
2353
2339
2323
2309
2308
2303
2253
2229
2216
2212
2206
2190
2165
2115
2098
2090
2084
2077
2074
2060
2056
1971
1938
1929
1918
2400
2355
2228
2324
2298
2211
2205
2107
1952
2413
2432
2177
2568
2518
2243
2096
2601
2600
2473
2429
2428
2387
2234
2232
2218
2067
1964
1942
2652
2603
2479
2390
2110
2057
2516
2241
2215
2161
2938
3116
3182
2989
3357
3110
3422
3307
3299
3291
3140
3009
2973
2661
3347
2920
2905
2680
3240
2692
3076
2739
2711
3246
3159
2870
3154
3351
3280
3270
3132
3016
2753
2708
3346
2962
2734
3370
3207
3133
2947
2934
2728
2685
2682
3962
3948
3943
3886
3877
3851
3756
3750
3721
3692
3684
3651
3633
3609
3592
3577
3556
3540
3456
3440
3157
3060
3024
2688
3185
3061
3002
2921
3424
3389
3274
2875
2858
2771
2700
3067
3419
3341
3340
3330
3327
3259
3253
3198
3189
2780
2665
3343
2826
2325
2198
2185
2155
1856
684
657
655
625
597
682
631
616
4031
3989
679
674
670
664
662
660
659
654
643
642
636
633
628
627
626
624
623
621
619
618
617
615
613
612
611
607
605
603
602
599
598
595
589
588
585
583
582
581
579
578
576
575
573
647
3961
3861
3723
3487
3437
652
644
499
467
453
437
653
673
635
609
593
620
406
383
426
680
590
421
666
469
407
495
455
510
454
534
3418
2894
2847
2659
2658
2657
2656
2654
2651
2650
2645
2641
2637
2633
2632
2630
2628
2627
2625
2623
2621
2618
2615
2614
2613
2612
2611
2610
2607
2604
2599
2597
2595
2593
2590
2587
2586
2584
2581
2578
2577
2576
2575
2574
2573
2572
2570
2566
2565
2564
2563
2561
2560
2559
2558
2557
2553
2552
2551
2550
2548
2546
2545
2541
2540
2539
2537
2536
2535
2534
2532
2531
2528
2527
2524
2523
2522
2521
2513
2507
2506
2505
2504
2503
2500
2499
2496
2495
2489
2488
2486
2485
2484
2483
2482
2481
2480
2478
2476
2470
2469
2468
2466
2464
2462
2459
2457
2456
2454
2453
2452
2449
2448
2446
2444
2443
2441
2440
2438
2437
2435
2434
2433
2431
2430
2427
2425
2423
2422
