0
114
3984
891
4015
3935
624
1096
3885
1224
3282
255
648
1760
454
1693
2269
2079
2569
692
3798
3650
12
4035
4024
11
2842
1466
3183
2195
15
801
3451
358
4010
3856
3853
3729
1119
638
892
668
3230
1386
883
4022
911
37
3748
74
602
608
210
875
674
447
292
3570
3453
3071
335
209
18
3031
1834
607
1581
918
2470
3709
215
287
4008
585
550
1560
613
43
2596
1206
3820
1145
3974
2457
3987
33
4012
244
42
4029
4001
3846
256
282
3407
233
3746
581
642
3268
145
90
286
401
234
2704
3854
468
305
267
1262
3879
1967
316
47
3807
1326
241
3589
377
52
3704
3688
2740
860
4036
279
4006
3959
2814
2382
153
775
749
183
4032
3983
1395
1233
1065
70
3408
1755
699
138
3922
2857
1394
205
1276
841
744
4028
1690
1558
443
379
3125
1430
859
4034
3808
1176
154
2541
1270
160
3875
3732
3006
216
3942
1854
2788
3134
750
179
35
2792
3801
383
2691
3037
386
301
182
4033
3991
81
1586
1253
904
2483
2442
3744
3992
1362
1046
293
253
1071
1034
660
3689
667
356
157
97
2808
1252
1208
499
3717
3699
3575
3560
3467
336
3955
3413
2722
656
571
4005
2922
2860
2714
1627
854
448
247
76
2975
2380
2178
411
321
4025
4007
2798
2595
1027
294
207
112
71
3733
3928
3597
3582
2168
1353
191
61
3691
2998
757
155
4016
3999
3996
3990
2952
2481
899
228
4037
3816
3375
1546
785
743
240
164
3811
4011
49
2885
2838
4013
4003
2565
1762
4038
4031
4030
4027
4026
4023
4021
4020
4019
4018
4017
4014
4009
4004
4002
4000
3998
3997
3995
3994
3993
3989
3988
3986
3985
3982
3981
3980
3897
3494
2441
2204
1474
832
3910
3882
3565
1200
1105
1022
717
552
530
3653
1651
1031
868
467
406
384
3954
3953
3865
3781
2963
2855
2527
1856
1711
893
788
572
453
262
190
166
124
120
3978
3694
3686
3673
3003
2692
1996
1937
1713
1510
1194
1002
945
894
865
855
790
652
307
270
220
206
202
174
3946
3606
3290
2971
2106
1383
929
851
673
594
472
327
201
192
110
3965
3952
3619
3588
3537
3143
2817
2431
1890
1607
1486
1442
1417
1295
1147
996
884
877
852
735
562
289
3939
3925
3893
3871
3849
3839
3805
3795
3765
3727
3665
3637
3632
3544
3444
3441
3429
3370
3305
3271
3227
3147
3121
2884
2774
2736
2671
2634
2505
2422
2375
2263
2167
2100
2015
1969
1838
1777
1476
1354
1264
1168
1157
1038
802
721
655
610
533
464
351
288
283
269
245
152
125
95
63
46
27
3979
3977
3976
3975
3973
3972
3971
3970
3969
3968
3967
3966
3964
3963
3962
3961
3960
3958
3957
3956
3951
3950
3949
3948
3947
3945
3944
3943
3941
3940
3938
3937
3936
3934
3933
3932
3931
3930
3929
3927
3926
3924
3923
3921
3920
3919
3918
3917
3916
3915
3914
3913
3912
3911
3909
3908
3907
3906
3905
3904
3903
3902
3901
3900
3899
3898
3896
3895
3894
3892
3891
3890
3889
3888
3887
3886
3884
3883
3881
3880
3878
3877
3876
3874
3873
3872
3870
3869
3868
3867
3866
3864
3863
3862
3861
3860
3859
3858
3857
3855
3852
3851
3850
3848
3847
3845
3844
3843
3842
3841
3840
3838
3837
3836
3835
3834
3833
3832
3831
3830
3829
3828
3827
3826
3825
3824
3823
3822
3821
3819
3818
3817
3815
3814
3813
3812
3810
3809
3806
3804
3803
3802
3800
3799
3797
3796
3794
3793
3792
3791
3790
3789
3788
3787
3786
3785
3784
3783
3782
3780
3779
3778
3777
3776
3775
3774
3773
3772
3771
3770
3769
3768
3767
3766
3764
3763
3762
3761
3760
3759
3758
3757
3756
3755
3754
3753
3752
3751
3750
3749
3747
3745
3743
3742
3741
3740
3739
3738
3737
3736
3735
3734
3731
3730
3728
3726
3725
3724
3723
3722
3721
3720
3719
3718
3716
3715
3714
3713
3712
3711
3710
3708
3707
3706
3705
3703
3702
