0
4024
668
1581
37
2457
4005
4015
4007
4001
1206
42
717
775
3922
3451
1560
209
191
2857
1071
2569
74
47
877
43
1208
2596
166
3570
448
624
358
1105
1002
1253
33
4016
3990
4034
4031
4013
3981
3991
4012
4021
3995
4030
4023
4014
4009
3997
4011
4038
4037
4035
4033
4032
4029
4028
4027
4026
4022
4020
4019
4018
4017
4008
4006
4004
4003
4002
4000
3999
3998
3996
3994
3993
3992
3989
3988
3987
3986
3985
3984
3983
3982
594
3980
4025
699
789
3787
750
732
714
712
759
788
794
771
740
855
854
852
841
839
836
833
822
821
812
809
808
806
802
799
796
795
791
790
786
785
782
768
767
758
757
756
755
749
743
742
733
725
721
707
704
702
700
691
690
689
3732
3572
3811
3733
3746
3887
3965
3720
3483
3920
3939
3774
3571
3537
3789
3878
3818
3494
3516
3479
3897
3912
3490
3446
3833
3786
3631
3840
3669
3960
3641
3810
3676
3757
3579
3519
3465
3967
3595
3822
3794
3714
3881
3969
3793
3718
3648
3643
3624
3466
3728
3546
3716
3513
886
876
866
894
879
846
844
826
797
779
778
723
864
835
787
741
711
843
842
837
829
807
737
727
715
710
709
703
832
873
738
720
814
761
719
869
798
735
890
849
848
838
820
815
793
792
783
780
770
765
764
763
754
739
730
728
718
716
705
701
696
687
882
878
863
856
804
853
851
850
847
845
834
831
830
827
824
819
818
817
816
813
800
784
781
777
773
766
762
760
752
751
748
746
745
736
734
731
726
724
722
708
706
697
695
694
693
688
686
3715
3608
3850
3590
3941
3933
3747
3655
3478
3690
3584
3535
3893
3665
3890
3532
3486
3630
3602
3558
3972
3956
3945
3726
3554
3529
3936
3876
3815
3778
3735
3705
3685
3666
3598
3592
3482
3472
3979
3610
3575
3918
3700
3691
3649
3639
3594
3523
3481
3568
3512
3915
3869
3770
3658
3601
3518
3555
3681
3497
3462
3891
3858
3542
3528
3527
3908
3626
3520
3530
3450
3978
3977
3976
3975
3973
3970
3963
3959
3958
3957
3955
3954
3953
3952
3951
3949
3947
3946
3940
3937
3935
3934
3932
3931
3928
3924
3923
3921
3919
3917
3916
3914
3913
3911
3910
3909
3907
3906
3905
3904
3903
3902
3901
3900
3899
3898
3896
3895
3894
3892
3883
3882
3880
3879
3875
3874
3871
3870
3868
3867
3866
3865
3864
3863
3862
3861
3859
3857
3856
3855
3854
3853
3849
3848
3847
3846
3844
3843
3837
3836
3835
3834
3832
3829
3827
3826
3823
3821
3819
3816
3814
3813
3812
3809
3808
3807
3806
3802
3801
3799
3798
3792
3791
3784
3783
3782
3777
3776
3773
3771
3769
3768
3767
3766
3765
3764
3763
3761
3759
3758
3754
3753
3751
3749
3748
3745
3744
3743
3742
3740
3739
3737
3731
3730
3729
3727
3725
3724
3722
3719
3717
3713
3711
3710
3708
3706
3704
3701
3699
3698
3696
3695
3694
3689
3686
3682
3680
3679
3678
3675
3671
3668
3664
3663
3662
3661
3660
3659
3657
3653
3652
3650
3647
3646
3645
3644
3640
3638
3636
3635
3634
3632
3629
3627
3623
3622
3620
3619
3617
3616
3615
3614
3613
3607
3606
3599
3597
3593
3591
3588
3587
3585
3583
3582
3581
3580
3574
3569
3567
3565
3564
3562
3560
3559
3553
3549
3548
3544
3543
3541
3539
3538
3536
3534
3531
3524
3515
3511
3510
3509
3508
3507
3506
3505
3503
3502
3500
3499
3498
3493
3489
3488
3485
3476
3474
3473
3470
3468
3464
3463
3460
3459
3458
3457
3453
3452
3447
3445
3444
3443
3442
3441
3439
2788
895
893
891
889
888
887
885
884
883
881
880
875
874
872
871
870
868
867
865
861
859
858
840
828
825
823
811
810
805
803
776
774
772
769
753
747
729
713
3628
3702
3670
3605
3455
3845
3838
3790
3621
3944
3785
3772
3707
3637
3603
3492
3795
3547
3966
3926
3872
3852
3736
3526
3491
3475
3471
3930
3839
3712
3522
3888
3477
3860
3804
3788
3667
3578
3517
3480
3779
3929
3828
3576
3964
3927
3825
3803
3752
3738
3612
3469
3817
3688
3611
3521
3950
3672
3573
3552
3889
3683
3656
3563
3884
3830
3824
3800
3796
3760
3721
3625
3586
3533
3484
3438
3873
3841
3831
3762
3703
3692
3687
3654
3618
3604
3557
3514
3461
3449
3448
862
857
3971
3968
3938
3877
3842
3805
3780
3755
3734
3697
3600
3596
3545
3540
3495
1176
46
76
321
1579
3925
3566
3723
3551
3504
3496
3775
3693
3673
3642
3437
660
595
356
454
476
399
4036
598
662
661
632
623
472
682
685
684
657
530
626
618
617
597
573
612
2855
3407
2722
3376
3131
2998
3147
3141
2878
3059
3428
2802
3205
3333
3030
2767
3370
3372
3429
3427
3401
3322
3128
3227
3271
3122
2776
3202
3317
3170
2701
3413
3190
2697
3067
3421
2759
3163
3121
2995
2733
3377
3046
2691
2766
3099
3028
3261
3307
3069
3074
2987
2895
2893
2858
3072
3329
3214
2667
2918
2856
2720
3060
2687
3153
2789
3148
2846
3243
3092
3036
2931
2924
3298
2684
3254
2836
3180
3341
2819
2801
3080
3073
2981
2862
3273
3379
3308
3086
3061
2892
2685
2690
3081
2843
3089
3017
2992
2830
2785
3208
3050
3223
3176
3106
3291
3288
2829
2714
3130
3320
3286
3220
2928
2695
3325
2954
2859
2739
2709
3400
3246
2870
2948
3264
3435
3394
2887
2873
2854
2809
2741
2681
3195
3129
2689
3420
3375
2688
3369
3219
3196
3189
2932
2871
3169
3102
2765
3436
3193
3052
3113
3079
2719
2962
2721
3309
3008
2972
2879
2699
3184
3085
2994
2944
2927
2750
2679
3357
3321
2958
2727
3364
2985
2717
2989
2955
2921
3387
3363
3324
3284
3142
3064
3022
2988
2940
2915
2897
2866
2835
2815
2800
2755
2676
3104
3090
2731
3191
3177
2951
3434
3185
3172
3154
3152
3146
3120
3116
3076
2991
2970
2863
2833
2828
2778
2708
3355
2693
3295
3001
2775
698
1627
1038
1050
2744
649
1046
1266
1154
3409
3165
2964
2725
1552
929
2976
1792
2971
1157
1477
1372
1240
1633
1254
1031
940
1784
1249
1728
996
3962
3948
3943
3886
3851
3797
3756
3750
3741
3684
3677
3674
3651
3633
3609
3577
3561
3556
3550
3525
3501
3456
3440
1088
1023
1082
1901
931
1607
989
1647
1650
1635
1432
1884
1009
1655
1100
935
983
1667
1127
985
1346
3328
3245
3164
3005
2678
1355
988
1177
1016
1756
1576
1279
1129
1285
1489
1847
1634
1664
1333
1715
1583
1438
1423
1298
1292
902
896
1499
1138
1591
1120
1670
1244
1236
1857
1824
1596
1582
1356
1342
1733
1548
1785
1725
1248
1106
1506
1649
1502
1241
1676
1328
1404
1739
1451
1020
1063
1068
1889
1788
1045
1537
1518
1511
1421
1033
1771
1263
1224
1747
1452
1216
1118
1895
1892
1798
1601
1493
1097
992
963
1786
1373
1309
919
1850
644
1322
1215
1019
678
589
1428
305
162
282
51
307
97
4
328
49
145
293
181
176
50
143
68
327
177
314
187
273
258
189
330
180
197
337
16
270
240
175
83
61
112
151
28
264
259
193
91
283
226
115
3186
3111
1441
1140
1098
2883
1317
2541
1937
2015
1697
1594
1395
960
1521
1321
1161
1585
1055
1101
1851
1779
1178
1530
1337
1024
1544
1467
991
922
1757
1643
920
1826
1819
1765
1761
1336
1288
1207
1201
1163
982
952
947
1891
1538
1520
1146
978
1832
1809
1669
1613
1580
1517
1498
1267
1205
1180
1156
959
932
1722
1668
1662
1610
1605
1603
1589
1542
1516
1509
1440
1431
1399
1256
1198
1149
1117
1017
999
1908
1883
1858
1849
1551
1331
1219
1211
1191
1185
1107
924
1845
1754
1730
1721
1597
1553
1344
1278
1112
961
1569
1366
1803
1719
1555
1307
1174
1703
1686
1672
1500
1482
1348
1296
1225
1188
1152
1051
1011
944
3961
3487
3454
1899
1871
1783
1729
1638
1611
1515
1492
1396
1324
1261
1245
1204
1148
1099
1032
681
679
677
675
674
672
671
670
665
664
663
659
658
656
655
653
650
647
643
642
640
639
636
633
631
628
627
625
622
621
619
616
615
613
611
608
605
603
602
600
599
592
588
585
584
583
582
581
579
578
577
576
575
574
509
485
572
564
562
552
550
532
522
501
499
470
468
467
466
459
453
447
443
441
437
429
411
401
393
386
384
382
381
380
379
377
364
351
198
1510
1529
1200
1624
1297
1037
1818
1453
1247
1660
1853
1833
1473
1390
1831
1427
1631
1001
1109
1679
1625
1526
948
1459
1400
1235
1060
1565
1371
1349
1113
666
1864
1791
1644
1557
1519
1416
1329
1265
1012
1268
1025
654
1885
1620
1598
1543
1397
350
1882
1645
1514
1332
1155
519
474
547
372
371
557
403
652
635
385
349
571
521
541
464
551
540
505
486
424
369
535
609
593
569
549
533
529
528
422
352
398
365
568
478
418
536
494
462
440
409
375
445
630
620
560
537
495
368
539
497
493
490
488
394
503
406
383
1897
1536
1487
673
646
610
586
555
489
487
481
444
410
396
363
361
359
354
683
680
637
590
587
580
565
527
506
502
498
496
491
463
450
446
423
390
367
362
355
669
645
604
561
548
524
492
465
458
439
417
413
392
388
374
360
217
27
242
207
85
48
302
288
133
94
57
10
285
5
261
239
224
196
156
290
276
265
223
161
128
88
40
334
323
252
251
188
121
31
26
9
291
65
22
3431
3210
2847
2747
3433
3432
3430
3426
3425
3424
3423
3422
3419
3418
3417
3416
3415
3414
3412
3411
3410
3408
3406
3405
3404
3403
3402
3399
3398
3397
3396
3395
3393
3392
3391
3390
3389
3388
3386
3385
3384
3383
3382
3381
3380
3378
3374
3373
3371
3368
3367
3366
3365
3362
3361
3360
3359
3358
3356
3354
3353
3352
3351
3350
3349
3348
3347
3346
3345
3344
3343
3342
3340
3339
3338
3337
3336
3335
3334
3332
3331
3330
3327
3326
3323
3319
3318
3316
3315
3314
3313
3312
3311
3310
3306
3305
3304
3303
3302
3301
3300
3299
3297
3296
3294
3293
3292
3289
3287
3285
3283
3282
3281
3280
3279
3278
3277
3276
3275
3274
3272
3270
3269
3268
3267
3266
3265
3263
3262
3260
3259
3258
3257
3256
3255
3253
3252
3251
3250
3249
3248
3247
3244
3242
3241
3240
3239
3238
3237
3236
3235
3234
3233
3232
3231
3229
3228
3226
3225
3224
3222
3221
3218
3217
3216
3215
3213
3212
3211
3209
3207
3206
3204
3203
3201
3200
3199
3198
3197
3194
3192
3188
3187
3182
3181
3179
3178
3175
3174
3171
3168
3167
3166
3162
3161
3160
3159
3158
3157
3156
3155
3151
3150
3149
3145
3144
3143
3140
3139
3138
3137
3136
3135
3134
3133
3132
3127
3126
3125
3124
3123
3119
3118
3117
3115
3114
3112
3110
3109
3108
3107
3105
3103
3101
3100
3098
3097
3096
3095
3094
3093
3091
3088
3087
3084
3083
3082
3078
3077
3075
3071
3070
3068
3066
3065
3063
3062
3058
3057
3056
3055
3054
3053
3051
3049
3048
3047
3045
3044
3043
3042
3041
3040
3039
3038
3037
3035
3034
3033
3032
3029
3027
3026
3025
3024
3023
3021
3020
3019
3018
3016
3015
3014
3013
3012
3011
3010
3009
3007
3004
3002
3000
2999
2997
2996
2993
2990
2986
2984
2983
2982
2980
2979
2978
2977
2975
2974
2973
2969
2968
2967
2966
2965
2963
2961
2960
2959
2957
2956
2953
2950
2949
2947
2946
2945
2943
2942
2941
2939
2938
2937
2936
2935
2934
2933
2930
2929
2926
2925
2923
2922
2920
2919
2917
2916
2914
2913
2912
2911
2910
2909
2908
2907
2906
2905
2904
2903
2902
2901
2900
2899
2898
2896
2894
2891
2890
2889
2888
2886
2884
2882
2881
2880
2877
2876
2875
2874
2872
2869
2868
2867
2865
2864
2861
2860
2853
2852
2851
2850
2849
2848
2845
2844
2841
2840
2839
2837
2834
2832
2831
2827
2826
2825
2824
2823
2822
2821
2820
2818
2817
2816
2813
2812
2811
2810
2808
2807
2806
2805
2804
2803
2799
2798
2797
2796
2795
2794
2793
2792
2791
2790
2787
2786
2784
2783
2782
2781
2780
2779
2777
2774
2773
2772
2771
2770
2769
2768
2764
2763
2762
2761
2760
2758
2757
2756
2754
2753
2752
2751
2749
2748
2746
2745
2743
2742
2738
2737
2736
2735
2734
2732
2730
2729
2728
2726
2724
2723
2718
2716
2715
2713
2712
2711
2710
2707
2706
2705
2703
2702
2700
2698
2696
