107
745
3830
113
3980
3354
3451
266
2455
3325
3949
2541
191
3745
3992
89
2255
140
179
3616
3044
663
2704
3864
467
32
3407
887
3849
1760
253
3699
1368
3581
29
81
974
2041
1698
3580
2693
3216
3963
2732
3305
58
2949
3405
3066
3766
3890
184
468
2008
2531
196
321
4034
3127
998
3989
1586
3487
78
732
670
3059
256
869
114
878
153
720
340
143
183
233
789
1193
218
251
3511
3887
3126
3939
1111
3650
3565
371
111
19
343
3928
3513
881
3716
3998
866
2
3839
3868
1418
2725
49
3572
757
1607
657
782
750
3905
267
3531
3814
2941
1168
3536
193
858
4035
2975
3595
1225
522
3489
240
3292
890
2957
2771
2834
2855
1034
2898
2997
2685
3343
3012
1967
2885
2746
3375
3601
3479
190
3589
1200
2105
1933
3953
2505
2207
2277
1937
2635
1952
1276
788
3361
3973
249
300
2721
2902
3663
855
4026
4014
4030
1240
3151
607
4005
3984
939
3159
1814
1013
1719
4018
3575
672
1743
2798
3977
1855
3539
3816
46
746
2870
481
3109
791
335
2826
260
8
162
1599
3775
1212
3043
3872
42
1411
3688
851
77
1105
2814
821
986
147
63
3724
189
160
668
2481
1424
237
742
2726
3157
3751
3470
3897
699
679
2227
476
3958
3653
3979
2373
125
2860
3746
292
34
12
192
1779
3230
3271
633
3689
74
1365
880
1838
2162
1627
379
1065
2051
2744
1837
3848
3071
3754
2422
3570
1252
1733
1822
3548
3847
466
474
3904
3686
4038
3290
2707
943
3048
3441
470
910
61
3806
3436
1664
1218
3874
3981
1889
144
1788
909
3530
1387
562
1805
35
600
2437
643
3643
1010
648
1856
3828
3885
891
215
1220
3781
802
306
3576
2774
3551
2817
3993
36
3461
596
3504
3836
3500
3933
3582
2677
1138
3372
2930
2691
3053
3546
970
2204
1127
106
3898
985
3649
552
1045
1295
1780
874
785
893
2535
889
876
214
3755
17
220
14
243
505
137
2558
64
1634
437
3813
3502
735
2397
2884
3929
3899
898
482
3789
721
420
145
333
1560
1651
3910
1139
399
509
3685
327
4017
3823
1362
3457
3715
2791
660
496
3474
3765
287
3884
3767
919
748
2809
4036
2528
3255
1701
2106
1224
2709
2747
1022
554
2714
2923
3192
4010
1401
3357
2667
2678
3420
2739
3234
2942
1874
2728
1031
3367
2926
3308
2811
3778
1930
2668
2736
3409
2938
3239
1000
3086
1562
3988
3935
3162
2779
3383
3197
586
3088
2841
2918
3323
3249
2852
1595
2933
3484
3294
3429
2193
4022
3254
3281
3161
3613
3097
2921
2766
2722
2882
3414
1394
3286
1915
2424
3455
2513
2821
1738
2181
3880
2349
2166
718
540
2130
3638
3744
3961
543
37
2342
1309
2621
2044
3842
202
2251
550
508
1776
1133
3943
1575
2265
2310
2580
2272
2221
2205
2177
2234
2641
2321
2522
87
2524
3763
2295
2260
2584
2444
2217
1326
711
1961
2639
2016
377
806
204
1508
2632
3769
1860
1977
1445
529
3122
3799
1208
4000
3683
4020
3788
892
3599
4015
4037
4002
4012
1046
4025
4016
2262
4007
498
3987
2219
634
4027
603
3879
1478
610
863
714
2470
888
316
164
3732
3656
1403
76
613
317
45
217
358
427
1151
560
700
1234
60
222
142
118
336
1
2596
1321
133
258
3
85
39
349
318
228
3606
1588
908
973
138
2859
38
3843
208
447
3058
1248
3532
944
1134
27
918
575
859
1455
884
2963
3598
244
548
2984
1311
1171
516
1197
1226
687
645
654
3909
3453
1690
1342
3750
655
181
690
904
3413
43
2794
3668
3965
1386
1546
3130
3092
1354
386
3997
3552
2971
950
3266
2952
296
270
2358
225
2013
3978
1053
3074
816
68
207
1417
356
2305
3691
836
1055
247
1383
4024
3183
365
117
357
1711
1249
433
3915
812
792
3749
940
1756
446
1769
201
1094
1834
3537
549
120
139
71
155
229
1186
530
3736
2527
1090
2792
338
1526
255
3143
2671
279
3844
1161
3856
1058
4009
1434
3099
3955
3560
882
3153
852
1421
992
375
532
3156
3893
1764
3826
845
743
381
3675
2922
2762
1152
671
124
110
102
1506
11
3535
642
2784
3121
3678
937
3467
1869
920
241
278
166
838
1905
585
3431
2281
2483
2066
3125
3931
2900
1817
3045
18
1658
873
1755
3592
491
2441
499
3852
631
3057
691
534
1071
3164
2760
1762
91
3349
3559
2759
756
3937
2805
33
3626
435
2893
886
3028
1442
210
734
3672
1499
1062
825
121
1521
66
345
684
411
4031
1274
1908
130
2113
3646
22
2432
912
3968
2091
2622
3619
2490
2656
2412
3359
3341
3753
3427
3237
3068
740
1303
440
2818
3701
1978
424
380
872
1264
384
3516
3695
3562
3639
3594
231
88
3607
3478
3664
3757
3519
3918
3837
3476
3957
574
197
135
3055
3831
3496
3503
273
3603
1481
1167
1633
1051
1496
576
1016
979
3567
3916
3477
3651
1266
1892
1030
3784
3834
3738
3584
3617
3483
3524
1802
1880
1232
929
803
3621
666
3105
3141
1050
2129
2152
3610
198
682
3908
3520
759
83
1798
938
1452
6
694
722
294
3093
3110
931
3895
151
312
326
2979
2813
2846
3260
3013
3194
489
3275
3246
768
833
175
86
177
3648
976
1910
1897
3999
1203
987
4004
798
3181
3131
163
2080
2248
1965
2049
2335
2466
2651
2577
3645
3786
2983
3063
2836
2700
2964
729
708
811
753
3676
965
1686
3628
3657
3739
2799
3624
3549
3662
3446
3727
3771
3566
23
1896
1177
2688
3912
3743
3445
3538
879
895
871
28
226
149
93
44
1384
3083
3875
320
7
832
2789
3428
640
582
675
632
650
647
577
635
681
658
628
583
627
662
665
659
599
661
615
771
4
195
1194
4013
4011
1537
3147
4023
194
330
92
159
108
127
3855
3870
3463
3822
3714
3906
3706
3803
3809
3964
3791
3747
3696
3776
3587
3655
3920
2999
3155
3336
3310
2886
269
3180
3490
1033
2034
1759
1246
16
1043
955
3439
230
182
1693
3742
3444
867
877
776
885
861
698
310
115
20
41
337
167
3700
3911
3669
3774
3708
3571
3647
262
116
1988
2320
1992
2650
2170
95
3812
3682
2456
2634
3863
3585
3447
3679
3314
3008
2703
3382
3318
3309
2889
3283
3423
2982
2670
3311
2959
2972
2879
2699
3404
3374
3264
3138
2831
3087
2804
3313
2883
3032
3273
2772
3422
3235
3160
3279
3418
2935
3312
3424
3211
3242
3050
2787
1674
3306
2996
2965
3176
3128
2712
3328
2675
3299
3173
3051
3112
3034
2992
3352
3041
2785
3210
2878
3207
2830
2662
3178
3182
2801
1564
3258
3139
3209
2687
3196
2812
2758
2847
2829
2711
3208
2976
3411
3319
3148
3144
3089
3035
3393
2954
3353
3416
2770
3247
3369
3236
2724
3256
3244
2701
3124
3389
3190
3016
3327
3072
2702
2690
2720
3214
2863
2848
1505
3386
3351
2708
3371
2991
2936
3241
3223
3199
2868
3118
2796
3421
3038
2914
2751
3188
2765
2793
2753
3316
3277
2849
3274
3017
3331
3187
2843
3132
3287
2780
3381
2989
3288
3146
3185
3332
3262
3152
3101
3366
3335
3298
3172
2661
2719
3027
2844
2716
2696
3297
3296
3177
3113
3009
3346
3295
3019
3002
3150
3415
3100
3011
2865
1666
3116
3060
3137
3419
3403
3114
3333
3360
3365
2892
2951
3081
2783
3396
3106
2970
2904
2832
2715
3397
3252
3240
3224
2735
3253
2730
3272
3206
3102
2894
2875
3380
3276
2665
3077
3080
3248
2781
3189
2723
3406
3378
3070
2901
2764
3267
3145
2742
3225
3391
3069
3007
2833
2802
2713
2795
3291
3198
3410
3285
3329
3355
3345
3320
3203
3115
3049
2973
2828
2674
3434
3350
3347
3079
2733
3001
2768
3385
3395
2718
3018
2955
3300
3344
2881
3340
2950
2939
3120
3021
3170
2937
2778
2672
3140
3204
2775
3265
3136
3111
2943
3243
3135
2756
3302
3263
2748
3342
2731
2953
2907
2887
2850
2854
3394
3123
3025
2981
2974
2896
3046
3384
3362
3029
2969
2786
2993
3435
3412
3402
3392
3377
3373
3368
3356
3330
3322
3321
3307
3301
3289
3280
3259
3233
3231
3221
3219
3215
3201
3175
3169
3167
3154
3134
3107
3103
3082
3076
3075
3062
3020
2934
2932
2888
2871
2869
2858
2857
2853
2823
2819
2737
2686
171
2773
3193
2925
2994
2664
2738
2689
3166
2908
3129
3119
3014
2755
2917
2916
2745
2864
2835
3232
3220
3085
2946
3158
2757
2985
2754
3084
2681
3364
3326
3195
3047
3036
3010
3000
2988
2729
3228
3104
3363
3096
2827
2717
2666
3293
3257
3098
2929
2874
2741
2695
2890
3400
2810
3304
3174
2680
3433
2944
2706
2679
3052
3040
2931
2761
2705
3399
3073
2924
2912
3163
2910
2872
1684
3026
3023
2948
2906
2676
2694
3339
3142
3064
2891
2862
3250
2966
2815
2698
3108
2927
2915
2873
3348
2956
3033
2919
2777
2683
3387
3078
3065
3054
2866
3417
2986
2960
2928
2782
3238
3090
3042
3324
3149
3022
2945
2806
2750
2743
3303
3056
2839
2800
2673
3426
3117
2897
3226
3184
2940
2913
2911
2905
2749
2669
3284
2920
2877
2867
2763
3004
2909
2880
2967
1922
2146
2156
2587
2082
2360
2160
2238
2540
2388
2357
2486
2515
2147
1960
2534
2371
2618
2119
2628
2120
2256
2035
2270
2298
2296
2065
1982
2545
2401
2311
2440
2286
2197
2023
2612
2514
2448
1936
2570
2403
2317
2114
2089
2048
2566
2107
2303
2208
2312
1968
2459
2355
2214
2525
2313
2557
2209
2029
1944
2473
2315
2158
2652
2572
2366
2232
1926
2057
2642
2637
2350
2288
2096
2416
2362
2385
2393
2055
2067
2392
2285
2501
2479
2318
2092
2576
2164
2391
2213
2308
2407
2258
2287
2095
2021
1963
2040
2020
2383
2563
2190
2078
2506
2638
2033
2615
2150
2093
2122
1997
2353
2329
2299
2554
2469
2386
2462
1983
2623
2553
2429
1929
2630
2088
2163
2544
2367
2226
1981
2149
2280
2274
2235
2102
2377
2060
2361
2435
2660
2581
2480
2145
1964
2464
2356
2200
2109
2476
2443
2220
2644
2474
2173
2070
1975
2613
2568
2037
2477
2231
2425
2085
2257
2140
2115
2423
2136
2530
2264
2526
2404
2300
1917
2602
2539
2240
2005
2654
2348
2339
2172
2390
2110
1985
2478
2409
2157
2556
2460
1953
2523
2389
2284
2378
2000
2159
1919
2533
2648
1995
1914
2413
2306
1993
1954
1916
2254
1955
2420
2246
2551
2002
1947
2603
2003
2471
2203
2028
2330
2347
2547
2451
2345
2222
2608
2519
2510
2400
2211
1923
1920
2394
2292
2081
2325
2185
2589
2489
2428
2387
2249
2239
2053
2047
2304
2302
2582
2250
2555
2259
1987
2411
2406
2512
2396
2117
2289
2609
2518
2509
2183
2068
1465
2598
2054
1718
2617
2282
2161
2071
2363
2332
2253
2223
2165
2344
2588
2463
2294
2215
2189
2148
2032
2176
2625
2379
2137
1577
2187
2624
2600
2564
2449
2408
2370
2123
2104
2631
2216
2188
2112
2030
1989
2606
2495
2326
2184
2179
2059
2045
2352
2593
2574
2468
2446
2324
2323
2276
1966
2575
2410
2278
2019
1946
2619
2586
2290
2077
1918
2549
2520
2395
2275
2536
2532
2139
1971
2415
2273
2132
2101
1970
2590
2573
2560
2433
2369
2229
2108
1962
1925
2546
2414
2374
2212
2098
2063
1942
2579
2578
2504
2331
2266
2131
2056
2550
2430
2354
2334
2309
2244
1984
1979
1943
2607
2559
2467
2237
2218
2646
2507
2500
2485
2376
2043
2552
2521
2492
2307
2261
2206
2142
2118
2073
2046
1986
2643
2516
2127
2042
2629
2508
2419
2267
2196
2039
2038
1959
2653
2529
2327
2247
2243
2241
2194
2075
2126
1950
2417
2027
1991
1921
2346
1998
2610
2601
2571
2561
2497
2493
2488
2482
2438
2436
2434
2427
2418
2359
2236
2186
2167
2154
2103
2087
2084
2083
2074
2069
2062
2058
2050
2026
2015
2009
1974
1956
1939
1938
1934
2626
2297
2202
2636
1957
2494
2657
2351
2153
2144
1976
2645
2024
2025
2011
2001
1951
2633
2225
2616
2445
2293
2210
2111
1945
2461
2333
2191
2155
1994
2597
2399
2198
2180
2128
2125
2649
2491
2169
2594
2537
2502
2465
2458
2338
2336
2319
2174
2134
2072
2052
2031
2007
2475
2398
2372
2322
2279
2242
2199
2151
2135
136
2592
2543
2511
2224
2138
2010
1941
1932
2655
2611
2604
2591
2542
2499
2484
2381
2340
2328
2271
2201
2124
2121
2090
2086
2064
1940
2447
2268
2384
2659
2640
2620
2337
2018
1912
2538
2192
2364
2171
2583
2472
2097
2061
2006
1928
2627
2567
2498
2368
2343
2283
2133
1948
2233
2022
1913
2365
2647
2585
1935
1972
2143
2116
1973
1958
1927
