0
12
4024
4010
2079
3959
3935
3732
3709
3650
3407
3729
668
624
550
215
74
61
1208
585
3987
3856
3071
3268
785
743
796
749
802
702
707
833
789
714
2100
859
895
894
884
864
778
737
734
710
873
837
829
773
706
878
876
861
838
781
764
759
758
824
766
705
855
854
853
852
851
850
849
848
847
846
845
844
843
842
841
839
836
835
834
832
831
827
826
823
822
821
820
818
817
816
815
814
813
812
809
808
807
806
803
801
799
797
795
794
793
792
791
790
788
787
786
784
783
782
780
779
777
775
771
770
768
767
765
763
762
761
760
757
756
755
754
752
751
750
748
746
744
742
741
740
739
738
736
735
733
732
731
730
728
727
726
725
724
723
722
721
720
719
718
717
716
715
713
712
711
709
704
701
700
699
696
695
694
693
692
691
690
689
688
687
4027
3996
3995
4026
4014
3994
2541
2580
2548
2375
1974
2168
2535
2245
2558
2113
2019
2402
2082
2565
2486
2481
2301
2181
2146
2644
2248
2156
2129
2013
2636
2006
1914
2587
2341
2251
3746
3885
3882
3503
3489
3789
3616
3536
3498
3686
3818
3441
3725
3473
3890
3901
3767
3662
3490
3459
3450
3497
3770
3763
3911
3766
3671
3903
3542
3452
3870
3516
3960
3776
3747
3655
3587
3967
3622
3534
3821
3652
3757
3630
3506
3900
3793
3718
3569
3588
3640
3624
3549
3628
3538
3906
3850
3722
3615
3553
3470
3716
3513
893
892
891
890
889
888
887
886
885
883
882
881
880
879
877
875
874
872
871
870
869
867
866
863
858
856
840
830
828
825
819
811
810
805
804
800
798
776
774
772
769
753
747
745
729
708
703
697
686
4013
4011
3991
4038
4037
4036
4035
4034
4033
4032
4030
4029
4028
4025
4023
4022
4021
4020
4019
4018
4017
4016
4012
4009
4008
4007
4006
4005
4004
4003
4002
4001
4000
3999
3998
3997
3993
3992
3990
3989
3988
3986
3985
3984
3983
3982
3981
138
3742
3726
2284
3408
3141
3197
2804
3153
2933
3126
2776
2774
3269
3430
2805
3122
2961
3194
2726
3372
2930
2663
2766
3418
3352
3058
3393
3095
3015
2948
3382
3213
2680
3036
2945
3433
3029
2993
2956
2757
2824
3423
3283
3008
3390
3301
3149
3085
3047
2940
2880
2874
3093
2751
3349
3329
3364
3064
3014
2917
2877
3426
3387
3142
3054
2967
2931
2916
2908
2866
2862
2694
3276
2697
2447
2027
2478
2648
2061
2256
2365
2202
1968
3167
3316
2770
2802
3345
3332
2823
3368
3012
2878
3319
2540
2182
2553
1976
1973
2299
2278
2136
2098
1953
1925
2612
2474
2175
2655
2654
2638
2624
2552
2551
2485
2446
2427
2404
2391
2374
2354
2339
2331
2308
2287
2253
2140
2118
2115
2086
2069
2064
2060
2044
1997
1966
2362
2361
2641
2637
2317
2209
1952
2459
2400
2415
2222
2221
2003
2652
2501
2416
2096
2298
2396
2387
2249
2147
2524
2345
1923
2623
2615
2607
2604
2601
2593
2563
2560
2550
2370
2334
2306
2280
2244
2233
2229
2165
2142
2021
1964
2047
2660
2659
2658
2657
2656
2651
2650
2647
2646
2645
2640
2639
2635
2634
2633
2632
2631
2630
2628
2627
2626
2625
2622
2621
2620
2619
2618
2614
2613
2611
2610
2606
2603
2602
2600
2599
2596
2595
2591
2590
2586
2585
2584
2583
2581
2579
2578
2577
2576
2575
2574
2573
2572
2571
2570
2568
2566
2564
2562
2561
2559
2557
2556
2554
2549
2546
2545
2539
2538
2537
2536
2534
2532
2531
2528
2527
2526
2525
2523
2522
2521
2520
2518
2517
2515
2514
2513
2507
2506
2505
2504
2503
2500
2499
2497
2495
2494
2493
2492
2490
2489
2488
2487
2484
2483
2482
2480
2479
2477
2476
2473
2469
2468
2467
2466
2464
2462
2460
2457
2456
2455
2454
2453
2452
2450
2449
2448
2444
2443
2442
2441
2440
2439
2438
2437
2435
2434
2433
2432
2431
2430
2429
2428
2426
2425
2424
2423
2422
2421
2418
2414
2412
2411
2410
2409
2408
2407
2406
2405
2403
2401
2397
2395
2393
2392
2390
2388
2386
2383
2382
2381
2380
2379
2378
2377
2376
2373
2371
2369
2367
2366
2364
2363
2360
2359
2358
2357
2356
2353
2352
2350
2349
2348
2346
2342
2340
2337
2335
2329
2326
2324
2323
2322
2321
2320
2318
2316
2314
2313
2312
2311
2310
2309
2307
2305
2304
2303
2300
2297
2296
2291
2290
2288
2286
2281
2277
2276
2275
2274
2272
2271
2270
2269
2265
2263
2262
2261
2260
2259
2258
2257
2255
2252
2243
2242
2240
2238
2237
2236
2235
2234
2232
2231
2230
2228
2227
2226
2225
2220
2219
2218
2217
2216
2214
2213
2212
2211
2210
2208
2207
2206
2205
2204
2201
2200
2197
2193
2192
2190
2188
2186
2184
2179
2178
2177
2173
2172
2171
2170
2167
2166
2164
2162
2161
2160
2159
2158
2157
2154
2152
2150
2145
2141
2139
2131
2130
2126
2124
2123
2122
2121
2120
2119
2116
2114
2112
2110
2109
2108
2107
2106
2105
2104
2103
2101
2099
2097
2095
2094
2093
2092
2091
2090
2089
2088
2085
2084
2083
2080
2078
2077
2076
2075
2074
2073
2070
2067
2066
2063
2059
2058
2057
2056
2055
2051
2050
2049
2048
2046
2045
2043
2041
2040
2037
2036
2035
2034
2033
2030
2029
2026
2025
2024
2023
2022
2020
2018
2017
2016
2015
2014
2012
2011
2009
2008
2005
2004
2001
2000
1999
1998
1996
1995
1994
1993
1992
1991
1990
1989
1988
1987
1986
1985
1984
1983
1982
1981
1980
1979
1978
1977
1975
1972
1971
1970
1969
1965
1963
1962
1961
1960
1958
1957
1956
1951
1950
1949
1946
1944
1943
1942
1939
1938
1937
1936
1935
1934
1933
1931
1930
1929
1928
1927
1924
1922
1921
1919
1918
1917
1915
3266
2865
3434
3422
3391
3342
3299
3212
3120
3106
3089
2793
2713
2932
2895
2860
2728
3182
3306
3154
3133
2900
3246
3207
3049
2991
2937
2708
2674
2881
2818
2812
3661
3462
3864
3717
3680
3635
3562
3518
3481
3785
3565
3477
3847
3839
3712
3626
3589
3642
3576
3945
3825
3752
3611
3944
3880
3842
3796
3625
3548
3873
3831
3762
3703
3687
3654
3557
3514
3968
3734
3697
3979
3978
3977
3976
3975
3974
3973
3972
3971
3970
3969
3966
3965
3964
3963
3958
3957
3956
3955
3954
3953
3952
3951
3950
3949
3947
3946
3942
3941
3940
3939
3938
3937
3936
3934
3933
3932
3931
3930
3929
3928
3927
3926
3925
3924
3923
3922
3921
3920
3919
3918
3917
3916
3915
3914
3913
3912
3910
3909
3908
3907
3905
3904
3902
3899
3898
3897
3896
3895
3894
3893
3892
3891
3889
3888
3887
3884
3883
3881
3879
3878
3876
3875
3874
3871
3869
3868
3867
3866
3865
3863
3862
3860
3859
3858
3857
3855
3854
3853
3852
3849
3848
3846
3845
3844
3843
3841
3840
3838
3837
3836
3835
3834
3833
3832
3829
3828
3827
3826
3824
3823
3822
3820
3819
3817
3816
3815
3814
3813
3812
3811
3810
3809
3808
3807
3806
3805
3804
3803
3802
3801
3800
3799
3795
3794
3792
3791
3790
3788
3787
3786
3784
3783
3782
3781
3780
3778
3777
3775
3774
3773
3772
3771
3769
3768
3765
3764
3761
3760
3759
3758
3755
3754
3753
3751
3749
3748
3745
3744
3743
3740
3739
3738
3737
3736
3735
3733
3731
3730
3728
3727
3724
3720
3719
3715
3714
3713
3711
3710
3708
3707
3706
3705
3704
3702
3701
3700
3699
3698
3696
3695
3694
3693
3691
3690
3689
3688
3685
3683
3682
3681
3679
3678
3676
3675
3674
3673
3672
3670
3669
3668
3667
3666
3665
3664
3663
3660
3659
3658
3657
3656
3653
3651
3649
3648
3647
3646
3645
3644
3643
3641
3639
3638
3637
3636
3634
3632
3631
3629
3627
3623
3620
3619
3618
3617
3614
3613
3612
3610
3608
3607
3606
3605
3604
3603
3602
3601
3600
3599
3598
3597
3596
3595
3594
3593
3591
3590
3585
3584
3583
3582
3581
3580
3579
3578
3575
3574
3573
3572
3571
3570
3568
3567
3566
3564
3563
3560
3559
3558
3555
3554
3552
3551
3547
3546
3545
3544
3543
3541
3539
3537
3535
3533
3532
3531
3530
3529
3528
3527
3526
3524
3523
3522
3521
3520
3519
3515
3512
3511
3510
3509
3508
3507
3505
3504
3502
3500
3499
3496
3494
3493
3492
3491
3488
3486
3485
3484
3483
3482
3480
3479
3478
3476
3475
3474
3472
3471
3469
3468
3467
3466
3465
3464
3463
3461
3460
3458
3457
3455
3453
3449
3448
3447
3446
3445
3444
3443
3442
3439
3438
3779
3621
3586
3517
868
865
857
698
3046
3067
3379
3341
3340
3214
3103
2996
2955
2871
2702
3151
3150
3113
3039
3161
2999
2790
4031
3980
621
628
659
627
578
664
633
605
603
598
588
349
533
3210
3117
2918
2747
2704
153
233
38
216
70
321
102
86
50
157
163
36
189
182
187
117
45
63
330
254
191
192
19
307
337
298
288
283
249
94
240
83
345
212
331
332
109
341
295
252
200
185
148
142
85
79
75
69
3
264
339
246
31
333
312
299
236
3961
3861
3723
3487
3454
1967
534
631
579
543
539
445
504
2813
1065
2588
2582
2394
2330
2325
2254
2185
2155
2151
2031
1955
1926
136
1162
3436
3435
3432
3431
3429
3428
3427
3425
3424
3421
3420
3419
3417
3416
3415
3414
3413
3411
3410
3405
3403
3402
3401
3400
3399
3398
3397
3396
3395
3394
3392
3389
3388
3384
3383
3381
3380
3378
3377
3376
3375
3374
3373
3371
3370
3369
3367
3365
3363
3362
3360
3359
3358
3357
3356
3355
3354
3353
3351
3350
3348
3347
3346
3344
3343
3339
3338
3337
3336
3335
3334
3333
3330
3327
3326
3325
3324
3323
3322
3321
3320
3318
3317
3315
3314
3313
3312
3311
3310
3309
3308
3307
3305
3304
3303
3302
3300
3298
3297
3296
3295
3294
3293
3292
3291
3288
3287
3286
3285
3284
3282
3281
3280
3279
3277
3275
3274
3273
3272
3271
3270
3267
3264
3262
3261
3260
3259
3257
3256
3255
3254
3253
3252
3251
3250
3249
3247
3244
3243
3242
3241
3240
3239
3238
3237
3236
3235
3234
3232
3231
3230
3229
3228
3227
3226
3225
3224
3223
3221
3220
3219
3218
3217
3216
3215
3211
3209
3208
3206
3205
3204
3203
3202
3201
3200
3199
3198
3196
3195
3193
3192
3191
3190
3189
3188
3187
3185
3184
3183
3181
3180
3179
3178
3177
3176
3175
3174
3172
3171
3170
3169
3166
3163
3160
3159
3158
3157
3156
3155
3152
3148
3147
3146
3145
3144
3143
3140
3139
3138
3137
3135
3134
3132
3131
3130
3129
3128
3127
3125
3124
3123
3121
3119
3118
3116
3115
3114
3112
3110
3109
3108
3107
3105
3104
3102
3101
3099
3098
3096
3094
3092
3091
3090
3088
3087
3086
3084
3083
3082
3081
3080
3079
3078
3077
3076
3075
3074
3073
3072
3070
3069
3068
3066
3065
3063
3061
3060
3059
3056
3055
3053
3052
3051
3050
3048
3045
3044
3043
3042
3041
3040
3038
3037
3035
3034
3033
3032
3031
3030
3028
3027
3026
3025
3024
3023
3022
3021
3018
3017
3016
3013
3011
3010
3009
3007
3006
3004
3003
3002
3000
2998
2997
2995
2994
2992
2990
2989
2988
2987
2986
2985
2984
2983
2982
2981
2980
2978
2977
2975
2974
2973
2972
2971
2970
2969
2966
2965
2963
2962
2960
2959
2958
2957
2954
2953
2952
2951
2950
2949
2947
2946
2944
2943
2942
2941
2939
2938
2936
2935
2934
2929
2928
2927
2926
2925
2924
2923
2922
2921
2920
2919
2915
2914
2913
2912
2911
2910
2909
2907
2906
2905
2904
2903
2902
2901
2899
2898
2897
2896
2894
2893
2891
2890
2889
2888
2887
2886
2884
2882
2879
2876
2875
2873
2872
2870
2868
2867
2864
2863
2861
2859
2858
2857
2856
2855
2854
2853
2852
2851
2850
2849
2848
2847
2846
2845
2844
2843
2842
2841
2840
2839
2837
2836
2835
2834
2833
2832
2831
2830
2829
2828
2827
2825
2821
2820
2819
2817
2816
2815
2811
2810
2809
2808
2807
2806
2803
2801
2800
2799
2798
2797
2796
2795
2794
2792
2791
2789
2788
2787
2786
2785
2784
2783
2782
2781
2780
2779
2778
2777
2773
2772
2771
2769
2768
2767
2765
2763
2762
2761
2759
2758
2756
2755
2754
2753
2750
2749
2748
2746
2745
2744
2743
2742
2741
2740
2739
2738
2737
2736
2735
2733
2732
2731
2730
2729
2727
2725
2724
2723
2722
2721
2720
2719
2718
2717
2716
2715
2714
2712
2711
2710
2709
2706
2705
2703
2701
2700
2699
2698
2696
2695
2692
2691
2690
2689
2688
2687
2686
2685
2684
2683
2682
2681
2679
2676
2675
2673
2672
2671
2670
2669
2668
2667
2666
2665
2664
2662
2661
860
3186
3111
2707
3097
1027
2653
2649
2617
2616
2609
2605
2594
2589
2544
2543
2529
2519
2511
2510
2502
2498
2475
2472
2471
2465
2463
2461
2458
2451
2445
2436
2419
2417
2413
2389
2355
2344
2343
2336
2319
2315
2302
2295
2294
2283
2282
2273
2268
2246
2241
2224
2223
2215
2189
2176
2174
2163
2148
2144
2143
2137
2133
2128
2127
2081
2072
2071
2068
2062
2052
2039
2038
2010
2002
1959
1954
1947
1940
1932
1916
1913
3385
3265
2979
2764
2693
1476
3409
3386
3258
3165
3062
3020
2964
2883
2826
2734
2643
2642
2629
2608
2598
2597
2592
2567
2555
2547
2542
2533
2530
2516
2512
2509
2508
2496
2491
2420
2399
2398
2385
2384
2372
2368
2351
2347
2338
2333
2332
2328
2327
2293
2292
2289
2285
2279
2267
2266
2264
2250
2247
2239
2203
2199
2198
2196
2194
2191
2187
2183
2180
2169
2153
2149
2138
2135
2134
2132
2125
2117
2111
2102
2087
2065
2054
2053
2042
2032
2028
2007
1948
1945
1941
1920
1912
3289
3263
2976
3412
3406
3404
3366
3331
3233
3168
3162
3100
3019
3001
2892
2869
2775
2752
1239
1301
1434
900
1797
1326
3290
2677
1089
1594
1383
1858
1626
1174
1440
1321
1147
1251
3962
3948
3943
3886
3877
3872
3851
3830
3797
