0
4015
209
4035
4008
15
1581
875
2079
692
2195
1145
3798
335
3853
2457
3846
47
468
3808
2541
3733
3597
2106
667
3987
3984
4022
594
3989
4011
4037
3999
4005
4032
4034
3983
4036
4012
4010
3980
3981
3982
3986
3994
3995
3997
3998
4004
4009
4014
4019
4020
4021
4023
4026
4030
4031
4038
4017
4000
4018
3988
4013
4027
3993
3985
4002
4003
3996
3991
3990
4007
4025
4033
4016
3992
4006
4028
4001
4029
4024
891
2269
1560
624
292
2470
918
674
613
2842
1466
287
668
911
607
3183
3031
2569
37
447
3974
2596
1206
11
1834
43
3570
3451
3709
3935
358
585
1096
1119
883
602
3856
3748
210
12
18
3071
801
550
3729
1386
114
3230
74
3453
3650
3820
608
892
215
638
256
42
581
3746
282
233
642
33
244
3407
3268
90
145
401
377
3885
286
1224
255
775
749
52
1176
241
154
3006
179
3408
234
183
1270
3875
3134
1233
1690
2788
205
35
3282
153
70
1854
1430
216
2740
1395
744
2857
2814
160
3959
3688
379
3922
3704
279
2704
1065
3589
1755
750
648
859
3125
1558
1326
316
3854
3942
1262
3807
1967
443
841
860
267
2382
1276
699
3879
305
138
1394
3037
2691
3732
2792
386
2595
1586
383
2483
81
301
1046
3801
182
904
157
97
3560
3744
1253
1071
356
253
3717
411
1208
3691
1027
1693
1627
76
155
448
247
112
1760
454
1353
3467
757
854
321
656
3816
2798
294
293
3413
49
71
2481
743
3582
3375
660
2952
785
2178
899
2714
1362
2808
1194
3699
499
3955
2168
240
571
228
3575
1252
336
164
3928
207
191
2860
3689
2722
1546
3811
2975
2922
2442
2380
2527
2998
61
1034
1105
1002
174
884
855
3954
852
192
1031
717
3781
893
2963
832
288
894
790
190
3978
3897
3121
307
120
2565
572
2204
1474
652
1996
877
3588
788
467
262
201
3143
2838
996
384
124
3946
552
1510
1200
166
3003
865
530
202
3953
327
3952
3882
3686
851
406
3965
3673
1969
270
3653
868
220
206
2885
1856
1651
1022
3619
1762
1713
3765
3565
289
3537
2971
2855
125
3910
2441
453
3939
3865
3494
945
673
1937
1383
3887
3271
3606
3544
3147
864
1797
1890
2817
866
1442
858
1711
704
3489
2634
152
3305
649
3890
3694
3676
349
193
3787
1776
1579
1455
802
735
34
2437
1657
1486
721
283
2736
2015
1295
1264
895
671
593
3678
2980
46
3925
3849
3444
2230
2167
1777
1038
3844
3290
3074
2219
1607
1476
1147
879
825
472
250
235
110
3795
3742
3310
3059
2505
1157
610
3127
2774
2431
1417
562
464
371
3839
1346
910
3805
3637
873
846
485
245
3227
2422
691
351
264
27
3429
3055
1354
1057
2692
887
219
2517
1133
929
498
3749
3513
1498
1240
791
3751
3665
2358
987
798
163
102
3963
3724
2776
1168
740
95
2621
1792
1263
890
881
761
269
229
32
3660
3477
3432
3370
3161
2767
2671
2580
1855
1301
1254
874
872
871
870
869
867
700
365
3977
3970
3908
3899
3727
3457
3441
3217
3091
2824
1838
1664
880
796
786
702
340
147
77
3864
3806
3661
3372
2899
1924
1297
1151
882
878
843
816
767
759
733
725
707
621
533
476
3936
3911
3813
3632
3447
3175
3159
2884
2528
2100
