0
4001
757
692
892
11
377
292
179
1834
18
2704
2195
1176
638
4010
1096
674
3031
1560
3746
668
3451
279
624
90
358
3570
215
3729
1466
240
1034
145
775
749
832
744
893
884
864
702
689
796
802
725
721
690
714
759
720
821
722
822
890
881
751
784
711
782
734
845
761
783
763
847
813
738
731
889
882
861
774
755
838
809
807
797
779
758
741
718
848
834
820
815
765
726
724
693
688
856
855
854
853
852
851
850
849
846
844
843
842
841
839
837
836
835
833
831
829
827
826
825
824
818
817
816
814
812
811
808
806
800
799
795
794
793
792
791
790
789
788
787
786
785
781
780
778
777
773
771
770
768
767
766
764
762
760
756
754
752
750
748
746
743
742
740
739
737
736
735
733
732
730
728
727
723
719
717
716
715
713
712
710
709
707
706
705
704
701
700
699
696
695
694
691
687
895
894
888
886
883
880
879
878
876
871
870
869
866
863
859
858
840
830
828
823
819
810
805
804
803
798
772
769
753
747
745
729
708
703
697
686
887
885
877
874
873
872
776
698
867
801
891
875
868
860
4034
594
3989
4020
4029
4028
3992
4038
4026
4023
3997
3994
4037
4036
4035
4033
4031
4027
4025
4024
4022
4016
4015
4013
4011
4008
4007
4006
4005
4003
4002
3999
3998
3996
3995
3990
3987
3986
3985
3984
3983
3981
4021
4019
4018
4017
4014
4009
4004
4000
3993
3988
3982
3980
4030
4032
4012
3991
157
3413
3006
154
267
155
234
2483
1224
27
3268
2893
3216
2799
2802
2837
2889
3128
2886
3066
3028
3429
3427
3376
2805
2732
3141
2776
2898
2790
3269
2733
3045
3249
3151
3352
3074
3221
2801
3105
2852
2953
2726
2808
2821
2794
2766
2713
2824
3098
2891
3323
3234
3275
3037
2666
3212
3209
3075
3237
3123
3080
3000
2854
2741
3084
3026
2887
3364
3036
2912
2873
2827
2745
3436
3414
3052
2944
2761
2796
3423
3382
3314
3311
2972
2834
2703
3341
3099
3387
3339
3108
3064
3029
2806
2669
2731
3434
2765
3299
3215
3167
3252
3288
3152
3120
3115
3021
2970
2863
2849
2844
3310
3156
3261
3089
2989
3374
3048
3393
2920
2919
2815
2757
2705
2958
2803
2727
2690
3377
3177
3113
2829
3378
3351
3350
3267
3199
3172
3170
3145
3116
3082
2939
2936
2853
2742
2708
3273
3334
3203
3191
3176
3133
3051
2865
2682
2903
3225
2819
3406
3118
2957
2720
3424
3043
2954
2836
2771
2762
3403
3369
3337
3279
3219
3171
3111
3103
2996
2932
2914
2871
2730
3343
2999
2822
219
6
47
153
160
256
97
125
321
46
35
120
191
206
220
2
150
131
190
147
245
110
164
5
318
222
16
330
266
180
101
117
331
230
177
342
268
24
53
31
23
146
33
307
132
303
326
14
265
248
118
69
62
290
272
239
224
199
176
84
79
9
3
334
325
284
277
271
252
203
127
56
55
13
226
293
289
89
312
137
116
41
264
38
328
273
195
78
346
322
299
48
2764
3011
2826
3222
3186
3020
2527
1974
2041
2456
2441
1934
1969
2227
2490
2375
2486
1924
2320
2388
2048
2402
2034
2656
2238
2288
2177
2444
2524
2558
2522
2254
2440
2089
2023
2421
2249
2234
2622
2515
2426
2349
1992
2443
2262
2175
2119
2049
1960
2531
2337
2012
2427
2407
2454
1942
2557
2371
2345
2236
2219
2214
2197
2085
2036
2654
2613
2539
2535
2487
1981
2546
2477
2428
2311
2299
2210
2610
2540
2576
2560
2556
2084
2074
2069
2060
1997
1986
1953
2367
2208
2057
1985
2603
2432
2415
2280
2222
2110
2562
2497
2403
2360
1926
2462
2339
2306
2290
2258
2220
2122
2118
2095
2086
2077
2045
1963
1938
1925
2013
1991
2480
2242
2141
2658
2538
2365
2061
2004
1973
1958
2638
2604
2601
2591
2573
2552
2542
2532
2507
2464
2309
2287
2271
2233
2206
2201
2154
2064
2056
2046
2033
1984
1917
2304
2221
2455
2647
2620
2009
2006
1980
2885
904
189
119
64
406
679
650
632
578
681
583
467
351
453
501
476
441
399
364
1157
1546
1664
996
1263
2399
2185
2155
2132
2031
2003
1955
3435
3433
3432
3431
3430
3428
3426
3425
3422
3421
3419
3418
3417
3416
3415
3412
3411
3409
3408
3407
3405
3402
3401
3400
3399
3398
3397
3396
3395
3394
3392
3391
3390
3389
3388
3386
3384
3383
3381
3380
3379
3375
3373
3372
3371
3370
3368
3367
3365
3363
3362
3360
3359
3358
3357
3356
3355
3354
3353
3349
3348
3347
3346
3345
3344
3342
3340
3338
3336
3335
3333
3332
3331
3330
3329
3327
3326
3325
3324
3322
3321
3320
3319
3318
3317
3316
3315
3313
3312
3309
3308
3307
3306
3305
3303
3302
3301
3300
3298
3297
3296
3295
3294
3293
3292
3291
3287
3286
3285
3284
3283
3282
3281
3280
3277
3276
3274
3272
3271
3270
3266
3264
3262
3260
3259
3258
3257
3256
3255
3254
3253
3251
3250
3247
3246
3244
3243
3242
3241
3240
3239
3238
3236
3235
3232
3231
3229
3228
3227
3226
3224
3223
3220
3218
3217
3214
3213
3211
3210
3208
3207
3206
3205
3204
3202
3201
3200
3198
3197
3196
3195
3194
3193
3192
3190
3189
3188
3187
3185
3184
3183
3182
3181
3180
3179
3175
3174
3173
3169
3166
3163
3161
3160
3159
3158
3157
3155
3154
3153
3150
3149
3148
3147
3146
3144
3143
3142
3140
3139
3138
3137
3135
3132
3131
3130
3129
3127
3126
3125
3124
3122
3121
3119
3117
3114
3112
3110
3109
3107
3106
3104
3102
3096
3095
3094
3093
3092
3091
3090
3088
3087
3086
3085
3083
3081
3079
3078
3077
3076
3073
3072
3071
3070
3069
3068
3067
3065
3063
3062
3061
3060
3059
3058
3056
3055
3054
3053
3050
3049
3047
3046
3044
3042
3041
3040
3039
3038
3035
3034
3033
3032
3030
3027
3025
3024
3023
3022
3018
3017
3016
3015
3014
3013
3012
3010
3009
3008
3007
3005
3004
3003
3002
3001
2998
2997
2995
2994
2993
2992
2991
2990
2988
2987
2986
2985
2984
2983
2982
2981
2980
2978
2977
2975
2974
2973
2971
2969
2967
2966
2965
2963
2961
2960
2959
2956
2955
2952
2951
2950
2949
2948
2947
2946
2945
2943
2942
2940
2938
2937
2935
2934
2933
2931
2930
2929
2928
2927
2926
2925
2924
2923
2922
2921
2918
2917
2916
2915
2913
2911
2910
2909
2908
2907
2906
2905
2904
2902
2901
2900
2899
2897
2896
2895
2894
2892
2890
2888
2884
2883
2882
2881
2880
2879
2878
2877
2876
2875
2874
2872
2870
2868
2867
2866
2864
2862
2861
2860
2859
2858
2857
2856
2855
2851
2850
2848
2847
2846
2845
2843
2841
2840
2839
2835
2833
2832
2831
2830
2828
2825
2823
2820
2818
2817
2816
2812
2811
2810
2809
2807
2804
2800
2798
2797
2795
2793
2792
2791
2789
2788
2787
2786
2785
2784
2783
2782
2781
2780
2779
2778
2777
2774
2773
2772
2770
2769
2768
2767
2763
2760
2759
2758
2756
2755
2754
2753
2751
2750
2749
2748
2747
2746
2744
2743
2740
2739
2738
2737
2736
2735
2734
2729
2728
2725
2723
2722
2721
2719
2718
2717
2716
2715
2714
2712
2711
2710
2709
2707
2706
2702
2701
2700
2699
2698
2697
2696
2695
2694
2692
2691
2689
2688
2687
2686
2685
2684
2683
2681
2680
2679
2677
2676
2675
2674
2673
2672
2671
2670
2668
2667
2665
2664
2663
2662
2661
3165
3164
3097
2964
1762
1510
1162
2617
2588
2502
2471
2355
2298
2293
2268
2246
2241
2203
2151
2134
2127
2102
2010
1994
1959
1913
3385
3265
3101
2979
2693
1401
2643
2567
2555
2547
2516
2509
2501
2347
2338
2328
2315
2292
2285
2250
2247
2199
2191
2148
2138
2117
2087
2065
2032
1948
1945
1920
3289
2976
3420
3410
3178
2813
945
3404
3366
3304
3233
3168
3162
3100
3019
2962
2869
2775
2752
2724
1362
1326
987
1779
1476
1769
1858
1368
938
1008
1253
1642
1607
1822
1266
1896
1133
1556
1759
1474
1651
1239
1851
3361
3328
3278
3263
3248
3245
3136
3057
2968
2941
2678
1874
1640
1626
1739
1802
1363
992
1798
1601
1333
1232
1118
901
1403
1138
979
1106
1398
1139
1295
1594
1196
952
1484
1477
1712
1524
1776
1442
1799
922
3290
2838
2814
269
347
345
344
343
341
340
339
338
337
336
333
332
329
327
324
323
320
319
317
316
315
314
313
311
310
309
308
306
305
304
302
301
300
298
297
296
295
294
291
288
287
286
285
283
282
281
280
278
276
275
274
270
263
262
261
260
259
258
257
255
254
253
251
250
249
247
246
244
243
242
238
237
236
235
233
232
231
229
228
227
225
223
221
218
217
216
214
213
212
211
210
209
208
207
204
202
201
200
197
196
194
193
192
188
187
186
185
184
183
182
181
178
175
174
172
170
169
168
167
166
165
163
162
161
159
158
156
152
151
149
148
144
143
142
141
140
139
136
135
134
133
130
129
128
126
124
123
122
121
115
114
113
112
111
109
108
106
105
104
103
102
100
99
98
96
95
94
93
92
91
88
87
86
85
83
82
81
80
77
76
75
74
73
72
71
70
68
67
66
65
63
61
60
59
57
54
51
50
49
45
44
43
42
40
39
37
36
32
30
29
28
26
25
22
21
20
19
17
12
10
8
7
4
1
1697
1537
1726
1908
1219
1846
1782
1538
1305
927
1050
1838
929
923
1758
1505
1283
1182
1666
1187
1140
1088
1031
1249
621
575
2660
2659
2657
2655
2653
2652
2651
2650
2649
2648
2646
2645
2644
2642
2641
2640
2639
2637
2636
2635
2634
2633
2632
2631
2630
2629
2628
2627
2626
2625
2624
2623
2621
2619
2618
2616
2615
2614
2612
2611
2609
2608
2607
2606
2605
2602
2600
2599
2598
2597
2595
2594
2593
2592
2590
2589
2587
2586
2585
2584
2583
2582
2581
2580
2579
2578
2577
2575
2574
2572
2571
2570
2568
2566
2565
2564
2563
2561
2559
2554
2553
2551
2550
2549
2548
2545
2544
2543
2541
2537
2536
2534
2533
2530
2529
2528
2526
2525
2523
2521
2520
2519
2518
2517
2514
2513
2512
2511
2510
2508
2506
2505
2504
2503
2500
2499
2498
2496
2495
2494
2493
2492
2491
2489
2488
2485
2484
2482
2481
2479
2478
2476
2475
2474
2473
2472
2470
2469
2468
2467
2466
2465
2463
2461
2460
2459
2458
2457
2453
2452
2451
2450
2449
2448
2447
2446
2445
2442
2439
2438
2437
2436
2435
2434
2433
2431
2430
2429
2425
2424
2423
2422
2420
2419
2418
2417
2416
2414
2413
2412
2411
2410
2409
2408
2406
2405
2404
2401
2400
2398
2397
2396
2395
2394
2393
2392
2391
2390
2389
2387
2386
2385
2384
2383
2382
2381
2380
2379
2378
2377
2376
2374
2373
2372
2370
2369
2368
2366
2364
2363
2362
2361
2359
2358
2357
2356
2354
2353
2352
2351
2350
2348
2346
2344
2343
2342
2341
2340
2336
2335
2334
2333
2332
2331
2330
2329
2327
2326
2325
2324
2323
2322
2321
2319
2318
2317
2316
2314
2313
2312
2310
2308
2307
2305
2303
2302
2301
2300
2297
2296
2295
2294
2291
2289
2286
2284
2283
2282
2281
2279
2278
2277
2276
2275
2274
2273
2272
2270
2269
2267
2266
2265
2264
2263
2261
2260
2259
2257
2256
2255
2253
2252
2251
2248
2245
2244
2243
2240
2239
2237
2235
2232
2231
2230
2229
2228
2226
2225
2224
2223
2218
2217
2216
2215
2213
2212
2211
2209
2207
2205
2204
2202
2200
2198
2196
2194
2193
2192
2190
2189
2188
2187
2186
2184
2183
2182
2181
2180
2179
2178
2176
2174
2173
2172
2171
2170
2169
2168
2167
2166
2165
2164
2163
2162
2161
2160
2159
2158
2157
2156
2153
2152
2150
2149
2147
2146
2145
2144
2143
2142
2140
2139
2137
2136
2135
2133
2131
2130
2129
2128
2126
2125
2124
2123
2121
2120
2116
2115
2114
2113
2112
2111
2109
2108
2107
2106
2105
2104
2103
2101
2100
2099
2098
2097
2096
2094
2093
2092
2091
2090
2088
2083
2082
2081
2080
2079
2078
2076
2075
2073
2072
2071
2070
2068
2067
2066
2063
2062
2059
2058
2055
2054
2053
2052
2051
2050
2047
2044
2043
2042
2040
2039
2038
2037
2035
2030
2029
2028
2027
2026
2025
2024
2022
2021
2020
2019
2018
2017
2016
2015
2014
2011
2008
2007
2005
2002
2001
2000
1999
1998
1996
1995
1993
1990
1989
1988
1987
1983
1982
1979
1978
1977
1976
1975
1972
1971
1970
1968
1966
1965
1964
1962
1961
1957
1956
1954
1952
1951
1950
1949
1947
1946
1944
1943
1941
1940
1939
1937
1936
1935
1933
1932
1931
1930
1929
1928
1927
1923
1922
1921
1919
1918
1916
1915
1914
1053
910
1756
1676
1588
1251
1144
1061
950
1781
1236
1653
1004
1736
1617
960
1530
1361
1285
1125
967
1900
1811
1520
1431
1359
998
1843
1835
1772
1551
1535
1346
1323
1205
1084
1814
1430
1354
1489
1686
1873
1120
1884
1888
1879
1868
1809
1753
1722
1714
1663
1613
1610
1563
1402
1399
1339
1312
1256
1211
1201
1185
1091
1059
947
1875
1247
1655
900
1591
941
1725
1533
1503
1451
1316
1309
1246
903
1857
1751
1715
1638
1587
1578
1454
1350
1158
1115
1100
1082
1081
1036
988
902
622
433
411
1228
171
1690
1629
1478
1541
1482
1469
1348
1831
464
1322
1129
616
1770
1681
1496
1041
682
631
437
1818
1807
1630
1525
1258
1901
1628
1423
1189
1738
1548
1371
1183
478
664
636
573
470
635
685
684
677
675
672
670
665
663
662
661
660
659
658
657
655
648
647
643
642
640
628
627
626
625
619
618
617
615
613
611
608
607
605
603
602
600
599
598
597
595
592
589
588
585
584
582
581
577
576
678
574
656
1213
1841
1602
1462
1426
1215
1121
1453
649
914
1497
1366
1154
1800
1390
1030
1248
1877
1827
1752
1746
1717
1621
1614
1523
1175
1146
1123
1110
1048
1026
1003
1625
1273
1235
629
630
1644
1540
1528
1367
1191
1128
1049
906
620
407
474
593
572
571
568
564
562
554
552
550
541
532
530
529
522
521
519
509
499
498
485
468
466
454
447
443
429
401
396
393
386
384
382
380
379
375
372
369
365
359
349
198
173
1911
1910
1909
1906
1905
1904
1903
1902
1899
1898
1895
1892
1891
1890
1889
1887
1886
1885
1883
1880
1876
1872
1869
1867
1865
1864
1863
1862
1861
1860
1859
1856
1852
1849
1845
1844
1842
1840
1839
1837
1836
1833
1832
1830
1829
1828
1826
1823
1821
1820
1819
1817
1816
1815
1813
1810
1805
1804
1797
1796
1795
1793
1792
1791
1789
1788
1787
1785
1784
1783
1780
1775
1774
1771
1768
1765
1764
1761
1760
1757
1755
1754
1750
1749
1748
1747
1741
1737
1735
1734
1733
1732
1731
1730
1728
1727
1724
1723
1721
1718
1716
1713
1711
1710
1709
1708
1707
1706
1704
1703
1702
1701
1700
1699
1698
1696
1693
1691
1689
1685
1684
1683
1680
1678
1675
1674
1672
1671
1670
1669
1668
1667
1665
1662
1661
1659
1658
1657
1656
1654
1652
1650
1649
1648
1647
1646
1643
1641
1639
1637
1636
1635
1634
1633
1632
1627
1624
1623
1622
1619
1618
1615
1612
1611
1609
1608
1605
1603
1600
1599
1598
1597
1596
1593
1592
1590
1589
1586
1585
1584
1583
1582
1581
1580
1579
1577
1576
1575
1573
1572
1571
1570
1569
1568
1566
1564
1562
1561
1559
1558
1557
1554
1552
1550
1547
1544
1542
1539
1534
1532
1531
1529
1527
1522
1521
1519
1517
1516
1513
1509
1508
1507
1504
1502
1501
1500
1499
1498
1493
1491
1488
1486
1485
1483
1481
1480
1479
1475
1472
1471
1470
1468
1467
1465
1463
1461
1460
1459
1458
1457
1456
1452
1450
1449
1448
1447
1445
1444
1443
1441
1440
1439
1438
1437
1436
1435
1434
1433
1432
1424
1421
1419
1418
1417
1416
