0
4001
749
875
4015
3268
699
1581
2269
607
4002
3987
891
3984
674
1466
585
1145
3183
2842
1560
3650
613
11
3570
624
3453
335
18
2569
3820
3709
33
233
244
145
47
286
3808
183
3688
1586
316
2704
1326
1065
3959
3125
411
97
1760
454
899
1105
247
3582
2798
1996
3897
1856
3673
1031
2774
3795
3637
2621
2358
1855
3074
868
667
860
256
3407
4024
4008
4036
3999
4033
3996
4027
3988
4018
3981
4020
4000
3995
4004
4038
4026
3986
4009
3997
3994
4014
4031
4021
3998
3982
4030
4023
3980
4032
4005
3991
4037
4011
4003
4013
3993
3989
4017
4019
851
704
846
4022
4012
4028
744
757
743
717
864
866
858
895
881
801
3992
859
841
879
870
871
894
893
855
854
785
692
833
816
786
882
869
874
887
735
852
594
865
883
892
4035
884
790
788
877
802
721
873
798
825
691
872
867
885
776
791
890
796
740
710
700
880
702
886
725
689
746
767
761
812
690
888
878
808
811
733
821
813
715
759
707
850
756
861
836
723
876
799
782
751
863
826
789
768
742
889
844
716
843
837
822
794
771
769
736
730
722
714
712
693
839
831
818
778
765
763
762
741
737
732
729
720
856
853
849
848
847
845
842
840
838
835
834
830
829
828
827
824
823
820
819
817
815
814
810
809
807
806
805
804
803
800
797
795
793
792
787
784
783
781
780
779
777
774
773
772
770
766
764
760
758
755
754
753
752
748
747
745
739
738
734
731
728
727
726
724
719
718
713
711
709
708
706
705
703
701
698
697
696
695
694
688
687
686
750
775
4006
832
3983
4034
4010
3990
4029
3985
4007
4025
4016
911
114
447
74
3230
2596
1096
1206
3853
1119
3856
3031
2470
15
210
668
2079
3071
209
3798
358
638
287
215
2457
608
550
602
292
12
43
37
3748
3974
3451
3729
1386
1834
2195
918
3935
282
3746
42
3846
581
642
377
90
241
255
3885
1224
52
2788
2792
401
205
468
3037
179
443
1270
2691
2382
1394
1854
70
216
