777
65
183
340
496
1054
1854
2125
3985
1735
1813
1953
1991
2018
2026
2424
2848
3114
3532
3971
29
33
139
190
332
367
379
479
961
995
1083
1108
1137
1170
1201
1388
1850
1875
2315
2350
2822
3029
3034
3153
3343
3412
3655
3708
3746
3832
3835
3861
0
5
30
93
106
110
145
161
170
204
249
282
368
382
489
585
712
718
791
929
935
992
1015
1069
1164
1220
1294
1332
1511
1528
1537
1639
1866
1889
1894
1949
2242
2294
2397
2502
2625
2646
2769
2871
2962
3073
3127
3259
3265
3269
3310
3332
3443
3448
3550
3630
3696
3768
3820
3829
3892
3893
3987
38
54
201
210
220
230
232
257
284
341
360
366
369
393
511
616
668
679
729
773
938
955
960
996
1013
1043
1085
1086
1109
1126
1138
1183
1227
1257
1280
1282
1333
1375
1399
1408
1468
1555
1593
1616
1655
1660
1685
1709
1718
1730
1782
1842
1859
1954
1971
1988
2032
2036
2049
2055
2182
2187
2278
2319
2330
2348
2381
2399
2405
2435
2468
2522
2535
2547
2575
2631
2657
2768
2842
2861
2898
2927
2932
2955
2975
3037
3042
3070
3086
3157
3177
3179
3190
3196
3275
3302
3327
3366
3379
3428
3481
3485
3521
3575
3598
3619
3644
3732
3751
3762
3783
3818
3916
3957
3961
3989
3999
2
7
26
45
49
60
61
72
134
243
260
261
263
288
294
318
335
396
412
417
425
448
491
495
510
519
530
532
564
565
579
588
590
593
601
612
637
693
701
714
716
720
725
744
754
756
760
789
794
838
873
915
918
920
922
923
942
945
957
969
973
984
988
1030
1057
1081
1119
1134
1136
1141
1147
1153
1154
1177
1198
1219
1230
1269
1296
1362
1366
1373
1392
1430
1443
1447
1448
1461
1516
1530
1552
1558
1566
1572
1574
1630
1694
1702
1744
1745
1759
1783
1812
1860
1883
1884
1901
1903
1923
1936
1956
1982
1984
1990
2027
2031
2051
2137
2155
2172
2174
2196
2220
2234
2300
2313
2338
2365
2428
2429
2441
2453
2476
2506
2527
2529
2548
2559
2563
2564
2565
2628
2636
2643
2655
2676
2693
2704
2738
2754
2762
2771
2783
2804
2855
2862
2872
2882
2928
2981
3050
3060
3079
3102
3119
3133
3138
3143
3163
3174
3191
3201
3203
3218
3220
3229
3232
3238
3250
3286
3305
3328
3336
3337
3387
3396
3411
3416
3430
3431
3444
3490
3495
3507
3518
3525
3529
3538
3560
3583
3585
3595
3626
3645
3656
3680
3695
3723
3748
3801
3807
3811
3824
3864
3884
3886
3891
3894
3899
3900
3904
3913
3917
3943
3968
3974
3991
4010
4014
4018
4036
6
25
50
83
88
147
166
177
200
202
214
218
221
228
269
272
286
317
334
336
395
403
407
416
420
430
434
447
471
473
482
486
493
504
507
508
513
514
534
540
569
606
642
649
663
670
674
676
682
711
736
739
755
758
761
774
784
787
796
800
814
817
842
843
853
859
881
886
891
906
909
919
930
941
963
975
976
1004
1014
1020
1031
1037
1039
1048
1079
1098
1104
1127
1152
1158
1162
1165
1190
1192
1218
1221
1233
1248
1250
1251
1259
1284
1293
1304
1314
1321
1326
1327
1328
1336
1342
1376
1393
1417
1421
1434
1462
1474
1475
1494
1526
1534
1536
1545
1553
1576
1584
1587
1589
1590
1599
1612
1613
1622
1642
1676
1689
1692
1696
1699
1701
1710
1732
1773
1827
1838
1840
1852
1853
1857
1879
1880
1900
1909
1917
1924
1931
1943
2009
2023
2024
2033
2041
2044
2067
2087
2088
2089
2091
2098
2106
2121
2139
2166
2168
2179
2190
2216
2224
2236
2257
2260
2262
2270
2284
2297
2320
2326
2331
2355
2357
2378
2417
2425
2434
2445
2464
2475
2477
2482
2483
2497
2500
2501
2503
2510
2512
2536
2549
2550
2566
2584
2594
2599
2603
2616
2617
2618
2633
2635
2638
2639
2660
2682
2690
2710
2719
2730
2758
2785
2816
2818
2821
2833
2835
2836
2839
2845
2864
2867
2870
2873
2894
2897
2908
2911
2919
2933
2937
2943
2952
2953
2967
2968
2979
3039
3072
3080
3088
3121
3124
3162
3167
3185
3241
3242
3251
3261
3263
3279
3313
3324
3368
3372
3385
3407
3438
3475
3487
3491
3498
3508
3523
3530
3548
3564
3565
3569
3588
3616
3618
3620
3622
3625
3660
3669
3679
3681
3697
3753
3770
3775
3780
3788
3799
3802
3827
3836
3853
3869
3880
3882
3922
3925
3933
3960
3966
3972
3978
4008
4031
48
52
57
59
67
73
107
108
116
149
155
192
211
239
248
259
267
274
289
301
303
315
320
343
346
349
362
371
372
384
386
398
400
401
408
423
442
452
454
456
461
462
464
469
477
488
497
500
516
546
547
558
573
575
578
580
589
594
605
666
677
685
688
700
706
734
751
768
769
797
799
802
804
810
827
828
836
837
840
841
846
851
856
879
884
901
904
913
914
921
931
934
936
947
951
952
962
1000
1002
1010
1012
1023
1032
1056
1063
1097
1110
1115
1116
1118
1128
1130
1133
1149
1156
1180
1182
1214
1224
1226
1232
1239
1241
1253
1255
1265
1268
1274
1277
1278
1287
1302
1308
1320
1330
1346
1347
1359
1369
1372
1382
1383
1389
1395
1406
1410
1415
1427
1429
1444
1446
1470
1477
1480
1492
1493
1515
1517
1519
1538
1551
1561
1570
1578
1585
1586
1594
1600
1601
1604
1606
1607
1611
1614
1637
1644
1650
1652
1653
1657
1678
1682
1693
1700
1706
1707
1711
1714
1720
1722
1747
1760
1764
1772
1785
1788
1789
1794
1811
1818
1820
1828
1831
1839
1863
1870
1874
1906
1910
1914
1922
1935
1939
1946
1947
1952
1969
1980
1987
1989
2014
2020
2053
2076
2077
2085
2097
2102
2117
2129
2140
2144
2150
2159
2165
2171
2193
2195
2219
2254
2264
2268
2273
2280
2281
2282
2291
2305
2318
2325
2327
2328
2332
2356
2366
2380
2386
2403
2404
2412
2414
2415
2421
2455
2480
2487
2490
2491
2526
2541
2545
2555
2557
2560
2578
2598
2601
2610
2632
2644
2651
2653
2659
2664
2665
2672
2684
2700
2709
2718
2720
2723
2731
2739
2755
2770
2772
2780
2782
2793
2795
2799
2800
2811
2814
2828
2879
2888
2896
2900
2902
2914
2917
2920
2926
2935
2947
2956
2972
2983
2984
3001
3004
3012
3017
3020
3055
3057
3082
3087
3091
3096
3108
3110
3111
3125
3148
3149
3152
3160
3173
3175
3186
3189
3207
3209
3213
3215
3216
3223
3240
3252
3260
3280
3281
3283
3291
3294
3295
3303
3307
3311
3312
3314
3315
3320
3369
3382
3384
3386
3399
3414
3422
3434
3449
3450
3458
3472
3477
3483
3488
3496
3499
3509
3512
3515
3516
3517
3526
3547
3563
3578
3579
3581
3582
3586
3594
3604
3623
3629
3637
3658
3661
3662
3671
3673
3700
3705
3709
3715
3718
3722
3737
3749
3766
3789
3793
3798
3815
3821
3825
3828
3837
3844
3848
3851
3858
3866
3868
3870
3872
3878
3883
3885
3888
3890
3907
3908
3926
3927
3936
3937
3939
3942
3944
3951
3964
3981
3992
4002
4012
4013
4023
4037
4038
14
19
23
32
34
40
41
53
62
64
75
79
80
92
96
111
122
127
131
132
135
137
144
151
157
158
160
165
174
186
188
194
197
198
206
209
212
219
233
234
242
244
251
252
253
255
276
277
278
296
313
319
323
326
338
351
355
356
359
363
373
378
392
399
402
422
433
436
458
460
472
476
478
485
487
498
501
505
512
518
523
524
533
543
545
555
584
587
607
613
620
623
635
638
647
648
655
657
671
672
684
691
704
705
707
715
730
746
753
803
807
822
829
844
845
848
849
862
878
887
890
898
925
943
954
970
974
977
980
985
998
1016
1025
1060
1064
1072
1073
1078
1082
1089
1112
1114
1123
1146
1174
1176
1193
1196
1199
1200
1205
1211
1216
1245
1249
1256
1264
1276
1315
1325
1337
