0
233
215
15
775
891
3808
4015
4012
4008
3570
3984
3955
3688
1176
2470
2079
255
301
336
3407
607
305
608
253
138
81
3820
37
11
1270
1096
699
4035
3268
49
3987
256
884
717
721
743
704
802
733
796
836
854
808
789
725
712
702
689
742
736
4036
866
874
873
893
869
846
851
812
784
778
770
711
864
800
838
837
766
760
715
861
782
832
734
807
783
769
763
701
853
847
829
795
773
762
723
695
843
797
759
739
705
687
855
852
850
849
848
845
844
842
841
839
835
834
833
831
827
826
824
822
821
820
819
818
817
816
815
814
813
810
809
806
801
799
794
793
792
791
790
788
787
786
781
780
779
777
776
774
772
771
768
767
765
764
761
758
757
756
755
754
752
751
750
749
748
746
744
741
740
738
737
735
732
731
730
729
728
727
726
724
722
720
719
718
716
714
713
710
709
708
707
706
700
697
696
694
693
692
691
690
688
2528
2263
3807
3582
3879
3854
3653
3678
3632
3997
3990
4037
3999
3996
4009
3994
3981
4026
4000
3989
4030
4017
3982
3942
895
894
892
890
889
888
886
885
883
882
881
880
879
878
877
876
875
872
871
870
867
863
859
858
856
840
830
828
825
823
811
805
804
803
798
753
747
745
703
686
3704
2621
2431
2178
3875
3619
3588
3671
3890
3809
3708
3787
3789
3720
3946
3812
3641
3763
3843
3977
3917
3567
3878
3499
3483
3848
3815
3500
3539
3519
3476
3957
3701
3675
3465
3870
3768
3939
3580
3657
3595
3664
3793
3564
3622
3947
3782
3639
3602
3903
3896
3711
3511
3509
3864
3599
3792
3584
3531
3825
3479
3933
3766
3587
3508
3927
3752
3459
3726
3634
3956
3764
3724
3668
3460
3443
3909
3569
3486
3951
3593
3468
3863
3662
3624
3868
3725
3904
3742
3918
3850
3791
3773
3644
3590
3536
3932
4020
4004
4038
4034
4033
4032
4029
4028
4027
4025
4024
4023
4021
4019
4018
4016
4014
4013
4011
4007
4006
4005
4003
4002
4001
3998
3995
3993
3991
3988
3986
3985
3983
124
112
3269
3375
2998
3722
3876
3867
3840
3835
3802
3728
3713
3710
3482
3455
3747
3610
3522
3505
3785
3915
3869
3601
3561
3568
3940
3457
3695
3669
3560
3516
3467
3542
3707
3565
3913
3737
3485
3805
698
3670
3979
3891
3888
3576
3512
3703
3557
865
2014
2565
2168
2106
2219
1961
2632
2456
1934
2535
2008
2450
2422
2375
2100
2320
2114
2119
2105
2548
2439
2487
2152
2558
2321
2614
2204
1960
2357
1937
2017
2255
2650
2515
2486
2418
2265
2360
2286
2173
1930
2454
2371
2197
2162
2091
1974
2307
2236
2393
2488
2025
2622
2493
2341
1915
2213
2020
2539
2469
2258
2121
3978
3976
3975
3973
3972
3970
3969
3967
3965
3964
3963
3960
3959
3958
3954
3953
3952
3949
3945
3941
3937
3936
3935
3931
3925
3924
3923
3922
3921
3920
3919
3916
3914
3912
3911
3910
3907
3906
3905
3901
3900
3899
3898
3897
3895
3894
3893
3892
3887
3885
3883
3882
3881
3880
3874
3871
3866
3865
3862
3861
3860
3859
3858
3857
3856
3855
3853
3852
3849
3847
3846
3844
3837
3836
3834
3833
3832
3829
3827
3826
3823
3822
3821
3819
3818
3816
3814
3813
3811
3810
3806
3803
3801
3799
3798
3794
3786
3784
3783
3781
3778
3777
3776
3775
3774
3772
3771
3770
3769
3767
3765
3762
3761
3759
3758
3757
3755
3754
3753
3751
3749
3746
3745
3744
3743
3740
3739
3738
3735
3733
3732
3731
3730
3729
3727
3719
3718
3717
3716
3715
3714
3712
3709
3706
3705
3700
3699
3698
3696
3694
3691
3690
3686
3685
3682
3681
3680
3679
3676
3673
3666
3665
3663
3661
3660
3659
3658
3655
3654
3652
3649
3648
3647
3646
3645
3643
3642
3640
3638
3637
3636
3635
3631
3630
3629
3628
3627
3626
3623
3620
3617
3616
3615
3614
3613
3612
3608
3607
3606
3603
3600
3598
3597
3594
3591
3589
3585
3583
3581
3579
3575
3572
3571
3566
3562
3558
3555
3554
3553
3552
3551
3549
3546
3544
3543
3541
3538
3537
3535
3534
3532
3530
3529
3528
3524
3523
3518
3515
3513
3510
3507
3506
3503
3502
3498
3497
3494
3493
3490
3489
3487
3481
3478
3477
3474
3473
3472
3470
3469
3466
3464
3463
3458
3453
3450
3447
3446
3445
3444
3442
3441
3439
351
4031
3980
595
581
627
670
662
600
599
582
577
659
650
640
615
589
677
216
1950
2157
2050
2000
1958
2645
2346
2633
2620
2061
1980
2205
2082
35
296
157
293
174
2452
2660
2583
2476
2291
2272
1965
2296
2659
2297
1951
1919
2524
3317
2884
3408
3322
3126
3147
3354
3421
3197
2886
3270
3157
2918
3368
3063
3251
3376
3131
2732
2751
3413
2882
3127
2774
3080
2837
3044
3037
2691
3088
3045
2723
3352
3013
3112
3141
3424
3383
2736
3314
3163
2852
2850
3073
3153
3194
3220
3092
2726
3075
2808
3400
3036
2981
2840
3402
3167
2832
2990
2809
2680
3423
2982
3430
3234
3052
2827
2846
2865
2924
2743
2683
3195
3158
2953
2915
2907
2873
2763
3341
2959
3324
3301
3085
3054
2986
2911
2777
3305
3256
3134
2762
3096
2988
2866
2782
2689
2676
3348
3284
3232
3226
3142
3029
2931
2919
2916
2909
2877
2872
2862
2839
2815
2786
2773
2694
3104
2819
3274
2871
3337
2727
2690
3215
2772
2939
3416
3247
3206
3188
3076
2844
2765
2856
2714
3310
2949
3224
3070
2936
3276
3396
2992
2823
2701
3072
3010
3344
3298
2875
2783
2923
2362
2182
2426
2401
2579
2278
2136
2118
2030
2230
2655
2638
2631
2624
2602
2590
2586
2564
2554
2550
2546
2520
2506
2485
2446
2427
2391
2387
2376
2352
2339
2257
2216
2210
2201
2172
2140
2108
2098
2095
2088
2074
2056
2045
2040
1989
1962
1953
2531
2400
2116
2637
2628
2480
2145
1969
2274
1970
2151
2226
2612
2566
2416
2403
2397
2366
2361
2335
2310
2186
2175
2126
2036
1990
1936
2304
2163
2646
2537
2211
2092
2652
2572
2390
2215
2110
1987
2259
2174
2625
2619
2578
2563
2561
2491
2489
2478
2460
2423
2395
2369
2367
2334
2306
2280
2271
2206
2165
2142
2093
2064
2063
2043
2033
2005
1985
1938
3335
3308
3259
3107
3081
2984
3343
2678
3391
3291
3240
3106
3046
2996
2937
2793
2720
3304
3264
3171
2932
3203
3027
3358
3292
3405
3379
3334
3285
3255
3191
3144
3068
3011
2900
2836
2739
2730
2711
3246
3159
3154
2934
2820
2721
3320
3297
3280
3252
3113
3060
3051
3035
3021
2881
2863
2828
2781
3018
2737
2724
2812
1394
3605
3578
3574
3559
3488
3462
3452
3845
3838
3790
3780
3674
3527
3702
3689
3966
3926
3902
3817
3736
3672
3563
3526
3521
3491
3471
3930
3839
3547
3504
3683
3928
3841
3828
3804
3788
3760
3693
3692
3687
3656
3533
3514
3480
3438
3886
3779
3618
3611
3540
3492
3950
3573
3525
3520
3496
3968
3889
3873
3842
3800
3796
3625
3604
3517
3484
3475
3449
3971
3962
3944
3938
3934
3929
3908
3884
3831
3830
3824
3756
3750
3734
3697
3667
3596
3548
3545
3461
3448
3440
857
3948
3872
3621
3592
3586
3577
3456
868
1253
1071
2544
2468
2368
2293
1913
1002
1354
1034
612
588
664
685
611
619
605
603
660
663
1713
616
2658
2657
2656
2654
2651
2648
2644
2643
2641
2639
2636
2634
2630
2629
2627
2626
2623
2618
2615
2613
2611
2610
2609
2608
2607
2606
2605
2604
2603
2601
2600
2599
2596
2595
2594
2593
2591
2587
2585
2584
2582
2581
2580
2577
2576
2575
2574
2573
2570
2568
2562
2560
2559
2557
2556
2553
2552
2551
2549
2545
2542
2540
2536
2534
2533
2532
2527
2526
2525
2523
2522
2521
2519
2518
2517
2514
2513
2507
2505
2504
2503
2501
2500
2499
2497
2496
2495
2494
2492
2490
2484
2483
2482
2481
2479
2477
2474
2473
2467
2466
2465
2464
2462
2459
2455
2453
2449
2448
2445
2444
2443
2442
2441
2440
2438
2437
2435
2434
2433
2432
2430
2429
2428
2425
2424
2421
2417
2415
2414
2413
2412
2411
2410
2409
2408
2407
2406
2405
2404
2402
2396
2392
2389
2388
2386
2383
2382
2381
2380
2379
2377
2374
2373
2370
2365
2363
2359
2358
2356
2355
2354
2353
2350
2349
2348
2345
2342
2340
2331
2330
2329
2326
2325
2324
2323
2322
2318
2317
2316
2314
2313
2312
2311
2309
2308
2305
2303
2301
2300
2299
2298
2295
2294
2290
2288
2287
2281
2277
2276
2275
2273
2270
2262
2261
2260
2256
2254
2253
2252
2251
2249
2248
2247
2245
2244
2243
2242
2240
2238
2237
2235
2234
2233
2232
2231
2229
2228
2227
2225
2224
2222
2221
2220
2218
2217
2214
2212
2209
2208
2207
2202
2200
2198
2195
2193
2192
2191
2190
2188
2187
2184
2181
2179
2177
2171
2170
2167
2166
2164
2161
2160
2159
2158
2156
2154
2150
2147
2146
2141
2139
2137
2131
2130
2129
2124
2123
2122
2120
2115
2113
2112
2109
2107
2104
2103
2101
2099
2097
2096
2094
2090
2089
2086
2085
2084
2083
2080
2078
2077
2076
2075
2073
2070
2069
2067
2066
2062
2060
2059
2058
2057
2055
2051
2049
2048
2046
2044
2041
2037
2035
2034
