0
4003
704
859
608
90
3589
18
1119
2079
3183
447
3856
642
255
2565
801
4010
3983
4036
692
785
880
790
894
743
4028
4034
3748
1145
1834
3798
11
2457
3709
624
602
668
3230
918
1581
215
911
3746
3268
3407
282
33
1224
401
205
443
2788
70
1262
279
3704
3282
1395
1065
1558
1586
383
386
904
3560
3691
76
1252
207
3597
191
1546
448
2817
1937
673
1651
3588
3953
2971
193
1607
3059
1579
34
3678
3795
3429
3370
63
2902
3333
3323
1202
3905
3572
3398
2051
328
230
865
270
1194
49
179
241
3846
145
244
581
892
891
846
3999
749
883
4029
4001
868
775
875
699
3987
4015
4008
735
757
860
744
3984
4024
864
884
852
854
841
4035
886
870
832
893
750
4007
4012
813
690
816
725
700
791
796
874
871
881
825
798
887
895
879
594
866
851
877
717
855
4022
686
687
688
694
695
696
697
698
701
703
705
708
709
711
713
718
719
724
726
727
728
731
734
738
739
745
747
748
752
754
755
758
760
764
766
770
773
774
778
779
780
781
783
784
787
792
793
794
795
797
800
803
805
807
810
814
815
817
818
819
820
822
823
824
827
828
829
830
834
835
840
842
845
847
848
849
853
856
693
706
720
736
737
741
772
777
789
806
809
831
838
839
712
714
753
762
768
771
804
844
732
765
769
799
833
722
729
730
763
716
837
843
742
826
889
723
751
782
836
863
876
715
850
861
759
878
888
707
756
786
811
821
746
808
882
761
689
812
702
767
733
710
740
890
869
776
867
885
691
872
721
873
802
858
788
3989
4033
4032
4006
4013
4011
3996
3992
4005
4016
4020
4037
3991
4025
3990
3980
4023
4030
3982
4031
4021
3998
4014
4009
3994
3997
4004
4026
3995
3986
3981
4038
4017
4019
4000
3988
4018
4002
4027
3985
3993
585
2470
15
3071
3729
674
74
550
2269
114
210
2842
1386
638
358
2569
1096
1466
12
1206
1560
209
335
3451
2596
292
3570
3935
607
3453
613
3974
3853
3820
3031
2195
287
37
43
3650
233
42
256
286
47
377
3037
3885
2792
2691
3875
52
468
1270
3808
1854
379
160
1394
154
3854
3807
648
1176
1755
3732
2382
1326
3134
3922
2541
153
2740
1233
267
1967
35
3408
1690
216
3688
305
3125
138
3942
1276
2857
2704
2814
1430
3006
183
2595
1046
3959
3879
316
234
182
81
1627
1208
2483
1027
301
97
3801
157
411
253
356
1693
1071
1253
155
1760
2168
899
3717
3744
71
3733
112
293
1002
454
1105
247
294
2808
667
228
61
3413
2178
3816
1353
2975
2714
2527
571
2722
2481
656
660
336
3811
3955
3689
240
3928
3699
2922
2860
499
2952
321
3467
2998
2442
1034
3575
1362
3582
2380
164
192
174
2798
3375
3954
2106
307
2204
3121
453
552
124
327
3565
572
166
3946
1996
467
3781
220
384
120
3537
1890
3003
201
262
202
3147
1383
3619
3897
3939
2441
530
652
3978
1713
2885
2838
206
1969
3673
3143
1200
3910
2855
3686
3653
3952
289
1762
190
3965
1022
1031
3127
3494
2963
406
996
2774
3055
1510
945
3887
3865
1474
288
125
3765
3074
3271
2437
1856
110
3544
1797
264
472
3742
3882
1442
3637
3676
3444
1711
910
3849
283
2505
1657
464
351
245
219
3290
3694
1776
1264
3925
3227
3839
1486
1157
3606
3805
2219
1057
649
1455
3844
3489
2980
2422
2230
1295
929
2634
250
349
3787
95
27
1476
1417
2431
593
1777
46
2736
562
371
2015
1038
671
2167
147
610
235
485
1147
152
3310
2692
498
3305
3890
1346
1133
6
1240
1354
77
269
3477
2671
3848
3665
3513
3751
3091
3661
1254
3970
3745
3727
3441
2824
3963
2776
229
2721
1664
8
1838
86
3749
3270
2100
2884
1263
476
390
3724
3217
3893
3660
1297
3161
365
32
340
117
2899
1168
987
91
655
3447
3432
44
3806
259
3859
2421
1792
2375
1301
3936
3044
1521
533
102
163
2017
1855
2388
3977
3632
3372
2580
2358
1759
1151
319
2621
1924
2517
2493
89
3669
2767
3175
1498
3457
3923
3700
3812
2321
1974
2732
3181
3864
3813
2528
3961
3911
3652
937
3904
167
3908
2651
2256
1372
263
2094
1654
131
3771
549
296
64
1961
3789
237
3716
3216
480
3941
3094
1701
208
2263
532
393
2930
3916
2752
1552
317
3317
3180
51
3600
3336
3165
3445
3424
2632
2456
83
3436
2008
1087
2034
586
347
300
3159
1058
985
3389
657
311
3552
2811
2245
621
189
151
129
2227
3834
679
260
126
3548
3899
3131
3045
1956
243
2805
3504
338
501
441
3502
1731
935
3901
3251
2799
3772
3914
3626
3322
534
3723
3607
2041
399
2903
437
60
3932
564
3197
2182
3754
3530
1248
3814
3235
1414
478
1640
221
3775
2175
923
3827
3585
2898
54
3755
3126
2893
