107
1912
1684
3437
483
2694
3397
0
475
1235
2875
3090
686
348
3838
805
1876
3239
1347
376
3611
2867
1703
21
1893
3132
1606
713
3468
261
1549
3545
3540
1338
724
2004
332
555
2781
3415
3248
1709
954
3906
694
428
3670
2994
1085
3933
1975
1770
3980
3395
2648
1018
963
277
787
615
1424
1136
3198
3947
404
592
2365
2171
3553
747
1155
3063
2152
1441
1356
274
898
3431
3488
2738
3466
3288
3743
527
3968
3713
14
1656
597
3394
3233
242
3976
1729
3259
1496
3319
236
1848
2025
492
773
845
3065
3801
3866
1866
695
3864
2813
2907
3955
495
3822
3825
3669
3633
20
3123
481
1910
1505
232
3340
1526
2724
171
3412
838
3890
1158
3908
3194
2490
3994
2685
2972
197
298
3470
3555
3629
3785
3124
3917
3072
1010
3221
1862
3306
1072
2050
3038
400
239
1258
584
329
827
930
933
513
3863
457
675
3752
2918
299
1089
3501
230
1299
3918
2792
3066
3200
2527
1814
2089
2628
851
859
3986
876
2313
2016
956
575
3025
2914
1217
842
3711
3649
455
1418
840
308
677
1666
1514
313
3054
3307
3782
3631
863
811
2335
3237
3517
1882
3422
2785
3873
4011
3673
281
760
296
33
901
3447
3698
3445
410
3844
312
1279
2767
3432
532
383
1002
1693
1368
1521
2545
2480
866
714
225
2214
1858
2349
1933
1061
2595
1065
618
3333
2797
1812
3060
2870
3463
1895
3604
88
2705
658
246
3499
2773
51
141
3253
2676
4009
72
633
3831
839
2816
643
3322
397
1543
2832
3139
3265
1275
3538
3624
884
908
3702
2737
3964
2
534
1108
3462
721
321
167
3849
255
3780
3703
2840
358
447
2930
3134
2975
2982
3269
979
1251
1476
2558
2610
891
4021
3963
889
864
2443
1544
2160
1641
1713
928
2100
3229
3105
2824
445
3656
57
2739
3642
620
1152
722
3092
2984
3823
2640
651
129
206
3446
2929
588
595
1452
1841
3304
3828
2871
3315
3651
810
1349
1681
3868
498
1615
1960
1415
679
1699
2753
543
3160
3616
733
1909
2014
2577
3700
3850
405
1655
2647
3958
3867
3515
417
240
466
557
3369
200
3950
3708
751
310
192
1935
673
1226
3467
73
3043
138
61
594
418
16
3163
3251
2714
377
3428
2678
3266
1386
2204
2281
1838
2505
1924
2130
2656
1401
2432
2529
691
858
4028
4036
3910
3847
806
757
2175
2403
2256
1748
2008
1202
1762
2632
1203
1208
1949
2752
3270
2903
2998
612
2902
133
3262
3829
1801
177
3852
394
205
3621
2690
2159
3815
2844
3776
2741
1303
1454
3416
121
1098
3273
1129
3179
3331
570
1433
1360
723
3489
3970
3718
2803
1113
3406
1519
688
3039
3807
3522
871
43
2405
2486
1137
1403
3241
2725
647
3007
194
3769
67
720
3473
434
958
3536
512
3855
1044
3859
770
755
162
81
1333
2667
551
3402
2703
3654
569
3558
510
3138
1529
3887
3871
3774
3724
3630
3069
3245
3249
40
3856
1743
586
3745
83
12
4
3388
3514
64
549
294
3701
316
163
260
585
454
2971
3183
552
356
530
3161
3429
3217
2178
2195
2596
2017
1890
2548
1562
2186
2476
2522
2330
3941
4025
3992
3959
873
867
852
717
707
190
1069
2085
2031
2091
1930
1936
2181
2105
2424
985
1383
2301
1788
3436
2997
667
3175
3003
2721
3336
2952
345
148
2911
237
3526
3707
3949
807
3272
70
193
3668
3931
1307
108
139
144
3539
3659
1592
3625
2009
718
3568
2728
3680
3257
662
1837
1853
813
3655
3591
706
3148
3379
367
482
176
158
3015
639
49
3764
645
48
1450
169
1294
3646
3308
3405
1084
818
3716
3929
1616
1259
736
766
4014
4004
4003
3997
3784
743
1501
1337
1154
1443
1030
2941
125
2980
3061
2935
3325
655
2799
1481
1400
1310
3750
693
708
2759
2192
3663
503
1223
1631
1806
1650
2731
684
3898
1062
2733
3400
4038
3914
3816
3798
3570
3565
1039
907
1422
1088
1000
1892
1372
1031
424
132
420
1884
2812
1815
82
3442
644
3637
3585
3544
210
1965
1990
390
2801
3902
3924
3789
3685
854
267
95
58
3050
659
3048
219
42
2868
3019
327
3787
301
35
613
250
393
401
386
3271
3147
2776
3398
663
1264
2470
1119
1145
1546
1252
1937
1353
2263
1023
2580
1342
1266
2497
2252
2312
872
883
3987
4008
3995
3981
3953
3537
878
2445
2557
2581
1411
1055
2650
1008
1992
1248
3352
1297
1295
2710
1105
2826
2879
437
2857
2814
2761
105
100
1794
2924
151
3603
3876
2006
1976
32
326
3578
214
3523
3975
3075
477
3210
931
710
1828
3786
2701
3341
421
94
2967
1677
2818
1556
777
2715
3889
188
3162
1739
3693
847
1802
1648
786
788
861
3503
3657
3795
3982
362
3327
478
783
3145
1500
1724
3180
1369
1234
2413
771
3951
3837
3675
3346
3948
3021
2884
4022
4019
4000
3998
3974
3928
3600
3451
775
201
154
145
1883
991
1263
1093
1977
1731
2360
1455
1640
1792
3329
2968
2735
3133
448
2963
290
3424
249
5
