0
4027
873
3935
282
3570
155
602
613
1755
721
892
891
1145
1395
642
193
1466
441
70
593
918
1713
3230
3974
3408
3748
692
356
552
3269
1065
1354
1096
292
453
607
1119
1430
3807
183
287
2714
2885
288
585
307
1474
4035
3853
2470
2195
215
4016
3704
3885
2178
377
179
3811
4036
234
499
112
316
2842
3589
4029
205
2380
3653
90
3227
253
97
230
802
879
866
707
704
806
791
691
775
702
732
689
767
717
888
895
881
858
710
785
836
796
799
700
765
822
854
813
833
816
742
751
770
786
855
852
839
821
801
795
794
793
790
789
788
783
771
757
749
746
744
740
735
725
714
712
711
699
693
803
808
763
758
809
720
701
716
772
768
762
760
756
755
737
733
722
810
798
773
754
752
690
797
759
861
894
871
893
886
804
847
727
851
849
846
845
835
826
812
741
723
705
696
853
844
843
837
831
829
827
815
807
766
764
761
745
718
715
697
695
877
869
856
820
739
738
688
811
889
729
850
848
842
834
818
817
814
800
784
782
780
778
777
748
736
734
731
726
706
840
824
819
747
730
724
686
880
838
823
792
787
781
779
728
719
709
694
687
859
890
884
882
878
876
870
868
867
864
863
830
828
825
805
776
774
769
753
713
708
703
885
874
872
698
887
875
743
841
832
750
883
860
3990
4003
4013
4020
4004
4007
3992
3986
3985
4023
4018
3997
4028
4019
3981
4009
3988
4030
3995
4038
4037
4034
4032
4031
4026
4025
4024
4022
4021
4017
4014
4012
4011
4005
4002
4001
3999
3998
3996
3994
3993
3987
3983
3982
4000
3980
4033
3991
3989
4008
594
3984
4010
4006
4015
3537
3787
3745
3893
3965
3871
3606
3963
3580
3666
3699
3890
3566
3925
3486
2113
2505
2167
2204
2119
1915
3121
3063
2857
3413
3143
2798
3044
2855
3644
3685
3952
3844
3686
3637
865
3489
3724
3958
3598
3530
3769
3664
3607
3751
3801
3749
3473
3806
3746
3976
3482
3671
3620
3901
3789
3870
3643
3896
3678
3535
3727
3914
3855
3507
3717
3698
3850
3924
3615
3910
3837
3476
3465
3866
3494
3939
3536
3665
3708
3579
3519
3739
3631
3584
3720
3840
3735
3636
3472
3892
3541
3447
3459
3732
3543
3711
3493
3663
3696
3641
3500
3446
3562
3481
3975
3899
3836
3759
3818
3623
3917
3868
3857
3595
3961
3874
3819
3445
3441
3499
3639
3826
3714
3862
3894
3662
3546
3524
3594
3964
3960
3920
3783
3776
3766
3972
3761
3652
3945
3823
3777
3680
3612
3583
3554
3937
3881
3726
3515
3969
3900
3822
3718
3569
3876
3827
3608
3956
3859
3936
3907
3802
3778
3773
3753
3599
3508
3470
3932
3647
3616
3513
2722
2527
1922
3539
3511
3505
3487
3951
3947
3869
3591
3506
3619
384
2424
2439
2051
2450
2217
2595
2651
2634
2534
2513
2444
2277
2503
2558
2251
2227
2100
2545
2076
2535
2094
2358
2349
2238
2015
1949
2070
2437
2168
2341
2173
2236
2402
2120
2034
2565
2486
2426
1992
1936
2301
2587
2488
2360
2049
454
393
2014
2207
2097
2648
2365
2013
1957
2657
2645
2022
1950
2633
2435
2297
2284
2202
1973
1935
2570
2411
2427
2147
2352
2311
2179
2126
2146
2412
2160
2156
2321
1996
2644
1960
2577
2397
2455
2008
2656
2517
2192
1928
1927
2016
2012
1958
2044
2627
2620
2001
1980
1968
2033
2504
2490
1924
2045
2638
2370
2290
2123
2122
2115
2083
1962
2607
2140
2056
2393
2262
2019
2454
2309
2234
2371
2035
2631
2499
2201
1925
2060
2186
2085
2316
2011
2265
1961
2524
3105
3083
3383
3053
3229
3153
3372
2888
3215
2963
2663
3281
3323
3147
2817
2774
3138
3110
3428
3095
2792
2935
3368
2983
2699
3092
2933
2978
3425
3401
3338
2805
3251
3180
2930
2841
3155
2670
2807
3128
3382
3311
3309
2980
3271
3200
3141
3122
2799
2789
3317
2794
3333
2727
3216
2709
3389
3236
2865
3418
3400
2821
3392
3231
3045
2899
3208
2723
3300
3130
3234
2891
2695
3193
3423
2972
3023
3414
3093
2751
3146
3427
3255
2667
3416
2765
3297
3058
2970
2846
2770
3352
3015
3349
2690
2702
2965
3409
2843
3357
2791
2955
3362
3166
3119
2862
3301
2907
3137
3073
2981
2683
3052
2745
2806
2766
2743
2993
2946
2852
3417
3226
3163
3026
2890
2880
2850
2763
2756
2866
3399
3047
3025
3010
2910
2835
3324
3220
3135
3129
3065
3004
2912
2872
2854
2839
2738
2717
2680
2864
2754
3232
3085
3080
2927
2905
2873
2669
3426
3384
3348
3250
3149
3108
3104
3096
3090
3029
3022
2986
2969
2960
2920
2908
2897
2786
2777
2698
2847
3370
3192
3027
2718
2712
3170
3039
2936
3259
3276
2832
3434
3419
3267
3116
3345
3280
3277
3017
2853
2785
2696
3133
2942
2904
2901
2802
2900
3420
3207
3072
3007
3272
3421
3321
3274
2990
2692
3275
2697
2797
2868
2844
2787
3365
2803
2604
2553
2464
2212
2037
1966
1946
2493
1995
1974
2506
2221
2287
2585
2009
1921
1919
2531
3369
3264
3156
2795
2783
2762
3335
3327
3214
2954
2858
2700
2856
3310
3795
3934
3574
3928
3575
3542
3520
3940
3452
3553
3526
3770
3645
3601
3555
3497
3477
3799
3635
3911
3898
3700
3691
3560
3516
3467
3518
3660
3785
3707
3603
3576
3565
857
3843
3825
3764
3617
3564
3469
3468
3752
3558
3474
3772
3828
3970
3521
3457
3897
3736
3703
3913
3702
3492
3731
3730
3488
3737
3661
3891
3804
3627
3557
3450
3889
3860
3640
3527
3471
3522
3839
3592
3504
3484
3979
3977
3973
3967
3959
3957
3954
3953
3949
3946
3941
3933
3931
3926
3923
3922
3921
3919
3918
3916
3915
3912
3909
3906
3905
3903
3902
3895
3887
3883
3882
3879
3867
3865
3864
3863
3856
3854
3848
3846
3838
3835
3834
3833
3832
3829
3821
3817
3815
3814
3813
3812
3810
3809
3805
3803
3794
3793
3792
3791
3790
3788
3786
3784
3782
3781
3775
3774
3771
3768
3767
3765
3763
3762
3760
3758
3757
3755
3754
3747
3744
3743
3742
3740
3733
3728
3725
3722
3719
3716
3715
3713
3712
3710
3709
3706
3705
3701
3695
3690
3682
3681
3679
3676
3675
3673
3670
3669
3668
3659
3658
3657
3655
3654
3649
3648
3646
3638
3634
3632
3630
3629
3628
3626
3624
3622
3614
3613
3610
3605
3602
3600
3593
3590
3588
3587
3585
3581
3578
3572
3571
3568
3567
3551
3549
3547
3540
3538
3534
3532
3531
3529
3528
3523
3514
3510
3509
3503
3502
3498
3491
3490
3485
3483
3479
3478
3466
3464
3461
3460
3458
3455
3453
3451
3443
3442
3439
3265
3253
3188
3132
2939
2674
3398
2823
2971
2540
2182
2654
2624
2574
2520
2443
2418
2387
2381
2356
2329
2257
2190
2164
2118
2108
2020
1984
1943
1918
2630
2606
2600
2586
2575
2563
2561
2526
2521
2507
2500
2489
2485
2446
2414
2410
2408
2386
2369
2339
2331
2299
2275
2271
2206
2172
2136
2131
2121
2112
2095
2093
2086
2046
2030
1997
1979
1953
2210
2462
2335
2286
2231
2208
2205
2107
2080
2023
1990
1975
2625
2602
2601
2573
2559
2556
2550
2539
2482
2354
2340
2276
2150
2088
2064
2040
2021
1985
3904
3496
3463
3444
3880
3642
464
379
631
647
576
643
665
632
599
583
582
670
627
675
578
577
684
633
603
588
2659
2658
2655
2650
2646
2641
2639
2636
2632
2628
2626
2622
2621
2619
2618
2615
2614
2613
2593
2591
2590
2580
2579
2578
2568
2566
2564
2562
2554
2552
2551
2549
2548
2546
2541
2532
2528
2523
2515
2514
2497
2495
2492
2487
2484
2483
2481
2477
2474
2469
2467
2466
2460
2456
2453
2452
2448
2442
2441
2433
2431
2430
2428
2423
2422
2421
2407
2405
2404
2403
2401
2392
2391
2388
2376
2375
2374
2373
2363
2361
2359
2357
2353
2348
2346
2342
2334
2326
2324
2323
2320
2317
2314
2313
2308
2307
2306
2305
2300
2288
2281
2270
2263
2261
2260
2258
2255
2253
2248
2245
2244
2237
2233
2230
2229
2225
2220
2219
2216
2213
2200
2197
2193
2188
2184
2181
2171
2170
2165
2162
2159
2158
2154
2152
2139
2130
2129
2124
2109
2106
2105
2104
2103
2098
2091
2090
2089
2084
2082
2079
2078
2077
2074
2073
2069
2066
2063
2061
2059
2055
2050
2043
2041
2025
2017
2006
2005
2000
1999
1993
1989
1988
1986
1983
1978
1977
1971
1963
1956
1952
1951
1938
1937
1934
1933
1931
1930
1929
1917
1914
667
685
598
597
678
636
654
618
612
673
480
407
399
429
541
498
468
568
386
218
4
182
564
347
229
46
2647
2583
2494
2364
2337
1998
1991
1976
192
300
178
126
260
344
91
258
44
682
663
644
619
579
433
2278
2379
2350
2576
2560
2478
1982
2367
2536
2345
2544
2612
2525
2416
2318
2291
2272
2214
2211
2175
2166
2048
2479
2310
2177
2062
2029
2660
2640
2571
2538
2447
2378
2249
2157
2027
2024
2018
2004
1972
2389
2572
2274
2252
2228
2110
2099
2611
2584
2476
2449
2395
2266
2142
2637
2480
2425
2366
2362
2145
2114
2610
2581
2296
2209
2002
2226
2155
2635
2557
2440
2406
2322
2256
2242
2232
2185
2141
2036
1965
1944
2537
2330
2312
2203
2031
2502
2243
1939
2529
2519
2459
2400
2239
2169
2116
2057
2465
2429
2377
1981
2603
2522
2250
2143
1994
2599
2458
2398
2304
2280
2161
2096
1923
2605
2543
2298
2273
2163
2111
2623
2589
2567
2473
2409
2383
2325
2303
2285
2259
2240
2218
2134
2092
2067
2058
1964
1942
2652
2594
2518
2436
2432
2415
2396
2394
2390
2264
2241
2222
2117
2075
2003
1970
1959
1955
1926
2653
2649
2597
2472
2438
2434
2384
2338
2328
2302
2235
2224
2215
2128
2072
1987
1948
1940
3302
3378
3261
3225
3060
2686
3405
3061
2768
2720
2685
3328
3005
2968
2826
3396
3288
3247
3089
3035
2661
3411
3046
2778
2999
2688
3240
3182
3145
3140
3070
3038
2976
2973
2672
3242
3124
3343
3351
2894
2875
2733
2708
3377
3356
3210
3203
3177
3176
3113
3062
2737
2730
2711
2836
2818
3057
2760
3436
3435
3433
3431
3430
3429
3424
3415
3410
3403
3402
3394
3393
3391
3390
3388
3387
3381
3380
3376
3375
3374
3371
3367
3364
3363
3359
3354
3344
3341
3340
3339
3337
3336
3334
3332
3330
3329
3326
3325
3322
3318
3316
3315
3314
3313
3312
3308
3307
3305
3303
3298
3294
3293
3287
3286
3285
3284
3283
3282
3279
3270
3268
3266
3262
3260
3258
3257
3256
3254
3249
3246
3243
3241
3239
3238
3237
3235
3228
3224
3223
3221
3219
3218
3217
3213
3212
3211
3209
3206
3204
3202
3199
3198
3197
3196
3195
3194
3190
3187
3186
3185
3184
3181
3178
3173
3172
3171
3169
3167
3161
3160
3158
3157
3152
3150
3144
3142
3139
3131
3127
3126
3125
3123
3117
3115
3114
3112
3109
3107
3103
3102
3099
3098
3097
3094
3088
3084
3081
3078
3076
3075
3074
3071
3068
3067
3066
3064
3059
3055
3054
3050
3049
3048
3043
3042
3041
3040
3037
3034
3032
3031
3030
3028
3024
3021
3020
3016
3014
3013
3012
3008
3000
2998
2997
2996
2994
2992
2991
2988
2987
2985
2984
2982
2977
2975
2974
2967
2966
2959
2957
2956
2953
2952
2949
2948
2945
2944
2943
2941
2940
2937
2932
2931
2929
2928
2926
2923
2922
2918
2917
2914
2913
2911
2909
2906
2902
2898
2896
2895
2893
2889
2887
2886
2884
2882
2881
2879
2878
2877
2876
2874
2871
2869
2867
2863
2861
2860
2859
2851
2848
2840
2837
2834
2831
2828
2827
2820
2819
2816
2812
2811
2810
2809
2804
2801
2800
2796
2790
2784
2780
2779
2776
2775
2773
2772
2771
2769
2767
2761
2759
2758
2755
2750
2749
2748
2747
2744
2741
2736
2735
2732
2731
2729
2726
2721
2715
2710
2706
2705
2704
2703
2701
2694
2689
2687
2684
2681
2679
2675
2673
2671
2668
2666
2665
945
3422
3397
3360
3347
3342
3299
3291
3252
3201
3151
3120
3106
3101
3087
3082
3051
3009
2989
2921
2870
2849
2833
2793
2753
2742
2716
2713
3395
3358
3353
3306
3292
3189
3148
3136
2964
2950
3404
3296
3174
3056
3036
3033
2961
2925
2924
2919
2916
2915
2815
2782
2757
2746
2676
2664
3412
3379
3346
3273
3191
3162
3159
3069
2830
2829
2739
2728
2724
2662
3366
3350
3320
3118
3018
2958
2781
2719
2682
3373
3244
3091
2947
2824
3295
3233
3154
3086
3077
3002
3001
2995
2951
2934
2845
1967
1777
534
485
1264
3432
2825
2813
2616
2609
2516
2471
2468
2463
2461
2445
2419
2417
2413
2368
2355
2344
2343
2295
2283
2194
2180
2153
2144
2138
2137
2101
2087
2081
2054
2039
2038
2026
2010
1954
1945
1932
1916
1913
1147
3385
3278
3248
3222
2979
2764
2693
1038
3667
3552
3559
3533
3475
3462
3943
3845
3831
3611
3517
3438
3672
3573
3656
3966
3852
3563
3873
3625
3621
3604
3596
3888
3847
3692
3480
3449
3948
3929
3858
3841
3683
3779
3938
3830
3800
3780
3756
3734
3618
3586
3512
3456
3942
3927
3738
3693
3688
3684
3971
3950
3633
3525
3978
3968
3962
3944
3930
3908
3884
3842
3824
3796
3697
3687
3548
3545
3448
3440
3872
3677
3501
3437
3179
3011
2677
1486
1031
1890
1417
1498
923
616
584
1401
1346
1562
956
2642
2608
2592
2542
2533
2530
2508
2501
2496
2420
2399
2385
2372
2351
2347
2336
2333
2332
2327
2315
2293
2292
2279
2247
2223
2198
2196
2191
2183
2135
2068
2065
2053
2047
1941
1055
3861
3454
472
427
666
372
532
1455
912
679
639
449
681
677
672
671
668
664
662
661
660
659
658
657
655
653
650
648
640
635
628
626
625
623
622
621
617
615
611
605
600
595
592
589
575
574
573
396
367
444
610
435
354
565
489
458
403
448
521
478
426
1912
34
609
569
549
548
360
495
630
512
620
352
676
652
634
614
546
502
490
413
359
683
570
432
680
590
587
523
439
425
391
536
375
471
572
571
560
558
556
547
543
540
539
537
535
533
531
530
529
528
522
519
510
508
504
501
491
481
477
474
473
470
467
466
463
455
451
450
447
445
442
437
421
418
415
411
410
405
401
390
387
383
382
371
365
364
362
361
358
355
349
2838
38
16
275
301
217
327
222
54
140
164
117
339
120
341
306
195
78
85
102
63
201
299
345
338
311
60
71
144
116
143
131
111
295
29
45
39
476
351
166
1
133
284
197
139
101
321
293
129
22
95
62
337
159
135
36
318
148
146
50
27
165
121
72
281
251
269
189
163
172
103
167
246
7
278
286
270
296
177
99
136
122
55
23
268
250
320
242
204
92
272
238
213
207
203
132
118
82
21
310
151
115
322
298
280
265
161
128
104
79
40
13
331
297
236
199
130
88
73
65
51
31
346
302
266
249
187
94
80
53
227
41
17
169
315
304
291
231
224
186
185
105
66
30
264
245
110
235
156
323
283
170
343
149
20
1759
457
505
430
357
518
456
452
440
422
397
424
554
516
380
350
1558
1443
1162
900
1023
1625
1111
1775
1247
1228
1103
2643
2629
2617
2598
2588
2582
2555
2547
2512
2511
2510
2509
2498
2491
2475
2451
2319
2294
2289
2282
2268
2267
2254
2246
2199
2189
2187
2176
2174
2151
2149
2148
2133
2132
2127
2125
2102
2071
2052
2042
2032
2028
2007
1947
1920
1414
1780
1521
1419
1814
1731
1174
1061
907
1008
1631
1490
1141
1005
3289
3111
2707
1697
3263
1561
990
1510
3361
3355
3319
2938
2903
2822
2725
1240
1840
1090
985
965
1089
951
1905
1564
1698
1421
1599
1762
1526
1161
1088
1154
935
3386
3245
3205
3165
3164
3079
3019
2883
2734
2678
1684
1461
1194
1874
1362
1704
1463
1136
915
3406
3331
3304
3168
3100
2962
2892
2752
629
1726
1013
987
1045
1220
1444
1747
1787
