0
885
4030
2470
1560
233
4015
3589
749
3691
2168
2269
613
70
1119
287
3846
3875
2842
904
356
3935
43
192
892
205
2740
3560
4028
4010
3983
4037
155
228
3141
1147
1233
1162
1046
3582
3990
1854
3361
2792
624
572
1996
1071
1301
3453
3432
267
279
3729
3885
2595
3389
74
411
4011
1690
2952
1027
1701
3575
371
2922
209
3856
383
3709
3953
292
202
208
321
12
15
532
4035
283
90
3798
1466
3282
3597
3865
859
699
160
1264
883
3801
253
550
564
1581
2860
1252
154
91
891
386
286
3467
505
335
3037
3310
206
2195
2527
234
3570
499
110
1034
3502
607
2166
2457
3748
447
336
114
1383
3974
3751
2094
384
1208
610
2321
274
3128
3088
351
120
61
301
3922
1490
642
125
3230
264
201
245
8
259
182
166
377
594
1253
2565
467
2691
1586
1194
1492
1224
3746
71
230
256
4036
4018
3981
3999
4027
4033
3986
3985
3994
4005
4021
4034
4032
4024
4006
3993
3992
3987
4019
4004
4000
4017
3995
3996
3998
4026
3988
4020
3980
4014
4009
4002
3997
3982
4038
4031
4023
4013
4016
3991
4007
3989
4025
4022
4003
4029
4001
3984
4008
667
4012
866
895
879
871
802
816
707
767
867
894
888
878
881
735
822
725
798
880
790
723
722
710
729
794
845
789
788
732
714
886
876
791
809
736
691
704
836
701
833
768
716
792
740
785
756
803
821
733
760
721
695
690
819
890
829
770
763
761
720
715
843
831
797
793
787
765
893
889
887
884
874
872
870
869
864
863
861
860
858
805
800
753
727
687
726
839
771
712
799
848
827
817
810
784
779
778
774
769
766
759
747
731
711
696
838
834
823
745
718
706
688
694
728
856
855
854
853
851
850
849
847
846
844
842
841
840
832
830
826
825
824
820
818
814
813
811
808
807
806
804
796
795
786
783
782
781
780
777
775
773
772
764
762
758
755
754
752
751
748
746
743
742
741
739
738
734
730
724
719
713
709
708
705
703
702
698
697
693
692
689
835
828
815
812
737
686
837
776
873
882
877
875
750
852
757
717
700
744
868
801
865
857
2817
3055
2263
3147
2886
3808
3844
3537
3781
2621
2431
2421
2899
2776
3372
3127
3336
3066
2805
2949
3427
3392
2998
3180
3039
3044
3143
3094
3414
3091
2834
3283
3008
2982
2709
3095
3139
2963
140
294
100
454
2990
2801
3266
3048
3246
2889
2979
2923
2682
2721
3334
3068
3215
3281
3429
3349
3006
2980
2900
3925
3908
3799
3807
3899
3965
3963
3879
3653
3641
3681
3694
3805
3724
3544
3477
3519
3910
3836
3465
3494
3614
3723
3699
3638
3616
3976
3937
3895
3946
3447
3665
3652
3795
3887
3975
3492
3777
3915
3823
3630
3443
3936
3876
3827
3815
3588
3612
3583
3603
3780
3796
2528
2375
2437
3268
3367
3092
3190
3199
3227
3126
3325
3382
2879
3374
2942
2710
2733
3159
2892
3315
2961
3422
2995
3194
3402
3376
2795
2667
2843
3269
2726
3189
3216
3105
3053
3337
3156
3251
3131
2930
3296
2816
2802
3235
2876
2799
3371
3225
3208
3333
2774
3329
3155
3028
2950
2765
3398
3197
2871
2846
3009
2783
3036
2891
3109
2840
2686
3244
2870
3081
2983
2819
2735
3416
3308
3415
3207
2758
2739
2713
3153
2929
2761
2907
3063
3012
2933
3401
3338
3303
2689
3206
2811
3342
3274
3042
3114
3052
3145
2749
2751
3384
3354
3271
3430
2978
2663
3286
3238
3237
3193
3184
2695
3129
3067
3220
3213
2945
2920
3394
3010
2837
3196
3378
2672
3347
2712
3135
2874
3428
3130
3379
3312
3211
3087
3228
3158
3425
3157
3120
2675
3177
3029
2987
2977
2931
2815
2679
2958
3424
2858
2959
2924
3255
2820
2812
2960
2854
2852
2769
2756
2746
2664
2915
2911
2908
2897
2867
2800
2680
3050
2832
3419
3345
3148
3116
3115
3106
3041
3007
2785
2780
3287
2902
2928
2743
2738
2731
3335
3167
3142
3108
2985
2777
3352
3276
3209
3191
3188
3110
3107
3058
3046
2853
2830
2687
3393
3264
3171
3146
2859
2723
2778
2976
2791
3234
3117
3022
2969
2782
2934
3202
3085
2974
2919
2806
3172
2875
2823
2737
3417
3400
3137
3104
3096
2994
2993
2906
2809
2741
2681
3390
3348
3232
3149
3040
2986
2927
2925
2896
2757
2755
2745
2705
2669
3381
3267
3192
3140
3017
3004
2864
2763
2706
2962
2824
3423
3318
2972
2703
2699
3357
3178
3138
3134
3093
2702
3426
3387
3284
3174
3098
3090
3084
3064
3033
2917
2905
2877
3328
3326
3299
3249
3224
2955
151
93
273
328
152
4
86
46
251
127
108
288
190
307
222
263
333
20
293
337
28
149
2
77
124
217
189
89
250
3320
3160
2936
2753
3411
3344
2728
3253
2965
2932
3069
3420
3375
3340
3261
3182
3154
3060
2939
2914
2828
2661
2865
3185
3397
3316
3280
3252
3239
3049
3035
2849
2770
2722
3405
2984
2921
2768
2685
3018
2898
2841
2696
2941
2831
3100
2869
1055
2784
3434
3360
3353
3350
3288
2989
2793
2748
2720
2727
3373
3306
3289
2711
3275
2878
2856
2690
3380
3356
3331
3285
3233
3203
3176
3162
3086
3079
3077
3076
2829
2730
2724
2662
3366
3302
3198
3118
2894
2836
2719
3385
3403
3082
3043
2863
2844
3214
2848
2790
1038
3165
3164
2964
2826
3011
929
1905
1150
1151
1627
1477
1251
1546
3412
3406
3168
2775
923
1865
3763
3909
3770
3530
3773
3961
3487
3929
3828
3760
3920
3655
3561
3591
3486
3661
3625
3533
3716
3647
3934
3813
3700
3539
3943
3718
3697
3736
3774
3569
3753
3931
3671
3882
3632
3906
3896
3466
3941
3752
3510
3772
3750
3949
3727
3445
3567
3473
3874
3871
3923
3789
3757
3675
3571
3840
3762
3651
3563
3812
3955
3554
3806
3585
3839
3864
3529
3918
3776
3696
3857
3819
3628
3667
3639
3493
3804
3578
3565
3867
3498
3833
3728
3824
3635
3979
3916
3504
3947
3866
3878
3834
3821
3483
3464
3927
3888
3847
3764
3732
3674
3747
3553
3472
3912
3868
3541
3538
3738
3711
3634
3715
3713
3666
3608
3883
3562
3957
3701
3860
3574
3462
3611
3452
3706
3705
3945
3881
3855
3826
3648
3643
3767
3507
3552
3894
3580
3831
3788
3785
3755
3654
3642
3557
3514
3480
3817
3707
3658
3662
3606
3771
3446
3592
3566
3439
3517
3969
3924
3903
3869
3829
3822
3794
3758
3620
3509
3458
3967
3960
3766
3843
3719
3690
3905
3814
3624
3549
3825
3676
3838
3731
3730
3604
3528
3527
3518
3485
3850
3898
3830
3613
3594
3695
3523
3516
3783
3587
3809
3759
3902
3966
3940
3938
3930
3852
3845
3543
3484
3810
3601
3535
3532
3524
3714
3559
3456
3972
3956
3900
3768
3726
3602
3568
3474
3469
3645
3564
3534
3944
3703
3790
3672
3605
3497
3841
3737
3586
3977
3791
3778
3740
3735
3710
3685
3663
3615
3599
3526
3521
3508
3505
3470
3455
3851
3684
3600
3596
3525
3962
3886
3877
3556
3540
3501
3797
3721
3633
3621
1144
1045
2439
1956
2230
2493
2424
2034
1934
2357
2618
2013
2270
2162
2130
2531
2288
164
79
3418
3210
2946
2918
2847
3436
3435
3433
3431
3421
3413
3410
3408
3407
3404
3399
3396
3395
3391
3388
3383
3377
3370
3369
3368
3365
3364
3363
3362
3359
3358
3351
3346
3343
3341
3339
3332
3330
3327
3324
3323
3322
3321
3317
3314
3313
3311
3309
3307
3305
3304
3301
3300
3298
3297
3295
3294
3293
3292
3291
3279
3277
3273
3272
3270
3262
3260
3259
3258
3257
3256
3254
3250
3247
3243
3242
3241
3240
3236
3231
3229
3226
3223
3222
3221
3219
3218
3217
3212
3204
3201
3200
3195
3187
3186
3181
3170
3169
3166
3163
3161
3152
3151
3150
3144
3136
3133
3132
3124
3123
3122
3121
3119
3113
3112
3111
3103
3102
3101
3099
3097
3089
3083
3080
3078
3075
3074
3073
3072
3071
3070
3065
3061
3059
3056
3054
3051
