107
777
4023
3439
911
3846
245
3984
4010
3989
877
832
702
624
3407
154
3875
1586
70
183
1002
240
2860
1362
207
448
351
3742
3939
1295
1486
2431
3749
229
3441
3217
3771
2113
2255
1050
3571
2548
3720
8
3268
3746
4012
3647
3716
875
4016
4029
3987
4001
4022
3990
4007
4005
860
3993
891
841
859
4004
692
757
775
858
884
864
872
851
782
808
834
3031
335
3230
2842
668
18
3570
918
1581
608
602
447
3798
3935
3453
2569
1145
674
3183
1096
638
90
282
642
241
3885
255
52
179
443
2483
1394
379
2541
1326
49
2168
35
160
316
267
648
234
1967
3959
1755
3282
3732
1690
383
2481
61
301
499
3147
76
3055
228
1353
3413
1996
2798
3597
1034
2714
3537
3003
3897
3787
3619
3946
1657
206
3953
3781
3372
996
3882
498
3965
673
3606
3143
3180
1057
1651
1969
3290
2963
652
2245
3745
2980
2671
3864
1476
34
562
27
3795
77
3477
1777
32
2281
3932
1961
3432
296
3904
2358
3936
3044
3161
3218
3504
937
3053
3551
51
3941
3322
478
1053
208
333
1016
100
1162
923
1403
3197
1203
3712
3572
3308
3522
2013
2834
2252
2316
433
3164
3388
2942
3063
268
2961
2878
1463
3594
1384
1892
3292
1090
2453
2997
3663
2957
2455
914
3967
2682
2170
2735
516
938
2558
1564
187
171
3562
87
5
3662
1527
3490
3621
1218
3446
2439
1896
3531
3616
3899
3905
3585
2861
2632
2301
198
167
3908
2528
2034
2487
2375
3632
1956
3923
3700
3813
3789
564
2094
441
3751
3844
2421
190
91
219
110
2437
264
3699
192
3127
201
2817
3801
2106
454
2595
1208
4015
4024
732
725
776
879
893
881
871
894
3985
594
4011
3799
3638
364
3952
4036
857
4032
3983
4006
4028
3999
4025
4035
4008
883
3996
865
3988
801
892
3991
4033
4027
4003
3992
4034
4037
868
4019
4020
4017
4002
4031
4009
4021
3995
3986
4018
750
3997
4026
4013
4000
3981
749
4030
3998
4014
744
3982
3994
4038
3980
785
699
852
870
717
854
874
887
855
743
790
873
802
895
867
788
866
704
825
885
735
846
876
812
740
767
869
721
886
691
798
786
700
796
791
733
882
890
878
880
746
861
689
761
888
833
789
826
729
813
811
690
816
710
837
794
756
715
821
758
844
722
714
806
742
850
809
765
804
843
753
751
716
736
863
707
701
748
755
709
795
839
762
723
768
836
799
889
752
810
792
711
803
720
737
730
831
818
822
712
759
698
686
688
694
695
696
697
703
705
713
719
724
726
728
745
747
766
773
780
781
784
800
805
815
819
820
823
824
827
828
829
830
842
853
856
708
760
774
687
764
840
718
739
754
797
814
787
817
849
727
738
770
847
731
845
838
793
734
807
835
706
779
783
848
741
772
778
763
693
769
771
3856
3974
287
43
3071
2596
11
2269
209
585
114
12
3820
15
3650
215
3709
1466
607
1206
3853
3729
292
210
2470
358
3451
1386
37
2079
74
1834
2457
1119
2195
613
550
1560
3748
244
256
581
33
233
42
145
205
1224
286
3037
468
47
401
377
2792
2691
1270
2788
182
1854
3808
3807
1046
1027
216
2857
253
1627
2382
2814
157
81
97
3922
411
279
1430
1253
138
3942
356
3688
1693
1065
2704
1105
1071
386
2740
3134
1395
1262
3408
153
3125
3879
3854
305
1558
1233
71
1176
3006
3704
1276
3589
155
293
1760
899
112
904
2527
3744
3717
3691
1252
572
3560
247
3733
1194
327
453
2178
2204
3074
667
3816
2975
174
294
2808
2774
3954
467
2922
321
3811
193
384
1546
2952
307
3575
191
3121
3582
3689
336
660
2565
552
6
3955
656
95
3375
3467
2380
1890
2442
